742	721	26	73
741	721	25	71
741	720	24	74
738	721	26	73
738	720	24	76
735	719	24	72
734	720	26	72
733	720	28	77
733	719	28	80
736	719	28	82
740	719	27	86
749	716	27	85
756	717	26	86
766	717	23	80
777	716	22	78
784	718	23	71
788	716	26	74
791	716	25	81
796	715	23	83
800	715	23	85
801	716	24	82
801	716	26	78
801	715	25	78
801	716	24	80
800	716	25	79
798	717	26	84
797	717	26	86
795	717	25	85
794	717	25	82
793	718	26	80
792	717	24	83
790	717	23	85
787	717	25	86
784	718	27	87
783	717	25	88
779	716	28	91
779	718	26	82
777	718	26	85
775	718	27	84
773	719	25	83
772	719	26	84
770	719	26	88
767	720	29	86
767	720	26	83
765	721	27	79
765	721	27	75
765	720	27	78
766	720	27	78
773	719	24	77
779	719	24	75
788	719	24	71
798	718	26	76
808	717	27	77
818	716	27	79
828	716	25	83
835	717	24	73
840	717	26	75
844	717	29	76
848	719	27	75
851	718	25	74
852	718	26	74
854	718	24	75
854	718	25	77
855	718	24	74
855	718	24	73
857	719	25	71
860	718	26	74
865	718	24	74
868	719	22	75
871	720	23	73
874	720	24	72
875	720	23	70
877	720	24	70
878	719	23	71
877	720	24	71
877	720	24	70
876	721	24	68
877	720	22	71
874	721	25	69
874	721	24	72
874	721	23	72
875	722	26	70
879	720	23	73
881	721	26	71
885	721	24	73
890	721	22	71
892	722	23	71
896	722	22	71
898	722	22	69
899	722	23	72
900	721	22	70
900	722	22	69
900	722	21	71
899	722	20	71
899	721	20	70
898	722	22	69
899	722	21	69
902	722	21	69
908	722	20	69
915	721	20	68
920	722	20	68
927	721	21	70
930	721	23	69
933	720	26	71
936	719	26	71
936	720	28	69
936	722	31	67
937	722	29	67
936	723	30	66
936	723	29	66
933	724	31	66
931	725	31	66
930	725	30	65
931	725	28	63
932	724	29	61
937	724	25	60
945	723	25	60
952	721	24	66
958	718	23	65
965	716	21	68
970	713	21	75
973	712	20	75
975	712	19	78
975	712	19	78
977	713	18	72
975	712	18	68
967	714	22	62
965	715	22	62
960	713	23	65
955	711	27	73
951	713	30	75
946	715	31	74
945	715	28	75
943	713	26	74
940	712	25	74
939	713	24	71
936	714	26	72
934	715	24	74
931	716	24	69
932	717	21	65
929	719	21	66
929	719	21	69
926	720	21	67
920	722	27	62
911	722	35	67
910	724	33	65
911	723	24	60
907	725	22	57
905	727	22	55
903	728	22	57
900	729	24	60
899	729	24	58
897	731	23	62
896	729	23	61
893	729	25	63
892	731	24	58
891	731	24	63
892	733	23	60
890	735	25	56
888	736	26	56
890	737	23	57
890	739	22	55
889	739	22	58
890	739	21	57
889	739	20	57
888	740	21	54
888	742	21	57
887	744	23	61
887	739	22	64
886	738	25	69
886	735	27	77
888	732	26	78
890	727	25	81
892	722	23	78
893	719	23	78
895	715	22	81
897	713	23	76
899	711	21	79
900	708	22	82
901	711	21	78
903	713	20	75
904	712	21	76
904	714	21	75
906	715	21	74
908	716	19	70
909	718	18	66
910	720	18	62
911	722	17	59
913	725	17	55
912	728	17	53
913	731	17	52
913	734	18	55
914	733	16	49
913	733	16	49
912	734	16	45
912	733	17	45
909	732	19	48
907	729	22	52
905	729	23	55
904	727	23	52
903	727	24	52
903	726	21	53
902	725	21	53
901	726	21	53
900	724	21	56
899	726	20	56
899	726	20	59
898	724	20	65
896	721	21	66
894	721	23	67
892	721	22	66
890	720	22	69
888	720	24	70
886	721	25	73
885	721	22	75
883	722	22	72
881	721	21	71
879	718	22	79
877	716	21	86
875	715	20	81
871	713	21	82
870	711	19	82
866	710	22	82
863	713	23	79
861	714	24	75
859	716	25	72
857	717	26	73
856	718	25	74
855	717	24	71
854	716	24	70
852	716	24	71
852	716	24	75
853	716	22	76
852	715	22	81
850	715	23	81
850	715	23	80
848	714	26	81
849	715	24	76
850	718	22	74
852	718	21	70
852	720	19	69
853	722	21	66
854	723	20	64
855	725	19	59
854	725	20	57
855	726	20	53
855	728	20	52
854	729	22	52
855	729	21	51
853	733	21	53
853	729	23	56
852	730	22	52
852	734	26	55
852	730	23	56
852	729	22	55
850	731	24	62
850	730	24	69
851	729	22	72
852	730	20	74
850	729	22	71
850	729	22	73
849	730	22	77
850	731	22	80
850	732	22	83
852	730	23	84
855	734	22	88
854	735	25	88
856	735	24	90
856	733	23	94
856	732	23	96
857	733	23	91
858	734	25	90
860	735	22	85
862	737	22	80
864	736	21	77
866	740	21	78
866	739	20	81
866	739	19	82
866	739	18	85
866	741	18	83
865	743	21	86
865	742	23	89
869	746	23	86
872	748	22	81
872	750	23	83
873	749	21	79
872	748	21	79
874	749	21	81
874	748	21	83
877	748	21	89
877	748	20	92
884	756	20	89
885	759	24	90
888	761	17	82
884	760	21	81
885	760	24	89
885	762	23	92
887	761	25	95
890	763	24	94
893	764	23	91
895	764	23	88
899	767	23	83
899	766	22	89
898	765	24	81
900	765	24	82
904	767	22	83
906	771	23	77
905	770	26	78
909	773	25	76
907	771	27	83
906	771	26	84
907	771	24	88
910	774	29	89
910	775	28	95
912	776	29	99
913	774	29	102
914	774	29	102
917	776	27	99
918	775	28	105
921	775	24	102
920	777	25	106
921	777	26	104
922	777	25	104
922	788	26	98
924	790	26	90
926	789	27	90
926	791	28	90
927	789	28	89
924	788	33	91
926	785	32	93
928	784	31	97
929	784	30	97
931	785	30	96
930	785	33	97
933	786	30	93
943	787	24	86
946	787	19	86
945	787	21	90
948	789	22	85
948	791	21	87
949	792	22	88
950	793	23	87
951	796	25	82
951	796	27	93
951	797	28	92
953	798	28	97
954	799	27	94
956	800	28	94
959	801	26	92
961	802	24	88
963	801	23	88
966	801	22	89
967	802	24	96
968	802	24	93
969	804	24	95
971	806	24	96
973	806	23	91
974	809	24	95
975	808	24	98
976	811	25	96
978	812	25	105
978	812	27	104
979	814	29	107
981	813	29	112
983	813	26	110
986	814	26	113
988	814	24	109
989	815	24	110
993	816	21	101
992	817	25	96
993	819	25	87
995	821	25	93
994	823	28	92
995	824	28	96
994	824	30	101
994	826	34	102
996	825	32	103
998	827	32	104
996	828	35	111
1000	829	32	107
1002	831	29	98
1006	833	26	95
1009	834	26	92
1011	835	24	94
1012	836	26	98
1012	838	27	110
1015	838	26	119
1015	840	29	117
1018	842	27	115
1019	844	26	110
1019	847	27	106
1020	848	28	109
1021	849	29	108
1022	852	30	106
1023	854	30	108
1026	852	28	108
1028	855	28	110
1029	854	27	107
1029	855	28	103
1032	857	25	101
1034	857	25	98
1035	858	24	98
1037	861	26	98
1035	861	26	95
1033	865	33	95
1033	865	33	99
1037	866	30	102
1038	868	28	94
1040	871	30	95
1037	872	33	88
1039	874	33	90
1044	874	29	89
1046	875	28	90
1044	876	31	90
1049	877	25	92
1050	878	27	93
1050	879	29	91
1053	880	28	87
1055	881	25	90
1054	883	28	91
1054	886	30	95
1059	886	27	97
1059	886	26	98
1059	889	27	91
1061	890	27	93
1062	891	28	101
1062	893	29	109
1063	893	29	119
1064	893	29	114
1065	893	29	110
1068	894	28	109
1068	892	26	114
1071	894	27	122
1073	895	27	117
1074	894	25	112
1075	896	27	110
1074	900	29	98
1075	901	28	102
1075	903	28	108
1075	907	29	98
1078	907	29	101
1078	911	32	99
1078	913	33	102
1081	916	31	99
1084	917	30	98
1083	918	32	96
1086	918	29	98
1088	920	28	96
1089	922	30	97
1090	922	30	99
1091	924	30	97
1094	925	28	93
1094	927	30	90
1096	928	29	91
1096	930	30	101
1099	931	28	102
1100	934	30	103
1101	936	31	98
1101	938	32	107
1104	938	31	107
1104	940	31	105
1107	940	31	105
1109	941	31	102
1111	942	31	102
1112	943	31	102
1114	944	30	99
1116	945	30	99
1117	946	30	98
1119	947	31	97
1118	949	33	99
1120	950	31	101
1120	951	32	102
1121	952	35	107
1122	953	35	106
1121	955	38	108
1123	959	38	107
1126	959	36	106
1127	959	36	104
1128	960	38	111
1134	963	30	102
1135	964	32	100
1137	965	31	108
1139	966	30	108
1142	966	28	104
1144	970	28	101
1146	971	27	99
1147	973	27	97
1148	975	27	97
1148	979	32	98
1150	980	30	98
1152	980	30	98
1154	982	30	97
1154	985	31	93
1156	984	32	96
1158	985	32	90
1164	985	27	92
1167	986	26	89
1169	987	26	81
1169	988	28	82
1170	989	29	79
1172	988	29	85
1172	989	30	86
1173	990	31	86
1174	990	33	89
1174	990	37	90
1175	991	37	88
1178	992	36	85
1180	992	35	84
1181	992	39	87
1181	992	41	85
1184	992	39	85
1187	990	35	86
1189	990	35	84
1192	988	35	87
1195	986	31	85
1197	986	32	88
1201	985	29	90
1203	984	30	88
1204	983	29	91
1205	983	29	87
1208	981	27	85
1209	981	27	91
1209	979	28	98
1210	974	29	101
1212	975	29	100
1210	974	32	96
1215	972	31	98
1214	970	34	98
1215	968	32	99
1220	965	31	101
1223	961	27	102
1226	959	27	99
1228	957	27	100
1228	954	27	99
1230	951	26	98
1231	949	28	98
1231	946	29	98
1233	944	28	96
1233	942	30	95
1234	941	30	95
1236	936	30	99
1235	934	32	102
1236	930	33	103
1238	929	34	101
1238	926	36	102
1239	923	35	101
1244	921	31	99
1245	918	31	98
1245	914	31	99
1250	910	27	97
1251	907	27	96
1252	903	27	97
1255	898	24	95
1254	896	27	95
1255	891	25	89
1255	888	27	92
1255	884	29	83
1256	881	28	87
1257	873	28	90
1257	871	29	91
1258	865	30	96
1258	857	31	97
1260	852	31	103
1262	850	30	98
1261	842	31	100
1262	838	30	105
1263	835	31	97
1263	834	31	92
1262	831	31	91
1262	828	32	87
1262	826	32	83
1262	823	33	87
1263	821	32	88
1263	821	31	85
1265	818	30	89
1266	817	29	87
1266	817	28	86
1266	816	30	86
1267	817	26	82
1268	816	27	83
1269	814	26	84
1271	812	25	92
1273	812	24	90
1271	813	26	90
1275	815	23	91
1274	817	25	87
1275	818	24	76
1277	819	24	73
1277	819	23	74
1277	820	24	73
1279	820	23	74
1279	825	25	72
1280	826	24	70
1279	825	26	70
1279	828	24	65
1280	827	25	64
1280	828	25	69
1281	828	24	70
1280	826	24	72
1279	824	24	76
1280	823	25	78
1280	821	22	75
1278	819	25	78
1279	818	22	72
1279	817	23	73
1277	816	21	69
1279	815	20	71
1277	813	21	73
1275	812	23	75
1272	812	24	74
1268	811	28	77
1268	810	28	80
1267	811	28	78
1268	810	27	81
1266	810	27	83
1266	810	28	80
1265	810	27	80
1264	809	30	82
1264	809	29	82
1263	807	28	86
1260	806	28	84
1260	806	28	80
1261	804	27	84
1257	803	27	79
1258	802	28	76
1258	801	26	76
1258	799	25	75
1256	798	27	74
1256	797	25	74
1255	797	25	75
1253	797	26	77
1252	796	26	75
1252	796	27	73
1253	795	26	75
1252	794	26	76
1252	794	27	73
1252	793	27	76
1251	792	28	77
1252	791	26	75
1251	790	27	75
1251	789	26	67
1252	789	26	69
1252	788	25	72
1252	786	25	73
1252	786	25	73
1252	785	25	75
1251	784	26	76
1251	783	26	79
1251	783	27	76
1250	782	27	75
1251	781	26	72
1250	780	25	78
1250	778	25	77
1250	777	24	74
1249	777	25	72
1249	774	25	76
1250	773	24	75
1249	772	26	76
1249	771	25	75
1249	769	24	75
1249	769	24	74
1249	768	24	74
1250	768	25	72
1250	767	24	71
1249	766	24	71
1250	765	24	71
1250	765	26	72
1250	764	25	76
1251	764	23	71
1251	763	25	72
1251	762	24	71
1251	761	24	71
1251	759	24	75
1251	759	26	76
1252	757	26	72
1253	755	24	72
1253	756	24	70
1253	754	25	72
1253	753	25	75
1254	753	24	74
1254	753	23	73
1253	752	24	72
1254	751	22	72
1253	751	23	72
1252	748	24	72
1252	749	23	69
1252	746	23	69
1250	744	25	71
1251	744	24	70
1249	744	25	68
1250	743	23	72
1250	742	22	69
1248	742	22	69
1247	740	25	72
1245	740	26	71
1245	739	26	71
1247	738	21	72
1247	738	22	71
1246	738	22	68
1245	738	24	68
1245	736	24	72
1244	736	24	73
1244	737	23	69
1243	736	23	69
1243	734	22	72
1242	733	22	72
1242	732	23	70
1241	732	23	68
1241	732	24	66
1242	731	22	66
1241	731	22	70
1239	730	24	72
1239	730	23	68
1238	731	24	69
1238	730	23	70
1238	731	23	70
1238	731	22	70
1238	731	22	71
1237	731	23	71
1237	732	22	70
1235	732	24	70
1234	731	24	72
1234	731	24	72
1234	731	24	71
1233	731	23	71
1232	731	23	69
1233	732	24	67
1230	733	24	67
1231	734	25	66
1231	734	24	64
1230	735	23	66
1230	734	22	62
1229	735	22	65
1228	735	25	64
1228	736	20	66
1227	736	22	66
1226	736	23	65
1227	736	22	66
1226	736	22	65
1226	737	23	62
1225	736	23	64
1225	737	22	64
1224	736	23	68
1225	736	22	69
1225	738	22	66
1225	738	21	67
1224	739	21	71
1223	740	23	71
1223	741	23	71
1221	742	24	70
1220	743	24	68
1218	743	26	71
1217	744	26	72
1217	746	26	70
1216	746	26	72
1217	746	25	74
1216	748	24	70
1217	747	22	74
1216	750	23	71
1216	750	23	70
1216	751	20	70
1214	752	22	70
1215	751	21	70
1214	751	21	74
1214	751	21	70
1214	750	21	72
1214	755	21	77
1214	752	20	74
1213	759	21	78
1213	762	21	78
1213	762	21	72
1211	766	22	68
1211	768	22	70
1210	768	21	69
1209	768	22	69
1208	769	22	70
1207	770	21	68
1205	770	23	64
1205	769	23	65
1204	770	23	69
1203	770	23	67
1202	771	22	69
1200	770	24	69
1200	769	24	72
1199	769	23	72
1199	768	23	76
1195	769	25	83
1193	766	27	94
1194	765	24	86
1190	763	28	80
1191	765	23	73
1191	764	23	73
1190	762	22	70
1189	763	24	69
1190	763	21	67
1192	762	20	68
1191	762	21	69
1190	762	21	71
1190	762	20	72
1192	761	19	69
1189	760	19	71
1190	761	20	70
1190	761	19	69
1189	761	20	69
1189	761	21	69
1188	760	20	70
1190	759	21	73
1188	759	22	73
1192	759	19	72
1190	757	20	73
1191	759	22	72
1189	758	24	73
1192	758	22	75
1189	759	26	75
1190	757	27	78
1191	758	26	76
1194	758	22	72
1192	761	25	71
1194	761	26	69
1195	761	24	69
1193	761	26	67
1194	761	26	68
1195	762	26	67
1196	760	26	69
1197	763	26	68
1196	762	27	70
1197	762	27	71
1199	760	26	72
1199	762	27	70
1199	762	28	73
1200	763	27	70
1201	763	25	70
1201	762	26	73
1202	762	26	76
1203	763	26	74
1203	762	26	74
1204	764	24	71
1204	763	25	69
1204	764	25	70
1206	764	22	71
1206	765	22	75
1206	765	23	73
1205	765	24	70
1205	766	23	75
1208	767	22	72
1208	766	22	81
1209	765	22	77
1208	765	23	73
1208	765	23	75
1208	766	24	75
1208	766	25	78
1210	767	24	78
1210	766	23	80
1210	766	25	80
1210	767	24	78
1211	768	24	77
1211	769	26	74
1211	768	26	78
1212	769	26	78
1212	767	28	79
1214	768	25	77
1214	769	27	77
1215	769	25	72
1215	769	26	71
1216	769	26	73
1217	768	26	75
1218	771	25	72
1219	769	25	73
1219	770	26	74
1220	770	25	77
1220	771	25	73
1221	772	25	73
1222	771	25	72
1221	773	28	68
1222	774	27	68
1223	772	25	75
1225	772	24	74
1225	773	24	77
1225	773	27	74
1225	773	26	74
1227	772	23	79
1227	773	25	79
1229	772	23	79
1229	772	24	78
1229	772	25	76
1230	773	24	76
1230	772	25	78
1231	772	26	78
1232	772	25	81
1233	773	26	76
1234	773	25	80
1236	773	23	80
1237	775	23	78
1238	775	24	81
1239	775	25	80
1241	775	26	82
1243	774	23	81
1244	775	23	81
1246	775	22	79
1246	776	23	79
1247	775	24	79
1247	775	25	80
1249	776	23	77
1252	776	21	76
1253	777	22	77
1254	777	21	78
1255	779	22	79
1255	779	22	79
1258	780	23	77
1259	781	22	77
1261	782	22	79
1262	783	22	74
1263	783	24	79
1265	781	22	80
1268	783	21	79
1271	782	19	81
1272	782	19	80
1273	784	20	80
1274	784	20	79
1277	783	20	81
1278	784	21	80
1279	786	21	77
1281	785	22	80
1280	786	23	80
1283	786	21	77
1282	788	26	75
1283	787	26	76
1284	788	26	76
1286	786	26	77
1288	785	26	78
1289	785	26	77
1291	784	26	80
1292	783	26	82
1296	784	21	81
1297	782	22	80
1299	784	22	75
1301	784	19	70
1302	784	19	70
1302	789	21	69
1302	789	24	72
1305	785	21	78
1306	784	22	79
1306	786	24	76
1307	786	26	75
1309	785	26	77
1309	784	26	80
1309	784	28	80
1311	784	28	80
1313	784	27	80
1314	784	28	81
1316	784	28	78
1317	784	28	77
1320	784	27	79
1321	784	27	77
1321	785	31	80
1325	784	29	81
1326	784	31	82
1329	786	28	80
1330	785	28	78
1330	786	30	77
1330	785	30	78
1331	785	29	79
1331	785	30	79
1333	784	28	80
1333	785	29	78
1332	783	30	80
1332	783	28	81
1332	783	28	82
1333	782	27	80
1332	783	27	76
1332	781	27	79
1331	781	28	79
1330	780	28	79
1331	780	27	77
1331	779	28	82
1332	779	28	82
1335	779	28	77
1340	780	28	75
1347	779	27	76
1357	781	28	78
1369	782	29	73
1382	784	31	77
1402	787	31	74
1427	788	28	77
1451	792	27	71
1476	796	28	71
1498	799	26	79
1519	803	29	81
1537	807	31	81
1552	808	30	80
1565	810	29	81
1575	812	27	75
1580	814	30	75
1585	813	32	80
1587	814	33	84
1591	813	32	81
1593	812	32	82
1594	813	31	79
1595	814	32	79
1593	813	35	76
1592	813	35	75
1590	813	39	78
1584	814	46	76
1589	813	39	77
1588	811	36	79
1589	811	35	77
1590	811	34	79
1591	811	33	78
1594	810	34	81
