1199	929	28	96
1198	930	27	92
1195	932	30	85
1194	931	28	83
1192	931	29	80
1191	932	27	81
1187	931	29	80
1185	930	29	81
1182	931	30	78
1181	929	28	78
1177	932	31	82
1176	929	28	82
1174	929	27	81
1171	929	29	91
1168	928	27	84
1165	927	29	84
1163	932	30	89
1157	927	33	96
1149	927	40	87
1150	927	37	93
1151	929	35	89
1151	928	32	84
1148	928	34	90
1147	928	31	86
1146	929	31	86
1145	930	28	83
1143	930	27	87
1141	930	26	81
1139	930	26	83
1138	930	25	82
1135	930	26	85
1131	930	28	83
1128	929	31	90
1127	929	31	95
1126	928	31	93
1124	928	31	88
1118	926	36	91
1116	926	38	91
1116	926	37	91
1116	926	35	87
1115	924	33	89
1113	923	34	91
1111	922	36	95
1108	923	37	93
1106	922	39	95
1103	924	42	93
1103	922	39	93
1102	923	39	94
1096	921	42	96
1093	920	41	99
1091	919	41	101
1090	920	41	99
1089	920	39	99
1088	918	38	100
1089	917	36	102
1086	917	37	103
1086	918	36	96
1085	916	34	98
1085	915	33	98
1085	914	32	96
1085	913	31	94
1084	913	31	89
1084	911	30	91
1080	910	35	94
1080	909	34	96
1078	909	33	94
1078	908	31	99
1078	908	32	100
1077	908	31	96
1072	901	34	104
1072	900	30	106
1068	902	32	98
1066	902	35	97
1066	901	33	96
1067	900	30	100
1066	900	30	98
1065	899	30	97
1064	898	29	91
1061	897	31	91
1059	896	33	91
1059	895	31	92
1058	894	34	94
1058	892	32	93
1057	891	32	96
1057	891	31	94
1055	891	33	92
1055	888	30	98
1054	887	31	92
1051	886	34	93
1052	885	31	87
1050	884	32	86
1049	883	32	88
1050	882	30	85
1048	880	32	81
1047	878	33	82
1047	878	32	84
1049	879	28	83
1046	877	32	84
1038	879	40	76
1038	878	40	69
1043	878	36	70
1050	877	27	73
1047	875	31	81
1049	872	28	87
1044	873	31	78
1045	872	30	77
1044	872	31	74
1045	871	29	83
1044	870	29	84
1045	869	28	82
1041	868	31	83
1042	868	29	80
1039	868	31	84
1037	867	31	85
1033	865	31	79
1028	865	31	78
1018	860	34	85
1015	861	32	85
1006	859	30	89
997	856	30	91
985	858	30	87
973	858	29	83
960	856	29	77
946	858	28	67
933	856	25	69
919	858	25	64
903	858	24	62
888	860	26	63
867	861	29	62
852	865	25	64
838	860	24	61
822	860	25	68
809	859	24	66
799	863	24	69
790	861	25	72
782	860	26	74
775	859	28	78
771	858	28	81
769	859	27	77
765	858	29	81
765	858	27	81
761	858	29	81
762	857	27	84
762	856	26	84
761	857	27	79
760	856	27	79
761	856	26	75
761	856	25	75
761	856	26	78
759	856	29	77
759	855	28	77
758	854	29	77
758	853	30	80
757	853	32	79
759	853	29	74
761	851	27	80
760	851	29	81
761	851	28	82
761	851	28	77
759	851	30	80
760	850	29	82
759	848	31	84
759	850	30	77
759	849	31	80
762	848	27	79
761	847	29	80
761	847	28	78
760	847	30	79
760	848	31	81
762	846	28	81
763	846	27	80
763	846	26	79
765	845	25	81
765	846	25	82
764	847	27	80
764	845	26	80
765	845	26	82
764	845	27	81
763	844	28	83
763	844	27	79
764	844	26	75
764	843	27	79
763	843	26	77
765	842	26	76
765	843	24	75
766	842	25	79
766	841	23	79
767	840	21	78
766	839	21	81
765	840	21	77
761	840	21	77
755	842	23	74
747	842	24	77
739	842	24	75
729	842	24	72
717	843	22	70
704	844	23	72
689	844	23	75
675	846	24	71
657	847	24	68
638	850	26	74
625	850	23	68
604	854	23	70
587	855	23	68
566	857	23	66
543	860	25	65
526	863	23	70
504	865	24	68
482	870	25	67
461	873	26	63
441	877	26	67
424	879	27	72
407	882	28	78
395	884	31	76
385	886	31	75
377	887	29	80
371	889	26	78
367	888	27	79
365	890	29	83
364	889	28	86
363	889	29	83
363	889	28	81
364	889	29	82
364	888	30	82
365	889	32	81
365	889	32	78
365	890	32	80
366	888	33	81
366	890	34	82
371	889	30	80
372	889	30	79
374	888	30	81
376	889	29	74
377	889	32	71
378	888	32	74
381	888	31	73
385	888	28	75
385	888	31	77
386	889	30	73
389	889	30	75
390	891	30	72
391	890	30	75
392	891	31	71
393	891	32	76
394	890	32	78
397	890	31	81
397	891	32	81
397	891	32	83
400	893	32	80
401	895	31	80
402	893	30	81
400	894	33	84
402	893	31	86
403	893	32	83
404	891	31	86
405	887	28	85
405	882	30	93
406	880	28	96
407	873	28	102
407	873	28	107
407	874	30	111
407	883	30	111
407	883	31	105
407	886	31	102
407	887	31	100
408	890	33	97
410	892	31	93
412	897	29	86
411	897	31	85
413	898	30	87
414	899	29	88
416	898	27	90
416	899	28	83
417	897	27	80
416	896	27	82
417	896	26	83
416	896	29	82
417	896	29	85
420	895	25	73
420	896	27	71
419	895	29	71
420	896	30	75
421	896	30	76
422	895	31	79
424	895	31	84
424	894	32	90
428	894	29	88
429	894	27	84
430	895	29	83
430	894	31	87
433	894	27	84
435	895	27	81
438	895	25	82
440	894	25	84
442	897	27	74
444	895	27	74
444	893	28	77
443	892	29	75
444	890	30	78
442	891	33	75
438	892	40	75
440	891	41	80
441	894	41	72
443	897	40	73
443	897	42	73
444	897	42	69
446	897	39	70
442	898	43	66
441	896	44	64
443	896	41	68
441	896	42	67
442	896	40	68
441	896	40	67
441	897	40	68
440	896	41	71
440	897	38	68
437	898	41	66
438	898	33	62
435	897	34	59
434	898	33	57
433	899	34	56
430	899	31	56
430	901	32	52
428	907	33	47
425	910	36	55
421	909	36	59
418	905	32	60
415	906	31	58
413	907	28	61
407	906	33	64
403	905	38	64
399	905	37	64
392	903	44	73
388	906	43	71
383	907	43	71
382	909	39	71
375	910	42	74
366	912	49	74
364	911	49	77
362	910	48	77
359	910	45	80
360	908	37	79
355	908	40	80
350	910	38	69
348	911	35	70
345	912	33	66
340	915	32	64
337	917	32	64
333	918	34	69
331	917	31	76
328	915	31	83
324	915	32	85
318	914	34	87
313	912	34	89
310	915	34	88
306	915	33	87
303	919	30	77
299	921	29	76
295	921	32	81
288	922	36	76
285	922	36	77
283	924	34	74
278	926	38	78
275	926	38	82
272	926	36	80
270	929	33	77
266	933	34	86
264	932	33	87
261	937	30	80
258	938	28	73
256	939	30	81
254	937	30	75
251	937	33	67
253	937	32	65
255	937	32	68
263	935	29	66
272	931	29	71
279	933	28	68
291	931	27	64
301	929	28	65
313	925	32	67
324	921	36	68
342	919	41	69
369	915	37	67
386	912	44	68
410	906	45	61
410	906	45	61
410	906	45	61
410	906	45	61
410	906	45	61
410	906	45	61
410	906	45	61
410	906	45	61
410	906	45	61
410	906	45	61
410	906	45	61
410	906	45	61
410	906	45	61
410	906	45	61
410	906	45	61
410	906	45	61
410	906	45	61
410	906	45	61
410	906	45	61
410	906	45	61
410	906	45	61
410	906	45	61
410	906	45	61
410	906	45	61
410	906	45	61
410	906	45	61
410	906	45	61
410	906	45	61
410	906	45	61
410	906	45	61
410	906	45	61
410	906	45	61
410	906	45	61
410	906	45	61
410	906	45	61
410	906	45	61
410	906	45	61
410	906	45	61
410	906	45	61
410	906	45	61
410	906	45	61
410	906	45	61
410	906	45	61
410	906	45	61
410	906	45	61
410	906	45	61
410	906	45	61
410	906	45	61
410	906	45	61
410	906	45	61
410	906	45	61
410	906	45	61
410	906	45	61
410	906	45	61
410	906	45	61
410	906	45	61
419	985	50	74
419	985	50	74
419	985	50	74
419	985	50	74
419	985	50	74
419	985	50	74
419	985	50	74
419	985	50	74
419	985	50	74
419	985	50	74
419	985	50	74
419	985	50	74
419	985	50	74
419	985	50	74
419	985	50	74
419	985	50	74
419	985	50	74
419	985	50	74
419	985	50	74
419	985	50	74
419	985	50	74
419	985	50	74
419	985	50	74
419	985	50	74
419	985	50	74
419	985	50	74
419	985	50	74
419	985	50	74
419	985	50	74
419	985	50	74
419	985	50	74
419	985	50	74
419	985	50	74
419	985	50	74
419	985	50	74
419	985	50	74
419	985	50	74
419	985	50	74
419	985	50	74
419	985	50	74
419	985	50	74
419	985	50	74
419	985	50	74
419	985	50	74
419	985	50	74
419	985	50	74
419	985	50	74
419	985	50	74
419	985	50	74
419	985	50	74
419	985	50	74
419	985	50	74
419	985	50	74
419	985	50	74
419	985	50	74
419	985	50	74
419	985	50	74
419	985	50	74
419	985	50	74
419	985	50	74
419	985	50	74
419	985	50	74
419	985	50	74
419	985	50	74
419	985	50	74
419	985	50	74
419	985	50	74
419	985	50	74
419	985	50	74
419	985	50	74
419	985	50	74
419	985	50	74
419	985	50	74
419	985	50	74
419	985	50	74
419	985	50	74
419	985	50	74
419	985	50	74
419	985	50	74
419	985	50	74
419	985	50	74
419	985	50	74
419	985	50	74
419	985	50	74
419	985	50	74
419	985	50	74
419	985	50	74
419	985	50	74
419	985	50	74
419	985	50	74
419	985	50	74
419	985	50	74
419	985	50	74
419	985	50	74
419	985	50	74
419	985	50	74
419	985	50	74
419	985	50	74
419	985	50	74
419	985	50	74
419	985	50	74
419	985	50	74
419	985	50	74
419	985	50	74
419	985	50	74
419	985	50	74
419	985	50	74
419	985	50	74
419	985	50	74
419	985	50	74
419	985	50	74
419	985	50	74
419	985	50	74
419	985	50	74
419	985	50	74
419	985	50	74
419	985	50	74
419	985	50	74
419	985	50	74
419	985	50	74
419	985	50	74
419	985	50	74
419	985	50	74
419	985	50	74
419	985	50	74
419	985	50	74
419	985	50	74
419	985	50	74
419	985	50	74
419	985	50	74
419	985	50	74
419	985	50	74
419	985	50	74
419	985	50	74
419	985	50	74
419	985	50	74
419	985	50	74
419	985	50	74
419	985	50	74
419	985	50	74
419	985	50	74
419	985	50	74
419	985	50	74
419	985	50	74
419	985	50	74
419	985	50	74
419	985	50	74
419	985	50	74
419	985	50	74
419	985	50	74
419	985	50	74
419	985	50	74
419	985	50	74
419	985	50	74
419	985	50	74
419	985	50	74
419	985	50	74
419	985	50	74
419	985	50	74
419	985	50	74
419	985	50	74
419	985	50	74
419	985	50	74
273	885	46	72
269	869	39	79
272	867	35	84
273	867	36	83
273	866	38	87
275	867	38	83
276	867	38	82
277	863	38	84
278	863	38	86
280	862	35	87
281	862	35	85
282	861	36	86
284	861	35	87
285	860	35	84
286	859	35	83
287	855	33	89
288	854	33	84
289	856	33	80
290	853	33	84
290	854	35	82
291	854	33	83
291	851	34	87
291	850	35	89
292	851	36	87
292	851	36	83
291	852	38	83
291	850	37	81
290	850	39	85
292	848	37	87
293	847	35	86
293	847	37	84
294	845	37	86
295	844	37	89
296	845	34	81
296	845	36	83
298	844	34	79
299	844	34	79
299	844	34	78
300	843	34	81
301	841	34	80
300	840	34	79
301	839	34	81
301	838	34	82
301	835	35	82
302	832	33	83
302	829	32	83
301	827	33	85
301	824	31	82
302	821	30	82
302	818	31	85
301	816	31	85
299	812	34	79
299	809	32	79
299	806	31	81
298	803	35	84
299	804	34	80
299	798	31	79
298	796	33	82
297	793	33	85
297	789	32	84
296	786	32	85
297	785	31	83
297	783	31	85
296	780	32	84
296	780	32	81
295	776	34	81
293	773	34	83
291	770	36	82
292	766	33	82
287	763	37	79
289	760	36	81
290	759	34	78
