1659	454	258	267
1647	447	250	292
1632	453	251	295
1616	459	251	276
1596	448	254	285
1580	436	246	301
1562	439	256	308
1551	434	248	312
1536	449	237	296
1513	444	251	320
1496	440	257	317
1474	450	262	308
1452	447	271	309
1431	462	274	301
1426	443	275	307
1406	454	270	296
1394	449	276	315
1375	466	271	269
1359	459	272	292
1348	464	253	288
1328	462	260	308
1312	468	263	295
1302	461	259	292
1283	455	271	316
1274	453	260	312
1263	453	264	304
1245	453	261	311
1236	460	266	298
1221	461	266	296
1200	451	290	320
1187	448	291	323
1179	447	268	309
1176	454	253	297
1156	440	274	324
1150	440	265	329
1143	439	269	331
1140	448	246	295
1136	440	242	304
1128	453	243	295
1113	458	251	286
1098	443	266	311
1088	433	263	323
1066	455	276	306
1060	447	272	310
1041	447	285	317
1032	443	274	325
1025	441	268	322
1006	442	266	317
999	437	267	315
972	432	284	330
969	446	257	300
958	450	252	301
955	443	244	305
940	449	238	298
919	455	244	295
909	449	250	303
896	460	235	293
878	463	243	279
867	454	243	291
848	450	253	294
806	439	282	312
777	442	296	300
772	435	270	307
760	459	274	293
747	446	275	301
738	438	267	309
728	433	253	318
702	446	284	293
686	439	298	301
673	434	287	304
661	436	285	303
652	420	256	325
620	454	293	284
616	440	278	305
587	447	301	295
564	429	320	305
551	444	289	304
546	452	278	298
531	454	285	300
509	452	302	300
506	451	290	301
485	439	298	316
482	430	268	324
476	423	245	326
462	426	258	328
445	438	272	306
431	439	275	306
427	446	252	308
411	448	262	302
397	436	276	315
394	437	264	318
379	449	266	299
374	460	271	287
354	460	302	291
360	468	270	294
350	453	273	310
342	454	292	309
329	454	281	308
325	451	283	320
319	462	280	317
291	446	281	324
284	426	282	350
269	447	295	327
249	441	307	337
221	438	333	327
205	436	337	344
196	435	315	340
181	440	316	334
166	442	317	338
154	424	325	359
128	432	340	341
107	421	336	349
86	426	344	356
77	425	337	348
51	417	358	361
23	415	377	368
17	384	358	402
0	409	352	394
3	419	344	379
-3	427	340	365
-7	432	350	362
-3	430	340	372
-5	437	346	346
5	416	330	368
27	403	330	373
45	410	353	364
106	383	306	396
157	361	297	402
201	367	286	379
249	344	276	404
306	352	254	385
340	323	265	411
389	322	266	408
438	343	258	379
496	374	236	341
543	392	228	314
581	406	231	294
635	399	207	299
680	413	211	278
719	399	210	294
757	403	221	282
803	394	203	288
851	397	198	282
880	396	202	272
904	397	205	274
929	397	209	279
947	399	210	283
960	403	202	272
973	400	196	272
982	397	198	272
981	404	195	264
976	399	210	270
978	399	200	266
985	398	174	258
977	402	193	254
976	396	185	263
970	387	193	270
971	392	178	260
965	394	182	260
959	393	185	261
955	376	188	274
955	373	173	271
954	367	170	272
949	372	163	262
952	358	157	274
942	367	166	274
937	381	169	250
933	389	168	238
928	372	171	258
928	373	165	250
927	367	159	250
918	361	169	259
918	361	166	253
919	364	159	246
917	359	157	255
914	362	157	252
911	357	156	257
906	362	158	245
905	357	157	256
906	350	149	258
901	356	151	258
899	356	145	246
892	361	150	251
892	359	145	249
891	363	140	242
883	366	143	238
880	371	138	229
881	359	133	245
874	365	134	245
872	361	129	247
869	354	126	257
863	361	127	251
861	361	123	249
861	353	121	252
857	360	116	249
853	355	117	253
849	357	112	247
851	354	108	249
846	355	108	242
844	353	101	246
841	356	101	236
835	359	105	230
833	357	103	234
829	364	100	225
827	361	95	228
819	367	98	219
816	369	94	217
808	367	92	219
803	368	96	222
794	369	101	219
796	366	90	222
795	364	81	220
785	370	89	212
778	371	91	210
773	370	96	209
771	370	94	207
776	367	97	208
774	367	106	207
800	368	89	202
822	370	88	195
823	368	110	201
872	362	82	192
897	360	85	196
924	358	97	199
964	363	93	186
985	353	101	204
1014	342	102	216
1040	336	100	232
1053	317	98	248
1066	308	98	260
1071	311	101	259
1076	321	100	247
1078	314	97	253
1080	323	94	241
1078	316	95	252
1068	330	105	237
1069	321	103	243
1068	328	107	235
1066	333	109	227
1066	333	119	230
1070	333	127	226
1070	337	128	231
1083	339	115	229
1099	337	106	231
1125	344	104	216
1151	341	100	223
1168	340	104	224
1184	339	107	227
1202	337	106	232
1215	345	104	224
1202	349	127	228
1213	354	118	224
1234	342	102	234
1230	349	101	226
1231	362	102	213
1229	363	101	214
1223	363	104	212
1223	362	95	220
1219	365	95	222
1215	359	91	227
1204	361	101	232
1197	366	103	222
1195	369	92	223
1190	375	95	223
1185	385	95	217
1181	391	95	209
1181	393	88	211
1178	398	84	209
1176	399	84	209
1167	401	84	211
1162	406	86	207
1161	409	84	203
1159	414	82	193
1158	408	81	204
1155	412	82	203
1151	415	84	194
1152	418	81	195
1155	415	76	197
1155	418	74	190
1153	418	76	195
1149	416	80	191
1147	418	81	184
1151	416	75	186
1150	418	77	177
1149	418	76	180
1148	419	75	177
1148	418	75	175
1149	416	74	175
1150	417	71	170
1149	416	72	169
1151	413	70	169
1149	412	72	173
1147	411	75	166
1149	411	75	169
1148	411	73	164
1151	411	69	161
1149	408	70	164
1151	405	67	160
1154	407	66	157
1155	402	63	160
1153	403	67	157
1155	402	64	155
1156	402	65	152
1156	399	64	151
1153	398	71	153
1160	395	66	156
1163	396	63	150
1162	398	67	151
1165	397	65	147
1170	396	59	143
1171	395	60	147
1174	392	57	147
1173	389	60	149
1175	386	58	146
1175	391	59	142
1178	388	55	139
1180	387	55	133
1180	383	53	142
1181	384	53	139
1183	386	50	133
1183	387	50	129
1182	385	53	121
1182	386	52	130
1181	377	53	139
1185	381	51	128
1181	380	53	133
1184	377	50	133
1186	377	48	132
1185	372	48	134
1185	372	48	133
1185	372	49	131
1184	368	48	132
1184	372	50	122
1184	371	50	123
1184	374	48	118
1180	375	52	111
1182	374	53	115
1188	373	50	115
1193	372	50	117
1198	372	50	111
1213	366	50	113
1224	371	53	102
1244	369	50	102
1259	367	50	112
1275	368	49	112
1290	368	52	111
1301	364	52	114
1315	367	48	112
1319	364	52	115
1328	361	49	117
1329	361	54	116
1333	364	52	111
1338	365	49	104
1343	363	47	96
1346	365	45	91
1345	364	48	93
1345	361	48	97
1348	359	46	97
1347	359	46	100
1345	353	53	104
1346	348	52	110
1344	341	54	120
1343	335	58	126
1340	324	64	134
1338	321	68	143
1337	319	69	138
1334	316	68	140
1335	316	70	141
1332	313	75	141
1333	310	73	142
1335	313	65	132
1335	313	65	135
1334	313	61	134
1337	315	59	132
1336	314	56	133
1338	311	54	135
1337	313	58	134
1337	315	65	127
1339	310	63	133
1342	313	60	131
1343	310	57	123
1349	312	56	119
1345	312	65	118
1347	316	79	100
1335	313	76	103
1338	311	86	105
1335	308	106	99
1330	309	116	91
1341	309	115	97
1344	308	106	101
1351	307	100	107
1332	307	126	110
1339	304	122	109
1350	305	108	108
1332	309	123	97
1343	310	114	97
1354	307	109	99
1352	308	108	91
1359	309	111	96
1351	309	115	92
1353	305	119	97
1357	302	125	101
1361	301	123	100
1368	306	122	85
1381	310	102	93
1382	303	107	95
1377	300	111	101
1389	299	100	97
1383	301	106	92
1378	299	115	93
1385	304	115	89
1373	304	127	88
1363	308	141	86
1358	304	149	91
1366	304	141	85
1366	305	147	79
1376	306	139	86
1373	307	142	87
1374	308	145	84
1383	308	136	84
1380	308	146	86
1384	308	143	82
1389	308	134	84
1384	307	137	84
1381	306	143	82
1381	306	147	79
1386	305	142	80
1400	304	130	76
1414	305	116	54
1407	306	122	62
1409	306	118	57
1409	313	117	66
1416	304	105	56
1395	310	111	70
1396	303	124	82
1391	301	133	74
1401	303	123	54
1391	309	124	67
1396	300	123	78
1387	302	133	81
1378	303	143	66
1389	302	138	68
1397	300	140	71
1374	302	155	75
1387	303	146	73
1394	303	141	69
1404	303	134	63
1396	302	125	66
1396	303	142	55
1375	317	143	69
1379	301	145	86
1387	303	147	61
1378	310	155	77
1384	301	152	61
1383	309	136	73
1382	305	157	60
1386	301	148	65
1385	306	152	59
1384	317	138	73
1383	306	144	76
1375	306	160	93
1379	307	163	78
1380	308	152	70
1390	309	142	68
1394	308	134	64
1386	317	146	65
1389	316	150	67
1392	312	140	70
1387	313	143	56
1385	320	144	64
1386	316	144	58
1386	326	142	67
1385	317	146	73
1389	314	144	72
1387	322	142	87
1383	324	157	67
1383	319	152	64
1381	320	149	53
1383	326	161	67
1381	323	160	69
1383	320	153	75
1379	318	150	67
1383	316	150	76
1377	316	154	69
1379	315	160	77
1376	313	162	78
1379	315	159	71
1378	315	169	73
1376	309	164	77
1376	317	161	65
1377	317	165	72
1376	318	158	62
1364	317	170	68
1369	316	161	66
1367	310	160	70
1367	322	171	72
1368	319	170	63
1369	321	168	64
1366	319	170	67
1367	320	164	62
1360	315	169	65
1357	310	166	65
1362	312	164	70
1362	311	166	66
1359	322	164	52
1352	313	166	65
1356	317	162	62
1358	317	162	66
1357	318	171	59
1350	316	167	57
1373	324	160	54
1355	319	172	52
1354	318	163	54
1351	320	161	52
1369	323	146	56
1355	321	160	49
1349	323	171	42
1353	322	170	47
1348	319	178	53
1349	318	168	53
1343	320	175	48
1346	319	171	49
1344	313	174	54
1350	319	166	58
1343	317	176	53
1350	324	173	44
1350	318	171	47
1346	321	174	44
1346	311	169	54
1343	322	178	41
1343	317	171	45
1349	321	169	45
1340	315	175	48
1351	320	172	40
1348	323	173	42
1343	319	175	43
1360	323	162	59
1363	322	159	49
1350	319	164	47
1351	321	164	40
1348	325	171	33
1345	325	179	33
1345	323	172	37
1352	319	166	47
1362	321	157	59
1371	320	158	69
1365	320	163	73
1370	322	157	65
1375	320	148	74
1371	320	152	81
1367	310	156	65
1377	323	150	70
1380	321	144	78
1379	323	141	97
1393	317	135	85
1371	324	143	100
1377	296	143	104
1375	311	164	85
1371	329	169	58
1367	325	158	52
1361	322	162	49
1365	333	162	33
1371	331	152	37
1379	327	146	43
1390	328	139	51
1382	326	143	51
1373	323	152	50
1373	321	152	64
1372	323	153	53
1375	322	152	48
1385	321	147	47
1368	324	160	54
1376	322	149	48
1375	321	145	53
1383	321	136	69
1379	321	142	68
1389	321	144	70
1379	325	148	50
1371	322	152	68
1369	322	159	65
1382	323	142	57
1390	323	135	49
1382	323	140	56
1391	323	131	50
1385	325	136	49
1378	328	141	38
1383	328	143	36
1387	325	136	40
1391	329	134	34
1394	326	129	40
1381	327	140	39
1381	327	139	44
1379	327	143	41
1375	325	146	42
