1403	547	385	424
1371	534	395	445
1352	530	379	427
1345	521	340	424
1318	532	344	425
1300	518	342	413
1292	519	312	400
1258	514	356	420
1230	521	357	397
1219	505	353	421
1191	522	363	398
1176	515	348	394
1160	503	338	395
1148	519	307	391
1132	508	318	401
1104	502	321	398
1080	505	305	409
1058	518	324	389
1049	511	306	376
1022	510	328	373
1022	513	286	387
995	516	291	390
982	506	265	379
956	504	308	380
950	502	276	380
934	505	277	371
917	506	275	370
885	510	289	377
867	509	301	376
837	509	316	389
837	504	291	389
825	500	274	391
833	506	246	375
793	513	300	384
785	495	293	407
780	498	307	403
765	500	304	395
776	504	296	376
767	497	307	395
771	488	291	381
768	504	297	371
760	496	316	397
751	497	333	381
772	491	275	398
758	491	314	413
766	490	305	393
760	492	313	392
758	487	317	404
760	488	304	365
777	492	286	387
775	490	294	367
772	498	300	377
767	490	309	379
771	501	308	367
761	489	306	386
757	491	315	402
763	495	312	386
771	486	302	393
773	490	307	381
773	499	299	378
781	492	288	377
772	488	293	386
780	492	299	392
764	483	300	398
775	486	298	393
784	489	288	369
778	478	291	399
789	484	276	390
790	486	272	382
798	484	260	359
779	483	280	391
782	480	288	382
788	486	264	366
807	488	253	365
783	494	290	372
772	489	308	363
774	484	290	384
792	484	281	377
769	484	308	370
782	479	292	376
786	486	283	369
788	492	288	386
790	482	277	391
780	484	289	391
785	487	267	364
779	487	285	370
766	490	289	381
773	488	261	390
754	495	290	361
746	489	304	361
745	481	296	382
742	480	288	385
743	484	273	375
743	496	269	354
734	488	280	357
720	493	289	377
709	486	311	373
718	489	290	378
717	484	297	378
715	487	281	360
719	488	283	365
707	494	309	373
714	490	288	378
712	480	294	382
726	484	272	371
728	478	270	384
728	493	267	365
721	495	285	365
718	486	284	359
716	480	291	385
715	486	298	369
715	487	290	371
716	482	299	380
711	493	303	388
724	492	284	379
725	489	276	363
724	484	282	374
719	485	298	389
723	478	280	396
730	483	269	386
718	481	300	377
726	487	276	356
724	491	288	387
721	477	295	386
722	480	300	368
725	487	284	370
732	484	287	362
729	484	289	380
729	478	280	386
727	477	290	360
733	484	273	363
737	487	260	379
731	485	284	372
740	484	266	374
735	485	276	378
738	479	270	384
729	482	281	381
732	487	281	375
728	481	290	375
747	472	263	380
726	486	287	377
731	478	271	365
741	487	279	371
737	483	287	380
744	481	266	391
752	489	250	356
740	484	269	377
734	482	279	370
741	480	262	374
732	488	277	372
736	483	273	360
736	473	270	360
736	482	274	364
736	482	269	359
738	487	258	364
734	490	275	352
734	489	276	371
733	483	284	376
747	477	257	376
755	479	215	351
738	489	274	368
740	482	258	370
719	479	287	363
732	491	269	375
728	491	291	374
735	484	266	372
725	485	286	383
743	484	257	367
745	485	250	378
735	480	252	376
740	487	269	377
735	487	272	366
748	485	269	363
760	491	252	371
753	490	250	361
751	489	264	365
776	492	243	363
776	482	230	360
771	487	258	360
777	481	262	358
775	486	262	379
795	491	233	354
791	491	249	359
802	490	250	360
804	493	249	352
805	478	259	364
814	478	236	360
828	478	238	367
826	480	232	359
835	461	224	373
838	466	248	365
847	476	230	352
850	471	227	360
861	470	214	365
856	473	232	354
863	475	233	352
873	469	218	360
879	476	219	351
893	472	204	352
898	471	204	355
899	476	201	344
910	472	202	340
913	480	196	329
919	469	185	337
924	483	194	335
936	463	187	336
935	471	194	330
942	464	192	336
942	469	193	330
949	465	183	333
942	456	215	346
954	471	205	344
969	465	196	329
966	464	196	340
974	458	212	325
977	455	209	318
989	457	197	321
1000	458	208	318
1002	453	206	326
1013	455	188	323
1014	452	211	325
1020	456	205	307
1029	469	194	306
1035	454	205	312
1044	457	190	306
1045	450	196	314
1060	453	191	301
1057	456	193	303
1069	450	190	302
1074	448	199	303
1083	444	183	304
1086	438	195	309
1103	441	173	301
1107	449	180	292
1120	447	163	285
1125	438	168	295
1131	446	164	292
1134	443	190	298
1127	442	188	295
1153	437	150	294
1155	442	149	272
1158	440	159	288
1163	432	155	277
1161	436	191	279
1159	426	194	290
1167	433	186	287
1178	425	175	292
1183	433	174	270
1185	422	175	280
1183	407	173	294
1191	414	185	286
1195	412	170	303
1199	416	164	288
1193	424	183	269
1205	420	168	271
1191	423	194	263
1206	411	181	283
1203	416	185	280
1203	423	183	260
1207	424	174	262
1219	417	159	274
1214	419	170	269
1215	416	163	267
1209	417	182	266
1209	415	171	264
1208	412	181	264
1218	399	155	271
1223	405	158	263
1218	384	171	293
1205	402	179	268
1217	410	167	259
1218	407	160	261
1220	405	170	263
1209	394	174	268
1203	397	184	258
1215	401	164	251
1218	406	159	245
1228	398	137	250
1226	405	145	241
1241	401	129	234
1236	408	129	238
1240	403	128	243
1234	403	138	245
1238	402	132	238
1233	401	142	246
1241	396	130	247
1247	396	129	238
1245	389	128	236
1246	396	131	224
1247	396	127	229
1255	398	127	224
1260	393	125	224
1257	393	125	236
1259	395	124	229
1262	387	119	215
1270	392	112	218
1266	387	118	220
1269	391	123	224
1272	389	118	225
1271	388	130	228
1279	392	120	229
1282	384	116	227
1287	389	114	195
1280	391	119	190
1284	391	116	205
1291	386	110	212
1289	389	112	180
1299	393	105	171
1300	395	101	176
1306	401	96	180
1305	394	100	191
1308	396	98	182
1305	393	100	183
1307	394	109	177
1314	394	98	185
1321	396	93	184
1324	393	89	167
1328	400	89	173
1330	394	92	181
1331	400	96	177
1333	396	101	179
1338	395	89	184
1340	391	85	179
1339	387	85	186
1342	387	87	187
1336	383	108	179
1349	393	95	164
1353	390	86	170
1349	387	85	179
1350	388	86	165
1344	395	104	162
1359	385	91	170
1357	384	96	168
1364	370	93	184
1368	386	107	195
1368	386	107	195
1372	375	98	177
1372	375	98	177
1372	375	98	177
1372	375	98	177
1205	660	130	165
1371	403	114	156
1378	397	108	172
1380	400	102	178
1377	402	93	180
1389	405	88	168
1383	398	91	165
1390	389	80	172
1366	388	91	162
1358	400	105	150
1347	393	88	152
1344	380	85	155
1330	407	90	141
1311	382	87	147
1289	385	87	145
1269	393	92	138
1248	382	80	147
1221	385	90	133
1206	395	85	125
1206	395	85	125
1165	380	74	112
1142	381	70	111
1121	381	62	127
1103	376	54	137
1073	387	73	132
1044	393	97	131
1041	386	112	131
1019	382	102	121
1027	383	96	122
1015	386	81	112
992	385	88	99
994	386	86	74
995	380	76	81
991	395	81	77
995	397	64	67
995	397	64	67
995	397	64	67
983	427	60	60
990	399	59	67
975	395	57	84
985	392	62	91
984	392	52	88
970	393	60	99
978	359	57	107
975	359	66	88
969	382	67	106
970	378	59	109
963	406	73	103
959	365	73	122
962	362	61	126
963	365	57	119
958	372	64	111
955	368	62	116
953	360	61	126
944	366	70	113
933	356	82	126
940	359	65	123
936	347	74	131
937	332	67	140
932	355	66	121
920	347	80	128
922	330	77	143
921	334	78	130
919	340	65	120
910	350	80	123
915	342	72	129
901	331	88	138
895	358	92	139
899	350	79	128
901	349	81	127
898	351	79	114
897	351	83	122
892	352	81	113
892	360	65	98
885	358	66	98
881	351	69	111
888	350	62	111
882	340	66	115
885	348	67	112
880	348	66	111
880	344	66	112
877	337	69	119
876	339	66	122
869	345	74	117
875	343	66	93
865	353	73	104
864	348	70	110
860	341	81	118
857	339	80	125
859	340	70	119
863	345	59	127
859	343	63	128
858	336	64	139
855	336	71	127
853	344	65	127
857	345	61	132
850	364	70	119
850	336	62	125
854	330	56	128
844	372	69	116
845	386	68	101
839	358	67	111
844	352	62	108
847	344	58	115
847	335	55	119
841	335	64	118
839	348	58	108
841	335	58	125
840	339	55	116
838	339	56	113
837	335	57	118
840	334	55	120
837	334	60	116
831	325	63	127
833	326	69	109
831	338	79	128
832	327	63	114
837	343	58	109
833	328	59	123
815	329	67	117
818	334	74	107
820	331	64	108
808	332	82	114
817	324	69	99
818	333	68	95
813	336	77	83
811	348	73	82
813	339	71	91
814	339	71	107
813	326	71	117
808	357	71	116
807	334	66	111
810	335	71	101
800	348	79	103
800	338	69	113
797	341	82	113
804	328	82	113
802	345	75	100
809	331	59	113
804	330	72	106
788	349	76	101
797	338	64	109
803	333	64	108
794	331	76	98
792	336	66	111
790	337	70	102
790	339	64	102
789	339	62	112
784	335	67	116
779	379	88	102
778	343	77	107
779	360	63	90
776	341	70	99
778	339	67	102
784	335	51	88
783	339	54	90
776	338	58	93
780	355	43	98
778	335	54	104
775	354	57	104
775	342	61	103
771	334	65	109
759	336	60	110
764	346	65	97
760	357	68	88
762	361	57	82
764	347	57	99
764	356	58	90
759	346	74	98
758	340	79	97
759	345	72	98
761	368	60	103
755	347	67	98
757	346	69	114
749	343	75	116
750	339	76	118
744	344	81	106
748	347	78	108
756	341	65	106
821	215	68	95
743	351	65	96
751	343	68	102
736	355	86	91
731	346	85	104
730	345	92	108
729	347	87	110
736	338	76	109
743	348	75	93
737	358	70	92
734	352	75	94
721	363	80	84
726	342	65	79
729	349	58	90
726	351	64	99
724	359	65	92
713	357	80	102
702	362	85	115
710	365	66	110
710	365	66	110
714	338	63	112
721	343	63	111
838	209	75	102
696	358	78	101
708	371	64	92
702	374	66	98
696	357	83	93
678	353	72	113
679	339	73	118
656	338	85	124
674	343	73	114
667	343	64	119
659	354	74	111
663	366	69	103
666	336	71	109
652	339	78	119
648	348	75	116
657	402	63	117
653	400	69	108
643	388	79	101
642	373	90	100
639	360	89	103
634	366	88	103
636	345	84	115
636	361	86	105
637	376	81	90
636	377	72	89
636	377	72	89
636	377	72	89
621	366	70	90
591	374	61	89
594	387	56	93
594	387	56	93
594	387	56	93
594	387	56	93
594	387	56	93
594	387	56	93
589	367	71	97
580	384	75	99
580	384	75	99
580	384	75	99
580	384	75	99
559	342	76	113
557	338	66	122
559	377	58	118
558	356	61	117
540	386	64	98
540	386	64	98
516	396	64	92
509	397	67	90
512	359	65	89
514	402	66	95
509	395	65	101
506	404	66	98
506	404	66	98
484	379	79	105
491	368	70	114
464	372	78	115
472	371	75	113
466	376	75	132
456	361	88	128
455	372	82	117
445	358	84	133
448	356	86	161
437	365	89	143
426	369	90	133
419	372	83	161
416	366	91	156
407	360	83	152
407	360	83	152
398	375	84	126
364	380	80	109
382	402	79	122
385	386	79	113
372	372	84	120
361	378	81	112
351	364	94	125
345	355	96	135
325	393	117	129
328	391	108	142
312	386	124	134
323	371	111	139
303	374	120	131
309	366	111	152
292	388	133	148
293	382	115	126
286	385	113	144
300	385	121	149
291	391	134	126
302	395	132	129
298	375	142	140
318	414	148	121
315	408	155	131
359	421	130	116
322	435	162	107
360	388	139	120
366	381	139	149
373	391	148	151
371	402	159	136
384	422	149	111
411	394	137	136
434	380	143	138
452	407	141	114
495	424	117	99
496	420	109	106
524	407	107	121
530	418	111	103
518	421	127	104
548	422	124	101
565	422	117	90
586	385	108	106
576	412	134	119
597	424	134	99
610	413	130	117
625	429	144	110
647	427	131	112
653	431	143	106
665	430	138	109
686	422	140	114
694	419	146	117
717	375	131	152
721	412	151	144
734	420	174	121
745	403	161	139
766	411	160	134
791	419	133	122
811	416	132	123
808	425	160	122
818	402	159	134
839	397	148	139
847	416	151	128
849	428	161	119
873	389	151	147
892	402	145	146
897	382	160	163
921	410	145	131
923	411	161	136
954	410	177	139
953	400	177	143
968	404	166	142
983	425	168	121
995	429	166	119
1007	434	165	116
1022	426	157	123
1034	423	157	127
1053	414	153	133
1060	418	158	128
1072	412	163	139
1090	409	160	146
1108	419	158	141
1111	418	170	134
1123	422	171	135
1140	431	169	119
1156	436	162	116
1170	424	166	133
1184	434	168	125
1199	425	164	135
1212	432	162	128
1218	419	167	141
1223	421	171	145
1222	446	179	115
1222	435	181	123
1225	416	172	147
1218	428	185	134
1217	423	183	137
1213	438	182	126
1209	423	175	135
1197	431	184	129
1192	432	180	128
1188	442	176	122
1180	440	174	122
1172	446	178	119
1162	450	182	115
1156	440	177	123
1150	449	176	117
1143	444	174	116
1131	449	179	121
1126	442	175	120
1111	444	186	121
1106	445	182	118
1099	446	175	122
1094	457	176	115
1085	457	181	113
1080	449	189	122
1076	440	180	137
1067	437	185	133
1061	443	183	128
1051	451	189	116
1040	453	189	115
1033	459	185	109
1029	455	185	112
1023	442	184	123
1011	447	187	122
1009	424	181	141
996	436	192	132
991	439	184	131
984	452	181	120
978	439	170	131
966	441	180	131
956	459	180	113
947	450	184	125
941	459	181	114
937	458	174	115
927	462	184	113
915	468	188	103
908	466	184	109
901	470	186	103
895	473	186	101
886	471	187	102
884	473	184	100
878	466	189	107
871	469	198	108
870	462	198	116
867	468	196	111
864	472	187	103
863	463	186	112
864	448	186	129
859	454	192	127
858	460	189	114
859	464	188	115
856	460	191	121
855	454	196	127
856	455	193	129
859	451	191	132
863	447	187	135
860	444	192	139
866	438	186	147
866	408	192	175
870	381	186	203
872	369	191	214
874	370	185	215
876	366	196	223
874	369	189	213
882	366	185	225
882	373	189	214
882	367	195	216
881	399	201	184
881	365	207	217
885	431	205	156
896	399	192	184
899	376	192	203
899	417	193	164
906	394	198	183
919	384	185	196
919	373	198	212
924	360	201	222
927	370	206	216
935	362	203	216
942	411	198	177
948	367	193	208
957	427	190	159
956	434	198	150
968	440	196	134
977	440	193	134
978	436	201	135
986	426	196	148
994	423	190	149
997	399	200	174
1009	423	189	154
1010	396	203	181
1017	381	201	195
1028	368	202	209
1036	374	200	206
1045	367	202	215
1052	373	200	207
1062	379	196	209
1069	385	196	197
1086	384	188	199
1092	373	192	202
1102	377	190	207
1105	374	199	201
1115	367	191	209
1119	403	193	173
1122	395	200	178
1129	369	210	205
1137	366	208	212
1144	366	210	207
1149	367	213	206
1163	351	210	223
1182	344	198	227
1192	352	213	225
1190	357	206	223
1212	348	196	231
1207	350	206	229
1214	360	208	222
1224	372	208	208
1226	359	214	220
1236	361	213	219
1250	347	204	230
1267	356	197	227
1277	351	199	226
1275	355	205	227
1281	361	209	220
1282	360	205	223
1273	374	219	211
1278	356	209	221
1274	370	209	216
1273	369	203	212
1274	360	187	223
1257	357	202	225
1245	343	205	240
1242	355	195	226
1234	368	186	206
1229	365	189	216
1224	359	180	212
1203	370	193	205
1207	362	178	205
1193	354	192	223
1195	356	177	214
1191	349	163	222
1192	352	154	214
1185	387	148	182
1161	394	160	167
1137	399	176	165
1143	378	158	185
1123	405	173	159
1139	379	140	185
1126	343	142	216
1122	337	142	221
1108	350	150	209
1106	347	141	216
1084	357	157	202
1074	357	159	202
1045	348	181	225
1045	350	182	230
1032	364	179	198
1031	363	163	203
1019	360	167	210
1026	371	152	219
1000	353	177	214
993	352	181	245
992	354	187	248
1016	350	144	239
1002	351	159	245
986	348	177	218
977	345	191	213
978	354	191	202
986	344	186	210
979	350	176	208
991	344	177	213
1007	342	151	241
985	341	182	221
1001	341	169	217
993	323	191	252
995	278	186	285
1000	314	202	276
1011	273	186	296
1025	317	194	261
1032	280	191	304
1022	295	212	325
1022	295	212	325
1022	295	212	325
1022	295	212	325
1022	295	212	325
1022	295	212	325
1105	260	228	325
1037	248	291	332
1037	248	291	332
1037	248	291	332
1090	234	258	342
1090	234	258	342
1097	240	259	359
1140	238	245	353
1179	273	191	336
1181	264	187	337
1187	244	200	339
1202	229	207	323
1198	260	228	323
1182	308	190	313
1210	295	166	291
1129	383	192	238
1130	391	194	207
1124	370	205	233
1185	315	187	224
1107	372	199	226
1099	377	199	230
1061	402	214	204
1054	407	209	199
1060	404	210	199
1041	426	236	191
1033	444	229	178
1033	406	226	210
1002	414	233	212
1022	392	218	239
1021	367	200	262
990	388	242	240
966	413	256	229
968	386	265	259
925	421	299	224
939	405	284	250
965	369	247	279
961	401	260	236
966	390	244	251
966	389	216	252
948	406	240	240
943	401	257	254
930	410	259	240
929	396	275	254
931	369	232	298
926	395	247	279
909	411	271	252
916	418	249	256
913	425	245	236
893	423	272	258
903	406	259	269
895	402	273	286
902	408	235	273
898	401	249	287
903	412	246	288
889	407	264	288
922	394	217	312
883	414	261	288
910	408	234	301
881	403	262	307
879	403	266	319
864	414	285	318
881	396	277	327
877	389	269	351
889	442	262	301
892	433	241	307
894	430	253	321
879	431	270	336
867	425	282	331
846	418	290	340
851	433	291	326
859	447	288	319
859	436	296	326
849	434	303	339
839	427	325	346
824	406	336	367
860	409	312	358
825	437	337	330
834	435	323	332
849	425	281	341
858	435	283	320
877	448	269	328
875	432	262	329
868	418	277	350
850	415	285	355
862	428	280	341
853	425	295	343
844	415	310	358
849	398	312	383
823	389	335	397
820	407	356	375
794	402	390	379
812	417	358	368
800	413	382	370
805	407	369	367
807	420	360	357
794	428	386	368
801	435	380	365
815	416	369	357
799	456	367	329
827	442	329	344
845	445	308	327
868	437	266	342
837	442	313	340
834	452	312	332
847	452	304	317
870	456	268	328
847	453	297	338
850	448	308	329
843	444	318	342
859	447	280	329
868	450	273	326
860	443	267	344
868	445	272	334
870	453	274	322
875	446	269	330
870	445	280	341
866	447	297	335
873	451	291	325
875	443	274	342
888	443	265	326
894	445	259	332
879	455	269	325
880	444	274	333
889	450	275	312
886	448	274	314
903	440	253	330
907	440	263	329
895	443	279	321
890	436	286	310
901	431	286	316
908	446	276	304
902	430	288	316
912	433	282	317
895	430	298	325
888	425	298	321
900	438	302	326
919	430	264	321
917	432	269	301
918	433	253	301
945	431	241	296
955	431	224	292
973	437	213	300
976	440	209	296
971	432	217	311
1001	432	165	292
986	424	194	295
994	442	197	296
968	435	252	284
982	428	240	271
990	420	233	282
1019	434	194	275
1031	429	179	267
1025	438	203	276
1032	433	198	280
1018	433	218	275
1023	422	221	285
1042	417	208	275
1034	424	222	266
1043	421	205	274
1048	416	219	277
1067	412	188	282
1065	417	178	276
1068	414	194	283
1082	419	184	274
1099	419	183	282
1092	423	182	282
1105	415	169	274
1100	424	186	269
1110	434	181	245
1120	436	177	228
1130	431	170	244
1121	426	189	254
1146	406	159	261
1132	408	179	255
1136	415	184	250
1130	390	199	293
1123	403	199	299
1122	406	195	253
1122	402	193	264
1131	404	187	269
1116	408	190	273
1131	406	152	244
1114	395	144	257
1110	402	144	251
1117	398	134	248
1094	397	160	252
1107	406	136	227
1077	408	156	218
1085	406	143	233
1070	410	163	214
1067	409	158	209
1059	408	174	224
1053	408	156	230
1040	401	168	223
1035	401	165	218
1030	418	148	199
1024	403	166	218
1017	410	173	218
1025	399	153	220
1010	413	152	217
1012	413	140	197
1006	435	127	184
999	445	125	165
984	448	148	154
981	444	144	169
970	459	142	150
970	468	120	135
958	458	115	138
950	459	122	141
944	465	122	135
940	448	121	152
929	463	133	146
931	463	122	130
919	480	133	117
900	461	145	140
899	447	140	149
896	441	134	157
902	424	133	170
905	392	121	184
901	423	113	170
889	411	114	173
880	471	121	154
886	430	101	168
877	433	109	151
866	410	121	161
867	432	114	140
869	451	105	120
859	464	102	97
857	469	96	87
855	457	92	105
850	439	83	91
845	426	96	91
835	426	91	107
838	410	95	108
823	419	100	99
810	406	109	106
816	407	92	97
812	399	77	102
811	399	78	111
799	383	96	107
801	386	80	90
798	382	72	89
798	379	56	90
797	379	61	80
