621	294	17	37
619	294	19	31
620	296	15	27
620	294	15	27
619	295	17	29
618	293	16	31
617	295	19	34
617	294	16	29
617	296	17	29
616	294	18	34
616	293	16	35
617	292	15	35
616	292	17	34
616	296	15	37
616	294	16	37
614	298	16	39
613	297	17	43
614	298	15	38
614	298	18	37
612	298	18	41
612	301	18	35
613	302	15	33
612	303	17	30
612	304	17	33
612	304	17	35
612	304	16	36
611	304	18	36
612	307	17	36
609	306	19	40
610	303	19	43
611	301	17	46
610	303	18	45
611	302	16	47
610	302	17	45
610	298	16	47
609	302	17	45
609	306	16	44
608	310	15	37
609	310	15	37
608	309	16	37
608	306	15	40
606	308	17	36
606	309	17	37
608	309	14	43
607	304	17	46
608	305	15	46
607	306	16	47
607	310	15	43
609	310	14	43
607	309	16	45
608	307	15	48
608	309	15	47
609	311	15	45
608	312	14	44
610	312	13	44
610	312	13	44
608	316	14	42
607	316	14	42
607	312	15	39
609	317	13	43
609	317	13	43
609	317	13	43
609	317	13	43
609	317	13	43
609	317	13	43
609	317	13	43
609	317	13	43
609	317	13	43
606	316	12	47
606	314	14	51
606	314	14	51
605	323	13	44
606	328	13	39
605	331	14	36
605	330	13	37
605	330	13	37
605	330	13	37
607	332	10	37
607	332	10	37
607	332	10	37
607	332	10	37
607	332	10	37
607	332	10	37
607	332	10	37
607	332	10	37
609	348	7	34
609	348	7	34
609	348	7	34
603	336	9	31
603	336	9	31
603	336	9	31
603	336	9	31
603	336	9	31
603	336	9	31
603	336	9	31
603	336	9	31
603	336	9	31
603	336	9	31
603	336	9	31
603	336	9	31
603	336	9	31
603	336	9	31
603	336	9	31
589	365	10	31
588	365	13	30
587	342	13	30
587	342	13	30
587	342	13	30
587	342	13	30
587	342	13	30
587	342	13	30
587	342	13	30
587	342	13	30
587	342	13	30
587	342	13	30
587	342	13	30
587	342	13	30
587	342	13	30
587	342	13	30
587	342	13	30
587	342	13	30
587	342	13	30
587	342	13	30
587	342	13	30
587	342	13	30
587	342	13	30
587	342	13	30
587	342	13	30
587	342	13	30
587	342	13	30
587	342	13	30
587	342	13	30
587	342	13	30
587	342	13	30
587	342	13	30
587	342	13	30
587	342	13	30
587	342	13	30
587	342	13	30
587	342	13	30
632	347	11	30
646	357	13	29
649	363	16	33
655	359	19	34
660	361	21	41
663	350	22	43
672	364	21	41
678	362	20	40
678	351	22	46
685	349	23	46
693	362	20	47
696	366	18	53
698	366	20	59
699	352	22	66
699	350	22	66
699	353	23	70
699	346	23	75
699	356	21	73
697	349	21	75
695	358	23	67
691	359	26	75
692	360	24	79
692	352	22	84
687	352	24	89
687	358	23	84
684	368	24	85
685	366	22	86
681	359	24	96
680	357	22	99
676	362	26	99
673	359	27	103
673	361	26	105
670	365	26	103
668	363	27	105
668	364	28	107
667	361	26	114
666	361	28	109
667	365	27	102
668	366	25	108
669	369	23	110
664	370	25	103
658	372	30	107
658	373	29	98
659	380	29	112
659	377	30	116
659	378	29	122
660	381	28	132
660	382	26	133
660	383	27	136
657	388	30	131
657	389	30	132
656	392	32	134
657	396	31	132
657	397	32	136
652	395	36	141
652	398	39	141
654	403	37	143
657	403	35	148
654	401	38	154
656	405	37	155
658	405	36	165
657	406	37	164
657	405	39	165
659	424	42	161
660	420	39	167
658	418	39	174
661	425	44	184
663	427	42	183
664	427	44	193
660	432	48	190
661	438	46	190
660	439	48	199
659	439	47	192
657	447	51	188
657	458	51	199
653	451	53	214
656	458	50	213
643	456	59	222
636	459	64	228
632	465	63	228
625	466	70	233
620	470	72	237
612	473	71	244
603	484	80	237
595	472	83	253
593	479	81	260
583	479	83	268
575	483	87	270
568	490	90	276
560	491	92	284
551	494	96	289
546	498	91	302
538	504	92	313
528	510	96	319
518	514	98	328
511	523	100	330
500	532	104	343
489	531	109	356
482	538	107	356
470	553	110	363
457	558	116	373
447	565	112	386
438	572	107	401
421	576	118	416
412	587	114	437
396	594	115	449
386	607	122	463
370	612	131	463
358	629	136	451
343	636	140	445
328	643	150	447
330	648	131	429
307	677	144	401
285	701	161	388
249	702	173	381
225	737	189	334
200	769	205	315
182	752	204	322
168	783	206	295
155	784	199	295
127	804	208	276
97	834	215	245
91	851	198	234
97	872	173	206
74	891	167	197
40	917	184	170
40	917	184	170
40	917	184	170
40	917	184	170
