424	500	125	121
419	499	128	120
412	499	125	122
405	490	129	133
401	494	130	133
393	500	135	121
391	505	132	119
385	501	128	125
380	500	131	130
373	503	129	128
367	505	132	123
361	511	133	120
355	511	135	121
352	513	133	123
342	511	135	125
339	513	133	124
334	515	132	125
329	510	129	129
320	511	137	134
314	516	128	132
306	511	137	142
299	519	132	138
292	522	137	129
286	522	139	135
278	524	141	132
270	521	139	148
263	528	148	138
257	529	143	131
248	528	149	145
243	532	143	154
238	535	142	148
231	536	139	145
224	540	145	166
211	536	148	154
203	542	153	174
199	543	151	161
192	549	145	142
188	547	148	142
184	551	148	155
169	550	153	158
162	550	157	170
155	545	152	176
148	547	156	162
145	553	155	147
138	551	155	154
132	551	153	154
120	548	162	179
116	546	153	188
109	546	157	184
109	546	154	190
98	541	151	207
88	540	154	182
90	539	150	185
82	539	148	175
71	537	151	172
68	542	151	169
57	537	150	167
46	537	160	157
39	539	162	179
36	537	155	166
37	538	148	151
32	539	145	145
17	538	153	144
10	541	151	148
6	541	148	145
0	543	132	155
-3	558	130	138
167	373	119	129
-20	583	105	127
37	806	137	128
37	806	137	128
22	874	151	146
27	857	151	170
11	829	172	189
13	823	166	210
16	812	168	204
11	813	180	224
12	815	203	209
12	815	203	209
11	813	204	162
11	813	204	162
11	813	204	162
71	821	179	176
71	821	179	176
71	821	179	176
112	821	185	208
7	446	148	185
29	451	147	180
161	789	152	172
189	817	159	182
189	817	159	182
239	786	150	172
239	786	150	172
239	786	150	172
345	791	142	168
345	791	142	168
13	517	153	186
70	506	152	195
117	484	136	201
145	493	139	184
195	489	128	189
222	526	136	164
271	534	130	149
315	519	109	142
345	760	137	145
398	514	113	134
434	516	97	128
452	516	109	118
492	513	93	107
516	509	80	107
542	511	95	110
541	507	115	127
556	500	114	126
588	504	92	113
591	502	94	114
597	495	94	110
592	492	100	100
601	488	104	115
600	484	111	133
611	468	112	150
610	452	118	170
617	436	118	188
609	428	131	214
591	418	157	239
599	410	177	270
593	399	181	286
603	404	171	272
619	397	156	265
624	405	169	226
643	393	147	268
644	397	144	251
642	393	151	249
622	449	125	251
625	405	127	243
649	438	98	210
645	468	95	189
649	455	87	162
639	474	99	138
655	478	77	125
645	480	83	107
643	479	83	110
641	478	90	108
641	476	79	110
649	476	77	107
644	476	79	108
648	473	72	112
652	473	73	110
655	473	73	102
657	470	72	110
661	471	74	103
660	472	75	102
666	471	76	109
671	465	73	114
672	470	68	108
671	471	69	104
673	473	69	101
676	469	57	103
675	469	64	103
669	462	65	110
669	462	65	110
658	458	76	110
649	460	87	110
639	464	98	112
641	465	95	106
647	454	83	116
651	461	76	109
647	464	79	103
648	460	80	106
641	462	78	102
633	464	90	107
636	471	86	96
634	463	74	105
628	467	81	102
626	466	84	100
626	466	76	103
616	465	88	106
616	465	88	106
625	470	69	102
625	470	69	102
618	469	74	108
618	469	74	108
603	474	85	106
603	474	85	106
587	475	103	107
589	473	100	106
572	472	124	106
584	470	109	113
576	474	117	114
550	463	125	112
557	466	134	118
520	450	153	129
502	452	179	129
506	458	174	120
513	454	177	127
485	452	176	124
479	449	163	132
495	450	141	127
504	451	130	129
508	443	111	135
511	444	99	139
511	445	94	138
509	443	91	140
507	446	103	137
502	460	102	124
500	443	94	130
497	444	102	139
593	485	104	115
494	437	96	133
482	454	90	129
464	454	98	119
468	458	91	121
461	459	92	118
463	462	88	122
460	461	74	108
456	465	76	101
457	466	68	102
452	469	70	102
442	465	75	100
441	467	77	101
432	468	82	118
422	466	84	101
420	466	80	102
417	464	82	103
409	466	88	105
417	470	68	98
405	472	84	99
395	467	84	103
386	467	96	110
382	465	77	110
372	465	79	114
369	461	78	115
358	447	90	130
355	462	80	122
340	465	93	112
331	468	91	112
338	459	92	126
335	465	76	115
329	467	80	109
332	461	74	111
323	471	90	116
317	466	90	126
300	471	99	109
294	481	88	105
277	480	98	108
277	482	88	106
269	481	84	104
268	483	90	107
259	483	102	108
252	481	112	112
251	479	97	110
245	482	103	99
237	483	107	101
236	486	101	104
222	487	113	97
215	482	112	100
220	479	103	105
221	481	103	104
223	472	104	116
232	477	102	99
241	476	107	106
254	470	97	99
266	470	88	94
281	466	81	95
303	466	66	91
305	467	77	94
313	462	75	93
318	462	78	90
321	461	77	91
322	460	84	91
323	461	82	91
325	458	74	97
324	458	77	94
318	458	96	100
313	460	88	92
314	460	96	95
304	460	105	95
297	457	102	98
291	460	105	96
285	457	113	95
280	464	111	97
274	464	118	93
277	464	114	95
270	460	99	100
264	463	111	100
265	463	108	101
259	464	106	100
259	474	100	91
254	471	104	91
247	474	103	93
244	471	103	93
240	476	103	90
246	471	97	92
242	472	101	94
243	471	105	92
255	464	85	100
261	478	99	90
261	478	105	87
266	472	106	92
290	473	89	84
302	473	97	83
313	469	95	87
327	471	94	84
332	472	100	79
338	470	103	86
345	472	103	82
351	470	96	87
348	466	101	88
347	468	109	92
344	468	107	87
353	460	93	97
349	467	100	90
342	469	103	90
338	470	96	85
338	464	98	94
327	465	112	96
327	469	118	90
338	461	105	93
344	468	105	91
358	466	100	88
388	469	92	90
382	467	99	88
416	457	106	99
433	449	100	95
447	455	98	92
474	456	86	92
474	464	102	86
486	454	82	97
493	451	96	96
496	454	100	94
503	454	77	96
495	460	82	90
494	459	94	89
490	457	91	94
492	453	88	97
492	460	86	87
495	461	87	88
495	457	81	93
495	451	67	97
486	452	81	99
477	449	95	106
469	459	103	94
470	445	95	107
457	452	108	103
449	459	111	99
443	457	120	102
442	447	120	112
437	446	109	112
435	461	101	98
433	467	97	91
433	464	106	95
426	461	102	99
422	468	98	94
416	458	100	105
415	459	99	105
414	461	94	101
418	461	87	105
422	460	82	108
404	471	96	100
410	472	92	95
403	471	94	96
407	472	88	96
396	471	92	97
398	472	92	98
390	469	91	100
390	468	83	96
388	470	77	100
393	464	66	109
389	462	84	114
377	465	86	104
381	468	73	97
380	462	75	113
379	472	85	102
367	458	90	113
366	451	92	122
371	455	74	116
370	471	68	103
366	468	67	96
368	478	61	86
366	479	58	88
370	468	57	96
364	481	65	89
363	483	67	88
364	487	55	86
362	482	68	87
363	478	55	96
367	466	48	100
366	471	50	93
365	475	53	90
367	466	51	100
369	459	52	106
367	461	54	104
367	463	56	100
373	458	47	102
367	457	57	107
373	462	47	104
373	462	48	98
375	458	53	99
378	458	49	102
379	483	53	97
381	468	55	105
385	477	52	99
387	480	55	100
389	491	56	88
396	498	71	83
407	500	65	76
421	500	71	88
427	499	55	78
434	499	52	87
438	502	63	88
445	513	63	82
454	504	65	90
464	509	71	81
471	521	68	73
475	492	71	88
483	512	63	90
492	509	55	90
487	479	63	99
499	506	52	101
504	500	53	108
506	503	61	110
511	506	73	99
510	513	70	102
515	526	72	92
527	517	68	99
528	511	70	108
534	521	54	117
556	491	52	120
534	508	64	120
547	532	65	104
568	554	76	83
560	558	70	67
564	559	67	68
564	559	67	68
579	575	74	66
579	575	74	66
579	575	74	66
579	575	74	66
601	580	84	65
609	586	83	71
632	584	73	70
632	584	73	70
632	584	73	70
632	584	73	70
632	584	73	70
655	584	67	79
655	584	67	79
674	605	65	72
674	605	65	72
653	596	66	77
671	596	73	83
657	602	78	91
668	606	94	91
662	617	109	82
693	624	91	79
698	630	83	74
698	626	87	79
724	648	71	64
736	643	65	72
746	648	58	69
731	641	60	72
734	645	72	73
733	634	68	83
741	636	61	85
754	653	77	77
753	653	87	78
746	643	87	92
762	652	85	83
760	660	93	79
766	660	82	90
769	665	95	84
772	664	102	92
774	662	98	98
784	667	90	92
797	665	74	108
802	670	81	100
807	675	86	91
813	678	93	97
815	675	100	102
824	674	97	105
831	679	95	102
839	680	90	100
837	683	93	102
838	684	101	101
838	690	106	98
841	681	106	106
849	681	102	105
857	685	96	107
857	687	100	104
854	685	104	105
852	682	114	111
854	685	113	102
864	687	100	104
861	685	113	106
864	685	109	109
868	689	109	102
874	685	108	109
874	690	111	108
880	690	105	105
880	690	103	107
878	692	109	105
879	695	108	111
865	696	116	106
865	696	112	109
855	699	112	109
844	699	109	111
837	705	105	105
814	709	105	102
800	709	110	108
779	709	111	110
763	711	109	110
741	712	107	109
720	716	109	110
709	721	102	109
687	725	107	112
664	728	113	113
650	732	113	110
637	735	116	111
627	739	118	115
627	738	114	117
621	742	118	118
616	743	120	118
617	747	116	114
616	751	118	116
617	752	122	114
623	754	114	116
625	751	117	123
630	752	115	125
638	756	110	122
640	755	113	123
644	754	115	128
653	756	111	123
651	762	118	126
654	765	124	121
660	766	118	124
660	769	127	124
670	769	118	123
671	765	125	128
671	770	134	129
671	769	140	131
685	775	132	127
687	776	133	126
694	779	130	130
694	778	132	129
706	784	122	128
704	783	131	127
700	786	137	128
695	787	138	124
697	789	148	130
691	791	154	139
697	791	154	138
696	794	160	136
695	795	164	141
697	795	168	136
688	800	182	139
701	801	169	138
704	803	166	139
715	808	153	136
713	804	155	133
721	810	148	133
713	808	161	135
720	810	157	141
734	809	143	138
735	814	144	136
736	814	143	137
744	812	136	140
744	821	142	139
745	817	143	138
756	823	133	137
749	825	142	135
762	822	129	143
759	826	135	142
756	824	136	141
757	825	133	134
759	829	127	135
763	827	116	136
771	830	110	134
768	828	111	132
769	834	108	122
772	832	115	135
769	832	108	141
765	831	125	148
766	832	119	146
767	837	119	141
767	836	116	140
764	836	129	141
764	836	125	140
764	835	123	147
756	831	135	149
758	831	119	147
754	826	127	153
750	836	144	144
751	835	137	144
753	838	128	140
753	834	136	144
749	823	145	156
747	834	132	150
744	836	150	148
741	839	156	147
742	832	162	157
739	808	172	174
741	788	164	196
753	774	126	209
755	790	128	189
753	791	152	191
747	764	126	211
756	764	124	198
762	783	119	193
755	770	133	193
755	770	133	193
809	822	129	154
809	822	129	154
809	822	129	154
809	822	129	154
799	805	148	171
782	827	139	149
799	826	136	126
776	821	120	131
779	821	117	134
782	830	95	124
784	835	78	124
784	850	86	111
780	860	83	104
771	831	73	95
785	861	88	81
785	861	88	81
785	861	88	81
821	879	77	87
821	879	77	87
821	879	77	87
821	879	77	87
821	879	77	87
821	879	77	87
821	879	77	87
821	879	77	87
742	843	89	93
741	856	98	98
736	846	99	91
733	844	95	87
730	853	92	99
733	849	82	109
732	846	95	118
719	842	107	140
705	842	139	148
700	851	159	154
695	840	175	166
694	839	177	181
676	841	202	187
705	843	185	164
713	847	180	153
727	855	177	142
738	848	167	158
744	848	177	158
749	844	183	168
761	843	173	159
768	844	175	162
776	843	179	162
790	846	162	140
802	850	162	157
804	845	175	179
795	839	187	198
813	841	186	184
815	846	189	194
835	841	179	185
850	848	171	176
858	846	175	169
864	850	177	180
870	851	183	188
873	844	185	211
883	846	179	208
896	848	184	203
913	849	172	178
917	848	184	187
919	849	187	201
924	842	188	215
940	838	179	227
949	841	182	221
956	838	181	226
972	837	180	211
982	832	176	208
990	830	178	211
996	825	184	212
1007	823	185	207
1020	825	183	208
1025	817	188	231
1035	816	188	236
1041	811	191	231
1053	812	188	212
1064	807	189	219
1073	802	188	198
1089	801	184	186
1095	802	184	188
1103	792	195	203
1116	790	192	213
1127	785	190	213
1136	788	192	202
1147	784	196	192
1157	775	202	208
1164	774	203	214
1181	768	198	205
1190	767	198	218
1198	761	204	219
1209	756	224	251
1222	746	220	307
1241	742	211	312
1255	740	200	311
1261	737	208	319
1272	720	205	310
1279	722	221	322
1292	708	225	342
1302	706	273	341
1305	696	275	339
1299	688	281	319
1297	688	282	287
1307	688	267	243
1346	696	223	198
1352	684	212	203
1367	683	201	202
1374	684	204	182
1380	670	198	194
1389	675	205	191
1394	667	206	196
1388	669	233	193
1383	664	239	182
1396	679	240	206
1387	667	263	235
1378	667	265	222
1377	662	275	249
1313	657	309	261
1320	650	335	283
1271	662	271	306
1274	677	225	277
1271	672	229	277
1276	665	205	270
1276	665	189	258
1291	668	156	248
1317	669	103	234
1306	666	95	238
1294	647	99	227
1251	667	117	252
1235	662	100	241
1217	665	111	255
1188	651	113	260
1153	653	119	249
1118	650	141	268
1086	656	154	261
1063	651	128	258
1032	648	138	266
1004	649	140	264
979	642	134	272
947	640	137	263
918	644	143	268
891	642	129	270
860	643	113	273
827	645	114	301
795	638	114	311
761	644	123	286
731	646	112	296
697	648	108	287
665	650	110	282
625	654	120	280
594	657	127	296
574	662	115	294
538	659	123	267
516	664	122	250
498	662	126	258
470	662	139	261
451	669	134	278
439	669	116	282
415	667	125	277
397	668	122	289
381	667	108	296
362	663	102	279
348	671	96	283
327	675	104	278
310	676	106	270
280	675	121	273
260	680	129	270
250	680	120	277
230	683	127	262
202	681	136	275
185	683	139	271
169	681	131	265
158	680	114	258
139	675	108	247
123	676	99	240
106	675	92	219
89	681	92	205
69	681	89	205
34	677	107	220
7	671	121	235
0	669	113	238
0	676	98	240
-3	676	87	232
-3	676	87	232
-3	676	87	232
-3	676	87	232
-3	676	87	232
-3	676	87	232
-3	676	87	232
-3	676	87	232
-3	676	87	232
-3	676	87	232
-3	676	87	232
-3	676	87	232
-3	676	87	232
-3	676	87	232
-3	676	87	232
-3	676	87	232
-3	676	87	232
-3	676	87	232
-3	676	87	232
-3	676	87	232
-3	676	87	232
-3	676	87	232
-3	676	87	232
-3	676	87	232
-3	676	87	232
-3	676	87	232
-3	676	87	232
-3	676	87	232
-3	676	87	232
-3	676	87	232
-3	676	87	232
-3	676	87	232
-3	676	87	232
-3	676	87	232
-3	676	87	232
-3	676	87	232
-3	676	87	232
-3	676	87	232
-3	676	87	232
-3	676	87	232
-3	676	87	232
-3	676	87	232
-3	676	87	232
-3	676	87	232
-3	676	87	232
-3	676	87	232
-3	676	87	232
-3	676	87	232
-3	676	87	232
-3	676	87	232
-3	676	87	232
-3	676	87	232
-3	676	87	232
-3	676	87	232
-3	676	87	232
-3	676	87	232
-3	676	87	232
-3	676	87	232
-3	676	87	232
-3	676	87	232
-3	676	87	232
-3	676	87	232
-3	676	87	232
-3	676	87	232
-3	676	87	232
-3	676	87	232
-3	676	87	232
-3	676	87	232
-4	533	72	217
-1	539	78	193
-2	549	104	187
5	548	99	183
13	549	96	182
28	545	86	187
36	554	87	175
51	550	77	184
57	548	73	192
57	546	70	195
51	552	71	187
39	563	82	188
27	564	96	191
2	550	115	209
-1	541	94	223
0	520	78	236
0	520	78	236
0	520	78	236
202	755	87	224
178	781	99	244
146	770	95	276
106	755	110	256
75	771	122	252
43	813	116	246
3	801	117	274
364	555	98	267
364	555	98	267
364	555	98	267
282	499	93	284
232	488	121	257
213	499	109	263
200	547	81	264
155	509	108	280
143	599	99	304
81	521	106	277
65	535	88	270
29	596	100	244
29	596	100	244
29	596	100	244
29	596	100	244
29	596	100	244
29	596	100	244
29	596	100	244
29	596	100	244
29	596	100	244
29	596	100	244
29	596	100	244
29	596	100	244
29	596	100	244
29	596	100	244
29	596	100	244
29	596	100	244
29	596	100	244
29	596	100	244
29	596	100	244
29	596	100	244
29	596	100	244
29	596	100	244
