1253	855	175	219
1243	854	177	213
1241	856	174	217
1230	851	183	220
1224	850	183	210
1225	847	175	213
1216	845	180	214
1219	838	173	221
1214	837	167	214
1216	833	161	212
1210	836	161	214
1207	834	158	208
1203	826	157	216
1205	824	151	207
1200	821	152	210
1194	817	152	215
1210	818	129	211
1206	806	132	216
1209	807	126	213
1216	802	118	215
1216	801	118	213
1216	799	120	216
1218	796	121	210
1219	799	121	211
1228	793	116	213
1228	788	125	214
1224	789	132	209
1239	784	120	213
1245	781	115	212
1258	778	107	210
1263	776	108	204
1268	773	105	205
1277	771	102	208
1280	773	106	199
1283	769	105	201
1294	762	103	203
1296	764	105	202
1301	760	107	207
1294	758	121	203
1310	762	112	197
1299	757	130	194
1311	759	127	196
1334	747	102	202
1343	753	96	192
1347	750	98	192
1353	746	96	193
1355	747	102	194
1358	740	98	192
1363	748	97	186
1365	738	93	188
1368	734	91	191
1367	733	93	189
1366	730	92	188
1365	723	91	187
1364	720	92	192
1361	719	90	181
1362	710	88	191
1360	708	87	191
1358	707	81	186
1352	708	84	182
1341	706	91	181
1334	701	88	178
1327	701	88	178
1316	696	89	174
1305	693	92	173
1300	686	84	177
1288	685	86	169
1279	679	79	169
1266	676	85	167
1250	679	92	164
1233	672	100	167
1219	671	99	164
1213	661	91	171
1213	668	82	164
1195	659	85	164
1185	657	82	161
1183	649	77	167
1166	650	80	162
1159	662	76	148
1143	659	80	145
1123	656	92	148
1104	654	103	149
1104	657	90	137
1092	656	86	136
1089	651	79	140
1088	641	67	151
1073	644	71	139
1062	642	73	143
1037	647	86	132
1019	641	94	135
1006	645	99	131
982	647	118	127
963	639	130	130
953	651	117	116
961	634	117	134
942	619	112	140
928	617	117	148
923	611	117	150
918	607	117	149
907	605	121	148
900	616	129	138
897	610	120	141
890	609	136	139
884	626	128	121
886	629	121	117
886	615	115	124
904	605	98	135
890	597	109	147
883	600	120	135
880	593	126	142
886	592	120	135
891	594	116	137
903	602	114	126
917	600	96	124
920	597	99	128
927	590	101	135
911	587	117	128
935	590	104	129
928	587	115	128
964	579	94	134
982	579	76	130
989	578	73	131
998	576	72	140
1010	572	67	135
1017	572	70	137
1032	570	59	136
1038	575	61	123
1035	565	68	134
1040	554	82	148
1054	570	80	133
1020	566	107	135
1007	579	126	114
1003	572	135	119
1030	581	120	111
1052	588	110	99
1073	563	113	123
1065	552	136	139
1065	538	119	151
1078	549	120	140
1082	535	121	152
1069	521	127	169
1086	522	114	163
1095	499	104	190
1092	509	108	180
1087	502	120	183
1069	517	142	180
1068	500	145	186
1078	499	145	187
1069	488	163	203
1068	473	158	215
1063	463	138	220
1072	504	115	173
1066	539	122	144
1082	520	101	155
1083	519	107	152
1065	507	95	162
1069	495	83	164
1051	506	85	174
1063	499	62	183
1055	503	62	182
1057	497	58	177
1054	499	60	166
1047	530	68	150
1047	532	58	140
1042	531	58	127
1039	536	60	119
1044	528	63	126
1040	521	61	131
1036	529	64	142
1039	520	63	137
1039	508	66	148
1039	515	59	143
1035	505	57	142
1039	509	59	142
1038	509	57	140
1039	502	54	139
1036	504	57	151
1035	501	54	159
1035	487	53	162
1036	485	67	163
1031	501	63	157
1035	497	58	143
1039	501	53	132
1039	501	53	130
1037	504	51	124
1037	506	56	118
1036	512	59	105
1037	519	49	107
1037	521	47	98
1035	523	55	99
1036	525	45	96
1032	522	48	96
1035	524	51	98
1036	522	42	99
1035	526	45	90
1034	523	46	92
1034	517	49	103
1036	522	49	103
1037	513	50	118
1036	511	50	134
1032	508	61	150
1035	494	56	159
1038	500	56	155
1038	484	54	166
1033	498	61	163
1034	492	60	156
1035	502	56	152
1038	506	53	141
1038	486	51	142
1033	492	58	126
1037	498	61	136
1038	500	74	139
1036	498	62	130
1043	501	55	113
1043	510	56	107
1044	509	55	125
1042	489	54	114
1045	507	58	101
1045	509	55	105
1044	509	60	113
1046	502	50	123
1046	505	55	118
1048	506	54	107
1048	501	53	108
1049	509	55	107
1051	504	58	104
1051	508	53	103
1051	506	56	107
1048	505	59	103
1051	509	61	106
1052	506	57	100
1053	502	55	102
1052	506	57	104
1054	507	57	106
1056	513	54	99
1055	523	60	87
1056	522	64	88
1055	519	69	102
1058	515	66	95
1056	512	62	99
1061	509	60	106
1059	515	72	95
1058	520	67	91
1055	512	71	93
1060	527	60	101
1067	510	56	100
1065	517	60	87
1070	525	51	81
1070	524	53	79
1073	522	49	79
1070	524	50	86
1066	528	53	86
1072	532	47	81
1071	533	50	81
1071	535	59	80
1066	528	61	85
1069	527	66	84
1061	523	75	98
1077	521	84	108
1072	516	79	101
1064	518	70	97
1067	520	64	108
1079	520	71	118
1073	521	78	125
1075	520	70	103
1073	522	80	111
1076	534	76	119
1086	521	68	130
1072	526	73	119
1075	519	91	131
1080	503	82	122
1078	504	76	125
1090	504	74	116
1090	518	66	101
1100	523	50	93
1102	505	59	93
1101	521	62	106
1094	508	74	109
1091	507	74	116
1095	499	72	134
1093	518	80	124
1095	505	84	119
1106	506	78	111
1114	507	63	99
1110	503	75	113
1101	507	84	127
1104	491	80	133
1103	487	82	161
1096	488	91	175
1101	464	86	192
1105	467	82	191
1101	460	99	195
1101	464	87	199
1097	461	102	182
1100	485	101	157
1061	493	133	136
1067	493	148	118
1083	497	126	128
1091	510	113	111
1092	498	106	119
1106	504	86	111
1107	487	88	105
1106	498	89	123
1106	491	87	129
1114	486	67	128
1115	487	74	134
1116	495	74	131
1118	500	70	135
1115	491	73	148
1117	494	76	139
1116	488	90	124
1116	498	92	111
1122	506	77	102
1117	515	67	80
1116	516	57	75
1123	519	44	60
1126	522	48	59
1129	524	44	55
1126	532	48	49
1130	511	47	55
1134	508	50	62
1132	504	42	71
1133	525	36	59
1135	513	35	65
1134	509	30	66
1132	526	28	72
1139	523	33	64
1137	532	39	55
1131	538	41	64
1141	525	44	62
1153	496	48	72
1151	495	47	67
1151	503	48	73
1150	509	55	70
1144	510	55	64
1157	508	53	70
1154	508	51	73
1150	507	53	87
1153	505	48	82
1154	494	51	93
1154	489	56	95
1150	502	59	101
1159	500	52	103
1157	503	54	102
1155	498	60	112
1161	506	51	106
1156	511	62	96
1156	508	61	90
1162	500	57	107
1154	503	70	109
1146	496	81	115
1161	489	66	138
1164	483	55	139
1159	496	67	125
1166	482	48	130
1173	506	43	150
1168	469	54	161
1168	469	54	161
1171	478	68	158
1179	490	48	153
1177	494	42	150
1181	506	41	157
1179	486	55	144
1183	488	41	147
1184	523	51	153
1180	515	46	149
1175	480	58	157
1172	487	69	154
1185	497	54	144
1173	498	46	139
1173	498	46	139
1184	495	62	138
1158	504	79	122
1158	504	79	122
1158	504	79	122
1179	523	64	141
1146	541	82	129
1146	541	82	129
1146	541	82	129
1160	496	69	139
1185	537	59	155
1191	532	40	157
1186	524	43	163
1183	504	50	181
1187	523	49	169
1189	536	50	159
1181	522	56	160
1182	536	58	158
1159	510	67	139
1191	544	47	149
1186	553	56	139
1133	496	56	146
1155	523	51	151
1192	532	40	166
1189	535	48	165
1186	545	51	150
1177	556	63	133
1180	554	61	135
1182	555	63	137
1180	552	61	136
1177	554	60	128
1171	559	68	125
1178	553	60	137
1181	549	56	131
1179	555	58	124
1175	563	51	120
1182	548	38	132
1179	555	44	123
1175	566	45	115
1173	567	49	110
1174	559	48	117
1173	565	45	116
1169	574	53	105
1170	567	41	109
1168	571	42	109
1162	572	47	106
1161	568	51	115
1154	568	62	114
1154	570	59	115
1156	565	62	120
1156	571	55	106
1148	575	68	112
1151	572	59	110
1154	573	56	108
1147	577	57	102
1151	581	55	103
1150	582	56	96
1148	578	58	106
1147	580	56	112
1144	575	59	120
1139	580	56	117
1139	587	57	105
1137	584	56	108
1134	581	56	107
1111	593	72	108
1120	587	67	112
1128	589	54	106
1118	590	58	119
1119	591	58	118
1124	593	50	112
1125	593	50	114
1125	593	45	115
1127	594	45	117
1126	600	43	113
1116	602	55	114
1120	599	52	121
1120	604	52	114
1119	602	52	124
1114	605	58	120
1103	608	68	119
1111	608	60	124
1123	597	52	134
1111	606	62	134
1122	608	50	130
1123	607	52	130
1125	609	50	133
1126	610	51	131
1122	614	58	129
1120	616	60	126
1115	616	65	129
1102	609	83	141
1110	618	78	132
1121	612	68	141
1133	618	52	140
1131	625	53	134
1127	624	56	134
1119	631	65	130
1123	632	58	130
1118	631	64	132
1117	628	57	134
1114	630	58	137
1109	634	59	133
1106	636	59	132
1104	640	55	130
1100	641	54	130
1097	642	52	134
1092	641	52	136
1091	638	50	141
1086	643	49	136
1082	647	49	138
1079	646	50	139
1070	652	54	136
1068	651	56	135
1065	648	53	143
1059	654	53	138
1056	653	55	140
1053	655	56	142
1051	656	53	143
1047	658	57	143
1045	659	56	143
1043	658	56	143
1041	655	56	149
1037	663	59	145
1035	663	58	146
1033	659	58	155
1029	666	62	148
1028	667	61	152
1027	671	63	145
1027	671	62	145
1027	675	60	146
1025	673	62	148
1023	677	65	148
1022	676	65	148
1021	678	68	150
1021	677	67	152
1020	680	69	153
1022	683	68	157
1024	682	69	159
1024	687	74	154
1026	691	76	156
1032	691	76	154
1034	690	86	160
1035	695	90	160
1050	696	87	161
1052	702	92	159
1067	703	86	159
1075	707	88	160
1088	711	87	155
1093	710	91	161
1107	715	89	160
1119	713	88	163
1127	718	92	162
1131	722	103	161
1145	724	103	161
1159	723	98	171
1170	730	103	163
1180	731	105	168
1187	736	111	168
1206	735	107	169
1212	739	113	168
1213	738	126	171
1216	739	142	170
1217	745	151	176
1242	740	143	177
1252	748	142	176
1258	748	150	180
1272	751	160	180
1296	756	145	176
1298	755	155	179
1312	757	168	179
1325	763	167	178
1334	756	186	184
1353	740	203	206
1361	726	239	219
1372	726	226	226
1381	728	206	221
1394	727	197	231
1411	725	173	234
1418	721	177	239
1422	724	179	244
1429	705	182	266
1424	706	199	276
1429	707	205	276
1428	701	216	285
1416	696	240	298
1407	691	258	310
1400	686	279	311
1468	737	233	287
1499	757	214	268
1524	797	196	226
1529	812	199	219
1545	815	188	220
1550	820	201	227
1561	830	198	214
1567	826	202	221
1587	834	196	226
1592	833	198	233
1600	836	202	237
1615	843	200	228
1620	844	212	233
1630	856	210	228
1644	854	203	224
1647	860	218	221
1663	858	216	226
1669	867	230	224
1674	876	229	209
1691	887	215	196
