212	288	1130	772
198	301	1160	767
218	301	1084	784
169	292	1166	758
169	286	1163	769
165	276	1159	783
177	274	1150	760
174	274	1180	818
134	276	1197	769
128	302	1221	788
132	272	1228	812
116	252	1199	810
129	258	1222	802
140	272	1194	823
135	299	1178	757
152	296	1159	797
105	306	1212	762
128	282	1194	781
135	331	1160	751
107	348	1189	719
121	322	1157	743
119	330	1141	750
112	324	1194	744
108	313	1175	761
124	326	1162	754
134	307	1141	756
101	328	1177	724
133	351	1146	721
84	341	1220	735
95	332	1207	761
105	285	1200	772
128	284	1192	760
114	309	1197	749
78	283	1217	782
104	313	1184	788
82	308	1235	754
82	300	1213	773
107	277	1200	785
146	268	1153	766
115	303	1173	774
95	333	1192	779
105	313	1191	764
127	320	1142	765
81	305	1228	760
86	301	1199	786
125	292	1134	774
94	308	1195	773
85	296	1225	784
115	277	1180	793
146	294	1144	777
97	292	1190	786
61	308	1256	799
155	313	1080	757
109	289	1188	762
120	297	1157	766
97	294	1229	807
64	290	1228	827
132	259	1133	816
181	298	1090	769
181	298	1070	770
186	338	1062	745
195	305	1045	757
182	310	1062	758
174	283	1100	783
197	324	1035	736
180	343	1072	768
192	289	1038	775
199	319	1039	740
186	319	1063	727
163	288	1077	809
212	322	1034	743
194	304	1048	754
175	328	1049	758
168	319	1070	740
215	303	1010	776
174	317	1086	744
170	295	1094	776
175	309	1054	778
182	342	1035	701
191	336	1049	757
182	333	1052	721
183	362	1058	673
190	339	1035	712
193	365	1026	699
171	330	1056	733
147	323	1099	735
144	370	1105	689
158	331	1088	748
177	332	1053	722
170	330	1071	755
188	339	1030	709
201	377	1000	669
213	354	997	700
192	357	1021	703
201	341	1024	714
155	358	1052	722
184	316	1028	755
170	333	1038	710
194	379	1007	662
176	310	1017	749
137	330	1072	782
175	359	1031	698
191	340	1005	729
195	374	993	685
189	345	1000	691
174	382	1011	693
199	317	970	762
182	333	970	722
211	387	931	693
194	389	983	658
223	379	912	686
228	379	938	664
237	389	888	671
219	373	915	689
213	389	941	667
221	362	919	694
214	396	914	682
213	349	918	718
213	352	912	729
208	337	912	703
221	363	861	690
194	336	937	744
217	354	855	688
222	374	872	688
219	340	879	712
198	364	887	726
211	360	896	703
208	378	874	677
194	402	911	680
215	348	864	705
197	412	887	644
212	375	864	675
209	375	853	676
223	382	807	669
217	293	856	769
213	354	823	721
213	331	844	718
208	361	808	718
232	358	822	712
227	310	783	744
230	378	774	657
240	399	754	649
227	419	774	630
230	366	801	696
226	386	730	661
231	380	737	685
241	347	714	717
204	399	789	662
228	361	756	709
229	366	737	707
223	357	764	708
221	366	774	693
220	355	741	713
233	396	758	652
224	394	723	672
222	363	704	684
239	436	732	622
227	420	759	640
218	347	752	716
226	370	697	662
229	394	717	664
233	394	693	644
218	388	720	649
227	356	711	710
211	390	746	659
206	370	742	691
235	372	702	678
240	372	688	672
229	423	700	615
239	398	702	648
250	375	662	673
228	346	690	709
257	388	654	656
243	406	680	639
240	370	685	693
243	366	673	695
235	341	688	705
253	394	631	651
253	395	624	643
252	409	636	607
247	377	634	670
242	378	664	661
262	388	636	661
262	374	633	671
267	375	624	666
259	371	633	664
269	374	629	682
264	376	654	666
245	358	662	684
269	382	630	660
266	373	579	647
262	359	594	708
255	363	628	679
261	396	640	634
264	366	607	652
266	406	602	611
269	395	585	581
295	409	533	537
288	404	549	565
300	405	550	569
298	414	542	530
307	405	528	547
300	421	539	517
276	411	593	554
299	424	550	533
299	429	528	517
315	436	525	495
311	442	537	495
315	412	521	551
303	416	538	541
308	416	541	563
340	409	477	545
318	415	525	535
305	410	534	528
309	414	520	520
319	412	512	506
320	421	503	501
319	420	505	500
323	442	512	480
330	431	491	487
312	418	511	499
321	443	498	465
324	446	513	461
320	415	510	502
331	426	490	481
333	449	489	446
350	451	448	433
331	435	480	476
335	424	477	474
341	449	466	441
331	435	488	468
348	447	460	450
343	457	483	441
354	441	458	455
353	440	464	466
353	439	471	463
347	436	467	451
356	435	457	461
356	433	458	461
364	455	456	435
361	455	453	430
366	446	443	440
362	451	447	434
364	435	439	454
368	436	434	455
382	440	421	435
357	467	455	410
368	453	442	437
384	450	416	423
373	452	431	430
370	455	443	435
388	450	410	435
367	452	444	428
380	456	432	409
364	452	442	421
378	470	425	389
379	460	417	413
390	474	400	396
374	466	424	420
379	469	420	401
387	470	410	408
388	480	413	386
399	477	393	391
393	470	404	407
379	480	425	377
383	473	409	380
403	478	381	373
398	476	399	383
393	472	402	390
405	495	377	354
379	487	413	361
405	481	371	364
392	477	381	369
391	486	385	358
397	478	388	368
400	470	372	369
391	470	380	372
405	479	362	361
382	473	381	366
413	472	364	376
420	487	358	344
408	481	368	351
414	472	356	364
405	482	374	342
412	488	366	333
425	471	350	358
433	486	345	343
424	477	355	352
422	480	363	340
424	490	353	339
428	505	347	313
423	501	354	321
436	500	344	321
437	496	336	326
424	504	355	312
428	491	347	332
442	495	330	322
441	492	337	328
435	499	344	326
444	502	337	315
448	485	333	328
452	488	320	324
441	499	342	313
442	501	339	315
456	489	323	326
440	507	344	304
456	511	327	295
439	505	338	304
446	510	332	294
461	509	317	297
458	495	324	312
461	505	326	304
459	501	327	300
473	499	312	302
457	507	325	292
481	514	302	284
453	501	331	293
457	503	325	287
452	513	329	275
467	495	312	297
467	495	308	292
474	497	308	291
474	495	307	295
469	497	311	292
486	501	297	284
480	496	301	292
471	509	308	281
485	500	302	284
497	511	286	274
503	493	277	291
494	502	287	279
491	506	291	278
481	507	307	269
509	503	275	277
502	490	280	284
521	488	260	287
507	486	274	293
513	496	271	279
509	496	282	274
507	485	287	289
517	494	278	278
517	509	280	260
517	497	281	270
525	500	272	272
529	503	274	259
522	493	282	275
521	498	276	266
521	506	276	254
537	501	262	263
532	514	275	248
539	503	264	260
542	502	258	261
541	497	260	273
539	499	268	263
551	501	260	255
550	493	264	270
555	501	256	261
555	493	255	273
566	498	248	273
548	501	276	265
562	494	257	264
571	492	248	273
575	494	240	268
564	502	254	258
580	491	239	272
570	490	257	274
583	497	239	263
579	503	247	253
586	507	242	246
582	512	244	235
587	508	244	240
595	512	244	235
593	507	243	240
598	508	241	241
593	508	247	244
608	505	231	242
617	514	220	230
603	501	237	241
619	504	218	240
620	515	225	228
625	513	224	231
622	502	226	243
613	513	239	229
629	514	225	229
619	503	234	240
622	511	238	230
637	519	222	221
634	508	223	232
629	515	229	227
647	516	206	225
642	505	216	232
651	514	208	223
649	512	207	225
650	524	215	217
634	514	232	220
647	504	217	233
656	516	211	222
657	514	210	225
663	512	205	227
655	517	212	219
662	506	207	232
645	501	224	234
658	512	208	226
672	515	195	221
652	508	213	226
659	518	206	217
657	509	211	227
665	514	200	221
658	518	207	214
665	515	195	221
671	519	184	215
662	517	195	209
667	520	194	214
654	524	204	210
661	524	196	213
651	522	205	208
654	520	202	216
659	519	194	215
651	525	203	211
650	531	205	203
660	523	196	207
662	515	194	224
661	523	191	214
658	517	191	216
654	520	196	217
651	534	202	201
650	544	204	183
640	535	213	189
659	521	188	210
666	512	182	223
651	520	199	211
664	514	183	220
669	531	177	204
661	514	188	220
668	525	175	210
670	518	179	219
653	533	197	201
670	535	178	201
673	531	175	195
672	532	177	198
671	524	178	209
677	535	174	196
671	537	179	194
669	529	182	199
678	526	178	206
684	518	161	213
683	524	167	202
681	534	172	191
683	529	170	197
680	531	177	197
685	527	168	199
684	524	166	203
685	529	167	196
691	535	164	192
679	538	178	185
693	527	161	202
696	536	161	194
694	537	163	187
695	529	165	192
700	531	163	196
695	530	166	192
699	531	165	194
703	541	163	178
700	538	162	181
708	547	154	171
701	543	163	174
705	542	161	175
715	546	149	170
708	538	155	179
704	548	168	170
710	547	158	169
714	553	155	165
708	546	162	171
715	556	158	160
716	547	157	171
717	547	153	172
713	551	158	171
710	551	163	165
720	542	153	175
721	545	152	173
724	543	146	174
722	555	152	163
725	543	145	174
725	545	146	173
727	550	144	167
723	555	152	162
720	556	155	163
720	556	155	163
720	556	155	163
720	556	155	163
720	556	155	163
720	556	155	163
720	556	155	163
720	556	155	163
720	556	155	163
720	556	155	163
720	556	155	163
720	556	155	163
720	556	155	163
720	556	155	163
720	556	155	163
720	556	155	163
720	556	155	163
720	556	155	163
720	556	155	163
720	556	155	163
720	556	155	163
720	556	155	163
720	556	155	163
720	556	155	163
720	556	155	163
720	556	155	163
720	556	155	163
720	556	155	163
720	556	155	163
720	556	155	163
720	556	155	163
720	556	155	163
720	556	155	163
720	556	155	163
720	556	155	163
720	556	155	163
720	556	155	163
720	556	155	163
720	556	155	163
720	556	155	163
720	556	155	163
720	556	155	163
740	554	142	165
743	559	134	155
745	555	133	160
747	557	130	161
746	548	131	165
744	564	135	151
742	561	134	151
745	559	133	155
748	566	128	148
750	567	125	145
738	559	137	155
743	560	132	155
745	563	129	151
748	567	130	147
743	557	131	157
743	563	133	150
742	559	134	156
733	558	144	159
738	575	137	144
741	570	135	146
745	575	131	140
748	585	129	131
742	580	132	137
741	572	135	148
751	578	130	139
748	568	126	149
741	578	137	143
742	569	134	147
752	579	120	140
749	574	126	145
755	569	119	150
752	574	123	147
748	571	129	149
751	569	129	152
753	571	126	153
758	564	119	160
758	566	118	155
757	574	119	150
756	565	123	163
762	567	115	160
760	564	117	163
763	564	114	162
763	569	119	160
763	572	118	156
763	571	121	158
767	571	112	159
761	573	130	169
764	570	132	168
765	563	137	181
766	569	131	174
761	573	133	162
760	577	134	171
764	577	119	150
759	574	119	152
767	573	113	154
768	572	109	158
763	572	116	154
765	571	113	157
766	574	114	152
768	579	111	148
769	577	109	147
770	582	110	142
772	585	107	136
756	578	126	143
770	590	115	129
770	584	111	137
767	581	114	138
767	581	114	138
770	584	112	135
770	573	113	151
773	578	109	145
772	582	108	140
772	584	113	139
772	584	113	139
775	587	107	134
773	592	106	127
773	592	106	127
765	587	119	134
765	587	119	134
772	587	120	138
772	587	120	138
772	587	120	138
772	587	120	138
772	587	120	138
772	587	120	138
772	587	120	138
772	587	120	138
772	587	120	138
776	580	111	145
776	580	111	145
776	580	111	145
779	587	106	136
779	587	106	136
779	587	106	136
779	587	106	136
784	586	107	138
784	584	107	140
784	584	107	140
787	590	127	143
628	385	149	136
628	385	149	136
628	385	149	136
628	385	149	136
792	583	145	155
792	583	145	155
792	583	145	155
792	583	145	155
793	579	163	187
785	564	181	206
785	564	181	206
791	556	183	224
791	556	183	224
791	556	183	224
791	556	183	224
803	546	183	228
797	553	179	228
797	553	179	228
797	553	179	228
797	553	179	228
797	553	179	228
813	545	173	230
813	545	173	230
813	545	173	230
813	545	173	230
825	550	152	211
820	566	162	195
825	558	167	201
816	563	166	204
815	567	175	203
813	553	181	221
822	552	177	217
821	560	180	208
821	560	180	208
821	560	180	208
833	562	161	196
837	564	161	195
822	574	164	176
835	565	160	193
844	555	157	207
819	573	176	194
831	565	166	196
831	565	166	196
846	553	142	206
839	554	161	204
844	547	154	217
844	547	154	217
844	547	154	217
855	551	144	214
836	561	173	206
849	540	172	219
828	531	161	238
851	554	145	201
855	552	156	205
862	547	145	220
869	549	123	213
863	562	139	196
855	562	171	194
862	554	151	197
862	561	144	200
860	556	154	201
863	560	150	200
862	565	148	190
855	557	167	200
855	563	153	190
859	564	160	194
867	550	142	203
869	546	142	210
867	562	145	199
866	568	139	180
861	566	146	189
866	560	152	198
867	561	149	192
869	558	143	192
864	554	152	214
868	548	153	217
872	551	136	207
875	547	141	210
873	566	146	181
873	566	146	181
861	573	159	174
867	571	154	178
855	597	163	147
866	577	149	167
873	568	149	174
873	570	146	168
869	574	153	153
883	578	123	134
883	578	123	134
883	578	123	134
883	578	123	134
874	582	128	139
874	582	128	139
881	576	122	137
881	572	128	148
883	579	133	130
883	579	133	130
881	573	133	138
886	585	113	117
881	588	94	108
887	581	82	112
881	577	87	117
885	579	82	116
886	577	80	115
888	577	77	116
884	579	84	115
885	578	87	119
885	578	87	119
888	581	80	112
885	579	82	113
885	579	82	113
885	576	83	117
887	580	81	115
885	581	83	109
885	581	83	109
887	579	82	109
891	580	76	109
890	578	79	111
891	577	76	116
894	576	71	112
892	577	73	111
887	573	83	117
889	580	79	112
888	576	83	114
893	571	74	120
893	575	73	113
894	570	71	119
892	573	77	118
893	572	75	118
894	575	75	113
893	574	78	114
893	568	77	122
894	570	77	121
894	571	78	117
894	571	78	116
895	568	77	119
895	573	75	112
895	568	74	118
895	567	75	118
895	573	75	107
894	569	74	111
892	574	76	105
891	571	77	108
885	572	85	110
885	572	85	110
889	570	81	108
890	578	78	100
894	570	79	110
894	571	76	109
897	572	72	109
897	572	72	104
898	570	72	106
900	571	69	106
897	570	74	109
899	569	72	110
897	564	75	116
895	563	77	116
895	567	77	110
896	568	75	108
895	565	78	112
892	567	81	108
895	570	76	103
892	566	80	110
894	573	78	100
892	566	82	108
896	566	77	108
895	565	77	112
897	567	76	107
899	569	71	102
899	562	73	112
897	571	75	101
898	567	77	103
899	565	72	106
902	562	69	108
900	565	72	106
903	560	68	111
905	563	66	108
904	562	68	108
905	564	65	106
902	555	70	116
904	562	69	107
905	553	66	118
905	559	66	111
903	561	69	107
906	564	66	103
901	558	72	110
903	557	70	111
902	559	73	109
902	560	74	108
906	557	68	111
904	558	73	111
907	560	68	106
908	559	67	108
909	557	67	107
907	558	71	106
907	560	71	106
907	560	71	104
907	564	71	99
908	559	70	104
911	559	67	106
912	551	66	111
913	556	67	106
915	558	65	103
915	559	66	101
915	560	65	100
916	558	64	104
915	558	66	102
917	559	66	100
922	556	58	103
920	556	60	104
919	556	62	102
920	553	61	106
919	553	64	106
920	557	63	102
922	554	61	106
922	554	59	105
922	552	61	107
923	554	59	103
923	559	59	98
922	552	59	105
922	554	60	103
922	556	60	102
922	557	62	98
922	557	61	99
924	556	59	100
922	552	62	106
921	554	64	102
923	556	60	100
921	552	63	104
921	564	64	90
927	555	55	100
926	554	57	101
922	550	63	105
924	556	62	96
923	555	63	99
925	554	61	99
926	549	62	105
926	549	61	103
929	551	58	103
930	552	58	102
926	547	65	106
930	545	61	108
930	547	61	105
929	550	64	104
929	553	65	99
932	552	62	101
932	549	63	106
936	555	59	97
939	550	59	103
940	551	57	102
940	550	59	103
941	546	58	108
942	549	59	103
945	551	55	101
940	552	66	98
941	552	65	101
943	545	63	110
944	545	63	112
941	549	69	101
948	548	59	105
949	549	60	106
950	549	60	107
952	546	59	112
953	549	60	102
954	549	59	107
958	547	52	103
958	544	54	107
958	549	55	105
959	544	55	110
962	548	53	100
959	547	59	100
963	547	53	105
964	545	54	103
963	548	56	99
965	547	53	99
966	549	55	97
969	548	55	96
971	545	52	101
972	548	53	98
973	549	54	96
975	548	54	97
976	546	54	100
975	550	57	98
976	552	58	93
979	549	55	97
980	549	56	96
982	544	54	104
982	544	53	102
981	549	56	96
984	544	53	100
982	545	55	99
983	544	52	101
982	546	56	100
981	549	58	95
980	551	59	94
982	545	57	101
981	548	58	99
984	542	49	108
984	539	50	107
981	543	54	106
982	540	50	104
983	542	49	107
982	540	49	104
982	544	51	100
981	548	52	94
982	544	49	97
981	542	51	102
980	541	50	99
977	544	54	97
975	544	54	97
977	543	52	97
973	542	56	99
975	543	52	98
972	539	56	101
969	545	58	94
967	541	60	99
971	542	55	100
969	546	56	95
968	549	57	89
971	541	52	97
967	541	54	96
968	544	54	98
964	540	60	97
964	542	59	96
962	542	59	95
967	543	52	95
966	540	50	95
961	542	56	93
964	541	50	95
961	540	53	96
962	541	50	94
962	542	50	93
960	539	51	95
959	541	49	93
958	539	51	94
955	541	53	92
955	542	51	90
957	537	47	96
954	540	49	92
952	534	51	101
952	537	49	95
952	536	48	97
950	538	50	93
950	538	48	95
948	541	48	90
947	538	50	94
946	536	50	95
945	538	49	93
945	537	47	95
944	536	46	95
943	540	46	92
942	536	49	95
941	539	50	89
940	539	50	91
940	540	49	91
941	536	46	94
940	533	44	97
937	537	47	94
938	539	45	92
938	533	44	97
936	533	45	98
929	537	55	91
931	539	49	89
928	533	52	96
929	536	47	93
931	534	44	95
926	538	51	93
924	535	51	96
924	533	49	98
925	534	45	95
925	532	46	98
924	534	47	95
921	538	50	92
921	535	46	96
921	536	46	94
920	539	46	90
915	536	51	93
917	532	47	97
914	530	49	99
916	533	47	97
914	536	48	92
912	529	50	101
912	526	49	104
913	530	46	100
913	531	46	98
910	531	49	97
910	534	48	94
909	531	50	98
907	538	53	90
908	537	50	92
906	529	51	100
907	530	50	100
909	526	48	105
909	532	47	97
910	527	45	102
909	526	47	104
909	529	46	100
908	526	47	103
908	524	45	107
910	527	43	106
909	528	46	103
907	526	46	105
905	526	50	105
906	522	48	110
905	518	49	114
903	519	52	111
903	516	53	118
900	510	57	130
897	514	63	119
898	508	59	125
899	511	65	119
900	510	77	121
897	513	97	122
895	517	102	126
877	513	124	125
889	507	114	138
894	486	108	158
884	494	114	148
888	487	118	166
885	490	119	158
886	487	119	158
885	490	119	151
887	499	114	143
887	491	118	153
882	480	126	164
879	483	135	163
870	470	152	177
864	499	155	210
846	497	175	232
831	494	197	274
831	460	205	292
822	504	254	266
811	518	286	312
815	528	266	368
799	552	295	434
812	495	288	526
825	397	293	634
798	393	324	696
823	294	339	764
830	283	328	782
835	276	378	779
830	250	485	826
835	247	675	817
830	243	685	808
853	233	652	810
862	245	652	820
858	246	649	780
749	273	660	776
815	258	710	823
805	232	707	836
831	239	696	825
812	240	695	811
798	242	713	807
820	230	674	816
801	248	707	791
826	252	671	796
790	233	715	816
797	253	741	796
795	247	685	806
799	256	688	797
834	254	656	786
850	232	626	815
805	261	701	782
821	270	675	765
811	273	670	784
811	268	680	773
832	263	651	778
833	260	651	780
815	267	664	761
830	257	649	793
833	266	630	760
827	280	630	772
823	264	658	798
819	254	650	785
821	249	660	808
828	249	639	791
826	276	642	780
820	263	644	783
873	252	606	795
841	258	617	789
799	271	691	783
806	269	648	765
837	257	624	778
838	232	610	828
845	244	612	805
858	265	603	803
844	252	609	798
833	254	630	791
837	243	618	802
829	257	652	802
829	262	637	782
842	251	608	799
825	246	625	829
829	279	637	763
824	283	648	768
825	268	627	772
831	262	624	795
830	249	615	810
825	258	602	798
792	268	663	795
836	270	607	778
836	280	603	781
851	280	578	791
861	279	564	759
807	263	630	800
792	275	668	779
811	266	598	777
804	287	608	773
788	278	629	763
788	294	633	782
781	286	661	783
779	269	660	802
800	271	606	789
803	288	606	757
833	262	563	790
828	273	609	793
836	266	605	790
830	292	581	795
827	279	567	779
876	273	506	776
910	264	471	803
896	274	495	793
890	292	507	753
871	279	515	769
869	278	506	790
891	258	490	804
822	275	552	775
810	266	564	786
772	260	627	792
798	279	577	789
776	284	588	769
853	267	511	795
869	273	482	790
