431	255	206	145
428	251	210	158
426	255	213	156
423	247	221	170
431	256	217	158
428	256	218	151
434	250	210	165
426	251	227	157
430	257	217	152
428	255	215	153
428	255	213	159
430	252	222	166
425	255	224	155
430	258	226	159
429	258	218	161
430	251	223	167
426	257	221	155
431	259	218	151
430	256	216	164
436	259	211	145
432	261	210	147
431	260	215	153
432	258	215	160
434	254	207	161
434	260	214	155
432	261	216	146
434	261	213	152
431	254	220	163
431	257	223	156
431	258	213	146
431	262	223	142
433	262	223	148
433	258	216	155
431	263	221	142
431	258	222	159
433	261	219	145
436	262	212	154
432	262	218	143
436	260	211	150
434	261	223	152
431	262	228	152
430	260	228	150
433	256	228	162
436	260	216	151
434	259	217	152
434	261	220	154
435	261	224	148
433	261	231	149
433	263	222	152
436	261	217	154
432	263	227	139
431	264	230	153
432	257	227	161
432	260	231	163
428	261	224	151
434	266	227	150
431	260	232	149
434	262	224	147
431	264	231	143
432	264	230	142
431	263	227	158
427	260	231	152
426	262	236	151
432	260	231	155
431	260	227	166
432	259	225	162
429	262	241	151
436	261	222	157
429	266	234	153
434	259	226	161
438	265	219	156
432	261	231	164
428	265	232	156
424	264	251	149
432	269	230	163
433	264	223	151
427	265	239	156
433	260	227	157
434	262	227	156
435	266	215	165
432	264	236	159
430	264	232	159
431	262	234	162
429	265	239	155
435	269	221	150
430	266	222	152
434	265	227	157
429	266	242	147
430	268	238	140
435	266	222	144
433	264	229	156
433	266	229	161
430	265	239	151
436	266	227	160
436	260	223	168
433	264	228	159
434	267	229	152
433	267	224	153
437	264	219	157
436	265	227	160
433	269	225	157
436	265	231	156
437	266	220	156
435	267	226	153
433	268	229	152
429	268	240	155
434	268	232	152
437	272	216	147
432	264	224	160
436	270	226	152
432	268	227	157
432	268	233	155
428	270	235	148
431	270	232	147
436	273	228	139
429	273	236	147
432	273	227	149
428	268	239	159
430	269	242	143
432	273	234	144
433	274	233	139
435	274	227	140
432	272	231	148
432	274	233	147
432	274	235	147
433	274	237	142
429	275	232	153
431	272	228	166
431	267	231	169
432	276	232	148
432	265	230	163
432	274	233	151
432	271	237	155
428	273	239	154
426	270	245	165
427	274	240	155
432	274	235	149
433	276	235	148
432	274	233	148
430	276	236	159
433	268	231	164
431	272	230	161
426	269	242	172
427	269	248	168
430	271	242	155
434	275	232	157
429	273	236	160
430	271	239	165
432	275	238	159
434	276	228	153
431	269	241	168
429	274	239	153
432	278	243	142
431	274	237	159
432	270	239	162
434	274	231	158
431	272	245	168
433	274	234	164
432	277	240	156
432	279	240	149
435	279	232	146
430	280	241	149
436	278	229	163
436	276	230	164
432	275	235	159
435	281	237	156
433	271	238	171
433	274	240	168
434	275	235	162
436	274	224	181
433	269	227	181
434	276	236	173
427	279	239	152
435	278	249	155
440	275	223	168
440	275	226	168
440	270	228	176
430	279	247	160
433	277	239	164
434	276	243	167
436	275	239	167
441	270	223	181
435	280	234	179
437	279	241	159
438	282	231	161
442	276	231	162
448	276	218	164
436	270	241	175
437	284	238	168
440	278	230	162
443	283	233	157
443	277	233	164
443	282	232	161
437	279	241	161
441	283	234	164
437	281	249	156
437	282	242	166
440	283	229	154
439	280	241	165
436	284	241	166
439	280	237	173
438	288	230	162
435	284	240	155
439	284	247	158
440	285	227	154
439	289	241	145
442	287	235	160
440	282	238	173
431	278	249	175
437	284	241	175
436	280	244	174
439	283	237	171
441	283	235	180
442	279	233	180
444	279	231	171
440	282	238	176
438	288	236	170
438	285	249	168
442	282	231	177
441	282	240	164
444	287	231	165
443	281	239	174
448	284	226	175
443	283	235	166
444	287	235	167
439	285	251	164
441	287	243	169
439	289	235	168
445	279	231	181
446	287	236	163
440	294	243	157
448	287	229	171
447	286	229	175
444	287	240	167
444	287	243	169
442	288	238	164
444	286	240	170
446	290	234	159
447	295	232	148
441	290	242	153
441	294	242	155
444	289	235	152
443	293	233	148
448	295	231	143
446	292	232	149
442	296	240	145
447	290	232	160
447	293	232	157
447	291	234	155
439	294	249	148
444	295	241	145
441	297	246	148
444	295	243	148
442	294	245	145
450	294	234	154
445	295	239	141
442	294	243	142
439	297	249	141
445	292	242	153
440	298	247	141
441	296	248	142
442	299	247	142
439	297	249	145
444	294	233	153
446	296	240	150
441	297	239	142
441	297	246	140
441	299	243	137
439	301	246	136
438	302	249	135
438	301	246	138
438	299	252	146
440	301	247	141
443	294	245	152
446	295	236	152
449	294	226	149
446	300	238	141
436	298	253	142
439	296	248	145
444	295	240	143
441	290	243	184
434	301	253	152
446	297	239	158
441	298	242	158
445	296	244	151
444	296	243	148
442	299	248	144
441	297	245	148
442	297	252	147
442	298	243	145
449	297	229	159
441	300	247	150
444	295	248	153
443	298	246	145
440	298	244	141
445	296	251	147
440	298	249	146
441	302	247	139
451	299	238	139
441	299	246	140
453	296	226	150
443	297	241	149
447	297	239	142
445	299	238	144
451	293	239	157
449	302	239	151
449	295	240	159
447	295	239	151
440	298	253	157
441	295	255	159
449	296	243	153
451	294	241	164
447	296	245	159
443	299	250	147
442	302	254	148
448	302	242	154
449	297	242	151
450	301	242	147
