1414	536	308	114
1410	539	304	108
1402	539	317	110
1385	541	345	108
1381	543	345	106
1370	536	347	116
1367	542	346	105
1366	542	321	105
1353	542	328	106
1347	541	349	105
1343	540	329	103
1335	539	314	110
1332	545	317	108
1318	542	320	112
1311	541	317	112
1297	547	331	106
1281	549	343	103
1280	545	336	109
1269	545	332	109
1259	546	342	106
1251	541	344	114
1259	547	327	108
1251	543	333	108
1229	546	345	111
1217	543	352	113
1220	543	343	116
1227	544	325	114
1219	544	330	107
1204	547	344	104
1199	544	339	103
1201	542	331	107
1185	545	342	104
1179	544	332	104
1182	541	325	110
1178	542	329	116
1167	544	334	113
1168	543	318	113
1160	542	328	116
1159	544	323	113
1154	539	327	120
1145	543	328	115
1135	539	339	118
1123	540	346	119
1124	540	323	118
1118	541	328	117
1117	541	320	117
1106	540	331	123
1102	538	330	126
1102	544	337	121
1096	543	339	120
1093	543	348	125
1110	549	332	115
1110	550	341	120
1108	544	348	128
1120	546	350	122
1130	550	349	126
1127	555	359	121
1132	554	370	121
1155	557	360	121
1171	556	351	118
1169	559	360	123
1168	556	372	127
1176	561	373	120
1176	558	374	126
1171	562	371	123
1167	560	370	127
1160	563	374	124
1153	565	376	123
1141	563	387	125
1117	564	411	119
1107	562	413	130
1106	565	413	128
1114	565	397	121
1088	564	412	127
1086	563	408	131
1078	564	413	130
1074	559	411	136
1072	552	407	139
1062	562	417	130
1075	563	408	130
1075	561	412	130
1085	565	407	125
1079	571	414	123
1082	563	423	129
1092	571	430	133
1083	565	456	129
1089	566	468	136
1122	577	447	128
1145	574	428	134
1146	566	439	140
1155	569	431	139
1168	575	422	130
1171	574	419	133
1153	572	450	139
1160	582	438	133
1172	574	425	137
1174	572	424	135
1169	573	412	132
1173	576	414	132
1178	579	407	127
1160	571	424	138
1164	574	418	133
1159	574	419	133
1163	574	411	131
1160	577	406	128
1160	575	409	128
1152	575	414	132
1139	574	430	131
1138	579	426	129
1139	568	417	134
1143	574	403	135
1137	570	418	130
1145	580	400	124
1142	577	399	127
1134	576	410	130
1129	579	418	127
1120	578	424	128
1113	570	431	134
1134	576	402	127
1123	576	411	130
1120	576	418	128
1127	569	407	138
1120	571	416	129
1118	577	413	131
1111	578	425	125
1128	572	398	134
1114	575	417	128
1111	574	418	132
1112	576	418	132
1116	579	411	134
1118	579	412	128
1123	577	400	130
1111	578	413	133
1110	575	425	131
1109	580	410	129
1115	574	406	127
1114	578	404	130
1107	577	408	130
1109	570	414	136
1103	577	415	128
1104	573	415	130
1108	576	404	134
1092	575	438	132
1096	563	434	143
1099	572	429	133
1105	568	419	137
1102	579	410	126
1110	572	406	130
1112	575	392	138
1117	577	396	128
1107	575	402	129
1106	576	407	129
1091	573	422	132
1100	569	411	133
1101	576	399	131
1093	578	425	128
1083	572	433	136
1094	573	419	133
1087	571	428	135
1093	568	417	137
1093	573	419	131
1092	575	426	131
1101	578	408	133
1096	566	420	135
1094	575	408	130
1096	575	408	130
1103	580	410	127
1094	575	417	129
1092	571	442	132
1115	578	411	129
1127	582	417	126
1131	579	426	135
1133	579	446	136
1142	571	465	141
1164	586	458	134
1186	578	460	140
1213	582	446	146
1240	582	430	143
1250	594	447	134
1256	586	448	141
1260	594	466	140
1262	589	485	145
1279	591	463	146
1275	594	479	144
1295	589	451	150
1292	600	467	144
1275	595	500	148
1283	594	484	146
1282	593	489	137
1286	596	482	135
1290	592	454	142
1277	588	485	137
1271	598	481	135
1261	587	480	146
1270	585	456	140
1260	590	447	132
1246	587	446	135
1244	590	456	130
1222	589	478	135
1222	583	474	141
1221	585	453	140
1224	587	458	139
1227	581	452	138
1234	588	435	134
1226	579	445	140
1239	588	438	134
1237	584	423	132
1232	591	450	127
1227	582	443	139
1218	585	448	135
1209	589	468	132
1209	582	474	131
1204	582	474	134
1223	579	452	137
1219	585	456	129
1219	585	447	132
1213	580	461	140
1219	588	453	129
1226	580	443	140
1220	574	450	141
1229	589	446	129
1233	585	423	129
1226	583	437	134
1228	581	432	137
1228	584	426	131
1226	579	441	136
1213	584	455	129
1224	587	438	132
1218	581	439	134
1227	585	425	135
1226	581	429	140
1225	586	429	131
1223	575	435	139
1227	587	426	131
1226	581	426	140
1211	577	443	142
1207	587	444	136
1202	581	472	135
1184	592	484	130
1196	588	467	129
1202	576	441	142
1210	576	432	140
1213	589	425	130
1212	582	433	137
1211	580	413	137
1208	584	435	137
1202	586	431	137
1201	578	435	137
1193	580	437	140
1193	582	446	136
1200	582	425	133
1190	589	451	129
1182	583	447	129
1177	585	461	136
1182	579	442	145
1181	585	438	138
1183	584	447	143
1176	579	445	136
1182	585	430	136
1172	585	436	134
1153	581	464	140
1174	589	434	130
1158	583	465	138
1156	585	454	131
1160	583	443	135
1165	584	419	134
1153	582	443	133
1147	585	455	138
1149	580	429	141
1148	579	445	136
1137	590	464	138
1148	583	435	143
1149	584	415	141
1147	584	420	139
1141	586	418	134
1138	589	426	132
1126	586	435	136
1128	588	430	137
1124	586	433	143
1113	586	457	143
1115	581	452	141
1115	580	444	149
1119	591	426	141
1114	585	429	145
1120	591	411	138
1114	592	416	138
1101	591	422	138
1093	599	441	133
1093	592	427	140
1084	589	450	149
1082	593	431	140
1082	591	432	147
1071	598	441	138
1064	594	447	145
1064	601	434	139
1056	596	450	150
1055	600	446	151
1055	598	446	149
1054	602	439	150
1056	598	430	155
1055	600	427	151
1052	595	423	166
1056	596	429	164
1052	600	438	161
1043	597	451	168
1039	600	463	166
1033	595	470	165
1035	599	459	164
1032	602	445	162
1039	593	430	165
1039	594	428	165
1029	600	440	157
1023	599	445	152
1031	595	432	163
1025	604	438	142
1028	598	441	149
1018	607	475	140
1021	600	456	143
1013	600	473	145
1015	597	458	157
1037	605	439	141
1043	600	431	147
1057	605	434	144
1063	609	443	144
1070	611	440	146
1089	616	428	139
1095	612	436	148
1124	614	424	149
1136	621	436	148
1140	619	446	151
1158	624	442	152
1173	621	444	158
1181	627	457	151
1202	625	455	153
1200	624	472	173
1216	628	469	162
1233	636	471	159
1238	633	483	164
1263	646	466	159
1271	639	479	170
1282	644	486	168
1292	652	490	160
1289	652	515	165
1311	652	501	164
1321	660	525	159
1327	659	505	168
1341	662	506	166
1333	670	527	164
1347	668	517	161
1344	660	537	177
1352	658	512	182
1354	659	511	180
1360	660	500	176
1344	658	536	174
1337	660	542	178
1340	669	528	168
1338	661	542	171
1341	671	519	164
1347	666	503	171
1345	667	502	171
1345	667	500	160
1347	667	502	163
1336	668	513	168
1332	666	503	165
1339	666	503	172
1341	659	487	180
1331	668	499	168
1329	671	510	166
1334	674	498	155
1333	669	498	169
1330	672	484	167
1330	670	481	164
1327	672	489	166
1318	668	486	164
1317	673	497	165
1310	669	496	166
1300	668	509	170
1304	672	492	159
1314	665	481	170
1312	673	475	159
1311	674	479	162
1305	668	485	169
1299	669	483	168
1307	683	486	150
1309	671	479	167
1298	670	482	165
1305	675	462	162
1305	676	465	158
1304	673	456	160
1303	671	459	163
1291	671	459	167
1287	671	468	166
1286	672	460	161
1280	671	463	160
1286	670	451	158
1274	672	459	162
1276	668	453	168
1276	669	454	159
1268	676	465	158
1264	667	459	160
1269	662	440	168
1245	663	468	170
1240	661	454	176
1251	665	448	167
1239	663	459	168
1256	658	449	174
1248	663	453	170
1271	668	447	165
1273	668	458	169
1283	676	475	172
1306	677	471	173
1319	676	484	178
1339	685	500	176
1357	689	514	176
1387	687	520	192
1406	695	522	182
1434	693	489	185
1461	694	462	182
1492	697	434	190
1517	700	406	177
1537	698	384	196
1559	690	361	195
1567	698	353	191
1576	697	349	199
1574	702	337	185
1582	703	346	185
1580	693	339	204
1580	695	333	197
1574	697	341	188
1569	697	341	188
1563	697	348	183
1561	700	343	179
1552	699	360	181
1546	695	369	191
1548	691	363	189
1544	693	361	190
1535	689	368	195
1521	693	395	181
1530	695	385	179
1520	694	394	183
1522	700	388	167
1512	699	414	167
1506	693	406	181
1514	695	400	178
1501	689	409	197
1495	689	421	178
1490	691	425	180
1478	689	429	178
1475	696	445	169
1465	698	450	171
1462	687	457	182
1446	683	462	183
1444	689	466	175
1437	697	482	168
1429	692	491	177
1417	690	506	179
1415	680	500	187
1398	682	527	183
1398	676	517	196
1386	664	527	209
1374	674	529	193
1366	676	553	191
1367	677	529	190
1350	674	551	188
1350	680	505	173
1343	678	517	182
1336	670	505	182
1323	670	511	187
1319	674	499	173
1316	673	477	179
1310	666	472	188
1306	669	474	182
1284	671	500	170
1277	667	497	183
1279	647	467	198
1277	659	440	182
1259	654	458	179
1260	660	456	178
1242	660	458	173
1229	645	464	178
1228	647	465	182
1223	640	452	189
1218	637	445	185
1209	643	440	180
1192	639	468	178
1184	637	459	181
1182	641	432	175
1162	636	449	178
1165	630	437	179
1160	634	435	170
1153	624	430	182
1150	628	430	172
1139	623	422	181
1135	624	424	174
1126	624	423	172
1124	627	418	167
1114	625	411	160
1100	628	418	161
1101	621	407	166
1083	618	424	162
1080	620	415	159
1066	616	423	155
1058	618	437	159
1059	616	435	158
1049	616	419	158
1055	617	385	157
1051	618	372	153
1045	616	387	149
1025	617	397	143
1028	616	399	150
1004	610	414	143
1013	613	400	147
1008	610	399	141
987	604	421	149
988	605	408	151
996	612	389	143
979	602	408	151
961	598	405	154
957	599	401	153
960	596	384	155
952	596	396	153
956	599	373	148
950	597	378	144
953	599	358	151
951	597	351	147
948	598	345	142
949	593	340	148
944	596	339	145
946	591	337	148
937	595	340	144
937	593	335	153
935	595	327	153
924	593	338	152
926	588	329	154
920	588	329	154
912	587	328	149
912	586	323	148
908	581	324	156
899	584	325	146
895	584	322	151
896	583	330	148
891	579	314	153
884	581	319	145
887	582	305	137
872	586	315	143
871	580	309	151
860	580	316	147
854	575	314	148
849	578	317	144
838	578	324	143
842	580	310	140
839	583	307	133
837	582	301	132
833	580	297	137
826	585	297	130
825	582	295	128
824	581	288	132
816	582	287	129
813	582	288	122
797	578	297	130
802	576	288	125
781	578	305	128
778	578	306	126
769	575	313	125
769	572	302	129
770	574	295	124
764	572	301	126
755	572	299	126
757	573	294	127
752	572	291	125
756	571	287	123
744	570	286	127
742	572	286	122
744	572	277	120
738	569	285	121
743	567	271	122
736	571	272	125
739	569	258	122
739	573	263	120
735	572	266	120
747	568	261	123
746	564	265	125
755	562	269	122
758	566	290	122
784	578	277	116
804	567	276	124
828	565	256	122
848	565	263	121
879	570	249	115
893	573	264	113
921	576	264	112
949	575	259	113
978	572	250	117
1008	577	250	107
1029	569	249	116
1061	571	245	108
1083	567	249	119
1111	569	249	117
1139	574	254	117
1166	572	244	118
1191	581	247	109
1217	576	247	122
1231	583	252	113
1249	566	245	131
1258	571	261	119
1262	568	262	132
1264	556	274	150
1272	556	268	149
1278	565	257	132
1270	548	267	149
1275	569	263	123
1281	561	249	133
1272	549	266	146
1279	562	255	134
1281	569	257	123
1283	570	251	120
1287	561	256	126
1311	589	238	101
1308	581	251	106
1311	567	254	119
1318	559	262	125
1325	548	246	129
1327	542	245	135
1333	542	240	137
1332	552	242	128
1335	545	242	130
1331	545	251	133
1322	534	248	140
1332	539	241	131
1323	542	239	126
1325	537	232	126
1319	533	239	134
1315	533	230	129
1318	536	235	131
1309	528	230	132
1314	532	211	121
1310	527	211	127
1309	529	205	127
1301	525	210	123
1295	522	214	125
1291	523	210	121
1294	527	201	115
1285	518	206	126
1284	522	203	116
1276	518	210	122
1275	517	199	116
1277	512	192	123
1267	512	203	115
1263	510	198	121
1265	509	195	123
1261	511	193	116
1257	510	193	114
1260	515	185	108
1250	510	191	110
1249	508	192	107
1244	509	193	109
1248	507	180	106
1243	507	185	104
1239	506	184	99
1239	506	179	100
1236	506	177	95
1233	510	174	83
1228	505	175	96
1237	510	162	91
1223	501	177	92
1212	501	181	93
1214	502	175	94
1206	498	179	99
1210	497	175	91
1210	499	168	93
1204	492	171	95
1201	495	166	87
1200	489	164	98
1198	489	164	95
1199	491	159	89
1195	488	162	94
1192	491	160	86
1195	494	152	89
1188	490	154	88
1189	489	151	84
1185	485	152	82
1184	484	147	91
1181	485	150	93
1179	482	146	91
1176	479	143	96
1171	476	151	96
1174	477	142	91
1170	480	145	92
1169	478	142	94
1168	478	140	87
1165	475	140	92
1164	473	139	94
1162	476	139	89
1161	478	137	87
1156	476	138	83
1155	475	139	86
1155	480	133	81
1152	474	136	84
1151	471	133	83
1146	469	138	89
1145	471	136	84
1141	473	139	75
1142	469	134	83
1137	465	138	87
1139	472	134	76
1137	468	133	83
1141	469	126	77
1137	467	126	76
1128	469	134	75
1120	467	142	74
1127	467	132	77
1125	467	132	72
1127	463	128	76
1128	462	127	76
1127	470	127	68
1120	465	135	71
1126	461	126	73
1125	463	123	74
1119	459	128	77
1118	460	129	74
1113	457	129	74
1112	457	129	73
1111	455	128	71
1110	455	127	72
1107	457	125	69
1106	457	127	67
1111	456	119	67
1109	458	120	65
1110	457	121	62
1110	457	117	66
1111	456	117	67
1111	455	113	66
1113	454	109	67
1112	457	108	63
1112	456	108	62
1108	453	109	66
1106	452	108	66
1108	450	104	70
1105	446	107	73
1104	443	107	74
1106	442	105	78
1102	439	106	79
1102	440	105	80
1098	441	107	75
1098	438	101	74
1097	438	106	79
1100	439	103	76
1096	438	105	74
1100	442	102	66
1093	439	109	78
1098	438	100	73
1097	438	98	65
1095	437	101	61
1098	438	105	68
1096	435	102	69
1100	435	100	70
1104	437	101	68
1105	434	105	62
1106	435	107	47
1125	437	100	43
1133	436	104	46
1144	436	103	52
1165	437	94	47
1179	440	95	44
1189	440	105	41
1203	437	104	47
1215	435	103	53
1223	436	112	53
1234	431	105	58
1242	432	101	56
1249	434	106	54
1253	434	117	55
1263	436	111	56
1259	432	100	59
1263	429	102	64
1260	423	104	67
1254	429	111	63
1249	424	112	65
1256	427	113	63
1261	425	101	64
1270	427	95	65
1266	425	96	63
1264	426	100	66
1266	424	97	68
1267	425	98	66
1268	427	93	61
1264	426	98	66
1263	424	100	69
1270	426	93	63
1266	425	95	60
1268	425	91	61
1266	425	91	56
1264	423	96	61
1266	423	92	58
1266	426	92	56
1261	422	96	58
1261	422	94	58
1260	419	93	59
1263	418	89	62
1261	420	92	59
1262	422	89	56
1263	421	87	54
1263	423	83	52
1259	413	87	62
1258	416	89	60
1256	414	90	58
1255	415	89	56
1256	415	88	57
1251	415	93	56
1254	409	82	63
1253	416	86	55
1255	413	87	58
1256	413	81	56
1254	411	82	58
1255	410	82	59
1253	409	80	58
1253	409	81	59
1253	409	78	57
1253	410	79	57
1252	412	80	52
1253	410	80	53
1252	411	80	51
1254	410	77	54
1253	410	75	50
1253	409	78	51
1253	411	80	48
1254	408	79	53
1251	407	77	51
1250	406	82	50
1252	407	78	48
1253	408	82	48
1248	408	79	46
1251	405	82	48
1250	402	82	49
1251	402	88	50
1254	405	75	48
1253	403	71	48
1248	400	75	50
1248	399	77	49
1248	400	79	51
1246	397	85	51
1247	398	91	50
1246	396	90	51
1248	398	92	48
1241	395	80	47
1246	395	79	47
1248	396	73	48
1248	394	70	49
1251	392	65	49
1247	391	68	49
1248	391	69	49
1244	389	72	50
1247	392	69	49
1244	388	72	49
1244	388	74	49
1243	388	76	48
1246	386	80	50
1245	383	71	52
1245	386	77	46
1246	386	73	48
1247	385	71	48
1246	384	70	48
1247	385	70	50
1247	382	66	52
1247	381	64	52
1249	382	61	52
1246	381	63	51
1248	380	63	52
1249	376	65	53
1246	377	66	49
1247	378	68	48
1245	380	68	49
1246	379	61	48
1246	376	62	55
1247	376	67	60
1246	378	69	53
1240	380	69	49
1244	379	66	53
1246	377	64	58
1248	379	59	49
1245	381	65	48
1246	379	59	49
1245	378	61	49
1247	378	59	48
1247	378	57	47
1248	379	57	48
1247	375	59	52
1246	376	57	51
1246	376	55	50
1249	376	54	47
1248	375	50	47
1249	376	49	48
1249	376	48	46
1250	376	48	46
1250	374	51	49
1251	375	50	47
1251	375	50	46
1252	374	48	47
1253	376	46	45
1253	375	47	47
1253	375	48	46
1253	375	49	45
1254	373	49	50
1253	372	50	53
1255	373	48	50
1254	370	50	50
1256	369	49	47
1258	369	49	48
1261	369	46	50
1261	368	46	49
1261	369	50	47
1260	369	51	42
1265	368	43	41
1265	371	47	45
1264	368	49	42
1265	371	45	46
1262	367	47	46
1263	366	47	47
1264	366	49	46
1265	367	50	43
1262	366	52	45
1264	366	51	45
1264	364	53	47
1264	365	52	44
1262	366	54	44
1261	366	57	35
1263	372	57	39
1265	366	55	41
1265	364	53	47
1263	372	57	63
1264	365	56	77
1274	345	48	69
1266	363	56	55
1268	364	57	47
1271	367	52	57
1267	366	52	49
1270	366	54	52
1269	365	56	49
1266	368	59	52
1266	366	62	46
1256	366	65	39
1262	367	61	44
1263	365	62	50
1263	364	63	47
1263	364	67	48
1266	361	63	50
1268	363	62	50
1270	362	61	50
1271	366	63	48
1272	362	57	48
1273	361	58	43
1276	364	57	36
1274	366	59	31
1274	365	57	26
1277	362	57	29
1276	365	57	30
1275	366	57	38
1277	364	54	43
1279	360	56	41
1277	364	53	35
1279	364	52	37
1278	363	53	38
1277	363	57	38
1279	365	55	33
1279	365	52	34
1280	365	48	28
1280	365	48	35
1281	364	46	26
1288	366	44	33
1285	363	50	33
1283	364	44	27
1282	364	37	26
1286	364	39	24
1288	365	39	23
1291	361	41	26
1286	364	45	26
1287	361	48	30
1287	359	48	36
1290	355	52	43
1286	357	53	40
1285	360	54	33
1282	365	56	33
1280	363	61	37
1281	361	62	37
1285	362	58	41
1285	362	48	28
1281	360	57	31
1281	351	65	39
1282	345	67	48
1285	345	69	55
1284	348	70	51
1291	344	61	60
1292	335	63	69
1281	340	69	64
1287	348	69	57
1285	350	61	46
1288	348	59	47
1286	347	60	47
1288	344	65	53
1286	347	68	57
1286	343	72	54
1286	339	80	57
1286	343	89	50
1280	344	80	45
1281	342	93	56
1266	349	100	53
1276	344	101	56
1270	350	96	52
1277	341	97	58
1278	343	92	61
1278	341	97	59
1276	344	97	46
1274	345	96	49
1284	344	86	56
1268	346	95	55
1274	340	100	59
1268	341	106	58
1266	342	108	54
1268	346	109	52
1268	350	105	48
1264	345	110	51
1263	343	116	54
1263	344	110	48
1264	346	112	53
1266	347	115	52
1264	349	112	50
1262	352	106	47
1264	351	97	49
1263	352	84	42
1261	346	86	43
1263	351	86	41
1260	345	84	49
1269	350	86	45
1258	348	87	41
