1231	495	623	252
1175	489	610	256
1131	482	607	254
1087	481	587	254
1041	483	557	249
992	487	573	256
959	487	566	243
915	483	577	258
875	487	570	248
841	481	569	259
836	481	546	254
796	479	597	272
790	486	574	259
774	489	586	265
758	495	578	262
742	495	588	273
737	498	594	271
719	502	616	253
702	499	621	266
689	500	623	289
673	502	640	270
670	506	633	275
666	504	617	264
655	507	632	277
631	510	642	276
634	511	642	266
615	507	655	274
593	519	665	272
571	518	686	287
556	520	696	281
541	517	702	283
548	517	679	285
528	520	698	279
530	521	707	276
523	524	708	278
525	522	740	282
526	523	729	283
550	526	743	296
563	525	739	294
579	536	747	273
601	533	759	282
611	535	770	283
614	539	790	264
611	534	812	280
622	536	800	277
603	540	834	284
615	544	800	276
603	541	824	289
593	542	824	279
581	549	854	276
581	544	831	282
567	542	825	283
550	551	830	283
525	540	866	299
505	553	857	272
490	547	894	296
477	548	871	282
458	549	898	294
432	560	886	272
410	552	916	278
383	563	909	270
354	553	945	300
349	565	918	269
319	561	943	289
305	556	961	294
312	551	945	300
302	557	940	275
281	558	964	291
288	554	962	308
288	548	975	304
295	555	982	294
292	554	963	306
293	543	978	289
297	555	967	287
305	542	968	305
302	544	978	292
297	542	973	308
325	544	957	282
320	545	945	302
324	539	956	285
315	553	948	297
295	541	954	294
302	546	925	280
276	541	945	289
260	541	955	287
265	538	921	303
215	531	960	313
195	544	944	281
192	540	945	304
177	539	922	277
147	541	952	293
126	537	943	300
128	537	924	297
96	532	955	307
99	537	907	304
85	546	930	287
48	536	953	295
31	532	975	294
34	524	959	294
34	540	966	286
41	518	956	289
16	535	980	294
23	518	922	301
28	525	935	299
51	507	950	306
41	529	903	281
70	514	881	293
82	517	866	296
90	524	876	275
118	522	847	286
134	514	817	270
141	521	835	265
161	513	811	277
168	499	814	275
177	500	812	282
207	500	787	287
220	485	791	290
245	484	752	284
271	482	719	297
290	487	729	284
276	478	740	288
304	474	701	287
300	486	697	280
312	477	688	279
280	480	710	285
302	463	683	286
286	470	671	283
287	466	677	269
276	469	671	283
264	470	680	274
257	468	680	277
248	474	671	258
246	477	653	271
211	465	675	261
224	463	657	260
196	466	662	261
193	470	665	251
178	480	691	246
199	466	631	247
201	471	620	246
211	472	616	238
194	464	621	243
190	461	644	248
211	459	614	255
220	459	601	232
230	451	603	249
249	443	581	237
267	444	568	230
287	446	558	239
305	450	538	215
327	448	524	217
355	454	512	214
370	449	499	214
394	442	493	221
407	440	489	217
427	435	473	208
458	434	466	197
471	436	462	196
497	429	447	197
522	434	439	191
552	435	419	194
578	426	407	197
596	436	407	183
601	421	412	190
628	421	400	191
647	417	402	201
682	424	390	187
706	425	376	191
732	419	366	193
752	417	367	193
765	412	368	194
786	412	370	203
799	408	369	196
818	404	367	200
842	406	351	188
865	412	338	175
859	412	349	169
873	402	343	185
876	406	333	174
877	404	335	194
883	403	333	195
879	398	332	222
885	395	328	251
884	391	311	251
876	397	318	233
863	389	323	240
870	387	318	217
869	394	308	179
875	405	298	166
865	395	299	182
865	394	295	187
863	391	283	193
865	394	274	182
870	394	265	182
861	391	270	182
869	391	253	170
849	389	272	168
839	388	279	169
845	388	268	173
850	394	263	163
844	391	263	160
826	385	277	168
827	385	269	171
821	380	271	164
821	384	257	151
815	382	261	161
806	385	267	150
813	384	258	151
807	382	260	149
812	382	249	158
809	380	254	153
819	383	241	149
805	382	247	145
797	378	249	146
796	381	246	143
811	381	230	147
811	380	236	142
817	384	231	136
842	382	217	137
842	376	227	145
844	372	236	148
906	380	196	137
900	378	226	135
941	381	214	130
967	376	214	140
1040	381	180	130
1079	382	177	134
1116	384	189	131
1114	378	226	137
1191	383	199	130
1241	379	197	135
1285	385	187	132
1320	388	197	133
1380	390	169	135
1386	386	196	136
1386	383	220	131
1384	379	240	136
1392	381	248	135
1402	383	243	131
1421	380	229	139
1410	380	247	133
1424	379	236	132
1411	379	248	132
1418	382	239	126
1416	382	239	127
1413	382	251	123
1411	385	259	120
1409	381	241	124
1409	377	235	126
1402	379	248	125
1400	372	237	129
1393	376	248	124
1388	375	262	124
1395	376	235	124
1391	369	229	127
1388	374	233	125
1385	377	235	123
1383	383	239	115
1386	375	218	122
1377	380	224	111
1379	373	216	120
1384	379	206	114
1374	387	216	107
1377	385	212	114
1370	375	214	122
1372	375	199	118
1372	370	211	125
1360	373	223	133
1357	364	241	163
1340	373	294	197
1250	336	309	207
1225	359	355	173
1296	368	336	189
1261	381	379	156
1216	372	430	151
1208	366	412	170
1181	368	442	161
1197	374	452	150
1191	371	454	157
1178	367	458	154
1165	363	419	156
1169	370	397	153
1212	365	414	167
1193	377	426	141
1190	369	452	150
1190	367	436	145
1182	370	468	144
1177	361	444	155
1181	364	475	146
1178	366	468	152
1184	358	483	157
1103	353	465	169
1196	363	441	151
1111	355	423	154
1192	357	408	154
1092	374	400	128
1159	366	423	136
1096	363	407	137
1125	366	388	128
1115	361	369	138
1067	361	352	137
1007	361	314	136
1009	361	297	130
940	342	308	146
922	348	326	146
844	346	317	147
834	345	294	141
834	348	250	144
837	350	230	131
827	369	244	116
832	359	236	127
778	357	216	132
777	342	207	145
807	363	183	120
813	374	192	104
824	354	177	123
804	344	157	130
806	346	172	131
815	346	183	132
789	358	210	124
752	347	213	132
777	358	221	117
799	346	207	124
754	349	209	125
746	340	197	139
732	339	213	127
763	347	178	127
778	341	162	127
781	340	156	129
789	346	175	107
796	351	202	106
768	343	231	119
740	345	261	130
763	349	245	118
737	351	264	112
737	350	270	109
753	350	259	113
698	350	259	133
692	329	242	143
743	341	262	122
659	340	273	129
700	344	311	113
686	342	331	115
679	341	329	122
658	344	355	128
666	347	340	117
657	349	349	107
659	347	341	114
665	343	327	111
655	345	356	121
647	346	342	115
652	349	352	117
655	343	349	112
655	339	345	116
654	334	337	123
655	329	347	133
654	357	346	109
665	350	331	107
662	350	330	102
650	356	340	109
657	336	345	116
660	337	335	128
653	345	339	112
644	343	353	116
649	340	362	119
647	341	361	123
659	339	333	111
653	336	358	122
658	334	349	112
670	330	326	118
675	327	310	118
707	328	275	119
693	334	298	108
694	332	303	110
676	335	307	111
679	331	307	116
672	329	326	118
681	330	311	115
676	332	314	115
681	328	305	113
670	332	329	112
668	334	356	113
677	338	323	119
688	331	307	114
673	333	318	115
679	331	314	110
686	329	297	114
690	325	297	120
677	324	310	116
678	323	308	126
676	327	285	112
669	330	298	105
675	327	280	114
629	324	239	114
621	324	219	110
615	326	200	100
601	334	200	90
593	334	178	94
601	339	146	97
590	343	135	87
537	341	153	91
505	340	151	100
471	345	155	85
446	344	143	87
409	346	143	77
368	348	157	76
341	346	145	83
315	346	151	88
284	348	154	79
274	352	149	80
252	348	154	84
245	350	159	85
219	347	163	84
211	349	159	83
216	348	154	85
212	350	161	85
206	347	161	87
202	349	163	82
207	346	157	88
206	347	155	88
206	349	156	87
209	346	152	88
202	349	159	82
206	344	158	88
206	343	154	93
201	345	158	92
201	343	159	89
204	349	161	84
192	346	172	85
190	346	175	89
189	346	170	88
174	341	189	92
181	345	189	89
178	342	190	90
178	342	191	95
180	343	191	93
181	345	194	87
182	348	189	88
184	346	188	88
179	344	187	90
179	344	189	93
180	346	191	88
181	346	188	90
179	344	188	93
188	347	174	90
186	347	183	88
182	347	180	87
187	346	179	90
189	349	180	88
188	350	182	86
178	348	185	86
182	347	190	87
179	346	188	88
175	346	195	93
169	346	203	89
179	346	195	85
181	345	188	88
179	345	195	90
176	347	194	85
179	345	190	85
176	347	193	86
181	347	189	86
176	345	191	88
184	349	190	82
182	348	185	82
181	349	187	81
178	348	188	83
175	346	195	83
178	349	192	82
181	349	193	82
182	349	182	82
180	346	186	84
176	346	184	87
178	344	186	86
175	345	191	87
173	344	198	92
177	345	195	87
180	346	185	86
178	346	187	85
176	348	190	84
176	346	189	86
175	350	189	84
169	347	198	83
171	343	197	90
178	344	185	89
176	348	190	83
178	345	186	86
170	350	192	82
172	348	191	82
172	349	191	79
165	350	198	80
169	348	192	82
189	348	197	81
177	349	188	81
174	347	191	82
174	351	193	81
175	350	195	80
170	349	199	83
168	347	202	86
162	350	219	83
166	350	218	84
159	350	214	85
133	349	246	88
128	349	250	78
151	354	247	80
139	352	259	83
135	349	256	82
