170	692	623	383
186	699	607	370
200	679	601	389
200	671	600	398
217	661	599	395
269	647	556	392
248	642	582	411
268	641	572	358
349	633	493	422
321	619	533	441
279	604	586	462
248	594	616	455
257	591	612	480
258	585	624	494
250	585	641	480
273	575	614	475
275	570	605	492
304	568	587	461
313	573	581	445
321	573	583	443
346	566	556	429
377	568	519	406
390	567	511	405
402	555	489	401
405	563	496	377
407	560	509	373
425	553	483	367
425	561	490	365
439	565	476	340
456	561	461	338
469	557	449	344
477	564	445	329
486	552	443	332
483	551	441	328
500	563	439	310
498	556	430	316
511	558	422	313
525	562	414	304
528	560	411	305
528	545	412	313
540	548	406	310
550	557	391	299
549	554	402	304
565	550	392	302
568	554	386	300
577	551	379	301
582	553	377	304
587	554	378	300
594	556	368	299
600	556	366	308
604	563	371	300
604	568	372	303
612	563	374	311
620	576	365	304
642	583	345	298
632	588	360	296
645	587	344	300
647	595	353	290
649	587	353	292
656	588	354	290
657	587	351	286
658	583	362	290
682	575	330	286
677	577	340	282
680	577	346	288
694	573	320	285
693	575	331	276
711	567	304	280
710	560	308	276
722	565	298	267
737	569	280	263
735	564	290	263
746	562	280	256
736	563	304	256
743	555	303	269
747	555	293	270
756	560	286	260
754	563	288	270
761	560	286	267
749	569	301	261
769	567	282	259
806	576	243	261
797	580	252	255
779	576	275	273
809	583	244	254
794	567	256	269
814	563	236	299
784	569	268	290
785	558	268	273
770	564	284	313
741	554	317	352
742	548	320	372
736	546	331	380
723	561	354	371
727	567	350	391
719	560	351	389
719	560	351	389
719	560	351	389
719	560	351	389
719	560	351	389
719	560	351	389
719	560	351	389
719	560	351	389
719	560	351	389
719	560	351	389
719	560	351	389
719	560	351	389
719	560	351	389
719	560	351	389
719	560	351	389
719	560	351	389
719	560	351	389
719	560	351	389
719	560	351	389
719	560	351	389
719	560	351	389
719	560	351	389
719	560	351	389
719	560	351	389
719	560	351	389
719	560	351	389
719	560	351	389
719	560	351	389
211	268	358	299
211	268	358	299
211	268	358	299
211	268	358	299
211	268	358	299
211	268	358	299
211	268	358	299
211	268	358	299
211	268	358	299
211	268	358	299
211	268	358	299
211	268	358	299
211	268	358	299
211	268	358	299
211	268	358	299
211	268	358	299
211	268	358	299
211	268	358	299
211	268	358	299
211	268	358	299
211	268	358	299
211	268	358	299
211	268	358	299
211	268	358	299
211	268	358	299
211	268	358	299
211	268	358	299
211	268	358	299
740	363	421	230
744	342	425	235
744	342	425	235
747	337	503	254
801	349	465	216
740	352	525	223
678	345	552	263
560	347	596	255
704	345	578	242
722	339	557	236
741	342	528	232
773	340	498	223
685	349	591	213
716	342	551	227
743	336	518	240
737	348	517	233
755	348	512	215
719	356	525	216
742	351	499	217
780	346	470	222
705	358	537	235
701	355	541	218
724	355	532	225
735	351	522	234
756	351	492	222
670	362	538	221
707	355	525	233
784	352	468	232
691	360	540	213
732	360	536	216
782	355	471	202
672	365	552	202
711	355	535	203
758	354	487	192
678	359	511	228
668	365	556	191
631	359	629	192
647	358	628	201
624	346	630	220
616	349	659	202
602	360	661	192
605	356	677	200
614	349	657	214
616	340	651	212
627	352	619	212
639	347	599	212
610	345	655	208
611	340	644	205
614	341	644	204
622	344	626	212
633	343	609	207
627	347	610	199
608	346	634	195
612	342	647	212
616	341	620	207
616	343	637	205
587	342	665	211
599	349	676	212
627	335	619	240
612	337	639	229
605	338	648	226
572	336	683	231
603	336	655	228
584	334	699	237
545	325	718	241
486	330	815	224
432	346	859	238
450	332	851	237
452	348	799	250
475	325	814	235
486	344	793	239
444	332	811	257
481	301	833	294
445	328	802	290
445	313	806	260
449	317	795	262
408	242	847	340
427	240	800	360
411	197	785	393
389	115	776	482
427	323	897	349
362	279	868	355
351	195	850	407
369	116	779	471
516	310	729	348
463	326	788	268
446	304	823	281
436	273	785	309
414	291	797	322
407	274	849	344
415	327	801	319
411	332	858	261
450	305	864	272
441	343	814	259
497	317	790	281
447	335	841	286
441	317	812	303
433	256	787	356
401	243	810	394
394	196	802	468
408	97	712	528
392	166	759	596
410	92	711	558
378	105	755	515
406	87	703	501
373	190	772	483
365	123	773	498
396	87	709	547
428	89	688	520
375	168	751	504
356	82	780	551
373	65	752	578
409	82	693	586
417	87	703	522
391	90	730	546
375	98	756	518
376	120	760	495
366	267	837	425
358	125	810	490
370	106	772	490
338	128	772	536
318	107	830	545
329	88	817	563
248	102	930	641
308	93	843	579
311	80	849	610
330	94	832	610
243	101	924	581
199	105	969	561
294	103	926	599
251	91	948	601
268	87	893	611
293	82	866	602
302	71	862	596
263	72	919	615
316	97	855	566
286	70	908	640
279	74	898	617
296	66	880	618
347	85	891	654
337	66	878	623
327	62	887	677
304	64	954	698
292	65	993	646
208	49	1110	678
172	68	1187	644
147	92	1222	603
102	92	1283	635
13	94	1392	632
77	108	1326	566
105	105	1285	595
187	59	1263	648
106	75	1326	638
162	91	1300	637
212	89	1192	607
191	106	1216	615
212	85	1215	619
108	118	1298	586
174	79	1310	612
173	86	1252	590
345	66	1117	635
241	80	1208	605
207	55	1220	638
183	120	1281	548
35	149	1424	510
108	154	1471	495
59	104	1496	563
44	113	1502	539
193	94	1370	580
180	69	1325	603
194	42	1340	660
157	88	1413	586
136	88	1412	547
168	77	1322	572
190	80	1370	549
243	62	1292	569
233	66	1267	551
158	61	1336	538
113	75	1421	545
107	87	1406	520
89	70	1408	545
68	65	1423	501
77	60	1448	540
110	51	1376	529
234	52	1296	549
211	41	1323	585
203	51	1284	538
156	44	1319	542
162	54	1320	556
197	58	1244	520
199	60	1274	524
217	44	1266	550
221	10	1260	601
185	45	1318	547
66	46	1417	524
77	46	1456	566
50	31	1461	584
151	44	1330	564
101	30	1407	593
68	43	1412	543
26	25	1465	592
44	46	1468	566
30	46	1479	565
10	48	1485	539
23	68	1519	569
58	62	1436	543
57	59	1464	576
23	59	1510	589
-9	59	1567	616
55	55	1479	568
17	62	1527	580
27	65	1541	585
-5	53	1552	583
9	49	1505	613
17	50	1563	647
-2	61	1608	619
25	24	1562	673
23	52	1570	649
-21	62	1609	641
12	57	1558	608
6	40	1572	620
31	41	1527	607
35	39	1486	590
36	33	1467	657
36	25	1504	624
9	38	1555	639
56	44	1478	611
-22	25	1562	664
33	50	1554	632
9	127	1608	536
5	269	1552	386
0	300	1549	360
-7	67	1603	569
5	49	1597	654
-18	51	1613	711
5	105	1583	556
-17	64	1551	611
53	316	1589	424
61	53	1452	602
0	118	1613	596
-28	189	1690	573
1	282	1646	423
-21	330	1723	380
5	129	1656	574
-8	24	1626	699
-4	49	1608	693
2	55	1627	718
8	111	1654	688
-14	33	1673	785
17	18	1635	743
45	35	1598	772
-3	111	1705	705
-35	149	1709	687
28	113	1584	713
34	9	1594	818
-8	71	1622	770
1	-11	1651	894
-19	25	1710	875
-36	35	1762	947
-32	137	1870	795
-41	331	1977	589
-24	25	1863	881
-52	74	1920	955
-45	-6	1944	1009
-49	33	1941	967
-51	102	1892	919
-36	-10	1802	1008
-54	23	1781	1012
-63	-14	1934	1032
-48	45	1883	991
-34	108	1699	912
-43	100	1752	919
-66	7	1820	1029
-36	135	1870	924
-75	212	1970	839
-24	287	1913	751
-62	30	1674	698
-15	49	1689	674
-28	32	1681	514
-99	257	1723	712
20	428	1908	644
-102	82	2021	859
-60	64	1956	1031
-68	8	2020	1055
-51	49	1952	992
-23	31	1962	1018
-22	52	1866	870
-34	33	1919	1037
-44	34	1979	994
-48	58	1971	959
-32	44	1970	980
-67	94	2025	901
-44	98	2017	923
-51	-24	1996	1036
-34	34	1997	962
-80	33	2035	958
-77	111	2029	797
-68	158	1971	674
-77	204	2008	625
-43	193	1920	635
-40	117	1934	747
-3	32	1859	728
-34	28	1907	753
0	46	1946	805
173	96	1758	767
-52	175	1640	666
-60	325	1617	521
147	359	1707	493
59	418	1834	448
-55	367	1870	531
