1138	288	22	18
1136	286	25	21
1136	287	23	20
1135	286	25	23
1135	287	24	22
1136	288	24	22
1135	288	23	21
1135	288	20	25
1134	289	22	22
1134	290	22	22
1134	290	24	23
1134	289	24	23
1134	293	19	28
1132	291	20	32
1131	291	22	29
1130	292	21	33
1132	291	18	37
1129	288	22	39
1127	292	26	34
1127	294	25	33
1128	296	22	31
1128	296	22	31
1127	296	22	28
1127	298	22	28
1127	299	22	28
1128	300	20	23
1127	301	19	23
1125	299	21	29
1127	301	19	23
1126	303	22	21
1125	303	22	21
1124	304	23	22
1122	305	25	22
1121	305	26	23
1123	306	23	22
1122	306	24	23
1122	308	23	21
1122	307	25	23
1122	307	24	24
1120	308	25	22
1120	309	23	23
1120	310	24	21
1119	310	24	24
1118	309	23	25
1117	313	25	22
1116	310	26	22
1116	312	25	21
1115	312	26	22
1114	311	26	23
1114	312	26	24
1115	313	23	22
1115	314	24	22
1114	315	23	21
1113	316	24	22
1113	316	24	21
1113	315	24	24
1113	319	22	22
1112	319	23	21
1112	318	23	23
1112	320	22	23
1112	321	23	20
1111	321	23	22
1111	322	22	23
1110	323	23	23
1110	324	23	21
1108	324	25	22
1106	326	26	26
1107	326	25	20
1109	327	22	21
1109	327	22	20
1109	327	21	23
1107	327	23	25
1106	328	24	25
1104	329	26	23
1104	330	27	23
1105	329	26	24
1105	330	24	24
1105	330	24	22
1104	332	26	24
1106	332	25	26
1104	332	26	26
1104	332	27	25
1102	330	29	29
1102	330	28	26
1102	331	27	27
1100	332	28	27
1100	332	29	25
1101	331	28	27
1101	333	27	25
1100	333	30	26
1099	332	31	26
1098	333	31	24
1097	334	31	24
1099	334	29	25
1098	334	30	26
1097	335	32	25
1097	333	33	26
1097	334	33	26
1097	334	33	26
1097	334	31	26
1096	336	31	24
1096	336	31	24
1095	336	32	25
1096	337	32	25
1095	337	32	25
1096	338	32	24
1097	339	29	23
1096	340	28	22
1096	340	29	22
1097	341	27	22
1096	341	28	22
1096	340	26	24
1096	341	26	23
1095	341	28	23
1095	342	29	23
1093	342	30	23
1094	343	31	22
1093	343	31	25
1092	343	31	24
1092	345	33	23
1094	345	31	24
1095	346	29	23
1092	346	32	24
1092	345	31	27
1090	345	34	27
1089	345	35	26
1090	345	35	28
1091	345	32	27
1090	346	35	28
1088	345	36	30
1090	345	34	29
1094	344	29	31
1094	346	31	30
1092	344	33	32
1089	349	37	26
1093	348	32	28
1091	347	34	29
1092	347	33	31
1093	347	32	30
1091	347	34	31
1089	348	39	29
1085	345	43	33
1087	346	41	32
1089	346	39	32
1087	347	40	33
1087	348	40	33
1088	348	39	32
1088	349	39	35
1092	347	30	39
1093	350	29	37
1093	348	29	41
1093	349	28	39
1091	353	34	35
1089	353	36	33
1088	355	40	35
1088	357	38	32
1088	358	40	32
1086	358	43	35
1087	360	43	35
1086	361	44	33
1091	361	37	36
1091	364	39	34
1087	363	43	38
1088	364	44	36
1088	364	42	38
1090	367	42	33
1090	368	42	32
1086	373	47	30
1087	373	44	32
1087	375	45	31
1087	371	44	35
1089	373	43	38
1088	374	44	34
1087	377	46	33
1086	377	47	32
1083	381	51	33
1081	379	53	37
1083	380	49	36
1084	382	47	35
1082	380	50	39
1082	382	51	39
1079	384	54	35
1077	386	57	35
1078	387	55	38
1077	386	56	40
1079	387	53	40
1076	389	58	41
1075	391	56	40
1075	390	57	41
1078	387	53	51
1073	393	61	46
1077	393	54	47
1076	395	56	44
1076	396	57	44
1073	398	59	42
1070	399	62	44
1072	400	61	47
1069	401	65	48
1067	402	68	51
1071	402	60	51
1071	406	62	45
1072	406	61	47
1070	412	65	38
1067	411	65	41
1070	413	60	42
1066	413	65	41
1071	419	59	36
1072	418	59	39
1069	416	62	46
1068	416	61	48
1064	418	66	46
1063	422	71	45
1062	423	69	44
1063	429	67	42
1063	428	69	47
1065	426	65	47
1065	425	66	52
1060	429	71	50
1056	433	78	48
1057	431	74	50
1056	432	74	54
1062	431	68	57
1064	432	65	58
1060	438	71	54
1058	438	73	60
1066	434	63	71
1060	439	73	63
1060	440	71	63
1059	441	72	65
1053	443	76	64
1061	448	71	60
1059	449	72	60
1060	462	72	49
1059	467	72	46
1060	472	72	42
1058	473	73	44
1055	475	76	44
1056	459	72	60
1058	471	75	55
1056	470	78	59
1058	473	71	59
1053	471	80	64
1053	492	84	44
1056	498	79	43
1053	504	85	39
1052	487	84	60
1053	487	83	63
1050	490	86	64
1048	490	89	69
1045	495	96	66
1045	490	94	75
1045	490	91	79
1048	498	96	72
1050	492	85	83
1052	493	78	85
1055	493	73	89
1053	495	77	89
1053	493	71	95
1051	500	79	92
1047	503	95	92
1051	508	98	90
1050	503	87	100
1050	504	78	104
1050	507	81	101
1050	510	80	102
1052	516	86	101
1049	516	88	102
1051	519	81	106
1052	520	76	108
1066	522	85	121
1050	524	101	117
1048	528	100	110
1048	530	100	114
1051	530	100	119
1053	540	104	111
1051	545	114	109
1051	544	120	117
1051	590	130	127
1053	550	118	118
1065	595	113	126
1059	553	109	128
1055	557	121	126
1063	597	123	109
1057	602	129	90
1052	613	135	84
1051	626	139	77
1055	631	134	72
1057	639	138	74
1056	615	137	104
1055	630	143	99
1052	650	153	73
1050	644	150	82
1040	615	159	97
1050	666	157	86
1052	660	161	93
1056	678	152	88
1052	676	156	95
1051	691	168	84
1053	703	168	76
1059	717	165	77
1265	639	181	98
1062	725	171	80
1062	736	175	85
1062	740	175	84
1062	755	175	82
1070	771	169	85
1070	776	178	84
1069	787	181	89
1074	795	186	99
1073	809	199	99
1074	820	204	94
1074	823	206	108
1073	835	212	109
1071	849	236	109
1073	865	225	92
1078	869	219	114
1090	898	212	87
1092	899	210	108
1088	911	218	108
1084	931	236	100
1091	937	233	122
1097	954	235	116
1094	979	250	91
1120	993	239	79
1120	993	239	79
1120	993	239	79
1120	993	239	79
1120	993	239	79
1120	993	239	79
