954	355	39	30
952	356	41	31
954	357	40	31
954	358	41	31
955	361	40	29
955	359	41	32
957	361	38	31
957	361	40	35
958	361	39	35
959	362	39	38
958	363	41	37
957	366	42	30
957	367	44	31
960	366	41	34
958	368	44	33
958	368	43	37
958	371	46	32
960	372	44	32
962	371	42	34
960	373	45	33
962	376	44	32
965	376	42	32
963	377	47	34
966	380	43	30
967	381	44	31
965	379	47	35
966	380	45	35
967	378	45	39
967	381	47	37
968	383	48	37
969	383	50	36
970	385	49	37
971	385	53	40
972	389	52	35
972	390	52	36
974	389	49	42
976	391	52	39
977	393	51	41
979	396	48	39
979	399	52	37
981	400	51	40
983	404	49	35
983	403	51	37
985	405	53	38
983	407	59	40
985	406	55	41
989	409	52	39
989	411	55	39
990	414	55	37
992	409	55	44
994	414	52	43
994	415	54	44
996	415	54	46
996	417	52	48
994	418	51	51
990	422	52	48
984	424	56	47
975	426	57	47
963	427	58	50
947	434	62	44
934	432	58	49
917	434	59	47
898	436	59	49
874	438	55	51
846	443	61	47
824	444	60	46
796	445	61	47
764	458	61	38
735	458	64	42
701	465	66	38
671	472	65	31
630	476	71	36
592	481	70	36
556	485	70	39
510	493	82	35
464	498	81	35
424	505	81	35
381	508	82	36
343	515	87	40
305	522	88	41
274	528	93	42
251	534	96	42
233	537	94	43
223	539	92	49
211	544	98	48
204	552	100	46
202	560	102	40
203	559	97	48
205	564	98	44
207	571	101	40
215	573	100	45
221	575	99	52
223	582	105	45
232	587	104	46
237	587	104	56
247	585	106	56
252	592	108	54
259	601	106	49
263	603	113	53
272	608	115	51
280	614	116	49
292	619	115	46
290	618	121	59
298	621	122	61
303	625	128	65
322	638	118	50
329	640	121	56
343	642	120	52
347	651	119	58
359	656	121	59
371	658	119	64
381	665	122	60
388	674	125	59
403	678	119	59
413	685	122	63
422	687	130	74
432	696	135	68
439	701	135	74
442	712	145	70
464	714	143	76
475	718	152	84
484	726	156	82
501	733	156	78
512	746	162	74
536	745	187	86
512	760	197	77
557	772	178	84
597	762	159	103
608	788	154	80
623	797	158	85
640	806	166	81
669	812	144	94
700	802	124	113
703	832	142	112
723	832	132	121
765	812	104	130
753	860	132	144
810	846	100	123
801	877	110	119
794	907	133	121
808	948	146	121
817	947	171	120
853	965	163	111
904	966	162	109
938	979	139	83
1055	996	138	85
848	876	136	58
848	876	136	58
848	876	136	58
848	876	136	58
834	943	139	53
834	943	139	53
834	943	139	53
834	943	139	53
834	943	139	53
834	943	139	53
834	943	139	53
834	943	139	53
834	943	139	53
834	943	139	53
834	943	139	53
834	943	139	53
834	943	139	53
696	999	145	72
696	999	145	72
696	999	145	72
696	999	145	72
696	999	145	72
696	999	145	72
696	999	145	72
696	999	145	72
696	999	145	72
696	999	145	72
696	999	145	72
696	999	145	72
696	999	145	72
696	999	145	72
696	999	145	72
696	999	145	72
696	999	145	72
696	999	145	72
696	999	145	72
696	999	145	72
696	999	145	72
696	999	145	72
696	999	145	72
696	999	145	72
696	999	145	72
696	999	145	72
696	999	145	72
696	999	145	72
696	999	145	72
696	999	145	72
696	999	145	72
696	999	145	72
696	999	145	72
696	999	145	72
696	999	145	72
696	999	145	72
696	999	145	72
696	999	145	72
696	999	145	72
696	999	145	72
696	999	145	72
696	999	145	72
696	999	145	72
696	999	145	72
696	999	145	72
696	999	145	72
796	971	147	53
796	971	147	53
796	971	147	53
796	971	147	53
796	971	147	53
796	971	147	53
796	971	147	53
796	971	147	53
796	971	147	53
796	971	147	53
796	971	147	53
796	971	147	53
796	971	147	53
796	971	147	53
796	971	147	53
796	971	147	53
796	971	147	53
796	971	147	53
796	971	147	53
796	971	147	53
796	971	147	53
796	971	147	53
796	971	147	53
796	971	147	53
796	971	147	53
796	971	147	53
796	971	147	53
796	971	147	53
796	971	147	53
796	971	147	53
796	971	147	53
796	971	147	53
796	971	147	53
796	971	147	53
796	971	147	53
796	971	147	53
796	971	147	53
796	971	147	53
796	971	147	53
796	971	147	53
796	971	147	53
796	971	147	53
796	971	147	53
796	971	147	53
796	971	147	53
796	971	147	53
796	971	147	53
796	971	147	53
796	971	147	53
796	971	147	53
796	971	147	53
796	971	147	53
796	971	147	53
796	971	147	53
796	971	147	53
796	971	147	53
796	971	147	53
796	971	147	53
796	971	147	53
796	971	147	53
796	971	147	53
796	971	147	53
796	971	147	53
796	971	147	53
796	971	147	53
796	971	147	53
796	971	147	53
796	971	147	53
796	971	147	53
796	971	147	53
796	971	147	53
796	971	147	53
796	971	147	53
796	971	147	53
796	971	147	53
796	971	147	53
796	971	147	53
796	971	147	53
796	971	147	53
796	971	147	53
796	971	147	53
796	971	147	53
796	971	147	53
796	971	147	53
796	971	147	53
796	971	147	53
796	971	147	53
796	971	147	53
796	971	147	53
796	971	147	53
796	971	147	53
796	971	147	53
796	971	147	53
796	971	147	53
796	971	147	53
796	971	147	53
796	971	147	53
796	971	147	53
796	971	147	53
796	971	147	53
796	971	147	53
796	971	147	53
796	971	147	53
796	971	147	53
796	971	147	53
796	971	147	53
796	971	147	53
796	971	147	53
796	971	147	53
796	971	147	53
796	971	147	53
796	971	147	53
796	971	147	53
796	971	147	53
796	971	147	53
796	971	147	53
796	971	147	53
796	971	147	53
796	971	147	53
796	971	147	53
796	971	147	53
796	971	147	53
796	971	147	53
796	971	147	53
796	971	147	53
796	971	147	53
796	971	147	53
796	971	147	53
796	971	147	53
796	971	147	53
796	971	147	53
796	971	147	53
796	971	147	53
796	971	147	53
796	971	147	53
796	971	147	53
796	971	147	53
796	971	147	53
796	971	147	53
796	971	147	53
796	971	147	53
796	971	147	53
796	971	147	53
796	971	147	53
796	971	147	53
796	971	147	53
796	971	147	53
796	971	147	53
796	971	147	53
796	971	147	53
796	971	147	53
796	971	147	53
796	971	147	53
796	971	147	53
796	971	147	53
796	971	147	53
796	971	147	53
796	971	147	53
796	971	147	53
796	971	147	53
796	971	147	53
796	971	147	53
796	971	147	53
796	971	147	53
796	971	147	53
796	971	147	53
796	971	147	53
796	971	147	53
796	971	147	53
796	971	147	53
796	971	147	53
796	971	147	53
796	971	147	53
796	971	147	53
796	971	147	53
796	971	147	53
796	971	147	53
796	971	147	53
796	971	147	53
796	971	147	53
796	971	147	53
796	971	147	53
796	971	147	53
796	971	147	53
796	971	147	53
796	971	147	53
796	971	147	53
796	971	147	53
796	971	147	53
796	971	147	53
796	971	147	53
796	971	147	53
796	971	147	53
796	971	147	53
796	971	147	53
796	971	147	53
796	971	147	53
796	971	147	53
796	971	147	53
796	971	147	53
780	903	143	71
780	903	143	71
780	903	143	71
780	903	143	71
780	903	143	71
780	903	143	71
780	903	143	71
780	903	143	71
780	903	143	71
780	903	143	71
780	903	143	71
780	903	143	71
780	903	143	71
780	903	143	71
780	903	143	71
780	903	143	71
780	903	143	71
780	903	143	71
780	903	143	71
780	903	143	71
780	903	143	71
780	903	143	71
780	903	143	71
780	903	143	71
780	903	143	71
780	903	143	71
780	903	143	71
780	903	143	71
780	903	143	71
780	903	143	71
780	903	143	71
780	903	143	71
780	903	143	71
780	903	143	71
780	903	143	71
780	903	143	71
780	903	143	71
780	903	143	71
780	903	143	71
780	903	143	71
780	903	143	71
780	903	143	71
780	903	143	71
780	903	143	71
780	903	143	71
780	903	143	71
695	917	138	88
695	917	138	88
695	917	138	88
695	917	138	88
695	917	138	88
695	917	138	88
695	917	138	88
695	917	138	88
695	917	138	88
695	917	138	88
695	917	138	88
695	917	138	88
695	917	138	88
695	917	138	88
695	917	138	88
695	917	138	88
695	917	138	88
695	917	138	88
695	917	138	88
695	917	138	88
695	917	138	88
695	917	138	88
695	917	138	88
695	917	138	88
695	917	138	88
695	917	138	88
695	917	138	88
695	917	138	88
695	917	138	88
695	917	138	88
695	917	138	88
695	917	138	88
695	917	138	88
695	917	138	88
695	917	138	88
695	917	138	88
695	917	138	88
695	917	138	88
695	917	138	88
695	917	138	88
695	917	138	88
695	917	138	88
695	917	138	88
695	917	138	88
695	917	138	88
695	917	138	88
695	917	138	88
695	917	138	88
695	917	138	88
695	917	138	88
695	917	138	88
695	917	138	88
695	917	138	88
695	917	138	88
695	917	138	88
695	917	138	88
695	917	138	88
695	917	138	88
695	917	138	88
695	917	138	88
695	917	138	88
695	917	138	88
695	917	138	88
695	917	138	88
695	917	138	88
695	917	138	88
695	917	138	88
695	917	138	88
695	917	138	88
695	917	138	88
695	917	138	88
695	917	138	88
695	917	138	88
695	917	138	88
695	917	138	88
695	917	138	88
