909	25	248	157
910	31	239	166
910	33	231	161
917	40	228	153
915	42	226	152
915	39	230	157
907	44	236	157
906	45	237	163
909	51	239	158
912	49	232	156
918	52	227	157
915	51	227	160
912	57	239	162
914	54	236	170
910	65	227	157
917	65	229	155
912	67	231	161
916	69	226	156
914	73	239	158
918	75	235	160
911	74	247	163
916	81	242	158
913	82	240	160
913	92	236	152
915	82	238	161
917	91	233	156
917	94	235	161
917	93	240	164
914	101	236	154
916	102	238	159
919	96	228	170
919	105	235	162
914	102	244	170
911	113	248	154
914	114	239	161
917	113	234	162
912	116	239	168
916	122	242	158
913	121	238	165
913	119	244	177
910	127	245	165
911	127	241	165
915	129	245	169
915	133	238	164
913	131	247	168
914	137	247	161
914	139	242	168
917	137	246	173
914	146	248	162
918	139	247	176
920	148	241	165
912	146	248	182
912	154	258	160
912	156	252	169
911	154	257	172
912	164	257	162
915	159	248	169
913	167	253	171
913	165	249	170
915	171	243	157
913	167	248	181
910	165	257	177
911	172	253	177
911	178	251	169
916	172	251	174
907	181	262	170
912	181	258	166
913	185	252	165
909	190	254	169
911	188	260	172
912	198	257	165
904	195	259	164
907	198	254	171
907	203	252	165
911	202	253	168
913	209	247	164
909	212	245	164
912	214	252	163
904	213	258	165
906	219	261	165
904	216	259	176
904	215	263	175
905	223	266	169
907	223	255	168
905	230	260	163
912	226	256	169
904	231	265	170
906	235	253	173
906	232	263	176
900	242	270	165
905	241	263	171
902	244	268	169
902	245	273	165
905	247	270	174
899	248	268	173
905	250	265	173
903	251	268	170
904	254	262	180
902	252	264	174
904	262	266	169
902	261	264	178
903	262	262	180
909	268	256	174
899	272	270	164
901	272	271	176
905	271	268	185
900	279	271	176
904	276	268	178
900	286	265	168
909	286	259	169
899	286	269	185
897	293	272	173
895	284	276	188
895	294	277	180
900	295	267	183
900	297	272	182
900	299	271	181
903	301	271	174
895	307	274	178
893	305	280	181
896	305	275	182
896	311	281	182
894	314	275	180
899	313	273	181
895	318	277	184
896	322	281	173
896	321	276	191
892	327	276	176
895	331	281	172
890	334	284	181
896	330	278	178
887	337	284	186
890	339	285	177
891	343	286	175
891	344	281	175
897	348	270	185
892	347	284	175
890	352	287	177
887	352	281	188
889	354	278	177
892	358	280	183
894	355	279	187
891	357	286	199
888	368	287	179
891	367	289	187
886	372	286	178
890	373	281	175
884	376	293	180
885	375	290	183
885	380	284	183
887	381	289	187
886	381	283	193
884	387	290	188
886	387	295	184
881	397	291	181
886	397	292	181
887	397	287	191
891	401	293	190
885	403	295	190
884	402	293	186
885	402	295	197
893	408	291	194
889	407	294	204
892	415	299	191
886	415	297	182
886	416	305	191
888	425	299	178
882	427	306	189
893	420	294	197
889	429	304	191
892	426	299	194
886	426	312	197
892	434	304	196
885	438	323	191
892	435	306	198
893	433	302	206
894	439	304	201
889	449	307	190
891	439	304	206
890	445	308	201
890	447	301	200
889	452	311	195
887	453	313	204
896	456	307	200
888	460	313	203
890	464	311	195
889	468	310	198
893	472	310	194
891	473	305	203
887	471	313	206
890	477	306	196
889	472	311	214
891	483	314	189
892	488	307	193
890	483	316	201
890	482	312	199
880	483	326	213
881	488	323	205
892	492	315	195
884	487	327	213
889	489	321	211
885	492	327	206
888	496	319	203
881	491	326	211
887	495	328	213
880	495	331	214
885	495	330	210
883	494	326	221
885	499	326	209
886	499	330	219
887	496	318	218
881	501	323	213
881	500	333	215
882	502	331	216
889	503	327	219
878	501	341	222
881	505	333	216
879	506	333	221
882	497	333	230
877	503	345	221
882	503	333	226
881	504	337	233
882	506	340	226
882	507	336	218
880	516	343	215
876	506	345	220
881	509	334	226
882	505	342	227
879	507	347	228
878	512	345	225
879	508	349	229
879	512	342	222
880	511	343	229
881	513	341	227
875	511	348	232
879	513	350	228
879	513	341	231
869	515	355	236
868	520	359	223
872	512	356	237
873	516	360	233
876	518	356	237
867	518	363	237
870	520	361	238
873	510	361	247
869	522	351	235
877	526	360	228
865	518	371	240
864	513	369	244
865	522	365	246
877	525	360	240
873	523	358	238
866	522	370	244
872	521	375	248
869	529	372	235
875	533	377	235
874	529	367	249
879	528	359	246
875	528	355	248
860	526	379	255
864	528	383	241
868	532	378	244
867	526	374	254
864	527	382	255
877	526	370	262
862	528	374	260
864	532	383	258
872	539	379	245
877	539	369	253
872	528	376	265
870	537	378	261
865	534	387	259
854	537	395	267
868	547	383	248
867	548	385	247
872	543	391	256
872	547	385	254
857	535	390	274
867	542	399	256
864	539	394	272
869	556	394	247
865	539	397	272
868	554	387	257
867	538	405	274
868	550	396	266
881	547	389	264
860	546	404	267
869	548	395	268
855	544	408	281
858	549	401	269
861	548	410	282
865	546	406	276
858	557	408	260
864	542	408	293
868	550	397	271
868	552	404	282
855	535	424	305
863	552	408	281
865	555	409	277
868	563	410	268
859	561	426	273
870	562	411	275
871	562	412	274
866	567	411	272
859	556	421	289
858	566	432	276
861	558	420	294
859	564	431	288
861	562	428	291
858	564	440	281
866	567	432	278
852	567	444	287
865	565	438	287
866	572	428	287
871	574	436	281
866	557	431	304
875	565	426	303
868	560	432	303
851	572	442	291
857	560	453	303
864	564	441	307
858	578	449	288
858	575	450	294
875	574	444	301
865	578	444	298
856	578	459	302
860	570	438	310
848	575	449	310
845	567	472	322
852	584	461	304
863	581	453	312
860	586	444	308
854	588	460	309
849	588	468	311
859	590	461	312
856	595	469	308
851	595	483	315
859	586	467	326
861	590	471	321
853	596	477	315
846	604	478	304
857	594	471	335
850	606	486	312
857	600	479	328
853	598	480	330
855	607	482	315
849	614	492	315
850	597	498	333
854	608	492	327
857	613	486	322
848	623	500	314
849	623	493	319
844	614	504	324
844	620	505	330
850	614	503	338
849	610	504	347
830	621	525	328
850	631	505	332
852	625	507	335
852	626	507	343
863	640	495	319
853	613	505	347
849	631	504	328
855	614	506	351
863	621	495	337
857	611	498	350
869	617	501	349
858	617	504	355
859	621	506	337
846	600	511	367
849	609	513	347
862	617	500	341
847	621	509	341
852	622	511	335
848	604	514	356
841	609	524	346
841	611	515	343
849	615	517	339
859	623	504	328
854	610	506	350
855	622	509	334
854	603	508	358
853	609	499	350
844	601	520	346
850	609	507	344
847	609	513	332
849	614	508	339
848	612	514	350
847	606	513	353
855	607	509	342
851	620	517	338
851	602	510	354
846	615	516	337
855	609	502	340
847	611	515	345
847	616	507	340
844	624	517	323
850	622	508	325
862	615	490	343
847	627	512	338
848	610	516	350
841	625	528	342
851	626	515	321
848	621	511	332
849	611	519	357
852	624	512	335
857	624	501	345
860	615	497	341
855	626	508	336
857	625	503	334
849	623	518	346
852	632	524	316
844	618	514	341
841	621	522	344
857	632	499	335
847	638	509	318
854	611	511	346
844	633	526	335
863	623	511	345
860	626	496	340
855	613	509	357
850	630	516	338
851	628	519	342
846	624	513	352
854	627	515	341
861	625	506	337
851	629	515	342
855	625	512	337
859	623	507	346
858	629	500	331
863	626	495	336
855	627	518	336
859	626	514	342
850	627	520	343
845	631	526	332
852	621	515	345
847	634	525	331
850	639	526	328
845	622	519	343
853	621	519	350
845	631	519	332
840	611	531	368
832	629	532	339
841	622	532	355
842	627	534	346
851	630	516	336
858	640	514	328
848	612	529	356
848	622	521	340
848	637	530	324
858	637	518	322
849	636	527	331
850	614	528	340
847	625	541	341
845	629	532	330
846	616	539	343
852	621	525	342
849	627	535	332
855	629	519	330
850	615	528	338
850	621	525	325
854	614	527	328
860	618	514	336
856	621	525	315
855	613	531	325
844	608	531	333
847	613	535	312
853	613	528	309
850	605	534	321
846	615	528	314
860	608	514	316
865	607	512	314
853	601	517	318
864	605	512	300
868	595	499	316
856	589	522	326
861	592	514	315
873	586	497	319
867	604	503	303
877	607	498	292
870	594	492	308
878	596	494	287
865	593	494	303
878	597	482	292
869	583	495	297
867	566	493	310
877	579	473	307
888	581	470	298
872	576	481	299
878	579	477	282
873	571	473	311
883	579	469	291
887	583	460	286
883	566	470	281
889	574	454	280
887	578	447	277
884	550	460	298
880	560	458	289
880	563	452	280
883	564	448	273
891	564	442	272
881	560	453	270
883	559	443	270
896	561	440	258
881	560	456	259
889	564	434	250
904	550	419	262
893	558	424	255
901	560	418	245
899	559	421	249
892	550	421	252
889	553	417	247
900	546	409	243
892	545	410	247
888	532	411	253
891	537	400	247
887	521	406	262
896	517	397	271
882	518	402	267
881	532	397	242
888	523	391	248
891	528	373	235
901	527	371	236
893	506	379	255
893	513	369	245
892	517	377	246
895	511	371	246
891	508	372	240
886	506	367	246
892	508	353	235
895	497	365	254
899	508	351	231
896	496	347	241
898	511	350	224
893	495	348	237
900	508	342	222
894	498	346	230
895	502	351	220
891	500	339	219
901	502	329	216
900	496	330	221
892	498	339	216
902	495	331	217
901	499	325	210
901	498	323	202
895	488	330	218
900	490	322	213
899	494	331	204
897	485	325	206
894	488	327	207
897	494	329	193
900	483	313	198
903	484	311	211
901	488	315	194
902	477	308	201
908	478	309	197
899	469	310	205
909	469	302	204
905	472	312	188
907	470	317	187
910	465	305	200
908	468	304	190
911	466	293	186
912	461	294	189
910	462	292	184
914	456	291	188
909	463	293	178
907	456	294	181
915	460	282	180
921	460	277	173
919	448	276	183
917	450	276	184
910	447	293	175
915	450	283	177
918	451	276	172
917	445	283	178
911	440	273	179
918	439	272	177
918	441	272	171
924	437	273	173
913	439	271	171
918	435	269	179
920	434	263	175
923	435	256	168
921	438	258	161
925	435	256	164
925	432	258	167
921	431	256	173
923	435	256	159
927	432	249	164
920	432	252	166
927	426	244	166
925	433	244	157
927	425	244	161
931	430	236	151
928	430	239	155
928	427	245	156
928	427	235	157
930	425	240	158
928	423	238	153
928	422	237	155
930	418	237	154
926	423	238	149
928	419	238	153
928	423	236	148
930	416	235	149
935	416	229	149
936	419	225	146
932	411	223	152
930	416	227	147
937	414	221	146
936	412	222	149
939	409	224	147
935	413	223	143
937	405	218	145
937	414	214	133
940	405	213	141
939	407	213	140
938	400	217	148
940	404	212	140
940	400	213	141
942	402	213	146
941	396	213	141
942	402	214	144
943	394	212	146
946	396	203	139
945	395	205	139
947	395	205	131
946	397	203	129
946	394	209	134
946	393	204	135
948	396	201	138
952	391	196	134
946	393	208	136
952	395	200	127
946	399	202	129
952	392	200	132
957	395	190	131
953	399	200	124
954	395	195	133
951	394	197	132
956	400	195	129
956	394	195	132
957	397	197	124
957	398	194	124
959	396	192	126
958	394	195	130
956	398	188	125
956	397	191	125
956	396	198	129
959	389	198	135
960	400	192	123
959	395	190	124
957	394	193	127
957	398	195	120
959	396	189	122
962	397	186	124
957	393	193	127
960	399	191	124
966	395	188	123
959	397	196	125
964	396	187	122
962	399	187	122
964	395	191	127
961	397	189	121
969	400	181	116
967	398	191	124
968	392	186	124
966	397	185	120
971	397	181	125
968	395	182	122
970	396	184	124
965	395	184	121
968	394	184	120
970	398	191	120
972	397	182	117
970	396	184	122
973	395	189	120
970	397	180	119
966	398	191	125
967	399	191	123
972	392	181	132
973	399	190	129
977	400	174	116
973	397	182	123
968	399	184	123
973	397	185	120
970	399	186	116
968	396	189	119
974	397	185	120
977	397	186	118
974	394	187	125
973	395	188	121
976	399	182	113
976	397	183	114
978	397	180	120
977	396	182	116
979	395	184	119
973	395	183	122
983	396	173	115
977	391	185	120
981	394	178	116
978	395	183	118
981	391	181	126
979	388	180	126
983	388	176	120
982	393	181	114
982	391	180	118
978	389	181	119
981	390	184	119
980	391	184	116
979	393	183	113
981	388	181	115
982	390	176	114
983	389	180	112
983	387	179	115
986	390	174	113
981	385	182	116
982	383	185	119
981	388	182	112
986	384	178	112
983	385	179	113
982	379	181	118
988	384	177	113
989	380	175	116
987	382	178	115
989	382	176	107
984	380	178	110
985	377	183	114
988	379	175	111
986	381	178	107
988	380	174	111
989	376	172	117
986	378	175	113
988	378	175	110
985	380	173	111
989	376	171	113
990	379	172	108
989	373	171	113
987	377	166	108
989	375	173	109
989	378	168	104
991	373	168	110
989	376	171	107
988	373	169	114
987	374	166	107
987	376	168	108
991	370	162	115
986	374	167	112
987	374	169	110
985	372	168	108
982	373	175	114
987	375	167	113
988	374	162	111
991	373	165	115
990	374	161	109
987	375	165	107
990	375	163	108
987	373	167	111
989	372	168	113
993	373	160	105
991	377	163	102
994	370	163	110
989	375	165	105
990	371	163	115
988	374	164	104
987	373	166	108
989	372	163	114
990	373	160	113
991	375	160	107
992	373	160	110
993	376	161	109
987	375	160	103
993	374	159	103
991	375	156	103
989	377	156	101
991	370	163	112
989	376	169	105
983	370	175	108
990	377	162	105
992	379	162	105
989	376	163	107
993	379	162	101
989	377	164	102
987	381	166	100
988	379	162	100
991	380	157	102
991	380	162	100
989	379	161	107
994	383	157	103
998	378	156	102
990	378	159	108
994	375	159	116
992	376	168	107
992	380	164	100
993	382	162	101
995	382	162	97
993	382	165	102
994	377	161	104
996	381	161	105
994	379	158	102
996	381	157	104
997	378	157	106
994	377	158	106
998	379	156	105
998	376	155	116
999	377	157	106
998	379	157	108
1000	375	160	105
996	380	157	101
997	378	158	101
1002	377	157	105
998	377	155	109
997	376	158	109
1000	379	157	103
999	378	156	101
994	378	159	102
996	381	158	99
1000	381	152	95
995	378	155	100
994	377	157	106
997	383	161	95
998	381	161	100
1000	378	158	101
994	377	162	105
998	378	158	103
996	378	162	100
998	380	161	101
999	377	162	105
999	379	154	107
1001	375	160	108
995	381	159	107
997	379	163	99
999	380	158	101
997	377	161	104
1000	377	155	104
999	381	157	99
1002	379	159	101
998	379	160	101
1001	377	159	105
999	377	163	103
999	380	158	101
1000	375	157	108
1003	376	157	109
1002	379	152	103
1004	378	158	100
998	381	163	98
1002	379	160	99
1002	380	157	107
1003	378	158	98
1004	376	156	99
1002	379	160	102
1000	374	159	113
997	379	163	105
998	376	160	109
1000	379	164	109
1002	379	154	106
1003	376	159	110
1003	380	160	98
1004	378	155	100
1000	376	160	112
1002	379	164	109
1001	374	162	107
1003	381	154	99
1003	378	155	102
1003	379	157	104
999	377	162	104
1000	380	161	110
1007	376	152	108
1004	377	158	104
1007	377	154	97
1004	377	155	103
1003	379	157	105
1005	376	156	108
1004	376	157	103
1006	376	155	103
1002	375	156	107
1001	376	165	106
1004	378	155	98
1004	375	157	103
1004	379	154	101
1005	376	159	106
1006	376	158	105
1002	376	160	107
1007	376	156	105
1007	377	153	105
1003	376	152	107
1003	376	161	103
1006	377	156	104
1007	376	154	106
1002	374	158	108
1003	375	160	109
1003	375	155	109
1003	372	159	109
1003	377	159	106
1002	374	162	107
1001	379	162	101
1006	375	157	102
1002	379	159	105
1002	375	167	104
1004	376	159	111
1001	372	161	107
1004	377	162	107
998	374	162	109
1002	378	160	108
1002	373	160	111
1000	375	157	112
1003	372	159	109
1001	378	164	102
1001	377	161	104
1002	378	158	103
1000	373	159	106
1004	380	157	105
1001	374	155	113
1000	376	168	111
998	374	162	109
994	376	167	112
999	374	168	112
1001	376	163	109
1001	375	165	110
1000	375	163	108
994	378	171	108
996	375	169	113
998	377	171	104
994	377	168	104
994	373	170	108
996	379	167	107
999	372	164	117
995	374	165	114
996	371	169	117
1000	379	163	107
999	375	165	109
1001	375	167	106
999	381	165	101
1001	375	161	110
994	379	168	106
997	377	162	115
999	381	166	106
1004	378	166	105
998	377	166	108
1003	380	158	101
1002	377	162	103
995	379	167	108
996	376	164	111
996	378	161	115
1002	376	166	112
1000	379	161	104
995	382	163	101
999	378	166	105
996	380	164	106
999	377	167	113
998	375	166	108
997	377	166	111
1000	379	164	107
1001	374	164	111
1001	379	161	106
995	377	167	109
998	377	168	108
1000	380	162	105
1001	374	160	112
997	378	166	111
997	377	165	113
996	376	167	113
998	378	170	112
1001	375	162	118
994	378	170	110
999	374	163	113
1004	379	159	106
998	379	164	103
999	377	161	108
997	375	161	115
997	375	164	108
995	378	163	108
997	379	165	107
999	378	162	109
1003	379	158	105
997	380	163	103
998	379	162	104
1000	380	160	107
998	380	162	103
997	381	159	103
998	380	160	106
996	376	166	108
995	383	171	99
995	378	166	104
998	379	162	110
993	379	167	107
999	380	163	107
997	376	165	110
999	378	159	107
998	381	166	103
997	380	165	105
997	377	164	105
995	381	169	100
996	380	164	105
995	380	166	103
994	378	167	107
994	378	171	109
993	382	171	105
994	379	165	110
995	381	171	106
993	378	170	109
988	379	172	107
991	379	172	109
993	378	168	119
992	375	166	122
994	380	167	107
991	379	168	110
989	377	170	112
991	379	166	105
989	378	169	106
992	381	168	103
990	381	169	101
992	378	164	106
994	383	162	102
990	377	164	108
991	379	169	104
992	380	165	105
995	378	167	109
993	380	162	105
994	378	165	106
991	381	169	104
991	373	166	112
991	382	165	103
990	376	164	111
990	380	165	102
995	377	159	107
993	379	163	107
994	379	165	104
993	382	162	103
987	376	169	108
988	381	171	107
990	380	170	102
991	381	166	102
992	380	163	104
990	381	162	104
989	379	167	106
990	378	169	105
989	380	163	106
988	377	169	107
988	379	167	107
990	381	166	104
993	377	165	105
988	381	167	105
987	376	167	110
990	377	167	107
987	381	168	105
985	379	170	105
988	378	171	104
990	381	160	102
991	376	164	110
991	376	167	107
989	380	167	106
986	378	169	109
988	383	173	103
985	378	171	105
989	380	163	105
988	378	169	104
988	381	171	103
986	377	169	104
987	376	168	115
988	375	167	115
986	377	171	107
991	380	165	113
985	377	171	111
992	379	166	105
987	380	170	103
990	378	167	103
986	378	170	105
984	380	171	107
994	376	159	109
987	377	167	108
993	377	164	109
991	378	168	112
991	376	164	114
988	377	170	113
992	381	164	101
993	375	164	108
990	379	161	108
992	378	167	110
990	377	168	107
990	380	169	111
991	379	161	105
990	376	168	108
992	383	163	103
991	380	164	104
992	375	164	112
987	378	169	106
990	379	169	103
992	379	165	104
990	379	168	106
990	378	164	111
990	378	167	110
990	377	165	107
990	378	164	113
990	377	167	109
991	381	162	105
989	379	165	105
987	377	168	110
984	379	165	109
988	380	171	103
987	379	170	106
992	376	165	115
990	377	169	112
992	376	164	112
991	378	162	113
987	375	170	111
990	379	167	107
984	379	171	111
987	377	172	112
981	376	169	115
987	376	173	112
988	382	163	101
988	378	164	108
987	379	167	110
988	382	163	102
988	378	164	110
988	379	162	106
985	377	170	113
983	378	169	108
984	375	168	124
982	379	172	112
987	379	168	107
988	378	164	111
983	377	166	113
983	379	168	103
986	380	164	105
987	378	164	107
987	378	162	108
983	382	167	102
981	378	169	111
986	375	161	114
985	377	166	111
980	379	168	112
984	374	166	109
983	380	164	110
984	376	173	114
980	380	169	109
984	377	161	106
983	379	160	108
983	376	160	111
984	382	160	104
980	380	167	111
985	384	163	103
983	379	165	110
985	384	162	102
986	378	163	109
980	378	165	110
984	379	165	111
981	380	160	110
984	380	164	107
985	382	163	100
981	383	166	101
982	379	163	108
983	382	169	108
980	378	171	109
973	379	178	113
979	377	175	110
979	380	172	111
983	379	166	108
984	378	168	107
985	379	164	107
981	377	170	107
982	383	168	102
985	377	162	109
983	377	163	108
985	379	161	103
987	379	162	107
986	380	158	107
981	377	162	110
979	378	170	109
979	377	170	106
984	379	170	109
982	374	168	111
982	379	169	107
980	377	170	112
982	375	169	109
981	380	164	110
986	378	160	106
983	377	165	106
985	378	166	108
978	374	170	113
978	382	167	104
979	373	170	111
978	379	171	111
986	374	163	117
980	381	168	101
983	376	168	107
983	380	165	101
981	376	168	109
982	376	169	108
981	377	165	109
981	378	166	106
980	377	167	108
980	381	165	101
983	376	165	107
981	381	167	105
982	376	161	108
980	374	167	113
982	378	163	108
978	375	173	111
981	377	162	112
982	376	165	107
980	379	166	103
981	376	166	113
983	382	164	104
975	378	167	108
981	378	166	104
981	378	165	110
978	376	170	115
979	378	172	104
979	380	170	108
981	379	164	105
976	378	170	107
978	379	162	111
977	379	171	105
976	379	174	108
978	379	170	114
977	376	168	114
978	378	171	108
978	382	169	107
984	379	164	102
978	379	168	108
974	376	170	112
976	380	174	109
978	376	172	105
982	380	169	112
979	375	169	117
978	377	169	110
983	382	166	104
980	380	165	110
977	377	169	114
978	377	171	111
975	379	170	116
979	378	167	110
976	378	169	119
976	379	167	110
973	378	172	110
977	379	169	110
974	380	175	105
979	381	171	101
975	381	166	105
975	378	168	108
975	380	166	109
977	378	169	118
974	377	166	115
976	379	170	106
972	381	170	108
974	378	168	110
976	382	167	107
974	382	160	105
975	377	165	119
976	383	167	103
975	381	168	107
978	379	164	106
978	385	168	103
975	383	171	108
978	382	171	107
970	381	170	108
974	381	174	108
976	383	173	108
976	382	169	107
976	380	172	108
979	381	171	108
973	384	175	103
978	383	171	108
974	383	174	109
976	383	171	104
971	381	177	107
977	384	173	107
975	378	174	111
980	382	169	106
977	379	171	111
980	382	167	110
978	380	166	110
983	380	165	110
976	384	166	111
979	380	173	107
979	381	174	114
975	381	172	107
979	382	167	109
981	382	164	112
978	379	168	111
979	382	170	113
980	379	169	114
980	380	167	111
983	376	169	117
979	382	175	111
983	379	165	119
980	383	172	109
979	378	168	111
981	384	167	104
979	380	170	107
985	380	166	111
981	378	167	110
980	383	166	104
981	382	164	106
983	381	164	107
979	381	169	105
984	382	166	105
983	379	165	107
979	379	169	109
978	380	165	112
979	381	170	105
979	380	168	110
978	378	168	111
981	379	167	112
981	383	164	106
982	379	162	113
984	377	164	108
979	376	169	118
979	378	165	111
982	378	166	113
979	378	169	114
982	376	162	112
980	382	170	107
982	380	160	107
979	378	171	113
979	379	165	110
981	378	168	107
983	382	167	104
984	377	166	109
979	379	171	109
979	378	166	116
980	379	169	107
983	380	170	108
981	377	167	105
985	379	165	108
980	378	171	111
979	376	174	108
977	375	172	112
985	379	164	106
983	380	163	105
982	376	170	112
981	380	167	109
983	376	172	110
983	382	168	104
982	376	164	112
979	379	173	107
982	382	174	101
984	382	168	105
984	380	173	106
987	378	168	110
993	384	166	103
1001	378	160	108
1003	379	165	110
1008	379	169	105
1014	379	169	105
1023	382	165	104
1026	380	170	105
1034	382	172	105
1042	381	172	101
1051	380	179	113
1060	382	173	101
1067	383	176	101
1075	380	179	113
1083	381	178	109
1095	382	179	110
1105	386	178	105
1117	379	171	113
1128	383	175	108
1133	383	176	105
1143	384	179	108
1154	383	169	106
1160	383	178	106
1169	384	183	108
1179	386	182	106
1192	386	176	102
1195	386	186	101
1204	382	186	108
1213	383	189	110
1223	383	183	111
1236	384	181	106
1243	384	188	112
1249	384	189	114
1253	382	198	116
1269	388	195	113
1279	388	193	107
1290	389	193	109
1299	389	194	112
1309	386	196	122
1319	387	194	120
1326	386	197	120
1337	389	202	114
1345	388	196	117
1357	390	201	122
1371	390	195	117
1373	386	210	124
1391	390	201	120
1400	389	197	116
1408	388	204	114
1418	389	207	121
1417	387	218	121
1433	390	214	120
1442	390	213	126
1452	390	211	127
1466	393	204	123
1481	393	211	121
1487	394	208	120
1497	393	214	125
1505	391	219	130
1514	389	216	130
1523	394	223	122
1535	395	220	126
1542	399	230	123
1559	398	220	123
1572	398	219	125
1580	395	223	125
1586	395	228	126
1604	399	229	124
1611	398	224	124
1620	397	234	122
1629	403	232	124
1640	398	232	128
1645	399	237	130
1654	402	249	124
1664	403	248	130
1676	401	234	137
1693	394	221	145
