10	583	192	120
66	579	196	105
153	571	174	91
228	559	154	90
284	550	148	84
350	545	136	74
402	532	124	74
448	517	130	83
485	514	135	73
520	515	133	65
551	508	130	62
577	505	120	60
595	497	117	70
606	496	122	66
624	493	106	70
628	488	104	66
626	482	109	67
629	480	106	68
622	479	114	67
622	475	114	67
625	476	104	61
624	470	106	63
618	470	106	64
620	470	102	65
609	463	109	65
609	462	106	63
607	458	106	67
604	458	97	64
602	454	102	64
596	449	104	64
598	449	95	64
592	449	99	58
586	446	101	60
582	446	99	57
574	445	106	60
574	445	102	60
572	443	102	63
569	441	103	65
566	441	104	65
568	442	95	61
563	443	96	61
564	445	94	60
563	447	94	60
559	445	96	61
556	449	100	60
551	448	94	61
551	449	93	58
547	450	96	59
537	450	99	60
536	448	99	62
536	449	96	60
532	449	95	61
536	450	90	61
536	450	87	60
532	445	89	67
532	446	86	63
535	447	80	60
533	445	77	63
532	445	76	58
526	446	81	58
524	444	82	60
528	448	75	53
521	443	82	59
525	444	76	58
521	442	77	59
522	444	76	56
519	440	74	58
516	441	76	56
513	441	78	55
511	438	80	55
510	438	79	55
508	437	79	55
508	437	72	56
504	433	75	57
499	437	80	49
501	432	75	54
501	433	74	51
499	432	77	53
498	430	75	53
496	431	76	50
494	431	75	50
491	431	80	47
493	424	76	55
498	428	74	48
494	422	85	53
508	423	81	47
527	422	78	47
553	420	74	46
564	416	86	50
605	415	75	48
636	414	67	48
671	411	66	49
701	411	73	45
738	411	70	45
780	408	66	46
817	407	66	41
849	403	74	47
889	404	67	43
912	403	66	43
941	403	60	43
962	401	59	45
976	399	58	45
987	399	56	45
989	398	64	44
1000	396	58	45
1006	398	58	39
1002	397	62	40
1010	395	58	45
1010	391	58	48
1007	389	63	48
1002	392	67	43
1002	391	70	44
997	389	68	46
999	388	67	45
995	383	72	49
998	383	64	49
1002	380	60	46
994	377	70	47
996	376	69	48
992	377	71	46
999	379	63	40
998	379	63	41
995	378	61	40
999	380	56	38
996	378	60	41
994	375	65	43
991	371	69	48
981	366	75	53
975	367	82	49
974	366	77	50
978	367	75	49
973	368	77	45
967	365	78	50
981	364	71	54
979	365	70	57
977	366	63	45
974	364	70	48
971	365	74	43
963	365	80	44
964	363	77	48
961	362	75	47
961	362	77	46
971	362	77	47
968	363	76	45
962	359	69	49
977	361	54	42
980	356	48	47
976	359	53	46
978	361	49	42
977	362	51	41
977	361	46	42
973	359	51	42
971	357	52	44
971	356	49	43
971	356	49	42
970	353	50	45
971	350	48	50
970	351	45	47
967	345	49	54
965	345	48	50
969	347	49	46
967	351	52	42
968	346	46	47
966	346	46	46
959	342	53	51
964	345	44	45
962	345	45	43
961	346	46	42
960	351	47	36
961	350	46	36
959	349	46	37
955	346	50	41
953	341	51	45
954	342	49	43
955	342	46	41
955	342	48	40
954	343	48	39
952	337	45	45
952	334	46	46
945	338	50	43
942	336	52	45
940	337	58	43
938	336	61	44
942	333	50	47
945	336	50	40
942	332	56	44
945	335	50	42
950	338	53	37
952	337	47	39
954	331	44	45
954	330	46	51
953	329	52	57
952	328	49	56
950	330	53	51
949	330	55	52
950	330	57	52
948	332	59	50
950	334	56	46
946	336	50	42
944	334	53	45
943	334	56	45
945	336	50	41
946	336	46	42
945	334	47	40
942	331	54	47
941	334	52	41
941	332	54	44
937	332	54	41
937	328	50	48
932	332	56	39
930	329	59	44
927	324	66	51
922	325	75	48
921	327	75	43
919	326	79	47
922	326	76	44
923	322	70	48
925	324	66	46
921	321	72	44
922	323	75	44
917	324	78	44
920	320	71	48
920	321	69	45
917	320	67	44
928	322	61	43
924	324	66	40
923	324	66	39
922	324	64	40
924	322	63	47
923	323	70	46
924	325	75	43
923	324	68	41
921	325	78	39
918	323	79	41
921	325	78	41
921	325	75	38
918	324	80	37
918	322	71	39
917	323	63	38
918	323	70	36
917	323	74	39
918	321	69	40
920	316	70	45
918	319	80	43
916	318	83	42
914	316	90	44
918	318	83	42
919	318	84	41
918	313	85	48
918	310	80	52
918	313	88	48
917	320	93	43
909	315	88	48
918	314	74	51
918	303	75	63
915	302	74	62
915	290	61	76
922	293	48	71
934	303	42	67
923	298	50	66
917	289	57	72
920	298	55	61
916	292	57	67
915	294	61	64
918	299	59	58
917	293	60	65
917	296	59	64
916	288	55	69
917	289	64	74
920	291	58	72
915	289	59	70
915	305	72	54
916	298	65	60
917	289	58	69
921	289	50	74
914	290	63	68
916	293	60	63
917	296	67	64
915	291	62	68
914	289	61	70
915	291	63	70
915	288	58	69
916	287	54	71
919	292	57	66
916	290	54	66
915	287	58	70
914	287	60	72
916	286	56	69
918	288	52	69
916	286	55	71
915	291	57	67
917	289	51	67
916	290	54	66
917	290	50	66
919	288	45	69
922	287	42	65
922	289	52	70
919	289	53	66
918	288	53	63
918	286	52	68
916	286	55	67
914	287	55	65
917	288	54	64
916	288	54	64
920	288	46	63
925	289	53	61
929	292	64	58
933	289	70	65
952	290	62	68
961	293	56	60
980	293	59	65
994	287	59	69
1017	287	62	70
1042	294	52	59
1066	291	55	61
1089	291	60	62
1110	286	69	66
1138	292	77	59
1166	294	64	59
1203	297	55	55
1231	294	61	57
1261	295	64	57
1296	293	58	60
1326	290	58	63
1345	291	63	61
1382	292	55	63
1403	296	56	63
1423	295	60	63
1434	290	77	66
1439	292	79	68
1444	283	77	72
1454	284	71	74
1465	286	69	77
1467	289	65	67
1472	294	54	60
1474	292	56	62
1472	289	64	69
1473	291	55	65
1476	291	51	63
1474	292	60	62
1474	287	69	70
1471	289	70	69
1472	286	73	76
1472	289	66	73
1473	286	61	73
1468	290	66	69
1474	283	70	78
1473	282	75	80
1472	289	75	71
1477	285	65	76
1468	287	79	71
1471	289	79	72
1472	285	75	77
1476	286	75	75
1479	289	72	72
1476	291	77	73
1473	292	68	71
1476	292	67	71
1475	291	65	68
1479	293	55	62
1477	294	62	67
1477	288	61	72
1476	288	67	71
1475	287	69	76
1472	287	78	74
1474	285	82	83
1473	285	73	80
1474	284	70	78
1475	288	68	72
1481	286	60	76
1483	293	46	62
1479	296	53	55
1481	294	50	58
1479	290	59	66
1479	290	56	70
1479	289	54	72
1480	288	52	76
1477	289	63	71
1479	286	68	78
1483	288	61	77
1483	294	51	69
1482	293	53	66
1477	290	60	64
1479	290	53	68
1480	292	51	62
1481	292	47	62
1485	296	44	56
1480	295	54	58
1474	291	59	64
1476	292	58	65
1483	291	63	71
1485	291	48	67
1485	291	44	68
1484	292	44	65
1485	294	44	60
1487	293	41	67
1488	292	47	70
1484	296	50	61
1486	298	48	59
1486	299	48	57
1485	297	50	61
1488	297	48	59
1487	296	49	64
1489	300	47	60
1490	301	48	60
1491	302	44	58
1491	302	46	57
1491	303	45	61
1494	302	42	58
1492	300	51	61
1492	300	47	60
1494	298	45	65
1494	298	42	68
1497	300	43	72
1495	302	41	73
1493	302	42	67
1492	303	46	65
1494	301	42	69
1490	303	49	60
1492	302	46	60
1489	301	53	67
1489	301	51	64
1491	301	46	62
1489	298	55	73
1491	294	52	83
1489	301	54	71
1489	300	48	74
1487	298	49	77
1486	298	49	76
1486	299	49	72
1483	297	57	74
1483	298	56	69
1481	296	54	78
1479	294	54	78
1482	294	51	83
1475	292	66	93
1470	291	65	91
1473	290	57	91
1474	292	50	85
1474	294	49	78
1471	291	61	84
1468	293	67	81
1471	293	67	79
1468	292	78	88
1472	292	66	83
1469	291	69	77
1471	291	70	86
1473	291	65	85
1473	290	63	86
1473	292	76	79
1472	290	72	68
1470	290	74	70
1461	290	79	72
1464	289	86	89
1448	284	99	89
1449	288	95	87
1450	284	94	88
1444	273	103	94
1444	280	106	92
1449	286	98	84
1445	277	100	97
1439	270	106	97
1451	270	95	111
1448	271	86	91
1479	289	87	91
1466	280	77	93
1472	285	83	91
1475	285	67	79
1483	288	49	76
1483	284	54	77
1485	288	46	69
1486	289	50	63
1484	288	51	65
1487	289	47	66
1492	290	43	59
1488	287	51	67
1490	285	45	78
1490	288	49	68
1492	291	52	63
1490	294	57	58
1494	293	51	53
1493	299	62	50
1500	298	50	52
1499	299	49	57
1509	303	57	45
1507	300	66	53
1508	297	73	61
1513	298	70	74
1512	297	69	83
1516	295	61	99
1512	291	71	98
1510	288	76	97
1489	285	95	89
1477	275	100	98
1486	272	88	108
1495	281	80	95
1496	281	80	93
1498	290	79	87
1494	291	74	70
1502	289	78	79
1501	291	85	76
1504	288	66	66
1504	288	61	69
1506	291	54	64
1507	298	43	58
1502	301	51	52
1503	303	50	42
1504	304	51	44
1506	300	58	45
1508	303	65	39
1500	302	72	38
1509	302	63	42
1502	304	59	38
1500	301	68	43
1508	302	63	43
1502	304	70	45
1501	301	65	46
1508	304	60	40
1513	303	56	43
1504	301	57	43
1504	301	66	47
1505	303	63	42
1508	304	71	39
1494	304	80	39
1498	302	83	43
1510	300	71	47
1510	303	74	58
1516	304	66	50
1513	301	67	54
