1003	865	156	212
998	869	177	209
999	865	165	214
1005	863	158	210
1003	862	155	215
1001	862	163	215
992	862	175	213
995	856	168	213
997	860	162	213
994	864	171	209
1003	859	159	209
1000	859	165	207
995	855	163	215
997	857	172	205
995	853	171	208
1000	856	159	205
1003	851	156	202
999	854	157	199
994	852	166	201
999	852	161	198
1005	845	146	207
1003	839	149	205
1000	843	148	199
996	844	161	196
1006	838	146	188
999	842	154	189
1002	835	151	192
1002	835	146	195
1000	835	153	181
1000	837	146	181
999	837	148	181
1001	831	146	180
1003	836	144	178
1000	831	145	177
1004	825	138	188
1004	830	147	178
1010	833	130	176
1004	832	136	176
1001	830	142	174
1001	833	145	170
1005	834	139	163
1007	832	131	165
1009	831	128	166
1007	836	128	159
1004	849	136	141
1007	842	129	144
1003	856	137	128
1003	854	135	125
1004	856	134	120
1004	856	133	119
1006	854	130	119
1005	840	131	129
1001	854	142	115
1000	827	139	140
1002	794	140	167
1004	789	133	177
1002	787	133	178
1006	784	130	179
1010	782	122	181
1007	782	125	174
1003	781	135	173
1002	785	134	169
1000	782	140	170
1000	779	131	173
1005	778	128	168
1000	774	132	171
1004	773	129	170
1004	779	128	163
1004	780	127	160
1000	776	129	161
1006	774	124	168
1006	771	120	165
1007	772	124	161
1004	777	120	156
1003	771	124	159
1003	773	122	155
1004	772	124	152
1003	772	123	156
1004	771	120	151
1002	772	124	150
1002	774	121	147
1002	772	123	148
999	769	121	151
1001	774	124	143
998	770	125	145
1000	763	118	154
998	759	124	158
998	766	122	150
999	770	123	143
996	773	125	142
998	768	126	150
997	766	128	152
999	763	122	149
994	757	127	156
995	763	127	151
995	757	126	157
996	760	126	155
997	753	117	165
994	758	128	158
996	754	122	154
995	757	124	152
994	752	123	157
995	750	126	157
991	756	130	148
990	754	130	153
992	757	131	146
995	747	127	155
993	743	121	155
995	743	118	161
994	743	123	157
993	739	119	162
991	738	127	163
990	735	130	166
990	734	122	173
989	735	127	168
990	737	125	159
992	734	121	161
984	739	129	165
985	735	133	159
985	744	125	155
986	735	130	167
986	739	126	159
984	738	134	154
981	744	133	158
980	739	139	161
981	737	131	154
981	759	128	132
984	763	132	118
981	769	143	111
982	790	132	89
984	768	132	110
979	764	142	118
984	755	128	123
981	754	136	126
978	746	142	134
979	743	142	142
980	754	137	130
981	740	132	145
974	758	146	130
977	762	141	121
971	783	146	103
975	791	145	96
976	774	139	106
974	784	135	100
976	797	129	89
977	792	129	80
979	785	125	95
977	783	129	104
974	788	133	102
968	771	144	108
977	796	129	85
978	792	126	74
978	789	128	82
978	788	131	82
973	787	134	92
972	796	132	84
972	779	135	96
970	793	142	92
971	773	142	101
976	770	135	122
972	748	142	138
973	742	137	139
971	737	131	148
975	734	126	159
974	737	126	155
972	740	128	149
972	737	126	149
970	736	132	151
971	736	132	150
971	738	131	150
971	742	137	147
974	732	126	156
970	741	135	150
968	737	136	155
971	740	132	145
970	736	134	145
970	737	135	155
971	737	136	150
973	734	129	162
970	733	130	153
970	742	135	151
972	737	125	151
970	739	129	154
970	732	124	157
969	733	129	152
967	737	141	162
974	732	113	150
975	735	127	154
969	732	128	157
974	734	120	154
973	736	117	155
969	738	122	155
970	734	114	158
972	740	125	158
970	741	128	162
966	740	123	158
965	745	133	160
967	746	124	164
971	746	117	164
970	748	124	164
971	753	121	164
968	757	131	159
970	754	125	168
970	761	121	170
970	761	120	168
969	769	127	164
971	768	115	166
970	773	125	163
971	776	122	164
968	777	131	169
968	781	131	167
972	780	121	179
975	785	118	168
972	785	125	175
970	791	125	161
971	793	124	169
975	796	123	166
976	795	119	170
971	799	126	175
972	798	126	180
975	802	120	174
973	807	124	167
973	806	126	174
969	806	135	176
974	807	126	174
976	804	130	182
973	806	128	182
973	806	128	182
976	806	127	177
975	806	125	178
977	808	125	182
979	809	118	177
982	809	110	179
980	812	117	171
980	811	118	171
980	812	118	166
981	812	116	170
982	813	118	176
980	814	119	180
985	817	110	174
983	817	119	178
984	817	117	165
986	816	117	183
984	821	121	174
982	822	125	180
986	823	118	179
987	828	119	176
990	828	113	185
987	830	118	173
991	833	120	167
989	832	117	170
990	832	116	166
991	830	116	170
990	830	118	173
992	833	120	172
996	834	113	165
999	833	107	176
997	833	112	167
994	838	116	166
997	833	113	170
995	832	117	178
995	834	119	177
994	837	117	169
998	833	118	180
998	841	114	169
1001	841	116	171
999	843	118	171
996	849	123	166
999	850	118	162
1001	849	121	169
1004	849	117	171
1000	856	120	167
1006	856	114	164
1004	860	117	161
1008	862	109	163
1006	859	118	167
1007	864	115	165
1005	857	122	177
1005	853	123	181
1009	855	115	182
1009	861	122	175
1007	862	127	178
1006	856	129	183
1014	856	116	187
1011	859	125	186
1009	860	132	186
1010	859	134	193
1010	861	134	193
1011	856	126	197
1008	856	134	202
1010	857	135	209
1011	855	137	205
1011	857	132	209
1016	867	128	200
1015	867	130	205
1017	870	132	204
1017	870	128	199
1014	875	132	194
1019	875	134	188
1013	878	143	194
1022	875	132	191
1014	879	141	193
1015	879	146	187
1016	874	135	194
1017	873	133	195
1021	871	135	193
1022	870	131	200
1021	872	132	193
1021	871	136	195
1021	870	136	198
1021	864	139	193
1022	861	133	195
1023	856	135	205
1022	852	131	200
1018	852	137	200
1021	842	134	220
1023	842	129	214
1023	842	126	195
1022	839	131	198
1023	835	128	203
1019	832	131	205
1018	833	133	203
1019	832	135	203
1019	829	132	211
1022	826	125	209
1021	825	132	205
1015	827	133	201
1017	823	134	202
1016	820	133	205
1019	821	127	204
1018	819	130	196
1018	821	129	194
1022	822	125	192
1017	818	131	193
1016	817	135	191
1019	814	125	190
1019	818	127	190
1019	817	127	193
1015	817	130	180
1015	816	132	186
1015	814	130	181
1015	816	128	177
1017	813	123	186
1020	814	125	175
1019	813	123	179
1014	815	130	170
1015	816	125	170
1016	820	130	166
1017	814	124	170
1018	822	124	170
1018	823	126	163
1014	823	129	159
1015	829	132	155
1016	817	122	167
1018	818	127	164
1015	817	123	161
1014	815	133	160
1018	809	125	170
1015	808	127	164
1017	811	128	159
1012	813	132	151
1013	805	130	156
1012	802	127	158
1013	801	127	153
1012	794	128	158
1016	791	125	158
1016	793	120	159
1016	781	126	167
1013	786	122	152
1012	788	129	151
1014	778	119	152
1016	779	120	149
1013	777	122	150
1010	772	124	151
1012	775	125	147
1011	771	124	149
1014	770	120	150
1015	769	120	144
1012	768	122	142
1015	765	115	143
1015	765	120	147
1010	763	121	147
1014	762	121	143
1009	765	125	140
1015	763	119	138
1012	758	121	142
1013	758	120	140
1013	757	117	139
1018	757	112	139
1011	755	118	139
1013	754	114	137
1015	754	115	141
1012	753	114	139
1013	757	119	136
1010	757	120	133
1016	756	116	135
1013	754	111	136
1015	755	114	137
1016	756	109	132
1013	755	113	135
1013	755	114	134
1008	756	119	131
1014	756	112	132
1012	753	110	133
1013	755	112	132
1016	754	107	133
1009	755	116	133
1018	755	108	134
1013	753	108	136
1014	751	110	142
1011	755	110	131
1012	758	114	135
1011	755	113	139
1012	755	113	138
1013	757	109	138
1012	755	111	139
1009	758	116	136
1012	756	113	138
1013	755	109	139
1013	757	112	135
1011	755	110	137
1010	757	114	132
1012	759	116	131
1012	755	115	137
1010	756	117	131
1012	757	116	135
1014	757	113	133
1012	756	116	134
1012	758	113	133
1013	756	114	134
1011	759	118	131
1010	762	115	128
1011	761	115	127
1011	763	115	130
1014	759	109	131
1011	761	112	134
1011	755	115	134
1010	762	114	133
1010	763	113	129
1010	761	116	131
1010	764	117	129
1009	762	117	131
1008	763	117	131
1009	762	117	133
1009	762	115	133
1009	764	115	132
1008	766	117	131
1013	764	114	131
1011	766	113	132
1013	763	107	132
1012	764	109	135
1011	765	110	135
1011	763	111	145
1013	764	115	149
1013	771	114	142
1012	767	114	144
1015	769	112	147
1009	773	116	140
1011	772	119	137
1011	778	113	134
1008	779	116	133
1009	773	117	135
1009	776	115	138
1011	777	114	131
1008	775	118	133
1003	773	121	134
1005	772	117	132
1004	772	118	132
1011	768	112	134
1007	770	115	132
1008	769	113	131
1014	764	106	133
1013	768	109	137
1015	758	102	140
1014	756	104	130
1012	759	104	130
1012	756	107	129
1013	757	103	126
1012	758	106	124
1012	755	105	124
1010	752	111	122
1013	752	103	124
1015	751	104	121
1017	750	99	122
1020	749	96	122
1017	753	102	115
1019	750	98	119
1018	752	97	116
1018	749	100	118
1018	749	96	119
1016	750	102	116
1018	747	101	118
1018	750	101	113
1020	747	99	116
1017	747	101	115
1017	746	102	117
1017	748	105	114
1015	746	106	117
1018	748	101	113
1015	747	105	113
1018	743	101	118
1018	742	101	118
1020	747	101	113
1022	742	100	114
1022	746	103	114
1021	743	97	116
1023	744	98	114
1021	740	101	116
1020	744	102	113
1019	746	103	110
1022	740	100	115
1017	739	104	119
1020	738	102	115
1016	741	106	117
1019	740	103	114
1021	741	100	113
1022	743	101	113
1020	743	100	112
1021	741	97	113
1022	742	98	113
1020	740	99	115
1020	739	102	116
1020	740	101	114
1026	742	97	113
1024	742	97	113
1024	746	97	108
1024	743	97	111
1022	743	100	113
1023	741	100	113
1025	745	98	111
1027	741	92	115
1025	743	95	112
1025	741	94	114
1025	743	99	112
1025	742	99	114
1028	743	93	117
1028	740	94	117
1028	743	93	115
1027	742	93	116
1027	746	95	113
1027	747	93	110
1026	744	98	115
1026	744	98	115
1028	742	97	120
1029	744	95	114
1028	744	95	115
1027	743	98	119
1027	745	96	119
1027	748	97	116
1029	742	95	127
1028	745	96	116
1027	746	101	116
1025	752	103	113
1028	751	100	114
1027	747	101	125
1025	746	101	117
1024	742	102	119
1026	751	100	108
1028	746	97	110
1022	762	105	100
1024	772	105	86
1025	779	106	82
1024	770	107	86
1024	771	107	80
1024	771	104	79
1023	777	107	72
1027	770	102	85
1023	781	105	71
1024	779	105	76
1024	779	106	76
1023	772	107	81
1022	778	109	78
1023	777	107	77
1025	777	106	79
1026	765	106	86
1024	780	108	70
1026	781	104	69
1025	769	109	79
1025	779	107	74
1029	749	104	99
1028	741	105	114
1027	744	108	108
1027	735	108	114
1026	732	106	122
1026	733	106	117
1025	742	108	109
1025	742	113	101
1027	741	106	109
1028	758	106	97
1028	753	106	96
1028	766	106	80
1027	762	110	86
1026	763	108	86
1027	774	104	72
1026	771	108	81
1024	778	111	65
1025	781	110	61
1023	780	110	62
1026	781	106	60
1025	777	109	67
1021	778	112	66
1022	783	109	68
1023	785	109	63
1025	781	109	71
1025	779	107	76
1024	776	107	77
1022	782	109	75
1023	781	108	77
1024	780	106	74
1024	781	106	71
1022	784	108	73
1021	786	110	71
1021	785	111	75
1022	786	108	70
1023	792	109	65
1024	793	107	70
1025	792	108	70
1023	790	107	76
1021	790	110	77
1021	784	112	81
1019	789	114	80
1019	792	114	81
1020	790	114	81
1018	790	116	86
1020	794	111	82
1021	793	111	81
1021	794	108	82
1021	792	108	83
1018	789	114	87
1022	802	109	73
1020	807	110	75
1020	807	109	77
1019	806	110	79
1020	812	110	62
1015	808	121	75
1019	803	114	82
1018	799	118	89
1016	799	121	87
1016	804	116	86
1018	805	114	82
1015	806	117	90
1016	809	115	95
1016	815	115	82
1017	813	114	87
1017	811	114	86
1015	810	119	90
1014	814	120	87
1016	816	115	88
1019	821	110	83
1015	816	121	80
1017	813	120	82
1019	807	115	86
1017	813	116	81
1015	814	116	86
1019	819	105	82
1016	821	113	75
1016	815	115	95
1018	822	114	81
1015	823	120	76
1018	819	117	78
1019	825	116	69
1017	826	119	68
1016	824	125	72
1013	823	129	76
1015	821	125	77
1019	819	116	77
1019	822	124	68
1017	819	121	74
1016	815	123	74
1018	813	120	76
1016	812	129	76
1015	811	116	71
1019	808	110	75
1015	809	114	70
1017	806	109	74
1017	801	108	78
1015	796	111	83
1016	792	110	77
1017	791	106	83
1018	792	104	80
1016	791	109	71
1017	785	108	78
1018	786	106	76
1017	782	105	84
1016	775	106	83
1019	781	101	68
1015	779	107	67
1017	778	103	73
1017	776	102	66
1018	773	101	73
1016	775	102	66
1017	769	101	75
1015	774	104	68
1016	768	103	64
1016	766	105	69
1017	765	105	66
1017	766	105	63
1012	766	108	63
1015	766	102	58
1017	764	101	60
1019	762	99	60
1017	761	108	60
1013	760	109	63
1015	760	104	57
1018	758	103	65
1010	760	110	61
1006	758	112	60
1009	753	112	67
1014	753	102	61
1013	751	107	64
1014	750	104	63
1016	751	99	54
1017	752	99	51
1016	748	96	55
1018	750	94	60
1015	748	98	57
1015	745	97	64
1016	744	94	63
1012	741	98	72
1016	706	92	96
1012	699	95	108
1009	699	104	108
1011	698	104	106
1009	700	107	108
1009	699	105	103
1012	698	98	102
1009	697	100	116
1012	699	94	106
1010	697	97	104
1008	694	98	106
1010	696	94	107
1013	692	98	108
1013	691	92	116
1009	691	98	120
1013	690	93	111
1009	690	97	110
1011	688	104	110
1010	688	100	107
1010	688	95	107
1018	685	86	106
1014	685	89	105
1015	682	88	106
1010	683	92	100
1007	682	97	107
1010	678	92	106
1011	678	93	105
1009	677	92	103
1013	676	90	102
1012	675	88	101
1011	674	90	103
1013	672	88	102
1008	673	93	100
1010	672	94	100
1011	672	92	97
1015	669	85	100
1012	668	88	102
1011	668	91	100
1013	666	88	101
1011	668	90	97
1011	665	90	100
1013	666	86	98
1015	663	84	97
1015	663	83	99
1013	662	88	99
1010	664	90	95
1014	662	87	95
1015	659	84	96
1014	659	87	96
1012	659	89	95
1013	658	89	95
1012	658	87	96
1013	656	86	94
1013	656	87	93
1013	656	84	92
1011	652	87	95
1014	650	85	95
1011	649	86	95
1013	648	83	94
1015	646	84	95
1012	648	85	92
1013	646	84	90
1011	648	86	86
1015	644	81	90
1012	645	86	87
1014	641	82	91
1015	639	79	91
1014	640	82	88
1014	639	82	88
1014	639	82	86
1015	637	80	87
1015	633	80	89
1015	635	78	85
1015	635	79	83
1013	632	82	86
1015	633	78	83
1012	633	81	84
1015	633	77	79
1019	630	75	85
1020	628	74	86
1017	629	77	84
1015	630	81	82
1016	629	81	81
1017	628	79	80
1015	628	81	80
1016	627	78	79
1014	626	79	79
1015	625	79	79
1014	621	79	80
1016	620	77	80
1017	618	75	81
1018	616	76	81
1017	616	75	78
1015	615	77	77
1019	613	72	77
1021	613	70	76
1019	607	71	84
1018	603	71	83
1020	606	68	82
1017	594	72	89
1016	595	72	78
1012	596	75	76
1014	594	72	75
1015	594	70	74
1010	593	75	74
1013	592	72	75
1017	592	69	74
1017	590	68	73
1015	591	69	72
1012	592	73	71
1016	590	70	73
1014	590	70	72
1016	589	69	75
1016	589	70	73
1013	589	73	71
1015	589	72	72
1020	586	66	72
1018	588	67	72
1020	590	65	68
1022	586	63	70
1019	588	66	69
1016	587	69	69
1017	587	69	68
1017	587	70	69
1018	586	68	69
1018	584	68	70
1016	583	69	70
1018	581	68	70
1021	580	64	74
1022	575	63	75
1020	577	64	68
1020	577	63	70
1021	573	62	69
1017	575	64	67
1016	574	67	68
1015	575	67	65
1017	573	65	65
1018	572	63	68
1019	571	62	69
1017	572	64	68
1014	572	68	66
1016	571	65	68
1016	571	66	65
1017	571	63	64
1018	572	63	68
1019	571	63	64
1016	572	65	66
1014	572	68	63
1018	571	63	65
1014	570	66	66
1016	570	65	64
1015	570	65	65
1017	567	64	66
1016	567	63	66
1016	569	64	64
1013	568	68	63
1016	567	64	63
1016	568	64	64
1016	568	63	64
1016	568	63	63
1019	568	60	63
1018	568	62	63
1017	565	63	65
1019	569	62	62
1015	569	65	61
1013	567	68	63
1015	567	64	64
1014	567	66	66
1015	568	65	65
1016	568	65	63
1014	568	67	64
1014	569	67	61
1015	568	66	63
1017	569	63	62
1016	568	66	64
1018	568	62	62
1019	569	62	64
1019	568	61	62
1017	570	64	62
1014	570	68	62
1013	571	70	63
1016	571	67	62
1019	571	63	63
1016	571	66	63
1017	570	67	65
1014	572	69	63
1016	572	69	64
1015	573	68	63
1013	572	71	64
1015	572	71	65
1014	573	71	65
1014	573	70	64
1017	573	68	64
1017	574	68	65
1019	575	64	63
1017	576	69	61
1022	576	63	63
1023	575	62	64
1021	576	66	63
1020	576	66	63
1021	578	63	62
1024	577	62	63
1024	576	62	64
1024	577	62	64
1021	579	67	61
1022	579	68	62
1018	580	73	61
1019	580	72	62
1020	579	70	65
1022	582	72	70
1023	582	70	69
1025	586	70	71
1026	588	70	74
1024	585	72	73
1028	591	69	67
1028	593	68	67
1031	594	66	63
1027	594	72	61
1030	593	67	65
1030	594	66	64
1031	596	70	61
1029	595	73	62
1029	595	72	63
1030	595	72	61
1030	595	70	61
1026	593	74	62
1029	591	72	64
1026	592	74	62
1027	593	73	63
1027	590	72	65
1028	590	71	65
1026	589	72	67
1025	588	74	68
1029	589	70	66
1027	585	72	66
1027	587	71	60
1028	586	71	57
1027	583	72	60
1028	582	71	62
1027	581	71	60
1026	580	72	62
1026	582	72	61
1028	580	71	61
1026	583	70	58
1026	581	71	59
1024	581	73	59
1026	582	69	60
1025	581	71	62
1023	581	74	61
1023	581	72	62
1019	582	81	61
1021	582	74	60
1022	581	75	62
1022	585	76	58
1021	582	76	61
1025	585	72	57
1024	583	72	61
1025	585	72	59
1025	585	70	58
1025	586	71	58
1025	585	72	60
1024	587	72	58
1024	589	74	55
1024	588	71	57
1024	588	73	58
1023	587	75	60
1024	587	74	60
1023	589	74	58
1022	588	76	59
1022	586	73	61
1021	588	76	60
1022	588	76	58
1021	589	78	59
1021	590	77	59
1022	591	75	59
1025	596	74	55
1025	597	73	53
1023	595	77	55
1022	598	77	54
1021	594	79	57
1022	598	80	52
1022	595	78	57
1024	593	76	60
1025	594	75	60
1025	596	76	58
1024	594	77	59
1024	600	78	53
1024	599	80	56
1023	595	80	59
1023	599	79	54
1022	600	81	55
1022	599	83	55
1025	597	78	60
1024	597	78	61
1023	598	79	59
1023	597	79	58
1024	605	79	55
1026	603	77	55
1026	602	76	57
1025	601	78	57
1025	602	77	57
1026	604	78	56
1026	602	79	58
1024	612	83	53
1023	606	81	59
1023	610	82	58
1023	608	81	59
1023	609	82	62
1022	613	81	57
1022	614	83	56
1023	612	80	59
1024	614	80	61
1024	618	78	56
1023	615	77	60
1021	614	82	65
1022	613	78	63
1023	623	80	52
1023	619	81	57
1025	619	79	60
1023	622	80	62
1022	620	81	61
1022	623	81	61
1021	630	82	54
1022	619	80	66
1019	618	84	72
1023	619	77	74
1023	621	77	72
1022	625	80	69
1022	627	79	66
1021	631	81	66
1018	635	85	60
1019	632	83	66
1018	630	85	69
1018	635	82	66
1019	632	83	70
1020	632	83	69
1018	634	87	69
1017	643	86	64
1019	650	82	55
1018	643	83	65
1017	646	83	63
1015	647	85	60
1016	644	84	62
1018	644	81	74
1012	655	91	64
1012	650	90	68
1011	648	91	74
1007	644	90	78
1005	646	90	81
1007	653	90	70
1007	649	90	78
1007	659	92	67
1003	672	98	53
1008	671	94	56
1003	664	99	64
1005	654	93	79
1006	654	87	76
1004	658	90	80
1005	658	88	82
1003	662	90	79
1003	672	90	76
1003	682	89	63
1004	687	88	61
1002	688	91	64
1004	689	87	68
1002	691	91	72
1003	696	90	68
1003	702	87	57
1002	701	92	61
1003	703	88	60
1002	705	89	61
1001	708	89	59
1000	704	92	67
996	697	96	71
998	710	94	62
998	714	95	55
999	712	94	63
1002	716	90	56
1001	718	91	51
1000	716	90	57
998	711	93	65
996	716	96	57
998	719	92	52
999	716	91	58
1000	711	92	67
994	718	99	55
996	720	90	52
994	711	107	62
992	711	104	59
990	712	108	58
989	713	98	56
989	709	96	58
989	704	96	63
989	706	97	60
988	701	101	64
988	699	97	63
988	698	97	61
988	697	95	61
987	697	95	60
987	695	101	58
989	694	96	58
989	696	94	54
990	692	89	59
988	689	93	64
988	690	86	64
989	693	90	51
986	689	91	51
987	691	94	52
985	689	95	59
985	690	90	57
983	688	91	60
986	687	91	61
984	687	92	58
988	688	87	52
986	684	89	59
986	683	89	63
985	686	92	56
986	684	88	61
981	684	93	63
983	684	90	59
986	686	89	57
986	683	87	62
985	686	89	59
983	688	87	56
987	687	91	58
988	684	96	59
990	686	98	57
999	687	97	55
1006	683	98	63
1022	683	89	59
1039	689	84	50
1054	688	83	54
1063	689	86	56
1077	689	90	52
1091	691	89	49
1112	690	83	50
1124	691	87	49
1135	693	90	50
1148	692	85	56
1155	691	92	58
1166	692	85	59
1173	694	87	50
1178	694	87	45
1185	693	85	52
1185	693	86	51
1186	692	89	56
1180	694	95	49
1178	689	97	55
1185	690	92	53
1184	686	91	60
1185	687	89	64
1183	689	85	57
1183	687	89	54
1184	684	83	60
1184	682	77	57
1183	683	78	54
1185	683	85	55
1181	678	89	58
1182	681	83	61
1180	677	86	59
1179	678	88	61
1180	679	89	54
1180	682	85	55
1180	682	77	56
1180	679	81	59
1181	680	83	52
1180	678	84	57
1181	680	83	55
1179	680	86	49
1178	678	83	54
1180	681	84	50
1181	677	82	59
1177	677	86	58
1173	670	90	64
1167	668	95	63
1174	671	89	61
1172	672	89	59
1179	674	88	56
1181	674	77	60
1178	674	73	62
1185	674	78	63
1182	675	72	70
1184	680	65	60
1185	680	56	59
1189	680	65	59
1185	680	71	62
1184	686	76	56
1185	684	73	54
1184	686	77	51
1184	685	61	53
1185	682	64	55
1187	681	50	55
1190	683	56	53
1190	680	67	48
1185	673	80	54
1183	673	77	60
1185	677	73	54
1186	674	71	53
1190	674	71	49
1195	673	72	52
1195	670	75	58
1194	671	74	55
1199	673	64	53
1199	671	67	53
1199	673	67	53
1205	672	65	51
1203	671	67	54
1200	672	66	49
1203	671	62	48
1201	669	67	52
1201	669	66	48
1204	666	68	53
1201	665	60	50
1201	667	61	49
1200	665	61	52
1197	663	65	53
1197	667	66	47
1201	664	57	53
1198	663	62	54
1197	663	66	50
1198	661	65	51
1196	662	61	47
1197	665	61	44
1198	661	60	50
1199	658	60	57
1196	659	57	54
1195	659	61	54
1194	660	60	51
1194	659	56	49
1193	659	57	50
1195	659	54	49
1189	658	57	48
1188	657	55	49
1189	657	58	49
1183	658	64	41
1184	656	60	45
1186	653	59	51
1183	654	61	54
1183	651	62	54
1183	648	59	57
1185	650	58	52
1184	646	58	60
1180	645	63	58
1177	646	63	58
1180	643	59	61
1178	640	59	64
1180	646	55	61
1180	644	53	66
1180	643	55	64
1181	644	49	62
1177	644	55	61
1178	644	55	60
1178	643	54	62
1175	644	52	60
1173	644	55	60
1171	645	57	56
1168	647	57	55
1164	644	65	58
1166	644	62	57
1164	643	64	58
1165	645	60	55
1166	647	60	51
1166	646	57	55
1170	648	52	51
1164	649	55	51
1163	646	58	58
1159	647	61	56
1157	648	62	54
1155	643	63	57
1158	640	57	63
1153	637	63	67
1154	644	62	65
1153	642	62	62
1152	643	63	58
1151	644	62	59
1151	643	60	58
1153	647	56	59
1154	644	54	60
1154	645	56	63
1150	645	57	61
1149	648	59	54
1149	645	57	59
1147	643	58	65
1142	647	61	62
1145	649	58	62
1150	649	51	61
1143	648	53	64
1143	647	55	65
1144	647	54	64
1137	652	61	64
1136	650	62	64
1141	651	57	65
1137	649	60	58
1135	651	61	61
1135	650	59	61
1133	651	61	61
1137	652	58	58
1132	655	60	61
1135	657	58	50
1132	655	58	56
1129	651	60	64
1123	650	67	65
1125	650	63	70
1123	646	65	77
1128	650	54	75
1125	652	58	67
1126	655	61	62
1126	659	56	64
1128	662	54	61
1131	656	49	67
1123	662	53	65
1123	664	55	61
1119	658	60	65
1123	666	53	58
1122	672	53	57
1122	671	53	56
1122	673	55	53
1120	677	52	55
1118	672	56	59
1115	670	56	60
1115	665	55	65
1119	668	52	67
1117	672	52	60
1114	676	51	58
1112	670	56	67
1106	668	61	74
1105	666	60	74
1103	667	61	81
1105	669	59	75
1104	676	58	71
1106	680	54	72
1104	679	56	75
1108	679	52	73
1107	682	52	70
1106	686	51	70
1109	689	46	64
1108	694	45	58
1114	692	40	68
1111	699	41	68
1113	700	40	66
1110	704	43	65
1103	703	48	67
1107	704	46	67
1105	714	45	59
1115	716	34	65
1115	716	34	65
1101	720	40	56
1098	724	41	45
1097	727	36	41
1101	730	30	39
1100	728	35	35
1094	726	36	35
1092	725	39	40
1090	726	43	39
1091	726	41	42
1098	727	36	38
1100	732	34	34
1102	734	27	31
1102	734	27	31
1102	734	27	31
1102	734	27	31
1102	734	27	31
1102	734	27	31
1101	701	24	37
1101	701	24	37
1101	701	24	37
1085	715	17	32
1083	716	20	29
1077	716	23	28
1074	717	28	22
1074	717	28	22
1074	717	28	22
1074	717	28	22
1074	715	22	26
1074	718	23	23
1079	702	23	30
1079	702	23	30
1079	702	23	30
1060	719	19	36
1064	719	17	31
1063	719	23	34
1054	722	29	34
1055	720	29	32
1054	724	23	37
1062	718	22	43
1062	718	19	39
1054	726	24	40
1051	724	28	45
1051	726	29	45
1046	795	27	48
1048	787	24	51
1054	709	30	50
1054	714	37	45
1054	716	38	39
1049	717	38	31
1061	716	32	33
1061	716	32	33
1061	716	32	33
1061	716	32	33
1022	795	37	26
1030	815	30	26
1028	797	35	29
1027	796	38	39
1034	797	35	40
1035	796	34	39
1034	796	36	40
1033	794	41	45
1037	793	49	42
1039	793	51	47
1036	793	61	57
1057	790	56	59
1060	791	49	50
1065	793	44	40
1067	791	50	35
1063	782	50	43
1066	786	41	47
1056	714	35	42
1052	725	35	33
1055	726	27	29
1056	724	22	31
1053	728	24	29
1052	732	21	29
1053	733	20	24
1040	775	15	27
1070	783	17	27
1087	794	18	28
1086	794	22	26
1086	796	19	19
1086	797	18	19
1086	799	20	19
1086	798	19	18
1095	798	22	19
1095	798	22	19
1095	798	22	19
1095	798	22	19
1095	798	22	19
1095	798	22	19
1096	798	25	21
1085	764	21	21
1085	764	21	21
1085	764	21	21
1040	791	16	24
1023	790	17	26
1022	788	21	29
1021	784	25	34
1005	727	27	33
1005	727	28	31
1005	727	25	31
1006	726	26	31
1007	727	22	30
1006	733	19	25
1006	733	20	25
1006	732	18	23
1007	728	18	29
1006	727	17	29
1006	727	17	29
1006	727	17	29
1006	727	17	29
1006	727	17	29
982	732	19	29
985	728	23	31
977	729	30	30
974	732	33	34
973	729	31	41
972	732	34	37
972	731	34	37
973	734	33	34
966	733	34	35
963	734	36	36
960	734	39	36
959	736	41	36
962	737	38	33
960	745	34	31
971	723	27	36
972	723	22	35
937	717	25	32
937	717	25	32
949	749	29	34
945	746	30	40
941	745	36	43
937	747	38	41
934	744	45	43
931	741	44	49
925	743	51	51
926	744	49	46
924	746	49	45
925	746	46	56
925	747	46	54
923	750	41	50
924	753	42	44
921	756	37	37
930	737	38	38
930	741	34	42
924	751	35	40
924	754	30	44
925	753	35	38
926	743	29	46
914	764	31	39
927	744	23	42
926	749	22	49
923	750	28	49
923	752	32	39
924	750	28	34
921	750	33	41
921	761	26	37
924	764	20	35
924	764	20	35
924	764	20	35
935	792	25	33
935	815	23	37
939	816	22	41
933	815	25	39
877	788	20	36
877	788	20	36
877	788	20	36
932	828	24	37
930	828	28	45
927	821	34	47
930	825	33	56
928	826	34	54
928	824	35	63
928	830	32	61
930	832	30	58
925	829	37	61
925	829	37	61
936	830	27	62
938	829	25	57
938	825	24	51
940	826	22	47
939	828	25	44
938	830	22	40
940	829	20	36
941	827	20	35
939	828	22	30
938	829	24	27
941	829	19	23
941	831	19	22
941	831	19	22
942	829	19	21
942	829	19	21
942	829	19	21
942	829	19	21
940	832	20	24
940	832	20	24
940	832	20	24
940	832	20	24
940	832	20	24
940	832	20	24
940	832	20	24
940	832	20	24
940	832	20	24
940	832	20	24
940	832	20	24
940	832	20	24
940	832	20	24
940	832	20	24
940	832	20	24
940	832	20	24
940	832	20	24
940	832	20	24
940	832	20	24
940	832	20	24
940	832	20	24
940	832	20	24
940	832	20	24
940	832	20	24
940	832	20	24
940	832	20	24
940	832	20	24
940	832	20	24
940	832	20	24
940	832	20	24
940	832	20	24
940	832	20	24
940	832	20	24
940	832	20	24
940	832	20	24
940	832	20	24
940	832	20	24
940	832	20	24
940	832	20	24
940	832	20	24
940	832	20	24
940	832	20	24
940	832	20	24
940	832	20	24
940	832	20	24
940	832	20	24
940	832	20	24
962	782	22	26
990	780	27	28
1015	778	33	33
1042	776	37	35
1069	775	36	42
1100	778	34	38
1124	776	40	43
1146	779	36	38
1166	781	35	37
1183	783	31	37
1195	783	25	37
1202	787	28	34
1209	786	24	32
1233	766	25	29
1210	784	21	29
1209	783	25	34
1211	783	21	31
1235	765	21	27
1233	766	20	24
1232	766	20	22
1231	766	20	21
1230	765	21	26
1227	763	19	26
1225	762	20	30
1223	760	18	31
1220	759	20	33
1217	759	23	32
1216	759	29	34
1214	764	27	36
1211	766	30	36
1213	765	29	36
1215	772	32	41
1200	751	29	47
1198	752	29	43
1197	751	32	36
1197	752	28	34
1195	750	22	34
1193	751	24	33
1191	750	24	34
1190	750	23	35
1189	750	24	27
1188	750	29	29
1185	748	34	33
1183	749	35	33
1179	748	38	38
1180	748	36	37
1138	764	41	31
1137	765	42	34
1136	765	41	39
1133	762	38	40
1129	760	39	43
1129	761	42	44
1128	757	41	44
1123	757	45	49
1123	753	47	55
1125	755	41	53
1123	754	42	55
1120	753	46	59
1118	750	46	64
1117	749	49	73
1113	750	59	71
1113	749	57	62
1106	750	63	62
1103	749	69	58
1101	750	69	66
1104	750	67	64
1103	750	68	59
1102	748	72	63
1100	746	71	68
1099	748	72	73
1101	748	70	68
1098	750	71	71
1098	749	70	70
1097	750	71	69
1095	749	73	72
1095	751	71	70
1093	747	73	79
1092	751	70	77
1091	749	72	83
1088	755	75	66
1088	760	70	71
1089	763	69	65
1090	763	66	74
1091	765	69	66
1087	761	71	64
1084	771	69	64
1087	773	64	59
1085	775	66	64
1085	773	67	75
1085	771	66	80
1086	779	55	79
1087	780	52	84
1087	776	67	92
1083	780	67	84
1085	783	69	81
1085	784	69	78
1085	787	66	70
1084	793	61	62
1083	788	69	69
1080	785	65	66
1080	790	66	58
1074	794	67	60
1071	799	65	50
1072	800	64	48
1071	797	66	50
1070	797	69	56
1068	800	61	44
1068	799	54	48
1068	797	43	52
1070	797	41	40
1067	797	39	37
1067	792	39	45
1060	790	42	49
1057	788	43	44
1055	788	43	46
1055	789	37	43
1052	785	38	46
1049	784	40	46
1044	783	43	49
1043	781	44	48
1045	783	40	45
1045	784	40	41
1042	784	42	45
1040	787	42	40
1040	786	42	43
1038	787	37	40
1037	790	37	40
1033	792	40	37
1034	794	40	39
1032	791	41	43
1029	795	38	44
1024	794	41	49
1021	797	45	49
1022	801	43	43
1021	802	42	49
1020	798	48	51
1020	803	42	48
1015	813	41	41
1010	814	47	47
1007	814	45	48
1009	816	42	53
1007	815	41	50
1006	815	44	51
1006	821	42	48
1003	827	42	44
1002	829	42	42
999	834	41	41
994	835	46	48
993	837	42	50
992	840	41	51
990	844	40	46
985	844	44	53
982	842	46	62
978	842	51	65
975	844	54	68
974	846	55	75
974	848	51	74
974	850	47	73
968	852	56	82
965	853	58	82
962	850	76	91
958	855	81	89
956	856	76	83
952	861	83	87
951	861	82	85
951	862	83	93
942	875	83	79
946	878	81	73
938	878	84	74
941	882	68	76
936	879	81	79
937	879	86	81
933	878	85	75
932	879	86	80
930	881	89	79
930	881	90	75
924	884	87	81
927	893	79	81
922	887	84	82
919	893	85	75
918	890	85	77
921	885	83	94
913	892	86	85
915	896	83	81
910	894	87	87
908	897	89	93
907	891	91	97
905	899	87	94
897	904	91	83
898	902	92	89
896	902	94	94
894	894	93	104
893	903	90	96
891	915	86	86
888	918	88	89
887	918	89	87
883	920	89	91
879	921	91	86
877	921	92	91
876	931	87	91
874	925	96	100
868	932	98	95
869	931	93	96
866	934	91	91
859	941	94	90
862	940	93	86
860	936	89	102
859	938	88	100
852	944	95	106
847	944	104	105
846	942	104	102
841	949	99	101
842	951	98	102
837	958	95	100
841	960	91	97
829	958	103	110
835	959	101	114
833	966	90	103
829	973	95	103
822	972	97	104
822	972	95	102
821	976	95	98
818	982	92	93
817	988	92	90
812	986	99	91
802	995	103	83
799	1002	98	76
799	1001	100	78
796	1009	98	70
799	996	100	83
793	991	103	88
812	989	89	89
790	1011	93	69
791	1006	98	73
789	994	99	85
786	999	97	80
782	989	102	89
778	990	111	86
776	988	108	89
770	988	118	89
765	987	111	91
762	998	106	79
765	986	107	91
763	994	102	84
764	997	94	81
762	991	103	86
761	1005	87	72
756	1004	90	72
758	1002	88	75
756	1005	86	71
752	1005	82	70
752	1004	65	69
759	991	70	72
751	999	61	73
750	999	59	76
751	998	54	78
750	1002	53	72
748	996	52	79
745	996	55	75
744	996	54	75
741	996	55	77
741	999	53	74
739	999	56	76
736	1000	57	72
736	1000	55	70
734	999	56	76
732	1002	54	72
730	1003	56	72
734	1007	49	68
733	1005	49	69
730	1009	50	67
726	1007	53	71
726	1007	51	71
724	1007	55	71
723	1008	49	70
718	1009	57	68
713	1008	58	67
714	1008	53	68
714	1013	52	66
713	1014	54	64
713	1010	53	68
715	1011	47	66
710	1007	50	70
702	1007	60	68
703	1006	57	72
702	1008	53	66
703	1005	52	70
698	998	54	79
697	1003	54	75
690	998	60	78
690	996	58	79
687	998	62	77
687	1001	60	73
686	1001	57	75
686	1000	56	75
683	997	56	79
687	1004	50	72
684	1004	51	71
686	1003	49	72
683	1001	49	73
683	1008	48	67
679	1006	49	71
675	1001	54	74
672	1005	50	70
667	1004	57	73
669	1004	55	74
669	1000	52	75
664	1005	56	69
665	1007	54	68
663	1003	53	69
661	1006	56	64
659	1002	57	71
659	1006	51	66
656	1005	55	66
654	998	57	77
654	998	54	76
648	995	62	75
650	995	56	76
651	991	54	73
650	991	57	77
647	989	57	78
646	989	58	71
644	989	61	72
645	990	60	71
646	988	54	75
642	987	56	68
640	987	56	66
640	982	57	75
641	984	53	76
640	983	55	78
641	984	51	72
640	979	52	78
637	980	54	71
638	980	53	76
637	977	52	79
635	976	52	78
638	975	47	79
633	975	54	78
631	973	55	76
633	972	53	80
629	968	54	79
628	968	57	78
632	969	50	72
627	969	53	70
624	965	56	74
625	964	52	78
622	962	56	71
623	963	53	75
620	958	56	74
617	954	62	81
616	957	60	80
616	954	58	78
616	955	55	74
617	953	53	77
615	953	54	77
613	951	55	73
612	951	57	78
612	949	55	77
610	948	56	68
609	945	56	69
611	945	51	66
610	941	51	72
609	940	51	75
608	939	51	76
604	931	58	84
606	937	54	73
606	938	51	69
602	931	56	77
605	929	51	82
606	932	47	75
602	931	52	69
601	928	52	72
598	930	54	73
599	928	51	72
594	927	56	74
597	925	51	74
595	923	54	73
594	923	54	70
593	922	52	65
592	921	54	69
592	920	52	65
593	919	50	64
592	920	51	69
588	914	55	78
589	914	50	72
590	916	49	75
588	917	50	70
585	914	56	70
586	913	53	71
583	913	52	71
582	910	53	70
581	909	55	71
580	909	54	68
578	908	56	68
581	905	50	73
578	903	51	68
580	900	48	73
575	898	51	75
575	900	50	74
575	897	49	74
573	897	53	70
573	897	50	70
574	896	48	69
572	895	48	72
573	895	47	71
571	895	49	72
569	888	51	75
569	891	47	70
568	890	46	69
564	886	50	69
567	886	46	63
564	887	47	62
561	885	50	63
561	884	51	63
560	882	49	69
560	879	48	72
561	879	46	67
559	880	47	69
559	879	47	69
560	877	46	68
553	876	53	66
555	875	49	70
555	871	49	69
554	875	49	65
554	868	47	73
551	866	51	78
550	863	52	79
549	867	51	70
548	868	50	64
547	865	49	71
546	865	49	67
544	863	50	66
542	860	53	70
542	862	51	69
542	860	50	68
540	862	48	70
541	861	48	64
539	860	51	65
539	858	49	63
539	858	47	64
538	858	47	58
536	859	48	58
536	861	45	61
532	860	50	64
533	858	47	70
530	856	49	67
529	857	48	56
528	854	51	61
525	857	55	62
527	856	52	63
526	852	48	61
525	850	49	63
519	849	54	62
523	849	48	68
520	846	52	61
519	846	51	61
521	844	49	64
520	843	50	71
513	842	55	64
514	842	52	60
515	844	50	58
511	843	54	56
512	843	50	61
512	842	50	63
511	839	51	66
510	839	51	67
506	837	56	69
507	838	52	68
507	838	49	68
504	838	55	66
504	835	52	69
503	838	51	66
501	839	50	65
499	837	52	66
500	837	50	66
502	836	44	65
494	837	52	57
495	838	49	66
491	837	51	64
491	835	52	65
495	833	46	68
492	835	53	67
491	835	52	68
491	837	49	63
491	836	50	71
491	844	46	61
493	847	43	60
492	845	42	66
486	840	47	74
482	845	49	67
483	847	47	68
480	846	48	70
479	847	50	66
476	845	53	62
478	845	48	66
479	847	44	57
475	844	46	64
475	843	48	55
471	841	52	61
469	838	55	63
469	837	52	62
470	834	48	67
466	835	50	68
465	834	53	65
465	836	51	65
466	830	48	69
466	832	48	65
463	832	52	62
461	831	54	60
464	834	49	50
462	831	51	58
462	827	49	65
464	828	46	66
462	827	46	66
460	826	48	65
461	823	46	63
458	828	50	62
454	821	53	67
453	820	53	67
451	822	55	64
449	824	55	62
455	821	49	68
454	821	48	65
452	822	46	67
452	819	47	68
450	823	47	62
449	826	47	57
446	825	49	61
449	824	44	64
446	819	45	69
445	825	44	58
445	822	43	63
446	821	41	66
446	824	37	63
442	821	39	68
439	812	45	73
439	822	41	65
436	818	45	68
429	825	52	63
433	824	45	63
431	823	42	64
432	824	41	63
430	823	43	61
427	822	44	65
424	824	44	57
419	822	48	65
418	820	47	67
418	821	46	65
416	826	45	62
415	827	45	57
415	827	44	62
412	828	43	63
413	829	43	61
412	830	44	62
410	827	50	65
412	828	51	65
419	830	49	60
427	828	47	61
436	829	44	60
449	827	42	59
460	825	38	58
462	821	45	60
476	820	47	55
489	819	40	60
501	813	41	68
512	815	43	58
525	811	42	63
536	813	43	60
546	811	45	58
560	808	46	54
575	809	39	52
583	804	38	62
590	805	41	64
592	806	42	61
590	805	49	65
596	807	45	65
596	809	46	61
592	810	49	60
594	813	48	60
594	812	49	56
595	812	44	60
593	809	46	66
595	811	42	64
591	812	45	58
591	812	43	62
592	812	43	57
590	811	42	60
587	810	43	61
588	811	41	54
589	807	38	60
587	805	41	56
587	802	43	63
587	801	46	56
588	800	50	57
589	797	51	59
595	797	47	62
592	793	58	61
602	789	73	64
609	787	71	67
614	784	68	65
620	786	68	62
623	784	73	58
627	779	80	59
634	774	72	64
640	774	67	65
643	777	58	59
641	776	59	60
649	779	53	55
651	775	52	60
655	774	47	59
655	772	45	62
653	772	48	57
654	773	47	57
657	771	43	59
657	771	47	58
657	771	44	56
658	769	44	63
658	768	44	62
658	767	43	59
657	767	45	62
657	764	45	61
656	764	45	62
657	762	42	59
657	765	40	57
654	765	40	57
646	764	39	57
635	768	39	55
619	769	38	53
594	769	41	55
573	773	37	47
540	781	39	46
505	784	42	52
461	784	44	51
410	791	50	57
365	801	50	59
308	802	51	60
250	823	50	62
201	831	52	56
142	843	52	55
100	853	53	49
