1071	620	253	225
1089	628	219	220
1088	620	235	225
1084	619	230	219
1085	619	227	220
1083	622	223	209
1082	620	236	207
1083	612	227	215
1086	613	218	214
1087	611	223	218
1086	613	218	206
1092	610	209	208
1087	609	208	209
1085	609	227	200
1083	610	221	204
1092	602	201	207
1086	603	227	204
1088	605	209	207
1091	606	208	200
1088	604	214	191
1088	609	200	195
1090	610	215	189
1090	612	207	193
1089	613	205	192
1089	614	212	189
1089	619	199	187
1095	620	202	183
1089	619	200	192
1093	617	191	200
1092	617	195	194
1092	612	199	202
1088	620	200	193
1092	614	197	193
1092	617	198	194
1096	613	187	188
1093	617	195	189
1095	619	199	187
1095	616	189	189
1093	614	201	186
1097	615	186	187
1093	615	192	182
1094	613	198	182
1090	615	200	177
1095	615	192	175
1101	618	186	171
1095	612	196	175
1094	617	193	175
1097	614	193	170
1095	611	185	181
1092	607	191	177
1097	609	188	181
1093	609	196	185
1097	605	188	184
1094	609	189	191
1099	603	185	187
1097	600	189	186
1093	607	194	177
1092	605	190	182
1098	603	183	176
1101	609	181	174
1100	608	182	177
1096	611	182	172
1101	612	181	162
1098	608	188	169
1096	607	194	171
1101	606	182	166
1100	604	185	170
1101	605	183	175
1100	603	181	179
1102	602	179	181
1102	604	180	175
1102	607	183	170
1099	604	190	169
1101	606	183	175
1106	607	173	171
1103	607	188	171
1103	602	178	170
1104	604	182	175
1103	605	187	170
1101	612	187	162
1105	608	182	163
1106	606	185	170
1105	609	184	165
1102	609	181	165
1106	616	182	156
1106	608	182	166
1106	605	184	175
1102	608	189	170
1098	610	193	173
1099	611	196	167
1098	609	193	174
1102	608	189	176
1098	611	192	173
1105	612	188	167
1098	615	192	166
1099	613	193	166
1097	614	195	170
1107	613	184	180
1101	615	192	174
1101	614	191	174
1103	616	190	175
1103	613	191	184
1100	611	193	185
1104	615	187	184
1106	613	190	183
1101	617	194	183
1108	611	186	192
1104	615	187	185
1107	623	178	181
1106	613	186	186
1104	619	195	180
1100	617	202	183
1100	622	201	178
1105	617	197	183
1106	614	198	192
1103	617	197	177
1107	612	194	190
1107	612	200	177
1103	611	210	174
1101	608	212	177
1105	609	205	176
1111	602	199	183
1106	602	208	183
1112	605	198	173
1108	597	202	176
1115	593	200	180
1111	594	201	180
1110	593	207	175
1108	589	214	182
1114	589	207	177
1115	588	199	175
1113	594	207	168
1113	589	197	170
1113	586	206	168
1112	584	229	176
1117	583	209	176
1117	585	220	171
1117	584	215	171
1116	584	223	169
1114	578	230	175
1115	576	225	175
1118	580	224	169
1121	581	226	169
1120	578	230	171
1123	580	217	171
1121	582	228	169
1122	579	227	173
1119	573	231	182
1120	570	232	186
1121	581	237	166
1124	579	230	164
1128	575	230	173
1129	575	224	172
1125	576	223	165
1128	578	229	162
1133	577	226	167
1129	584	233	160
1130	582	227	163
1130	578	234	172
1129	577	231	175
1130	578	232	174
1138	578	225	160
1129	579	237	156
1134	583	234	154
1134	581	233	168
1131	574	237	180
1137	578	243	178
1134	583	246	172
1133	580	247	182
1138	580	241	174
1141	580	239	175
1144	577	237	181
1143	580	240	174
1144	581	240	169
1145	580	240	168
1141	584	248	168
1145	581	246	172
1146	579	245	177
1151	580	246	172
1144	583	259	168
1147	577	249	178
1150	579	252	172
1158	581	246	169
1153	581	252	177
1157	580	252	182
1158	580	247	161
1166	579	243	177
1164	580	250	179
1162	584	257	168
1171	583	250	166
1174	579	245	176
1173	585	251	166
1174	582	250	169
1170	584	256	169
1176	586	246	166
1172	586	250	169
1170	584	250	168
1168	584	244	171
1163	582	248	175
1154	582	250	171
1143	577	256	175
1141	583	245	170
1137	583	244	165
1129	586	247	166
1125	579	250	169
1124	588	247	161
1126	585	241	163
1121	588	247	161
1122	584	247	167
1122	587	252	162
1120	588	247	166
1125	591	247	159
1124	589	254	160
1126	591	258	163
1128	595	246	151
1128	596	261	154
1135	599	244	143
1134	597	254	156
1135	601	248	145
1124	598	258	151
1127	600	251	146
1118	591	254	165
1108	592	258	153
1095	587	261	166
1080	596	260	140
1071	590	252	159
1067	589	244	169
1047	595	235	141
1036	591	234	152
1018	591	243	154
1002	585	228	148
983	583	237	152
965	579	235	159
946	578	241	162
933	575	227	166
919	579	228	157
902	586	233	158
893	580	234	167
869	585	245	165
860	577	248	180
858	583	243	161
853	587	238	164
847	584	240	151
844	577	237	164
841	588	238	155
841	586	242	154
844	589	235	157
842	589	237	156
840	585	248	166
841	590	248	158
844	589	252	164
840	584	257	169
842	580	250	176
842	579	244	179
844	575	245	183
842	576	245	185
829	584	259	179
834	583	249	173
837	580	248	176
847	581	232	171
828	585	250	167
848	581	225	178
853	583	230	180
848	582	230	183
856	580	229	186
856	578	225	180
854	581	227	178
861	576	223	184
858	579	231	179
863	575	222	183
868	580	219	178
880	581	203	176
879	584	192	167
882	583	178	168
889	582	159	177
893	587	151	168
897	591	150	163
898	593	149	161
899	588	152	171
904	594	151	164
905	598	150	154
910	594	145	155
908	594	153	163
909	594	159	157
910	594	155	151
911	582	160	157
908	588	174	151
914	577	170	162
912	570	178	163
916	568	178	163
915	560	187	166
924	556	170	161
923	555	176	158
925	547	179	163
931	544	170	161
927	544	178	161
932	538	173	160
936	536	169	155
936	530	175	160
933	530	182	153
940	526	174	154
937	520	182	158
939	522	188	153
937	523	190	148
941	518	177	154
941	512	175	160
940	514	184	156
944	512	180	159
948	509	171	162
943	512	192	157
949	516	172	152
947	516	174	154
956	515	171	151
954	517	177	145
954	517	171	147
959	521	168	146
961	523	161	143
964	519	164	149
967	520	163	151
967	516	163	152
968	521	160	145
968	521	172	141
974	521	157	146
973	522	162	146
979	522	156	144
980	529	151	135
983	529	150	138
982	537	157	126
987	534	147	130
989	532	146	133
991	535	146	128
992	536	143	128
992	542	147	125
992	537	145	129
994	543	143	121
1000	541	138	123
996	538	142	124
1000	547	144	112
999	546	145	112
998	542	153	117
997	540	161	121
995	559	165	103
997	556	169	104
999	546	166	118
997	523	169	142
1003	527	164	136
1003	514	164	150
1009	517	156	146
1014	522	149	137
1017	524	148	138
1020	528	145	128
1017	529	154	135
1009	528	158	142
1000	522	170	150
1020	522	147	149
1018	532	149	140
1009	538	160	147
1004	560	169	123
1007	561	169	124
1015	548	163	135
1018	547	158	143
1012	541	168	157
1001	558	180	145
1016	532	172	170
1011	516	178	190
1028	504	157	205
1022	506	166	193
1041	493	148	186
1033	530	149	187
1020	549	172	173
1010	566	183	172
1021	522	176	150
1031	534	166	162
1036	544	167	160
1036	501	160	138
1054	515	148	127
1050	531	155	112
1049	533	156	102
1056	536	152	102
1058	546	145	91
1068	547	143	86
1067	551	147	83
1070	547	147	80
1070	539	151	82
1073	543	147	75
1077	534	149	83
1076	532	148	88
1079	527	155	97
1079	514	163	88
1082	498	162	104
1082	488	159	106
1084	489	159	102
1085	488	159	104
1087	469	162	115
1089	461	162	125
1095	452	165	128
1084	453	175	127
1096	449	170	133
1095	449	172	128
1099	447	171	135
1108	443	158	145
1103	448	165	129
1102	450	169	136
1104	446	171	133
1104	445	168	135
1117	446	160	141
1111	441	143	145
1114	446	155	130
1119	447	153	130
1116	448	151	133
1119	448	154	125
1121	445	154	128
1127	448	148	121
1124	443	151	122
1122	440	164	115
1132	437	151	117
1131	436	155	108
1130	434	160	112
1127	430	162	122
1130	428	162	122
1131	421	157	128
1136	413	148	145
1145	419	140	138
1133	430	154	120
1141	441	145	100
1139	448	152	91
1139	434	153	107
1141	436	154	101
1139	435	155	102
1142	449	151	89
1136	465	159	70
1140	465	156	67
1143	466	155	67
1146	466	154	62
1149	464	152	68
1150	460	153	70
1148	460	155	68
1148	455	155	72
1151	455	153	71
1149	459	152	65
1152	456	152	65
1153	454	151	71
1154	438	151	89
1157	446	148	76
1157	441	148	87
1161	427	161	96
1154	436	162	98
1159	428	160	99
1151	415	165	107
1157	410	161	111
1159	409	162	113
1162	400	157	125
1158	405	166	116
1149	445	175	81
1153	441	162	69
1154	449	166	56
1157	445	160	63
1162	440	151	67
1159	431	164	76
1168	428	147	87
1167	435	146	76
1166	431	150	73
1159	422	161	84
1168	443	147	75
1163	452	155	64
1165	446	150	71
1166	460	150	58
1167	457	151	62
1173	460	141	61
1168	458	145	57
1173	463	144	60
1173	462	142	62
1168	461	146	52
1170	460	151	56
1177	455	138	54
1099	454	128	53
1099	454	128	53
971	546	134	61
1091	443	139	58
1091	443	139	58
1304	360	122	67
1302	372	121	53
1185	452	124	55
1181	455	122	63
1171	449	111	67
1181	453	112	62
1160	455	104	61
1160	457	96	60
1184	453	73	62
1189	460	63	58
1190	457	60	60
1189	457	62	59
1191	457	64	59
1195	447	74	72
1195	447	74	72
1205	452	82	67
1200	458	82	57
1200	458	82	57
1243	465	82	56
1228	457	75	50
1223	457	77	49
1232	460	73	51
1241	464	76	51
1243	448	73	65
1224	449	74	74
1288	445	75	70
1240	449	88	64
1290	443	73	76
1293	441	68	65
1253	464	80	48
1253	464	80	48
1290	464	67	51
1289	466	56	48
1291	445	56	57
1288	464	62	44
1287	467	60	42
1218	473	47	35
1293	476	46	35
1291	475	51	38
1297	472	46	37
1309	479	45	33
1309	479	45	33
1309	479	45	33
1309	479	45	33
1309	479	45	33
1309	479	45	33
1309	479	45	33
1309	479	45	33
1309	479	45	33
1309	479	45	33
1309	479	45	33
1309	479	45	33
1309	479	45	33
1309	479	45	33
1309	479	45	33
1309	479	45	33
1309	479	45	33
1309	479	45	33
1309	479	45	33
1309	479	45	33
1309	479	45	33
1309	479	45	33
1309	479	45	33
1309	479	45	33
1309	479	45	33
1309	479	45	33
1309	479	45	33
1309	479	45	33
1309	479	45	33
1309	479	45	33
1231	487	47	33
1231	487	47	33
1231	487	47	33
1250	462	45	31
1250	462	45	31
1257	458	40	35
1257	466	40	39
1257	466	40	39
1257	466	40	39
1329	464	42	41
1353	476	42	49
1333	468	46	41
1268	477	46	40
1269	478	43	42
1275	477	39	43
1273	479	38	41
1276	473	30	46
1277	471	29	45
1276	459	37	52
1280	455	27	63
1278	453	35	63
1282	451	40	64
1285	463	50	72
1316	441	43	76
1318	435	43	82
1317	456	48	66
1295	437	49	57
1297	440	49	57
1296	445	48	52
1296	460	39	45
1301	443	41	55
1297	455	44	56
1303	457	45	62
1299	466	49	57
1296	463	56	60
1304	466	64	55
1304	465	52	59
1295	465	63	61
1313	468	46	56
1309	464	51	59
1309	466	53	59
1307	466	57	59
1323	452	49	64
1327	454	42	72
1339	438	49	81
1338	437	66	88
1350	433	70	95
1341	436	89	88
1342	433	97	93
1341	432	116	96
1341	425	120	103
1339	424	128	105
1335	436	136	99
1339	428	135	114
1345	420	130	121
1348	431	127	111
1351	433	125	107
1353	431	132	107
1354	419	131	114
1357	426	135	105
1356	430	139	97
1358	434	144	95
1370	418	124	106
1370	416	135	104
1377	418	140	99
1386	423	135	90
1377	421	136	85
1382	425	131	87
1388	432	126	68
1404	430	126	71
1402	435	124	63
1394	439	128	66
1401	438	126	69
1407	428	117	85
1403	432	131	89
1404	438	132	83
1409	437	132	95
1409	433	135	100
1407	431	143	105
1416	431	138	105
1420	432	133	104
1421	431	135	100
1419	450	145	83
1433	449	140	91
1436	433	137	102
1435	429	139	106
1437	437	143	95
1443	435	139	95
1447	439	138	93
1449	440	137	89
1450	438	146	94
1451	438	146	106
1455	438	147	105
1463	438	142	105
1466	441	143	106
1468	439	143	110
1473	441	142	108
1475	440	144	107
1482	441	138	106
1485	443	138	104
1487	442	140	105
1485	441	148	104
1493	441	143	105
1494	443	143	102
1495	444	148	101
1496	445	148	98
1502	446	145	96
1506	446	143	102
1512	445	141	107
1510	447	147	100
1515	448	146	100
1517	446	147	110
1517	446	151	116
1527	449	143	107
1527	451	144	111
1527	448	153	115
1530	448	151	114
1532	451	154	110
1537	452	147	109
1536	451	150	112
1537	449	152	113
1532	454	158	102
1534	452	164	103
1541	449	157	110
1544	453	155	105
1541	450	160	105
1544	450	160	111
1547	450	159	113
1545	450	161	110
1549	453	159	106
1547	454	160	108
1545	455	157	114
1538	454	162	117
1539	454	151	109
1522	452	160	114
1515	449	148	115
1499	453	151	113
1481	450	149	111
1470	450	143	108
1443	447	149	110
1425	446	148	111
1402	445	146	102
1374	445	157	102
1349	442	154	109
1335	439	148	110
1308	438	155	108
1293	443	146	102
1267	439	148	100
1252	438	141	105
1235	438	141	107
1230	437	131	109
1218	438	129	111
1213	439	127	109
1203	442	130	106
1198	440	130	103
1192	442	130	102
1188	440	131	105
1185	438	134	107
1183	439	134	106
1181	438	134	107
1180	439	134	107
1180	439	130	99
1177	441	133	99
1173	440	136	99
1174	439	133	101
1178	440	127	102
1172	441	132	104
1171	440	133	107
1165	441	135	104
1168	443	133	98
1164	443	136	109
1164	447	134	113
1164	445	130	113
1162	445	132	109
1165	445	124	108
1163	450	128	108
1162	448	124	106
1161	450	124	106
1154	449	132	108
1156	450	127	109
1147	450	136	107
1146	451	135	100
1148	449	127	101
1145	451	126	102
1146	449	125	96
1141	449	131	103
1145	448	129	103
1142	446	129	106
1142	446	126	101
1139	444	127	110
1137	444	135	119
1140	445	127	109
1141	445	125	102
1137	445	132	113
1137	442	127	110
1140	442	121	106
1139	443	124	104
1137	443	125	104
1135	441	131	106
1136	438	127	108
1135	439	124	104
1135	438	126	95
1136	438	121	97
1134	438	126	101
1132	438	124	96
1135	439	121	96
1131	439	125	92
1130	436	129	96
1132	436	122	95
1132	438	121	98
1132	437	123	107
1132	436	117	107
1129	436	125	109
1130	435	125	108
1130	434	121	110
1129	435	122	108
1129	435	122	104
1128	436	122	104
1127	437	122	99
1131	436	117	98
1127	437	119	92
1129	435	114	93
1127	436	119	99
1126	435	119	94
1126	437	119	91
1124	434	121	98
1121	435	124	96
1123	433	119	93
1125	433	118	86
1125	433	116	99
1124	433	117	104
1126	433	114	98
1120	435	119	95
1122	435	119	92
1124	432	116	100
1127	433	110	103
1125	431	112	100
1126	432	112	97
1122	430	117	100
1124	428	112	99
1121	430	113	94
1120	430	116	93
1118	428	117	100
1117	429	119	93
1117	428	118	99
1118	429	115	92
1120	430	112	90
1118	430	115	91
1120	428	113	97
1121	429	111	96
1118	429	115	99
1122	427	110	99
1116	430	116	100
1119	430	110	99
1120	429	110	97
1120	429	109	97
1122	429	106	96
1121	429	109	93
1121	430	106	96
1122	427	105	90
1120	429	107	82
1117	428	111	92
1115	427	114	88
1120	428	105	81
1123	427	104	83
1120	426	105	89
1119	427	105	87
1119	427	107	87
1117	426	110	87
1115	428	113	95
1117	428	108	96
1115	428	112	98
1116	426	110	95
1116	428	110	95
1119	428	109	91
1118	427	107	95
1118	430	105	92
1124	431	103	88
1119	433	104	92
1118	430	106	91
1117	431	107	87
1115	432	110	88
1117	432	111	89
1119	432	103	90
1119	432	104	94
1114	435	110	90
1114	434	109	92
1119	433	101	93
1118	436	107	93
1117	437	103	92
1117	441	105	92
1116	442	104	89
1120	439	104	90
1118	444	102	89
1118	441	106	88
1118	441	104	88
1117	440	105	88
1120	439	102	90
1117	444	103	87
1115	439	107	87
1114	439	108	87
1117	438	103	88
1115	439	110	85
1117	437	106	87
1114	436	107	86
1120	435	106	88
1117	436	101	86
1118	436	106	86
1122	438	100	85
1121	438	101	84
1120	437	101	83
1118	437	106	88
1120	438	100	86
1124	438	99	82
1121	436	99	87
1123	437	97	84
1124	438	96	89
1122	438	98	85
1121	438	102	82
1120	438	103	82
1124	435	97	85
1124	437	98	82
1124	436	98	82
1126	437	96	80
1129	437	92	79
1126	436	95	82
1123	435	99	85
1125	433	96	84
1123	439	101	81
1122	436	104	82
1123	436	100	82
1122	435	103	81
1123	436	102	82
1124	433	103	82
1124	432	100	84
1125	432	102	82
1127	433	95	85
1124	436	102	78
1124	436	103	80
1126	435	100	77
1130	435	93	78
1130	436	94	79
1130	432	93	82
1130	437	93	79
1129	435	95	79
1125	437	99	76
1129	434	97	80
1129	435	95	80
1125	436	99	82
1126	434	104	80
1128	432	99	84
1132	431	91	80
1128	433	99	80
1128	431	98	80
1128	434	100	81
1133	434	94	78
1133	433	92	80
1133	434	93	84
1135	435	91	77
1131	436	96	72
1136	435	89	79
1131	437	95	74
1132	436	95	75
1133	435	94	78
1133	435	92	78
1132	435	94	73
1128	435	99	76
1132	432	95	77
1130	433	98	79
1133	431	91	76
1128	431	97	76
1131	426	94	75
1130	426	91	77
1129	429	92	77
1128	423	91	76
1122	421	96	82
1121	420	91	76
1117	422	89	79
1113	420	88	76
1106	420	85	76
1096	420	91	74
1090	418	90	73
1086	417	86	74
1080	416	85	77
1076	413	86	73
1074	416	84	76
1070	414	89	75
1065	413	88	76
1061	415	96	78
1066	411	84	79
1064	414	84	77
1061	417	87	75
1061	417	88	70
1060	415	87	71
1062	415	84	73
1061	416	83	73
1061	415	81	71
1058	414	83	71
1057	415	84	69
1057	415	87	70
1059	413	83	68
1056	415	85	68
1054	415	86	68
1054	414	85	69
1058	415	81	66
1056	414	81	68
1054	415	85	67
1056	414	82	71
1054	413	83	69
1056	415	82	69
1053	414	85	66
1051	413	87	68
1055	413	80	71
1052	411	85	68
1055	412	80	70
1057	409	79	70
1056	413	75	69
1053	414	83	64
1053	414	81	61
1053	413	80	63
1052	415	83	61
1051	416	79	59
1052	414	80	62
1052	414	81	62
1050	413	84	62
1052	414	76	61
1050	413	80	64
1051	414	82	64
1050	411	84	65
1053	414	75	65
1050	412	78	64
1050	412	80	67
1051	412	79	63
1047	410	87	65
1047	410	85	61
1048	413	78	61
1049	412	79	67
1048	412	77	60
1048	414	75	58
1049	411	77	60
1050	411	73	60
1048	412	74	59
1048	414	74	58
1047	414	75	56
1049	413	73	59
1047	413	73	59
1048	414	74	56
1046	413	74	59
1043	411	76	60
1044	413	74	59
1045	412	71	61
1045	412	72	59
1044	411	73	59
1043	412	72	58
1042	412	70	58
1043	414	70	57
1039	411	76	58
1037	409	77	56
1037	412	77	54
1038	412	72	51
1039	410	73	56
1036	410	75	56
1036	412	73	53
1036	410	73	56
1038	412	70	54
1037	411	69	55
1036	412	69	54
1035	411	71	56
1035	409	70	57
1037	412	63	56
1037	411	65	54
1035	411	66	58
1034	411	67	54
1032	409	68	59
1031	409	72	57
1032	409	67	57
1030	410	68	56
1031	409	69	52
1029	410	70	51
1028	410	69	52
1029	409	68	51
1026	410	69	52
1025	409	72	52
1027	409	68	55
1026	408	72	52
1025	409	70	51
1026	411	67	54
1026	406	65	56
1026	409	65	57
1025	405	68	54
1026	409	63	52
1026	406	65	54
1026	407	60	54
1027	405	61	54
1024	406	65	55
1026	403	62	57
1024	405	65	56
1025	404	65	49
1024	403	69	50
1023	403	69	51
1022	404	66	54
1023	402	68	51
1023	404	68	50
1022	402	68	48
1021	401	69	52
1021	400	71	50
1023	401	68	54
1024	401	65	57
1025	399	67	53
1025	400	65	52
1028	399	63	52
1029	399	63	50
1029	399	61	54
1030	398	62	51
1030	398	62	54
1029	398	65	50
1030	396	65	50
1029	397	68	50
1030	396	69	48
1032	397	65	47
1033	397	67	45
1032	397	70	48
1032	396	69	48
1035	396	68	48
1035	396	71	48
1036	395	70	50
1037	397	66	55
1039	395	60	51
1039	396	63	53
1039	395	64	53
1038	397	66	53
1039	394	67	55
1040	394	68	54
1043	396	62	57
1044	396	61	55
1043	394	66	55
1043	394	67	51
1044	397	65	52
1042	395	71	52
1043	397	69	51
1045	398	66	49
1045	397	68	53
1047	396	68	54
1044	397	73	56
1047	396	69	55
1047	398	69	53
1050	397	64	55
1048	398	66	53
1048	399	66	55
1049	398	68	49
1049	399	66	52
1050	397	65	55
1052	398	64	54
1051	396	67	56
1052	395	68	57
1053	397	66	56
1052	396	70	52
1052	394	69	54
1053	394	66	53
1050	395	69	52
1051	395	69	53
1052	393	71	54
1053	394	69	54
1053	394	68	54
1052	394	70	53
1055	395	64	55
1054	394	65	56
1053	394	68	55
1054	394	66	55
1053	394	67	56
1053	394	66	53
1052	393	69	56
1055	393	64	56
1053	393	68	58
1054	392	64	56
1054	392	64	58
1051	391	71	54
1053	394	66	52
1049	393	72	52
1049	391	73	55
1049	392	71	53
1049	392	69	53
1050	391	70	53
1049	391	70	53
1048	393	72	52
1050	393	66	58
1048	390	69	58
1052	393	66	57
1051	393	64	55
1048	394	69	54
1049	393	67	57
1048	394	66	56
1050	392	65	57
1047	392	70	57
1047	392	68	59
1047	394	64	58
1044	393	71	51
1045	393	71	52
1043	393	74	53
1043	394	72	51
1044	393	69	55
1042	393	71	55
1041	393	70	54
1040	392	72	55
1041	395	72	52
1042	396	70	54
1043	394	68	54
1043	395	66	57
1041	396	70	53
1039	394	71	57
1041	397	67	56
1041	395	66	56
1040	394	69	60
1042	394	67	59
1041	395	67	59
1040	394	68	58
1040	394	73	55
1040	395	70	53
1039	394	72	53
1039	396	70	51
1037	396	72	51
1037	395	76	53
1039	394	71	56
1039	394	71	58
1039	394	73	57
1041	394	70	65
1041	396	67	60
1042	394	67	61
1040	397	69	59
1038	395	74	58
1040	396	71	57
1039	396	68	59
1040	395	72	59
1040	396	71	58
1040	395	71	62
1040	398	72	53
1037	397	77	55
1038	396	78	55
1040	396	73	53
1041	396	74	55
1040	397	74	53
1041	396	76	53
1041	396	73	53
1042	396	72	53
1043	397	71	54
1041	397	73	61
1043	397	72	60
1043	396	71	61
1045	396	71	61
1043	397	75	60
1043	398	74	59
1042	398	76	58
1041	397	77	63
1044	396	76	60
1043	399	75	61
1046	396	75	58
1045	399	73	56
1049	398	72	56
1046	399	75	54
1048	399	73	55
1047	400	75	56
1047	400	73	59
1047	400	75	57
1048	399	78	57
1048	399	75	62
1050	398	75	66
1051	398	73	67
1049	398	78	63
1047	399	79	68
1049	398	76	67
1048	398	75	66
1051	400	75	66
1052	400	71	62
1050	402	77	67
1052	401	74	67
1050	401	77	58
1049	405	76	56
1050	404	76	57
1049	403	79	59
1050	403	78	60
1051	406	76	59
1049	405	80	57
1050	408	78	56
1050	405	78	59
1047	406	81	64
1051	403	74	66
1050	406	78	67
1050	404	79	67
1048	406	79	68
1053	406	74	64
1050	407	77	70
1049	409	80	66
1051	406	75	67
1049	409	78	66
1049	408	78	60
1050	408	78	59
1048	410	81	58
1050	409	79	62
1049	408	82	60
1048	410	83	59
1047	410	84	56
1045	410	86	62
1047	410	83	60
1048	411	84	60
1049	409	83	71
1050	409	81	70
1050	410	80	68
1052	410	79	74
1052	409	79	69
1055	412	78	70
1054	414	77	69
1056	412	80	68
1055	416	79	69
1055	414	79	69
1056	415	82	65
1056	418	83	63
1056	416	83	64
1057	416	81	69
1055	416	85	63
1057	419	80	61
1055	417	83	65
1055	416	84	68
1054	415	85	67
1057	416	84	64
1058	416	83	72
1060	412	78	70
1059	415	81	72
1060	412	79	66
1060	415	79	73
1056	412	84	70
1061	410	79	67
1057	413	86	72
1061	411	78	69
1061	411	80	70
1059	409	85	65
1059	411	84	65
1058	410	86	65
1058	409	84	67
1058	408	86	64
1060	412	81	63
1061	409	83	64
1060	408	81	62
1063	408	80	65
1061	409	83	63
1062	408	85	74
1065	409	79	73
1067	408	77	73
1066	407	81	68
1062	407	87	73
1066	407	80	70
1066	405	81	72
1068	405	78	71
1065	406	84	71
1066	405	83	72
1062	406	90	63
1066	406	83	65
1065	405	85	65
1068	404	81	63
1068	405	81	61
1068	403	80	67
1069	403	83	67
1068	404	82	63
1068	404	82	64
1070	403	82	73
1070	401	80	70
1075	401	74	69
1073	402	76	70
1073	399	80	71
1074	399	77	71
1074	399	79	69
1077	399	74	71
1073	399	80	69
1072	396	81	72
1073	397	79	69
1072	396	82	68
1074	393	82	70
1075	395	80	68
1075	393	81	72
1077	395	79	64
1076	395	81	66
1077	393	80	65
1074	395	85	68
1075	393	82	68
1076	394	83	74
1077	392	82	71
1079	394	79	71
1078	392	82	73
1078	393	82	69
1080	393	81	70
1079	393	82	69
1080	392	82	71
1078	393	83	66
1080	391	83	67
1081	390	82	64
1081	390	81	67
1080	390	84	67
1081	389	84	66
1083	390	81	65
1085	387	78	65
1084	388	78	65
1085	388	79	67
1083	388	81	65
1083	389	82	66
1082	388	84	73
1086	388	78	74
1083	387	83	73
1083	387	83	72
1085	387	81	72
1086	388	79	73
1084	388	83	68
1085	389	82	70
1085	388	83	71
1082	387	86	72
1084	387	84	68
1084	387	84	68
1083	389	85	64
1083	388	86	64
1081	387	89	67
1085	387	85	68
1085	387	84	73
1084	387	85	73
1083	389	87	72
1084	389	86	70
1081	389	91	75
1083	389	90	73
1083	389	88	76
1085	390	87	74
1084	390	87	74
1085	387	87	79
1082	390	90	76
1087	389	88	76
1085	390	89	76
1088	390	85	73
1088	391	86	67
1084	390	94	71
1089	390	87	69
1087	392	89	72
1084	391	94	73
1089	390	88	74
1090	391	87	72
1088	393	88	69
1090	395	86	72
1092	395	86	76
1088	395	88	78
1086	393	93	81
1089	394	92	81
1091	396	86	80
1089	397	90	82
1091	399	88	82
1091	400	86	79
1089	401	92	76
1088	402	94	81
1089	404	90	83
1090	405	89	80
1091	409	89	77
1092	409	86	82
1087	412	93	83
1093	411	90	83
1092	415	90	78
1092	417	91	78
1092	420	92	79
1093	419	92	81
1089	422	99	81
1091	423	95	82
1089	425	99	81
1092	427	99	81
1095	426	93	84
1095	428	93	82
1092	430	97	84
1095	429	94	84
1096	433	94	81
1090	430	101	86
1092	432	100	85
1094	433	98	83
1098	434	92	84
1094	436	94	82
1095	436	99	83
1094	434	97	87
1093	437	99	87
1096	440	96	80
1093	440	99	84
1096	440	95	84
1093	441	103	88
1094	440	98	88
1094	445	100	83
1089	445	104	83
1090	442	104	89
1092	440	98	90
1089	441	104	91
1090	439	102	90
1089	442	104	89
1092	442	99	90
1092	444	99	85
1091	442	101	90
1090	442	101	88
1094	441	97	88
1092	444	100	90
1090	446	101	86
1089	446	104	87
1090	445	99	88
1090	444	102	90
1086	444	108	90
1090	445	100	91
1090	447	100	90
1089	445	101	92
1087	447	101	89
1086	445	106	93
1082	445	109	90
1080	446	111	94
1085	445	107	90
1087	447	104	89
1085	444	106	92
1089	445	103	90
1084	446	108	89
1085	443	106	94
1086	444	103	91
1083	445	109	93
1086	445	104	91
1081	443	106	92
1082	445	107	92
1083	446	108	89
1085	446	102	92
1083	446	107	91
1082	448	105	92
1083	449	107	88
1082	449	108	91
1079	450	111	90
1077	447	112	92
1077	448	112	92
1081	448	105	90
1081	448	105	92
1080	449	107	92
1078	449	111	91
1078	449	110	89
1082	448	106	94
1080	448	106	93
1074	448	116	92
1074	450	114	93
1081	448	104	93
1080	449	107	92
1076	450	108	93
1075	453	111	93
1076	451	111	91
1080	449	103	98
1079	454	104	91
1079	456	100	92
1076	450	107	96
1073	454	113	91
1075	453	109	94
1075	456	109	94
1077	455	106	94
1075	457	109	91
1072	457	111	91
1072	456	112	94
1073	456	107	95
1072	455	111	95
1076	457	104	96
1074	460	107	91
1071	456	109	95
1069	458	113	92
1070	459	109	93
1070	457	108	98
1070	458	110	95
1067	458	111	96
1070	458	108	97
1071	459	103	96
1069	460	106	96
1070	459	105	97
1069	462	108	96
1068	465	108	92
1068	463	108	96
1068	464	110	94
1067	465	108	94
1066	463	109	96
1066	464	108	94
1066	463	108	96
1068	465	105	94
1065	465	107	96
1066	467	107	96
1064	468	110	96
1061	468	114	94
1066	469	103	96
1065	467	107	99
1059	471	114	95
1062	471	113	95
1061	472	110	95
1062	472	109	97
1060	473	113	92
1060	472	112	95
1061	474	109	96
1060	474	110	93
1060	472	110	97
1060	473	109	95
1059	475	109	95
1056	476	113	94
1055	479	113	90
1062	476	106	93
1059	478	109	95
1059	477	107	94
1058	477	108	93
1057	476	110	95
1055	477	113	97
1057	479	109	91
1057	478	108	96
1057	478	108	96
1057	480	108	93
1055	480	111	92
1055	478	109	96
1056	478	108	94
1054	479	111	94
1054	482	110	93
1053	481	108	91
1055	482	107	91
1055	478	107	95
1053	481	109	91
1053	480	107	93
1054	478	106	96
1053	481	108	93
1053	478	106	96
1054	479	101	93
1051	480	109	94
1053	479	107	96
1053	478	106	95
1053	481	108	93
1052	480	107	94
1051	475	111	102
1053	479	105	95
1050	479	108	95
1050	480	109	94
1052	478	107	96
1048	479	111	95
1046	477	112	96
1048	478	108	95
1046	482	112	89
1043	479	113	93
1046	478	109	92
1047	479	110	90
1048	478	107	93
1046	479	109	92
1048	479	108	90
1045	479	111	93
1043	476	112	94
1043	473	113	97
1045	472	110	97
1043	472	114	98
1047	471	108	95
1042	469	110	98
1048	473	104	95
1042	471	111	92
1041	471	113	92
1042	470	109	91
1047	472	106	92
1044	469	109	93
1044	470	105	92
1042	468	110	93
1042	468	108	94
1044	467	102	95
1041	467	108	91
1041	466	110	92
1038	466	112	94
1039	466	113	94
1041	466	110	93
1040	466	110	95
1039	463	110	95
1039	463	113	96
1035	464	116	95
1037	463	113	98
1037	462	111	98
1038	463	113	98
1040	461	107	97
1039	462	110	94
1037	462	110	95
1038	463	113	93
1037	461	109	97
1038	461	110	98
1037	461	111	99
1033	461	114	100
1034	461	116	98
1036	462	113	97
1035	462	113	97
1031	465	120	98
1033	464	116	98
1036	461	109	100
1035	464	114	100
1034	465	112	102
1032	466	117	99
1032	467	117	100
1033	474	118	92
1032	471	115	98
1030	473	120	99
1031	476	117	95
1033	476	116	99
1030	477	115	101
1027	477	120	100
1028	480	118	103
1030	481	117	100
1026	481	120	102
1026	484	123	99
1028	483	120	102
1029	486	117	101
1032	485	112	105
1027	489	119	103
1025	489	124	104
1024	491	122	107
1027	492	120	102
1025	497	124	103
1026	495	122	107
1028	497	118	105
1027	499	123	104
1025	501	123	104
1026	501	122	104
1027	502	120	105
1025	504	125	106
1025	504	122	109
1028	504	118	113
1028	505	120	114
1028	506	118	115
1024	509	127	114
1026	511	123	112
1026	513	126	112
1026	517	125	114
1026	518	125	111
1023	518	128	116
1020	522	138	112
1024	522	133	115
1022	523	133	118
1025	527	130	116
1024	529	134	113
1024	528	130	116
1019	529	139	116
1025	529	131	119
1026	531	131	117
1024	533	128	118
1022	535	136	115
1025	535	131	116
1024	534	132	120
1027	534	132	120
1027	535	127	119
1026	535	132	120
1023	530	133	124
1018	532	140	121
1022	530	138	113
1020	530	137	122
1024	529	135	123
1021	531	134	117
1024	530	133	113
1021	531	136	117
1021	530	134	117
1021	528	134	118
1019	528	133	118
1020	530	131	115
1018	528	134	116
1019	528	131	117
1018	529	133	115
1017	526	129	116
1019	527	130	115
1019	525	127	117
1015	525	133	119
1015	525	130	120
1017	527	131	113
1016	529	129	113
1012	529	137	113
1009	527	139	118
1011	530	131	115
1012	532	131	114
1016	535	127	112
1016	536	126	115
1014	539	126	112
1016	541	121	109
1011	541	125	112
1014	544	124	110
1013	543	124	114
1012	545	130	112
1013	547	125	110
1012	544	124	115
1014	549	120	109
1010	546	127	113
1010	543	123	114
1012	547	120	109
1013	547	126	110
1010	548	124	106
1015	549	117	106
1009	544	126	112
1010	543	125	110
1008	545	129	110
1008	545	128	108
1009	544	125	109
1010	546	123	108
1008	546	123	106
1010	546	119	105
1009	544	122	108
1011	543	117	106
1009	542	119	110
1007	544	123	105
1008	545	121	102
1009	546	117	100
1011	543	114	104
1008	540	118	105
1009	541	118	104
1003	540	124	105
1002	540	127	104
1006	541	124	104
1004	536	124	104
1007	533	119	109
1005	534	122	108
1007	536	117	107
1007	534	120	106
1005	533	118	105
1007	534	117	102
1003	533	122	102
1004	534	121	101
1002	531	124	104
1004	530	120	101
1002	531	121	101
1007	529	116	100
1004	531	118	100
1001	529	123	100
1005	528	116	101
1004	527	120	104
1002	527	122	101
1000	527	126	100
1004	528	118	99
1003	524	120	101
1001	524	123	99
1005	522	115	100
1005	523	115	99
1003	522	117	100
1004	518	118	103
1003	519	119	99
1004	520	115	101
1002	519	119	99
1006	518	113	99
1005	520	111	100
1006	520	115	95
1004	519	114	97
1006	515	116	101
1005	516	112	100
1005	514	114	101
1004	515	116	102
1004	513	117	103
1006	513	112	103
1007	516	111	102
1004	515	115	100
1004	514	117	102
1005	514	115	100
1006	513	117	99
1004	514	114	98
1004	513	115	100
1005	512	115	101
1005	516	116	95
1004	515	121	95
1005	515	116	98
1004	515	119	95
1002	515	120	97
1000	514	125	94
1001	512	122	98
1004	513	121	97
1003	513	121	99
1004	515	120	94
1004	510	120	101
1001	510	126	98
1003	511	124	99
1001	512	125	97
1006	509	120	99
1008	510	114	100
1004	508	122	100
1006	509	121	101
1005	510	120	101
1005	509	120	98
1005	509	122	98
1006	508	121	99
1005	509	123	97
1006	508	123	98
1004	509	125	98
1003	506	124	101
1007	507	118	102
1006	508	122	99
1005	507	123	100
1005	507	125	103
1007	507	125	102
1008	506	121	103
1003	508	129	102
1008	507	122	103
1008	509	121	99
1009	508	124	103
1008	511	125	100
1007	512	126	98
1010	509	120	102
1008	512	126	98
1007	510	125	102
1008	509	125	102
1008	514	126	98
1007	512	128	98
1008	510	127	101
1006	508	129	104
1008	510	128	104
1007	508	127	105
1008	507	129	107
1009	512	125	106
1008	514	130	107
1007	515	130	105
1007	516	132	104
1010	515	130	107
1006	519	138	103
1010	518	131	107
1011	517	129	112
1009	516	127	110
1009	517	124	110
1008	520	127	107
1005	522	135	105
1006	524	132	108
1006	522	136	109
1004	527	133	108
1004	525	135	109
1005	527	134	108
1004	531	134	110
1002	529	131	109
1003	529	139	108
1005	529	130	114
1004	532	132	112
1000	528	142	113
1000	538	138	111
1001	535	137	108
1000	533	134	114
996	539	143	110
993	537	152	111
994	536	147	113
997	542	140	106
994	541	147	107
996	539	140	111
995	544	143	110
995	542	140	110
992	542	145	113
993	543	139	111
993	545	141	109
990	545	147	109
989	546	143	109
990	547	142	108
987	545	149	108
988	542	144	117
988	541	147	114
987	545	144	114
988	543	140	114
986	540	144	114
986	542	149	118
984	544	151	109
981	546	154	112
978	545	158	108
980	545	155	111
978	545	156	108
981	546	154	108
977	542	156	108
980	548	154	107
976	544	159	108
980	540	158	112
979	541	157	114
977	542	161	109
978	544	158	105
978	544	153	104
981	538	148	109
976	537	154	110
974	533	157	113
973	534	159	111
976	538	149	104
974	538	157	104
977	536	146	104
971	535	159	105
976	531	130	109
973	536	147	103
975	537	125	98
975	538	123	99
970	534	138	101
970	531	145	104
972	530	153	103
970	531	154	105
968	534	165	99
968	529	164	104
966	525	166	107
967	531	167	100
969	526	167	106
967	532	169	97
970	524	162	104
973	526	154	100
976	528	148	98
975	524	157	99
975	528	156	95
976	526	155	96
981	521	149	103
981	524	151	99
978	527	161	92
983	524	140	96
982	522	153	97
983	526	163	93
981	525	170	92
982	522	170	97
981	522	171	94
985	524	171	92
988	521	172	94
994	522	162	94
993	523	165	90
992	519	171	93
998	518	169	94
1004	518	153	95
1003	512	158	97
1003	516	166	96
1010	511	150	100
1016	523	121	87
1020	518	120	89
1018	518	126	87
1023	516	124	89
1022	521	122	81
1028	513	123	92
1030	517	123	85
1031	510	137	92
1038	507	129	97
1041	511	126	91
1045	510	136	91
1047	514	137	85
1052	508	120	93
1056	509	120	90
1059	516	122	84
1063	518	118	78
1064	513	123	82
1071	516	114	80
1074	519	111	77
1078	517	112	79
1077	517	118	77
1079	514	121	83
1086	514	117	81
1092	512	119	82
1092	514	121	80
1100	513	114	80
1100	515	123	79
1101	517	122	78
1111	517	108	77
1113	523	106	70
1109	523	114	71
1115	521	120	72
1123	520	114	74
1126	520	111	74
1127	521	113	73
1134	514	109	81
1134	510	115	87
1139	521	107	73
1142	517	105	76
1145	523	108	70
1146	521	110	72
1152	519	108	77
1153	519	109	77
1155	521	112	75
1160	518	111	81
1161	518	113	85
1164	515	116	84
1163	518	118	83
1169	523	111	76
1169	512	121	91
1170	515	128	87
1176	515	121	88
1175	522	117	79
1175	524	119	79
1183	526	114	78
1187	522	118	80
1186	525	119	80
1188	526	118	76
1187	531	117	74
1191	531	111	75
1194	529	112	78
1195	529	114	82
1198	534	112	77
1199	527	108	81
1200	527	113	81
1202	533	111	78
1204	536	110	71
1204	536	117	77
1205	538	118	75
1205	534	119	81
1206	533	130	85
1203	522	155	95
1202	530	147	87
1200	533	118	85
1194	537	115	83
1189	540	106	77
1183	542	101	76
1179	538	101	81
1176	534	100	90
1169	540	104	83
1166	540	111	81
1163	536	124	86
1165	531	130	95
1159	541	128	88
1157	537	140	94
1155	543	151	89
1154	546	139	91
1158	539	144	99
1156	548	130	90
1158	557	120	84
1156	559	109	87
1158	560	109	91
1158	563	114	91
1159	563	109	90
1158	562	110	92
1157	561	115	98
1158	570	111	91
1158	573	114	86
1158	572	118	89
1159	561	136	105
1154	553	142	116
1154	550	130	120
1159	530	133	141
1158	519	136	156
1159	529	144	150
1157	531	150	143
1155	532	143	144
1160	533	136	140
1160	533	140	142
1161	536	139	141
1162	551	131	124
1166	540	131	132
1163	537	122	134
1164	540	126	131
1168	556	122	117
1168	568	118	95
1168	578	119	88
1166	580	125	86
1167	574	134	93
1169	580	127	87
1169	587	126	80
1172	581	121	83
1172	587	124	80
1175	593	121	73
1175	593	119	75
1180	585	116	81
1176	592	119	79
1181	592	117	78
1183	592	118	76
1186	594	117	82
1188	589	118	88
1191	597	111	81
1194	596	111	82
1190	600	120	79
1194	601	118	80
1196	597	114	87
1196	607	119	74
1197	607	122	72
1202	605	115	76
1205	606	112	73
1203	608	122	71
1207	606	118	73
1208	608	119	70
1210	606	123	76
1211	606	123	79
1216	610	122	76
1218	614	120	72
1221	611	121	75
1223	609	119	80
1226	613	120	78
1233	618	109	71
1234	608	119	86
1239	609	116	86
1240	616	119	83
1240	615	121	85
1248	608	116	92
1251	607	117	88
1257	613	115	87
1255	611	120	84
1251	616	129	81
1261	620	121	76
1265	622	122	74
1271	615	125	82
1275	622	130	79
1273	613	131	83
1283	618	125	84
1289	626	121	78
1290	618	127	81
1295	625	128	82
1298	620	138	87
1302	616	137	90
1307	605	143	102
1310	603	148	110
1320	600	146	119
1320	598	146	123
1324	600	146	127
1331	604	145	121
1334	602	144	123
1345	600	146	129
1345	610	171	117
1346	615	172	111
1347	613	193	114
1349	616	188	113
1349	617	188	111
1345	620	189	110
1335	616	200	113
1338	615	184	117
1323	616	194	110
1316	620	190	108
1296	623	200	101
1277	614	207	110
1272	611	187	118
1259	614	185	108
1240	614	189	108
1230	618	168	97
1210	613	177	100
1192	609	183	109
1174	604	178	110
1154	604	182	108
1139	606	180	103
1122	600	179	108
1104	598	170	107
1086	598	176	102
1068	593	170	109
1055	596	163	107
1042	589	140	114
1029	591	150	107
1018	592	155	108
1011	595	154	108
1011	593	155	100
1008	588	148	111
1009	593	135	103
1006	587	157	108
1006	590	137	103
1009	593	131	100
1008	594	134	96
1009	590	140	98
1008	590	138	103
1008	590	142	95
1007	595	153	90
1008	589	165	93
1015	581	163	103
1021	585	160	100
1025	584	156	98
1025	581	153	98
1027	580	162	98
1027	581	158	96
1034	582	150	93
1039	582	129	95
1039	580	121	94
1044	579	118	98
1042	573	135	100
1047	572	143	102
1049	567	146	107
1055	567	142	104
1057	568	125	102
1058	571	121	98
1065	569	115	97
1070	567	109	100
1072	566	104	98
1069	575	108	87
1073	563	109	99
1075	562	107	98
1079	563	104	97
1083	563	98	93
1083	568	102	85
1085	558	109	92
1087	560	106	96
1089	558	104	96
1091	555	107	96
1093	556	107	98
1097	552	106	103
1099	554	105	97
1104	551	104	100
1102	551	109	94
1106	548	111	94
1105	548	113	98
1110	548	105	92
1111	548	104	94
1106	543	115	95
1102	542	122	98
1098	540	138	97
1091	538	142	99
1081	537	126	100
1072	536	126	97
1058	543	111	87
1050	531	117	96
1029	530	137	99
1013	531	131	96
998	531	121	97
981	528	132	99
968	534	110	92
954	527	107	97
934	530	104	95
914	527	113	96
897	526	117	95
882	526	111	100
862	528	118	91
850	525	117	91
840	524	118	98
832	523	121	98
826	523	121	98
823	524	108	97
817	522	125	98
814	523	118	96
810	524	128	90
811	522	126	97
809	520	130	104
814	521	122	102
814	525	125	97
815	525	119	99
819	523	118	102
819	524	121	103
819	525	126	102
821	525	123	101
822	528	126	94
825	525	122	102
827	526	124	95
826	525	126	96
830	524	125	99
831	525	122	99
838	522	118	104
836	522	120	100
838	522	121	101
837	521	123	103
841	520	122	104
846	520	116	104
844	523	119	104
849	522	117	102
845	522	123	105
850	521	117	102
852	522	116	101
855	521	116	100
854	521	119	102
858	522	117	102
854	517	124	108
860	518	121	103
859	517	122	102
866	517	115	104
863	518	120	102
868	515	117	105
867	516	119	103
869	518	117	100
869	516	121	105
872	517	118	103
877	516	117	105
872	517	122	102
877	515	119	108
877	516	120	107
879	517	119	102
880	517	123	104
883	517	118	102
885	517	120	103
885	514	121	106
884	515	126	103
888	515	120	103
888	512	121	106
888	513	120	102
894	512	116	104
896	512	120	105
894	510	124	104
898	510	119	105
898	509	117	108
899	507	120	108
905	510	118	105
906	511	117	106
903	510	123	111
906	508	125	109
906	511	127	104
908	511	123	106
905	510	131	107
905	509	134	107
912	507	128	109
910	511	134	109
913	512	130	109
917	513	130	113
921	515	123	107
928	516	117	113
927	516	120	110
929	516	120	111
931	516	118	111
930	518	120	112
933	516	121	114
931	516	124	111
934	515	120	114
934	515	120	108
932	517	129	104
933	515	128	106
932	515	130	106
934	513	129	109
933	511	129	107
933	508	129	108
928	509	134	108
932	506	132	105
932	504	131	108
934	504	128	106
936	505	126	110
928	505	136	103
938	501	126	105
942	503	116	108
939	506	120	104
941	504	121	106
942	501	117	110
942	503	117	105
941	505	121	102
940	504	119	105
940	505	122	105
940	504	122	106
939	503	123	104
940	503	119	105
941	506	116	105
938	506	122	104
941	506	119	103
939	506	119	107
941	505	119	103
941	507	114	104
942	509	114	101
942	509	114	99
942	508	113	105
940	509	114	102
941	509	110	100
943	510	112	103
941	509	110	99
942	510	110	100
939	512	109	98
936	509	117	97
937	508	114	101
935	510	120	101
935	506	112	100
933	509	119	98
933	510	113	98
935	508	115	97
932	508	119	98
933	509	115	96
932	509	115	98
929	507	120	99
928	507	120	97
932	507	112	100
929	509	115	94
932	508	112	94
929	508	116	95
928	506	115	99
931	507	108	95
928	510	113	93
929	509	111	95
923	508	115	96
923	508	119	96
925	509	111	96
926	506	113	95
922	509	110	96
925	507	109	95
923	509	105	96
922	509	112	93
923	507	102	96
919	509	108	89
921	509	109	89
917	508	111	91
918	506	114	91
918	507	105	92
918	507	99	91
918	509	106	88
917	506	101	96
914	505	104	91
911	506	110	90
910	505	111	90
910	506	104	94
912	505	106	96
910	504	105	102
910	504	100	96
908	506	102	90
908	505	100	95
906	503	96	96
906	505	104	92
902	503	111	95
901	504	106	93
897	503	115	94
895	502	111	91
897	503	114	91
894	504	117	90
898	502	108	90
897	501	108	89
895	501	115	92
893	503	118	87
895	501	106	87
895	501	103	91
890	501	116	91
891	502	115	93
891	499	113	91
889	501	120	89
888	500	109	92
889	499	115	93
888	499	118	94
890	498	111	91
889	497	112	91
886	499	114	92
890	495	114	88
889	495	111	85
888	495	113	87
890	496	111	85
885	494	121	86
891	493	111	84
889	493	114	85
884	492	118	87
887	491	116	86
886	490	114	88
887	491	114	92
886	488	120	91
883	490	123	91
885	490	121	93
884	490	124	90
884	491	127	88
887	489	118	90
887	489	119	91
886	486	124	95
887	488	123	92
888	485	121	93
889	486	119	90
883	485	130	89
887	486	127	84
889	485	124	87
887	484	123	88
887	483	123	88
888	484	126	86
887	484	123	91
886	484	131	86
886	483	129	90
884	480	132	94
886	481	131	92
885	481	134	89
888	482	128	86
889	481	131	87
890	478	124	91
887	478	125	89
888	476	124	92
888	478	126	89
887	478	131	85
888	480	127	85
895	480	119	86
897	477	111	89
891	476	123	90
892	476	123	89
881	475	135	90
880	479	134	82
880	477	131	81
879	478	129	82
880	475	132	88
882	476	128	86
883	476	123	86
883	475	119	84
876	475	124	86
873	478	131	82
869	478	136	82
873	480	130	82
870	475	131	88
869	479	130	84
869	477	126	82
861	479	135	78
874	482	121	74
887	480	106	79
888	479	97	83
890	478	94	85
893	480	84	80
891	483	83	77
886	478	89	82
883	485	96	76
878	478	95	88
874	477	100	86
863	478	110	85
852	477	120	87
850	475	123	91
840	478	136	85
841	476	134	83
835	477	136	86
836	478	132	82
827	479	140	83
820	480	147	78
827	480	137	79
820	480	147	80
822	485	140	77
816	482	144	82
816	481	142	81
814	481	144	81
812	477	140	87
809	484	139	80
813	482	133	81
804	482	142	82
800	480	143	84
803	479	139	82
803	482	135	85
798	479	134	84
795	483	134	81
790	481	142	81
783	482	151	83
789	483	138	81
790	482	129	83
781	482	136	83
785	481	131	83
779	480	130	84
772	481	140	82
773	483	137	80
768	480	140	84
769	483	137	83
766	482	138	83
763	483	137	82
771	483	128	84
768	479	125	87
759	484	139	83
750	483	149	81
749	484	144	80
751	481	140	86
750	484	142	82
758	479	130	86
748	480	136	87
750	481	135	85
739	482	146	80
747	482	138	82
738	482	146	81
740	482	151	83
741	480	157	82
748	483	154	79
750	479	157	82
759	480	150	84
760	479	154	82
764	474	152	87
766	475	156	85
770	474	157	85
764	471	159	89
772	469	148	94
768	474	155	83
767	473	161	85
768	472	157	85
764	471	161	87
764	472	160	83
761	471	162	85
764	472	158	88
764	474	160	82
763	468	160	89
757	472	164	85
764	469	150	89
763	470	149	87
757	468	158	89
755	470	158	86
755	469	157	88
755	469	159	86
751	470	159	85
753	469	161	86
750	469	164	86
749	467	159	87
747	468	161	86
748	469	164	87
747	471	165	84
744	466	165	89
742	468	163	87
745	469	161	85
743	468	164	84
742	469	167	85
743	468	160	83
741	467	160	84
736	468	170	84
737	469	166	82
736	468	168	85
734	465	175	93
741	468	161	89
736	468	163	87
731	469	170	84
727	471	176	82
734	470	161	88
729	470	167	88
727	468	167	88
724	469	174	88
722	470	175	83
723	468	171	83
721	467	172	84
719	462	170	92
721	462	166	87
720	460	167	89
722	462	162	86
719	459	164	87
720	461	162	85
719	456	165	88
713	458	167	86
709	459	171	83
707	458	167	84
705	458	167	82
703	459	172	84
703	460	167	81
703	460	174	80
698	460	175	84
697	461	175	85
696	461	170	88
691	463	174	87
691	468	171	84
687	467	179	84
691	470	170	84
692	472	167	84
689	472	169	91
682	473	175	90
679	478	177	89
682	481	172	86
678	484	177	83
677	486	175	85
678	490	171	82
674	494	174	80
673	494	172	80
671	495	174	82
668	497	174	84
665	499	176	83
662	501	176	89
662	502	177	88
663	505	176	92
658	509	172	88
662	511	172	88
656	514	169	86
651	516	181	86
650	519	176	84
653	520	173	87
649	522	175	89
649	521	173	89
645	522	172	86
643	525	174	85
643	524	172	89
637	529	174	87
634	528	180	91
635	531	171	87
632	533	178	88
629	534	175	89
625	534	177	88
624	534	180	91
620	539	177	86
620	538	180	88
619	539	175	85
616	538	173	87
614	537	176	86
615	535	176	92
611	537	172	88
609	538	172	85
610	540	176	85
607	539	176	84
608	539	170	83
603	537	181	82
601	538	174	83
601	537	176	84
596	535	181	84
597	532	169	87
594	532	175	84
594	532	173	84
593	532	173	84
591	533	170	82
587	530	176	82
582	530	181	82
583	529	180	83
582	528	175	84
579	528	180	81
580	529	175	80
579	529	175	76
577	527	181	79
574	527	172	79
571	526	176	82
564	526	184	81
570	524	178	81
570	525	179	78
574	527	178	76
573	527	185	75
586	520	177	83
602	522	171	82
607	522	179	74
621	519	180	77
635	519	180	75
659	519	171	74
680	519	168	72
701	515	163	75
707	515	176	75
717	514	170	72
735	512	170	74
740	510	171	73
748	509	167	77
756	510	164	75
757	509	167	76
763	509	163	74
763	508	163	73
766	505	161	76
766	505	160	74
765	506	164	74
763	504	166	79
759	505	168	73
756	505	172	73
758	505	169	72
758	504	169	74
758	503	163	73
757	503	168	70
753	502	169	72
753	503	168	70
753	501	167	70
751	501	167	69
746	500	166	70
752	501	162	67
751	502	164	64
745	500	169	67
743	499	170	68
742	499	166	68
743	498	165	70
744	499	162	68
744	499	161	70
742	500	163	71
739	499	162	69
737	497	163	71
737	498	160	69
736	498	162	69
733	499	166	69
733	501	165	64
731	501	165	64
727	499	170	65
730	499	168	64
731	496	161	67
735	496	155	67
732	497	161	64
730	497	161	66
731	497	158	67
724	496	168	65
722	495	164	64
722	494	162	66
719	496	166	64
723	495	158	67
720	495	165	65
719	493	170	68
717	493	157	68
714	493	161	68
714	493	160	67
715	494	157	66
708	492	165	67
708	493	162	66
714	491	153	69
714	491	157	69
710	491	163	65
710	489	160	68
711	489	156	68
708	488	156	69
708	491	156	64
710	490	151	66
710	489	149	66
705	490	155	66
705	490	151	66
701	490	156	64
695	490	160	65
694	489	162	65
695	487	161	68
697	489	156	66
704	488	147	69
694	486	158	67
699	488	150	66
692	488	155	65
688	487	157	65
688	488	157	65
694	486	151	68
686	487	158	63
691	485	150	66
683	484	159	71
684	483	158	67
682	483	157	67
678	484	158	65
685	483	146	67
686	484	145	66
680	484	151	66
678	486	151	64
674	485	155	59
672	485	154	59
673	478	153	68
674	478	151	72
669	480	157	68
669	480	154	66
671	478	151	68
663	481	158	64
666	478	154	65
665	478	155	66
664	478	152	67
664	478	151	64
663	476	151	67
665	472	147	71
662	473	150	69
661	474	151	70
658	476	152	67
649	474	160	68
653	478	153	67
648	477	155	67
645	477	157	68
644	480	156	64
642	478	159	67
641	477	157	70
641	476	156	68
641	476	155	69
643	475	154	70
650	475	144	69
647	474	148	69
643	474	149	66
634	473	156	70
634	473	155	73
630	462	157	77
628	467	156	73
627	471	157	65
622	470	158	65
621	469	162	66
617	470	166	63
618	469	159	65
617	468	159	66
614	468	161	67
616	469	158	64
609	470	163	64
607	471	164	64
607	472	163	63
609	469	158	64
602	468	161	67
604	469	159	66
600	471	160	66
602	472	155	62
603	470	154	64
601	470	154	64
601	471	152	63
593	473	160	61
588	472	162	63
589	474	166	59
583	473	171	61
579	472	171	64
576	472	174	63
581	473	163	61
581	471	163	63
579	473	161	63
579	473	158	61
569	473	170	62
567	474	170	62
567	473	166	62
572	471	158	65
567	474	162	63
565	474	160	64
562	472	161	67
561	474	162	66
561	474	160	65
563	475	157	64
559	472	157	67
553	474	162	66
549	474	162	64
539	474	170	65
542	477	166	64
533	479	174	61
540	480	166	60
536	479	163	64
528	478	170	63
524	478	177	67
516	475	177	67
518	484	171	58
516	484	169	62
521	479	165	66
522	480	157	65
512	480	163	67
506	482	173	67
503	483	167	62
498	486	168	59
493	483	175	61
491	485	176	61
497	485	169	59
496	484	169	61
502	483	168	62
506	484	172	62
516	481	168	66
537	479	158	62
542	478	166	61
561	477	164	63
578	478	168	59
587	474	167	62
613	473	161	63
624	476	163	57
643	476	168	56
657	472	169	57
684	470	159	63
694	468	165	67
713	464	163	68
746	464	151	68
757	463	154	68
766	463	162	69
794	462	150	70
804	465	156	66
812	467	160	63
817	463	161	68
829	467	152	64
832	466	160	67
833	466	161	66
833	467	154	67
832	470	163	63
836	470	160	62
833	472	163	62
830	474	165	60
834	475	160	59
838	474	154	64
829	475	160	62
821	477	172	59
823	473	163	65
823	471	167	66
818	472	171	66
814	469	170	66
811	469	169	68
809	470	169	64
809	471	166	64
805	470	169	63
808	471	167	62
803	467	169	64
803	468	169	63
789	463	189	65
796	462	181	64
795	460	177	68
796	461	170	61
792	456	169	67
792	455	169	68
793	451	167	72
795	448	162	72
789	448	169	71
790	446	163	73
784	449	173	69
784	448	165	68
784	449	161	67
782	448	163	72
778	453	165	63
777	452	171	65
776	460	167	58
784	458	164	59
774	459	172	57
777	456	164	62
767	456	171	63
766	457	175	61
762	461	174	57
758	456	179	62
754	450	178	68
748	453	181	64
756	459	175	56
764	461	168	57
757	458	172	63
761	459	168	64
758	454	171	66
744	449	176	73
753	459	169	62
745	460	179	57
734	454	185	67
731	461	187	63
730	465	180	58
729	467	182	58
731	468	181	52
730	464	179	64
738	469	173	61
730	470	177	60
729	472	176	54
729	470	174	58
723	470	180	60
731	472	170	61
728	473	167	60
731	472	167	58
726	474	172	59
715	474	178	59
723	474	173	57
732	473	159	58
723	471	166	60
721	471	168	63
718	473	176	61
712	473	179	57
716	478	171	56
716	474	166	58
714	476	171	59
717	477	162	54
713	478	169	58
715	478	160	55
712	477	166	57
716	477	159	58
712	476	159	60
713	478	156	61
705	481	165	59
701	480	167	58
702	481	164	59
700	481	165	57
701	484	162	57
703	484	159	56
700	485	160	58
699	486	162	55
694	485	167	57
695	486	167	56
692	486	166	56
690	486	169	59
695	487	159	62
691	484	160	64
688	488	164	62
681	489	171	55
682	486	171	56
679	490	172	57
678	490	172	57
678	492	170	55
678	492	171	56
674	496	174	54
675	497	170	56
669	496	173	57
667	498	176	57
669	497	172	58
674	496	165	60
668	503	171	54
662	504	175	55
665	503	171	58
662	505	172	58
662	506	173	55
666	506	165	56
659	507	173	56
658	509	171	55
656	506	170	59
656	507	171	60
654	503	172	61
658	507	164	60
654	508	166	57
656	506	165	60
652	507	166	56
657	506	160	60
651	509	164	55
648	508	167	56
645	506	169	56
639	506	176	57
644	505	169	56
638	508	176	53
638	507	173	54
640	508	168	50
639	506	169	55
637	507	170	54
639	506	165	56
636	508	166	53
632	507	171	52
629	505	174	54
632	504	167	57
633	505	170	55
639	506	168	52
648	506	163	51
656	505	162	53
664	505	165	53
676	503	166	52
689	501	170	55
704	501	170	54
726	500	162	53
741	498	161	52
759	497	168	52
777	497	162	50
798	494	163	53
804	495	173	53
829	497	167	50
849	494	168	51
869	494	165	51
888	495	168	50
912	492	156	54
927	497	158	48
941	496	162	50
949	495	166	52
954	493	170	52
965	491	169	52
969	498	166	49
973	497	167	48
979	496	164	50
983	494	161	50
987	490	156	56
988	492	158	53
988	492	157	54
989	491	155	54
985	490	157	52
982	492	160	49
985	489	155	56
980	486	157	56
980	489	158	54
980	490	158	53
980	491	154	53
976	491	156	52
977	492	154	50
972	490	158	49
972	491	157	50
966	491	162	50
971	491	154	54
970	490	156	51
968	490	153	52
965	491	157	52
969	491	152	47
964	491	156	47
962	491	158	49
964	491	152	52
962	489	157	50
965	488	152	51
958	488	156	52
956	491	158	49
956	489	157	49
948	488	164	52
957	488	156	52
958	488	148	54
954	489	151	51
958	488	149	52
953	488	152	53
954	489	148	52
949	489	153	49
945	489	155	49
944	487	154	51
937	485	162	51
936	485	162	51
942	486	157	50
934	486	164	50
932	486	164	51
934	485	160	50
932	488	163	48
932	486	162	48
927	483	167	52
929	483	162	52
928	485	161	52
926	485	162	52
929	485	159	52
928	486	158	51
927	484	160	51
926	484	155	50
924	483	161	55
922	485	160	52
921	485	161	49
919	485	160	49
923	484	157	51
918	483	160	50
917	482	161	53
919	482	157	52
918	482	158	54
916	483	156	51
915	481	155	55
912	481	159	53
906	482	164	55
905	482	163	53
909	482	160	55
905	480	160	57
908	481	159	57
902	481	159	55
899	484	161	54
894	484	168	52
898	484	161	53
898	483	159	54
895	484	162	50
887	484	169	51
887	483	168	54
891	482	164	56
887	482	166	53
881	481	169	56
877	480	175	57
887	484	164	53
884	482	166	56
877	481	171	54
881	480	165	58
875	481	169	55
881	480	162	58
872	484	168	55
878	481	163	58
870	481	168	57
868	481	170	57
865	479	172	62
872	481	163	59
868	483	165	55
863	480	170	63
869	481	163	59
862	482	167	59
861	483	169	57
854	483	170	56
847	482	180	56
848	480	176	62
852	483	171	60
850	483	169	58
850	484	168	60
850	484	166	57
846	485	170	55
842	484	170	57
844	483	167	58
836	485	173	58
834	483	173	63
832	485	170	57
827	483	175	61
832	484	166	60
826	485	170	60
823	484	173	61
820	485	172	59
812	484	180	60
814	484	176	61
807	485	180	61
803	484	181	64
804	487	178	60
804	486	175	62
798	486	179	64
786	486	189	64
781	486	191	64
780	486	191	63
777	489	187	62
777	489	187	62
774	488	186	65
772	487	185	63
768	487	184	66
764	489	186	65
763	489	186	63
756	490	188	65
749	489	193	69
752	492	187	62
749	490	189	69
745	492	189	66
745	490	190	66
740	492	189	66
738	495	184	66
736	494	183	67
738	497	178	68
730	499	185	64
718	497	188	70
717	501	186	69
717	504	184	66
706	505	191	65
711	504	183	68
710	503	186	70
715	505	185	69
723	504	183	74
720	504	188	69
734	506	188	66
748	502	182	71
758	502	187	68
764	501	196	68
784	499	194	67
792	501	198	66
823	499	184	66
838	495	191	67
857	495	189	72
864	497	198	66
885	496	195	70
909	494	192	73
916	493	200	71
937	490	191	75
946	492	197	70
952	496	204	69
966	497	198	65
976	494	192	73
989	498	186	68
982	493	194	72
989	497	190	71
994	493	183	69
991	495	188	70
989	496	192	68
986	499	194	69
991	498	184	68
994	499	181	70
983	499	190	68
986	500	187	68
986	499	180	72
979	501	187	67
982	504	183	65
975	503	190	67
974	505	186	68
972	505	183	65
971	505	185	70
970	506	182	72
966	508	184	69
965	507	184	67
962	509	184	67
960	509	186	66
959	509	184	65
962	508	181	66
959	511	179	64
954	510	184	64
947	512	190	65
949	510	186	65
953	512	178	66
952	510	179	64
949	511	180	63
945	512	179	61
949	512	175	64
942	511	178	67
937	516	180	64
940	512	178	63
938	509	179	70
937	515	174	64
932	514	180	64
930	513	184	66
927	516	181	63
927	515	180	61
928	513	176	66
932	512	172	67
933	512	169	65
927	512	175	67
927	515	171	61
920	513	179	63
919	515	178	59
917	514	178	62
915	513	177	61
909	512	182	66
910	512	177	65
903	511	183	67
907	509	177	68
907	510	173	63
902	510	179	67
898	512	185	69
899	511	176	69
900	512	175	65
902	510	172	70
900	510	169	72
893	513	177	63
892	511	174	64
895	512	171	64
891	511	171	61
897	507	168	69
901	507	154	72
904	507	145	73
887	513	162	56
888	511	163	60
878	511	174	60
878	511	169	65
871	512	176	68
863	509	177	63
862	508	179	61
860	509	174	62
857	510	176	61
850	508	181	62
852	509	171	63
848	509	176	61
851	509	172	63
855	510	172	60
861	511	168	58
868	510	169	61
882	512	161	63
889	511	159	58
898	509	160	65
897	510	169	60
896	509	177	58
904	509	178	55
918	507	170	62
914	507	178	60
926	507	171	65
924	509	175	58
923	510	179	58
919	510	187	56
904	512	199	53
897	514	203	50
894	509	207	58
893	509	208	62
890	507	208	63
891	509	206	62
891	504	203	67
885	510	205	63
883	508	203	57
885	508	195	61
881	506	197	60
882	512	195	55
875	507	197	62
873	509	197	57
877	507	190	62
871	515	191	51
872	510	184	55
870	507	186	58
869	507	183	57
867	505	183	64
861	504	186	65
862	510	185	62
857	506	186	62
859	515	184	49
863	512	182	53
865	509	180	56
868	510	176	58
870	508	173	58
867	508	173	61
865	509	176	58
870	509	168	56
866	509	169	55
864	511	170	53
863	510	170	56
855	512	174	48
857	510	172	52
854	509	170	55
851	509	168	57
848	508	168	53
843	507	169	54
837	511	172	54
836	510	170	53
828	509	174	54
828	510	170	53
823	507	171	56
825	507	169	55
821	508	173	55
820	508	174	56
825	508	169	50
828	505	170	56
835	508	168	54
842	507	166	53
844	504	172	57
853	506	173	56
855	509	182	55
868	507	179	58
885	509	175	48
905	505	168	61
911	505	175	55
929	505	173	58
940	509	176	52
961	506	168	54
972	506	174	57
994	505	169	55
1006	504	175	62
1022	507	171	53
1044	503	171	59
1056	506	173	61
1073	506	174	58
1096	507	167	58
1105	504	174	64
1118	504	181	65
1140	505	181	65
1158	510	175	62
1163	510	188	55
1187	511	175	59
1199	507	172	67
1204	514	177	60
1216	513	175	65
1213	513	186	66
1211	513	192	64
1210	518	188	67
1207	517	195	60
1211	516	189	70
1216	514	181	75
1217	516	177	62
1223	516	167	64
1215	516	174	62
1212	518	172	63
1208	517	173	60
1214	517	168	62
1203	516	174	56
1210	513	165	61
1210	512	158	65
1212	516	154	62
1214	513	151	58
1206	513	156	60
1194	512	165	64
1188	509	168	63
1180	508	179	61
1177	506	176	69
1184	507	168	62
1173	508	178	56
1167	508	182	53
1168	505	179	53
1168	508	178	54
1163	506	182	55
1159	504	183	60
1163	505	175	60
1164	506	177	54
1174	502	165	60
1165	503	168	62
1169	501	167	61
1166	500	165	60
1162	500	165	58
1155	498	168	62
1151	495	172	67
1151	500	170	60
1148	500	174	56
1148	499	171	53
1157	505	161	53
1162	503	153	54
1151	502	161	53
1141	498	171	57
1135	496	177	60
1141	502	164	55
1135	499	171	51
1131	499	172	52
1125	500	178	50
1131	498	167	53
1129	497	167	49
1131	496	163	53
1124	496	169	53
1132	495	160	54
1128	494	161	54
1126	494	161	55
1120	495	166	54
1122	497	162	49
1119	497	159	46
1116	493	161	52
1118	494	157	49
1116	489	155	55
1105	493	165	53
1102	494	167	51
1104	493	161	50
1094	492	169	52
1090	492	170	51
1093	493	163	52
1089	491	163	51
1090	489	160	56
1076	494	167	51
1070	495	172	46
1078	492	166	51
1070	492	171	54
1066	493	170	53
1060	494	172	50
1056	494	173	48
1053	495	175	49
1056	494	166	48
1056	492	161	54
1049	492	169	54
1045	497	172	51
1046	494	169	52
1038	493	173	53
1033	494	174	53
1034	494	176	57
1031	495	175	57
1019	500	181	46
1021	495	179	50
1024	495	172	55
1028	493	165	55
1017	494	171	56
1017	496	173	52
1010	496	179	47
1013	497	170	52
1009	491	176	59
996	492	187	58
991	495	191	49
997	498	185	51
999	496	178	48
997	497	177	47
999	494	171	49
996	492	171	49
996	490	170	52
1003	489	161	53
994	491	170	53
992	489	171	51
985	485	178	57
983	486	174	60
980	490	177	52
978	485	177	57
978	484	177	60
977	492	176	49
985	484	165	60
987	482	157	62
980	484	162	59
973	485	169	58
968	487	175	54
967	486	173	54
967	487	169	52
967	486	170	55
960	485	173	54
952	486	180	52
955	486	174	53
947	485	179	56
947	482	177	59
944	484	177	59
936	481	181	56
943	485	173	55
938	485	177	54
943	483	169	55
937	485	170	54
932	489	173	48
935	485	165	54
933	483	164	55
940	483	152	59
922	490	168	49
926	486	164	51
928	487	163	52
930	483	161	55
928	484	165	54
927	484	168	54
926	482	173	57
929	485	175	54
937	489	176	51
935	486	182	52
948	483	174	55
956	483	170	57
954	486	173	54
957	485	179	53
958	489	174	48
958	487	173	51
960	488	173	51
963	486	167	53
964	483	165	55
966	486	158	54
968	485	152	52
961	488	160	50
953	485	164	50
953	480	162	59
954	482	157	58
948	484	165	59
952	486	163	55
950	487	167	50
951	485	169	52
954	482	173	53
957	483	178	61
964	479	177	60
971	468	179	72
978	472	181	72
971	471	197	69
989	477	190	70
993	470	189	70
1015	461	174	82
1022	467	171	75
1028	467	164	75
1035	477	158	63
1022	484	170	57
1024	487	170	50
1029	484	163	54
1036	481	156	57
1032	484	153	57
1013	484	168	57
1006	485	176	53
1002	488	177	51
1003	489	171	54
996	489	173	50
996	485	170	56
994	485	166	52
994	484	162	56
990	488	163	54
981	486	169	55
986	482	162	59
986	480	156	62
978	481	162	59
978	473	157	68
976	479	157	63
971	473	161	68
974	479	154	64
976	480	146	62
969	482	153	57
968	483	150	59
957	477	158	64
950	484	162	58
943	483	167	57
946	477	162	65
938	483	168	58
936	484	165	58
928	482	173	61
923	484	170	59
923	480	173	65
921	483	167	63
919	486	165	57
914	484	170	59
911	485	170	56
910	481	171	63
898	470	176	73
902	483	174	62
902	482	169	62
904	486	162	56
898	484	171	59
897	488	166	58
893	487	171	60
888	486	171	62
889	485	166	63
882	487	174	63
882	486	168	61
886	487	162	62
878	485	167	61
872	481	176	67
877	482	168	68
873	484	169	64
874	483	164	65
865	480	170	69
866	483	167	66
864	482	166	66
856	482	172	65
855	487	171	62
860	486	162	62
856	486	166	60
853	486	168	61
846	488	173	54
839	490	179	54
837	487	180	56
836	488	179	55
834	488	180	53
834	487	177	53
837	487	175	55
834	488	178	54
835	489	182	57
840	483	182	61
847	488	178	60
862	484	176	66
860	483	187	63
882	484	170	66
890	484	176	64
897	482	184	65
922	474	173	76
923	477	183	76
941	480	174	71
955	472	172	78
959	484	175	65
954	479	188	65
954	485	190	60
962	490	187	57
956	475	195	70
965	477	187	71
960	481	192	62
960	484	192	58
958	482	191	59
959	481	189	60
960	471	190	69
973	467	174	75
967	477	176	65
966	478	175	59
968	474	173	64
964	472	171	68
965	470	170	67
954	468	177	65
967	469	165	65
949	475	180	61
941	474	191	58
945	474	184	61
942	470	187	64
943	477	186	57
944	476	189	58
948	478	186	57
942	476	194	58
941	480	201	56
950	483	195	49
956	474	189	60
966	475	176	60
970	480	174	57
973	473	170	66
963	476	178	64
971	478	170	60
965	475	176	65
961	481	180	59
956	480	180	61
955	478	178	60
954	487	185	54
953	486	181	54
947	485	185	56
945	485	186	58
944	486	186	52
942	491	181	51
946	489	178	51
937	491	187	52
933	490	189	54
938	492	180	51
935	488	183	54
935	483	184	64
930	493	186	54
932	492	181	53
934	492	177	53
933	489	176	56
931	490	177	59
926	496	179	51
919	497	184	50
923	497	181	51
920	495	180	51
917	491	182	52
910	489	193	52
915	497	183	48
915	496	181	48
912	493	179	54
905	491	185	56
904	490	183	59
897	491	190	59
900	492	188	55
904	487	180	63
902	489	178	62
899	484	181	66
896	490	179	62
900	487	177	72
894	492	175	56
898	495	170	57
896	494	172	55
893	494	172	55
881	495	187	53
889	503	177	49
875	502	188	44
874	501	187	47
871	500	183	50
875	500	177	50
862	493	188	59
863	487	189	68
866	474	183	81
860	478	189	80
859	483	187	73
860	488	185	67
853	498	185	58
853	503	186	50
852	499	186	53
851	506	177	50
854	501	175	54
853	500	173	53
847	498	178	55
847	497	175	53
847	495	167	58
842	496	168	59
836	500	169	57
833	497	174	59
828	499	174	59
823	503	178	54
826	505	172	55
817	504	179	52
818	505	177	50
815	504	175	56
804	507	181	50
795	510	186	42
804	505	179	49
802	509	179	46
800	505	173	48
801	506	168	51
803	504	167	52
800	506	171	50
798	506	174	49
803	508	178	50
807	503	176	50
806	503	184	47
816	501	183	50
834	503	177	50
840	501	181	54
842	499	182	53
861	498	173	54
860	502	175	50
866	500	175	48
864	497	176	53
860	496	179	49
867	502	173	47
863	498	175	49
860	496	178	48
863	501	174	46
866	496	166	49
866	502	167	49
857	495	173	53
855	500	174	49
853	495	177	52
853	495	176	53
857	498	175	53
858	499	174	46
868	497	174	51
864	495	187	52
873	492	185	53
889	493	168	55
881	491	177	59
873	492	192	60
874	486	196	66
881	479	193	73
886	464	184	92
899	467	174	85
891	469	179	81
885	473	185	77
886	471	179	77
868	471	197	79
875	467	189	84
879	466	181	82
876	470	180	78
877	467	183	82
884	473	179	76
881	467	185	80
861	458	214	88
870	458	221	92
875	461	217	85
901	460	206	85
899	457	210	93
921	452	194	102
917	460	202	90
935	460	188	91
945	472	170	77
946	466	171	82
944	477	173	69
943	480	171	65
946	488	169	59
944	496	166	44
937	497	167	41
926	492	181	51
926	495	179	44
931	490	167	51
918	494	180	40
921	487	180	51
924	489	170	50
923	491	169	51
919	494	178	44
926	491	175	48
926	491	173	47
930	491	172	48
922	491	178	45
928	487	174	52
926	486	172	53
926	489	173	55
925	488	168	54
922	485	176	52
921	489	165	47
915	487	178	47
920	489	165	50
921	489	162	52
916	484	168	58
910	478	172	59
919	483	165	53
911	487	177	49
917	489	183	46
941	490	167	52
949	488	172	46
955	485	178	53
967	481	177	56
972	477	177	66
976	476	183	65
977	462	187	74
998	478	168	64
1002	472	166	69
999	481	167	61
1005	489	161	54
1005	490	162	52
1001	489	164	50
1001	490	163	49
991	489	174	53
986	494	177	43
983	489	173	49
981	492	170	45
985	490	161	47
974	487	172	46
981	490	167	51
984	490	172	49
986	483	168	55
984	485	170	53
985	489	174	51
986	489	174	49
991	490	164	55
986	483	169	58
986	487	166	56
987	486	166	52
983	495	164	47
979	486	168	56
977	489	166	53
980	488	159	56
978	486	161	58
967	489	168	50
964	487	168	52
961	485	167	60
957	488	166	56
959	491	166	50
953	489	168	53
952	493	167	53
952	494	169	54
949	494	163	49
950	490	159	52
945	488	169	51
946	483	159	58
945	487	165	55
948	482	157	56
942	487	162	54
938	480	167	57
932	469	173	70
933	487	159	52
934	490	160	53
937	489	160	50
927	484	167	52
922	482	169	54
923	484	168	56
919	485	169	50
919	482	169	56
918	484	172	56
917	480	166	57
919	488	164	51
917	489	166	47
905	486	172	49
910	483	167	54
909	481	168	56
902	485	176	48
906	485	166	51
906	481	164	54
903	480	167	56
900	480	165	53
902	490	168	47
905	487	162	48
908	488	159	52
900	487	166	46
906	481	159	57
908	485	155	53
892	486	165	52
892	485	167	47
888	490	170	45
889	488	167	46
884	490	171	45
888	489	163	41
889	488	162	46
883	486	167	49
883	487	165	47
878	489	171	47
876	486	169	48
876	488	165	48
876	486	167	48
875	483	170	51
867	487	171	46
871	485	175	49
876	491	163	39
872	490	168	43
869	489	172	42
870	490	167	36
873	488	166	44
866	493	168	39
866	486	169	44
860	489	168	41
866	489	162	45
861	489	163	35
864	483	157	49
862	490	159	40
853	486	169	40
858	487	160	41
856	483	161	48
854	488	161	40
849	491	167	39
848	490	167	35
846	491	165	33
845	486	170	40
843	489	171	39
839	489	169	34
834	488	175	38
836	482	169	43
831	482	172	45
830	485	170	43
829	484	170	39
829	483	164	41
828	482	160	39
828	481	162	41
830	480	159	45
834	473	149	51
832	479	152	45
838	477	144	46
837	475	144	52
814	471	157	51
809	480	162	45
806	479	160	40
794	479	169	44
788	482	170	37
800	480	175	37
783	481	175	40
791	478	163	44
783	479	167	40
785	481	163	34
787	480	159	38
781	480	165	37
782	479	164	37
784	482	163	35
785	478	166	38
791	477	167	43
804	471	158	48
824	470	149	49
829	476	156	47
859	482	134	42
883	479	121	43
893	477	125	47
901	479	136	46
907	478	142	46
918	476	149	45
930	472	152	47
938	470	157	56
944	471	158	49
953	475	164	41
954	471	168	45
958	475	172	44
965	475	162	41
974	474	157	45
971	475	158	39
972	470	158	43
966	471	160	44
969	475	163	40
967	478	158	37
957	475	166	42
949	479	170	37
955	476	162	41
945	475	166	42
951	475	159	38
943	466	160	46
934	474	167	42
931	467	166	46
923	467	162	47
926	458	159	58
915	464	165	57
907	466	179	51
913	473	167	45
918	474	157	40
912	476	161	34
907	477	162	37
904	473	158	41
895	469	164	48
893	470	163	47
882	476	173	38
888	472	174	47
873	466	174	53
866	464	177	50
854	453	194	62
842	443	192	75
834	457	198	56
841	453	185	62
841	458	189	59
830	451	192	63
839	455	174	62
836	463	175	52
842	470	165	48
842	461	156	54
837	456	163	64
829	462	169	60
827	462	164	54
821	461	165	56
814	459	167	63
809	461	170	61
813	464	160	58
818	466	155	58
819	466	153	58
813	453	153	73
810	455	148	70
801	456	144	70
801	457	139	68
794	463	154	56
786	464	160	55
781	462	160	57
773	460	167	60
772	462	162	52
767	462	165	57
767	461	162	57
758	462	171	58
755	463	174	54
759	461	166	60
762	458	164	62
755	458	162	62
754	456	158	70
745	458	168	63
734	458	176	61
724	455	189	68
728	465	167	60
723	466	165	56
716	462	176	56
714	459	175	61
716	459	169	60
718	461	161	59
716	468	148	57
721	459	137	66
719	462	140	59
704	464	158	54
696	462	165	60
692	463	168	57
684	466	166	49
669	462	179	57
662	459	185	63
657	463	184	54
655	461	182	63
657	465	176	59
654	450	173	77
650	451	171	74
638	456	181	68
641	455	173	69
637	458	176	66
643	459	171	65
648	467	162	55
641	467	163	54
641	464	169	59
624	463	189	53
617	459	201	69
626	462	198	60
635	464	194	56
651	465	184	51
669	458	174	65
683	457	162	66
691	458	165	62
683	457	179	63
699	455	165	67
706	456	162	66
706	464	159	62
707	463	155	60
704	470	161	49
697	474	165	43
685	473	177	43
690	467	174	53
690	463	172	61
687	468	173	55
688	465	176	59
683	462	180	64
682	459	184	64
673	456	197	70
677	455	197	74
685	453	187	82
689	454	189	76
688	454	187	83
688	453	185	81
705	455	168	90
698	461	170	68
704	460	162	71
704	461	161	66
701	459	170	71
698	461	167	68
689	463	179	64
681	460	185	73
680	464	185	71
679	463	179	75
681	460	176	77
680	464	179	72
685	467	171	70
679	467	179	70
688	467	176	67
693	470	175	63
694	467	183	71
699	465	176	79
694	467	188	79
708	468	171	80
720	471	160	73
717	473	166	84
692	479	182	60
689	481	189	55
690	474	190	68
678	484	195	54
684	477	186	70
676	483	191	65
678	481	189	66
673	483	191	59
664	484	195	65
664	491	188	58
668	489	186	61
666	489	189	62
669	489	194	68
661	489	205	69
667	492	205	67
675	488	203	72
684	492	196	64
690	503	196	48
696	496	196	55
695	490	200	62
698	501	198	56
698	507	195	48
696	505	191	50
692	506	196	51
694	493	194	67
692	508	197	55
678	510	206	52
675	508	207	55
679	505	202	59
672	504	208	61
674	501	195	62
665	505	198	61
666	504	191	60
666	506	185	57
664	506	188	60
661	505	188	63
654	504	191	61
647	502	192	63
644	503	193	65
639	507	190	61
640	504	186	61
637	503	185	62
631	505	192	63
610	502	210	59
619	502	199	62
621	500	189	62
616	498	199	60
615	499	193	64
612	497	187	63
610	495	189	68
603	491	193	65
603	495	193	66
601	495	191	60
603	495	187	63
598	493	189	69
591	491	193	62
588	493	196	64
588	492	196	69
593	490	189	97
607	483	175	101
613	484	175	106
611	477	186	95
619	484	184	91
634	487	185	96
660	473	168	86
678	484	165	81
689	486	163	76
690	490	179	68
709	488	169	62
719	486	167	57
727	488	165	59
736	486	161	65
741	486	156	67
747	485	154	60
757	485	147	67
748	485	154	66
737	484	163	76
738	486	165	89
730	485	164	70
733	486	164	59
720	485	173	66
719	487	171	57
715	487	177	57
707	484	181	64
711	485	171	61
726	489	154	57
733	487	146	60
732	490	144	59
725	491	148	53
718	491	157	57
711	491	164	54
710	492	168	52
714	491	171	55
718	490	173	56
728	489	171	51
728	487	180	56
736	482	185	61
763	481	170	81
773	487	171	60
796	486	156	60
795	487	166	57
806	488	161	57
799	487	170	53
806	487	167	58
805	488	170	53
801	489	175	54
800	488	176	49
798	486	174	51
798	490	175	51
800	489	172	52
792	490	178	48
798	491	174	45
793	489	176	48
787	489	178	45
788	491	177	49
789	489	171	47
783	492	171	46
785	489	165	52
783	488	168	54
782	489	171	52
785	489	170	51
782	489	168	47
786	486	167	52
786	484	168	53
787	492	166	46
803	489	152	45
804	493	151	46
792	493	162	43
789	490	165	46
793	493	163	40
802	487	151	53
807	485	145	53
815	490	134	49
816	490	132	48
823	491	122	46
820	491	124	46
816	488	127	49
813	489	126	48
809	487	134	50
812	486	122	50
807	486	127	51
812	483	118	51
815	484	114	53
802	484	122	52
798	485	124	48
792	484	131	50
783	483	137	51
777	488	141	45
768	483	152	46
755	483	161	50
748	479	165	51
737	483	172	48
741	479	166	52
740	485	166	47
734	486	174	45
742	486	165	43
737	484	166	45
734	486	167	42
728	484	175	46
722	490	176	40
729	486	169	43
731	481	161	50
717	489	173	43
728	484	162	46
733	483	153	44
733	488	152	41
728	482	152	47
716	483	162	44
705	484	170	44
709	480	170	48
700	484	176	47
699	481	168	46
693	479	174	45
691	482	176	47
693	478	171	47
689	482	168	49
689	477	174	51
683	484	177	48
689	484	168	43
679	484	179	44
681	488	171	42
678	489	172	40
668	482	174	51
665	481	176	52
672	479	169	51
671	482	169	49
669	482	170	48
662	490	173	38
678	485	159	42
666	483	164	48
653	482	174	48
645	481	181	47
644	475	181	52
646	478	175	52
649	467	168	61
630	459	177	72
635	461	176	71
639	464	165	67
635	476	174	56
636	478	171	54
634	484	169	49
625	478	177	50
623	477	179	53
621	486	179	44
616	481	177	50
612	484	182	50
615	479	176	52
612	468	174	61
607	465	171	67
613	453	167	80
610	442	152	91
614	451	146	86
612	439	145	96
613	456	145	80
622	441	135	91
617	451	131	86
627	440	108	92
625	448	108	92
615	448	121	87
613	471	115	66
611	477	124	54
602	474	128	56
599	460	133	68
593	482	138	53
588	473	137	65
585	464	135	73
576	479	143	58
575	491	131	47
572	488	139	47
564	486	143	50
562	485	144	51
555	493	146	44
554	490	142	47
547	486	150	54
523	481	165	58
539	491	148	48
532	487	149	51
527	488	146	52
522	486	150	54
515	483	148	52
513	496	152	42
513	491	143	49
504	489	151	45
498	485	153	50
495	482	147	51
492	478	145	57
490	485	145	50
486	486	146	49
484	478	150	58
484	471	152	66
483	474	158	63
481	473	161	64
486	474	158	63
483	467	163	71
474	478	179	59
476	470	182	68
480	465	174	68
483	474	176	59
474	467	182	69
470	468	182	70
465	460	186	77
457	442	196	92
456	435	202	96
454	430	195	95
440	463	212	71
458	473	195	64
457	477	195	56
485	465	173	63
470	461	185	69
494	478	171	53
487	469	186	62
493	448	179	76
492	444	190	81
502	429	185	96
498	421	186	109
496	438	183	92
500	430	185	100
496	420	192	111
493	436	186	96
482	437	191	96
485	424	192	105
475	439	195	94
486	440	185	88
475	442	183	90
466	440	195	96
461	446	187	87
452	449	199	87
435	431	212	105
422	440	227	92
433	444	211	86
437	444	201	88
441	455	195	77
429	456	200	76
428	450	193	81
431	453	184	79
423	451	186	82
426	462	182	71
414	468	188	68
394	472	208	61
399	480	196	51
399	471	187	61
395	476	184	56
382	481	192	52
375	478	194	54
368	470	195	64
367	475	192	59
356	477	198	62
345	471	204	66
340	464	190	79
344	477	190	67
338	478	195	64
334	479	191	62
325	483	198	62
325	485	194	60
319	491	194	54
330	482	175	66
318	476	184	71
316	486	174	65
316	482	170	66
304	483	179	67
302	481	178	64
302	483	176	75
268	484	198	69
273	491	188	60
275	490	181	64
272	487	181	63
269	490	180	58
263	495	179	49
260	497	173	49
262	496	166	63
246	500	178	51
244	494	171	52
237	497	172	54
236	496	172	63
192	498	172	64
217	495	181	68
163	487	182	86
173	489	208	73
156	488	221	75
133	488	244	79
130	490	234	80
123	489	237	81
119	492	232	79
109	495	236	80
105	491	226	82
96	495	246	84
86	494	245	79
85	487	237	89
85	485	234	90
75	498	247	83
54	488	263	94
75	493	230	88
87	488	205	89
75	491	211	94
85	493	194	87
86	497	185	91
58	500	217	86
