1044	518	47	41
1043	518	52	41
1044	519	52	39
1045	518	51	39
1045	519	52	39
1046	518	53	38
1047	518	51	38
1049	518	48	37
1048	518	53	37
1049	518	53	36
1049	518	54	37
1050	515	53	40
1050	516	53	38
1050	516	55	37
1052	516	53	36
1053	515	53	40
1054	514	51	40
1054	514	52	40
1054	514	52	40
1056	513	53	40
1055	513	53	40
1056	514	49	38
1057	514	53	39
1058	513	49	39
1057	512	52	41
1057	513	53	40
1057	513	53	40
1058	513	57	38
1058	513	56	40
1060	513	52	39
1061	513	50	40
1062	510	51	43
1059	513	55	40
1060	514	55	40
1062	512	54	39
1062	511	56	41
1064	514	51	39
1062	513	55	40
1064	513	54	39
1066	513	50	41
1067	512	52	39
1065	513	54	41
1062	512	57	39
1060	514	58	38
1059	511	56	41
1056	511	54	42
1051	514	53	41
1045	514	57	41
1042	517	54	35
1037	516	53	37
1034	514	55	40
1032	514	49	40
1029	516	54	37
1027	514	54	40
1026	515	54	38
1024	516	57	37
1024	517	54	38
1025	518	51	37
1024	515	50	40
1024	515	52	40
1024	518	51	36
1025	518	53	36
1025	517	51	38
1025	517	53	38
1024	517	54	39
1025	517	53	40
1026	517	53	38
1025	518	57	38
1026	517	55	39
1027	517	54	40
1027	517	55	39
1029	517	54	40
1029	517	55	38
1030	517	54	39
1030	517	53	39
1030	518	56	38
1030	518	55	39
1031	519	51	37
1032	519	50	38
1032	519	47	39
1032	518	52	37
1033	519	50	38
1032	518	51	39
1033	520	46	39
1034	519	49	39
1035	518	47	40
1034	518	48	40
1036	518	49	40
1034	521	51	37
1037	520	52	37
1038	518	52	40
1040	520	47	40
1040	518	44	40
1040	521	50	39
1040	525	48	35
1041	523	49	37
1041	523	52	38
1042	523	49	38
1042	521	53	38
1042	521	51	40
1042	520	52	39
1043	522	55	37
1044	523	51	38
1044	522	51	36
1044	522	53	37
1044	520	55	38
1044	521	54	39
1045	520	52	38
1045	521	51	40
1045	520	50	39
1047	522	46	39
1047	520	46	38
1047	520	48	39
1047	520	49	39
1046	520	50	39
1045	520	48	40
1043	521	50	37
1043	520	47	39
1040	518	52	40
1036	520	51	39
1031	520	51	38
1024	520	53	38
1017	520	53	37
1007	520	53	37
997	520	53	38
987	519	53	40
974	519	53	38
962	519	53	40
952	519	52	39
939	520	52	38
927	521	53	37
917	519	53	41
908	520	56	38
903	520	55	37
896	519	56	38
892	517	55	41
890	520	56	38
887	519	51	40
886	519	51	37
884	520	54	38
883	520	50	38
883	521	51	37
882	520	52	36
882	522	51	36
881	521	51	38
881	520	53	37
881	520	54	39
880	521	55	37
882	520	51	39
881	520	53	38
882	520	52	38
881	520	55	38
881	523	53	35
881	521	56	38
881	520	52	38
881	522	51	37
881	521	53	37
881	521	52	39
881	521	55	39
881	522	54	38
882	520	51	38
880	522	55	38
881	520	52	37
881	522	51	38
880	522	52	36
880	522	55	39
880	523	54	35
880	522	55	37
881	522	53	39
880	523	58	35
880	522	56	38
881	525	53	35
880	524	58	35
880	523	57	36
881	523	52	38
880	524	53	37
880	524	54	37
879	524	55	38
879	525	54	35
879	524	55	36
881	524	50	37
881	524	51	38
881	523	51	36
881	525	52	38
878	525	56	36
879	525	57	38
878	526	58	37
879	525	55	39
880	526	54	37
880	526	53	37
880	525	51	39
879	527	56	38
879	527	54	36
880	527	51	37
879	526	55	39
880	526	54	40
879	526	58	38
878	529	58	36
879	527	55	38
879	528	54	39
878	528	54	38
878	527	53	38
878	527	53	38
877	528	56	37
877	528	56	38
877	528	55	38
876	528	56	38
878	528	55	39
877	526	55	41
877	527	56	41
877	527	54	40
878	528	51	40
879	528	51	39
878	529	54	39
878	532	53	34
878	531	54	36
878	530	54	38
878	529	55	37
876	530	57	38
876	530	56	38
876	529	55	39
877	530	54	36
878	529	52	40
877	529	54	41
878	529	53	40
877	530	54	39
876	530	54	39
877	529	54	39
877	530	53	39
877	531	54	39
876	531	56	40
875	530	58	40
876	531	58	40
876	531	54	42
874	532	59	41
875	531	57	39
875	531	56	40
875	533	57	39
875	531	57	41
873	532	58	41
874	534	54	37
875	534	56	37
875	535	54	37
875	535	53	38
874	535	55	39
876	534	53	39
874	534	54	39
874	534	56	37
872	533	56	41
875	533	54	41
874	533	55	39
873	534	56	39
872	533	57	39
872	533	55	39
872	532	56	40
872	533	55	41
871	533	58	40
871	535	58	37
872	533	57	38
873	533	56	39
872	533	56	39
872	532	58	40
872	534	55	37
872	533	54	41
871	533	57	40
871	534	56	39
872	532	56	40
871	534	57	38
871	533	58	40
872	532	56	40
870	533	58	40
870	532	59	40
870	533	60	39
869	532	58	40
869	536	59	37
868	534	61	36
868	534	56	38
869	532	58	40
868	532	60	40
868	536	59	35
869	535	58	37
869	535	58	36
867	533	61	39
867	534	60	37
868	533	61	40
869	532	61	39
869	533	59	39
869	533	61	38
866	534	62	37
867	533	63	41
868	532	58	38
867	534	58	37
866	534	59	39
864	534	61	37
865	534	63	39
867	535	59	36
867	534	60	38
864	533	62	39
868	537	58	34
867	534	58	40
866	534	60	40
866	535	60	38
865	535	62	38
866	536	58	37
867	536	56	39
865	536	62	36
865	534	62	39
864	534	62	39
865	536	59	38
866	538	57	36
866	536	55	39
865	536	54	41
864	534	57	40
865	536	54	39
866	536	53	38
866	536	48	41
864	537	57	37
865	537	53	40
865	537	54	37
866	535	53	40
866	535	56	43
865	536	53	40
864	537	51	40
865	537	52	38
864	537	56	38
866	537	54	39
866	538	54	38
863	538	58	36
862	538	58	38
863	538	55	37
864	539	53	38
864	538	55	38
864	540	56	34
863	540	56	36
864	539	57	36
865	538	51	39
864	539	54	38
863	539	53	38
863	539	56	38
860	539	60	39
863	538	54	40
862	539	58	37
863	538	56	39
863	539	56	38
863	539	55	37
863	540	57	37
862	539	61	38
863	539	55	39
863	540	55	36
863	538	54	38
863	541	55	36
862	540	61	36
858	539	65	38
859	539	62	38
859	538	60	39
860	539	58	38
858	539	59	38
861	537	55	42
859	540	56	36
860	540	54	36
861	538	52	38
860	539	56	38
859	540	56	36
858	538	57	38
860	537	52	41
858	538	57	39
859	538	56	39
860	538	53	42
861	537	54	37
859	538	54	37
858	540	54	37
859	537	56	39
859	542	52	35
861	542	53	32
858	541	57	36
860	538	50	37
859	537	52	41
860	537	53	39
860	539	52	39
858	538	54	37
860	537	51	42
858	537	54	40
856	537	55	42
858	538	54	38
859	538	51	38
859	537	52	40
858	538	54	38
857	538	55	39
857	539	54	38
857	538	55	38
857	538	54	38
857	537	57	38
857	540	62	38
855	538	63	37
857	537	56	40
857	540	53	36
859	540	50	37
857	542	57	33
858	538	52	39
859	539	49	37
858	538	54	38
857	537	52	39
858	538	51	40
858	538	52	40
857	538	53	41
857	537	55	39
857	537	55	40
856	538	56	40
856	538	57	38
856	538	52	39
856	538	54	38
855	538	55	38
856	538	54	39
855	538	56	37
854	538	61	39
853	538	60	37
854	538	55	39
854	537	53	42
854	538	55	40
853	538	55	39
853	539	59	36
854	538	57	41
852	539	56	37
853	538	57	38
854	539	56	36
853	538	56	40
853	538	53	40
853	538	54	38
854	539	50	39
855	538	46	42
854	539	47	40
854	539	45	42
854	539	51	41
855	540	48	39
853	539	49	41
852	539	53	38
852	539	52	40
852	540	52	38
852	540	51	41
852	539	53	40
852	540	52	39
851	540	55	39
851	541	56	37
851	540	54	38
852	541	54	39
852	539	52	42
851	539	52	42
852	540	50	43
853	540	50	40
851	539	53	41
851	539	53	40
851	540	52	38
851	540	51	41
851	540	50	41
851	540	51	41
849	540	57	40
850	540	51	38
851	540	50	42
851	541	48	41
851	542	51	38
854	544	49	36
855	543	53	37
860	541	48	38
862	541	49	40
866	541	55	37
871	542	55	38
877	543	50	38
879	546	50	33
882	540	56	37
884	539	52	39
887	539	50	39
889	540	53	39
890	539	49	39
892	540	47	38
894	541	48	38
894	541	47	39
893	540	49	39
892	539	49	41
894	541	48	38
894	539	50	41
893	539	48	39
893	539	49	40
893	539	50	37
893	542	50	35
893	540	49	37
894	544	49	34
892	543	51	32
892	540	51	38
892	540	50	37
893	544	52	33
893	542	51	33
891	542	52	33
893	540	50	37
892	540	49	37
891	539	50	36
892	537	48	40
892	537	50	40
891	538	50	40
890	539	52	38
891	538	51	39
891	536	52	40
891	537	47	37
890	538	47	34
891	539	45	36
890	533	47	40
890	535	47	39
890	535	46	36
888	533	51	39
888	533	55	37
889	533	44	38
889	533	46	40
888	534	47	36
889	533	48	36
889	531	52	38
889	531	51	37
889	531	48	39
888	532	54	36
888	533	54	35
888	533	51	33
888	535	48	31
889	533	49	34
889	534	47	33
889	535	45	31
889	530	53	37
889	529	46	39
887	529	51	39
887	530	51	38
887	530	49	38
889	529	45	38
888	529	45	36
889	531	46	33
888	529	48	36
889	529	46	35
888	529	46	36
888	528	47	35
888	528	50	36
887	529	48	33
888	525	50	42
887	529	51	33
887	530	53	35
886	528	51	36
887	526	47	36
887	526	49	37
886	526	49	36
887	528	50	35
886	529	50	33
885	529	54	34
886	527	51	36
886	529	50	33
886	527	51	34
886	528	47	34
887	530	44	32
887	528	48	33
885	527	52	35
886	526	49	34
885	527	46	34
885	528	51	33
886	528	46	33
886	525	48	37
886	524	46	36
886	526	47	36
886	527	46	32
887	527	46	35
886	525	52	36
886	525	48	36
885	525	51	39
886	528	51	35
886	527	47	34
885	527	53	35
885	527	54	34
885	526	52	34
886	527	48	33
885	528	47	33
886	524	52	39
886	526	49	36
887	525	49	36
885	525	49	36
884	526	51	36
885	524	50	38
885	524	47	38
885	523	51	38
885	523	45	38
885	525	46	37
884	524	55	35
884	524	53	37
884	523	52	39
884	522	53	40
885	527	45	33
885	527	45	35
885	525	45	37
885	525	45	36
885	528	45	36
884	525	46	36
884	526	45	36
884	524	48	37
884	524	47	37
885	525	45	35
884	526	53	35
884	525	58	35
883	527	55	32
883	525	56	35
883	524	53	37
883	523	54	38
882	521	57	39
883	521	50	40
883	523	48	38
883	524	49	37
883	525	49	34
883	523	51	37
883	523	49	36
883	523	49	36
883	525	50	35
883	521	47	39
883	519	47	41
881	520	52	40
882	521	50	38
881	521	53	38
881	521	56	38
881	520	61	39
881	522	56	37
882	522	47	36
881	521	49	38
881	521	55	37
881	521	51	40
880	524	51	33
880	521	53	38
880	518	51	41
879	519	53	40
879	520	51	40
880	521	49	40
880	521	47	38
880	521	49	38
879	521	49	40
879	520	52	39
879	521	51	40
879	522	49	38
880	522	46	39
879	521	49	38
879	522	49	38
879	523	52	38
878	522	55	38
878	522	59	39
878	520	56	41
879	520	51	42
879	520	48	41
879	523	46	38
879	521	50	44
877	522	54	40
879	521	47	42
878	522	51	42
877	523	50	42
876	525	48	38
876	525	50	39
877	526	49	38
877	526	47	39
877	526	48	39
877	526	47	39
877	527	50	40
875	526	54	39
875	527	55	40
874	526	54	41
875	527	50	42
874	529	54	39
875	529	52	39
875	529	48	41
875	530	47	40
875	530	51	40
875	529	52	42
874	529	56	42
873	529	52	42
874	529	51	42
873	529	53	43
873	531	54	43
874	531	50	42
874	530	52	43
873	531	53	45
872	532	55	42
873	532	52	43
871	531	54	45
872	532	51	43
872	533	54	44
871	534	55	43
871	534	52	43
871	534	55	44
871	534	57	43
871	533	52	45
870	535	54	42
871	535	53	45
870	536	56	43
869	537	52	41
869	537	56	43
868	537	59	43
867	538	58	43
868	538	59	43
870	539	51	41
869	537	55	44
870	539	55	43
869	539	54	42
870	538	52	45
870	539	51	44
869	540	54	44
869	539	53	45
869	542	53	44
869	542	51	42
868	542	55	43
869	542	53	44
869	542	52	43
870	540	53	47
869	541	53	45
869	541	51	48
870	543	50	45
867	544	52	43
867	544	50	43
867	542	56	46
867	541	54	47
866	542	54	47
867	542	50	47
865	543	56	47
865	546	54	43
867	545	49	44
866	544	53	46
867	546	48	43
865	546	51	44
866	547	52	44
866	546	50	45
865	547	52	45
867	546	50	45
868	548	51	43
868	548	49	41
868	549	53	43
868	548	52	42
870	549	51	42
868	548	54	43
871	548	52	44
869	549	53	41
870	550	53	40
871	550	53	41
872	550	51	41
873	550	48	41
874	551	50	40
874	551	49	39
874	551	52	41
875	548	53	41
876	551	51	40
876	549	52	42
877	549	51	41
878	548	52	43
880	548	48	43
879	552	51	39
881	546	49	45
881	548	50	43
882	548	51	42
882	548	51	41
883	548	52	42
883	548	53	43
885	547	51	41
886	549	51	39
888	547	48	41
886	547	53	41
890	547	49	40
891	547	50	40
892	546	52	41
894	545	50	40
895	547	48	40
896	547	51	38
897	545	53	42
898	545	51	43
898	545	52	41
900	546	53	40
901	547	53	38
903	545	51	40
904	544	50	41
906	542	48	44
906	543	51	41
909	541	49	44
909	540	51	42
910	542	52	41
912	542	52	41
914	542	52	40
915	541	51	41
914	540	53	42
914	541	55	42
915	539	58	43
917	542	55	41
920	542	52	41
920	541	51	41
923	541	51	41
923	541	52	41
924	541	52	41
927	540	50	42
926	540	51	42
928	540	51	42
928	541	52	41
929	541	53	43
931	539	54	42
930	541	55	42
933	541	52	41
933	539	57	42
933	540	56	43
932	540	58	40
935	541	57	41
940	541	51	39
940	542	52	39
942	542	51	40
940	540	54	41
943	540	54	42
942	541	55	39
944	540	53	41
945	540	56	43
945	540	57	40
946	543	54	39
947	542	57	40
948	542	57	41
949	542	58	40
949	541	59	41
950	541	58	41
951	541	58	42
953	541	56	42
954	541	57	41
955	542	56	40
957	542	55	41
958	543	54	39
958	542	56	41
956	544	60	39
958	543	61	41
960	542	57	43
959	542	57	40
962	541	56	43
963	544	54	39
962	542	57	41
964	543	56	40
965	543	57	40
965	544	58	39
966	541	57	42
967	541	58	44
967	542	58	42
968	543	58	40
970	543	58	40
969	544	60	41
971	543	56	42
970	542	60	42
973	543	58	43
973	547	58	38
976	545	55	40
976	545	56	41
975	544	56	41
977	545	57	42
980	543	55	42
979	544	54	42
980	545	56	42
980	545	55	43
981	544	55	45
980	546	59	40
981	547	60	42
982	546	58	42
983	545	56	43
983	545	58	44
985	545	57	44
984	544	59	45
984	550	62	39
987	548	57	42
985	549	62	42
986	548	61	44
987	547	63	44
986	546	64	45
988	547	63	46
988	548	64	44
989	548	63	46
987	548	64	43
990	550	60	44
991	550	62	41
991	550	60	44
995	549	59	44
994	550	59	45
998	549	55	45
995	550	60	45
997	550	59	44
995	550	61	47
997	549	63	44
995	553	65	42
995	551	66	45
998	552	62	46
999	552	61	45
999	553	61	44
1001	552	59	46
1000	551	62	47
1000	553	60	46
1002	553	61	46
1002	553	64	47
1000	556	66	41
997	555	70	43
1000	555	67	44
1000	556	67	44
1004	556	64	45
1006	555	63	45
1004	554	68	47
1006	556	64	46
1007	555	63	48
1005	557	66	47
1006	556	65	48
1009	557	62	46
1010	560	60	44
1009	558	62	43
1010	561	61	44
1012	562	61	43
1013	561	56	44
1012	562	57	45
1016	562	57	44
1013	563	61	44
1011	561	66	46
1012	563	68	43
1014	563	66	45
1014	564	65	45
1015	567	63	42
1013	565	66	45
1015	565	64	45
1015	563	65	48
1014	567	68	44
1017	568	62	44
1016	567	63	44
1015	567	65	48
1021	569	58	44
1020	569	60	47
1020	570	62	47
1019	569	62	48
1019	571	64	47
1019	573	64	44
1016	575	68	43
1022	572	62	45
1020	572	63	45
1016	573	67	47
1017	573	66	45
1020	576	65	43
1023	575	62	45
1021	579	65	43
1022	578	64	42
1020	578	66	44
1019	577	68	48
1021	578	64	46
1018	576	69	47
1019	579	67	44
1017	579	69	44
1022	577	64	46
1020	577	61	47
1019	578	63	47
1021	578	60	47
1019	582	65	42
1019	582	63	42
1019	582	61	42
1017	584	64	42
1019	582	63	43
1017	581	64	44
1015	580	65	45
1015	580	64	48
1015	580	63	47
1011	580	70	47
1014	582	65	45
1013	583	65	43
1012	584	66	44
1011	583	66	43
1011	581	64	45
1011	582	63	43
1010	584	62	41
1006	581	68	44
1007	580	65	45
1006	581	64	43
1004	587	67	38
1006	586	63	39
1006	587	61	38
1004	587	65	38
1003	587	64	36
1001	585	66	41
1001	584	69	40
1000	582	66	42
999	586	68	39
996	584	67	41
995	582	69	42
995	580	64	44
993	583	67	42
995	579	64	45
993	578	64	48
992	577	64	50
991	581	63	44
992	578	63	47
991	577	62	49
990	577	64	49
990	580	65	44
991	581	62	43
988	578	65	48
990	577	62	49
986	576	68	49
988	580	62	44
987	580	63	45
985	577	65	48
987	578	64	47
987	577	62	48
988	578	62	47
984	578	64	47
983	580	68	46
983	581	64	43
985	584	65	41
984	585	63	43
984	584	62	47
983	582	64	52
983	587	64	48
984	586	63	46
982	589	65	44
983	585	70	46
982	586	70	46
981	587	68	45
981	592	70	37
978	592	76	38
979	591	68	37
978	591	70	36
981	589	64	38
979	585	66	43
978	584	66	39
981	582	60	43
979	580	61	45
978	577	64	45
977	579	65	42
974	580	68	39
976	576	64	42
974	577	64	42
975	570	63	50
974	570	66	48
972	575	67	42
975	573	63	44
975	570	63	48
976	570	64	51
973	573	65	48
971	570	68	48
973	579	64	41
973	575	63	45
971	578	65	42
975	580	63	40
975	576	62	47
973	580	64	42
973	580	66	41
975	579	63	44
975	579	63	46
973	579	66	46
974	584	63	40
975	585	63	39
974	580	64	44
973	579	64	45
973	584	65	41
974	583	64	40
974	581	63	43
974	578	64	48
973	583	65	41
974	580	64	47
972	582	67	45
973	582	64	43
972	580	64	48
973	580	63	47
972	580	63	47
972	582	65	44
971	581	64	46
969	581	65	44
970	584	67	42
969	586	62	40
964	586	73	39
967	581	65	45
968	580	64	45
966	580	64	47
964	584	66	43
966	581	63	46
965	580	63	47
963	580	69	47
964	585	64	39
963	582	63	45
961	585	64	42
962	585	62	40
959	580	67	45
962	581	63	46
960	582	65	44
958	581	67	45
959	586	66	40
959	584	64	42
960	581	62	46
960	580	63	48
959	580	62	48
959	584	63	46
960	585	59	43
958	584	59	44
958	583	63	48
958	584	60	46
959	584	60	47
958	585	63	47
956	585	65	45
956	589	65	41
956	589	64	44
955	588	66	44
954	586	64	49
955	592	61	42
957	590	58	44
956	590	62	44
952	587	67	50
954	588	68	49
955	590	63	46
954	594	65	40
952	595	65	42
953	595	66	42
954	596	64	41
952	595	73	45
953	601	65	36
952	596	72	42
952	593	62	49
951	590	73	51
950	593	76	48
952	593	72	47
954	592	72	49
950	591	80	49
951	593	73	48
953	590	68	53
951	590	73	52
953	590	67	53
952	590	68	53
952	590	69	54
950	590	67	54
950	593	68	51
949	592	71	54
947	594	72	49
950	592	66	53
947	595	80	47
945	592	78	51
948	596	69	49
948	595	73	50
948	594	68	51
945	599	72	48
947	596	72	51
946	595	70	53
943	596	81	51
941	598	81	53
938	596	83	53
939	601	79	47
946	598	72	48
944	600	73	49
946	605	66	46
944	601	71	49
949	605	63	49
946	603	69	47
947	599	63	52
945	599	65	52
944	600	67	52
943	601	76	53
939	599	75	55
935	599	79	55
940	602	75	53
944	602	70	50
946	600	65	56
944	601	67	54
946	599	61	55
943	604	67	50
941	602	69	54
938	609	71	47
947	611	63	43
947	618	60	38
946	619	62	36
944	614	66	40
940	612	67	45
941	616	66	43
943	617	65	39
944	617	62	40
945	614	58	43
943	617	64	41
945	620	57	38
945	618	58	41
945	623	60	38
944	621	62	40
939	621	66	39
943	620	63	44
941	618	64	48
943	621	59	45
942	622	63	43
942	621	63	45
941	624	61	41
943	625	60	40
941	625	60	41
939	620	63	47
941	617	60	51
944	622	56	46
940	623	57	46
939	623	62	49
942	627	54	44
944	629	51	41
943	630	51	37
938	627	57	38
935	624	60	42
929	625	64	44
938	626	57	42
932	624	61	44
934	622	58	44
932	621	60	41
934	624	55	40
933	620	57	42
931	618	58	44
935	621	51	38
933	621	55	35
933	619	53	39
930	615	60	44
929	617	55	40
930	614	56	43
927	617	56	41
923	616	59	41
929	612	50	44
930	617	45	39
927	615	48	42
924	615	50	42
925	613	49	45
927	614	50	42
924	613	50	42
923	614	51	41
921	612	52	42
923	607	51	49
922	610	48	45
921	614	50	37
920	613	51	39
918	613	53	42
920	614	52	39
919	610	47	43
920	609	48	44
920	611	47	42
919	612	47	41
917	613	47	37
914	611	48	41
911	613	54	41
917	614	48	41
913	613	47	39
917	609	41	44
917	611	41	41
913	610	45	43
915	610	46	43
912	611	49	41
911	610	46	40
914	608	44	44
911	610	42	40
914	608	44	41
912	609	39	39
911	607	38	42
912	609	40	41
910	607	37	42
905	608	44	42
910	610	39	42
911	610	35	40
911	609	36	42
909	609	37	42
908	610	40	41
902	609	42	42
902	612	42	42
903	613	43	39
905	613	42	38
902	614	43	39
903	613	44	39
904	616	40	38
903	614	42	39
903	613	44	40
901	614	45	41
903	615	46	40
904	614	46	42
900	611	49	44
905	615	42	41
905	615	42	39
906	612	38	42
905	610	39	46
905	613	40	45
905	611	38	44
900	609	44	44
899	612	44	42
901	616	40	39
900	611	41	44
899	610	43	46
900	613	42	43
897	614	43	41
898	613	40	38
897	615	40	38
895	612	38	41
893	616	37	38
891	614	44	39
888	613	44	43
889	614	44	42
894	612	39	42
890	613	39	43
888	613	37	42
889	613	37	41
886	614	38	39
884	614	41	39
882	615	43	38
880	614	42	42
879	611	43	43
871	614	48	40
869	611	53	43
874	611	46	44
874	612	41	41
870	614	42	44
867	611	46	44
861	612	46	42
859	611	41	41
857	610	38	45
854	608	42	43
853	607	43	46
857	607	37	43
853	609	40	41
851	610	46	41
851	608	42	44
853	609	43	43
855	608	44	43
852	609	46	44
851	609	44	44
853	608	45	42
853	609	42	42
854	608	43	45
857	610	40	43
859	609	38	45
855	613	41	41
852	611	46	43
856	613	42	42
856	611	41	41
855	613	41	42
859	613	37	40
857	611	40	44
857	611	37	42
856	610	40	42
855	607	44	45
856	608	38	43
854	609	39	42
853	609	43	43
853	612	41	39
850	609	42	41
849	608	42	43
847	608	43	41
845	607	44	41
845	608	40	40
844	605	43	43
840	606	41	41
840	606	40	42
843	607	39	40
840	606	39	38
837	604	45	43
835	600	45	47
837	607	45	41
833	606	49	40
835	606	44	41
838	606	42	40
833	608	47	39
836	607	43	39
836	608	43	39
833	605	48	44
834	606	47	43
834	608	47	40
835	609	45	38
839	606	41	42
843	609	37	41
841	608	41	41
840	609	41	40
843	610	41	39
843	611	37	40
843	612	37	40
840	611	43	43
840	613	39	43
839	612	37	45
839	615	41	41
843	614	39	43
841	617	44	40
840	618	43	38
840	618	47	41
842	618	47	40
842	622	40	39
839	624	42	41
841	622	40	42
843	622	39	41
846	623	37	40
846	624	37	38
847	624	33	39
847	623	38	40
844	623	37	40
848	621	38	40
846	623	40	42
844	623	40	42
847	623	39	40
842	625	42	41
839	625	48	41
840	625	48	42
841	626	43	40
843	624	43	40
844	627	46	39
846	626	42	41
843	626	42	42
845	625	44	42
845	627	40	40
847	628	40	42
848	628	36	40
848	627	39	41
849	626	41	45
848	629	40	42
850	630	38	38
847	629	40	39
847	630	40	40
851	629	36	38
852	629	33	35
854	626	33	39
852	629	37	38
850	628	42	40
852	631	37	38
846	630	43	39
849	629	38	41
848	626	44	45
850	627	41	42
850	630	40	39
855	630	38	39
850	628	44	40
849	630	42	42
849	627	44	44
849	630	47	42
849	628	46	42
851	629	42	42
854	630	40	39
854	631	39	39
853	631	41	41
852	631	41	39
851	630	42	40
850	629	43	43
851	630	38	40
853	628	36	40
856	627	40	40
860	630	35	39
862	627	32	42
863	624	25	46
862	623	30	49
858	625	35	45
859	625	36	44
859	624	38	47
863	628	36	39
861	628	34	43
865	625	31	43
864	625	34	40
859	630	40	38
863	626	34	40
864	628	35	38
866	626	34	41
863	628	37	40
863	626	36	42
866	623	35	51
865	623	31	47
864	625	34	46
863	623	37	44
865	625	39	43
862	624	43	45
861	625	43	43
868	624	37	44
868	623	40	40
871	625	39	38
876	630	33	32
874	627	34	35
876	624	32	41
875	627	35	36
877	625	35	38
870	627	41	39
869	625	42	45
877	625	35	43
878	627	34	39
880	626	35	41
880	626	33	40
879	627	34	40
881	626	32	41
878	626	37	45
878	628	37	43
880	625	34	42
881	625	35	40
880	625	37	44
881	628	33	41
880	627	34	42
880	631	29	35
880	630	30	36
877	631	33	33
879	632	28	36
880	631	32	37
870	633	34	35
875	636	36	37
877	629	29	41
878	633	27	41
873	625	29	37
872	628	34	37
866	631	38	34
878	631	31	35
878	633	30	37
879	632	29	38
878	630	31	39
876	628	33	41
881	628	28	42
879	631	30	37
878	633	33	35
879	628	31	36
880	628	32	37
881	629	30	35
879	632	32	38
878	636	33	39
888	632	25	32
888	633	23	29
890	636	21	25
890	637	22	23
895	639	25	21
896	638	19	25
902	638	17	19
896	640	17	15
898	639	17	15
896	639	22	16
893	639	19	16
897	639	16	15
896	638	16	17
895	635	16	20
895	635	15	20
895	636	14	19
894	636	16	18
926	639	17	17
926	641	16	14
926	639	17	17
926	637	16	18
926	637	16	18
926	637	16	18
959	671	16	17
959	671	16	17
959	671	16	17
959	671	16	17
959	671	16	17
959	671	16	17
959	671	16	17
959	671	16	17
959	671	16	17
959	671	16	17
959	671	16	17
959	671	16	17
959	671	16	17
959	671	16	17
959	671	16	17
959	671	16	17
959	671	16	17
959	671	16	17
959	671	16	17
959	671	16	17
959	671	16	17
959	671	16	17
959	671	16	17
959	671	16	17
959	671	16	17
959	671	16	17
959	671	16	17
959	671	16	17
959	671	16	17
959	671	16	17
959	671	16	17
924	666	19	20
904	636	21	24
903	634	23	26
903	636	25	25
900	635	26	29
898	635	29	28
898	634	29	29
897	636	28	26
895	636	28	23
894	638	34	25
892	638	33	33
895	628	29	33
895	632	24	30
892	632	26	26
892	634	24	23
894	633	20	23
891	631	24	27
891	631	24	27
891	631	24	27
891	631	24	27
891	631	24	27
891	631	24	27
891	631	24	27
891	631	24	27
891	631	24	27
891	631	24	27
891	631	24	27
891	631	24	27
891	631	24	27
891	631	24	27
891	631	24	27
891	631	24	27
891	631	24	27
891	631	24	27
891	631	24	27
891	631	24	27
891	631	24	27
891	631	24	27
891	631	24	27
891	631	24	27
910	605	25	24
910	605	25	24
910	605	25	24
910	605	25	24
863	630	23	25
863	630	23	25
863	630	23	25
863	630	23	25
863	630	23	25
863	630	23	25
863	630	23	25
863	630	23	25
863	630	23	25
863	630	23	25
863	630	23	25
863	630	23	25
863	630	23	25
863	630	23	25
863	630	23	25
863	630	23	25
863	630	23	25
863	630	23	25
863	630	23	25
863	630	23	25
863	630	23	25
863	630	23	25
863	630	23	25
863	630	23	25
863	630	23	25
863	630	23	25
863	630	23	25
863	630	23	25
863	630	23	25
863	630	23	25
863	630	23	25
863	630	23	25
863	630	23	25
863	630	23	25
863	630	23	25
863	630	23	25
863	630	23	25
863	630	23	25
863	630	23	25
863	630	23	25
863	630	23	25
863	630	23	25
863	630	23	25
863	630	23	25
863	630	23	25
863	630	23	25
863	630	23	25
863	630	23	25
863	630	23	25
863	630	23	25
863	630	23	25
863	630	23	25
863	630	23	25
863	630	23	25
863	630	23	25
876	684	20	23
878	687	17	19
878	687	17	19
878	687	17	19
878	687	17	19
878	687	17	19
878	687	17	19
878	687	17	19
878	687	17	19
878	687	17	19
878	687	17	19
878	687	17	19
878	687	17	19
878	687	17	19
878	687	17	19
878	687	17	19
878	687	17	19
878	687	17	19
878	687	17	19
878	687	17	19
878	687	17	19
878	687	17	19
878	687	17	19
878	687	17	19
878	687	17	19
878	687	17	19
878	687	17	19
864	703	16	16
864	703	16	16
864	703	16	16
864	703	16	16
846	719	16	16
846	719	16	16
846	719	16	16
845	717	15	18
846	713	17	21
846	713	17	21
846	713	17	21
846	713	17	21
846	713	17	21
846	713	17	21
846	713	17	21
846	713	17	21
846	713	17	21
846	713	17	21
846	713	17	21
863	735	17	19
862	751	18	20
829	766	18	17
863	735	17	17
863	735	17	17
831	718	18	17
831	719	16	17
831	719	16	17
830	719	16	19
831	719	16	17
847	703	16	17
848	715	16	20
849	712	16	22
846	719	17	26
846	719	17	26
846	719	17	26
863	715	18	26
863	715	18	26
863	715	18	26
863	715	18	26
863	715	18	26
863	715	18	26
846	766	18	22
846	766	18	22
829	799	19	23
829	799	19	23
829	799	19	23
863	799	18	23
879	766	17	21
879	766	17	21
879	766	17	21
879	766	17	21
903	733	18	20
924	700	20	22
905	735	23	18
919	734	25	16
909	734	24	19
909	734	24	19
909	734	24	19
909	734	24	19
909	734	24	19
868	779	27	15
862	819	28	20
894	843	24	22
894	843	24	22
894	843	24	22
894	843	24	22
922	848	21	22
922	848	21	22
922	848	21	22
922	848	21	22
891	815	21	25
856	826	23	24
863	821	22	28
809	798	22	23
766	779	25	22
769	827	20	21
769	827	20	21
769	827	20	21
797	789	18	19
784	812	16	17
799	783	14	19
796	783	18	18
793	782	21	17
769	748	17	21
746	784	22	22
746	784	22	22
746	784	22	22
778	778	25	25
823	778	22	24
813	803	20	29
794	780	16	25
794	780	16	25
794	780	16	25
832	746	18	24
826	781	14	26
807	782	17	21
815	766	16	18
815	766	16	18
849	782	14	17
847	814	17	19
847	814	17	19
865	842	20	24
877	807	19	26
877	807	19	26
894	835	19	24
851	826	22	21
851	826	22	21
851	826	22	21
833	798	22	27
833	798	22	27
833	798	22	27
862	750	26	28
848	689	29	30
848	688	30	30
849	686	31	36
852	688	27	32
847	689	31	35
848	692	28	30
849	688	29	33
852	689	27	30
812	689	24	33
853	691	25	28
855	692	25	29
854	690	27	30
854	690	32	30
855	690	26	29
854	688	25	29
856	691	24	29
856	692	24	29
856	692	27	30
856	693	24	27
858	695	23	24
859	694	21	26
859	696	21	23
858	700	23	23
860	699	20	22
861	698	22	23
862	702	25	25
861	701	28	31
863	702	25	33
862	701	28	36
863	703	23	32
864	703	25	32
863	704	24	32
865	707	24	31
865	707	26	31
865	710	32	27
864	707	35	33
864	706	33	37
864	703	31	36
864	712	34	38
866	713	35	37
861	715	36	38
866	716	31	38
864	717	30	34
867	719	30	30
867	717	31	34
867	719	30	31
868	720	29	31
870	718	24	36
869	720	26	34
868	723	29	30
869	726	28	26
870	722	27	28
871	720	32	32
871	719	40	33
871	718	44	33
865	718	41	35
868	718	42	36
872	722	40	34
872	719	40	35
873	720	39	33
874	719	37	36
873	717	34	37
876	719	31	33
876	718	33	36
875	713	36	40
875	713	45	39
861	713	50	42
859	717	56	36
874	713	53	38
868	716	49	33
872	717	48	36
876	712	45	36
872	713	41	38
878	711	41	42
877	713	45	39
876	713	43	38
874	714	37	34
877	712	34	33
877	712	38	32
878	711	36	35
876	711	39	37
879	708	37	34
878	708	37	31
878	707	35	33
880	705	36	33
878	704	39	36
879	704	39	35
880	706	36	31
877	702	39	33
878	702	42	30
875	701	39	35
878	698	36	35
880	697	39	36
878	694	36	36
879	698	34	33
881	690	32	35
880	691	36	39
881	687	35	44
883	688	30	37
884	686	32	34
885	688	25	31
884	687	29	32
884	687	28	32
886	685	31	35
886	685	30	34
886	681	30	36
886	682	29	36
884	679	31	40
882	679	32	39
885	674	34	42
886	674	36	42
888	672	34	39
887	669	35	37
889	665	38	41
889	665	37	39
886	669	36	35
886	664	37	40
886	662	36	41
886	661	34	39
888	655	38	42
885	656	39	42
888	656	34	39
888	653	34	42
887	653	32	38
888	652	31	36
888	651	33	36
889	646	33	41
889	646	32	42
894	643	26	46
895	642	22	46
894	644	29	43
893	643	30	41
891	640	33	41
891	640	30	41
891	637	30	40
890	635	33	44
890	638	32	38
889	637	36	37
889	639	39	35
892	638	36	38
892	637	38	44
891	636	37	43
894	639	34	35
889	639	40	36
891	637	38	39
893	639	36	42
895	639	34	36
895	637	36	40
895	641	33	46
896	641	31	40
895	643	40	40
896	650	34	38
898	650	35	39
899	650	30	39
898	653	29	37
898	656	33	36
898	655	31	37
898	653	36	41
899	656	31	38
901	652	33	42
899	653	41	43
899	653	38	46
898	655	35	45
900	650	37	48
902	654	41	44
904	651	32	48
906	652	34	46
902	647	38	55
902	651	40	46
903	651	37	47
904	653	38	44
908	652	33	45
912	651	26	41
905	649	31	47
908	652	31	43
905	651	31	41
905	651	32	42
904	649	33	41
907	649	29	42
906	650	33	41
905	650	30	41
910	651	26	39
908	652	26	38
910	648	27	40
910	642	30	46
910	645	28	44
910	644	30	43
909	642	31	45
909	639	31	47
909	638	29	48
908	641	31	43
909	643	27	39
909	640	30	39
913	644	24	37
913	638	27	38
912	636	31	43
911	638	29	40
911	633	33	42
912	632	32	43
914	630	28	44
910	630	32	45
910	629	33	44
911	627	32	45
913	624	31	46
914	621	30	50
915	619	32	50
914	618	33	48
915	622	32	44
918	622	29	43
917	620	31	45
918	620	32	45
917	616	35	47
918	617	37	44
918	614	32	44
917	611	29	42
915	608	31	44
916	605	35	43
916	599	31	45
916	600	32	49
916	600	34	46
920	598	31	47
919	596	31	50
919	596	32	47
918	593	30	50
922	595	26	47
918	595	31	46
917	594	31	48
918	596	35	46
919	594	32	47
919	594	33	50
922	593	30	49
919	596	32	46
925	598	28	45
922	593	35	46
922	592	30	48
921	596	32	46
923	591	32	51
923	590	31	51
925	589	30	53
924	593	33	47
924	593	34	48
926	592	32	49
927	589	31	53
927	587	32	55
928	592	34	50
928	591	34	50
929	592	32	49
928	589	34	50
928	590	34	50
927	590	37	48
928	589	34	48
927	591	35	46
929	591	34	46
931	588	33	48
929	589	35	47
931	588	34	48
931	587	34	47
931	587	35	47
933	589	33	45
932	587	33	47
932	585	35	49
934	584	33	48
935	585	33	48
933	583	36	50
935	586	34	45
936	586	33	45
934	582	37	48
935	584	38	46
936	581	36	50
935	579	37	52
936	582	37	49
937	580	36	48
937	578	37	49
937	576	36	50
938	573	37	53
939	573	34	50
939	573	36	48
940	572	34	50
940	573	36	48
941	570	34	52
942	570	33	53
942	569	34	53
941	569	35	52
943	570	34	52
942	568	35	53
941	565	37	55
943	565	36	56
945	568	34	54
945	565	35	57
945	565	36	56
948	563	33	58
946	565	37	57
947	569	36	54
946	570	37	53
947	569	37	54
950	570	34	54
949	571	37	55
951	574	36	52
951	572	35	56
950	574	39	55
953	575	36	55
951	573	38	58
953	575	38	58
954	577	39	59
954	578	40	57
955	577	39	58
957	576	37	62
956	573	38	67
959	576	36	65
958	579	37	63
960	579	37	63
961	577	37	68
962	579	37	67
961	581	38	65
962	583	39	67
961	586	41	63
964	585	37	67
967	584	34	69
963	586	39	68
961	587	41	68
962	588	40	66
960	587	43	71
962	588	42	70
963	592	38	70
961	593	39	69
962	591	40	70
961	594	39	70
962	593	39	73
959	594	42	73
960	595	39	72
957	597	42	72
957	599	41	72
957	601	39	70
956	601	41	72
952	603	45	72
950	603	45	73
948	603	46	75
946	606	43	71
943	607	48	73
940	609	49	72
940	607	45	75
938	604	46	81
938	606	44	78
932	606	49	80
933	608	46	80
930	611	49	76
931	611	46	81
932	613	45	81
929	611	48	85
927	614	48	83
928	616	47	83
928	615	49	86
928	618	47	82
930	621	45	82
926	622	48	82
928	623	47	87
926	625	50	86
928	624	46	90
927	624	49	94
925	631	50	85
926	632	51	86
923	634	51	84
920	632	56	91
925	631	51	95
926	635	49	93
923	635	53	95
923	637	51	91
925	639	48	95
924	641	50	95
922	642	51	95
921	646	53	94
923	646	51	89
923	647	52	81
921	648	52	86
918	648	58	90
922	647	53	102
923	647	51	104
917	648	58	104
919	648	57	108
918	651	57	109
919	653	57	107
917	661	59	100
917	663	58	97
916	663	60	98
917	661	59	104
918	658	58	109
920	662	56	105
922	658	56	110
923	657	56	113
919	660	61	111
915	668	64	102
916	665	62	110
918	661	60	115
916	662	63	115
919	663	61	114
920	668	59	112
921	669	57	114
920	665	60	120
920	668	59	117
920	667	62	119
921	669	61	116
918	671	66	117
921	677	62	110
924	671	59	119
923	671	62	119
925	672	60	120
925	676	60	115
926	674	58	120
926	677	59	117
925	683	63	113
925	681	61	115
928	684	56	112
928	685	61	111
928	685	60	116
927	686	58	117
927	683	61	120
929	683	61	120
932	684	56	122
933	689	58	118
930	690	62	119
930	688	63	118
932	687	62	125
928	690	67	119
933	688	64	121
935	690	60	120
933	694	63	120
936	689	60	120
931	695	66	118
934	694	65	118
938	691	61	118
940	694	59	117
938	685	64	98
943	689	56	91
941	687	61	82
947	689	55	74
944	691	57	64
948	690	55	59
948	691	55	59
952	688	51	66
952	685	51	63
952	683	55	69
954	681	52	68
953	680	55	61
955	680	50	69
957	677	50	72
955	677	54	73
959	669	46	84
961	666	47	75
961	667	47	79
963	658	46	81
963	657	50	82
962	654	53	70
962	653	52	62
967	652	43	53
963	654	50	53
963	650	47	59
966	649	46	64
968	649	52	64
969	644	44	53
968	646	48	52
967	648	46	46
974	641	41	49
975	648	36	43
973	646	40	42
971	643	41	47
976	640	49	56
977	639	50	61
977	633	53	60
977	636	51	56
983	638	43	51
982	638	44	49
981	636	45	48
978	633	52	50
983	631	47	54
981	629	56	62
986	627	55	57
987	626	52	62
988	626	53	60
993	624	47	66
990	621	53	68
993	619	52	66
994	619	53	57
994	618	53	67
997	615	51	76
987	612	60	71
995	611	60	71
992	609	57	63
994	608	59	60
999	606	54	58
997	603	58	64
1004	605	47	61
1004	602	48	58
1004	599	49	60
1005	596	52	60
1003	596	53	58
1007	591	48	54
1008	589	51	63
1010	583	52	58
1013	587	44	56
1016	587	45	52
1013	585	49	54
1013	582	54	56
1017	584	52	51
1015	580	51	48
1014	581	52	48
1019	576	45	53
1019	574	52	50
1024	573	43	52
1023	569	49	52
1016	563	52	60
1021	562	49	54
1023	562	49	54
1025	558	47	58
1026	549	48	54
1026	555	50	52
1025	539	47	57
1028	547	49	52
1027	547	49	47
1025	547	55	47
1029	541	51	53
1031	535	53	55
1030	530	54	58
1029	522	56	65
1031	517	55	72
1032	516	54	65
1032	519	55	61
1031	514	68	67
1028	509	67	62
1032	513	68	58
1030	507	65	64
1033	502	67	65
1035	494	60	69
1035	494	64	71
1039	504	62	70
1036	498	68	73
1035	495	73	85
1034	484	74	84
1035	483	75	90
1041	496	62	88
1042	496	68	76
1041	493	67	85
1041	489	63	85
1041	484	66	90
1043	484	61	90
1044	493	72	76
1042	494	77	80
1044	492	75	90
1043	492	72	89
1042	494	79	88
1045	495	66	82
1044	497	66	68
1042	500	64	67
1041	500	65	75
1040	498	66	73
1034	504	71	69
1032	509	72	62
1031	505	70	62
1033	507	67	64
1033	506	66	69
1027	505	72	78
1023	502	73	81
1021	499	76	87
1021	503	74	85
1016	500	78	90
1011	505	72	85
1011	505	77	87
1006	506	75	79
1006	508	73	73
1003	508	73	76
1000	511	72	79
999	513	63	76
994	515	70	77
990	518	76	75
982	519	91	75
981	516	85	82
977	511	84	88
973	506	82	97
966	511	82	89
969	508	77	94
963	519	86	84
952	515	84	82
954	515	79	86
957	519	78	88
951	517	83	87
949	512	78	101
953	515	76	98
952	514	85	103
952	516	85	102
953	516	95	107
954	521	79	98
958	525	74	100
954	528	89	98
953	532	98	96
954	538	100	92
951	536	100	87
951	540	105	89
951	538	85	97
952	536	84	96
951	541	82	96
953	540	91	98
952	544	90	95
953	544	85	97
953	546	94	94
955	542	72	103
952	540	78	102
950	541	86	105
949	541	91	105
948	537	93	107
947	539	98	110
942	527	123	117
949	531	98	117
956	536	83	109
954	541	85	107
954	538	83	114
950	542	92	109
949	540	87	109
949	541	85	116
950	539	84	118
949	544	93	110
953	538	90	117
974	538	67	119
954	542	80	111
949	542	81	110
955	545	84	109
951	540	91	112
956	534	87	118
951	541	87	113
950	543	86	103
946	549	93	100
947	542	96	106
946	537	90	108
947	533	94	116
955	525	87	125
953	524	85	124
956	523	80	125
948	523	85	123
949	526	84	123
949	529	97	115
949	526	91	114
948	520	96	121
946	520	90	122
952	522	90	123
946	515	99	121
946	514	93	127
952	511	84	125
954	501	83	133
971	499	67	135
968	497	66	140
970	498	66	134
956	498	86	136
974	482	73	150
947	491	98	132
961	486	79	142
975	472	67	158
974	475	67	156
971	469	73	158
981	464	62	160
975	453	69	166
971	458	73	162
966	466	82	153
961	456	89	159
969	441	85	173
967	436	83	178
973	429	68	187
973	427	69	191
965	432	82	179
961	439	91	168
974	430	74	183
972	437	78	179
963	439	91	178
963	449	93	166
968	443	81	176
963	441	91	181
967	436	89	188
971	438	86	187
985	428	71	199
972	440	87	189
974	443	86	188
984	429	72	207
975	431	84	209
990	432	65	204
987	432	71	212
993	433	67	212
976	435	89	211
985	438	76	214
978	437	85	216
991	428	70	229
989	432	73	226
994	434	71	230
988	442	78	220
1000	440	62	229
1000	444	67	223
999	444	64	228
1002	447	61	229
1008	443	52	236
996	452	68	232
994	450	76	229
1003	448	67	235
1008	446	64	240
1006	449	62	240
1011	446	56	245
1016	447	53	246
1009	452	64	246
1008	445	69	255
1002	454	80	249
1002	455	85	246
1007	453	84	250
1014	447	71	261
1017	453	74	252
1006	461	93	248
1021	447	74	264
1026	455	65	259
1029	456	62	263
1022	459	73	263
1013	469	89	249
1009	469	96	244
1003	494	107	221
1008	496	109	216
1021	489	91	223
1024	496	93	214
1023	510	98	193
1015	532	115	171
1020	546	110	159
1021	535	110	166
1027	550	104	154
1025	531	120	149
1029	549	107	144
1033	550	112	153
1038	534	109	157
1043	550	101	153
1059	522	124	148
1053	527	128	169
1056	537	147	177
1058	527	155	181
1070	515	126	190
1067	535	117	172
1067	537	124	169
1072	532	121	176
1078	520	125	187
1086	523	106	175
1088	511	126	182
1091	509	132	171
1097	507	128	175
1100	515	117	170
1101	511	129	163
1112	513	101	152
1111	510	105	164
1120	506	88	179
1123	512	85	183
1124	520	90	175
1129	520	91	169
1130	514	94	166
1135	508	94	160
1132	513	108	150
1143	515	97	145
1142	525	100	126
1145	528	99	99
1148	534	94	95
1154	535	98	84
1160	531	88	84
1162	529	88	88
1165	528	84	90
1167	528	90	93
1171	520	99	98
1184	520	88	91
1179	522	90	92
1183	524	88	88
1187	522	88	88
