857	402	792	421
875	396	778	449
854	405	774	470
860	400	778	469
857	427	745	435
864	438	735	441
835	455	749	444
844	473	734	415
848	480	719	395
850	470	707	436
845	480	684	422
827	511	707	401
845	508	663	424
826	512	665	424
836	532	641	414
833	534	653	431
795	571	673	380
823	578	624	389
828	582	602	400
834	581	595	404
801	565	630	430
808	590	609	410
808	611	596	379
810	607	590	390
805	620	593	390
796	628	590	381
792	630	589	394
790	639	581	389
778	672	603	352
794	649	568	386
777	638	568	402
790	663	553	379
780	653	577	383
781	659	542	392
783	671	555	369
772	667	553	383
771	671	541	374
765	687	554	363
765	691	548	352
767	676	552	368
782	666	515	388
771	675	496	364
775	677	504	353
768	680	488	350
761	685	507	355
770	673	481	362
766	658	500	382
769	676	435	356
759	677	469	335
757	664	480	346
759	677	480	332
746	654	489	365
757	665	465	352
752	678	461	332
748	666	454	336
746	666	459	342
736	658	452	342
728	677	454	321
701	658	460	342
694	661	421	323
667	658	423	320
637	660	415	325
604	665	439	322
576	656	436	325
539	642	437	351
531	671	425	319
497	660	435	322
493	659	428	322
462	658	437	326
457	668	437	305
455	663	431	311
435	657	447	315
435	658	417	315
427	657	433	313
429	662	419	310
418	652	430	327
416	663	409	306
418	659	410	297
415	656	403	302
410	648	408	309
409	645	387	311
403	641	402	311
395	632	400	312
394	640	384	304
393	645	382	293
386	649	374	281
380	647	384	291
373	636	380	294
368	633	377	292
367	629	392	296
377	639	368	279
392	637	365	272
416	624	358	279
429	600	367	292
455	596	368	291
490	601	352	272
517	607	354	243
561	595	355	252
600	586	320	267
640	579	304	260
658	591	313	246
685	586	303	240
711	578	297	243
750	562	273	257
741	565	299	245
734	570	297	241
736	564	311	246
745	565	297	249
750	566	290	240
746	570	298	235
748	563	274	237
742	565	274	225
738	571	267	222
753	566	276	226
744	566	277	226
735	558	276	234
740	559	266	230
735	559	273	222
735	560	265	221
745	556	251	224
731	555	267	225
741	557	250	218
739	551	256	222
729	553	262	219
740	554	242	218
732	549	241	213
718	552	259	211
713	560	259	209
732	557	242	214
730	557	238	205
728	559	227	205
720	559	239	203
735	562	230	198
723	568	236	186
721	564	242	199
720	569	226	194
724	572	234	193
727	574	231	189
726	562	241	208
736	569	221	201
732	573	226	201
727	578	224	196
734	578	216	194
731	574	214	200
736	574	206	206
724	580	219	192
718	583	235	192
727	587	216	181
724	583	212	184
727	582	218	202
720	580	216	203
727	576	212	207
728	582	206	195
724	587	207	199
733	586	189	189
727	592	203	191
734	596	196	185
734	595	195	185
730	598	193	190
719	600	204	183
724	597	194	184
724	597	190	181
724	600	202	195
713	605	207	191
728	594	182	188
718	597	213	201
716	601	201	186
722	600	196	190
724	607	193	185
723	598	185	187
722	602	188	184
711	598	198	191
704	601	206	183
710	599	192	181
712	597	189	175
716	599	190	178
717	599	182	179
725	590	179	186
712	594	191	177
705	597	195	172
701	596	203	173
712	591	189	178
727	585	164	178
723	588	172	178
713	587	181	181
715	579	178	182
718	582	170	174
712	591	184	173
700	584	191	174
698	586	195	172
705	589	193	171
718	574	172	181
719	580	168	169
720	576	169	171
716	570	171	178
713	576	171	166
712	574	176	170
709	574	177	176
716	578	165	167
712	579	169	158
712	575	161	161
706	576	164	168
704	576	172	169
709	575	166	168
704	571	164	165
710	576	155	154
710	572	162	163
700	567	171	168
702	575	169	160
700	572	166	166
688	578	174	150
694	570	179	155
691	574	175	155
692	572	169	158
700	565	166	168
693	568	168	162
691	567	170	155
687	570	170	159
695	567	159	153
697	568	163	154
695	566	163	163
696	565	159	156
694	566	158	158
700	567	149	148
697	564	152	149
690	562	158	156
681	566	164	154
688	565	157	149
690	564	157	159
684	562	158	158
678	566	159	155
685	560	157	160
685	561	157	163
673	561	169	157
677	567	160	155
681	565	158	155
677	560	165	160
685	564	155	156
689	561	161	184
682	559	168	171
685	564	161	170
689	559	160	166
692	565	156	157
693	562	160	158
692	565	159	157
688	567	162	153
693	566	160	151
686	565	166	157
688	569	160	166
690	561	161	167
691	568	160	154
691	570	155	154
693	564	154	155
691	569	159	154
688	567	162	158
689	565	154	167
676	566	169	159
675	567	166	164
673	568	165	162
676	571	161	158
672	569	165	156
669	566	165	162
661	564	174	172
653	569	178	163
667	567	165	164
678	575	152	157
681	567	146	167
674	570	158	178
663	571	168	171
653	580	171	151
658	576	166	150
653	577	174	156
651	577	174	157
655	578	167	149
659	576	156	147
658	571	167	149
648	573	174	166
656	567	162	166
646	563	173	163
651	569	165	156
649	559	163	163
647	562	168	155
638	559	177	160
629	559	181	157
642	558	174	163
632	556	182	160
638	558	176	153
633	554	180	153
636	556	178	153
642	559	173	147
639	556	178	146
641	556	179	147
644	550	176	156
651	553	165	154
651	554	169	147
649	552	174	144
647	550	173	150
639	551	185	152
654	549	173	146
656	549	170	152
645	549	180	150
642	548	192	152
660	548	174	150
663	548	172	145
671	550	158	149
662	548	169	144
662	550	178	149
668	550	170	140
659	550	181	143
653	556	191	142
674	554	170	141
660	559	184	139
678	563	170	138
683	563	164	141
683	565	162	137
687	567	168	142
685	570	165	139
689	574	155	136
691	573	162	140
695	573	153	146
687	573	163	144
689	576	164	140
692	576	156	144
692	576	157	145
688	580	158	141
692	584	152	132
685	579	160	140
688	579	158	141
685	582	155	138
681	585	162	139
677	586	165	136
676	589	163	134
680	587	163	133
683	588	154	134
685	589	151	133
678	591	159	128
684	592	156	131
669	596	167	133
658	594	179	135
653	589	183	143
648	594	191	135
661	594	176	137
657	592	183	139
674	597	162	134
679	600	153	130
683	601	149	127
675	607	161	120
677	608	153	124
674	604	163	132
676	608	161	127
674	606	160	126
681	608	149	129
678	608	156	128
672	608	162	131
655	612	180	127
661	612	173	129
669	615	165	126
655	615	174	130
671	617	161	128
671	617	165	128
675	616	153	127
685	621	142	121
675	622	155	123
674	620	154	123
678	621	149	125
678	627	151	118
676	632	154	110
666	631	166	109
653	634	177	112
663	631	163	121
675	627	153	123
671	638	152	114
664	635	163	114
659	635	166	119
657	637	169	122
659	642	165	115
662	639	162	118
667	639	161	120
650	646	174	113
646	644	176	121
659	641	162	127
658	641	158	129
657	643	158	125
651	647	165	119
645	651	174	118
647	655	179	112
636	660	181	109
633	656	183	117
617	650	197	131
627	653	183	125
651	652	161	123
656	656	148	129
643	660	169	122
641	661	167	123
635	657	173	131
650	660	157	128
654	661	148	127
644	667	154	119
646	668	159	123
638	669	159	119
631	670	172	127
633	670	164	125
642	669	155	123
649	671	144	127
643	673	154	123
624	674	166	125
610	684	177	115
608	679	185	117
587	678	200	129
591	677	203	135
581	677	206	141
625	676	163	144
617	691	171	124
622	692	170	119
620	687	168	130
613	687	167	128
628	693	157	120
634	691	157	130
615	693	168	131
596	687	188	139
584	690	205	142
595	693	191	138
581	693	213	136
590	700	204	130
585	701	213	135
574	703	226	134
619	698	196	139
601	712	198	123
622	710	179	129
619	713	180	129
642	710	168	135
625	719	178	128
625	721	184	132
604	731	212	116
650	733	168	115
637	717	184	136
643	722	181	128
636	727	194	130
640	729	188	137
640	728	202	135
644	734	184	126
651	730	173	134
651	740	172	133
645	735	179	136
647	735	176	140
649	738	182	138
653	737	185	139
664	737	172	145
675	735	176	150
670	749	186	142
687	756	165	134
669	752	160	137
673	764	142	127
673	760	127	132
710	760	99	136
712	778	93	122
715	774	109	126
730	760	92	144
732	781	75	133
758	761	75	145
779	779	75	126
740	775	86	131
744	765	79	136
749	777	76	137
754	769	80	141
755	773	80	138
761	768	83	140
760	775	84	142
760	775	84	142
758	782	88	153
768	785	79	138
760	788	93	143
775	792	83	151
772	799	96	137
771	804	98	140
781	798	98	142
773	796	111	155
803	798	127	151
806	800	112	144
760	816	132	135
802	805	127	149
805	804	117	148
785	815	136	147
765	812	159	151
753	813	176	150
752	819	179	151
741	822	192	155
760	827	188	148
744	828	201	162
745	823	208	171
733	821	222	168
782	824	202	164
773	832	190	161
767	832	188	161
777	837	177	162
764	835	191	162
738	838	222	160
732	846	232	154
777	833	186	168
756	833	207	175
740	846	219	160
723	857	241	147
762	862	199	147
740	872	220	136
800	854	165	157
820	846	143	169
822	847	131	169
826	855	134	166
831	858	125	168
834	860	129	162
825	876	136	153
830	870	135	161
797	866	161	165
818	872	149	162
827	868	138	166
821	871	139	166
829	874	140	162
802	891	157	149
817	886	146	160
824	896	140	154
818	882	145	162
827	887	141	158
814	901	147	153
820	895	149	157
816	918	153	134
810	907	159	151
812	926	153	133
808	921	159	138
816	941	148	122
796	938	162	129
812	968	146	100
827	969	130	99
824	978	136	94
821	980	141	92
821	989	141	83
814	993	147	78
822	995	140	75
816	970	151	100
819	979	145	95
820	999	143	75
819	997	149	75
806	994	159	78
816	987	155	88
818	994	149	79
811	997	153	78
817	1000	150	73
817	997	150	76
822	999	145	73
814	992	161	81
813	994	154	81
800	989	166	83
794	984	178	90
817	997	152	77
816	980	159	92
811	984	158	90
809	996	161	75
817	991	160	82
816	988	157	82
814	978	155	92
803	985	165	84
793	971	182	100
798	984	173	87
794	967	189	101
780	973	187	94
815	977	181	91
813	988	159	76
814	975	161	92
808	978	159	89
825	978	149	75
814	967	156	97
819	967	156	92
819	964	155	94
818	962	153	97
821	965	149	90
822	968	146	80
824	958	151	87
817	960	155	83
829	960	152	79
830	961	142	72
834	958	143	76
828	958	143	77
829	953	151	78
832	954	144	76
831	948	145	78
831	949	148	72
835	943	138	82
836	935	138	85
836	933	138	79
835	924	140	87
832	918	145	93
829	917	146	89
830	914	148	89
831	923	144	77
836	920	138	79
832	915	139	85
831	913	147	85
825	920	150	63
833	911	151	71
838	905	137	75
838	888	137	94
825	895	150	91
821	895	155	86
829	900	147	76
826	889	154	82
829	889	152	81
825	878	151	89
833	872	143	96
837	868	147	99
834	870	147	94
837	871	140	87
837	864	138	94
838	865	133	83
837	867	144	78
830	852	148	91
837	860	142	79
821	852	160	79
838	854	137	83
834	843	145	89
845	853	131	83
847	852	134	75
840	846	140	80
833	841	155	84
823	838	157	89
839	846	134	84
843	840	138	86
843	839	137	82
841	835	139	87
839	841	138	79
837	838	140	82
841	823	135	98
842	823	137	95
834	829	144	93
838	838	136	87
838	833	137	85
842	838	128	79
834	831	137	81
837	827	141	92
835	825	139	86
835	825	139	86
839	826	134	86
839	826	133	80
842	825	130	75
838	823	133	79
834	822	137	74
835	822	140	74
836	817	135	80
838	818	135	75
841	815	129	78
839	815	130	82
834	799	138	92
839	817	130	80
841	816	128	76
839	816	131	71
833	816	137	68
834	809	137	74
824	807	143	76
831	802	138	80
835	807	129	83
840	807	123	69
838	799	128	85
831	805	133	72
837	804	126	76
831	805	137	78
835	795	130	78
838	786	130	91
834	769	138	107
835	766	139	111
835	762	138	116
834	765	127	111
836	763	129	113
836	761	130	110
831	768	138	103
832	775	138	95
831	780	135	91
830	775	137	93
828	762	152	100
832	766	129	101
831	764	133	102
833	762	136	104
833	749	127	118
827	752	126	118
831	752	124	108
833	746	127	116
831	750	122	114
833	752	123	110
833	752	124	105
828	749	129	108
837	747	121	109
830	747	124	110
832	753	126	107
826	760	126	96
831	760	120	94
830	770	123	81
831	779	120	69
834	781	112	66
828	779	117	66
833	778	117	66
825	777	123	73
830	779	119	68
829	776	119	69
830	773	120	76
825	768	124	78
820	766	128	79
822	765	126	82
827	775	121	71
826	773	117	72
829	770	114	77
821	771	125	73
824	760	124	85
820	763	128	82
814	748	135	95
803	747	145	97
809	744	142	98
820	743	128	98
808	739	140	103
818	739	133	100
817	737	136	103
817	742	135	103
824	747	125	94
815	745	132	95
810	757	131	80
818	755	132	78
823	750	125	81
819	742	127	86
825	754	119	77
820	739	132	86
814	734	135	94
815	736	127	90
824	730	126	93
816	724	131	104
819	728	124	99
823	736	114	86
817	732	121	84
818	739	119	77
824	752	107	64
822	745	110	71
817	731	118	86
814	717	125	103
821	715	118	104
813	716	123	103
816	715	119	98
818	716	117	98
813	721	117	92
816	719	114	97
809	727	125	87
805	723	126	91
800	731	128	80
801	725	128	84
803	723	126	88
806	721	127	86
817	722	109	91
813	714	116	92
813	713	116	96
807	713	127	97
813	715	116	92
807	714	128	90
799	722	136	81
810	723	114	84
806	708	126	97
799	708	130	101
798	717	129	93
803	718	122	87
809	710	115	98
809	711	116	92
811	714	116	89
812	710	112	96
810	703	118	104
809	712	118	92
804	709	120	95
804	710	120	91
802	709	119	91
804	709	118	91
805	710	115	95
806	710	115	95
808	711	108	94
810	713	113	90
797	701	126	103
797	702	119	104
792	701	123	107
795	703	120	101
792	702	125	102
780	703	135	98
780	702	141	101
780	709	143	89
771	703	154	102
775	705	143	93
787	699	129	106
792	703	128	95
794	706	131	92
794	707	130	90
801	706	126	91
797	703	129	93
804	703	119	93
806	703	123	93
817	708	115	93
814	710	117	88
818	708	115	90
817	707	117	94
816	706	118	98
813	708	120	94
813	707	119	99
818	705	119	101
819	705	119	99
816	705	120	96
815	714	124	89
812	714	122	84
816	717	120	83
813	706	122	100
816	709	122	92
815	702	119	112
819	709	110	99
818	710	117	95
809	711	127	93
803	706	129	104
803	709	136	98
818	706	125	101
819	707	130	98
817	710	131	94
832	714	124	91
824	717	134	86
834	715	128	94
831	715	132	91
830	720	135	89
849	715	120	94
854	713	115	95
852	730	117	79
848	723	120	88
839	717	127	93
833	711	133	104
848	721	121	88
852	727	119	82
849	721	124	91
855	730	117	79
860	737	111	75
857	740	114	71
853	743	117	70
853	732	114	78
849	717	117	92
854	714	119	93
851	721	124	90
852	715	120	99
857	711	112	104
854	715	110	101
845	719	118	95
852	714	118	101
856	725	112	91
850	719	121	99
853	717	114	100
855	717	117	97
852	711	117	104
851	720	122	95
849	714	123	105
850	717	125	103
851	714	123	101
849	720	128	98
849	716	130	96
841	722	131	97
845	717	124	104
848	711	122	113
846	724	125	102
845	730	125	89
845	727	126	95
852	722	118	97
849	721	123	101
845	731	130	90
848	734	126	86
845	728	129	91
848	746	122	75
851	736	119	81
846	728	129	91
845	720	126	105
848	728	122	95
839	730	132	94
843	723	131	104
847	719	124	107
847	718	124	103
847	717	121	108
848	722	125	98
847	718	123	105
849	717	122	109
847	718	129	105
843	719	130	102
846	718	126	109
840	719	131	106
846	721	125	105
844	722	129	106
848	722	124	109
844	723	128	100
846	722	124	107
845	721	127	113
847	722	126	111
848	722	126	107
845	723	131	108
845	721	129	116
845	724	129	107
848	723	125	113
843	722	128	115
847	728	123	107
849	728	124	109
846	725	130	112
846	725	129	117
849	731	128	110
850	731	127	114
844	732	133	113
844	729	135	119
849	733	137	115
842	734	137	115
847	740	135	112
848	743	136	115
847	743	133	117
848	742	134	118
848	741	131	125
845	740	139	124
849	751	136	116
848	747	124	120
848	754	127	122
851	750	128	125
847	754	137	120
849	756	137	122
851	757	134	120
853	752	135	125
851	765	131	124
853	767	130	116
854	762	127	122
854	757	134	129
855	759	136	124
855	766	147	121
858	763	145	130
858	767	129	120
860	770	132	120
863	773	126	114
857	771	145	117
858	766	135	127
863	766	126	125
865	764	129	129
860	770	117	125
864	767	121	124
865	771	126	121
867	772	124	118
867	770	125	125
863	773	137	123
864	769	138	125
864	774	109	121
870	771	107	122
868	767	112	131
864	767	110	130
863	769	111	124
865	769	127	129
866	769	133	130
871	769	135	126
871	771	104	127
867	771	111	123
873	767	113	129
869	768	113	127
864	768	115	120
872	771	107	118
873	763	112	129
869	767	116	124
871	766	117	127
874	766	112	128
879	768	110	127
877	766	110	125
874	765	119	128
876	768	113	125
875	769	117	124
875	767	117	126
877	770	117	123
881	767	116	125
884	766	109	125
882	766	112	126
885	766	111	129
886	766	110	127
882	766	117	128
886	765	113	134
886	765	116	135
887	766	116	137
885	769	117	129
886	768	117	136
891	766	113	136
891	767	117	139
891	768	116	137
896	768	114	143
893	763	118	140
896	768	114	137
895	767	114	141
897	765	116	140
898	765	113	137
900	768	113	135
901	770	115	137
898	765	120	145
905	764	112	144
904	765	113	140
906	763	113	145
905	769	118	144
902	767	117	143
906	769	117	142
911	768	113	146
912	769	113	141
913	769	114	142
916	763	111	150
916	763	111	147
914	770	114	143
912	770	115	142
914	770	116	143
917	772	115	140
923	767	110	148
920	768	113	144
922	766	112	147
922	770	112	145
929	772	102	141
929	771	105	141
928	768	107	147
922	771	113	145
928	773	112	143
924	767	114	151
922	774	117	144
928	775	111	143
926	776	113	144
925	777	116	141
928	779	116	140
932	776	110	145
929	775	114	147
937	774	107	148
935	777	107	147
933	776	112	147
935	775	112	147
931	776	119	147
928	778	126	145
933	778	114	146
935	779	117	146
929	786	120	140
936	784	114	142
938	782	115	142
939	785	112	142
935	785	117	144
942	784	111	142
941	782	116	151
942	784	112	145
940	788	116	143
937	792	119	139
936	789	122	144
940	789	121	144
944	787	116	146
934	791	132	143
940	792	124	138
956	792	109	142
954	790	111	143
955	792	111	143
960	796	105	139
958	794	108	142
957	793	110	142
956	800	111	137
953	797	115	140
952	797	114	140
950	798	120	137
957	800	114	137
953	806	119	128
958	798	111	137
953	798	123	140
964	803	110	135
967	805	107	135
961	805	114	132
967	803	112	139
967	802	112	138
967	805	113	136
974	802	106	140
975	803	107	140
969	807	112	134
970	809	114	138
972	802	111	142
971	802	113	142
970	804	115	142
977	809	106	136
974	808	111	138
976	807	110	140
971	809	115	143
977	810	111	138
971	813	118	137
975	809	117	137
975	813	116	135
984	814	110	133
983	815	110	135
982	810	111	136
975	816	121	133
977	814	122	133
976	813	126	135
977	815	126	129
982	818	123	128
980	815	127	132
979	820	128	125
976	815	134	131
980	815	135	128
984	823	126	121
984	820	129	124
984	818	130	128
980	813	133	131
985	820	133	124
980	821	141	123
992	836	125	105
992	835	131	107
991	827	132	116
988	828	141	115
990	831	135	111
982	837	143	106
990	841	140	100
999	851	133	85
996	850	136	85
997	854	136	85
999	856	130	77
1002	856	130	77
998	855	132	75
995	849	132	83
997	846	137	87
1002	846	132	87
1000	846	134	87
1004	857	129	73
1002	848	135	82
1011	849	125	78
1000	850	138	80
999	842	137	88
1010	841	124	90
1009	846	130	83
1014	850	126	77
1013	850	124	78
1007	842	134	91
1012	837	124	87
1004	832	133	92
1004	838	138	83
1002	830	149	94
1004	832	143	90
1006	834	142	87
999	836	145	84
1003	830	151	89
1007	834	142	86
1006	835	138	85
1009	828	152	90
1007	817	149	102
1000	835	149	85
1005	829	149	92
1002	820	154	99
1013	837	146	83
1001	832	157	90
1004	832	145	87
998	835	152	80
1007	835	147	82
999	839	162	75
1000	836	155	80
1002	826	155	98
1006	827	145	97
1008	823	154	105
1003	807	152	118
1009	828	147	102
1008	827	149	98
1007	830	152	94
1018	838	145	87
1010	832	155	97
1008	820	151	109
1013	833	146	96
1008	839	151	88
1004	838	154	87
1024	835	138	98
1021	826	144	109
1013	820	147	113
1008	804	154	130
1002	807	159	127
985	805	174	133
958	799	204	136
986	797	177	136
989	803	170	128
985	808	180	123
976	798	193	139
960	805	200	129
986	807	177	123
975	807	188	132
962	809	199	132
1002	805	162	130
982	807	172	129
977	807	183	128
965	806	194	123
992	802	171	133
989	811	172	118
967	803	184	128
979	799	173	136
984	801	162	133
997	797	162	136
1002	803	156	133
995	803	169	132
983	802	174	129
964	797	187	139
965	800	171	134
956	803	189	132
942	797	201	138
946	793	190	136
999	803	152	131
1009	802	126	128
1011	802	129	127
1008	807	127	128
1001	799	128	132
1001	800	129	124
997	800	130	134
998	800	129	125
991	810	127	122
991	797	126	131
992	799	132	125
989	804	122	118
987	804	123	120
981	797	135	130
975	793	125	132
959	803	142	119
970	797	138	124
970	808	130	118
965	807	140	115
962	797	130	124
962	814	142	112
957	806	150	112
919	800	162	121
906	798	176	119
903	795	179	126
906	806	166	115
899	794	176	128
889	794	192	125
885	800	184	118
869	807	199	111
917	808	158	113
928	796	148	124
928	812	143	111
930	817	137	104
932	817	135	104
910	809	144	111
915	802	146	117
920	802	135	120
914	817	140	107
910	813	145	104
909	831	147	87
916	836	141	82
904	841	132	76
902	840	132	81
905	843	127	82
903	840	123	82
897	839	129	84
895	829	134	94
898	834	131	86
891	839	127	84
886	831	134	88
892	841	121	83
892	838	117	84
891	845	121	75
894	848	117	72
886	844	124	78
882	845	127	83
872	848	132	83
864	844	144	80
869	847	139	76
868	841	141	84
863	843	143	87
858	839	144	86
855	840	152	81
848	834	153	82
844	841	151	80
833	838	164	85
832	839	156	76
852	832	142	86
851	824	153	91
847	808	141	114
837	805	157	117
845	817	139	101
828	819	159	98
840	821	138	98
849	826	130	92
839	829	144	89
834	823	141	91
846	821	131	96
833	820	144	97
829	824	150	88
837	824	128	86
835	827	127	81
832	831	130	79
834	827	125	87
830	824	130	83
830	816	133	91
811	821	150	86
813	806	143	93
817	823	139	76
817	824	137	74
807	811	148	87
810	800	143	93
811	799	137	93
816	788	135	105
803	791	149	101
817	786	124	105
810	805	130	87
806	813	133	73
811	819	123	71
811	813	122	74
798	810	135	74
803	803	133	79
808	797	133	84
803	792	135	92
813	799	116	86
805	789	123	92
809	792	120	85
794	794	137	83
798	795	127	83
802	777	131	98
795	772	142	103
805	769	127	101
800	772	125	95
796	760	130	107
798	764	128	106
800	761	129	106
801	763	121	102
801	763	119	96
804	762	117	96
794	760	128	100
795	757	124	103
793	746	124	106
795	747	126	100
795	753	127	93
789	749	136	96
799	739	124	104
791	741	134	101
789	742	136	93
787	738	132	102
784	743	136	89
791	740	133	86
781	735	137	97
785	731	136	92
791	743	127	74
785	742	132	74
790	728	129	85
789	721	131	87
786	714	130	92
786	714	132	88
791	714	124	82
790	711	129	82
776	700	140	93
787	703	124	87
790	699	117	87
797	699	108	80
795	701	106	74
791	692	113	79
789	679	116	95
784	680	119	89
790	680	119	85
784	675	127	85
773	671	124	90
767	669	136	89
772	663	131	90
786	666	112	82
785	666	117	81
783	660	120	82
784	654	113	89
787	651	107	87
783	653	112	83
783	647	108	87
784	646	110	85
779	643	118	82
786	637	113	85
791	634	107	92
782	632	111	87
778	630	117	83
768	625	127	83
768	629	119	77
769	622	128	83
774	617	127	86
773	618	118	81
774	617	115	78
772	616	122	88
772	618	121	75
765	616	129	74
757	615	126	73
758	618	127	71
756	615	126	74
779	612	111	74
784	612	100	71
787	609	99	71
784	607	106	70
785	610	105	64
779	606	105	73
777	604	105	70
767	606	117	67
774	601	111	70
782	598	101	76
784	600	96	69
770	598	112	69
770	593	113	77
780	591	109	75
781	589	108	72
782	586	103	75
782	587	102	71
780	588	105	70
786	589	101	67
784	584	102	76
777	584	105	68
765	581	116	74
755	580	128	70
755	577	128	75
766	576	120	71
763	577	119	68
772	577	113	67
761	579	122	66
762	576	116	67
761	574	118	67
764	571	115	71
758	568	130	72
747	573	130	65
764	570	114	67
764	566	114	66
771	565	109	66
771	565	112	66
771	563	110	65
759	562	119	65
765	559	113	68
765	558	110	72
765	556	112	70
763	556	117	67
768	554	107	75
774	552	97	73
772	552	102	68
769	550	110	72
770	548	104	70
764	549	108	65
770	548	102	64
768	545	111	67
769	541	106	69
768	543	111	67
768	543	108	64
767	544	106	65
771	548	97	58
774	547	92	63
771	548	95	59
772	547	91	61
773	548	91	57
768	545	93	59
767	543	97	62
765	541	103	66
759	542	108	64
763	546	100	57
764	540	95	65
762	539	99	65
759	539	103	60
760	537	101	62
761	533	100	63
763	531	95	65
763	530	91	62
761	527	104	62
757	531	111	58
756	525	106	65
753	522	104	65
762	520	94	63
761	521	100	59
762	522	91	57
762	515	89	65
760	513	95	60
761	512	101	61
762	511	94	61
760	510	92	61
760	509	96	59
761	507	101	62
761	505	89	61
761	503	87	62
762	506	87	59
760	506	90	62
758	502	88	63
759	501	88	62
757	502	96	57
756	499	91	64
755	497	95	64
759	500	89	57
760	498	86	62
760	496	85	61
757	495	88	65
759	493	87	64
756	492	91	62
757	491	91	62
758	491	84	60
758	490	85	59
757	489	88	62
755	491	94	57
755	488	93	57
755	488	91	60
754	488	91	59
753	486	94	61
750	486	95	60
753	483	91	60
752	484	89	61
755	482	86	61
757	481	85	61
755	480	87	60
754	479	84	60
754	477	87	58
754	475	85	60
753	474	87	63
752	474	90	65
750	476	89	56
752	473	86	56
752	470	85	60
755	470	83	58
754	468	84	56
754	469	83	59
754	467	84	63
753	467	86	59
752	466	87	58
752	464	87	59
751	462	87	59
751	463	92	55
752	461	92	55
750	462	94	56
751	459	88	54
751	458	86	59
751	457	85	58
751	455	91	58
753	453	88	56
754	453	87	55
752	451	88	58
753	451	86	60
752	450	86	57
754	450	82	54
754	449	80	58
753	449	78	55
752	447	81	58
754	447	77	51
753	445	87	57
751	443	89	52
751	443	85	56
751	442	84	53
751	440	85	57
751	439	81	55
751	439	86	50
753	436	80	53
753	434	76	53
751	435	84	55
752	433	78	55
748	431	84	54
750	430	79	55
750	430	80	55
750	429	81	54
750	427	79	52
750	427	83	49
749	424	82	55
750	423	80	57
749	422	84	51
751	421	76	55
750	421	80	49
750	418	83	52
749	418	84	49
750	417	82	49
748	415	86	51
751	413	82	50
751	413	81	49
751	411	77	51
750	410	79	49
749	408	80	54
750	407	76	52
749	406	77	51
748	405	86	52
749	403	80	49
748	402	78	53
750	400	80	53
749	399	83	55
748	397	86	51
750	396	83	50
750	394	84	50
748	393	86	51
748	391	80	51
748	391	80	47
749	389	72	49
749	389	74	44
748	386	76	51
749	384	67	54
749	383	69	52
749	382	66	50
749	382	71	53
749	382	66	47
750	379	68	50
750	377	74	50
749	376	76	48
749	375	81	46
749	373	76	46
748	369	71	48
749	370	68	44
748	370	71	46
748	367	68	45
750	364	71	51
750	362	67	47
749	359	69	48
749	359	66	47
750	357	66	43
748	358	70	45
749	357	67	42
750	354	67	46
750	353	68	54
749	350	71	50
747	351	69	43
747	349	68	43
747	349	69	39
749	348	70	40
749	345	66	40
749	346	65	38
749	343	65	40
749	342	63	41
749	341	65	43
746	338	67	40
746	338	66	39
747	334	65	41
746	333	64	43
746	332	64	38
747	332	68	41
747	332	65	38
745	332	66	38
747	329	64	39
746	329	65	37
746	324	65	43
746	325	64	40
745	323	65	40
745	323	62	39
743	318	67	46
742	319	67	43
743	319	64	43
742	317	64	39
741	318	66	36
742	318	63	37
743	316	59	40
742	314	63	39
740	311	63	42
739	312	65	36
736	311	67	40
737	310	65	40
737	308	64	41
736	305	67	44
735	308	66	41
736	308	64	39
736	307	65	39
735	308	65	38
734	306	66	39
734	304	64	41
734	305	63	40
734	307	64	39
733	306	65	40
733	306	64	39
732	308	66	39
730	307	68	40
730	305	67	41
728	305	70	43
729	304	68	43
729	302	68	45
729	304	68	45
729	303	67	43
727	306	69	40
729	301	67	46
729	302	66	43
729	303	65	44
728	298	66	51
729	303	65	43
729	307	64	38
730	306	65	39
730	305	64	41
731	302	62	46
732	305	64	42
733	301	67	44
735	308	64	34
738	302	63	44
739	303	63	44
737	303	67	43
740	303	64	45
742	301	64	47
742	301	64	43
742	301	64	45
742	299	66	45
743	301	65	46
746	304	62	39
744	300	65	43
744	301	66	42
744	303	65	37
745	304	64	42
744	303	66	46
740	303	71	41
744	306	67	42
746	300	67	44
748	302	66	46
754	305	63	40
756	304	65	42
760	302	66	50
761	300	69	47
765	303	66	46
765	302	67	48
765	303	70	46
767	301	68	45
768	301	68	47
771	301	64	45
771	300	66	47
772	303	64	45
771	303	65	44
769	298	68	44
772	301	65	43
770	301	68	39
772	304	65	42
770	301	69	41
772	298	66	45
773	302	66	41
774	303	65	41
773	298	68	40
773	298	68	45
773	297	66	45
772	295	69	45
770	297	73	41
773	296	69	45
775	299	67	43
775	293	71	52
774	296	70	48
777	298	68	43
777	292	70	48
778	294	70	46
781	302	69	37
781	300	70	39
778	295	76	49
782	291	72	49
784	295	69	45
786	298	69	42
786	300	72	41
787	298	70	41
789	297	68	43
790	296	70	47
792	295	70	51
790	293	71	53
793	297	72	50
794	299	70	43
796	302	71	42
799	298	70	44
806	303	65	40
802	300	69	44
802	298	72	46
802	299	74	43
804	301	73	40
807	302	69	40
808	299	72	44
811	300	72	43
811	302	73	44
813	298	72	44
814	300	73	46
818	297	71	52
816	301	76	47
822	301	71	42
822	299	72	49
826	300	71	45
829	300	69	45
826	303	76	42
829	301	73	43
831	301	73	48
835	299	73	48
835	298	73	47
836	298	76	44
839	300	75	44
840	305	74	42
843	304	74	41
845	298	74	49
847	299	75	50
851	299	76	49
848	297	78	54
848	296	84	56
850	299	81	51
855	298	77	49
857	299	77	49
856	299	77	53
859	299	82	47
857	298	83	57
858	293	86	55
861	296	83	53
861	299	83	49
862	300	84	50
864	300	86	50
866	301	81	50
871	298	78	52
869	301	79	53
870	300	80	51
869	301	82	48
870	299	89	50
869	297	100	51
869	303	95	46
869	301	88	48
873	298	93	49
869	293	103	53
871	297	86	51
872	297	89	50
873	293	94	55
872	293	102	56
873	295	99	60
876	298	87	54
875	293	95	55
875	296	103	50
872	293	92	53
877	297	93	48
877	299	93	48
875	297	90	50
876	301	84	48
878	301	84	43
880	302	81	44
882	302	82	47
878	297	85	49
881	294	95	55
877	292	97	56
872	291	94	58
877	293	99	56
877	296	89	53
876	299	88	51
877	300	93	50
877	301	90	47
876	297	102	52
881	295	95	55
877	295	102	55
876	294	105	57
875	293	113	56
875	293	105	57
878	291	95	60
878	291	97	58
878	298	96	54
875	296	97	54
877	299	92	49
876	297	91	53
879	297	88	52
879	298	89	50
878	301	89	54
879	298	88	53
874	298	92	52
877	298	96	52
875	300	97	58
876	299	97	55
876	299	92	50
875	296	95	54
874	290	105	60
872	292	117	56
870	291	112	59
871	293	103	56
872	295	96	56
874	294	98	56
876	293	102	56
874	293	99	54
870	295	99	54
868	296	98	58
875	295	87	58
872	296	96	52
870	301	97	53
868	298	100	55
866	302	98	50
867	302	94	50
866	301	93	55
868	300	92	60
867	299	95	51
864	300	100	53
863	301	96	48
864	304	99	45
864	301	109	54
863	303	112	52
861	299	109	55
860	303	106	50
861	302	109	54
860	300	104	57
861	302	98	54
860	302	101	53
859	303	97	49
858	303	103	48
858	306	98	49
858	304	100	50
857	305	106	47
856	304	112	50
857	302	115	53
858	301	115	55
851	303	107	53
854	302	112	55
852	303	116	56
854	305	113	50
853	305	107	50
851	305	104	51
850	305	102	50
851	306	100	50
850	304	104	55
850	304	109	56
850	306	113	52
850	303	115	58
843	307	110	51
843	307	111	63
841	307	123	64
841	309	117	50
842	310	114	47
847	308	114	49
843	309	117	53
841	307	121	58
843	308	114	57
837	310	121	51
840	308	116	55
841	309	118	52
834	311	106	52
835	315	122	46
826	311	118	55
833	309	116	57
830	311	125	53
835	313	119	53
828	308	126	55
828	310	132	55
824	310	135	62
826	309	124	73
823	304	134	81
825	308	128	77
824	309	123	67
822	310	129	56
823	309	126	57
821	309	130	57
813	307	137	59
814	305	143	61
815	306	143	63
808	304	148	69
813	309	141	52
802	307	138	57
809	312	141	55
809	314	144	52
807	313	137	51
809	312	142	53
804	309	144	58
794	309	147	60
800	308	149	57
802	310	146	59
801	307	146	59
802	308	147	60
803	310	144	59
799	310	159	58
792	311	160	61
799	308	157	59
794	305	157	66
801	315	147	56
791	316	153	50
799	316	148	53
788	312	145	61
798	314	154	57
785	310	156	65
800	311	146	68
798	313	156	58
782	310	164	62
796	315	154	58
793	309	143	75
801	313	151	71
797	311	140	63
801	315	153	56
801	314	153	60
803	312	154	62
802	314	149	58
802	312	164	62
802	313	169	62
790	309	173	72
801	310	162	67
807	312	154	65
808	312	158	62
806	313	159	63
809	312	157	66
811	312	168	67
811	312	163	66
811	313	166	67
812	311	173	67
811	309	160	75
815	309	170	74
818	311	162	69
819	312	170	64
815	311	163	70
822	311	160	69
823	311	160	89
824	314	165	66
826	311	163	65
827	311	161	74
829	312	165	72
833	311	153	74
835	313	160	70
834	314	164	67
836	313	168	67
834	312	168	74
837	315	167	69
839	316	165	70
841	315	175	75
841	315	174	65
843	314	169	76
845	314	171	71
845	317	166	69
845	317	172	73
845	317	176	75
848	316	180	71
849	316	178	73
849	315	186	70
849	316	186	71
849	317	185	75
854	317	180	71
855	315	180	78
855	316	179	77
856	316	193	72
854	318	186	76
860	318	182	75
861	318	191	75
862	318	208	71
859	316	214	81
863	317	216	79
863	315	206	83
867	319	195	77
866	319	196	80
867	319	204	77
865	319	207	77
869	314	201	85
869	314	201	88
874	314	202	88
871	317	220	86
869	318	215	86
872	318	226	84
874	318	208	88
878	318	198	84
879	319	203	91
879	318	207	90
884	322	198	83
883	321	202	93
884	320	207	93
885	321	211	89
882	321	215	91
886	324	209	81
888	322	211	87
888	321	217	80
884	323	219	82
889	324	215	85
889	324	218	84
888	322	232	95
891	321	232	97
889	320	227	100
893	320	225	98
891	319	228	99
890	320	255	102
892	321	236	102
896	324	237	97
897	326	236	95
891	327	239	95
896	326	241	92
892	326	255	95
889	324	271	102
893	327	253	97
894	326	252	96
889	327	259	97
887	326	254	98
885	324	250	102
881	327	249	94
877	328	252	98
864	329	266	97
859	328	267	97
854	329	267	101
849	332	273	100
841	327	273	106
838	326	275	108
833	329	281	108
829	329	312	101
825	328	319	106
826	325	284	121
830	330	276	114
822	333	287	108
822	333	294	106
815	328	309	111
818	331	297	117
822	330	295	111
812	327	307	112
817	328	301	116
812	326	303	121
813	327	313	117
808	333	339	114
802	329	322	124
811	334	328	117
802	333	336	126
806	332	329	129
810	336	312	126
806	333	304	124
813	333	317	126
804	343	320	119
804	335	331	124
798	336	327	121
795	334	350	127
800	335	331	129
793	338	328	127
795	339	336	125
800	339	324	126
792	337	338	125
785	339	348	131
787	344	344	130
787	340	347	136
782	340	354	139
783	337	356	138
785	338	352	136
780	339	354	129
778	338	364	119
767	340	391	123
766	333	377	119
769	341	402	125
764	343	406	134
761	343	392	142
766	341	380	143
761	341	403	149
760	344	414	135
758	340	397	144
761	340	398	165
767	338	394	165
756	342	416	150
760	349	404	143
752	346	424	182
760	347	413	178
756	353	422	169
760	354	413	150
753	353	420	144
748	357	433	124
750	354	435	155
746	355	479	173
754	356	477	162
750	358	459	175
764	358	450	176
764	360	453	164
764	359	495	214
760	367	478	201
765	371	475	186
762	370	474	206
765	374	478	204
757	376	491	214
763	376	505	217
765	377	496	224
763	374	549	204
767	369	490	225
769	375	503	224
763	369	516	238
761	371	558	238
763	371	558	235
755	366	587	247
762	376	568	238
762	370	548	243
763	370	583	255
759	366	591	238
762	364	586	241
759	365	559	247
762	365	570	251
756	358	622	246
756	354	572	264
759	356	533	256
751	352	580	256
753	350	590	251
753	350	633	258
760	343	603	242
763	350	611	234
752	346	623	243
746	336	616	261
739	331	589	277
743	334	632	258
747	344	609	254
752	346	627	243
745	341	614	254
746	336	591	262
741	338	629	255
750	340	652	239
737	340	638	253
736	333	617	254
729	328	657	260
740	342	665	252
731	338	642	260
735	339	624	265
734	342	634	258
726	353	592	255
727	351	632	253
723	340	658	269
732	341	635	256
719	350	615	278
717	343	597	269
719	346	624	269
724	348	666	260
705	357	632	268
710	353	662	251
710	345	603	279
709	347	630	281
709	350	625	270
709	352	699	272
729	343	691	289
714	340	659	295
713	342	695	273
696	344	675	283
699	338	719	272
700	348	694	298
705	352	712	286
710	342	718	295
692	348	732	250
676	344	742	273
705	350	678	305
705	350	656	301
695	352	713	292
703	354	706	297
702	348	676	311
701	353	645	322
699	358	651	330
697	362	689	333
691	364	699	350
696	368	710	331
699	365	693	336
691	370	690	337
686	368	732	337
686	365	709	347
689	361	764	377
670	367	786	337
680	355	742	398
676	351	755	393
685	357	745	377
688	363	715	365
672	365	755	352
683	372	741	345
674	363	714	352
667	372	744	348
676	368	722	356
677	367	738	357
673	363	792	341
677	360	728	359
668	362	777	356
670	356	780	361
664	367	729	342
668	368	759	360
660	360	788	370
664	357	755	380
664	359	718	382
659	342	711	376
679	369	683	361
655	342	738	392
635	355	760	350
654	352	733	383
662	358	710	373
641	349	734	383
636	361	757	365
623	350	777	371
620	349	788	389
635	350	755	385
613	344	776	400
621	349	792	370
618	340	758	399
593	354	790	369
600	361	770	372
623	365	681	356
609	366	706	353
588	354	713	372
583	333	747	398
603	343	733	403
555	345	780	399
562	356	795	374
556	346	752	385
543	342	797	371
559	334	772	394
566	343	782	393
542	347	723	382
562	330	688	401
557	331	742	394
562	333	761	386
561	343	716	383
523	343	724	387
533	346	706	385
514	353	688	389
483	333	770	419
496	339	724	416
504	339	678	418
509	331	695	411
527	347	680	378
513	345	740	399
482	343	746	403
491	339	697	426
495	334	678	399
493	342	684	425
514	347	640	412
462	322	705	408
499	337	670	396
548	351	617	385
514	326	682	425
490	337	730	399
514	336	668	405
515	339	717	362
511	314	672	460
498	333	652	410
499	346	650	411
462	343	712	354
504	347	698	364
517	357	647	358
481	330	694	355
463	348	707	404
506	347	669	359
476	358	687	392
469	311	718	425
521	332	639	390
571	340	601	400
515	336	682	393
527	336	651	385
561	350	612	395
540	305	641	422
518	328	673	385
520	331	686	410
557	339	623	386
566	353	607	421
538	323	650	431
517	288	690	479
537	288	648	441
586	317	604	401
580	335	607	417
546	314	646	399
571	298	630	450
555	286	647	499
513	200	712	550
434	194	785	531
455	174	764	574
451	313	765	461
475	276	744	481
492	309	725	413
546	317	707	424
519	319	695	425
524	333	693	443
548	345	633	414
510	356	715	378
537	332	670	413
538	343	682	437
514	333	664	434
470	337	756	459
473	320	706	444
473	322	741	489
541	232	676	553
492	285	708	516
490	287	715	548
496	302	699	503
473	285	725	550
514	313	678	555
543	304	651	512
537	267	683	570
560	291	633	542
552	347	628	480
525	322	651	519
501	292	705	539
434	290	802	572
478	247	737	629
438	207	746	671
403	226	835	654
408	218	818	667
490	260	732	623
446	252	740	652
501	291	722	595
451	233	755	686
419	218	786	696
350	155	858	791
472	81	730	942
407	88	823	870
460	52	787	942
477	254	716	772
434	109	805	868
347	76	854	926
402	68	792	881
363	231	858	775
264	270	963	664
238	206	990	738
223	207	937	743
439	128	785	823
475	70	757	945
456	82	781	911
508	74	673	956
478	102	730	918
441	179	773	831
554	117	632	916
450	173	761	837
487	146	726	887
456	153	750	891
533	106	697	911
514	105	706	933
527	90	688	942
535	117	736	910
552	99	667	938
558	104	619	941
558	112	654	936
584	106	595	932
579	124	603	915
578	111	620	945
551	150	649	887
568	127	601	925
549	140	640	920
441	176	769	890
378	158	859	884
244	188	950	819
24	263	1141	765
288	239	982	782
76	239	1115	773
266	219	970	789
250	191	977	769
110	217	1135	792
-11	225	1266	837
-18	202	1364	829
2	237	1254	787
171	265	1176	749
-38	306	1255	683
110	243	1154	766
382	194	950	866
422	227	846	827
275	215	953	839
185	188	1057	886
121	196	1088	869
10	221	1155	844
85	227	1224	788
257	249	1089	810
43	274	1230	725
236	225	1068	829
-19	243	1234	823
2	292	1137	741
42	298	1269	739
-20	291	1247	737
-13	221	1353	839
-25	267	1237	792
-10	302	1203	741
8	292	1275	765
-58	295	1335	747
3	290	1117	775
176	287	1109	778
24	230	1218	848
-18	274	1318	817
15	336	1138	724
235	241	1069	823
52	203	1182	861
55	262	1119	811
-25	234	1178	820
85	260	1170	820
23	315	1119	741
-10	343	1231	729
-17	288	1239	771
15	321	1152	756
-20	344	1256	722
-19	316	1239	771
11	306	1191	742
-3	387	1188	696
3	336	1179	738
-23	406	1250	684
-2	394	1208	681
17	393	1180	688
16	403	1161	677
-16	424	1158	652
-1	374	1171	708
13	419	1165	670
-1	422	1128	651
0	403	1134	680
11	331	1103	753
27	352	1099	726
36	387	1084	706
14	403	1126	692
-13	380	1140	704
22	342	1125	745
26	424	1098	666
29	384	1107	707
44	389	1076	670
9	372	1128	731
1	395	1242	653
19	430	1195	620
48	456	1225	584
20	445	1246	584
22	437	1246	605
14	461	1241	592
29	497	1191	565
27	492	1236	546
7	563	1206	471
-168	318	1005	434
10	246	993	439
