1287	488	29	83
1285	489	31	74
1284	487	34	81
1283	488	36	77
1285	489	32	76
1285	493	33	73
1284	492	35	69
1285	492	32	71
1288	492	26	73
1288	491	27	69
1286	489	27	71
1286	486	31	76
1286	484	28	74
1288	489	28	68
1286	484	33	72
1288	488	27	71
1288	486	28	71
1286	489	27	72
1288	488	25	69
1286	491	28	64
1287	489	27	67
1290	489	24	66
1290	490	24	61
1288	495	24	62
1290	496	23	61
1291	491	22	68
1290	489	25	67
1289	489	25	72
1288	487	27	79
1289	488	25	77
1290	492	22	71
1288	488	25	72
1287	491	27	73
1285	494	30	67
1290	492	26	68
1292	491	23	71
1292	491	23	66
1292	494	24	64
1293	494	25	64
1293	493	26	64
1292	493	26	64
1293	495	24	61
1293	493	28	61
1293	494	24	62
1292	496	30	63
1293	496	30	65
1292	496	31	64
1294	495	25	69
1296	494	24	70
1296	493	24	71
1298	494	23	69
1299	495	22	67
1300	497	23	67
1300	496	26	68
1297	496	31	70
1300	492	27	70
1298	493	31	70
1298	493	30	70
1296	491	31	72
1297	494	28	69
1299	494	26	69
1299	496	26	66
1294	490	30	70
1292	488	26	77
1288	488	27	75
1278	493	30	73
1266	493	34	66
1260	499	26	63
1248	495	28	65
1243	494	25	67
1230	490	29	66
1218	492	33	69
1212	495	38	65
1209	490	32	69
1200	493	33	66
1201	489	34	69
1195	487	33	75
1196	493	26	70
1195	494	24	67
1196	492	22	63
1196	492	22	64
1193	493	24	66
1194	490	25	65
1193	487	27	69
1193	493	27	66
1194	493	26	65
1193	492	26	69
1195	492	22	65
1196	495	24	65
1195	493	24	65
1195	495	23	62
1196	493	22	67
1195	492	24	68
1196	492	24	68
1197	493	24	67
1198	493	22	65
1198	494	23	66
1198	491	24	70
1196	485	29	76
1197	491	28	73
1198	493	30	66
1198	490	30	73
1198	495	29	64
1198	493	29	66
1200	495	26	61
1201	494	27	63
1199	490	30	67
1200	488	30	71
1201	488	28	72
1201	487	29	74
1198	489	31	71
1198	487	30	75
1196	486	29	79
1192	487	29	72
1183	486	32	71
1179	486	27	70
1167	485	34	76
1162	487	32	73
1153	487	32	75
1143	484	33	75
1133	485	33	76
1121	489	30	70
1117	487	26	71
1106	484	30	74
1102	485	29	69
1096	483	27	73
1090	490	28	66
1088	482	27	69
1086	476	28	75
1084	478	30	74
1082	479	29	76
1083	477	26	77
1081	478	30	72
1079	481	27	71
1077	480	33	74
1079	477	27	75
1080	477	27	74
1079	479	29	73
1081	477	27	72
1080	475	28	72
1079	478	27	75
1081	478	26	75
1082	472	27	79
1083	475	24	74
1082	475	25	76
1081	476	25	70
1080	478	25	66
1080	477	26	71
1081	476	26	73
1081	478	25	69
1081	480	24	67
1081	477	27	69
1082	478	27	66
1081	478	29	66
1082	477	30	70
1082	473	28	72
1083	474	27	75
1084	469	23	81
1085	475	21	73
1083	476	23	71
1082	474	27	72
1080	476	27	68
1081	477	26	68
1075	474	27	70
1068	473	33	71
1062	476	33	71
1059	476	31	72
1052	479	32	73
1044	477	33	70
1036	477	32	65
1030	478	28	70
1022	478	31	68
1015	483	28	60
1005	478	29	68
997	478	31	69
990	478	23	63
979	477	30	66
976	479	32	65
972	476	32	70
964	480	29	68
963	476	26	74
959	472	27	77
958	475	26	73
956	476	27	74
954	477	26	78
955	479	22	80
955	479	23	78
954	481	23	78
954	481	22	80
954	480	24	75
953	481	25	76
953	481	25	78
951	481	27	74
954	481	24	73
955	480	23	78
953	480	24	75
954	481	24	73
954	478	26	78
955	477	22	80
955	479	27	78
955	476	24	73
955	480	26	76
955	479	24	73
956	478	22	76
956	478	22	83
954	478	25	76
953	478	25	72
954	478	25	74
954	476	27	73
955	477	28	76
951	475	29	74
954	479	23	68
955	478	23	67
955	478	24	69
956	475	22	67
956	478	22	65
955	477	24	66
953	476	25	67
956	474	23	73
956	473	23	75
955	472	24	78
954	474	26	78
955	475	26	76
957	474	23	77
955	475	27	73
957	477	24	76
956	476	25	72
955	477	26	69
953	477	27	68
958	476	24	72
956	478	26	66
953	477	32	67
956	477	30	70
955	478	34	69
957	477	30	70
956	478	27	69
958	477	26	70
958	475	26	74
957	474	27	79
958	475	25	78
958	475	24	73
958	473	23	75
958	476	26	74
957	475	25	73
958	474	27	76
958	476	25	71
957	478	26	68
959	478	27	73
956	478	35	71
958	477	27	77
958	474	30	77
958	477	30	75
957	477	31	71
957	478	29	73
958	476	26	76
958	477	26	72
957	475	29	67
959	473	26	74
958	476	26	75
957	475	25	73
954	478	29	69
954	477	28	71
954	477	25	68
951	477	30	71
948	479	33	67
949	478	31	70
951	477	26	71
946	476	33	72
949	477	31	73
950	476	27	78
948	478	29	72
945	475	34	74
948	473	29	76
948	475	30	81
947	478	29	78
943	476	32	74
944	477	32	71
945	479	29	76
943	481	29	75
942	481	32	78
943	479	27	82
942	478	30	83
942	476	29	83
942	478	25	81
943	483	23	79
941	484	24	74
940	487	24	72
938	487	26	70
938	487	26	72
937	485	24	73
935	486	25	67
937	486	24	69
936	484	25	74
939	479	23	78
941	478	25	81
942	477	27	85
944	478	27	82
947	478	30	79
950	480	30	81
948	478	29	74
949	479	30	81
953	477	27	82
954	478	27	81
952	482	30	78
949	484	32	76
949	480	33	81
948	488	27	73
948	490	26	69
948	491	26	70
945	489	28	71
946	489	27	74
944	491	27	70
942	490	27	70
943	487	25	76
942	491	23	72
940	487	26	76
939	484	26	78
938	487	24	71
937	483	24	76
935	487	25	74
932	485	28	76
931	481	26	78
931	479	28	76
931	478	29	81
930	480	29	81
928	479	32	86
926	479	30	87
925	484	29	83
925	481	26	85
926	482	25	81
923	487	27	72
924	489	25	66
922	486	24	72
921	478	24	79
918	483	28	75
917	483	27	72
917	485	26	65
916	485	26	65
916	489	28	66
917	487	29	64
918	485	29	69
923	486	25	67
924	482	27	70
929	478	25	73
938	479	26	78
945	483	29	71
948	475	32	80
953	478	28	79
959	479	32	75
959	479	32	75
956	476	41	71
961	479	37	77
970	479	32	80
974	481	27	72
971	479	29	76
972	482	28	73
971	483	30	76
971	485	29	67
969	484	31	69
972	485	23	66
971	484	27	69
970	484	27	72
964	485	35	73
966	480	33	78
971	484	30	81
968	482	32	77
970	480	26	85
971	479	30	86
971	479	27	85
973	480	27	82
971	480	28	77
969	483	29	71
969	481	29	78
968	482	28	82
966	481	29	79
964	479	29	77
962	484	31	71
957	477	33	81
959	474	29	88
956	478	29	87
955	476	30	82
953	477	29	82
949	474	29	81
947	475	32	80
945	471	32	80
946	475	28	84
943	472	28	87
941	473	28	82
941	472	26	82
938	475	28	79
939	475	28	80
939	472	30	80
942	473	28	78
944	474	27	76
944	473	29	75
947	475	28	78
947	480	27	80
947	478	28	84
947	475	28	84
947	478	29	79
945	478	30	85
945	477	28	84
944	478	27	90
943	477	30	79
942	478	28	78
940	476	28	84
938	476	30	86
937	474	30	83
940	476	28	78
941	480	27	74
942	478	27	77
945	478	27	79
948	478	28	85
948	481	30	76
951	481	30	78
952	478	33	84
951	478	37	88
958	477	31	80
964	482	26	72
963	479	29	73
962	476	30	79
962	476	29	76
960	479	31	72
961	484	27	66
957	488	30	62
959	484	26	69
958	476	25	77
957	476	26	77
957	473	25	77
955	476	25	80
955	474	24	78
955	472	25	76
955	472	24	79
957	472	28	77
962	476	28	74
970	478	26	72
975	476	31	72
987	478	29	72
998	477	31	72
1011	477	31	72
1025	477	34	77
1040	474	34	82
1057	479	28	86
1071	477	27	83
1079	475	28	83
1087	472	33	83
1091	465	41	89
1091	466	46	92
1095	472	41	82
1098	466	44	92
1102	469	33	82
1103	466	35	88
1102	462	39	97
1103	463	35	90
1104	462	33	91
1102	462	32	96
1099	467	32	87
1098	467	31	91
1094	468	34	92
1090	466	36	89
1088	465	36	91
1085	466	36	89
1084	467	36	87
1081	465	35	93
1079	466	35	89
1076	459	35	100
1073	460	37	101
1070	456	36	103
1069	460	33	101
1068	461	34	102
1066	460	34	98
1061	461	37	94
1059	464	39	88
1056	466	38	90
1054	463	41	97
1051	463	44	90
1045	471	44	88
1047	464	41	93
1039	468	46	95
1041	466	42	94
1039	463	42	104
1036	472	43	100
1035	469	43	98
1035	467	42	90
1036	467	39	93
1034	466	38	95
1032	464	39	94
1030	468	40	92
1028	469	39	87
1023	473	39	80
1022	469	41	80
1022	468	40	80
1019	472	42	77
1015	469	43	76
1011	473	46	76
1012	467	44	82
1013	469	38	85
1012	472	39	81
1011	475	42	75
1016	474	39	81
1018	477	39	75
1022	474	34	83
1023	476	37	83
1027	475	39	84
1029	482	36	77
1030	477	38	80
1032	484	33	74
1032	487	32	69
1034	475	36	75
1033	481	31	82
1032	481	31	80
1031	476	28	82
1030	475	29	88
1028	480	32	80
1026	478	31	82
1024	476	32	87
1023	477	32	82
1023	479	31	81
1022	481	30	80
1017	479	33	85
1017	477	29	87
1017	477	27	90
1014	477	30	80
1014	477	29	81
1009	476	36	81
1010	479	32	77
1006	475	36	84
1006	474	34	81
1007	475	34	83
1013	477	30	78
1019	480	26	84
1022	479	26	78
1023	483	31	77
1026	483	31	76
1032	485	31	75
1036	483	30	76
1031	483	39	77
1039	486	32	73
1044	483	29	77
1044	488	27	71
1045	485	27	73
1043	483	28	74
1040	484	29	73
1040	484	27	71
1038	483	29	73
1036	483	29	70
1034	479	29	75
1031	480	28	74
1032	479	27	78
1029	480	28	75
1026	485	29	70
1026	481	27	72
1025	479	30	74
1024	477	33	75
1029	477	29	75
1031	473	31	80
1039	474	29	79
1043	476	30	79
1053	473	32	79
1062	475	32	76
1069	478	34	77
1082	480	36	81
1091	481	34	71
1104	480	31	75
1115	480	29	74
1124	481	27	69
1129	476	28	73
1132	474	29	84
1135	473	29	81
1134	470	29	84
1136	471	28	88
1134	469	29	84
1134	469	26	89
1130	471	31	86
1130	471	27	85
1127	471	27	86
1126	470	29	79
1122	471	29	82
1120	471	29	75
1119	474	31	77
1119	473	30	80
1121	476	30	76
1122	474	30	81
1121	475	31	78
1124	479	28	75
1122	478	29	75
1122	476	31	81
1123	477	30	84
1121	477	30	83
1122	475	28	84
1120	477	27	80
1117	478	29	80
1117	476	28	80
1114	475	30	79
1113	476	28	82
1110	475	30	82
1108	476	28	83
1105	469	29	91
1103	477	32	88
1107	476	29	86
1111	479	25	80
1114	479	27	75
1116	479	33	76
1129	475	28	81
1136	479	27	77
1145	479	33	75
1163	483	30	82
1179	482	26	86
1194	476	27	86
1210	477	25	80
1214	475	32	76
1226	480	31	75
1233	479	31	78
1237	481	34	74
1242	480	34	81
1246	478	30	80
1247	481	30	80
1245	481	31	74
1242	481	33	77
1245	477	31	80
1242	479	33	85
1243	476	28	84
1242	477	30	82
1238	474	33	88
1236	479	34	89
1238	480	32	84
1238	478	30	87
1243	478	29	82
1245	480	28	84
1246	481	30	81
1247	483	31	87
1247	482	33	83
1249	479	31	80
1252	479	30	79
1249	479	33	79
1246	480	32	77
1245	481	31	81
1238	479	39	82
1236	480	39	84
1234	479	35	82
1231	480	34	79
1229	479	32	80
1225	480	32	78
1222	478	30	76
1216	479	31	80
1213	479	34	82
1211	479	30	82
1206	479	29	81
1200	481	32	83
1199	480	31	89
1193	480	32	81
1192	479	27	79
1188	479	27	77
1186	477	27	83
1182	477	28	77
1180	476	24	77
1171	479	29	77
1166	478	32	84
1161	478	36	77
1154	479	37	81
1152	481	34	78
1148	481	36	80
1143	481	36	78
1140	485	33	76
1134	484	38	78
1133	483	35	84
1129	486	33	78
1126	483	32	81
1121	485	32	81
1118	488	29	79
1114	486	30	82
1111	489	31	78
1108	487	29	85
1104	489	29	82
1101	490	28	82
1097	490	28	80
1094	490	29	81
1092	491	32	79
1091	491	29	80
1091	488	30	86
1086	487	33	87
1087	485	33	83
1087	488	32	77
1086	484	33	85
1086	485	32	84
1086	484	31	79
1085	484	32	86
1088	482	29	87
1087	484	31	93
1088	482	31	89
1089	481	30	86
1091	485	28	83
1091	483	27	79
1089	483	29	79
1088	484	32	78
1089	485	31	76
1088	484	33	78
1088	484	31	76
1089	483	33	78
1089	485	35	77
1093	485	33	74
1098	484	33	79
1102	484	34	79
1105	486	36	75
1116	486	34	75
1127	486	30	76
1134	484	33	82
1146	482	29	86
1152	482	32	79
1162	482	28	75
1168	484	26	71
1171	491	29	75
1172	490	31	74
1178	490	30	71
1179	484	31	75
1181	486	32	74
1182	484	30	77
1182	485	32	82
1182	486	33	80
1184	489	31	75
1184	487	31	74
1183	489	31	75
1181	490	35	86
1182	488	29	78
1180	489	33	77
1179	486	33	77
1176	487	33	76
1177	488	33	74
1172	488	36	72
1174	488	34	71
1175	489	31	76
1167	490	36	74
1167	487	36	74
1164	488	36	77
1168	488	31	77
1168	487	28	77
1164	487	32	76
1163	489	29	73
1163	488	28	75
1162	490	28	75
1160	489	27	75
1157	488	26	77
1152	488	28	78
1150	486	29	81
1148	486	26	82
1148	487	23	75
1145	488	24	75
1143	486	25	81
1137	488	30	78
1134	485	29	83
1132	481	28	88
1129	483	30	86
1125	479	28	87
1122	481	30	84
1117	483	35	86
1116	486	32	81
1109	486	37	78
1105	487	37	76
1101	487	38	80
1102	486	36	79
1098	487	37	80
1095	489	36	77
1093	488	34	78
1089	488	34	80
1086	489	33	78
1082	488	30	80
1079	489	31	84
1075	490	31	82
1072	492	29	79
1069	491	27	80
1066	489	29	81
1063	491	27	85
1061	496	29	79
1058	494	31	82
1058	493	28	82
1054	492	29	79
1053	491	28	78
1053	491	27	79
1051	490	29	83
1051	491	29	84
1051	490	29	87
1050	492	27	78
1051	490	25	80
1051	489	26	84
1052	493	28	83
1052	492	28	77
1058	491	26	75
1059	491	29	77
1064	494	29	82
1068	490	36	78
1076	495	36	79
1086	495	36	80
1100	495	35	80
1115	495	31	75
1130	495	31	76
1146	495	34	70
1160	496	33	73
1179	497	30	72
1197	494	27	70
1213	495	30	72
1233	498	31	67
1249	502	31	75
1273	503	26	75
1293	502	27	74
1309	504	25	74
1329	511	29	66
1346	510	31	71
1365	506	35	77
1388	508	32	78
1402	509	35	81
1422	509	34	74
1436	515	33	74
1448	519	32	65
1457	514	33	70
1463	515	35	74
1469	519	35	70
1473	519	36	72
1474	519	38	77
1474	517	43	82
1475	516	41	87
1478	517	39	82
1481	519	34	71
1478	520	38	70
1479	519	38	71
1479	522	36	67
1479	519	36	74
1478	523	36	69
1476	525	37	65
1477	527	36	61
1478	521	33	69
1478	519	32	73
1477	518	32	74
1476	515	33	79
1476	516	31	84
1475	514	31	87
1474	517	31	81
1472	515	32	82
1471	515	33	85
1469	515	31	88
1470	516	30	86
1468	516	31	86
1469	516	31	85
1467	517	31	89
1465	516	31	91
1462	516	33	96
1462	516	32	95
1461	517	32	93
1459	518	34	87
1456	517	38	91
1456	519	38	89
1451	519	39	88
1452	521	39	87
1447	522	45	82
1443	523	49	84
1443	523	48	88
1445	522	46	87
1448	524	41	82
1447	525	42	80
1443	525	44	82
1445	529	43	78
1448	527	38	80
1449	527	37	79
1450	527	38	82
1448	529	42	81
1446	528	42	81
1449	531	42	84
1450	529	41	82
1450	531	41	84
1451	531	40	80
1452	533	40	84
1452	533	41	79
1452	531	43	85
1456	533	40	84
1458	533	41	86
1458	533	44	82
1459	532	45	89
1459	532	47	98
1461	532	48	94
1460	534	51	91
1463	536	49	88
1469	536	44	89
1471	542	43	91
1473	541	43	91
1476	540	43	92
1482	538	37	102
1486	535	38	98
1488	535	36	95
1491	533	37	94
1491	535	40	92
1495	536	38	95
1497	538	37	94
1504	541	33	90
1508	540	32	89
1507	542	35	93
1508	544	36	91
1509	541	39	98
1511	546	40	95
1515	543	38	98
1516	548	38	94
1516	549	42	97
1518	552	44	96
1520	554	42	99
1524	558	41	91
1523	561	45	95
1524	563	46	94
1528	559	45	100
1524	562	52	104
1522	563	52	113
1525	565	55	97
1529	570	49	88
1532	566	50	99
1535	567	49	103
1534	569	47	95
1534	568	50	104
1537	570	49	104
1535	571	51	108
1545	569	42	110
1547	572	40	110
1547	576	41	106
1553	581	37	103
1552	581	37	102
1555	584	37	105
1560	586	31	113
1560	585	33	113
1560	580	34	109
1561	587	33	104
1563	589	32	107
1563	590	35	107
1559	595	41	101
1558	597	41	106
1555	596	43	115
1559	598	43	112
1558	594	45	108
1560	598	39	110
1559	599	41	106
1557	594	46	112
1557	594	43	109
1557	598	43	105
1558	596	42	108
1552	592	46	103
1552	589	46	115
1550	589	48	114
1550	589	46	107
1551	590	44	104
1550	593	47	101
1546	589	51	109
1548	589	44	103
1549	593	40	105
1549	591	40	99
1549	588	35	94
1542	586	41	103
1542	588	39	104
1543	589	35	95
1544	583	35	97
1540	582	40	103
1540	586	38	96
1541	584	36	95
1540	583	38	96
1537	585	40	93
1536	583	38	95
1535	584	39	90
1536	580	38	98
1534	582	41	97
1534	581	38	102
1533	578	38	102
1532	576	38	105
1533	577	38	107
1533	577	38	104
1531	581	39	106
1531	581	40	104
1531	583	41	105
1531	586	38	103
1531	586	41	104
1529	589	41	95
1529	583	40	103
1529	585	40	101
1530	588	39	100
1529	589	40	100
1530	586	37	102
1529	588	40	100
1531	586	37	101
1528	587	38	107
1529	588	36	102
1528	589	35	98
1528	588	35	101
1527	585	35	105
1526	586	35	102
1527	583	34	110
1524	586	36	115
1522	588	36	117
1520	585	38	118
1520	585	38	112
1518	592	40	102
1518	586	38	112
1518	587	34	112
1516	590	39	107
1513	595	40	104
1512	594	38	106
1505	598	42	101
1505	598	42	101
1507	596	41	91
1506	597	36	89
1507	597	33	89
1506	598	36	84
1505	598	39	87
1500	601	48	87
1509	597	37	88
1514	597	33	81
1519	599	32	68
1519	603	29	64
1523	600	28	63
1522	601	27	60
1521	603	22	63
1518	605	23	62
1517	607	21	62
1517	607	21	62
1517	607	21	62
1517	607	21	62
1517	607	21	62
1517	607	21	62
1517	607	21	62
1497	605	29	66
1497	609	27	68
1493	609	28	79
1487	606	33	75
1484	609	36	75
1485	609	35	76
1485	609	36	75
1485	610	40	81
1487	610	43	79
1497	605	39	84
1502	603	41	87
1506	607	43	96
1511	608	43	100
1520	616	37	100
1526	616	36	115
1526	617	38	119
1530	609	39	123
1533	611	39	105
1533	614	36	111
1532	613	38	111
1532	614	37	104
1530	611	38	103
1527	618	37	99
1525	615	38	96
1518	621	41	99
1517	613	41	104
1509	609	46	112
1514	607	38	111
1513	609	39	105
1510	609	40	100
1508	609	44	95
1503	616	50	94
1507	610	48	95
1511	609	50	89
1526	613	39	81
1538	607	32	80
1543	613	33	83
1545	615	36	83
1549	620	41	80
1552	619	39	83
1551	623	41	97
1553	623	40	112
1548	627	46	106
1542	627	50	115
1542	628	51	106
1542	627	49	104
1541	628	47	111
1544	626	44	113
1543	627	40	104
1539	625	45	105
1537	626	42	109
1539	625	37	109
1535	625	41	101
1534	626	38	104
1533	624	44	107
1535	624	43	108
1535	625	45	110
1541	627	44	113
1547	628	40	114
1552	629	41	114
1556	631	41	113
1559	632	40	109
1556	633	46	110
1561	637	43	110
1561	635	45	113
1556	634	47	118
1556	633	48	115
1555	629	51	114
1554	630	50	121
1552	630	50	118
1550	632	50	114
1549	629	50	110
1549	628	48	112
1544	631	49	106
1542	628	49	109
1543	625	50	107
1539	625	48	114
1539	624	49	112
1535	620	51	116
1537	625	49	106
1536	620	49	113
1536	617	47	114
1534	619	48	117
1536	622	46	115
1536	622	45	118
1536	619	45	120
1533	621	49	120
1534	623	44	115
1535	623	47	116
1534	620	46	115
1531	624	48	115
1531	620	46	117
1529	622	51	121
1534	619	43	120
1532	621	44	114
1533	619	45	114
1534	614	43	120
1531	611	45	125
1533	612	42	118
1532	616	42	114
1529	616	45	117
1529	615	45	115
1529	611	45	120
1529	610	43	121
1527	614	46	127
1527	615	49	114
1528	613	44	118
1527	615	44	116
1528	616	43	112
1525	616	45	115
1525	615	44	119
1527	613	41	116
1528	613	39	126
1527	612	37	115
1530	609	37	100
1524	615	41	100
1522	615	42	101
1523	616	40	100
1522	616	38	102
1521	612	41	108
1519	613	43	109
1517	618	42	114
1516	617	43	112
1515	614	43	113
1515	614	46	115
1514	615	44	110
1513	614	45	113
1511	614	47	110
1511	604	48	113
1509	607	50	114
1509	609	53	113
1511	607	49	114
1510	609	50	111
1513	608	46	118
1512	608	49	116
1511	607	47	115
1511	610	46	109
1510	608	47	110
1511	606	47	110
1510	609	47	110
1511	606	48	117
1513	606	43	122
1511	606	46	121
1513	603	47	116
1515	606	46	111
1514	604	49	113
1517	603	45	114
1517	604	44	112
1519	603	44	112
1519	603	46	113
1521	603	43	112
1522	600	44	121
1522	602	43	117
1521	604	43	113
1524	600	45	120
1523	603	44	112
1521	603	46	119
1523	604	45	119
1523	603	43	121
1527	607	42	116
1525	607	44	110
1524	607	46	111
1525	608	42	121
1525	607	41	121
1524	607	42	117
1525	603	44	117
1526	608	43	117
1526	609	41	111
1528	605	43	115
1527	600	46	119
1529	600	40	120
1528	601	46	117
1528	600	44	118
1527	599	48	123
1529	601	46	120
1528	599	47	118
1528	603	48	118
1527	603	50	122
1527	601	51	121
1523	601	56	117
