1850	818	61	107
1844	819	66	111
1839	820	63	99
1825	820	66	90
1820	820	62	96
1818	820	58	98
1809	817	62	105
1801	818	56	97
1797	819	54	94
1793	817	52	108
1786	817	55	114
1781	815	53	116
1776	814	57	120
1773	814	54	121
1766	814	58	119
1764	815	58	118
1762	814	56	115
1759	813	59	111
1754	813	65	102
1755	809	61	119
1751	810	61	120
1751	807	59	126
1751	808	58	119
1751	811	55	117
1748	810	55	121
1747	810	56	118
1743	809	58	121
1745	809	53	116
1741	807	55	120
1740	810	57	122
1740	811	52	114
1736	813	54	114
1733	812	55	118
1731	813	57	113
1728	813	57	114
1727	811	58	119
1723	812	59	117
1721	811	57	113
1721	814	54	102
1718	814	54	105
1714	814	55	111
1713	813	54	114
1711	815	53	113
1708	814	52	115
1706	815	52	112
1702	813	53	116
1699	813	54	109
1695	815	57	112
1692	817	55	108
1691	815	52	116
1687	816	54	114
1683	815	53	116
1680	817	53	110
1678	816	51	114
1672	817	54	114
1669	818	54	114
1664	818	56	115
1661	818	52	115
1656	819	53	115
1650	817	57	121
1645	817	57	123
1641	817	55	124
1634	821	59	117
1629	823	59	121
1624	822	58	120
1621	821	60	113
1611	827	67	103
1604	836	64	99
1603	833	60	110
1599	836	56	104
1594	841	54	100
1586	839	57	115
1586	838	52	116
1580	841	54	119
1578	839	53	120
1575	839	52	115
1574	842	50	116
1572	839	52	119
1569	844	53	117
1569	842	51	122
1568	844	52	131
1567	842	52	132
1567	840	51	131
1565	845	56	130
1566	843	54	131
1567	846	54	125
1567	849	52	117
1567	849	53	117
1568	846	53	122
1568	849	51	118
1568	846	52	127
1569	849	50	119
1567	849	51	122
1568	850	52	119
1567	852	52	115
1568	852	50	120
1567	853	51	122
1566	858	53	115
1566	859	51	116
1563	857	56	123
1564	861	56	122
1563	861	54	124
1564	864	52	115
1562	866	53	112
1558	869	54	115
1558	870	54	102
1556	871	53	110
1558	870	49	113
1558	869	47	116
1557	870	47	116
1555	874	48	117
1553	876	51	116
1554	878	47	112
1553	877	49	111
1551	882	51	102
1550	884	50	110
1550	880	51	113
1551	883	47	114
1550	880	47	120
1548	888	49	112
1548	887	45	114
1546	889	47	111
1543	888	51	116
1541	889	50	112
1540	893	49	108
1539	891	47	111
1536	893	53	108
1537	892	49	112
1536	891	49	113
1535	892	49	113
1536	893	46	112
1535	892	47	112
1535	892	48	116
1533	894	48	113
1531	897	49	112
1530	894	50	119
1529	893	52	124
1529	896	49	116
1527	901	50	112
1527	900	49	112
1525	903	51	113
1525	904	49	108
1522	904	52	109
1521	906	50	109
1520	906	54	112
1519	909	49	112
1518	906	51	114
1519	909	50	115
1519	907	50	115
1520	906	49	113
1522	913	47	107
1521	910	46	114
1522	909	46	117
1522	910	47	120
1523	912	47	116
1524	914	48	117
1527	923	45	109
1526	919	46	116
1525	914	49	123
1526	916	50	116
1524	917	53	124
1525	914	53	131
1526	920	54	125
1529	923	50	116
1529	923	52	121
1530	924	51	123
1531	923	50	124
1533	926	51	121
1533	925	51	125
1532	925	52	126
1535	930	52	118
1536	931	50	118
1535	931	52	124
1537	932	53	124
1539	935	53	119
1540	941	51	116
1541	934	50	124
1540	941	54	118
1541	939	54	120
1543	943	51	118
1544	940	51	127
1545	940	51	126
1544	936	55	131
1548	945	49	121
1549	950	49	113
1550	954	46	111
1551	957	46	106
1549	951	50	118
1551	957	48	112
1550	958	50	112
1548	959	57	113
1551	958	57	114
1554	960	57	113
1559	959	54	108
1562	959	55	105
1560	954	62	117
1560	952	61	117
1562	952	62	119
1564	948	62	125
1567	953	60	117
1569	953	59	117
1567	956	63	114
1566	953	66	119
1567	952	69	112
1564	953	71	108
1561	951	80	118
1556	950	86	118
1560	948	83	124
1559	946	86	125
1556	948	94	118
1553	950	98	120
1565	940	82	134
1573	938	76	133
1579	940	68	131
1578	939	71	132
1584	939	67	134
1583	941	71	127
1583	943	74	125
1585	942	75	123
1590	942	71	124
1591	940	75	126
1594	944	77	118
1599	943	75	125
1600	939	77	129
1607	945	75	119
1611	951	72	104
1612	950	73	112
1616	950	69	106
1618	948	68	112
1622	944	68	120
1623	941	69	119
1625	936	68	130
1625	934	69	130
1627	933	68	127
1626	931	71	134
1630	929	69	142
1627	931	71	141
1627	928	72	146
1628	930	73	135
1631	928	71	133
1632	931	69	122
1635	926	67	127
1637	916	65	140
1639	917	67	131
1643	912	62	138
1643	910	62	141
1645	912	61	137
1645	912	60	136
1645	911	61	136
1645	914	61	137
1646	911	62	136
1646	906	59	142
1645	907	63	132
1644	908	65	127
1643	908	64	121
1641	903	67	126
1641	903	69	125
1639	902	68	125
1641	904	65	114
1641	901	67	121
1639	899	65	127
1641	897	64	119
1640	897	64	126
1639	895	65	131
1635	894	68	125
1637	893	65	119
1636	889	65	120
1634	888	69	119
1635	883	68	125
1636	884	64	119
1634	884	67	116
1636	882	64	118
1639	881	58	117
1641	880	56	119
1642	877	53	120
1640	879	55	118
1639	875	55	122
1640	874	52	126
1634	870	61	126
1638	869	55	132
1635	870	60	121
1635	872	61	118
1635	869	58	116
1634	866	60	117
1629	867	66	110
1624	864	65	110
1614	861	62	110
1595	856	63	115
1572	849	63	108
1551	844	61	108
1522	834	58	110
1493	831	55	104
1473	831	57	100
1450	827	57	88
1433	824	49	76
1420	821	48	73
1409	818	44	80
1399	814	45	86
1391	811	46	87
1382	807	51	94
1380	808	49	91
1377	806	51	87
1375	805	50	88
1374	804	47	86
1372	802	48	84
1370	802	48	90
1373	801	42	97
1372	800	44	95
1371	797	46	99
1371	796	46	109
1370	795	45	106
1370	791	44	116
1369	792	46	117
1371	792	43	108
1369	789	43	108
1370	790	39	102
1369	792	42	94
1367	792	45	91
1368	792	39	90
1367	790	41	93
1366	788	42	94
1364	787	45	96
1364	786	44	98
1362	787	44	94
1363	787	44	90
1361	786	43	95
1359	788	42	88
1359	787	41	87
1358	785	42	95
1357	780	42	102
1355	778	43	99
1356	778	41	92
1355	778	41	93
1354	774	40	99
1352	772	41	101
1349	770	45	104
1351	769	42	106
1351	771	40	101
1350	774	39	87
1349	773	40	95
1348	767	43	99
1346	768	43	103
1347	768	39	103
1347	769	39	94
1348	768	37	97
1344	767	42	91
1345	766	40	88
1344	766	42	84
1344	763	37	89
1345	763	36	86
1342	764	40	83
1343	765	37	78
1343	764	37	80
1344	762	36	76
1342	760	36	82
1342	760	35	84
1341	759	38	77
1340	759	36	75
1339	759	37	73
1337	757	39	78
1336	754	39	74
1337	754	37	71
1335	753	36	65
1334	752	38	68
1330	750	43	67
1332	750	40	62
1330	748	40	59
1329	746	40	71
1330	745	37	71
1328	743	40	69
1327	742	39	70
1327	742	37	69
1327	743	36	64
1327	743	35	59
1326	744	35	59
1327	743	35	61
1325	740	36	64
1325	739	31	63
1325	736	30	63
1323	736	32	61
1322	735	33	57
1322	734	32	57
1320	735	34	61
1319	732	33	56
1318	731	32	57
1318	728	36	59
1314	725	45	60
1313	727	43	59
1314	725	35	69
1313	725	35	68
1311	725	35	65
1312	725	33	70
1312	722	30	80
1310	722	33	77
1309	720	33	83
1309	719	34	78
1308	723	34	67
1305	721	40	62
1304	720	40	59
1305	721	40	57
1305	720	39	56
1306	721	39	58
1304	720	37	59
1304	720	33	54
1303	721	30	58
1301	723	36	50
1303	722	36	52
1301	723	38	51
1303	724	32	56
1301	723	35	53
1302	723	32	57
1300	721	37	54
1302	722	33	55
1302	722	33	52
1304	724	32	55
1304	726	30	55
1302	721	31	65
1302	722	31	60
1304	721	31	58
1305	724	29	56
1301	727	37	57
1301	727	35	62
1303	730	36	60
1302	730	35	66
1301	727	37	68
1302	729	35	74
1305	732	31	68
1301	730	37	66
1302	731	36	67
1301	732	36	71
1301	730	36	76
1302	731	35	72
1302	734	36	69
1302	734	38	79
1304	735	32	83
1304	735	32	83
1304	735	32	83
1304	735	32	83
1304	735	32	83
1304	735	32	83
1304	735	32	83
1305	744	41	74
1310	746	33	79
1310	747	34	88
1312	749	35	86
1312	749	38	84
1310	752	39	80
1311	752	36	82
1311	751	37	88
1314	751	36	85
1314	757	36	85
1316	757	37	83
1313	758	38	83
1312	760	39	75
1311	759	40	82
1311	761	39	85
1309	760	47	89
1308	762	40	93
1297	764	45	86
1289	762	37	89
1276	766	34	85
1257	761	32	80
1238	756	31	82
1214	750	34	81
1190	756	26	78
1190	756	26	78
1123	743	33	83
1090	740	35	78
1090	740	35	78
1090	740	35	78
1090	740	35	78
1090	740	35	78
1090	740	35	78
1090	740	35	78
1090	740	35	78
1090	740	35	78
1090	740	35	78
1090	740	35	78
1090	740	35	78
1090	740	35	78
1090	740	35	78
1090	740	35	78
1090	740	35	78
1090	740	35	78
1090	740	35	78
1090	740	35	78
1090	740	35	78
1090	740	35	78
1090	740	35	78
1090	740	35	78
1090	740	35	78
1090	740	35	78
1090	740	35	78
1090	740	35	78
1090	740	35	78
1090	740	35	78
1090	740	35	78
1090	740	35	78
1090	740	35	78
1090	740	35	78
1090	740	35	78
1090	740	35	78
1090	740	35	78
1090	740	35	78
1090	740	35	78
1090	740	35	78
1090	740	35	78
1090	740	35	78
1090	740	35	78
1090	740	35	78
1090	740	35	78
1090	740	35	78
1090	740	35	78
1090	740	35	78
1090	740	35	78
1090	740	35	78
1090	740	35	78
1194	643	49	80
1193	650	61	77
1193	650	61	77
1193	650	61	77
1189	650	72	87
1190	488	59	97
1191	650	66	86
1188	654	71	85
1188	654	71	85
1188	654	71	85
1191	656	66	83
1195	652	65	97
1198	651	60	102
1195	651	63	103
1197	654	62	96
1197	654	62	96
1198	656	67	110
1198	656	67	110
1190	652	86	124
1190	652	86	124
1190	652	86	124
1394	617	77	99
1449	573	69	92
1456	586	53	80
1457	591	48	71
1458	589	45	73
1458	589	42	73
1458	587	38	74
1459	588	38	74
1460	588	37	74
1460	587	35	77
1459	588	32	75
1461	590	28	75
