1166	551	19	33
1163	551	20	32
1160	551	22	32
1158	551	20	32
1157	551	18	32
1153	550	19	34
1151	551	18	34
1149	551	17	33
1146	550	18	34
1143	551	19	32
1139	550	20	33
1137	549	19	36
1134	549	19	36
1132	550	18	37
1129	549	18	35
1124	549	20	36
1120	550	20	35
1118	549	18	37
1114	550	20	38
1112	550	18	37
1107	552	20	33
1104	553	19	36
1100	552	19	37
1095	553	24	35
1092	555	23	33
1090	554	20	35
1087	552	20	37
1083	553	22	33
1081	553	23	32
1080	551	21	35
1077	551	20	35
1075	549	18	37
1073	551	19	37
1070	552	20	34
1070	552	19	34
1069	552	19	34
1066	551	19	33
1065	551	18	34
1061	549	21	36
1061	549	20	37
1061	548	20	34
1061	549	20	33
1060	547	20	34
1058	547	21	33
1059	545	21	34
1058	544	21	34
1058	543	20	35
1059	543	19	35
1057	542	21	33
1058	542	18	35
1057	539	20	38
1057	537	18	38
1056	538	19	36
1056	537	18	35
1056	536	19	36
1056	537	19	35
1054	535	20	36
1055	535	19	33
1055	535	19	35
1056	533	17	35
1055	535	18	33
1054	532	20	36
1055	532	18	37
1056	533	17	34
1055	534	18	32
1056	534	17	32
1056	533	17	33
1056	533	17	33
1055	534	17	32
1055	534	17	32
1055	535	17	32
1056	535	16	33
1055	534	18	32
1054	536	19	32
1055	535	18	35
1054	536	19	33
1055	536	19	32
1056	537	18	31
1056	537	18	31
1056	537	18	33
1056	537	18	35
1056	539	20	33
1057	539	19	33
1057	538	19	36
1057	538	19	36
1058	538	19	35
1057	538	18	37
1057	540	18	35
1057	542	17	33
1057	543	18	34
1057	542	17	35
1057	542	17	38
1056	543	20	36
1057	544	18	35
1057	546	17	34
1056	548	18	34
1057	548	17	34
1056	550	19	33
1057	549	18	35
1056	548	18	35
1056	551	18	32
1056	551	19	34
1056	552	18	32
1057	555	19	33
1055	555	19	33
1055	556	19	33
1057	557	18	34
1055	558	19	34
1056	558	19	35
1056	558	20	34
1057	560	18	32
1057	560	18	35
1057	560	18	33
1056	562	19	35
1056	561	19	37
1057	564	18	34
1056	566	19	35
1057	566	18	34
1056	567	17	34
1055	569	18	35
1055	570	19	37
1055	571	18	36
1054	570	17	39
1055	573	17	37
1054	574	17	37
1054	576	17	35
1054	577	18	36
1052	578	19	35
1053	579	17	37
1051	580	18	36
1050	583	19	32
1050	582	18	34
1050	584	18	31
1050	586	17	33
1047	586	20	34
1046	586	19	32
1046	590	18	29
1045	591	18	30
1043	591	20	33
1043	592	19	33
1040	593	21	37
1040	594	20	34
1039	593	21	38
1039	595	18	35
1038	596	17	34
1038	596	17	36
1036	596	18	36
1034	599	19	34
1033	599	20	36
1031	599	20	36
1030	601	19	35
1029	604	19	34
1028	605	19	34
1025	604	19	34
1024	605	20	34
1023	608	18	32
1022	607	18	35
1022	607	18	35
1021	608	18	36
1018	609	19	36
1016	610	21	35
1015	611	19	33
1014	611	21	36
1014	612	19	35
1013	613	18	35
1012	612	18	36
1010	612	20	36
1010	614	18	35
1009	614	18	34
1008	616	18	35
1006	617	19	34
1006	617	18	36
1005	619	19	36
1005	622	19	34
1005	620	19	36
1004	623	19	35
1004	623	20	41
1003	621	19	41
1004	620	19	46
1002	630	20	39
1004	626	19	37
1004	629	19	34
1005	630	18	35
1005	632	19	34
1004	634	18	34
1004	626	17	35
1002	629	19	40
1003	629	19	38
1001	629	20	37
1001	629	21	41
1002	628	20	42
1002	629	20	40
1002	629	20	41
1001	628	21	43
998	632	24	39
995	633	30	38
1000	630	26	41
1005	629	20	43
1006	630	20	42
1006	630	20	41
1006	631	22	39
1005	632	23	38
1006	632	22	39
1007	632	23	39
1008	630	21	40
1009	631	22	38
1010	627	21	42
1009	627	21	42
1009	626	21	40
1010	625	22	41
1010	628	23	38
1010	623	24	41
1011	622	23	40
1011	622	25	38
1012	620	25	39
1013	618	24	39
1015	618	22	38
1016	615	22	39
1018	612	19	41
1019	614	19	37
1016	612	22	39
1012	611	28	38
1017	610	23	41
1018	608	21	38
1021	607	18	39
1021	609	19	37
1021	608	19	37
1020	609	18	35
1021	607	20	37
1022	608	18	38
1022	608	18	39
1022	608	20	37
1023	609	20	34
1022	608	19	34
1022	606	20	36
1023	606	19	35
1022	608	20	33
1022	608	19	34
1022	606	19	35
1022	607	20	35
1023	607	19	37
1022	607	20	38
1022	606	23	36
1022	606	21	36
1023	607	20	35
1023	607	22	36
1024	606	21	37
1024	607	20	35
1024	607	19	35
1024	607	21	35
1023	606	19	36
1023	606	21	35
1024	606	22	33
1024	605	21	35
1025	605	21	36
1026	605	19	37
1023	606	23	35
1026	606	19	36
1026	605	19	37
1025	606	21	34
1028	605	18	35
1028	608	19	34
1027	606	19	36
1027	606	20	35
1027	607	19	35
1027	606	19	35
1027	606	18	36
1027	607	19	36
1027	605	20	37
1027	605	19	35
1028	605	18	37
1028	606	19	33
1028	605	19	33
1028	605	19	34
1027	604	20	34
1027	604	21	35
1028	603	20	37
1028	604	19	36
1028	604	20	34
1028	602	20	35
1029	605	19	34
1029	603	19	36
1028	603	20	36
1027	604	21	31
1027	602	22	30
1026	603	24	32
1026	603	23	33
1026	602	23	31
1026	602	23	33
1027	601	23	35
1026	600	27	37
1030	600	21	34
1030	600	20	32
1030	602	20	30
1030	602	20	32
1030	600	22	34
1031	601	20	33
1031	599	21	37
1030	598	22	36
1030	597	23	39
1031	598	22	35
1031	596	21	36
1031	598	19	30
1030	597	22	34
1029	597	22	36
1033	594	19	39
1033	596	19	36
1031	596	23	33
1032	596	20	30
1034	597	19	31
1032	596	21	31
1032	596	20	31
1033	596	19	31
1033	594	18	33
1033	592	18	35
1034	593	18	34
1036	593	16	33
1035	595	18	33
1035	591	18	34
1035	592	18	32
1037	592	17	32
1038	592	16	33
1038	588	16	37
1038	590	15	35
1038	588	15	36
1038	588	16	35
1037	587	17	35
1037	586	19	37
1035	586	20	37
1035	586	20	38
1033	585	22	38
1036	585	20	36
1038	584	18	36
1038	583	17	38
1037	581	18	40
1037	581	18	40
1037	581	19	40
1038	581	17	40
1038	584	17	37
1039	582	15	37
1039	581	15	39
1039	583	16	35
1039	583	17	34
1039	581	17	35
1039	580	16	39
1039	579	16	41
1039	580	19	38
1038	580	18	36
1040	579	17	33
1040	581	17	33
1041	581	16	33
1042	581	16	32
1042	581	16	31
1043	581	16	29
1042	580	17	29
1042	579	18	31
1044	580	17	30
1044	579	19	31
1043	577	19	33
1045	578	17	34
1044	578	18	32
1044	578	18	33
1045	577	19	33
1046	578	21	32
1054	578	19	30
1071	579	18	30
1071	579	18	30
1119	578	16	31
1147	575	20	32
1162	579	22	27
1180	578	19	27
1196	577	19	31
1212	577	19	30
1212	577	19	30
1226	580	19	30
1231	582	19	29
1234	581	21	32
1237	580	24	33
1240	584	22	31
1243	583	20	30
1246	581	17	29
1247	582	17	29
1246	582	17	29
1247	581	16	31
1247	581	17	31
1247	582	18	30
1251	581	19	32
1248	579	20	33
1249	579	23	32
1255	580	18	30
1264	580	17	28
1279	581	18	28
1279	581	18	28
1321	587	18	25
1342	587	14	31
1356	587	15	33
1374	592	18	32
1384	591	21	32
1390	594	22	32
1404	592	19	31
1409	592	22	32
1412	592	18	34
1421	592	14	33
1420	592	16	33
1423	591	16	34
1424	590	19	35
1426	590	20	35
1427	591	20	34
1425	592	20	36
1425	590	22	37
1426	590	20	36
1427	592	21	32
1427	591	20	35
1428	591	18	35
1426	591	22	35
1424	592	28	36
1424	591	24	35
1423	591	24	34
1423	592	24	31
1426	590	21	33
1428	588	17	33
1428	589	19	33
1429	590	24	32
1429	589	18	32
1429	590	19	33
1429	593	19	31
1432	590	16	30
1431	590	17	29
1432	590	19	31
1431	591	20	30
1427	590	22	33
1427	589	24	31
1430	587	20	34
1431	587	19	31
1430	588	22	35
1430	586	21	32
1431	587	18	32
1432	587	23	31
1429	587	20	29
1437	587	15	28
1431	587	20	28
1433	585	17	28
1429	589	21	27
1432	586	21	29
1435	587	16	25
1430	589	19	26
1432	588	19	26
1434	586	20	29
1436	585	17	30
1435	586	15	29
1436	583	13	34
1435	583	18	32
1436	584	16	29
1436	582	18	29
1436	582	16	28
1437	581	17	28
1437	579	18	32
1438	578	16	33
1439	576	15	34
1439	579	17	31
1438	578	18	33
1438	579	16	33
1439	581	15	30
1439	581	16	27
1438	580	17	32
1439	581	16	31
1440	581	14	30
1440	583	15	28
1438	581	16	32
1437	580	18	30
1438	578	16	32
1439	582	14	27
1439	582	16	26
1439	581	17	28
1438	578	17	31
1439	580	16	29
1438	579	16	27
1439	581	16	27
1438	580	17	27
1440	584	13	25
1440	581	15	28
1440	578	15	31
1440	577	15	31
1439	575	17	33
1439	574	20	32
1441	575	15	32
1439	575	18	33
1440	581	19	34
1441	573	20	34
1440	573	16	34
1440	573	16	33
1440	571	16	37
1439	573	16	36
1439	573	16	36
1432	567	22	38
1432	567	22	38
1432	567	22	38
1432	567	22	38
1432	567	22	38
1432	567	22	38
1432	567	22	38
1432	567	22	38
1432	567	22	38
1471	550	28	34
1427	533	34	33
1390	530	41	30
1349	524	45	35
1304	519	47	43
1275	519	53	49
1242	515	55	50
1217	515	60	48
1197	514	59	49
1182	512	58	50
1174	510	53	52
1163	511	54	52
1162	511	50	50
1159	511	49	52
1156	511	49	51
1150	510	53	52
1148	511	55	50
1151	512	49	50
1153	509	46	53
1150	510	50	50
1146	512	54	49
1146	511	53	51
1152	511	46	49
1149	510	49	51
1148	511	52	50
1151	511	49	49
1149	508	49	51
1150	510	53	51
1148	509	53	49
1150	509	51	50
1149	508	52	52
1148	506	53	52
1153	509	47	50
1155	508	46	50
1151	509	49	50
1150	509	52	47
1152	509	49	49
1149	510	53	48
1151	509	51	48
1153	509	49	50
1151	510	51	48
1153	511	50	47
1152	510	49	48
1149	509	53	48
1150	510	52	47
1152	510	49	49
1149	509	53	48
1150	509	53	48
1153	509	47	49
1151	508	50	50
1151	509	51	49
1154	509	47	50
1153	507	48	50
1150	506	51	51
1154	504	47	53
1151	506	50	50
1153	506	47	50
1153	508	48	50
1149	508	51	48
1152	506	49	50
1151	505	51	52
1150	504	51	51
1150	504	49	52
1149	505	52	52
1151	506	49	50
1150	504	51	52
1149	507	52	50
1149	505	53	51
1147	505	54	49
1149	502	52	53
1147	502	54	54
1148	502	52	54
1150	501	50	56
1151	500	49	55
1150	501	50	55
1148	504	54	52
1150	504	51	51
1150	500	51	55
1150	505	51	51
1150	502	50	53
1152	503	48	51
1150	503	49	52
1150	502	50	52
1149	504	52	51
1150	504	50	51
1151	506	48	48
1147	504	54	52
1149	506	52	50
1146	505	54	50
1148	505	53	50
1147	503	53	51
1148	507	53	48
1148	506	53	49
1151	504	50	52
1148	504	53	51
1149	505	53	51
1150	506	51	49
1152	506	48	49
1155	502	44	55
1154	503	45	53
1151	503	49	54
1151	506	49	50
1148	506	54	50
1148	507	54	50
1148	508	52	48
1148	505	54	51
1149	506	51	51
1151	507	49	51
1152	505	49	50
1149	507	52	50
1150	508	51	47
1149	505	52	51
1152	506	47	50
1152	506	48	50
1151	506	49	51
1149	508	51	48
1148	507	51	48
1151	506	50	50
1151	507	50	49
1150	504	51	52
1148	505	54	50
1148	506	52	49
1149	508	53	48
1147	508	57	49
1148	506	54	52
1148	507	53	51
1151	508	52	50
1153	504	48	53
1152	505	48	51
1155	505	44	52
1152	506	48	51
1150	506	52	49
1152	506	49	50
1153	505	49	51
1148	504	53	51
1151	505	51	51
1146	502	56	53
1153	504	46	50
1151	505	49	51
1149	502	53	54
1151	503	50	52
1153	502	48	52
1154	501	48	55
1152	503	50	53
1151	501	51	53
1148	504	55	50
1151	504	52	50
1150	501	52	53
1151	500	52	54
1154	500	48	55
1153	501	50	54
1153	500	49	55
1154	501	49	53
1153	500	51	55
1152	501	51	53
1152	500	53	52
1155	501	49	54
1151	502	52	54
1153	502	50	52
1156	499	48	56
1154	502	49	52
1150	502	53	51
1150	503	55	50
1150	502	55	52
1152	500	53	54
1148	502	57	53
1153	501	52	55
1155	500	51	56
1154	500	52	56
1154	501	52	54
1151	503	54	53
1148	500	59	55
1154	498	50	58
1152	499	52	57
1151	497	55	57
1156	498	47	56
1156	499	46	55
1150	498	54	56
1152	497	52	57
1152	500	51	54
1150	501	55	53
1151	499	52	54
1153	501	50	53
1152	502	51	52
1151	501	52	52
1153	501	54	53
1153	503	50	50
1153	502	52	52
1151	505	53	51
1149	505	57	51
1152	505	50	47
1150	507	56	50
1150	508	56	48
1153	508	53	50
1150	507	60	51
1153	507	55	50
1150	506	55	50
1151	508	59	51
1152	507	55	50
1152	508	56	52
1152	509	57	51
1154	509	54	52
1153	509	56	52
1152	508	56	54
1155	509	54	53
1156	509	53	54
1151	510	58	51
1154	509	55	53
1156	511	54	50
1156	510	55	53
1158	511	52	52
1158	511	54	54
1156	514	54	52
1157	512	55	54
1153	516	61	51
1157	515	55	52
1157	516	59	52
1155	513	59	54
1157	512	56	54
1158	510	57	57
1162	511	53	57
1156	512	60	54
1162	514	57	54
1163	515	53	54
1161	514	56	54
1160	514	57	53
1163	511	55	59
1158	514	61	56
1160	514	59	56
1161	517	58	50
1163	516	60	54
1164	517	57	53
1167	517	57	56
1166	518	58	54
1168	516	57	57
1166	517	60	56
1168	517	58	57
1172	520	53	54
1169	519	58	57
1172	514	57	63
1173	514	57	63
1167	522	63	55
1173	515	58	63
1173	520	58	59
1174	521	58	58
1172	521	63	57
1179	522	53	57
1176	523	57	58
1181	526	53	56
1180	527	56	55
1185	525	50	59
1177	526	62	58
1179	525	60	58
1182	526	57	58
1181	526	59	58
1182	525	59	60
1177	524	65	67
1175	526	74	69
1179	525	63	63
1181	527	58	61
1181	525	63	64
1181	527	60	62
1182	530	59	62
1177	529	66	62
1177	530	64	61
1180	531	62	63
1179	532	63	61
1179	532	62	63
1179	533	61	63
1174	535	67	61
1176	535	65	63
1174	531	67	67
1171	537	71	63
1171	539	68	60
1175	535	63	65
1173	541	63	61
1168	544	68	59
1168	543	68	60
1167	540	66	64
1168	542	68	65
1165	542	68	64
1161	545	68	63
1164	542	66	65
1166	543	63	61
1159	546	70	65
1163	544	63	70
1159	546	66	68
1160	545	66	70
1156	549	68	68
1155	547	69	71
1152	555	72	64
1154	555	68	66
1149	554	71	68
1150	558	72	64
1148	559	74	65
1149	558	70	65
1148	558	70	67
1148	559	71	69
1148	560	72	70
1149	560	72	72
1149	562	70	69
1148	563	74	69
1150	564	73	70
1148	563	74	72
1149	564	72	70
1152	562	70	77
1148	560	73	77
1149	561	76	81
1150	563	77	83
1150	561	76	82
1154	561	74	86
1154	564	72	81
1154	570	76	83
1151	576	84	77
1156	577	80	78
1159	579	79	77
1157	583	84	75
1157	586	81	72
1158	587	81	72
1158	588	82	75
1164	586	79	76
1164	585	76	79
1165	582	76	81
1168	588	76	80
1166	589	78	78
1168	588	76	80
1162	588	83	79
1166	589	87	79
1164	593	82	75
1168	591	81	79
1167	593	82	78
1170	592	82	79
1167	592	84	78
1172	588	80	83
1167	591	84	79
1169	592	83	78
1170	592	85	78
1166	594	90	77
1170	592	90	76
1172	587	87	85
1175	585	85	85
1170	587	89	82
1174	585	87	81
1173	585	87	80
1179	580	79	84
1172	579	86	85
1173	581	89	84
1175	580	84	82
1176	580	84	81
1175	580	86	81
1174	577	87	84
1173	579	86	83
1176	579	87	81
1179	580	83	79
1177	577	87	81
1177	579	85	76
1177	579	83	78
1175	579	84	80
1174	579	93	80
1172	579	92	76
1172	577	92	81
1174	580	90	79
1174	579	91	76
1176	580	86	77
1180	576	81	82
1178	579	88	79
1178	579	86	78
1178	579	85	75
1183	578	81	77
1177	579	85	78
1176	578	90	78
1178	577	86	75
1177	578	88	76
1178	578	88	75
1181	579	85	76
1180	579	84	75
1181	578	86	77
1179	578	89	76
1179	579	88	75
1179	579	89	75
1178	577	86	80
1178	579	87	76
1176	580	90	75
1175	580	91	77
1174	579	89	79
1179	580	90	76
1179	581	88	78
1178	578	90	79
1174	580	91	77
1177	582	90	77
1180	581	85	76
1182	579	81	79
1182	582	80	77
1178	581	88	79
1178	583	90	79
1183	578	81	81
1179	582	87	78
1185	582	80	79
1180	584	90	77
1181	583	86	79
1179	588	90	77
1178	586	87	77
1182	584	83	78
1180	587	86	78
1181	587	84	76
1184	588	80	77
1178	586	90	79
1174	586	93	77
1175	587	89	78
1173	589	91	77
1173	586	87	77
1175	587	89	79
1173	590	94	77
1172	590	95	75
1172	589	90	75
1175	589	90	76
1177	587	83	78
1175	589	90	77
1175	589	89	74
1174	589	91	78
1174	589	92	77
1173	590	91	76
1174	590	90	77
1178	590	84	77
1178	588	83	80
1176	589	84	78
1176	589	85	79
1176	590	88	78
1177	590	87	76
1171	591	91	76
1174	590	88	77
1173	590	88	78
1172	591	90	77
1171	590	92	76
1170	592	91	79
1174	590	89	79
1173	591	88	79
1174	590	88	80
1172	590	89	81
1179	592	78	77
1181	594	82	78
1179	589	84	82
1173	593	91	79
1173	596	90	76
1175	595	89	78
1175	595	87	76
1172	596	90	77
1172	596	93	77
1174	596	88	77
1170	596	97	79
1175	594	90	80
1175	597	90	77
1174	597	92	78
1173	595	90	81
1178	597	86	79
1176	597	87	78
1178	596	85	79
1179	599	86	77
1176	598	87	81
1176	598	91	78
1177	596	87	81
1177	600	88	77
1179	597	88	82
1176	600	94	78
1173	599	96	81
1175	601	90	81
1173	599	92	83
1173	603	98	80
1175	605	93	79
1179	600	90	84
1178	602	92	82
1178	604	95	81
1176	605	96	80
1176	606	97	80
1180	604	94	83
1176	605	100	79
1178	606	98	82
1179	607	96	83
1179	605	94	83
1182	607	92	82
1186	608	90	83
1175	610	103	81
1184	609	94	83
1179	611	99	82
1176	608	105	83
1183	609	100	85
1180	608	102	86
1182	608	98	89
1185	611	95	90
1192	611	90	88
1187	611	97	91
1186	612	98	87
1192	615	94	85
1190	614	96	86
1188	613	99	91
1192	615	99	88
1194	615	98	91
1195	616	97	90
1192	618	100	87
1196	620	102	86
1200	620	101	88
1199	619	100	87
1199	622	102	87
1198	621	107	88
1198	620	104	89
1202	620	106	93
1202	622	107	90
1202	622	105	90
1209	624	103	91
1204	625	111	92
1204	626	108	90
1208	628	108	91
1207	625	111	95
1207	628	114	95
1207	631	111	91
1209	630	114	97
1211	631	113	95
1216	632	107	95
1214	634	115	95
1216	635	113	96
1211	635	121	99
1218	635	115	101
1221	639	114	98
1217	639	115	98
1214	641	122	100
1219	642	118	98
1217	643	118	101
1215	643	120	99
1217	646	119	97
1217	643	122	106
1222	645	116	104
1215	646	123	106
1219	644	119	107
1219	642	118	111
1214	641	124	114
1217	645	120	112
1218	651	124	114
1220	653	118	110
1220	661	125	110
1219	662	120	109
1217	663	125	111
1217	667	124	108
1216	668	131	107
1220	668	126	109
1219	668	125	108
1220	670	123	110
1221	671	123	109
1222	670	124	108
1222	668	125	112
1222	672	125	110
1220	670	131	113
1218	670	128	114
1221	671	128	113
1220	669	130	113
1224	667	129	113
1221	670	131	112
1221	669	131	108
1223	669	133	110
1225	668	124	110
1224	664	130	115
1227	665	131	114
1226	661	132	117
1231	662	122	114
1232	664	124	114
1228	662	130	113
1230	663	124	111
1232	664	128	112
1231	663	126	108
1235	662	126	111
1237	661	124	115
1235	661	131	111
1234	664	130	110
1239	661	126	110
1234	663	129	107
1234	664	129	107
1234	663	131	109
1237	661	127	113
1237	661	129	112
1239	663	123	106
1234	663	132	104
1236	664	128	101
1234	662	133	110
1233	663	135	109
1235	663	131	113
1238	662	124	110
1234	665	132	98
1234	665	136	107
1230	665	135	100
1236	666	130	108
1234	665	133	114
1236	665	133	112
1234	665	133	110
1238	669	130	111
1236	667	134	107
1238	667	132	111
1237	667	132	112
1239	669	125	108
1241	668	128	110
1237	670	127	108
1237	670	134	110
1233	671	136	105
1235	671	134	107
1240	673	127	106
1237	672	134	108
1234	672	138	110
1236	672	132	105
1242	670	129	112
1239	672	131	109
1237	672	130	108
1235	672	136	110
1231	672	137	109
1230	675	139	108
1236	673	133	111
1235	673	129	110
1241	672	128	112
1238	673	131	113
1238	674	128	105
1237	675	133	108
1240	672	131	112
1235	676	132	106
1241	673	131	115
1237	675	130	105
1240	675	130	110
1240	675	128	109
1240	673	128	110
1239	673	132	111
1235	674	132	111
1236	674	130	109
1233	675	138	110
1237	674	135	113
1240	675	132	110
1238	676	136	110
1238	675	130	110
1244	673	125	113
1243	676	124	111
1243	676	127	111
1241	675	131	111
1237	671	137	119
1243	673	124	109
1235	674	139	113
1235	673	131	113
1241	671	131	117
1238	675	138	110
1242	674	127	115
1238	674	131	114
1234	674	134	112
1241	673	131	116
1236	676	133	111
1236	674	135	114
1241	674	125	113
1242	673	131	115
1240	675	128	110
1242	677	131	112
1237	675	132	111
1238	676	137	115
1236	677	136	110
1241	677	135	113
1241	679	130	109
1237	678	140	111
1237	679	138	114
1238	678	135	110
1235	681	140	111
1235	678	138	113
1239	678	131	114
1237	678	135	115
1235	680	142	112
1237	676	134	118
1242	680	128	110
1240	679	135	116
1241	679	132	112
1241	680	132	114
1239	680	133	113
1239	681	134	111
1247	680	130	114
1246	680	128	115
1243	679	132	117
1240	681	132	115
1243	682	132	114
1239	683	135	115
1249	683	124	112
1244	683	134	118
1242	684	135	114
1240	682	136	116
1243	683	133	111
1244	682	133	115
1247	681	130	112
1241	677	140	121
1241	678	141	117
1249	675	136	119
1244	674	137	120
1242	673	140	113
1241	674	143	112
1244	672	142	116
1242	670	145	114
1247	669	139	117
1247	668	139	110
1245	666	144	112
1248	662	141	116
1246	660	144	114
1252	655	133	116
1251	654	134	112
1247	653	142	118
1246	651	147	115
1251	649	134	110
1249	645	141	120
1249	645	137	109
1249	644	142	110
1252	641	138	112
1252	637	137	109
1250	636	146	113
1250	636	147	108
1255	632	140	111
1251	630	144	112
1250	627	147	115
1249	625	152	112
1252	624	150	109
1249	622	152	108
1250	616	151	113
1254	612	147	112
1253	612	150	110
1259	609	145	112
1257	604	148	110
1259	602	148	107
1259	598	147	110
1258	594	150	114
1267	592	144	115
1256	590	158	114
1259	589	155	109
1259	588	155	107
1261	584	153	111
1261	585	152	109
1256	583	157	103
1255	579	159	110
1261	577	154	114
1264	573	151	111
1263	572	156	108
1263	569	155	109
1261	566	157	108
1260	565	158	108
1262	559	156	112
1263	559	156	113
1260	557	157	108
1259	555	159	106
1262	551	156	109
1264	546	157	108
1262	546	158	108
1261	539	159	113
1264	537	159	107
1267	535	154	111
1267	531	158	115
1264	526	163	116
1261	524	164	112
1263	527	161	109
1261	520	164	112
1258	523	165	110
1259	522	165	107
1258	522	166	106
1259	520	162	107
1264	518	157	111
1262	514	159	112
1261	514	163	114
1261	514	164	110
1261	512	166	108
1262	514	163	107
1261	513	163	106
1264	511	162	108
1258	512	166	104
1260	512	164	105
1261	510	162	106
1261	509	162	105
1266	506	157	106
1266	504	158	106
1257	504	169	107
1259	503	166	107
1262	507	163	104
1259	504	164	104
1263	502	159	103
1265	503	158	102
1263	503	162	101
1262	500	160	105
1261	498	165	108
1262	501	165	107
1262	501	165	102
1263	501	164	103
1258	497	169	108
1258	500	168	104
1261	497	165	105
1260	497	166	104
1266	495	159	105
1268	492	157	105
1263	493	166	106
1264	491	167	103
1266	490	163	105
1264	490	163	104
1265	491	162	101
1270	486	158	110
1267	487	164	105
1270	489	160	105
1269	488	162	106
1267	486	164	110
1265	485	165	110
1267	485	159	106
1268	486	159	104
1268	489	161	104
1267	488	164	105
1265	486	164	105
1268	486	161	105
1268	488	163	102
1269	485	160	106
1265	487	166	106
1267	485	165	111
1266	487	166	108
1269	487	163	107
1270	488	165	107
1267	487	169	110
1271	487	162	109
1268	488	169	107
1270	487	165	108
1271	488	162	111
1274	488	158	110
1270	489	160	107
1269	491	165	104
1269	492	162	108
1269	496	162	103
1270	495	162	105
1271	492	163	111
1271	495	163	108
1269	494	167	110
1270	497	166	106
1274	494	161	112
1272	497	166	111
1265	499	172	106
1268	503	171	102
1266	500	172	109
1271	499	167	111
1272	502	167	109
1270	506	168	109
1268	505	168	111
1271	506	164	111
1267	508	170	105
1272	509	165	107
1275	512	160	105
1274	511	161	108
1269	512	168	107
1270	511	165	106
1275	512	155	103
1267	513	166	99
1273	515	165	109
1272	515	162	107
1270	513	164	111
1273	514	162	112
1272	513	163	114
1269	518	169	109
1272	517	166	111
1270	518	169	113
1270	521	171	111
1271	521	169	112
1269	520	169	110
1273	519	162	113
1271	523	169	112
1274	525	165	106
1269	527	170	107
1272	526	166	107
1274	526	163	109
1275	528	161	109
1273	529	160	107
1270	527	167	110
1273	526	160	117
1265	529	172	114
1267	530	167	110
1271	529	159	109
1270	529	163	113
1274	527	160	116
1274	530	160	116
1270	532	167	111
1272	531	166	115
1271	535	167	109
1271	534	164	112
1268	534	166	115
1266	536	169	114
1265	535	172	107
1271	532	162	111
1269	534	166	111
1271	533	166	111
1267	536	167	108
1271	535	161	112
1270	536	162	108
1270	536	162	109
1270	537	160	110
1269	535	165	112
1270	537	163	113
1268	536	164	113
1265	537	168	111
1266	539	165	109
1266	536	164	116
1268	537	162	112
1268	538	164	116
1266	537	166	114
1264	537	168	108
1266	535	169	114
1266	536	169	111
1269	536	166	112
1268	536	167	109
1266	539	165	110
1267	536	165	111
1267	535	166	115
1266	537	167	109
1263	536	171	111
1268	535	163	113
1267	536	165	111
1268	535	164	111
1273	535	168	108
1283	533	170	115
1296	538	174	113
1314	538	172	114
1331	540	172	113
1351	540	171	113
1367	540	174	115
1378	540	183	119
1396	541	179	119
1399	541	190	117
1410	543	186	116
1417	543	189	116
1421	541	185	118
1429	546	182	116
1431	543	181	119
1434	543	183	121
1432	545	182	118
1434	545	183	116
1436	541	183	124
1437	545	185	122
1438	544	183	123
1440	541	183	127
1436	544	184	122
1440	542	178	125
1438	542	184	123
1440	543	181	122
1439	545	181	120
1437	544	184	122
1439	546	182	119
1443	542	181	125
1439	541	185	125
1436	542	185	125
1438	544	181	117
1439	544	182	122
1440	541	181	128
1441	538	182	128
1439	540	185	127
1439	542	183	120
1440	544	185	121
1441	541	179	123
1438	542	184	120
1438	540	182	127
1435	540	186	123
1437	540	185	125
1435	542	187	123
1437	541	185	121
1438	538	181	125
1436	542	184	119
1438	541	184	120
1438	542	185	116
1437	541	185	118
1436	542	182	120
1432	543	190	116
1434	542	188	119
1438	540	181	122
1436	543	188	120
1437	541	185	122
1436	542	183	119
1439	541	181	124
1434	539	187	128
1432	543	188	121
1432	540	189	129
1436	543	191	128
1437	540	188	128
1438	541	185	128
1444	545	180	121
1443	544	180	122
1439	546	185	118
1437	545	184	122
1440	546	181	121
1430	546	189	118
1431	545	186	116
1435	546	181	115
1437	544	177	119
1444	544	169	121
1441	542	175	127
1436	541	179	125
1437	544	175	122
1431	542	186	122
1434	543	178	121
1433	543	180	121
1431	542	180	118
1430	540	180	119
1431	538	180	122
1437	539	174	126
1429	542	180	118
1425	538	182	117
1425	535	183	122
1430	531	175	125
1437	527	169	130
1425	524	177	127
1431	517	172	129
1431	519	168	127
1428	520	167	124
1427	523	170	124
1427	526	167	116
1419	526	176	115
1416	526	180	113
1418	525	174	112
1420	525	170	111
1413	527	180	109
1413	524	179	113
1417	521	174	120
1419	523	169	113
1418	519	169	117
1414	523	175	112
1415	524	173	109
1413	521	172	114
1414	521	171	115
1412	519	174	118
1412	521	172	111
1411	518	171	117
1407	521	178	112
1407	519	177	113
1410	519	171	112
1409	517	170	113
1412	518	167	112
1412	515	170	112
1413	513	164	113
1408	513	169	110
1407	515	170	109
1411	512	168	112
1409	509	168	113
1407	509	166	111
1404	509	173	112
1404	511	172	107
1408	509	165	111
1405	507	168	113
1399	505	176	113
1402	504	169	112
1405	507	168	110
1404	505	168	108
1405	503	169	111
1405	498	165	120
1400	500	168	111
1400	499	167	110
1398	503	170	108
1400	497	169	111
1402	499	169	109
1400	497	168	113
1398	498	174	109
1398	500	173	105
1400	493	170	116
1401	494	170	109
1392	499	182	108
1402	499	170	111
1396	498	173	111
1399	498	174	113
1397	504	170	106
1395	500	171	113
1398	500	166	113
1396	502	167	110
1396	501	168	113
1394	500	172	111
1393	506	172	103
1399	500	161	113
1399	501	162	113
1397	502	165	110
1399	502	163	112
1392	499	171	117
1393	499	169	114
1394	503	161	107
1391	502	165	109
1393	504	164	111
1388	502	167	113
1394	501	158	111
1398	502	154	113
1392	503	158	112
1383	505	170	111
1388	504	160	110
1386	499	166	112
1384	502	163	108
1385	501	162	111
1386	501	158	112
1387	502	154	109
1383	502	156	108
1383	499	157	110
1376	500	165	111
1378	495	161	115
1380	491	160	120
1389	489	143	118
1378	487	153	121
1379	487	146	115
1375	491	156	112
1371	492	159	114
1367	496	163	105
1371	494	157	107
1366	496	158	105
1363	496	159	104
1368	495	152	105
1369	495	153	108
1369	493	152	110
1367	492	150	108
1362	498	158	102
1365	494	152	108
1364	496	154	108
1365	491	153	116
1360	494	151	110
1362	495	152	111
1365	497	149	110
1362	497	154	111
1359	499	155	107
1356	501	159	106
1360	502	146	103
1359	500	156	106
1361	499	152	107
1364	501	148	106
1360	501	148	103
1358	505	156	97
1362	503	154	99
1366	502	151	105
1360	504	154	103
1364	502	153	105
1366	502	152	105
1365	505	152	99
1365	503	154	102
1365	502	158	103
1364	503	156	101
1373	503	151	103
1373	500	153	106
1381	495	146	114
1380	501	147	108
1374	499	152	104
1377	496	153	103
1379	495	155	107
1381	493	153	108
1385	494	152	107
1385	495	154	106
1390	495	151	106
1385	495	156	104
1389	496	154	100
1390	496	156	102
1392	497	154	101
1390	499	158	101
1391	499	157	100
1392	496	156	105
1393	499	156	101
1394	500	155	98
1398	496	156	104
1400	499	153	101
1399	497	156	104
1399	494	157	106
1397	497	162	105
1409	495	147	108
1400	497	160	106
1404	499	153	105
1401	498	157	104
1410	503	151	101
1406	502	153	105
1407	501	154	105
1411	498	152	106
1407	501	155	104
1405	501	155	100
1408	501	157	100
1403	501	161	100
1406	498	157	101
1408	501	157	100
1408	501	158	99
1409	500	156	102
1407	499	159	97
1411	496	157	102
1411	496	156	98
1414	494	152	104
1415	497	150	103
1416	497	152	98
1416	496	154	100
1418	496	152	98
1416	496	153	100
1416	497	155	95
1418	496	151	95
1416	494	156	97
1413	493	160	99
1421	488	155	103
1418	488	157	98
1424	483	152	102
1420	480	153	102
1420	477	154	107
1421	475	150	108
1422	469	155	106
1431	477	145	101
1427	471	148	106
1423	475	155	103
1427	474	148	103
1426	477	151	97
1419	473	156	97
1426	477	147	93
1424	476	151	95
1425	478	146	93
1422	480	153	91
1422	480	151	91
1423	485	153	87
1425	476	148	96
1428	476	146	98
1427	476	149	96
1421	477	153	96
1423	479	149	90
1419	484	154	87
1421	480	152	92
1426	481	147	94
1427	480	144	94
1425	481	147	93
1421	482	150	91
1424	480	146	96
1428	481	142	92
1420	481	149	93
1422	481	148	92
1417	481	154	94
1420	483	149	90
1422	481	145	93
1420	482	147	93
1420	481	145	91
1419	482	148	92
1418	481	150	93
1417	482	150	89
1412	482	153	88
1418	482	147	88
1420	481	143	91
