574	523	41	105
572	517	47	116
573	524	42	103
570	522	47	101
569	526	47	94
569	523	43	105
567	525	43	94
566	527	43	98
566	527	43	98
562	527	42	95
561	529	48	81
559	530	51	82
556	531	54	91
553	528	56	98
554	526	58	98
556	529	50	102
554	530	53	100
554	531	50	100
554	533	51	94
557	530	46	103
559	528	48	105
559	529	46	106
558	527	43	110
556	526	46	109
555	528	51	101
557	530	49	96
562	531	41	100
561	525	44	98
561	527	44	105
558	533	51	101
562	536	50	90
567	534	48	91
570	535	45	88
571	537	49	97
573	529	51	101
574	535	50	84
579	536	52	95
578	530	50	101
584	537	48	96
590	536	47	99
590	539	45	98
590	536	51	90
594	538	54	83
596	535	50	95
595	537	55	89
594	538	58	82
600	538	58	81
604	534	56	92
601	537	64	93
606	538	56	99
606	537	57	89
612	537	51	105
608	541	60	88
610	546	63	85
617	549	59	92
617	548	57	91
620	548	57	93
622	549	55	102
619	551	57	108
624	540	54	120
625	542	58	118
624	542	56	109
632	546	48	109
635	545	47	108
634	543	47	112
636	542	47	113
636	540	50	103
636	536	53	107
636	531	55	108
635	530	60	103
636	525	61	105
638	522	58	96
636	522	60	88
641	519	52	86
645	514	47	88
643	510	47	91
640	504	55	92
647	495	44	101
643	496	50	93
644	494	47	83
641	492	49	85
643	491	44	97
642	493	49	94
641	488	50	93
641	487	51	101
641	484	52	107
641	490	46	92
641	492	48	82
639	493	51	86
639	491	54	84
638	491	51	90
635	488	51	98
637	490	51	92
634	490	53	91
634	490	48	85
630	490	54	83
630	490	49	83
627	488	55	96
622	489	65	87
624	488	54	94
622	488	49	90
619	490	55	83
617	488	49	74
618	488	47	77
613	489	47	79
612	486	48	91
608	488	51	92
606	486	50	84
603	487	51	75
601	488	53	82
597	487	59	84
596	485	53	91
594	487	52	82
589	486	52	95
587	487	54	93
583	490	57	92
577	492	65	85
573	490	63	86
571	487	67	94
569	491	74	77
569	490	62	75
568	488	53	73
565	494	51	78
563	493	48	75
554	492	57	75
549	491	59	82
546	489	54	83
540	489	57	90
539	490	55	82
538	492	48	81
532	494	55	80
531	493	51	83
523	491	54	88
526	493	45	86
522	492	48	90
514	492	58	99
512	486	63	103
504	489	68	90
505	492	62	89
500	493	58	85
498	490	57	97
494	492	63	90
494	489	50	98
493	489	52	91
487	490	64	87
486	484	56	92
483	488	61	84
483	488	56	70
480	490	56	83
482	488	54	85
482	485	53	85
477	484	62	85
473	484	77	87
470	475	65	88
476	480	51	79
480	479	46	78
478	473	51	75
477	473	47	79
477	471	47	80
476	472	44	85
476	471	43	83
477	468	43	80
475	467	46	81
474	466	41	82
475	467	43	77
475	468	43	69
475	470	40	63
475	470	44	64
475	470	43	67
474	473	43	63
474	470	42	61
476	472	41	68
472	468	43	71
473	473	42	75
471	472	47	81
473	471	45	88
471	472	42	81
471	471	48	79
467	473	48	69
465	472	44	72
466	471	45	73
464	474	54	73
464	471	48	79
464	467	48	86
461	472	51	79
461	471	55	78
460	470	51	79
459	470	53	75
461	472	48	73
461	470	49	72
460	470	48	77
460	469	48	79
458	471	50	75
456	474	51	72
458	473	53	77
456	471	57	75
453	473	60	82
459	471	50	88
454	473	52	84
454	475	54	85
452	476	58	84
454	472	56	90
456	480	58	81
456	479	53	78
456	479	51	70
456	480	51	72
451	480	52	63
454	478	47	72
454	478	48	73
453	477	52	74
451	477	51	78
449	476	56	75
448	478	54	73
451	476	53	78
447	474	48	76
444	472	53	82
448	473	47	73
447	473	48	63
447	473	47	61
447	472	47	62
447	475	46	62
444	473	48	68
447	475	46	65
445	474	52	70
442	473	54	74
445	476	47	67
446	476	48	69
440	475	53	70
443	475	43	63
442	475	45	67
442	476	43	77
442	476	45	72
442	477	43	68
443	477	38	68
443	479	40	67
439	476	41	60
439	476	38	65
437	474	41	62
435	471	40	68
431	471	44	64
429	472	46	61
428	470	46	61
429	468	40	60
426	467	44	59
424	463	44	63
422	461	49	69
422	461	47	64
414	458	49	66
412	455	45	60
411	452	48	68
410	453	49	64
408	453	49	64
407	453	38	56
400	453	44	53
399	453	46	55
396	452	50	62
392	448	48	68
393	447	41	75
388	448	41	70
385	448	46	72
382	449	43	72
378	450	52	66
374	449	46	71
367	450	57	66
363	452	59	62
362	449	51	61
361	450	46	65
360	450	43	63
355	452	43	61
357	450	37	67
348	453	45	63
342	450	50	74
342	449	45	76
336	450	45	74
329	452	47	78
328	453	49	74
324	451	52	70
322	452	46	70
320	450	46	80
315	448	49	80
313	449	43	80
302	452	50	69
300	454	54	73
297	452	48	78
291	453	54	76
283	449	58	76
282	451	56	73
279	449	56	78
275	445	52	80
272	445	52	81
270	439	53	86
269	436	50	84
257	430	58	87
256	432	59	88
256	426	58	86
259	425	47	89
253	422	48	89
255	420	46	83
246	419	53	77
249	410	47	80
250	408	42	78
246	405	44	77
242	410	50	71
240	399	52	81
246	390	39	79
239	389	48	76
239	383	46	90
242	384	43	83
237	373	45	89
238	359	47	97
236	366	46	110
235	353	42	116
236	356	44	112
237	350	49	98
235	363	52	111
235	355	43	122
236	352	44	114
235	352	45	112
233	354	48	116
231	354	49	117
231	352	48	118
233	350	44	120
232	350	45	107
238	346	34	95
232	358	43	89
236	352	39	85
237	364	37	71
236	368	41	70
237	356	37	78
239	374	35	76
239	375	40	71
238	374	34	62
237	374	36	62
237	374	39	61
235	367	39	68
238	383	40	68
237	361	39	73
241	380	39	71
242	358	33	76
237	371	41	70
242	369	38	79
240	363	40	82
242	364	37	77
245	363	34	81
239	361	37	84
236	359	42	81
238	363	41	83
237	363	42	79
238	364	42	82
238	361	42	78
241	364	37	65
240	373	42	75
232	374	51	70
241	378	41	70
236	358	42	75
238	370	40	66
237	367	42	64
242	369	36	61
242	364	35	67
238	362	39	71
241	358	42	74
240	355	46	77
243	354	42	79
246	359	36	75
243	359	43	65
244	361	46	68
248	363	41	64
250	353	38	70
251	357	42	78
257	351	38	79
251	361	45	67
256	366	44	60
260	363	43	60
258	355	44	65
255	358	46	66
269	349	44	70
276	351	37	73
274	352	43	66
275	359	48	70
278	353	48	75
266	347	35	72
297	359	33	69
298	342	35	77
305	360	31	71
282	347	31	71
298	360	36	70
336	353	38	56
314	357	42	60
317	368	35	61
319	376	36	62
317	369	45	67
318	382	38	58
320	377	32	50
320	377	32	50
319	356	33	56
300	358	38	53
285	361	48	46
255	366	40	38
229	366	38	34
227	362	36	43
180	374	39	49
180	374	39	49
189	367	37	51
184	367	37	48
176	364	39	42
174	367	43	44
172	365	44	45
173	365	49	46
164	363	59	52
137	365	75	44
157	362	82	45
134	363	85	45
127	356	91	56
135	359	97	58
110	364	109	72
123	355	121	65
136	357	123	72
148	356	125	63
127	356	140	77
136	340	143	88
223	348	141	90
279	346	119	80
302	342	111	87
368	335	107	86
410	338	121	73
410	338	121	73
519	341	108	61
561	345	96	61
611	347	98	42
651	346	94	40
677	347	112	39
684	348	121	43
714	344	123	46
733	348	126	37
718	359	126	46
740	339	129	53
760	344	115	62
772	343	125	41
772	346	119	48
767	340	117	47
758	345	118	57
797	342	95	53
793	340	87	51
801	342	75	58
802	343	68	60
809	340	65	64
806	336	60	66
806	338	62	67
806	339	61	60
810	343	59	49
806	344	63	43
801	344	63	50
805	343	63	50
807	341	67	51
803	344	64	52
795	346	73	45
800	343	74	52
793	345	76	39
788	345	86	42
787	342	99	44
782	342	108	46
788	339	99	57
792	341	88	61
794	341	84	47
796	339	74	50
794	341	67	48
796	346	69	40
795	347	69	39
790	343	76	48
792	345	70	51
791	347	70	51
788	345	81	51
786	346	78	46
786	347	79	40
783	346	84	48
786	347	80	43
785	344	81	52
786	345	76	52
786	345	77	53
786	341	76	65
787	341	81	75
784	334	83	83
787	332	77	86
785	331	80	87
784	331	83	91
785	328	81	96
786	334	75	92
781	330	81	93
781	333	83	89
784	332	79	89
779	329	86	87
780	329	82	94
775	335	91	69
778	331	78	88
781	338	68	75
775	340	80	68
773	344	83	60
772	347	86	51
773	347	82	48
775	348	85	47
772	347	84	48
767	348	90	54
765	345	98	59
764	338	94	71
766	341	92	66
765	344	87	64
760	343	93	70
766	335	86	68
764	340	86	58
768	334	79	71
761	330	89	72
756	342	92	65
757	333	94	72
756	338	92	64
757	333	95	68
755	345	98	68
754	341	98	79
753	342	106	86
754	343	106	90
748	342	119	69
742	346	118	60
747	348	114	55
750	349	108	57
750	351	102	58
748	352	102	56
748	351	101	56
748	349	102	60
747	350	104	59
747	351	106	58
752	353	94	58
751	354	91	57
747	354	104	58
739	358	121	49
730	355	140	63
738	348	120	85
740	351	106	67
737	351	109	66
732	354	121	62
734	353	118	60
732	355	126	58
729	354	138	64
730	349	134	75
725	351	147	69
727	353	146	65
725	351	149	74
728	351	137	65
729	354	139	65
727	354	148	64
726	356	148	59
725	355	150	63
721	358	156	55
717	358	161	55
721	357	162	62
718	358	164	57
720	356	160	60
724	356	148	64
726	355	142	64
729	353	126	74
729	358	121	62
729	358	118	64
728	360	118	59
727	359	124	63
725	359	126	63
725	360	127	63
727	361	134	65
724	362	159	59
721	359	173	63
725	360	164	56
722	361	172	64
723	360	176	60
719	359	180	77
721	357	180	74
720	361	181	65
727	359	174	70
727	359	178	66
732	361	168	69
726	360	181	74
724	361	184	62
719	365	196	64
725	364	183	63
728	362	183	75
727	359	187	73
728	362	185	69
723	366	196	67
729	364	193	68
722	364	205	67
725	369	200	63
724	363	202	75
731	366	192	69
729	366	205	76
736	362	196	73
731	365	206	83
743	363	191	86
749	367	186	74
740	365	170	84
741	360	183	99
742	359	198	90
740	362	209	79
742	360	213	85
758	360	203	78
739	361	221	87
753	360	208	82
760	351	201	96
759	370	205	69
756	369	204	81
767	370	200	77
760	366	217	85
757	367	221	80
768	362	205	86
774	366	202	77
763	364	213	85
777	363	196	85
774	367	202	80
779	362	201	90
778	368	207	77
784	366	199	83
762	368	228	89
785	366	214	82
788	358	212	95
762	365	248	92
788	354	216	104
789	370	217	77
782	370	219	89
788	370	217	79
796	366	216	86
784	370	230	78
796	373	221	75
786	374	238	75
777	370	253	78
801	369	229	76
777	371	252	69
800	365	236	84
791	369	245	81
801	370	242	73
790	374	252	82
807	371	241	80
791	367	263	80
810	359	259	92
791	364	263	82
817	360	240	90
817	367	239	76
820	363	244	83
830	364	233	85
839	366	224	85
816	371	255	76
823	359	243	97
831	360	233	89
837	362	235	90
827	363	250	88
847	344	245	110
836	350	246	105
841	352	235	103
844	348	242	102
829	355	259	95
842	351	246	101
822	357	269	93
837	359	255	92
841	362	251	90
810	356	289	97
835	350	267	101
842	361	262	97
846	358	265	92
839	357	266	98
852	362	255	93
847	357	254	97
851	350	253	105
849	358	257	98
854	361	251	97
856	358	249	95
837	366	282	87
815	357	304	101
828	352	303	104
833	356	297	97
847	360	277	95
849	358	273	99
858	347	266	117
847	356	276	105
851	358	268	103
858	362	259	97
848	363	275	92
858	362	267	101
859	356	269	105
862	362	260	98
853	362	273	93
863	365	264	92
858	353	263	107
859	366	267	94
859	362	266	101
860	370	263	88
855	367	263	90
851	350	275	110
852	356	275	110
842	354	281	102
859	351	266	113
862	353	259	108
861	348	267	118
861	355	266	107
860	357	264	104
861	346	267	121
855	344	275	124
851	342	277	120
848	343	280	119
850	348	279	117
848	344	278	117
849	348	282	116
851	348	272	120
854	351	263	107
857	358	268	104
855	363	269	97
859	347	262	114
861	351	263	113
861	355	264	105
865	348	255	108
857	351	275	110
857	347	266	112
859	355	266	110
863	357	259	104
862	369	264	93
851	356	276	107
848	359	273	100
860	367	265	88
850	353	276	105
856	355	273	106
856	356	271	102
857	353	276	108
850	359	281	98
849	361	285	98
857	347	260	113
860	358	265	103
862	374	260	79
859	369	262	85
857	374	273	90
850	359	268	100
856	366	266	89
851	373	272	87
845	373	273	86
853	370	269	85
851	371	265	87
847	372	279	84
845	375	279	83
846	367	275	93
856	376	260	82
847	371	283	85
845	372	270	83
853	370	265	86
848	366	269	90
844	360	277	96
849	364	277	95
845	369	271	88
851	370	265	84
842	379	281	73
848	372	271	83
848	377	273	80
843	376	274	81
847	370	267	89
844	349	277	109
846	352	279	111
827	358	297	99
843	371	275	91
836	369	283	91
846	364	264	95
848	368	273	92
842	361	274	94
848	367	275	101
835	359	288	103
844	365	270	96
832	376	283	78
840	382	272	81
842	379	270	86
838	372	279	93
835	373	281	98
833	370	282	103
831	373	296	109
840	373	287	107
825	385	300	97
803	381	313	105
790	370	333	117
783	370	343	119
822	371	300	120
823	386	299	109
833	377	284	112
802	382	310	104
808	385	320	103
818	397	292	94
820	382	299	106
808	399	302	101
824	379	297	116
801	397	321	97
782	403	325	91
796	395	328	99
802	377	313	130
792	387	332	117
777	380	335	121
784	401	330	94
782	385	336	112
751	402	364	92
735	407	371	92
751	398	394	101
752	371	362	134
751	376	359	135
761	382	351	122
745	402	377	107
751	392	353	115
761	403	345	108
759	400	342	115
756	393	344	126
756	368	348	163
754	369	361	158
732	382	390	151
744	390	361	144
727	389	380	141
730	392	377	141
731	397	360	133
725	401	373	133
718	398	380	133
709	402	395	131
704	411	394	117
700	408	404	123
706	415	405	116
696	395	412	147
696	407	410	142
713	391	383	157
711	411	379	149
699	398	385	158
681	407	405	140
701	422	403	128
687	414	402	136
677	405	425	159
689	404	419	158
679	400	428	166
660	418	449	140
664	418	470	160
660	400	471	173
680	410	457	183
685	405	457	194
683	396	459	184
673	406	476	177
690	386	484	217
691	388	482	205
703	413	478	199
709	412	479	193
699	400	486	200
703	405	476	196
706	406	489	206
708	403	506	214
706	416	509	207
688	406	538	222
700	400	535	220
678	392	572	243
682	398	558	228
688	393	566	236
674	391	585	258
681	386	570	275
676	391	590	275
675	397	602	271
667	395	611	288
706	396	557	298
677	397	608	297
660	386	623	308
648	379	659	327
682	395	640	311
663	387	655	309
661	398	672	298
654	396	665	328
660	379	666	355
638	378	702	358
638	385	685	340
637	370	704	372
638	371	703	391
629	375	748	375
648	365	740	389
643	394	727	346
660	378	739	358
649	369	732	386
661	373	658	346
686	363	668	379
703	371	707	370
706	356	667	366
739	376	661	337
733	351	685	385
746	352	702	372
761	370	698	344
761	357	670	360
786	380	696	355
772	367	693	357
775	374	704	361
767	360	730	379
797	374	676	358
778	365	716	383
760	360	781	380
792	383	779	381
772	339	778	429
787	358	796	421
755	378	789	400
754	349	775	437
760	350	726	406
790	361	749	396
760	371	808	380
785	382	785	364
783	395	812	345
789	392	820	352
778	354	803	409
802	378	807	379
903	367	761	475
800	372	727	383
798	380	767	357
797	385	757	360
790	335	760	417
818	388	817	369
819	370	793	374
831	371	774	375
831	348	788	410
811	366	826	421
826	360	765	406
810	347	831	431
805	377	804	400
820	380	815	375
821	354	743	406
819	374	821	416
793	350	856	451
821	374	853	394
817	385	827	362
816	382	830	370
812	390	809	358
813	389	833	377
809	412	785	369
801	381	835	412
810	333	840	476
819	370	806	459
850	354	833	457
811	379	843	413
796	392	858	399
811	384	854	407
815	411	863	365
818	372	863	413
818	375	813	418
832	384	844	424
801	395	882	401
797	346	916	487
859	359	963	496
531	383	1073	390
809	400	1030	406
571	337	1063	530
748	371	977	483
801	379	896	452
836	393	814	393
841	417	775	342
835	397	822	361
836	389	825	407
813	387	862	446
873	383	840	417
850	406	840	389
861	418	839	365
852	395	860	431
841	397	864	464
881	405	898	394
852	405	848	423
885	341	863	529
861	422	986	423
734	363	939	427
736	364	988	506
818	383	946	478
883	378	1043	582
707	322	1137	669
714	356	1174	573
740	384	1132	513
798	385	1108	514
867	386	1058	520
805	355	979	565
942	413	877	427
856	417	880	438
897	399	859	426
854	443	835	384
849	392	887	449
882	443	797	345
816	412	787	363
866	425	790	318
805	409	811	340
819	433	800	317
847	426	786	331
867	454	741	367
950	440	705	375
856	410	794	416
886	434	760	390
858	410	876	428
894	453	781	351
879	434	829	396
878	429	870	440
919	446	820	379
911	434	880	467
949	413	968	507
902	425	912	446
888	429	1031	401
845	413	979	440
865	441	1050	369
790	481	964	291
856	481	929	322
910	451	898	367
933	452	896	372
872	418	851	411
876	439	933	386
943	417	979	431
849	427	966	438
847	443	1071	369
905	420	1015	395
840	410	1038	419
924	433	1006	409
824	472	946	325
892	477	943	300
794	455	856	302
901	516	784	241
934	461	722	332
991	467	679	332
909	453	692	327
954	452	672	343
1043	429	626	352
937	453	660	287
950	439	646	332
997	464	637	310
884	474	712	287
977	452	636	320
1041	454	581	324
992	483	590	258
936	468	644	297
1016	448	592	326
966	442	645	338
1036	452	540	292
1002	444	576	312
1082	452	533	324
