1230	624	38	120
1230	623	39	118
1230	622	42	118
1231	621	40	122
1230	619	40	123
1230	616	39	125
1230	620	40	117
1231	619	38	113
1231	616	37	115
1229	617	38	114
1230	612	37	114
1230	613	38	113
1230	613	38	109
1231	610	35	112
1232	611	38	107
1231	610	37	109
1230	611	38	109
1232	608	36	111
1231	609	38	111
1231	607	39	113
1232	607	37	114
1234	608	36	113
1233	605	36	111
1233	605	36	111
1233	602	36	113
1233	605	38	110
1233	601	38	110
1235	599	36	113
1233	600	39	110
1235	599	36	108
1236	600	36	104
1236	596	37	109
1237	598	35	106
1237	602	37	104
1239	608	36	99
1239	600	37	110
1240	596	35	114
1240	593	35	116
1239	597	34	112
1237	592	33	113
1236	591	36	112
1237	590	33	113
1239	592	34	113
1239	590	33	115
1239	590	33	113
1236	592	37	105
1237	592	35	107
1240	593	32	104
1238	589	35	110
1239	590	34	109
1240	587	33	113
1239	588	35	112
1241	589	34	112
1239	591	35	109
1239	589	35	108
1239	588	34	110
1237	588	38	110
1238	584	36	110
1239	582	37	114
1239	580	36	115
1241	580	36	115
1240	582	39	110
1240	580	38	114
1238	580	38	107
1238	578	38	107
1237	577	38	110
1235	576	40	107
1236	576	39	109
1234	577	39	109
1235	575	39	110
1233	576	39	107
1234	576	38	107
1234	571	36	109
1230	575	39	107
1232	572	37	107
1231	571	37	108
1230	574	35	107
1227	570	41	104
1232	571	34	111
1230	573	34	110
1229	568	35	113
1227	568	35	108
1225	567	38	106
1224	565	36	111
1224	565	35	113
1222	568	37	108
1222	568	37	107
1219	565	36	109
1217	565	37	113
1216	562	37	114
1216	567	36	110
1215	567	38	105
1213	565	38	112
1214	565	35	114
1213	567	35	107
1211	565	38	108
1212	566	34	109
1211	566	35	110
1210	566	36	107
1208	569	37	107
1206	567	38	112
1206	573	35	104
1205	574	34	104
1206	573	32	107
1201	574	36	104
1200	572	36	108
1198	574	36	109
1196	573	37	109
1194	573	35	106
1194	574	34	106
1191	575	35	106
1190	575	35	106
1189	575	32	107
1189	576	34	107
1186	576	35	108
1185	576	34	109
1182	573	35	111
1181	576	35	111
1178	579	38	110
1178	578	39	110
1176	580	37	113
1174	578	37	118
1169	582	47	113
1167	581	46	113
1167	583	44	115
1165	579	42	118
1165	584	37	116
1163	583	37	117
1160	587	44	112
1160	588	42	108
1157	587	40	111
1156	591	41	109
1150	591	45	106
1149	590	44	109
1147	591	45	111
1140	591	53	114
1133	583	55	126
1134	591	53	121
1132	589	53	119
1131	589	53	125
1131	589	48	127
1130	591	43	127
1127	588	44	127
1128	589	41	124
1127	589	39	127
1123	589	43	127
1120	591	46	126
1115	584	44	136
1116	585	43	136
1117	588	39	127
1116	588	40	132
1105	594	51	131
1095	591	56	139
1090	590	65	147
1084	587	79	149
1090	587	67	151
1077	603	85	142
1084	599	63	139
1091	600	62	140
1083	598	68	146
1074	600	80	141
1068	607	80	137
1071	602	76	140
1071	594	71	150
1071	592	89	153
1066	597	103	148
1064	606	101	138
1064	605	101	136
1061	620	102	121
1061	628	104	111
1063	626	100	111
1065	628	96	107
1064	634	94	104
1062	628	95	109
1063	632	94	103
1064	633	93	103
1064	632	92	101
1064	624	92	109
1062	630	95	101
1061	611	96	120
1060	604	92	125
1058	604	94	124
1057	595	99	131
1055	592	101	135
1054	597	94	129
1057	601	87	126
1055	603	93	125
1053	589	95	141
1056	592	85	136
1052	594	93	133
1053	598	92	128
1052	596	83	132
1051	588	83	144
1056	585	70	142
1056	596	60	132
1050	604	54	124
1055	605	70	124
1050	608	54	116
1056	620	46	107
1061	621	39	105
1061	625	39	98
1061	624	42	98
1062	626	40	99
1062	628	40	97
1064	625	38	102
1064	627	38	103
1063	627	39	105
1063	628	39	103
1064	629	38	104
1064	628	39	105
1064	630	41	102
1067	631	39	101
1067	628	42	106
1075	630	33	102
1074	631	36	102
1075	632	39	100
1080	633	32	98
1080	632	34	99
1081	633	32	98
1084	634	32	100
1087	637	30	99
1088	636	29	102
1090	638	30	99
1091	639	28	100
1090	635	33	104
1092	636	32	106
1094	634	30	107
1095	632	30	111
1097	633	28	110
1102	638	34	108
1099	635	34	108
1102	634	34	109
1105	634	31	110
1107	636	32	107
1107	634	31	109
1109	635	32	107
1108	634	33	111
1108	634	34	107
1108	633	39	112
1107	638	38	107
1108	642	38	106
1108	645	39	101
1107	647	43	106
1111	648	38	101
1113	647	39	103
1116	648	38	101
1118	650	38	103
1119	658	38	93
1123	661	38	90
1123	657	42	93
1130	655	33	95
1130	658	36	93
1137	664	30	92
1138	652	29	102
1139	654	29	101
1141	651	26	107
1142	652	27	109
1145	655	25	103
1146	654	28	106
1145	651	31	105
1145	647	36	113
1147	646	34	116
1151	647	31	118
1153	644	33	120
1153	642	33	118
1155	655	33	103
1156	663	31	98
1158	662	32	98
1157	655	35	102
1157	651	36	107
1159	648	34	112
1161	647	33	114
1160	647	35	116
1160	649	38	114
1161	646	38	117
1162	649	38	117
1165	650	37	113
1165	652	38	115
1167	653	35	114
1170	651	34	115
1170	653	36	112
1172	655	36	112
1175	659	33	109
1177	656	32	111
1177	655	31	112
1180	651	33	118
1179	653	33	121
1178	654	35	116
1182	654	33	120
1182	655	31	114
1184	656	31	123
1182	655	32	120
1185	654	28	124
1184	655	33	120
1186	657	31	116
1186	654	31	119
1188	656	32	114
1189	653	33	119
1188	656	32	111
1188	657	34	114
1191	657	30	115
1190	656	33	117
1190	657	32	116
1191	656	32	119
1190	656	34	117
1193	656	33	118
1194	652	32	122
1193	655	33	118
1194	659	34	118
1195	661	37	118
1196	658	36	116
1197	659	35	121
1197	660	37	119
1199	661	36	118
1202	663	32	119
1204	680	30	110
1203	681	32	111
1205	677	32	109
1205	672	34	119
1206	667	31	125
1210	677	30	118
1210	667	34	126
1210	668	34	128
1211	666	34	128
1213	663	34	132
1215	658	30	138
1215	661	31	134
1217	655	31	129
1217	655	32	119
1216	656	34	116
1217	655	34	118
1217	653	34	122
1218	650	36	120
1218	650	35	119
1221	652	34	117
1223	648	33	121
1222	650	33	118
1224	648	34	118
1224	649	36	119
1225	647	37	121
1226	647	35	118
1228	647	36	117
1229	647	35	113
1230	644	37	117
1231	644	35	116
1231	645	36	112
1234	644	34	113
1233	648	37	110
1235	644	35	116
1236	639	35	121
1237	638	34	118
1239	638	35	121
1240	639	34	115
1240	640	34	116
1240	638	34	119
1242	639	33	118
1242	634	35	124
1243	636	33	124
1246	637	33	120
1244	635	34	117
1246	636	34	116
1245	637	35	112
1246	634	35	112
1248	635	32	116
1249	631	31	118
1249	631	32	122
1249	631	33	118
1251	632	33	117
1249	632	39	115
1249	631	37	115
1250	629	38	117
1253	629	36	115
1254	629	35	121
1257	629	36	115
1256	626	36	117
1257	627	37	116
1259	626	36	116
1261	628	35	114
1260	623	38	118
1261	622	37	119
1263	623	37	119
1263	625	36	118
1263	623	38	118
1264	623	36	115
1268	622	33	121
1266	623	35	116
1266	622	36	119
1268	622	34	117
1269	622	34	117
1271	617	32	124
1271	620	35	118
1271	620	36	119
1271	616	36	120
1274	615	33	118
1276	610	31	120
1275	613	35	115
1274	614	37	117
1274	609	37	117
1276	610	38	117
1279	610	35	117
1278	609	37	116
1279	608	37	118
1280	611	36	116
1280	612	37	115
1282	609	37	114
1283	611	35	114
1282	609	38	115
1285	606	37	119
1284	606	40	121
1284	611	39	113
1284	609	41	115
1286	607	38	115
1284	609	43	114
1284	608	41	114
1287	606	39	115
1288	605	40	117
1290	606	38	116
1289	605	36	121
1292	608	34	117
1292	608	34	120
1294	607	33	121
1294	608	35	120
1295	610	34	117
1293	609	38	118
1293	609	36	122
1294	604	35	125
1293	607	39	123
1292	606	40	118
1294	603	39	123
1293	606	38	116
1296	605	35	117
1294	607	37	118
1296	609	37	114
1295	611	37	114
1297	608	35	117
1297	610	36	112
1298	610	33	116
1296	610	37	113
1297	616	34	111
1295	614	34	118
1291	611	37	116
1290	609	36	119
1288	610	36	112
1284	612	38	111
1283	613	38	112
1280	613	39	114
1282	613	36	112
1281	613	36	114
1279	613	37	114
1279	616	37	116
1278	617	36	116
1276	616	36	118
1276	615	38	120
1276	616	37	124
1276	617	39	118
1275	618	39	118
1277	616	37	120
1275	618	39	120
1272	619	41	124
1274	622	40	118
1274	622	38	119
1273	620	39	121
1276	625	35	118
1274	622	38	120
1274	624	36	119
1274	624	38	119
1273	628	40	119
1273	631	39	117
1275	628	34	121
1274	629	37	123
1274	631	37	127
1274	633	37	119
1274	631	39	124
1272	636	40	122
1274	636	39	121
1274	638	40	124
1273	638	41	119
1275	643	37	121
1275	642	37	123
1272	641	40	122
1273	642	42	122
1274	640	39	121
1274	642	39	123
1274	646	40	121
1273	647	38	125
1272	652	40	120
1272	650	40	128
1273	650	39	125
1273	652	38	123
1275	651	34	124
1272	656	37	122
1271	656	40	123
1272	654	38	127
1271	654	39	125
1270	655	41	126
1270	657	40	121
1270	657	39	128
1271	655	39	128
1273	656	36	134
1270	657	38	128
1271	658	36	130
1270	659	39	132
1271	663	39	124
1272	662	39	135
1272	659	39	138
1274	658	40	141
1274	662	38	134
1277	664	37	130
1275	664	40	131
1277	664	39	127
1277	664	39	130
1280	665	39	123
1280	663	40	130
1280	661	41	129
1281	663	39	126
1281	667	42	119
1282	665	42	126
1281	664	44	130
1283	663	42	134
1284	665	43	130
1285	665	43	133
1286	667	41	132
1288	667	39	129
1287	670	40	128
1288	671	41	129
1290	670	39	125
1293	670	36	125
1292	670	37	133
1293	668	38	135
1296	671	37	132
1293	670	39	132
1294	672	38	132
1291	671	41	134
1291	671	41	138
1287	673	44	136
1286	673	43	146
1284	674	42	144
1282	675	43	145
1281	676	42	143
1280	677	41	147
1280	678	41	139
1281	679	40	143
1280	682	43	135
1278	682	45	139
1282	680	42	142
1281	679	42	140
1284	679	40	140
1283	684	43	141
1284	683	41	150
1284	675	45	158
1284	687	42	147
1285	688	41	152
1287	692	38	148
1285	701	43	142
1284	701	43	146
1285	702	41	144
1284	699	41	146
1285	700	42	142
1284	701	43	145
1282	701	43	141
1283	701	43	143
1285	699	38	147
1284	696	39	147
1279	698	44	142
1281	699	42	139
1278	696	46	148
1279	697	44	148
1276	697	47	145
1276	695	46	143
1272	694	44	147
1267	694	46	147
1258	692	48	140
1245	690	46	146
1238	688	48	156
1224	688	47	144
1217	688	45	138
1210	686	45	134
1204	685	42	133
1200	686	43	131
1195	683	43	133
1190	681	46	136
1190	680	41	129
1186	679	43	136
1185	678	42	135
1187	677	40	133
1187	678	38	131
1185	677	41	132
1184	675	39	134
1181	676	39	133
1175	675	39	127
1164	675	40	126
1154	672	38	123
1141	669	36	124
1123	669	37	120
1111	667	38	127
1099	662	39	128
1089	657	38	130
1081	658	36	127
1074	654	37	128
1070	656	36	124
1065	656	38	121
1061	656	39	119
1058	653	44	131
1057	651	41	125
1056	650	43	128
1055	650	43	129
1054	649	44	132
1055	649	41	131
1055	649	43	132
1055	647	44	135
1057	645	41	140
1058	644	39	138
1058	642	38	135
1058	643	40	126
1058	644	41	119
1057	643	42	121
1058	641	38	122
1058	640	38	119
1058	639	39	121
1056	640	40	116
1058	639	37	119
1058	638	37	121
1059	638	37	117
1059	638	37	118
1059	638	39	120
1058	638	38	118
1059	637	37	117
1059	637	37	120
1061	636	36	115
1060	636	37	117
1061	635	36	116
1062	635	35	117
1062	631	36	126
1062	631	38	126
1064	630	35	125
1065	630	37	123
1065	630	36	120
1067	630	36	119
1068	628	37	127
1069	628	35	130
1068	629	41	129
1069	628	40	131
1070	628	37	128
1072	629	37	122
1072	630	35	119
1074	629	35	117
1075	628	35	121
1074	628	38	118
1075	629	38	112
1076	628	38	120
1078	626	36	118
1080	628	35	119
1080	628	34	115
1082	626	33	119
1083	624	33	126
1084	624	32	121
1083	627	32	119
1084	627	34	122
1084	628	34	120
1084	626	33	123
1084	626	32	124
1080	625	34	125
1076	627	34	120
1070	628	36	121
1068	625	34	124
1062	623	36	124
1057	625	38	121
1056	626	37	119
1051	626	41	122
1048	626	43	121
1048	627	43	125
1049	626	40	129
1047	628	42	124
1049	630	40	121
1050	629	39	127
1048	630	42	125
1049	632	40	120
1053	632	38	123
1052	631	38	127
1054	631	37	126
1054	631	38	127
1055	630	37	127
1055	631	38	127
1056	631	37	124
1056	634	39	119
1057	634	37	121
1056	635	40	119
1059	635	34	118
1057	638	36	116
1056	639	38	112
1055	638	39	116
1056	639	37	116
1053	641	40	117
1051	642	37	118
1045	644	40	117
1040	643	39	116
1034	643	39	114
1030	642	39	123
1026	644	40	119
1021	643	41	121
1020	643	40	123
1017	643	40	120
1015	644	40	123
1014	643	42	124
1012	644	43	124
1012	646	43	123
1012	646	44	124
1013	646	43	126
1013	646	40	128
1010	647	45	126
1014	647	42	126
1014	648	42	126
1016	645	40	130
1018	645	39	134
1016	645	38	132
1013	649	43	124
1015	646	42	128
1015	645	43	127
1014	645	43	127
1014	647	44	125
1015	645	42	122
1014	647	43	128
1013	651	44	125
1016	650	42	124
1014	654	41	122
1018	655	38	131
1016	657	41	127
1016	660	42	124
1016	658	44	128
1015	659	39	125
1015	655	41	129
1015	659	42	124
1015	658	42	127
1014	652	41	126
1012	653	42	124
1013	653	41	125
1011	653	39	123
1012	656	40	122
1009	654	45	122
1010	648	43	126
1008	650	46	126
1009	648	44	131
1010	649	43	127
1012	647	38	132
1014	649	35	126
1012	647	37	127
1014	647	37	131
1014	643	36	131
1011	641	40	131
1014	644	38	128
1011	645	42	123
1011	644	40	120
1014	644	33	122
1015	645	34	122
1015	648	35	121
1015	645	37	124
1013	642	39	129
1016	652	38	118
1014	651	36	120
1014	651	35	122
1014	654	38	115
1012	650	40	120
1013	650	38	122
1015	647	33	123
1014	648	35	121
1015	647	34	120
1014	646	35	122
1014	646	37	117
1014	646	36	118
1013	648	37	116
1013	650	37	114
1013	646	36	120
1013	648	34	120
1013	645	36	125
1012	645	35	125
1012	647	35	122
1015	647	32	122
1013	644	37	124
1013	647	35	121
1013	645	37	122
1012	644	37	120
1011	644	37	118
1011	644	39	118
1010	646	36	108
1009	645	36	111
1009	644	35	116
1009	641	35	117
1008	644	35	115
1007	649	34	110
1006	648	35	113
1004	647	36	119
1003	647	35	112
1004	648	31	118
1003	647	29	115
1000	647	31	115
998	650	36	119
997	651	34	116
998	653	32	114
995	650	34	118
992	650	34	119
991	649	33	118
989	649	36	121
985	652	39	121
983	652	39	123
982	655	39	123
982	656	37	123
983	657	33	125
979	656	35	130
977	657	38	132
975	657	40	134
974	659	38	128
973	662	37	127
974	662	35	127
968	660	40	126
963	660	43	124
962	669	42	116
966	674	37	110
964	676	35	110
963	672	35	116
959	669	41	124
959	670	36	131
960	680	32	123
964	676	29	128
958	682	40	122
955	677	49	133
946	681	65	133
962	680	62	135
985	684	55	127
993	690	67	125
1019	688	61	129
1040	694	55	125
1068	695	52	126
1090	690	45	132
1095	692	56	134
1107	699	50	138
1116	695	49	147
1125	701	45	136
1130	710	41	135
1135	706	43	135
1134	707	49	132
1135	719	50	127
1134	722	47	130
1135	720	48	136
1136	721	45	135
1135	725	45	133
1140	728	37	126
1139	722	41	130
1144	722	41	132
1146	725	41	127
1149	724	41	130
1154	719	39	138
1159	723	37	136
1162	720	37	141
1164	723	37	141
1167	728	38	135
1169	726	40	134
1169	724	38	137
1169	722	41	133
1171	719	43	136
1174	723	37	132
1175	715	36	135
1176	717	35	136
1175	718	34	128
1174	717	39	127
1173	714	43	134
1176	710	40	137
1175	719	40	127
1177	722	39	121
1175	717	41	129
1176	715	41	131
1176	720	41	127
1176	713	42	135
1177	714	43	134
1179	717	40	130
1179	715	45	131
1178	714	45	131
1181	714	43	127
1179	715	42	128
1180	717	42	120
1180	714	43	123
1180	713	44	120
1182	715	42	117
1182	716	44	114
1182	708	47	121
1186	704	44	130
1187	710	42	126
1186	716	41	120
1188	720	40	119
1187	723	42	117
1188	725	41	117
1189	724	44	116
1191	724	38	120
1190	726	42	118
1193	726	38	114
1194	728	36	115
1195	728	40	113
1195	732	38	107
1195	734	41	104
1195	730	43	106
1199	734	41	106
1200	733	40	106
1200	733	39	109
1203	736	40	103
1203	737	40	108
1204	737	41	104
1207	738	39	104
1207	737	43	102
1210	734	44	104
1211	734	42	102
1213	734	39	101
1216	734	38	99
1218	730	38	101
1218	732	39	99
1219	726	42	103
1224	725	38	102
1227	723	36	107
1228	719	38	109
1230	723	34	107
1231	725	36	102
1232	723	35	105
1231	723	36	105
1232	718	37	109
1233	720	43	106
1235	721	41	104
1236	716	46	112
1239	715	45	108
1240	711	40	113
1243	710	37	114
1248	707	37	108
1250	713	44	101
1256	709	33	105
1262	709	30	104
1262	709	30	104
1262	707	32	100
1264	713	31	94
1264	715	34	91
1264	715	34	91
1264	715	34	91
1264	715	34	91
1264	715	34	91
1264	715	34	91
1269	711	37	92
1269	711	37	92
1269	711	37	92
1269	711	37	92
1269	711	37	92
1284	713	32	84
1284	713	32	84
1284	713	32	84
1284	713	32	84
1284	713	32	84
1284	713	32	84
1284	713	32	84
1284	713	32	84
1284	713	32	84
1284	713	32	84
1284	713	32	84
1284	713	32	84
1284	713	32	84
1175	689	37	91
1174	689	28	98
1180	685	37	100
1177	685	42	104
1175	680	29	106
1178	679	38	109
1176	684	49	99
1176	684	49	99
1177	682	43	97
1179	685	50	94
1178	680	60	102
1177	679	79	103
1175	678	80	108
1175	676	84	104
1175	672	86	112
1176	675	84	109
1181	673	79	111
1177	676	85	109
1178	673	87	113
1178	673	87	113
1182	665	83	120
1178	665	89	119
1178	670	85	110
1181	673	84	101
1179	675	86	93
1179	683	92	85
1177	677	91	93
1176	667	90	103
1181	678	86	94
1179	667	93	112
1184	673	84	97
1183	680	83	92
1185	682	82	96
1183	679	84	91
1182	666	85	106
1180	669	86	99
1183	673	82	93
1183	667	77	98
1184	669	80	95
1185	674	79	90
1184	673	78	91
1182	663	85	99
1184	666	87	91
1187	659	70	101
1194	660	61	100
1189	653	69	108
1188	660	69	107
1188	664	68	100
1186	662	68	99
1187	665	70	99
1180	660	81	106
1183	665	78	99
1183	663	72	103
1185	667	72	99
1183	667	74	91
1187	663	76	97
1183	666	80	97
1183	668	75	92
1190	670	72	87
1188	672	73	79
1199	678	61	70
1206	680	57	60
1193	683	68	65
1184	688	70	65
1192	687	66	73
1187	687	64	78
1190	684	67	84
1193	681	66	82
1179	685	82	75
1181	677	80	87
1183	672	77	100
1181	664	87	94
1179	670	83	84
1181	681	77	73
1181	673	81	82
1180	678	83	69
1182	677	83	66
1190	678	78	77
1177	672	88	88
1181	673	81	92
1183	670	83	107
1188	662	66	108
1188	671	72	98
1189	676	66	106
1186	677	65	116
1189	681	57	94
1190	675	52	85
1236	710	44	71
1233	694	50	85
1231	702	48	84
1227	706	55	77
