1061	536	42	100
1057	545	43	91
1058	545	40	93
1058	554	42	85
1058	551	42	90
1056	549	42	94
1057	550	41	90
1058	550	42	92
1057	558	41	86
1059	551	38	92
1055	546	45	100
1062	551	33	96
1059	551	35	98
1056	546	37	100
1057	553	38	97
1055	558	38	93
1053	552	43	94
1056	560	37	90
1056	558	43	96
1060	553	43	102
1064	563	39	97
1068	558	38	106
1069	561	39	97
1072	566	34	91
1073	569	37	91
1073	558	40	104
1076	553	36	112
1075	551	39	104
1075	555	40	99
1074	561	37	96
1076	555	33	110
1076	554	35	100
1075	553	37	104
1074	549	38	104
1072	558	42	101
1073	565	33	92
1074	567	32	87
1074	567	32	87
1074	567	32	87
1071	565	34	99
1070	561	35	98
1070	555	35	102
1068	558	34	100
1066	557	41	104
1065	548	35	105
1068	546	31	108
1066	543	35	109
1065	542	39	104
1063	541	38	102
1064	537	37	105
1064	544	34	95
1064	539	33	103
1065	547	31	97
1063	541	31	104
1063	541	31	104
1064	540	32	105
1061	537	37	109
1061	535	36	110
1061	535	36	110
1062	537	35	109
1062	537	35	109
1061	531	37	107
1065	532	31	103
1063	532	33	104
1062	532	33	102
1064	532	31	104
1062	538	31	101
1063	539	30	98
1062	539	31	99
1062	544	30	95
1062	543	31	98
1063	548	30	94
1065	550	29	95
1065	557	28	89
1065	562	27	84
1063	560	33	85
1060	561	35	83
1059	558	35	88
1057	555	36	93
1060	556	33	91
1060	555	35	92
1058	556	34	100
1058	555	36	101
1060	553	32	105
1061	555	32	104
1061	558	31	103
1061	560	31	108
1064	560	29	99
1064	561	28	101
1063	560	31	114
1062	556	31	119
1061	558	31	112
1059	555	33	109
1061	561	30	107
1063	562	28	105
1062	561	28	101
1062	563	28	96
1062	565	29	98
1060	565	32	93
1061	565	30	97
1061	566	29	95
1062	570	28	93
1060	573	31	94
1062	580	29	83
1061	580	29	88
1056	584	36	81
1061	584	29	88
1061	583	29	92
1061	586	29	96
1057	587	34	88
1061	593	28	83
1059	595	31	82
1060	594	31	87
1060	596	30	91
1061	598	28	93
1058	598	32	92
1059	600	31	98
1059	603	31	97
1059	607	31	89
1060	609	28	95
1060	607	30	98
1059	609	30	95
1057	606	32	100
1056	609	33	96
1059	608	28	97
1058	609	29	92
1058	610	27	92
1058	609	27	99
1056	607	30	99
1057	609	28	94
1056	606	27	93
1054	606	29	91
1054	609	29	83
1054	606	26	85
1054	606	26	90
1053	608	29	97
1051	607	31	96
1049	605	32	91
1049	605	30	93
1051	602	27	92
1053	604	26	93
1052	604	24	93
1051	605	28	89
1050	604	29	92
1052	603	27	99
1052	601	27	105
1048	601	32	95
1053	599	26	100
1050	599	28	94
1052	598	26	90
1051	598	25	93
1050	598	27	94
1051	599	25	95
1050	600	26	91
1050	595	26	92
1049	596	26	89
1049	599	26	84
1047	596	29	94
1047	595	27	93
1047	592	28	92
1047	592	27	86
1045	592	30	84
1047	591	27	92
1046	590	27	88
1048	588	24	86
1047	586	25	86
1046	586	26	88
1046	586	24	83
1043	587	26	77
1043	585	25	75
1044	584	25	79
1043	583	27	79
1043	588	26	73
1043	585	25	77
1044	584	23	78
1045	583	22	78
1044	580	22	82
1043	579	23	81
1042	578	24	81
1042	579	24	79
1042	574	24	84
1041	576	24	84
1041	578	24	80
1042	573	25	87
1041	571	26	94
1042	574	26	97
1042	571	26	94
1041	578	27	91
1041	580	26	88
1040	580	26	82
1041	580	24	83
1041	578	24	84
1039	576	25	87
1036	578	28	83
1036	576	28	88
1037	575	23	82
1036	570	25	86
1036	571	24	83
1033	570	27	89
1033	567	26	87
1033	568	25	81
1032	566	25	86
1032	566	26	84
1031	562	26	83
1030	562	28	79
1028	562	28	77
1029	562	28	77
1030	561	26	81
1030	558	25	78
1030	559	25	78
1031	558	24	72
1031	557	24	73
1029	557	26	74
1028	558	26	73
1028	558	25	69
1029	557	24	73
1028	556	26	70
1028	559	27	74
1029	557	25	78
1030	556	25	72
1029	561	25	80
1029	559	26	82
1029	559	26	82
1029	557	26	84
1029	557	24	91
1031	561	23	84
1030	562	23	87
1029	561	24	87
1027	560	27	92
1028	564	26	94
1027	563	25	93
1027	564	26	90
1027	565	25	92
1027	570	26	84
1027	571	25	84
1026	574	25	81
1026	576	25	75
1027	577	24	75
1026	575	25	82
1027	576	24	77
1027	577	23	78
1027	582	24	71
1027	581	25	72
1026	583	24	72
1026	584	25	66
1026	583	24	71
1025	583	25	72
1025	581	24	72
1025	581	25	74
1025	581	25	70
1024	575	24	81
1023	574	26	76
1025	574	23	78
1024	574	24	81
1025	574	23	83
1025	575	23	77
1024	573	22	78
1024	574	22	80
1024	574	22	80
1023	574	24	78
1023	574	23	77
1022	573	24	73
1023	574	24	74
1023	573	23	76
1022	572	25	73
1022	571	24	70
1023	574	23	66
1023	575	22	66
1021	574	25	66
1022	573	24	68
1022	573	22	67
1022	572	23	66
1021	576	23	64
1021	576	24	60
1021	575	24	64
1022	575	24	68
1021	574	24	67
1021	576	23	67
1021	573	24	71
1021	574	24	71
1020	577	25	68
1021	578	23	65
1022	577	23	67
1022	577	22	71
1021	576	23	71
1019	576	25	74
1021	578	23	73
1019	577	24	78
1018	579	25	75
1018	581	25	71
1018	581	25	75
1019	586	23	74
1020	586	22	72
1019	587	22	76
1018	586	23	77
1017	587	24	76
1018	589	23	73
1017	588	23	75
1014	592	26	70
1016	591	24	65
1016	597	24	63
1015	597	24	64
1015	597	24	65
1012	595	27	67
1011	596	28	65
1010	595	30	65
1010	595	30	62
1011	601	27	64
1009	600	29	70
1010	600	29	66
1008	600	29	72
1008	599	30	71
1004	593	35	80
997	593	42	82
995	587	43	93
995	585	44	93
995	585	43	96
994	586	44	91
1000	600	36	75
1000	606	36	71
998	603	39	75
999	609	38	75
1000	611	36	83
1000	609	35	83
999	610	38	83
999	611	36	87
996	608	40	87
998	622	36	75
999	623	34	73
992	617	41	81
992	609	40	94
986	605	48	100
989	604	42	97
985	609	47	96
985	607	45	91
984	611	45	87
990	618	37	87
988	612	39	85
989	622	37	72
987	619	38	73
992	627	30	70
985	624	37	68
984	624	37	69
984	617	38	72
986	619	34	68
984	618	35	67
986	618	33	67
979	617	40	66
974	613	47	70
971	609	48	73
970	612	50	78
969	609	50	78
967	605	53	76
965	616	57	63
962	609	58	69
963	619	53	62
962	610	53	65
957	605	59	75
958	614	62	62
954	609	64	67
952	602	63	76
951	609	66	69
946	602	74	74
945	596	68	78
974	611	52	72
946	614	65	60
972	612	50	59
976	617	37	57
978	628	27	52
977	620	28	59
976	624	28	66
978	620	24	71
977	617	26	71
977	617	25	75
977	616	23	78
975	616	24	81
974	616	25	82
974	616	25	81
974	618	23	75
972	617	23	72
971	617	24	74
971	615	22	78
971	617	24	74
969	617	24	80
967	617	24	80
967	617	24	84
966	617	24	82
963	617	26	86
963	620	25	82
962	618	25	90
958	618	31	97
961	613	26	99
959	619	29	105
955	609	34	114
956	616	30	107
955	606	29	118
952	616	33	110
953	607	31	118
952	616	29	109
951	620	31	105
947	615	37	111
950	620	31	105
948	624	32	101
947	622	33	103
947	624	31	102
944	617	33	109
942	625	37	101
944	622	31	102
944	626	33	102
941	623	38	102
940	625	35	99
939	628	35	100
939	631	28	95
934	621	36	107
936	623	31	106
935	628	29	101
935	629	27	98
934	628	26	101
933	620	28	109
929	626	33	103
929	628	29	103
927	626	33	106
923	616	33	115
923	611	30	122
922	617	28	117
919	609	30	125
918	621	29	112
914	621	32	112
912	617	32	119
912	619	30	117
910	620	30	116
908	619	30	119
906	615	31	124
904	624	31	116
901	618	39	123
898	615	43	127
896	610	59	132
893	613	67	129
879	607	70	133
887	621	63	129
885	615	51	136
886	605	43	141
886	627	40	126
882	623	38	129
883	619	37	132
880	625	33	131
879	625	33	132
875	630	35	128
876	626	33	132
873	624	33	139
873	624	33	133
868	622	34	137
865	621	36	138
863	624	37	133
861	633	36	125
856	652	39	107
853	661	39	97
854	662	39	94
853	651	36	103
854	658	32	96
852	647	31	101
848	652	33	101
846	653	31	100
843	640	33	113
841	648	35	105
840	650	32	101
833	636	38	114
832	643	37	103
831	647	34	98
833	636	31	104
831	643	31	98
829	647	32	94
826	643	32	97
823	645	34	91
824	643	30	90
822	641	31	94
817	641	35	94
817	642	35	91
817	639	34	91
817	642	32	91
816	640	31	91
816	639	29	90
814	638	30	91
813	637	29	91
812	638	30	89
810	639	30	87
810	637	30	91
811	635	28	92
814	639	29	87
818	636	28	87
826	635	30	88
836	633	29	89
849	632	28	88
872	624	26	88
886	625	32	92
913	605	33	91
939	624	30	91
963	628	29	87
988	626	28	89
1010	629	27	87
1021	627	29	87
1037	628	28	86
1046	624	27	89
1055	626	27	87
1062	624	25	88
1063	623	28	87
1066	621	27	87
1066	627	29	78
1067	627	29	74
1068	625	29	75
1069	624	26	79
1069	620	26	82
1065	621	29	81
1066	619	28	81
1064	622	29	79
1058	621	36	79
1054	618	39	83
1057	620	34	79
1054	618	36	84
1057	617	31	81
1054	616	31	82
1053	615	33	83
1052	615	32	79
1054	615	26	79
1051	615	29	82
1049	619	30	75
1046	618	33	75
1043	618	35	76
1038	624	38	70
1028	626	46	70
1027	626	47	69
1031	626	43	71
1030	628	42	69
1027	628	42	69
1030	630	39	69
1031	625	38	74
1034	618	35	80
1033	617	35	80
1033	614	35	82
1032	614	36	80
1032	620	35	74
1030	618	38	74
1028	619	39	74
1030	627	31	65
1030	627	31	67
1029	623	34	72
1028	625	34	72
1026	626	34	72
1024	619	44	81
1022	619	44	82
1022	616	44	85
1020	617	46	86
1009	612	59	89
1016	610	51	90
1014	614	53	89
1011	615	57	83
1009	613	60	85
993	626	65	76
998	617	71	79
1004	612	68	77
985	619	83	84
994	615	76	82
999	618	73	72
979	631	66	70
981	633	63	69
985	631	45	75
998	627	32	76
999	636	26	74
998	631	26	76
995	644	27	66
994	639	27	71
993	634	27	78
991	634	30	77
990	634	31	76
989	632	32	77
988	633	33	78
987	631	32	79
987	632	31	78
988	632	28	79
987	630	30	79
986	630	31	79
986	629	30	79
984	623	33	83
984	625	32	82
984	627	29	81
986	623	25	85
986	624	26	81
987	628	23	77
985	621	27	80
985	621	27	79
985	618	25	81
983	615	29	81
984	619	26	78
983	616	28	82
984	617	28	77
983	617	28	76
983	614	29	81
984	613	27	81
985	614	26	80
982	616	30	77
983	613	31	78
984	614	29	77
985	613	28	78
987	610	27	79
986	609	29	78
988	612	27	75
988	610	30	76
989	609	27	77
990	608	26	76
