1166	474	50	134
1168	475	48	131
1168	476	48	136
1168	475	49	134
1169	471	49	133
1171	477	48	131
1170	477	49	129
1172	477	47	134
1172	473	48	138
1172	473	51	134
1173	476	46	135
1173	476	46	135
1175	477	43	136
1174	474	45	139
1174	474	45	135
1174	476	44	134
1173	476	49	133
1174	477	48	135
1173	474	55	141
1174	474	52	142
1174	477	53	142
1173	477	51	140
1173	481	56	139
1173	481	53	145
1174	485	51	145
1172	487	57	139
1172	490	57	140
1174	493	54	139
1175	496	55	137
1175	500	53	139
1176	502	51	136
1176	507	51	136
1178	508	48	141
1176	509	48	140
1180	510	44	138
1178	517	45	128
1178	518	46	135
1177	523	48	136
1178	522	46	131
1178	526	43	132
1176	529	46	128
1177	528	46	130
1176	528	48	132
1174	529	50	132
1177	527	44	130
1176	528	45	130
1177	529	43	129
1175	528	44	136
1175	528	42	136
1173	528	43	131
1173	528	41	125
1172	529	41	127
1171	527	40	129
1169	530	40	127
1168	530	41	127
1166	529	43	131
1164	529	44	132
1163	529	44	130
1162	531	45	132
1161	530	45	128
1159	530	45	133
1158	531	46	132
1159	529	43	136
1158	529	44	135
1156	528	43	136
1154	528	47	133
1154	529	45	127
1152	529	46	127
1153	531	47	127
1153	530	44	121
1151	530	45	121
1148	530	49	124
1147	532	46	123
1146	531	47	125
1145	530	47	131
1142	529	48	124
1141	529	50	123
1138	528	52	123
1137	525	50	125
1135	528	51	122
1134	526	52	127
1131	527	54	129
1128	525	54	129
1127	526	55	125
1125	524	56	129
1123	523	60	134
1121	523	56	129
1120	524	57	119
1119	525	55	117
1118	525	57	118
1119	527	54	113
1127	528	45	116
1111	524	54	110
1129	534	62	120
1110	526	73	119
1115	527	77	142
1125	526	62	145
1126	527	56	147
1089	513	46	124
1092	519	35	111
1094	520	27	109
1091	520	27	108
1090	519	25	107
1086	521	28	103
1084	521	28	101
1080	524	32	99
1079	522	32	101
1075	523	34	102
1074	522	34	102
1071	522	34	94
1071	522	32	94
1067	523	35	100
1064	523	36	99
1063	524	34	98
1060	522	33	97
1060	520	31	104
1058	522	30	104
1057	521	28	99
1053	522	31	99
1053	523	28	95
1051	520	28	99
1049	522	30	98
1046	524	33	97
1044	524	33	99
1042	523	34	105
1040	521	35	106
1037	526	37	99
1038	525	33	101
1035	527	35	98
1032	525	37	100
1031	523	34	102
1029	525	33	99
1028	524	31	102
1026	526	32	100
1025	526	31	96
1022	526	30	95
1022	527	27	95
1020	527	29	91
1017	528	32	97
1014	528	32	102
1011	529	36	100
1009	527	34	105
1006	524	38	107
1006	529	33	98
1003	531	36	93
1001	530	36	99
999	530	36	96
996	528	35	102
995	527	35	101
992	526	37	101
990	526	37	101
989	530	36	97
990	527	32	104
989	527	32	103
987	529	32	103
987	530	31	102
985	527	30	111
983	524	30	112
983	527	30	108
981	529	30	106
978	529	33	108
977	530	35	105
975	532	33	103
974	537	36	99
972	535	37	103
971	530	35	102
968	538	35	96
967	536	33	100
965	530	31	107
964	528	32	106
962	528	33	108
961	530	32	111
959	525	31	113
957	529	32	108
954	528	35	112
953	525	34	114
949	537	37	104
946	540	39	100
946	545	39	93
943	539	43	98
944	544	39	97
943	537	39	103
942	537	39	104
941	534	40	110
939	536	44	110
936	537	40	111
934	540	39	107
934	541	40	104
932	538	39	107
933	537	35	111
932	537	37	111
932	539	37	110
932	540	35	109
929	543	36	108
929	540	36	114
929	542	36	113
929	543	34	111
929	545	33	109
929	548	33	106
929	550	35	103
927	545	36	111
925	544	37	114
926	547	34	111
925	550	36	109
925	549	36	116
924	553	39	108
924	549	39	109
925	547	37	113
924	551	37	112
923	557	37	103
924	565	36	98
922	561	39	108
922	566	40	105
921	561	40	107
921	561	35	113
921	560	37	111
921	565	39	108
920	561	37	110
919	569	40	104
918	565	39	113
918	563	37	115
918	559	38	118
916	570	42	106
916	564	39	114
918	565	35	117
918	567	37	114
918	573	32	110
918	568	33	114
918	569	34	114
916	571	37	114
917	572	34	110
918	578	35	107
916	583	36	102
915	576	38	110
914	581	38	105
915	579	36	114
914	576	39	115
912	577	38	112
913	575	39	111
912	575	40	121
912	576	40	118
911	577	43	121
913	576	38	117
912	581	38	114
911	580	41	115
912	579	40	118
912	577	38	122
909	579	43	122
909	579	41	124
910	580	41	123
909	590	40	118
909	584	41	120
909	598	39	106
909	602	41	97
909	601	37	105
908	600	39	110
908	597	39	117
906	599	44	113
906	602	45	109
905	601	41	113
904	602	45	105
905	606	44	107
908	606	39	105
907	602	41	111
907	601	40	114
907	602	40	117
906	602	39	116
906	603	41	117
904	601	41	127
904	601	41	127
902	603	44	117
902	608	44	124
909	613	35	123
906	611	38	112
906	611	38	123
907	608	40	127
909	609	36	125
905	615	40	117
908	613	35	120
906	610	40	128
904	613	40	124
906	612	37	126
903	621	41	120
899	626	45	115
898	627	48	116
901	631	43	106
896	625	49	117
896	617	47	126
892	615	52	134
893	619	49	127
898	621	44	128
896	622	45	128
895	619	47	130
889	621	55	121
884	613	62	132
890	612	55	133
893	614	51	125
890	607	54	132
890	609	53	134
900	615	41	129
901	615	41	130
904	627	36	119
896	616	45	123
903	635	39	101
906	629	34	107
902	629	40	108
901	623	38	119
901	621	39	114
902	620	39	119
899	616	42	120
904	618	38	119
901	617	43	121
905	620	37	115
904	617	39	119
904	617	41	117
900	612	45	121
899	616	50	119
892	617	59	116
905	622	45	109
903	630	45	115
901	631	53	110
900	633	48	106
896	632	55	115
897	622	53	125
887	625	67	127
894	630	58	134
897	631	54	131
887	625	66	140
901	625	53	140
901	629	51	133
903	632	48	133
900	641	50	123
896	632	55	132
896	626	58	142
893	633	62	133
889	637	66	132
889	635	69	138
887	633	71	142
890	636	68	141
891	637	68	144
890	638	71	144
888	641	73	141
890	641	72	144
891	642	71	141
895	638	64	145
891	639	71	148
892	644	71	141
889	642	71	145
882	642	81	146
882	641	81	133
890	644	72	140
892	643	69	142
890	641	72	139
890	640	70	147
881	641	81	150
896	642	67	152
886	649	75	148
889	641	73	156
878	643	84	154
887	655	76	136
875	658	90	141
880	655	83	142
884	657	74	132
882	656	76	140
875	655	90	143
874	658	90	135
879	656	85	132
886	654	77	132
889	656	74	135
890	651	72	141
894	649	67	144
893	653	64	136
893	649	69	148
893	654	70	145
894	654	69	144
888	653	78	148
885	652	79	152
887	650	76	144
886	648	78	148
885	647	81	146
877	652	91	136
885	650	81	140
884	649	81	133
888	643	80	139
889	646	78	136
888	644	82	134
885	658	85	120
882	658	86	117
886	651	81	127
885	647	83	131
893	640	77	140
892	638	77	141
880	643	88	135
878	646	91	128
879	646	90	129
883	641	84	120
881	638	88	124
888	638	81	123
889	625	79	129
892	627	77	125
892	630	78	122
895	625	75	122
900	625	73	126
904	621	65	127
908	616	62	129
906	616	61	132
904	617	63	131
903	616	65	136
903	616	66	138
901	614	68	140
900	618	67	138
900	619	71	132
901	619	66	134
893	623	78	124
897	623	75	133
898	617	75	136
902	623	69	129
903	621	66	133
907	622	64	132
907	623	63	132
907	619	62	139
900	622	66	137
897	622	77	142
903	626	73	134
903	631	77	129
907	631	67	131
900	635	74	130
894	638	81	128
879	639	92	142
874	643	95	146
868	643	105	143
867	640	106	145
867	639	104	143
873	637	97	145
864	639	102	141
903	631	74	147
910	639	61	142
913	641	56	141
911	642	58	139
922	640	53	147
919	647	53	142
921	646	51	141
921	646	51	138
924	647	48	140
922	646	54	144
922	648	56	140
920	648	59	142
917	652	65	138
924	642	54	142
923	642	56	136
927	647	54	135
927	640	54	138
923	640	59	139
921	642	61	135
921	640	61	141
918	640	66	143
917	638	68	149
918	635	69	156
915	641	72	158
917	652	68	144
920	647	70	148
919	657	70	137
915	648	76	151
914	636	78	160
916	649	77	148
917	649	79	148
920	652	80	145
913	659	87	142
916	666	86	130
902	674	98	124
911	672	92	129
915	666	92	136
911	669	95	136
914	670	106	139
909	670	104	138
911	677	110	139
909	674	119	142
909	676	124	142
910	675	120	141
914	698	102	111
916	693	118	120
916	710	96	104
918	712	112	101
918	723	128	95
917	706	121	112
920	690	122	130
929	692	134	130
927	669	128	152
941	672	129	155
926	679	139	149
941	678	137	150
968	667	152	165
956	660	161	177
946	656	139	174
949	661	138	170
954	657	135	177
954	641	140	187
949	637	144	190
957	640	141	182
962	646	134	175
962	641	136	177
970	643	132	179
971	645	135	173
973	645	132	171
1013	652	104	158
1002	669	109	143
986	687	126	120
1028	670	103	142
1041	665	83	148
1055	641	64	168
1056	652	76	164
1060	636	64	169
1060	636	71	171
1062	638	76	165
1064	629	64	164
1077	648	68	158
1076	636	65	159
1078	629	49	156
1090	651	61	146
1078	643	72	147
1084	632	45	146
1093	645	60	144
1089	631	46	142
1091	629	54	149
1102	640	63	145
1092	625	63	147
1096	621	49	143
1110	630	51	137
1101	618	43	144
1144	647	37	138
1105	614	43	140
1116	616	63	142
1108	615	46	129
1109	605	44	134
1106	599	58	142
1109	593	47	151
1113	591	43	142
1114	594	42	138
1113	596	45	137
1114	593	46	138
1117	592	42	137
1117	594	42	135
1121	588	41	141
1120	589	45	133
1121	587	45	140
1124	584	43	139
1124	585	44	133
1125	585	41	126
1127	587	45	123
1128	585	43	124
1130	583	43	126
1132	584	43	131
1134	585	43	131
1135	584	42	127
1137	589	42	130
1138	587	42	125
1140	585	42	132
1141	590	40	130
1141	585	42	130
1144	585	41	134
1144	588	42	134
1144	586	43	129
1146	588	45	127
1147	590	45	128
1147	591	45	125
1149	591	46	130
1149	591	47	135
1150	592	47	128
1151	595	46	126
1152	593	47	128
1153	595	47	126
1154	596	45	128
1154	595	44	127
1154	597	45	127
1154	597	45	134
1156	597	47	133
1157	599	46	136
1158	599	45	132
1158	600	49	133
1158	599	47	133
1159	601	48	133
1159	602	48	134
1161	603	47	133
1161	601	49	136
1162	601	46	139
1163	601	47	141
1164	605	48	140
1165	607	48	143
1165	606	48	145
1166	607	49	142
1166	608	53	141
1167	606	49	144
1167	606	50	143
1167	606	49	143
1168	605	49	147
1168	609	51	138
1168	608	49	142
1168	610	48	142
1165	609	48	144
1159	610	51	142
1151	609	51	146
1136	609	52	143
1118	615	56	138
1095	610	58	144
1069	614	52	142
1041	613	53	139
1008	614	52	132
974	620	55	125
931	619	51	129
886	625	52	130
849	617	53	136
800	618	52	144
752	610	60	154
702	616	60	157
653	622	55	156
604	632	60	152
547	641	63	149
492	649	65	148
441	652	70	149
384	669	68	152
330	671	72	160
280	686	78	160
236	685	77	178
201	695	80	180
171	706	74	173
147	710	80	180
126	711	80	188
114	718	81	181
105	717	83	192
97	719	86	194
92	723	86	186
92	724	87	188
90	726	89	193
88	730	90	191
88	731	87	192
88	733	89	196
90	734	87	202
89	737	87	205
92	737	87	211
92	738	83	219
93	742	84	209
93	742	83	222
93	747	86	208
94	747	83	210
91	745	89	211
91	745	90	210
92	749	89	205
94	751	89	200
91	753	92	201
91	752	95	206
94	753	90	197
94	758	93	196
95	761	95	198
102	761	97	203
107	764	98	199
114	765	104	202
133	764	95	200
151	763	89	202
176	759	90	200
202	756	90	204
231	756	84	193
266	747	88	203
298	747	79	186
334	740	83	190
377	738	77	187
412	733	74	189
453	728	76	185
486	730	70	175
524	724	74	185
560	719	67	198
586	720	66	199
612	720	62	201
633	721	61	199
644	724	63	196
655	724	65	197
662	726	66	189
666	726	69	188
671	726	69	193
675	726	67	192
678	728	66	195
678	728	70	201
678	728	73	195
678	730	74	184
676	734	80	194
678	735	76	191
679	738	82	194
679	740	79	195
681	742	74	195
680	746	79	186
681	749	78	189
684	749	78	188
682	750	76	188
686	750	75	189
687	747	74	200
688	748	72	190
690	751	73	188
692	748	71	187
693	750	70	186
694	749	74	191
695	748	73	194
696	747	71	193
700	748	68	192
701	747	70	199
704	748	67	200
706	748	68	208
707	749	67	198
709	747	68	204
712	745	67	208
713	744	70	200
715	742	71	200
716	742	75	194
722	737	68	209
723	735	70	214
727	732	73	217
728	730	75	217
731	730	77	193
733	731	74	179
737	728	78	186
739	724	79	201
742	720	76	200
745	719	78	195
749	720	73	186
753	714	74	196
756	712	72	187
758	707	75	200
760	704	73	197
766	701	68	194
770	698	67	192
773	694	65	195
781	693	61	185
781	689	64	195
783	687	66	180
791	680	60	185
791	679	63	177
797	676	59	184
797	675	63	185
802	672	60	193
805	672	58	175
809	670	56	191
810	658	60	200
813	660	59	196
815	654	59	194
820	642	56	200
820	648	58	194
824	641	58	191
828	640	56	194
832	642	55	182
834	639	56	186
839	639	55	177
840	638	56	176
844	634	62	184
848	634	64	168
849	635	64	171
854	633	58	179
860	633	57	171
861	634	67	175
865	637	65	179
869	636	58	174
887	670	82	153
879	668	93	154
877	651	96	172
881	640	89	176
882	650	92	201
886	643	85	231
888	639	82	238
889	650	81	233
893	646	75	247
892	650	79	238
898	654	69	231
900	654	69	223
898	655	73	224
897	657	69	210
898	658	69	203
899	658	68	195
897	674	74	206
897	663	77	207
900	663	75	199
898	663	75	191
900	663	77	191
901	663	78	215
895	678	86	232
894	667	89	246
896	664	88	238
899	661	89	221
898	663	91	235
894	658	98	270
893	659	99	267
895	657	96	279
894	662	103	271
894	657	105	283
895	655	107	292
895	653	110	290
894	661	117	283
895	661	119	276
894	667	121	271
894	663	122	269
891	663	129	272
891	654	134	282
885	658	144	279
888	650	141	274
883	651	146	288
887	650	145	285
898	655	130	267
901	651	127	277
876	665	87	268
887	669	65	253
887	670	66	235
887	672	67	216
886	673	68	223
891	664	66	221
889	663	66	213
889	664	67	216
896	648	61	207
892	650	62	209
894	652	61	210
895	645	60	200
894	645	61	204
898	646	57	174
897	645	59	167
896	644	63	180
899	642	59	176
898	642	58	180
900	643	58	173
899	642	59	179
900	641	61	176
901	640	59	176
900	641	63	185
900	639	64	202
902	641	62	201
900	643	62	185
902	641	62	205
902	641	64	202
903	641	64	201
904	643	63	194
905	643	62	176
906	643	62	191
907	645	60	171
906	645	62	170
909	645	60	171
909	646	58	182
911	647	56	177
909	648	59	183
913	650	55	180
911	649	59	186
911	652	59	189
912	652	58	190
912	653	60	189
912	653	60	195
916	655	56	176
915	656	57	182
915	653	62	200
914	651	62	204
917	649	60	202
916	650	61	184
917	652	61	175
919	652	61	166
921	651	59	180
920	651	60	186
921	651	61	186
923	652	59	186
923	652	59	178
924	651	61	188
925	652	60	178
925	654	59	179
926	653	61	182
926	653	59	187
925	655	62	178
926	654	60	179
928	655	60	181
927	655	61	191
929	653	58	197
930	653	60	187
930	654	62	174
930	651	64	175
931	652	63	182
931	651	64	176
932	650	62	189
933	652	65	181
935	651	63	182
937	650	63	189
939	651	64	182
939	649	66	199
941	651	66	211
944	649	65	220
944	650	66	215
947	648	65	222
951	646	64	207
951	646	65	212
952	647	65	208
955	643	65	198
957	643	66	181
960	642	64	178
960	640	68	182
964	639	64	183
966	639	67	197
968	638	67	195
970	636	65	196
975	636	61	193
977	635	61	196
980	635	60	190
984	635	58	187
987	632	59	193
991	633	53	183
992	627	56	198
993	619	57	199
998	623	54	206
999	615	57	206
1002	611	56	196
1002	615	58	188
1006	608	55	187
1006	609	58	178
1007	610	56	177
1009	610	57	171
1013	609	54	176
1015	612	53	172
1016	615	56	175
1016	617	55	167
1018	617	56	167
1023	621	52	179
1023	623	56	173
1024	623	57	184
1025	625	58	187
1026	629	60	186
1028	633	60	169
1030	639	59	163
1033	641	60	175
1032	648	61	163
