1148	350	70	262
1149	362	65	263
1145	364	65	271
1142	372	69	263
1139	385	64	245
1138	393	62	248
1138	394	60	249
1137	404	60	245
1132	408	63	250
1133	419	59	241
1134	426	58	241
1130	435	63	233
1129	438	62	233
1129	446	59	242
1129	449	59	255
1127	455	60	244
1122	462	62	238
1123	466	61	225
1122	478	58	216
1120	480	59	217
1116	483	61	222
1116	480	59	229
1117	482	55	224
1118	484	52	213
1116	485	54	212
1113	494	56	197
1109	508	61	202
1110	495	60	208
1110	496	56	224
1112	494	53	225
1111	495	53	224
1111	496	51	225
1110	498	50	219
1110	500	51	216
1108	499	53	216
1105	501	56	229
1105	498	53	222
1106	497	52	226
1105	498	55	226
1100	497	61	225
1101	493	58	228
1098	501	61	215
1098	496	60	235
1098	495	62	230
1099	499	61	223
1100	499	55	221
1100	500	59	214
1099	500	58	217
1096	499	61	221
1096	502	62	212
1095	496	59	218
1096	496	59	234
1097	495	59	224
1099	497	54	211
1100	497	51	206
1101	497	49	192
1101	495	49	200
1101	496	51	196
1099	497	52	194
1100	497	48	197
1099	500	48	197
1099	504	50	190
1097	499	50	203
1097	499	50	211
1093	500	54	202
1091	497	55	202
1091	494	52	204
1090	494	53	199
1089	492	53	206
1087	491	56	204
1086	494	58	202
1084	495	60	194
1082	495	64	198
1080	493	65	196
1079	494	68	191
1079	495	62	198
1078	497	65	195
1081	497	60	193
1082	493	60	197
1078	493	63	196
1079	491	64	201
1077	491	62	199
1079	490	62	196
1080	489	58	195
1077	487	57	191
1078	485	60	199
1077	484	54	188
1078	490	55	178
1078	487	53	183
1078	485	53	186
1077	486	55	187
1077	486	53	187
1075	484	55	192
1074	484	54	193
1072	484	53	192
1072	481	51	194
1073	479	52	192
1068	483	54	181
1068	479	54	182
1065	476	56	186
1061	477	59	188
1062	477	56	175
1061	478	55	179
1061	475	55	178
1061	475	58	178
1057	474	57	178
1060	474	53	172
1059	475	50	172
1058	477	51	159
1057	478	51	158
1060	472	45	163
1058	476	43	165
1058	471	40	168
1056	471	40	171
1056	471	39	170
1055	469	37	172
1056	469	37	167
1055	463	37	157
1053	467	39	168
1050	466	40	165
1049	467	41	161
1049	469	41	156
1047	469	43	163
1044	469	43	158
1044	466	40	160
1043	467	41	152
1043	470	36	157
1042	466	39	163
1040	467	41	163
1039	466	40	167
1038	463	39	167
1038	462	36	160
1036	461	38	164
1036	460	37	165
1035	459	37	169
1036	460	38	165
1034	461	39	156
1033	460	39	162
1033	459	39	166
1030	456	41	167
1030	458	41	168
1030	460	41	159
1031	460	37	162
1029	465	39	163
1027	468	37	153
1024	469	41	160
1025	467	38	163
1023	468	40	166
1023	472	40	157
1025	472	37	157
1023	479	38	149
1024	475	37	150
1022	476	39	143
1024	472	37	157
1023	472	37	153
1021	473	39	153
1020	476	38	142
1020	474	38	148
1019	474	38	146
1018	476	40	137
1017	475	39	139
1018	471	39	141
1016	468	39	145
1017	471	39	147
1015	467	43	150
1014	468	44	147
1013	466	46	146
1011	465	47	149
1009	468	51	144
1009	467	50	144
1011	471	48	142
1011	474	50	137
1010	472	49	140
1009	476	52	138
1008	480	51	137
1009	482	50	135
1010	486	50	134
1012	486	47	136
1013	487	47	138
1014	490	46	137
1015	494	43	137
1017	500	41	131
1018	497	39	137
1019	502	39	133
1019	508	39	133
1019	510	39	132
1019	514	39	127
1019	514	37	130
1018	516	39	126
1019	519	40	123
1019	520	38	128
1019	518	41	130
1020	520	40	129
1021	519	36	129
1019	520	39	125
1020	523	39	124
1019	521	39	127
1020	519	39	127
1021	521	38	125
1021	522	39	122
1022	523	38	121
1022	521	37	122
1022	521	37	123
1021	520	38	122
1023	514	35	126
1024	515	35	126
1023	518	37	119
1024	517	35	119
1023	520	35	114
1023	518	34	117
1022	516	35	119
1023	511	34	122
1023	513	35	118
1022	514	36	116
1024	515	34	114
1023	513	34	115
1023	516	33	111
1023	512	32	116
1023	513	32	116
1021	512	34	117
1020	512	35	115
1019	513	34	114
1018	513	35	118
1019	516	36	113
1017	519	35	112
1018	522	35	109
1017	522	34	111
1016	524	35	110
1018	533	34	101
1015	531	34	102
1015	524	34	110
1017	525	30	110
1014	526	33	108
1014	525	32	110
1016	526	30	108
1014	527	32	109
1014	524	31	111
1016	528	29	108
1013	528	32	104
1013	528	33	105
1013	532	34	98
1013	529	33	101
1013	531	34	94
1012	527	33	100
1011	524	35	102
1012	524	33	105
1011	525	32	104
1010	530	33	98
1010	535	34	95
1010	535	35	93
1010	534	34	95
1009	535	34	92
1009	535	34	92
1008	532	34	96
1008	529	35	97
1008	534	34	91
1008	530	35	92
1007	529	33	93
1006	529	34	94
1006	526	36	97
1006	523	34	100
1005	523	37	102
1007	524	33	101
1007	525	33	101
1007	528	33	98
1009	529	31	99
1009	525	32	100
1008	530	33	94
1007	529	34	93
1008	529	33	96
1009	534	31	89
1009	529	33	93
1010	532	32	91
1011	537	31	84
1009	540	31	81
1010	543	29	79
1012	539	28	83
1011	532	31	89
1010	535	30	87
1011	535	28	87
1010	536	28	87
1009	539	28	85
1009	531	29	94
1010	533	29	91
1009	524	31	101
1007	529	32	98
1008	529	32	92
1007	527	32	96
1008	524	30	100
1006	527	29	96
1007	525	30	99
1005	519	30	104
1005	525	29	96
1005	523	31	96
1006	524	29	98
1006	523	27	99
1006	538	24	89
1005	528	28	96
1004	524	29	98
1002	520	31	100
1003	523	30	97
1003	523	27	93
1002	526	26	93
1002	527	30	91
1001	531	29	88
1002	529	25	89
1001	529	26	87
1000	523	27	93
998	519	30	95
998	521	31	96
998	519	29	99
997	519	31	99
995	517	33	96
996	520	30	97
994	520	32	98
993	516	31	100
993	517	32	97
991	513	34	102
991	513	32	101
990	519	34	91
991	519	30	93
990	519	29	93
988	514	30	96
988	513	32	98
987	520	28	93
989	520	25	90
990	528	26	83
988	526	28	86
987	524	28	88
987	518	26	95
987	519	28	95
985	514	29	100
985	512	30	103
987	513	28	100
986	512	27	97
987	508	26	102
984	513	33	98
986	512	28	97
986	513	29	95
985	510	28	96
984	513	29	93
983	513	30	92
984	513	27	96
983	509	31	100
984	508	30	103
982	512	32	100
983	514	29	95
983	510	29	98
982	510	28	97
982	512	29	95
982	508	28	98
982	506	30	102
982	502	29	105
980	508	30	99
979	510	30	96
981	511	30	96
980	518	29	88
983	534	26	73
981	536	27	73
981	540	29	70
981	538	28	70
979	532	31	75
981	536	28	72
982	531	26	76
983	536	27	70
982	537	27	64
984	534	25	67
983	538	26	64
983	533	27	69
982	538	28	67
981	526	30	70
981	526	27	74
980	515	34	82
978	509	34	87
979	506	29	95
979	505	31	98
978	506	37	98
976	509	35	93
978	506	33	96
977	503	31	100
976	506	35	95
975	506	32	94
977	506	33	95
977	504	33	96
978	501	29	98
977	503	29	101
977	503	28	100
975	505	28	99
974	506	29	97
973	505	31	101
973	505	31	99
971	506	29	99
973	509	29	96
973	507	31	97
972	503	35	99
972	501	38	99
974	496	33	103
973	504	32	97
973	505	31	95
974	521	32	80
974	525	32	78
974	519	30	80
974	515	30	85
976	510	27	89
976	505	28	94
977	499	25	102
979	506	24	95
977	506	26	96
978	504	26	98
977	496	29	101
977	495	30	101
978	499	30	100
976	496	32	101
976	496	31	102
976	497	34	100
974	496	32	103
977	501	30	95
976	499	31	97
975	502	29	95
975	506	32	94
975	503	37	97
975	499	33	97
974	499	34	98
974	497	39	95
975	497	35	97
976	494	35	95
977	504	29	88
975	501	32	85
976	502	35	87
975	494	32	92
975	495	34	92
976	491	31	97
979	494	25	93
980	495	27	96
976	496	28	94
975	493	31	98
976	492	32	102
974	489	31	102
975	486	33	106
974	487	31	106
975	489	32	100
975	490	29	97
974	487	32	99
973	488	35	100
972	487	37	101
971	489	31	96
973	482	30	105
972	482	30	104
971	482	29	100
972	488	33	97
971	489	33	93
971	492	34	89
972	494	34	93
972	487	33	98
964	484	43	99
969	480	38	104
968	478	32	105
972	473	23	114
972	475	23	109
971	476	25	105
969	480	26	102
970	477	26	103
970	479	23	99
972	483	24	97
969	479	24	98
967	486	30	96
968	491	27	92
969	492	25	90
967	489	30	95
966	490	29	96
967	497	30	92
968	496	30	91
965	491	31	94
967	490	31	102
967	493	26	102
967	485	24	104
967	491	26	97
967	492	28	101
964	487	31	102
967	482	26	106
967	491	27	102
968	489	26	100
969	492	24	98
966	494	31	94
970	487	24	100
969	487	23	102
967	489	28	104
968	494	26	97
967	492	30	98
966	494	29	97
964	493	30	102
967	496	26	100
968	503	25	101
969	498	24	102
966	500	30	103
965	507	28	105
966	509	28	100
964	511	29	98
966	510	27	98
966	510	28	97
965	514	29	92
965	513	28	94
965	515	28	98
963	513	37	99
963	512	30	99
965	514	27	103
966	512	26	106
964	514	29	103
962	516	31	100
965	512	31	104
964	516	35	106
962	517	31	106
962	521	42	103
962	524	31	98
963	525	34	104
961	524	35	100
964	521	30	103
967	526	28	105
963	525	32	97
963	525	31	96
962	526	33	99
961	523	34	97
963	528	32	96
962	530	31	98
963	529	27	99
961	527	33	108
962	533	29	102
963	534	31	100
962	541	31	100
960	542	34	101
959	541	32	98
961	546	33	89
961	559	31	88
961	550	32	84
958	550	33	89
960	547	26	94
959	545	30	101
957	543	27	106
959	551	30	108
959	547	23	111
959	549	28	108
956	550	32	108
955	548	33	111
958	548	29	109
956	549	28	109
956	551	31	110
957	551	28	106
956	556	35	102
956	553	33	109
955	547	34	107
955	557	41	101
957	565	34	98
957	564	42	98
956	562	37	99
954	555	37	101
953	553	47	104
953	560	59	101
952	564	67	105
953	556	65	111
947	546	66	115
951	552	63	108
951	553	68	109
953	555	68	104
949	560	69	97
953	565	68	92
947	567	74	100
950	563	70	107
949	563	70	102
943	565	73	95
953	566	63	111
951	567	49	101
952	567	67	104
945	570	76	104
942	563	62	108
944	568	74	98
949	570	66	101
944	567	71	103
950	560	58	110
941	563	61	108
949	566	61	99
951	572	65	98
950	568	62	100
951	562	64	107
936	566	79	109
952	566	60	101
954	570	59	103
954	571	61	102
955	568	60	106
951	570	46	101
956	564	40	108
956	568	34	110
954	563	33	103
951	561	37	102
950	561	50	104
952	565	55	105
953	567	59	105
952	563	52	110
951	563	56	111
953	566	58	105
953	563	57	114
953	565	56	107
952	568	56	103
954	567	58	103
954	567	62	102
950	565	63	104
952	562	60	106
954	562	56	109
951	560	60	117
954	566	62	115
948	562	57	113
953	562	61	115
956	564	62	109
953	558	66	119
953	559	61	126
948	559	64	130
952	562	63	118
953	564	59	112
952	560	62	116
953	562	55	116
955	560	49	123
953	558	62	122
953	561	61	119
955	558	55	121
954	558	58	119
956	557	41	121
956	558	36	116
960	555	29	105
956	557	36	102
956	556	35	107
957	556	35	110
956	560	36	102
956	559	37	103
957	560	36	109
957	559	43	105
958	562	53	100
959	566	57	99
956	563	57	103
959	561	55	114
961	562	55	111
962	561	52	125
961	561	54	116
962	562	52	114
963	563	51	115
964	562	50	113
964	561	48	110
965	563	48	102
966	562	47	106
967	558	43	107
969	560	42	113
969	562	42	105
969	562	42	112
969	565	42	108
970	567	40	109
971	563	37	111
971	563	37	112
972	561	35	111
972	562	35	108
971	564	39	112
971	567	40	110
971	567	40	101
970	564	41	107
971	569	41	102
970	568	46	102
973	571	42	100
973	574	42	95
973	574	49	96
974	575	46	102
975	578	45	95
975	580	39	94
974	580	46	100
974	575	53	104
976	577	36	105
977	578	37	106
977	578	36	104
980	577	30	106
981	574	38	103
982	573	34	107
984	573	37	102
984	574	30	92
986	574	30	95
986	578	33	93
987	575	30	94
988	576	30	95
989	575	30	95
991	575	28	88
990	574	30	88
992	574	27	87
993	575	28	90
992	575	32	88
994	573	28	89
995	573	29	89
995	573	29	89
997	571	27	92
996	574	30	81
996	573	31	83
997	569	31	89
999	566	29	89
1002	565	27	97
1002	567	27	92
1001	568	31	90
1001	566	29	86
1001	566	31	87
1002	566	32	85
1003	567	30	85
1004	563	29	88
1004	563	30	91
1005	560	29	93
1005	559	30	92
1005	554	30	93
1004	558	30	91
1003	556	31	92
1004	556	28	87
1002	558	29	82
1003	557	28	86
1002	558	28	92
1001	557	27	88
1000	557	26	85
998	556	29	90
997	553	29	91
996	554	30	95
995	552	30	90
994	551	31	95
994	549	29	91
991	548	29	89
991	549	27	77
989	549	31	86
987	548	29	87
987	547	29	86
986	546	28	87
985	548	27	87
982	547	30	86
979	545	31	84
980	545	28	89
979	545	29	86
978	544	30	87
976	543	33	86
976	542	30	89
974	542	33	85
973	542	31	87
969	538	37	93
971	538	32	96
970	538	32	93
969	538	31	92
967	541	31	87
967	540	31	88
968	544	30	85
965	543	29	89
965	540	32	95
964	539	31	92
964	538	29	94
962	538	30	91
963	539	32	96
960	538	34	96
960	537	34	87
959	541	32	82
961	539	31	84
961	537	32	85
960	538	30	80
961	538	28	85
961	539	29	85
962	539	29	83
962	541	31	83
963	539	30	88
963	538	29	91
965	540	28	88
967	538	27	89
970	539	30	93
974	540	29	87
979	538	29	86
985	539	29	81
992	539	31	83
997	537	28	91
999	537	32	86
1006	543	30	83
1009	540	32	90
1013	540	31	91
1015	538	28	93
1016	540	33	91
1019	541	31	91
1020	543	30	93
1022	542	32	94
1024	542	30	95
1025	544	30	94
1027	544	32	93
1027	546	35	91
1031	544	30	96
1034	545	27	90
1032	547	30	88
1035	545	33	91
1035	549	32	87
1036	547	33	94
1041	551	29	92
1041	551	31	95
1042	554	32	94
1045	560	32	91
1047	559	28	96
1047	560	32	93
1049	562	33	94
1051	562	34	96
1051	567	34	90
1054	567	35	91
1056	566	32	94
1056	563	31	95
1056	564	35	95
1061	566	31	101
1058	568	37	98
1062	568	34	101
1063	568	34	103
1064	574	33	94
1063	573	36	98
1067	578	32	94
1070	577	31	98
1070	578	36	100
1072	578	34	100
1076	581	32	104
1074	582	36	102
1075	586	35	97
1074	587	38	97
1078	588	32	92
1078	591	33	92
1076	593	38	94
1082	597	34	89
1084	596	34	94
1085	596	33	96
1088	596	31	103
1088	595	32	104
1089	600	34	102
1091	599	33	107
1090	603	35	108
1093	603	32	110
1095	605	32	108
1097	609	33	102
1098	610	32	108
1098	611	35	105
