806	516	28	68
806	515	28	74
808	515	27	75
808	515	26	82
807	516	28	88
808	513	26	87
806	514	28	88
803	512	32	90
806	511	27	81
805	510	28	81
807	507	25	85
806	508	26	84
808	509	24	79
807	509	25	82
808	510	24	80
806	509	27	75
809	509	24	72
807	509	25	75
809	509	24	76
809	510	24	80
808	509	26	85
810	507	22	82
809	505	24	72
811	502	24	76
810	502	25	75
809	502	25	70
812	504	22	67
810	504	24	70
812	502	23	70
811	505	25	75
811	504	25	75
814	500	22	77
814	500	24	79
741	504	25	77
816	500	24	75
816	500	22	72
818	499	21	72
817	499	23	73
820	498	20	66
819	498	21	66
820	496	21	60
820	495	22	66
821	493	23	67
822	494	23	68
821	493	23	66
822	493	23	67
824	493	21	61
823	494	23	62
824	493	23	63
824	493	24	60
826	492	22	59
828	488	21	63
827	491	23	66
827	487	24	65
829	487	23	71
830	491	23	73
830	485	23	70
831	484	23	76
833	484	21	77
833	485	22	80
834	481	21	76
835	482	20	69
835	482	21	69
836	483	21	76
837	484	24	77
838	485	24	78
839	481	23	81
840	479	23	82
843	480	20	82
845	481	21	81
846	481	21	79
851	547	26	78
853	552	28	76
856	547	26	79
859	554	25	77
860	552	25	81
860	556	29	81
862	555	29	86
863	552	28	87
862	553	31	84
864	550	32	91
865	550	30	83
867	550	28	78
867	549	28	81
865	549	30	79
867	548	29	84
865	546	31	85
865	548	33	83
866	544	30	86
866	536	28	94
865	533	29	90
863	536	32	96
867	532	28	92
865	532	29	98
867	530	28	100
864	530	28	104
866	531	28	107
865	527	26	107
864	530	28	99
866	530	25	103
865	528	26	102
861	530	30	98
863	528	26	89
861	529	29	83
861	530	28	87
861	530	28	77
860	531	28	75
861	530	27	76
859	531	28	80
859	532	29	74
860	533	29	72
859	534	28	72
858	534	28	74
858	535	29	75
858	535	29	74
859	534	27	74
858	534	27	72
858	536	28	74
857	535	27	75
856	535	29	72
855	537	29	73
856	537	27	72
855	536	27	71
854	536	28	75
855	534	27	78
854	537	26	74
854	539	26	67
853	540	28	70
851	540	27	71
851	541	28	76
848	541	30	79
851	541	25	72
848	542	28	70
848	542	28	73
848	543	26	65
847	541	25	70
845	543	27	69
844	540	28	73
842	542	28	72
842	543	27	71
841	543	26	69
841	544	28	68
839	542	28	73
839	544	28	73
839	544	27	71
838	544	27	72
838	544	28	69
838	544	27	71
837	543	28	74
836	544	28	74
836	545	28	71
836	545	28	71
836	543	28	74
834	545	31	71
837	544	28	74
836	544	27	73
836	542	27	76
835	545	28	73
837	545	26	73
836	545	27	75
835	545	27	75
835	546	28	76
836	547	27	75
835	548	26	73
835	545	27	75
835	544	28	77
836	546	28	74
835	544	28	76
836	544	27	79
836	545	28	77
837	544	29	80
837	546	29	77
837	545	28	81
839	549	28	74
841	550	27	74
840	551	28	74
840	549	28	76
844	547	24	81
842	548	27	80
843	552	27	74
843	552	30	76
844	552	28	74
845	551	27	74
845	551	28	75
848	552	26	73
848	551	26	74
849	555	27	69
851	554	25	71
850	554	26	73
852	556	27	72
852	555	26	69
853	556	26	73
853	553	27	76
854	554	26	77
854	554	26	77
855	557	28	72
856	556	27	72
856	556	28	73
857	554	27	76
858	553	27	79
858	555	28	77
861	551	26	81
859	553	28	78
863	556	25	75
862	560	28	72
863	559	27	73
866	560	24	71
864	558	26	74
867	560	24	76
869	563	24	74
868	561	26	71
869	564	28	68
868	558	29	73
869	558	29	72
871	561	27	69
871	563	28	65
871	559	29	67
874	559	27	69
875	560	26	70
875	563	29	66
877	559	28	70
879	564	27	67
878	561	28	73
880	557	25	79
880	559	26	77
882	557	25	77
881	559	27	74
882	561	28	69
882	563	28	68
882	562	30	69
884	565	28	64
885	563	28	69
887	561	27	70
887	565	28	69
887	565	28	67
888	561	30	72
890	565	25	71
892	562	24	73
892	562	25	74
892	561	24	78
892	562	27	77
893	558	25	79
893	562	29	76
894	559	32	75
894	563	29	69
895	560	28	70
893	558	30	76
891	559	29	72
893	561	28	70
893	559	26	68
892	556	31	75
889	562	29	75
889	556	30	75
891	569	26	71
891	572	23	68
888	559	28	72
885	555	28	71
884	562	28	69
886	572	26	62
884	560	27	69
881	556	32	75
882	555	29	74
883	556	29	70
879	553	33	69
882	553	27	74
881	555	26	70
881	554	28	73
880	546	29	66
880	548	25	61
880	542	30	65
878	543	26	73
877	538	26	67
880	534	25	64
878	533	26	69
879	534	24	67
878	533	28	63
879	529	24	63
879	541	32	62
879	528	28	63
878	531	25	62
876	527	27	65
876	528	26	63
877	525	26	64
877	525	27	68
876	524	28	63
875	523	26	64
877	521	24	65
876	522	25	57
878	531	24	62
878	521	21	59
876	524	26	59
876	522	24	55
874	520	24	59
875	521	21	55
872	521	26	58
875	530	23	52
874	517	23	54
871	516	25	55
870	515	27	56
871	518	27	58
871	517	25	60
871	513	25	64
869	512	27	66
868	513	28	63
870	513	26	66
867	512	29	65
867	513	27	65
866	510	28	70
865	514	30	65
871	520	23	65
868	516	25	62
865	514	27	68
865	517	28	70
862	510	29	67
866	511	31	71
866	511	31	71
865	507	24	68
866	505	25	68
866	505	25	68
866	505	25	68
866	505	25	68
866	505	25	68
866	505	25	68
779	498	31	69
699	526	25	67
698	529	24	66
699	530	24	67
698	529	24	71
699	530	25	72
699	534	24	66
698	535	26	66
700	537	24	66
699	536	25	71
699	539	25	71
699	543	24	66
699	544	25	67
700	546	24	63
701	547	23	68
699	547	26	73
700	548	24	68
700	549	26	71
701	551	23	72
700	552	27	74
700	551	27	77
701	553	25	75
701	557	24	70
700	558	25	70
700	559	25	69
700	561	25	68
702	561	23	71
700	561	24	72
701	562	22	73
700	563	24	73
701	567	23	71
700	568	24	73
700	570	23	72
699	572	23	72
698	572	23	74
698	574	24	73
697	576	23	69
697	576	24	70
695	577	25	72
696	580	23	67
695	579	23	69
694	579	24	73
694	582	23	71
693	583	24	69
694	584	22	73
692	585	25	77
691	588	24	74
690	592	25	69
690	589	25	76
690	592	23	73
689	594	24	71
688	593	25	72
688	596	25	71
689	599	24	68
688	598	24	69
689	599	22	72
687	599	24	76
687	600	23	73
687	600	22	77
687	602	21	77
686	605	22	75
685	606	22	73
686	608	20	71
684	609	21	73
682	610	22	79
682	611	22	82
682	609	21	84
681	613	23	81
680	614	22	81
679	617	22	79
679	618	22	78
677	618	22	78
675	620	25	77
674	620	25	78
672	621	27	82
673	622	25	82
672	624	26	84
671	625	26	84
670	627	26	83
669	629	28	90
669	630	28	92
670	632	27	86
669	632	25	88
667	633	29	90
667	635	28	85
665	637	28	86
666	638	27	86
665	638	29	90
664	639	29	90
664	639	28	93
663	644	29	85
663	645	27	83
662	646	27	83
662	647	27	82
661	648	27	86
660	648	29	92
660	652	29	90
660	653	27	92
659	655	27	88
658	657	27	85
658	657	28	92
658	659	27	89
658	662	26	87
657	662	28	88
657	663	29	91
657	663	29	91
656	665	30	92
656	665	31	94
657	667	31	94
655	668	32	94
656	670	33	95
656	670	31	96
655	672	36	103
657	674	35	104
655	675	37	110
659	676	36	111
657	676	38	107
657	679	39	112
659	680	39	110
660	681	40	106
662	683	37	100
664	687	38	99
664	685	38	101
665	687	37	101
667	688	37	100
668	687	37	105
669	687	39	110
673	690	36	110
672	690	37	115
675	693	37	114
673	695	40	108
674	700	39	103
678	701	36	108
678	703	37	104
681	703	33	103
683	705	34	105
683	707	33	105
684	710	34	102
684	709	35	106
685	712	34	106
686	712	34	111
686	713	36	109
687	714	37	112
687	715	38	114
688	716	37	112
689	719	38	113
687	721	44	118
690	726	41	112
691	726	41	117
693	727	38	117
693	729	40	122
696	729	38	129
694	733	41	125
696	734	43	127
697	737	42	125
698	738	43	122
701	742	41	124
702	743	42	118
703	743	42	117
704	748	43	116
705	747	40	121
704	749	43	120
707	753	41	118
707	753	43	124
705	758	46	121
710	762	43	121
706	760	47	122
706	765	47	117
703	768	49	116
705	769	48	117
705	770	46	115
702	771	51	121
702	772	51	127
701	776	51	123
702	778	49	126
700	777	51	134
701	781	50	134
700	785	50	127
695	785	55	135
695	789	55	133
693	791	56	140
692	794	56	145
692	797	53	129
689	802	56	124
687	803	56	128
685	806	56	127
683	808	57	129
681	810	56	133
680	813	57	131
679	815	55	134
676	820	57	126
674	824	57	128
672	826	57	124
665	830	62	127
665	833	59	129
662	834	60	130
661	838	58	138
656	840	59	141
654	842	59	146
648	850	61	137
643	858	62	133
643	864	58	132
639	869	58	125
634	872	57	132
628	876	61	131
625	883	60	132
622	887	56	126
616	896	59	116
611	898	60	120
605	903	60	123
601	906	59	118
594	913	63	121
585	924	67	110
580	928	65	107
576	934	63	109
570	940	62	104
564	948	65	111
558	952	66	98
555	953	61	101
546	962	70	99
543	963	66	99
541	969	61	104
530	975	71	93
526	980	67	86
521	987	69	90
517	993	68	105
514	996	63	102
509	1001	66	99
508	1010	57	94
505	1016	49	87
501	1026	43	78
499	1032	37	72
491	1042	41	69
486	1050	38	62
486	1050	38	62
486	1050	38	62
534	958	42	73
534	958	42	73
534	958	42	73
534	958	42	73
534	958	42	73
534	958	42	73
534	958	42	73
534	958	42	73
534	958	42	73
534	958	42	73
534	958	42	73
534	958	42	73
534	958	42	73
534	958	42	73
534	958	42	73
534	958	42	73
534	958	42	73
534	958	42	73
534	958	42	73
534	958	42	73
534	958	42	73
534	958	42	73
534	958	42	73
534	958	42	73
534	958	42	73
471	991	33	78
471	991	33	78
471	991	33	78
471	991	33	78
471	991	33	78
471	991	33	78
471	991	33	78
471	991	33	78
471	991	33	78
474	1011	22	70
474	1019	25	62
474	1019	25	62
474	1019	25	62
407	1020	36	58
418	1018	40	60
418	1018	40	60
418	1018	40	60
418	1018	40	60
418	1018	40	60
418	1018	40	60
418	1018	40	60
418	1018	40	60
418	1018	40	60
418	1018	40	60
418	1018	40	60
418	1018	40	60
418	1018	40	60
418	1018	40	60
418	1018	40	60
418	1018	40	60
418	1018	40	60
418	1018	40	60
418	1018	40	60
418	1018	40	60
418	1018	40	60
418	1018	40	60
418	1018	40	60
418	1018	40	60
418	1018	40	60
418	1018	40	60
418	1018	40	60
418	1018	40	60
418	1018	40	60
418	1018	40	60
418	1018	40	60
418	1018	40	60
418	1018	40	60
418	1018	40	60
418	1018	40	60
418	1018	40	60
418	1018	40	60
418	1018	40	60
362	983	38	62
362	983	38	62
362	983	38	62
362	983	38	62
399	951	31	70
399	951	31	70
439	1010	30	65
411	984	26	63
392	1002	29	65
381	1018	33	65
381	1018	33	65
381	1018	33	65
381	1018	33	65
381	1018	33	65
336	978	40	58
336	978	40	58
336	978	40	58
336	978	40	58
336	978	40	58
421	1000	46	54
421	1000	46	54
421	1000	46	54
421	1000	46	54
421	1000	46	54
527	1020	48	58
502	1039	36	56
502	1039	36	56
502	1039	36	56
502	1039	36	56
502	1039	36	56
502	1039	36	56
502	1039	36	56
502	1039	36	56
