962	673	32	89
960	671	34	88
957	668	37	95
956	668	36	94
955	669	35	89
957	670	33	82
956	672	34	83
954	669	36	93
953	671	36	88
952	672	38	83
946	666	43	90
945	664	46	90
947	664	41	87
951	663	36	90
948	660	37	89
946	658	39	96
949	659	35	98
948	663	33	90
949	661	33	89
944	659	37	97
946	658	39	94
946	657	36	91
946	657	33	90
944	661	32	86
945	657	34	90
944	661	32	88
943	657	33	85
942	656	35	86
942	660	34	79
943	660	32	78
943	659	31	81
942	658	31	84
941	656	32	91
939	655	33	90
940	652	31	91
940	659	33	92
939	649	33	97
937	650	35	99
940	654	28	87
935	656	36	81
934	659	32	80
935	663	30	76
933	661	30	76
932	659	30	77
931	658	31	83
931	652	31	81
930	654	31	86
929	645	29	94
928	636	31	105
927	643	31	102
926	642	31	101
925	645	32	95
922	644	36	97
921	641	36	102
920	642	38	101
921	643	35	103
920	641	35	107
919	642	33	107
916	644	36	105
915	644	36	102
911	644	35	102
904	644	37	103
897	647	40	100
893	651	35	99
883	652	34	99
874	653	34	93
867	657	29	89
857	651	36	99
852	652	33	97
848	654	31	93
844	659	30	90
840	658	31	94
837	656	31	96
831	650	36	103
828	650	36	105
827	654	38	100
819	656	45	95
823	663	39	94
819	670	38	83
814	673	42	76
817	675	38	76
814	672	34	83
806	671	37	86
795	672	44	84
789	671	42	82
770	678	45	80
756	676	42	81
744	678	40	82
730	680	41	82
721	679	39	90
712	680	34	87
703	682	35	85
697	681	36	90
689	683	37	88
686	682	35	86
685	683	33	84
681	685	34	84
680	688	33	84
677	686	39	88
681	681	35	88
690	684	33	91
704	683	33	99
716	686	34	97
735	681	33	97
751	680	33	101
765	680	32	99
776	681	34	96
785	681	32	96
791	682	34	95
795	679	34	98
799	686	35	93
802	685	33	92
805	688	30	86
804	687	32	91
804	687	31	88
804	684	31	101
803	686	31	96
801	690	32	94
800	689	30	99
799	691	32	105
797	693	31	102
795	690	33	101
794	694	30	90
793	696	30	83
792	695	31	90
789	698	30	87
787	698	31	93
786	699	32	91
788	696	29	100
790	700	30	97
794	697	30	99
799	699	30	95
808	701	30	101
814	702	31	97
819	704	33	92
824	704	34	99
827	705	34	95
831	708	35	99
832	708	35	106
832	707	35	104
831	708	37	106
829	709	39	107
830	711	36	104
830	708	34	103
829	712	32	97
827	712	30	98
825	713	30	104
825	712	28	98
821	714	31	105
819	713	32	110
816	715	33	111
814	717	32	104
812	718	32	109
810	718	34	112
809	719	34	111
806	720	36	117
804	722	36	114
801	721	38	121
799	723	38	119
801	723	38	122
800	724	40	119
803	722	39	123
807	722	37	122
811	722	36	116
816	724	37	108
819	724	37	118
821	725	37	121
824	725	36	116
825	726	36	115
824	729	38	108
823	727	38	116
823	728	36	108
822	728	34	111
822	729	32	115
820	730	31	115
817	731	32	116
814	732	31	118
811	728	32	121
808	731	31	112
805	733	31	115
803	732	30	114
802	732	27	122
798	733	29	122
795	733	29	124
791	733	31	121
789	735	30	112
786	736	30	112
785	734	29	119
781	736	31	118
778	735	32	116
777	736	29	113
774	746	30	113
771	743	30	112
770	742	30	117
765	746	34	120
764	746	33	117
762	746	35	116
761	746	35	121
765	741	34	126
769	743	36	122
781	742	33	125
796	740	34	123
814	736	36	123
839	734	35	120
866	737	36	115
897	733	36	121
931	730	37	124
965	723	36	128
1001	722	36	130
1034	724	35	128
1058	720	35	128
1083	726	35	121
1101	725	34	123
1115	724	33	125
1127	720	32	129
1133	719	31	130
1141	718	30	127
1143	718	32	129
1147	717	31	129
1145	719	33	123
1146	717	32	123
1147	719	31	120
1146	720	32	119
1145	720	32	121
1144	718	32	118
1142	718	33	116
1141	717	33	115
1139	718	34	115
1139	715	33	116
1138	715	33	114
1135	711	36	119
1135	710	33	116
1135	710	34	116
1133	708	36	116
1133	709	34	109
1134	707	34	112
1133	705	34	114
1132	707	35	110
1132	705	35	111
1133	704	34	110
1130	705	35	107
1130	704	35	106
1130	703	34	105
1127	700	35	107
1126	699	35	106
1125	699	34	105
1126	696	31	107
1124	696	32	105
1123	696	32	105
1121	692	32	108
1121	692	33	106
1120	693	33	106
1120	692	33	104
1119	691	34	103
1119	690	31	104
1119	690	32	102
1118	687	32	105
1117	688	29	101
1116	686	32	104
1116	686	33	105
1116	685	32	105
1115	686	32	103
1116	686	29	101
1113	687	30	96
1112	684	31	97
1112	683	31	97
1110	682	32	99
1109	682	31	99
1107	681	33	99
1106	680	32	99
1107	681	30	96
1106	681	30	97
1104	679	31	98
1104	681	30	95
1102	681	31	96
1101	678	30	100
1100	679	32	99
1097	677	33	99
1096	675	32	101
1095	672	33	104
1095	673	31	101
1093	675	33	94
1093	672	31	95
1090	671	33	94
1088	671	35	96
1088	668	34	94
1088	669	33	95
1085	667	34	99
1085	669	34	92
1083	669	34	93
1080	667	35	93
1076	665	36	97
1074	665	36	97
1072	660	35	102
1070	660	35	101
1068	661	35	101
1066	662	35	95
1065	661	35	94
1062	661	38	92
1064	656	34	93
1064	661	32	90
1062	660	33	91
1060	656	32	93
1059	657	33	91
1057	659	34	87
1056	660	31	85
1056	658	30	90
1055	657	30	90
1051	659	33	87
1047	665	36	85
1047	660	33	87
1047	659	32	85
1044	655	32	90
1037	657	37	91
1036	659	35	86
1036	656	32	89
1034	653	31	90
1033	652	28	92
1032	650	27	93
1029	648	27	95
1023	650	31	90
1022	652	29	90
1019	648	28	96
1018	652	27	92
1015	648	26	95
1012	651	27	90
1009	649	27	93
1006	647	28	97
1004	649	26	94
999	650	28	95
997	648	27	95
994	646	27	95
990	643	26	97
986	645	27	92
981	645	29	91
978	644	29	91
974	647	28	87
971	645	27	87
966	641	28	91
963	645	27	88
958	646	28	87
954	648	26	83
950	646	27	83
944	646	27	83
940	645	27	86
935	651	28	80
929	649	29	81
924	646	28	82
920	648	27	82
915	652	27	80
909	643	27	86
906	646	25	82
901	649	26	79
895	643	27	85
891	642	25	87
888	640	25	89
882	646	27	86
879	643	26	84
878	639	25	91
876	640	27	90
879	639	28	90
884	646	29	86
896	642	28	83
908	647	32	81
939	636	25	90
958	640	27	83
986	643	33	75
1019	637	28	85
1055	633	28	85
1098	644	29	82
1130	639	30	86
1173	635	34	85
1219	641	31	87
1251	645	36	83
1297	650	32	87
1327	650	30	84
1355	651	32	88
1376	652	31	87
1388	654	31	88
1401	654	31	89
1405	651	33	92
1410	652	32	90
1404	652	39	89
1404	648	33	89
1399	644	38	89
1399	643	34	91
1389	640	34	89
1385	638	33	91
1379	636	31	88
1371	636	31	90
1368	632	28	91
1363	626	30	94
1357	629	30	86
1354	627	31	91
1350	623	31	90
1346	621	30	94
1343	620	29	94
1341	619	31	94
1340	622	30	90
1336	620	32	90
1335	618	33	90
1332	618	39	88
1332	617	38	89
1332	616	37	89
1336	615	35	88
1335	614	33	90
1334	613	35	89
1337	615	30	87
1337	612	31	88
1332	609	37	88
1331	607	38	90
1331	610	36	87
1334	609	32	93
1333	609	34	93
1329	605	36	93
1328	607	37	92
1329	608	36	87
1330	609	33	83
1330	608	32	87
1330	608	32	86
1329	608	33	87
1330	604	31	89
1332	604	31	88
1333	605	30	84
1332	607	30	86
1332	606	29	85
1332	603	30	91
1333	602	29	95
1332	603	30	90
1335	597	29	95
1332	605	30	88
1336	607	28	87
1335	605	29	89
1338	607	28	89
1337	605	28	89
1338	613	28	85
1339	613	27	83
1339	613	31	81
1338	608	32	88
1338	607	32	82
1341	607	29	84
1340	607	32	86
1342	606	27	88
1341	604	30	91
1340	605	31	88
1341	609	32	85
1342	609	30	85
1343	609	29	81
1345	610	29	82
1342	610	30	82
1344	614	30	79
1343	610	32	85
1345	612	30	84
1347	613	27	82
1346	609	29	82
1345	613	30	78
1344	613	30	80
1345	615	32	81
1346	616	30	76
1347	617	29	77
1347	613	31	82
1350	614	26	84
1351	614	26	84
1350	614	27	84
1351	617	27	78
1352	617	29	77
1352	616	29	83
1353	623	27	79
1354	620	28	86
1352	620	31	79
1352	622	30	77
1356	620	31	80
1354	622	29	76
1354	622	29	76
1354	622	29	76
1354	622	29	76
1354	622	29	76
1354	622	29	76
1354	622	29	76
1354	622	29	76
1363	635	34	72
1354	634	43	70
1357	628	41	76
1360	632	39	69
1358	636	39	70
1361	642	37	64
1358	642	37	64
1353	639	43	64
1360	633	33	66
1359	630	33	68
1362	629	29	69
1362	627	28	70
1357	630	34	71
1353	625	36	74
1355	628	32	74
1357	626	31	73
1351	627	37	75
1353	631	35	67
1349	623	39	75
1351	618	39	82
1352	626	37	77
1352	621	35	79
1352	620	34	84
1351	619	36	81
1352	613	33	87
1353	617	34	85
1353	615	33	84
1354	617	32	82
1355	614	30	82
1358	606	29	91
1355	604	33	94
1355	601	31	94
1354	613	33	85
1354	608	32	90
1356	604	29	90
1357	609	31	90
1360	606	28	92
1359	605	27	91
1355	615	31	83
1353	621	34	78
1349	622	39	80
1351	632	37	72
1350	630	37	69
1352	617	34	79
1352	615	34	82
1348	624	41	75
1350	632	38	62
1350	628	38	63
1352	634	37	61
1354	632	36	60
1352	626	37	69
1352	633	39	60
1354	629	37	66
1353	625	37	70
1350	632	40	61
1351	629	42	63
1353	624	40	71
1349	632	44	63
1351	628	43	67
1352	631	43	64
1356	628	38	68
1357	633	36	61
1357	635	38	61
1348	634	44	65
1349	635	47	62
1352	627	42	68
1353	629	41	69
1355	631	38	65
1354	633	40	67
1355	626	38	72
1353	629	40	66
1353	633	39	61
1348	635	44	58
1348	633	42	62
1347	628	42	64
1351	633	38	59
1355	632	31	67
1350	625	34	72
1345	632	36	62
1344	635	37	62
1343	629	36	64
1342	627	35	71
1338	628	37	73
1337	629	36	65
1332	634	39	60
1332	633	39	65
1330	636	36	62
1330	636	34	64
1326	632	35	66
1323	628	37	69
1319	632	39	63
1313	636	40	64
1312	628	38	73
1312	635	36	62
1307	635	39	64
1304	639	39	65
1302	630	38	70
1300	636	35	66
1303	637	29	61
1298	641	30	57
1293	640	34	57
1285	640	39	60
1287	641	31	55
1279	641	36	63
1276	642	37	63
1276	643	34	65
1272	641	35	64
1263	642	41	68
1264	641	35	62
1261	642	32	53
1251	644	38	58
1243	643	41	56
1241	644	41	50
1241	644	36	52
1237	646	37	55
1228	644	42	58
1225	644	43	60
1223	643	40	61
1220	645	40	59
1216	646	38	55
1213	646	37	56
1210	645	35	65
1205	645	35	64
1200	642	37	59
1197	643	35	62
1193	642	35	61
1192	643	31	59
1191	643	27	60
1181	643	32	63
1172	645	35	57
1166	643	37	59
1163	644	37	57
1165	643	29	60
1156	641	34	60
1146	642	40	53
1144	642	35	61
1144	642	31	60
1132	640	38	62
1129	643	36	56
1133	644	31	49
1120	641	36	57
1115	641	36	57
1110	642	38	58
1106	639	36	65
1105	642	33	59
1096	640	38	66
1096	642	33	59
1096	643	27	58
1084	640	37	59
1080	639	35	59
1075	641	39	59
1073	642	41	61
1070	644	33	57
1069	642	30	56
1062	643	31	56
1056	644	35	53
1051	643	37	58
1043	644	43	63
1043	646	38	61
1044	647	33	61
1047	646	24	63
1035	649	34	58
1034	647	33	64
1034	648	31	65
1030	646	32	68
1024	649	36	64
1022	651	33	62
1020	652	34	59
1016	651	35	65
1013	650	32	68
1005	650	37	66
1004	652	37	64
1000	653	37	69
1000	653	33	63
1000	654	33	68
983	652	44	69
980	654	46	67
976	653	48	69
975	657	46	61
975	656	46	68
976	656	39	71
973	659	40	68
970	660	40	69
975	657	36	74
970	661	38	69
966	662	41	71
963	662	41	70
964	664	36	68
961	667	38	64
959	667	39	66
956	669	38	69
956	668	37	73
954	671	39	70
954	670	33	70
953	669	32	73
949	671	38	78
949	671	31	75
942	673	40	77
940	677	39	73
937	679	40	69
934	680	41	73
933	683	40	73
926	683	46	70
924	683	46	77
924	686	43	71
918	688	48	75
912	688	51	77
911	688	50	81
910	690	48	81
903	695	55	73
902	699	57	77
901	699	54	78
896	704	58	73
897	707	57	76
894	707	55	79
892	710	56	79
889	714	59	79
887	717	58	79
885	720	59	78
888	723	54	73
887	725	55	85
884	727	54	88
878	729	58	88
875	731	60	89
870	739	64	80
871	742	59	80
872	742	56	89
868	750	59	86
867	755	57	85
865	758	60	87
863	761	58	88
856	763	64	89
850	768	67	87
847	772	68	89
845	779	67	85
843	781	69	88
841	787	70	87
840	788	68	91
836	794	70	91
834	800	70	91
833	803	68	91
830	806	70	93
825	809	71	100
820	816	73	96
821	823	71	95
820	830	70	97
817	831	70	100
812	837	75	105
808	840	75	104
805	849	75	101
802	856	75	102
799	863	78	101
796	865	76	105
790	874	78	105
785	878	78	108
784	886	74	108
777	892	79	110
773	898	80	110
771	905	77	112
767	909	78	114
765	918	76	115
766	928	73	109
750	931	83	116
753	943	73	115
739	948	84	115
733	954	82	114
723	955	85	118
722	962	80	114
725	978	73	100
722	985	68	95
720	1005	63	71
700	1011	78	65
697	1021	75	56
697	1035	67	43
697	1035	67	43
697	1035	67	43
608	952	55	52
618	946	44	53
613	944	39	60
604	958	44	62
604	958	44	62
604	958	44	62
582	968	52	75
582	968	52	75
582	968	52	75
582	968	52	75
582	968	52	75
582	968	52	75
582	968	52	75
582	968	52	75
582	968	52	75
582	968	52	75
582	968	52	75
582	968	52	75
582	968	52	75
582	968	52	75
582	968	52	75
582	968	52	75
582	968	52	75
582	968	52	75
582	968	52	75
582	968	52	75
582	968	52	75
582	968	52	75
582	968	52	75
582	968	52	75
582	968	52	75
582	968	52	75
582	968	52	75
582	968	52	75
582	968	52	75
582	968	52	75
582	968	52	75
582	968	52	75
582	968	52	75
582	968	52	75
582	968	52	75
582	968	52	75
582	968	52	75
582	968	52	75
582	968	52	75
582	968	52	75
582	968	52	75
582	968	52	75
582	968	52	75
582	968	52	75
582	968	52	75
582	968	52	75
582	968	52	75
582	968	52	75
582	968	52	75
582	968	52	75
582	968	52	75
582	968	52	75
582	968	52	75
582	968	52	75
582	968	52	75
582	968	52	75
582	968	52	75
582	968	52	75
582	968	52	75
582	968	52	75
582	968	52	75
582	968	52	75
582	968	52	75
582	968	52	75
582	968	52	75
582	968	52	75
582	968	52	75
582	968	52	75
582	968	52	75
582	968	52	75
582	968	52	75
582	968	52	75
582	968	52	75
582	968	52	75
582	968	52	75
582	968	52	75
582	968	52	75
582	968	52	75
582	968	52	75
582	968	52	75
582	968	52	75
582	968	52	75
582	968	52	75
582	968	52	75
582	968	52	75
582	968	52	75
582	968	52	75
582	968	52	75
582	968	52	75
582	968	52	75
582	968	52	75
582	968	52	75
582	968	52	75
582	968	52	75
582	968	52	75
582	968	52	75
582	968	52	75
582	968	52	75
582	968	52	75
582	968	52	75
582	968	52	75
582	968	52	75
582	968	52	75
582	968	52	75
582	968	52	75
582	968	52	75
582	968	52	75
582	968	52	75
582	968	52	75
582	968	52	75
582	968	52	75
582	968	52	75
582	968	52	75
582	968	52	75
582	968	52	75
582	968	52	75
582	968	52	75
582	968	52	75
582	968	52	75
582	968	52	75
582	968	52	75
582	968	52	75
582	968	52	75
582	968	52	75
582	968	52	75
582	968	52	75
582	968	52	75
582	968	52	75
582	968	52	75
582	968	52	75
582	968	52	75
582	968	52	75
582	968	52	75
582	968	52	75
582	968	52	75
582	968	52	75
582	968	52	75
582	968	52	75
582	968	52	75
582	968	52	75
582	968	52	75
582	968	52	75
582	968	52	75
582	968	52	75
582	968	52	75
582	968	52	75
582	968	52	75
582	968	52	75
582	968	52	75
582	968	52	75
582	968	52	75
582	968	52	75
582	968	52	75
582	968	52	75
582	968	52	75
582	968	52	75
582	968	52	75
582	968	52	75
582	968	52	75
582	968	52	75
582	968	52	75
582	968	52	75
582	968	52	75
582	968	52	75
582	968	52	75
582	968	52	75
582	968	52	75
582	968	52	75
582	968	52	75
582	968	52	75
582	968	52	75
582	968	52	75
582	968	52	75
582	968	52	75
582	968	52	75
582	968	52	75
582	968	52	75
582	968	52	75
582	968	52	75
582	968	52	75
582	968	52	75
582	968	52	75
582	968	52	75
582	968	52	75
582	968	52	75
582	968	52	75
582	968	52	75
582	968	52	75
582	968	52	75
582	968	52	75
582	968	52	75
582	968	52	75
582	968	52	75
582	968	52	75
582	968	52	75
582	968	52	75
582	968	52	75
582	968	52	75
582	968	52	75
582	968	52	75
582	968	52	75
582	968	52	75
582	968	52	75
582	968	52	75
582	968	52	75
582	968	52	75
582	968	52	75
582	968	52	75
582	968	52	75
582	968	52	75
582	968	52	75
582	968	52	75
582	968	52	75
582	968	52	75
582	968	52	75
582	968	52	75
582	968	52	75
582	968	52	75
582	968	52	75
582	968	52	75
582	968	52	75
582	968	52	75
582	968	52	75
582	968	52	75
582	968	52	75
582	968	52	75
582	968	52	75
582	968	52	75
582	968	52	75
582	968	52	75
582	968	52	75
582	968	52	75
582	968	52	75
582	968	52	75
582	968	52	75
