729	609	38	97
727	607	35	94
727	606	38	96
728	607	34	100
726	610	34	85
723	611	37	95
720	612	48	91
716	606	44	95
718	601	51	102
723	600	47	103
725	608	42	92
727	610	38	91
732	613	36	80
730	608	36	85
726	614	31	88
726	614	31	88
726	610	35	89
723	609	34	83
723	609	34	83
723	609	34	83
722	615	39	85
721	604	43	95
722	594	42	99
722	594	44	96
720	591	47	100
719	585	44	106
719	588	42	103
727	594	38	107
726	590	41	104
718	580	41	103
734	594	49	94
721	590	66	94
720	585	68	113
710	590	86	96
716	585	79	101
713	586	81	97
716	586	76	107
714	590	81	91
716	588	78	91
719	591	74	86
719	586	74	85
717	583	78	87
720	575	77	101
716	577	76	104
717	580	75	104
718	576	77	103
723	580	75	103
717	563	86	120
717	563	92	111
719	558	83	113
718	555	74	125
723	555	62	126
730	558	69	121
726	573	71	111
728	575	63	102
734	577	49	110
737	573	41	114
741	578	43	103
740	581	50	97
740	578	65	103
739	583	66	99
739	571	71	111
742	573	54	113
745	568	45	128
748	569	42	125
750	574	38	133
745	571	41	129
721	570	53	125
721	570	53	125
719	596	40	128
696	597	43	124
679	585	43	125
657	595	48	120
657	595	48	120
625	602	63	124
625	602	63	124
574	607	66	102
578	610	66	115
553	608	84	109
550	613	74	108
550	614	65	108
551	619	47	103
558	625	36	109
555	626	40	115
554	624	39	123
551	629	43	117
553	641	40	107
556	624	37	113
562	627	36	114
561	628	37	113
566	622	33	118
569	622	36	112
570	631	32	107
572	631	33	103
576	630	32	104
578	638	35	104
576	642	38	101
580	647	47	100
586	639	32	104
586	640	38	97
585	636	33	103
585	638	35	100
587	641	36	101
587	639	40	101
588	643	42	103
590	647	43	96
587	634	47	103
588	642	44	97
589	637	40	99
590	650	38	95
588	637	41	108
589	642	39	100
589	639	40	102
588	639	39	99
589	640	36	94
587	638	40	98
591	641	38	93
587	634	36	92
589	633	35	96
588	632	38	101
586	633	39	120
589	631	30	111
587	635	36	97
586	639	39	100
581	638	42	102
581	635	44	99
583	638	47	98
583	640	32	101
585	640	30	87
581	642	35	96
581	638	38	104
576	635	41	104
576	634	38	114
578	634	36	115
575	626	52	122
576	625	54	113
570	634	53	113
572	626	53	127
560	625	66	129
561	631	67	125
554	626	74	137
557	634	53	120
557	627	54	125
552	630	58	127
555	625	57	142
550	623	57	143
548	624	53	140
545	636	57	131
546	638	57	143
546	630	51	151
542	627	51	149
540	637	63	156
536	641	56	149
538	636	50	146
533	636	57	154
536	640	48	145
527	632	55	153
523	625	46	157
518	627	59	166
518	631	62	174
519	639	57	165
518	636	55	163
516	641	48	142
512	638	49	130
515	676	68	121
502	642	59	126
500	649	71	141
497	653	58	143
495	651	60	141
493	653	56	132
494	655	52	126
491	662	57	119
494	667	56	128
490	652	56	133
486	655	58	128
493	671	52	110
496	670	48	126
503	679	40	125
503	669	41	128
506	674	32	122
504	672	35	127
498	673	45	123
491	669	52	122
500	678	44	117
497	681	46	107
500	679	40	104
499	678	44	101
500	674	40	108
497	671	42	112
494	667	50	125
498	667	49	139
498	663	43	139
495	662	48	130
498	665	49	136
500	662	47	128
502	666	47	114
500	663	48	120
504	666	42	119
508	667	36	111
504	673	46	103
506	667	40	111
508	665	41	112
507	661	45	119
510	660	43	122
510	656	43	121
511	655	41	123
516	654	38	126
515	647	40	124
513	651	41	111
514	655	37	103
518	651	39	113
518	649	43	111
518	648	42	114
517	642	44	128
519	639	43	123
524	634	41	129
528	639	40	123
529	640	42	118
534	643	39	118
533	647	48	108
537	643	41	113
537	642	43	109
536	636	44	117
541	631	46	118
549	628	39	122
550	634	42	121
553	638	42	122
554	641	41	118
555	644	37	111
558	638	38	112
559	640	39	120
560	630	41	123
560	635	40	117
564	634	39	115
565	631	39	112
566	632	40	121
568	627	41	126
566	627	44	112
569	626	43	120
569	626	42	117
571	627	37	114
572	625	41	110
572	627	38	105
576	623	38	111
575	621	41	119
575	619	42	122
577	618	40	117
577	618	38	118
577	621	36	117
577	621	38	114
577	621	40	115
576	620	40	112
577	620	40	107
579	618	39	113
581	617	38	107
579	618	42	116
580	617	38	112
579	617	41	119
578	618	41	118
579	619	41	110
578	619	40	109
579	621	38	114
580	619	39	117
579	617	38	119
580	622	41	115
577	620	40	114
579	618	39	119
579	618	39	120
581	620	40	119
578	620	42	109
578	621	42	103
583	622	36	108
583	621	36	107
583	623	37	108
582	626	36	107
583	625	37	112
583	628	38	108
584	627	37	107
585	625	34	104
586	625	36	98
586	629	37	102
585	626	39	104
582	626	43	106
580	623	46	106
569	623	57	110
571	628	56	106
576	625	51	107
575	621	50	118
576	620	52	119
578	623	46	118
582	621	45	118
584	624	42	115
587	621	41	111
587	622	38	112
590	624	37	104
592	625	37	111
591	622	36	114
590	618	38	118
592	619	38	116
591	621	41	113
591	620	42	112
589	622	47	114
589	626	50	106
590	623	50	113
594	626	46	108
594	625	48	107
586	623	59	106
591	620	54	111
587	624	57	107
592	626	62	106
591	624	62	109
592	626	64	108
590	621	65	112
589	625	71	111
591	626	71	111
588	619	76	111
585	617	76	114
589	620	79	115
581	621	96	115
579	622	99	113
583	620	95	120
581	620	97	123
579	629	104	110
581	630	103	109
577	634	106	103
596	641	106	95
577	635	107	97
581	627	117	112
567	625	116	113
567	627	117	110
567	641	117	98
565	644	119	96
583	636	110	106
564	632	120	109
558	636	126	107
552	647	131	92
559	647	127	95
550	637	134	107
544	641	143	102
541	641	149	103
537	638	145	106
533	631	152	111
530	632	154	111
530	629	156	112
525	631	157	109
520	643	163	98
518	643	164	102
514	639	171	103
507	645	177	101
506	635	174	112
519	647	166	98
511	643	168	101
503	650	177	93
502	652	172	96
491	649	187	104
504	661	171	86
483	662	196	68
538	638	198	76
453	654	212	91
480	652	200	94
473	656	209	92
481	658	204	89
479	656	204	91
477	651	203	99
470	652	214	101
470	651	214	102
463	655	228	99
464	663	223	100
467	657	217	107
465	654	218	113
462	657	225	113
462	663	222	95
461	662	225	104
463	666	222	100
460	667	244	94
458	664	244	105
458	650	274	118
448	666	267	100
457	657	282	108
447	660	275	111
455	665	279	110
462	678	309	103
456	669	323	117
452	679	319	108
458	676	318	102
452	674	283	109
466	691	322	89
458	682	316	104
475	674	329	118
466	678	326	121
444	687	291	111
472	687	268	103
473	694	263	95
480	684	249	111
486	688	252	107
487	688	251	108
485	694	263	101
487	691	263	110
488	693	287	113
496	698	284	97
493	697	266	104
501	706	256	102
507	706	242	104
507	708	250	104
513	712	251	98
518	715	240	98
524	715	229	103
528	718	231	107
522	717	244	105
523	717	243	105
526	714	238	113
524	724	252	110
535	718	242	111
548	721	236	110
539	716	250	123
543	722	253	111
548	721	245	119
554	721	244	116
560	726	239	109
554	731	252	108
573	730	259	109
552	729	246	112
567	732	237	99
576	731	213	96
586	724	189	104
584	720	187	111
585	722	204	102
585	719	206	108
588	720	197	104
592	717	184	108
592	717	187	107
589	720	181	103
591	713	187	106
595	717	178	97
599	714	170	103
593	716	175	102
597	715	179	111
596	713	177	104
597	714	185	99
597	713	185	102
598	713	175	101
603	700	164	110
597	706	164	101
599	707	174	96
598	694	170	111
599	694	169	112
596	695	182	109
594	685	191	132
594	698	155	113
600	697	135	116
600	690	141	116
600	695	130	116
587	686	100	131
591	689	94	127
599	682	78	128
605	688	79	122
608	679	92	133
598	678	73	138
606	677	51	131
606	675	54	133
605	678	60	130
607	674	50	129
609	677	46	125
607	680	46	120
606	681	48	117
607	679	48	116
606	680	51	116
608	682	48	113
608	683	54	118
607	685	52	113
609	683	47	116
608	683	52	117
609	683	53	118
608	684	57	120
609	681	55	120
608	684	58	110
616	683	42	110
612	684	49	101
615	683	43	106
614	682	43	114
614	684	47	111
611	682	47	107
614	682	47	104
614	680	45	107
616	681	47	108
614	678	46	117
618	677	43	116
616	681	47	109
617	679	41	104
616	680	34	106
614	677	39	104
613	683	37	96
614	682	40	98
615	674	39	102
612	671	42	105
608	667	42	106
608	671	41	101
606	666	42	105
605	665	39	106
605	668	46	109
604	669	45	99
603	665	41	102
604	661	41	108
600	659	42	106
601	660	44	109
601	656	42	108
602	661	37	100
601	662	40	99
598	656	48	104
598	658	46	95
599	654	36	100
597	653	35	100
594	655	35	95
595	656	42	97
594	649	38	94
587	646	53	105
587	643	44	108
588	643	41	108
588	640	47	108
588	637	40	116
588	637	41	118
584	630	45	107
584	634	46	99
584	635	49	98
585	635	51	103
583	636	47	105
580	635	49	100
580	635	45	98
579	632	44	99
579	640	42	93
581	639	45	93
580	634	43	96
578	630	45	102
574	629	47	101
578	627	46	106
578	626	42	100
576	626	47	99
577	623	40	100
572	619	42	97
573	617	42	109
574	618	42	105
572	614	40	100
572	615	39	101
570	609	40	107
569	608	44	102
568	605	43	98
564	606	53	96
563	603	52	100
567	606	39	94
567	606	35	95
569	606	31	96
569	608	34	97
567	602	38	107
566	600	36	105
564	599	42	97
562	599	46	98
561	598	46	97
563	600	43	106
562	596	39	99
561	598	51	96
558	597	50	93
556	590	47	97
555	591	49	94
554	590	50	96
551	593	55	89
551	584	69	99
562	582	61	100
548	589	59	87
548	590	61	88
545	586	47	95
544	590	57	84
540	586	57	85
535	580	59	89
535	576	55	96
531	583	53	87
536	580	51	91
529	577	46	93
536	588	46	89
533	584	50	89
525	582	51	90
523	587	63	83
521	584	64	82
523	579	63	99
523	570	50	114
521	573	63	99
517	579	70	85
513	575	65	89
514	574	55	91
517	576	42	91
516	574	41	96
514	571	45	95
508	568	49	103
510	570	41	98
511	570	38	96
513	568	37	99
511	563	42	103
506	569	45	95
506	563	52	105
503	559	49	108
497	565	64	94
502	568	58	100
504	568	53	99
501	570	63	93
499	568	69	98
499	565	71	100
500	566	70	92
502	562	58	104
502	566	45	94
503	562	46	102
504	570	53	90
502	569	69	97
501	562	65	108
503	560	68	107
501	562	74	104
502	562	70	109
504	561	56	104
501	557	61	107
507	555	42	107
505	552	43	116
507	554	43	118
510	563	46	112
508	563	57	101
517	567	57	103
510	573	56	100
518	570	48	95
519	566	44	95
520	567	47	92
520	573	54	102
519	569	61	100
522	570	49	91
522	566	44	91
523	561	42	96
521	565	48	92
524	563	40	106
535	567	45	104
527	569	41	95
525	567	52	107
522	562	49	99
526	560	41	98
524	563	40	99
523	558	43	106
523	561	42	100
520	561	45	107
520	559	46	100
519	558	48	106
518	553	44	104
521	560	41	99
522	555	38	103
522	559	39	103
522	557	36	111
522	556	39	116
517	554	42	119
517	554	40	114
515	554	38	106
516	563	37	97
510	563	43	90
513	562	33	99
513	560	35	103
509	567	44	94
503	570	51	86
495	570	51	75
506	578	45	86
502	569	46	87
496	565	50	96
498	568	39	91
497	567	46	82
492	568	45	83
490	571	54	78
483	565	55	87
485	561	42	99
486	562	53	95
485	563	37	95
482	567	41	90
481	564	37	94
481	570	38	82
476	574	44	96
475	574	43	95
476	576	41	93
473	574	36	86
471	573	39	86
469	576	43	90
468	569	42	92
468	561	43	102
470	554	41	107
470	560	42	109
471	552	34	122
471	548	35	115
470	567	29	107
472	565	28	111
473	572	27	104
470	579	31	87
471	580	29	91
472	579	33	88
471	578	47	90
471	581	46	95
470	584	47	87
470	579	39	88
475	582	36	89
473	580	47	92
475	579	40	90
474	576	39	94
473	574	44	90
476	579	39	87
481	584	37	78
487	592	29	69
483	598	36	62
482	600	37	62
488	588	31	72
487	585	45	73
488	586	44	72
491	582	42	75
487	583	47	63
492	581	42	65
496	580	35	67
497	577	36	73
510	575	35	79
508	580	35	80
508	588	35	72
510	588	37	77
515	585	29	78
516	574	30	82
519	574	29	78
517	575	31	68
517	571	33	79
