610	599	51	86
607	596	49	91
602	593	49	98
597	597	48	96
591	596	51	101
585	589	54	113
578	579	56	127
573	590	59	120
565	618	67	95
559	625	59	90
554	632	61	83
546	636	63	84
537	634	67	91
530	638	75	91
523	642	74	89
516	645	72	92
507	644	78	95
499	650	79	95
490	654	79	99
483	652	78	102
475	657	77	98
467	658	76	104
459	664	75	103
449	669	75	103
441	667	77	111
433	669	78	115
425	674	76	117
410	678	83	117
402	682	81	119
391	686	83	120
375	696	91	116
363	700	93	122
356	702	90	124
340	709	97	124
324	709	104	131
316	706	102	142
301	706	103	156
286	725	107	140
288	719	93	129
265	730	105	131
255	736	104	120
242	738	105	129
223	742	112	121
210	745	116	119
199	754	118	116
184	753	119	128
171	762	123	130
157	762	124	124
144	771	120	113
126	774	129	119
122	776	123	123
114	779	128	120
116	779	134	122
126	786	130	113
138	784	123	106
157	782	121	114
183	778	115	104
206	773	110	109
234	772	110	100
273	764	93	104
312	759	83	94
339	751	95	103
363	745	103	102
394	741	109	107
437	736	103	104
461	731	112	109
500	722	111	118
542	721	100	104
584	713	101	105
625	716	90	95
661	718	89	88
691	719	89	82
729	721	82	80
766	720	84	74
788	719	92	75
810	724	92	69
834	720	89	70
850	723	88	68
849	704	100	87
856	703	95	87
860	696	87	91
864	693	79	93
867	685	73	108
845	697	88	92
839	704	82	78
827	715	81	67
820	711	76	69
810	702	83	80
794	711	96	71
778	701	97	74
771	697	84	84
758	697	85	83
751	691	88	85
738	688	89	88
726	686	88	87
718	690	93	83
705	687	89	83
698	680	89	88
693	682	83	84
688	681	85	81
692	675	79	85
691	677	78	79
695	678	84	76
706	677	85	73
717	679	83	67
736	662	80	79
752	669	80	70
773	665	83	70
805	662	76	71
827	645	76	82
862	644	72	79
888	624	80	100
919	621	71	98
957	625	67	93
981	629	76	87
1024	634	71	80
1063	638	71	71
1098	640	68	69
1140	640	70	69
1180	632	69	77
1217	637	62	72
1254	638	63	74
1275	645	71	66
1299	639	74	71
1320	639	74	73
1329	643	75	64
1341	636	69	71
1345	643	68	63
1347	632	71	69
1344	627	71	70
1345	624	67	73
1348	626	59	73
1340	626	61	69
1333	623	60	67
1328	620	59	69
1323	622	57	64
1312	618	61	65
1309	610	56	68
1308	614	53	62
1302	616	50	57
1292	611	52	58
1289	605	49	63
1281	606	49	59
1274	604	48	57
1269	596	51	60
1263	596	48	61
1258	593	46	59
1253	586	44	68
1243	589	49	59
1243	589	46	57
1239	587	42	54
1231	582	46	58
1228	580	41	58
1221	577	44	59
1217	572	42	63
1212	569	42	63
1208	572	43	61
1204	571	43	62
1201	570	41	59
1196	565	35	60
1191	562	40	64
1186	563	40	61
1182	563	41	59
1177	562	39	54
1172	560	39	55
1168	559	39	53
1164	561	39	54
1159	549	41	61
1156	547	42	64
1152	543	39	67
1147	538	40	70
1143	541	43	66
1139	534	40	69
1135	535	41	70
1132	532	39	69
1125	531	42	67
1121	531	42	62
1117	532	38	60
1114	535	38	52
1108	533	42	54
1105	528	40	56
1101	525	41	60
1099	521	38	60
1095	517	38	65
1092	518	37	60
1089	518	37	60
1087	512	35	63
1081	513	37	61
1078	510	34	60
1074	513	34	57
1070	514	35	52
1067	513	37	56
1063	513	37	54
1058	513	41	49
1055	510	36	51
1053	508	37	52
1050	512	37	49
1046	509	35	51
1044	504	33	53
1040	503	33	54
1036	499	34	55
1033	496	32	56
1029	498	35	52
1025	498	35	49
1022	500	36	48
1020	500	34	46
1018	499	33	46
1016	498	32	46
1011	499	34	45
1009	499	32	44
1004	501	33	39
1003	497	31	42
1002	494	30	44
998	492	31	44
994	490	30	45
991	491	30	42
990	490	31	43
985	490	31	41
986	489	25	38
985	489	24	39
980	489	26	37
976	489	26	35
973	488	27	35
974	486	24	36
971	484	24	37
967	482	27	40
964	484	25	37
959	483	27	36
958	483	23	37
956	478	23	39
956	477	21	40
954	474	21	42
950	475	23	38
946	474	22	37
944	474	23	36
943	472	21	37
942	472	18	38
939	469	19	38
937	467	22	38
936	466	20	40
933	466	21	39
930	464	20	40
928	462	19	39
926	460	21	42
924	460	23	41
923	457	21	44
921	459	20	40
919	464	19	35
918	461	19	37
916	461	19	37
912	460	20	35
910	458	20	37
908	457	19	36
907	457	17	35
904	458	19	34
902	455	18	36
898	463	23	33
898	454	18	35
895	455	21	33
892	453	20	33
890	450	23	38
888	451	22	36
884	451	26	39
884	448	23	36
882	451	22	38
879	452	22	34
877	443	23	38
875	444	23	40
872	439	26	45
871	440	24	45
869	440	24	41
866	439	26	41
864	434	23	46
862	432	24	48
861	429	23	48
859	428	23	50
858	426	23	53
856	424	22	53
852	433	26	44
851	432	25	41
849	434	26	39
846	435	26	38
845	433	24	40
842	429	25	43
842	427	22	43
842	428	20	43
839	426	22	44
838	424	22	43
835	428	21	40
835	425	20	43
833	426	22	41
831	427	21	40
830	421	19	44
830	423	17	42
828	422	19	42
828	422	18	41
824	421	21	41
822	416	21	45
822	415	19	45
821	417	19	44
818	416	20	43
818	418	19	42
815	416	20	42
815	418	19	41
814	417	18	39
813	418	19	39
812	419	18	37
810	417	20	37
810	413	18	41
808	416	19	38
807	417	19	36
806	415	19	38
806	417	17	34
804	415	18	38
803	413	19	42
803	411	18	41
801	411	19	39
801	413	16	35
803	407	15	37
801	407	16	39
800	406	16	40
797	405	18	40
796	407	18	39
795	409	19	37
795	407	19	38
795	408	16	34
792	414	18	29
792	409	16	30
790	411	17	29
785	411	21	29
788	404	19	35
789	406	15	32
788	408	13	31
787	410	14	28
788	413	12	24
788	410	10	27
787	409	10	27
788	410	12	25
786	408	13	25
782	408	13	28
782	409	14	26
780	408	16	25
780	407	14	25
782	406	12	27
780	405	14	27
781	404	11	29
778	404	13	28
779	404	13	27
778	405	11	24
777	406	10	23
776	404	10	22
777	408	9	21
777	407	9	21
775	406	10	22
774	407	10	22
775	407	8	20
774	409	9	18
773	402	11	18
772	402	11	22
770	398	14	20
770	401	13	23
769	399	13	22
768	398	15	20
768	398	14	22
767	398	12	25
767	393	12	23
767	400	12	26
766	394	14	25
765	393	16	27
764	389	12	29
763	391	12	31
764	389	13	32
763	381	14	35
762	382	14	36
762	384	16	37
761	382	17	36
760	379	17	39
760	381	19	36
757	382	14	34
756	388	14	29
754	390	15	26
755	391	15	25
753	392	17	24
752	393	17	24
749	383	18	23
749	385	17	26
750	389	17	25
748	382	16	31
749	381	13	31
748	383	13	29
746	382	15	29
746	381	15	32
744	381	15	30
742	381	17	29
740	380	18	29
741	379	16	30
741	379	17	31
742	378	13	29
740	380	14	28
738	379	15	29
739	380	15	28
737	381	16	28
736	379	18	28
736	378	15	27
735	377	17	29
735	376	14	30
735	374	13	32
735	374	14	31
733	374	13	32
733	374	13	31
731	373	13	32
732	374	13	28
731	373	13	30
730	375	13	27
729	374	14	29
728	373	14	30
727	373	13	30
726	372	13	32
725	372	14	30
723	372	14	30
723	371	14	29
720	370	15	30
721	369	15	32
719	371	18	30
719	371	16	30
718	371	15	29
718	370	16	29
718	373	15	26
718	371	13	26
717	370	13	28
716	369	14	28
715	368	13	30
714	370	14	29
714	371	13	26
712	370	14	26
711	369	15	27
710	366	15	31
710	367	14	29
709	365	16	29
709	362	14	31
708	363	14	32
708	363	12	32
706	365	13	30
706	366	13	26
704	365	15	27
704	366	15	25
702	366	15	27
703	369	15	24
701	369	13	24
701	368	12	24
702	368	11	23
700	368	11	23
701	366	10	27
699	363	11	28
696	363	14	30
698	362	13	28
698	360	12	27
695	359	15	28
693	354	19	32
693	358	16	31
691	355	16	34
690	360	15	37
689	353	17	36
688	353	19	33
692	353	22	36
692	351	20	35
687	353	18	33
687	357	18	31
688	356	16	31
680	354	17	33
686	353	17	35
686	353	19	32
682	356	16	35
684	354	11	37
685	352	10	33
683	356	10	30
682	362	11	27
682	355	10	31
680	360	13	26
680	363	12	23
680	362	12	23
679	364	11	21
678	363	11	20
678	362	9	22
677	357	11	21
677	360	9	24
676	359	11	24
676	359	10	25
675	358	12	25
674	358	12	25
674	358	14	27
673	352	12	33
671	349	14	35
671	350	12	34
671	349	12	34
669	355	13	28
670	355	11	26
669	356	11	25
669	357	10	24
669	355	10	26
667	354	11	26
666	356	12	26
664	358	13	23
663	359	14	22
663	358	12	22
663	358	11	22
663	356	12	23
663	356	10	24
662	357	11	23
662	357	12	22
660	356	12	22
660	357	10	20
660	358	10	20
659	357	10	21
658	358	11	21
657	356	11	23
656	354	12	24
656	354	12	26
657	356	10	23
656	355	10	24
655	356	10	22
655	355	10	22
655	353	10	24
655	353	10	24
653	355	11	22
654	357	9	20
653	356	10	21
653	355	9	21
