64	401	330	246
82	399	336	244
97	400	333	238
113	411	338	226
109	398	379	230
130	407	368	232
164	402	341	217
201	401	316	224
226	407	305	203
242	408	307	201
257	403	324	204
287	406	314	213
309	413	315	194
324	406	335	200
354	412	321	191
371	398	301	200
391	404	311	201
424	395	276	210
451	394	282	214
459	405	293	214
478	403	300	208
497	403	310	262
519	406	377	268
529	399	393	290
530	398	402	282
523	404	410	291
550	401	380	276
556	393	358	267
554	416	379	261
565	386	346	299
557	382	359	306
560	391	370	292
556	397	383	290
544	393	406	292
577	378	374	300
563	375	400	306
578	386	386	295
578	386	386	295
578	386	386	295
699	351	305	249
774	371	239	216
783	395	245	172
788	392	246	171
798	382	242	182
806	381	241	182
819	381	239	182
830	378	243	177
844	379	238	172
858	376	230	176
867	378	235	177
881	373	226	180
893	362	225	209
900	366	225	189
901	363	228	202
909	361	233	223
916	362	224	194
924	363	229	191
944	353	207	159
962	363	206	136
969	360	197	125
978	365	194	116
990	364	192	122
989	362	200	120
1011	367	181	111
1011	359	186	122
1015	356	183	126
1033	361	175	110
1033	355	182	119
1033	351	189	123
1048	349	175	131
1055	353	174	116
1067	349	163	118
1073	349	164	121
1078	351	167	114
1081	350	173	119
1088	348	167	122
1093	349	164	113
1101	348	162	115
1110	344	165	114
1116	340	156	119
1116	340	167	137
1122	344	159	126
1127	337	162	121
1132	342	154	121
1140	344	145	110
1148	341	145	110
1152	340	142	113
1157	338	137	108
1154	337	145	112
1162	334	140	111
1171	337	136	108
1176	335	133	114
1180	336	121	107
1187	334	118	107
1188	336	119	105
1190	334	116	101
1199	334	122	104
1201	332	123	105
1197	332	126	105
1199	332	128	97
1207	330	122	100
1210	329	121	101
1209	328	125	98
1214	330	120	109
1224	330	109	103
1224	330	109	87
1225	324	110	98
1231	326	103	94
1234	328	100	95
1233	326	98	86
1239	326	91	88
1240	327	87	87
1240	325	79	85
1238	322	81	95
1248	322	78	90
1246	317	89	88
1246	317	89	88
1246	314	75	96
1244	312	79	91
1244	314	91	92
1243	311	77	86
1241	320	84	97
1236	315	82	96
1232	311	85	88
1222	314	92	80
1213	313	102	87
1205	312	104	80
1222	308	88	86
1213	310	91	108
1213	310	91	108
1213	315	75	105
1225	312	87	100
1225	308	79	81
1222	309	81	91
1206	310	90	90
1211	307	85	92
1220	309	73	91
1211	314	83	93
1215	310	80	83
1212	313	73	70
1213	314	67	73
1202	312	77	75
1199	311	70	83
1204	309	68	96
1203	305	63	85
1207	305	55	90
1197	310	62	78
1194	312	60	73
1193	304	62	81
1188	301	62	84
1187	298	60	82
1187	296	57	82
1181	298	60	81
1175	297	61	86
1176	300	60	78
1172	299	59	78
1174	299	57	85
1175	297	51	83
1173	299	50	77
1172	300	51	73
1171	303	53	66
1169	310	58	57
1167	306	65	63
1170	309	60	55
1182	312	57	59
1178	314	58	52
1178	313	60	51
1193	310	47	55
1193	305	51	62
1190	305	60	65
1191	308	59	57
1192	308	60	57
1207	309	47	55
1208	307	51	58
1210	297	51	69
1214	300	49	61
1209	305	56	55
1219	310	54	50
1223	306	51	54
1224	298	51	61
1231	291	45	66
1232	294	48	65
1234	292	46	65
1237	290	45	66
1241	288	45	68
1244	286	46	68
1247	286	47	66
1250	283	47	70
1253	280	43	70
1257	277	40	73
1261	277	40	71
1262	280	41	69
1265	277	39	70
1269	273	37	72
1271	271	40	76
1277	275	37	70
1281	276	37	65
1287	279	34	60
1290	282	40	58
1299	278	37	58
1307	275	38	63
1315	274	33	62
1324	274	37	61
1334	274	35	62
1344	274	34	62
1355	271	31	62
1363	272	37	61
1371	271	37	61
1383	272	36	60
1396	271	35	61
1405	267	41	62
1418	266	38	64
1434	266	33	63
1445	260	37	71
1458	263	33	68
1471	264	34	64
1485	263	34	64
1495	265	31	60
1511	264	34	62
1519	261	40	71
1534	265	36	67
1549	263	34	66
1562	265	32	65
1570	259	37	64
1584	257	37	69
1598	253	45	80
1598	253	45	80
1598	253	45	80
1598	253	45	80
1598	253	45	80
1629	125	52	82
1643	114	55	75
1653	123	63	70
1689	245	63	82
1710	235	57	90
1710	235	57	90
1730	227	67	105
1727	220	85	112
1756	221	74	127
1765	222	80	124
1774	221	87	129
1795	218	84	135
1792	218	101	135
1808	219	111	139
