938	942	60	131
937	928	57	145
936	920	54	141
931	913	56	151
928	907	56	145
923	898	60	146
922	889	57	147
922	880	50	146
918	876	54	141
915	866	53	146
910	862	54	142
912	852	50	140
907	848	50	136
903	842	53	135
904	834	49	137
898	831	51	127
898	824	46	124
897	817	47	121
894	809	46	123
893	805	42	123
888	801	50	117
887	793	48	118
886	793	48	115
885	785	45	118
884	777	45	116
882	776	44	107
879	768	44	113
876	766	46	110
876	761	45	113
875	754	41	112
874	750	41	106
871	751	41	98
871	749	39	97
867	735	40	103
865	732	41	110
866	722	36	111
862	719	38	102
860	719	39	100
860	716	38	100
858	709	38	105
856	703	37	105
856	700	35	100
852	700	38	98
851	699	36	87
850	693	35	91
850	689	32	90
847	683	34	97
846	682	33	96
843	680	35	88
841	678	34	82
840	676	36	83
839	673	36	80
835	670	35	78
832	665	37	83
831	657	36	90
831	654	34	92
830	650	33	90
828	646	36	89
826	642	35	95
824	637	37	96
822	640	39	93
819	641	39	86
823	630	29	84
820	633	35	78
821	629	32	78
817	628	33	79
818	634	33	68
817	631	31	65
814	623	36	72
814	622	35	81
813	620	35	81
814	615	32	87
813	614	32	84
812	614	31	82
811	611	30	76
811	607	27	77
808	604	27	76
809	605	26	72
804	602	31	70
806	601	31	72
806	600	30	73
803	595	30	71
801	590	31	72
801	592	30	68
801	591	30	67
801	588	33	68
799	587	33	67
800	585	28	61
799	585	28	65
798	585	28	63
796	586	29	63
798	584	27	70
799	573	26	73
799	575	26	79
794	573	28	72
793	572	26	68
794	572	27	60
793	571	26	59
789	571	31	58
786	568	32	66
792	566	27	71
788	564	29	66
788	557	30	68
790	560	28	66
789	557	27	57
787	556	29	56
784	557	30	53
784	554	29	54
785	550	27	61
784	552	28	59
784	551	28	58
783	547	30	57
784	544	26	61
782	546	26	57
783	545	25	62
782	541	21	61
781	536	22	60
780	538	22	56
780	542	23	51
779	539	23	52
776	543	26	53
777	538	25	57
775	537	26	60
776	536	25	57
774	531	33	59
772	521	32	69
770	511	32	78
769	516	32	76
768	518	31	76
769	511	32	75
766	525	27	72
767	529	25	69
769	513	21	76
768	526	32	70
766	504	34	76
764	507	37	81
764	504	34	80
767	506	33	78
762	506	27	87
763	507	31	79
763	510	27	71
764	510	21	79
763	511	23	79
758	517	25	77
759	508	24	79
759	510	25	86
758	512	25	80
755	515	30	85
758	509	26	75
757	514	36	73
751	512	30	73
750	520	37	70
750	515	36	58
750	519	43	52
749	516	44	57
743	518	42	54
747	516	37	51
749	515	39	55
745	514	34	58
745	509	27	55
743	511	28	53
739	510	29	53
739	510	31	52
738	509	28	54
737	508	28	60
739	506	24	56
738	505	23	56
736	506	28	55
738	506	26	52
736	504	25	51
735	503	23	52
736	502	24	53
736	502	23	54
735	500	23	61
735	500	23	56
736	494	21	53
736	495	22	53
736	496	21	51
735	498	21	49
736	496	20	53
735	497	23	51
735	496	23	52
735	496	20	50
735	498	20	49
736	497	22	50
736	494	22	53
736	492	22	53
736	490	20	53
737	491	17	55
736	490	23	50
738	490	21	49
739	485	21	53
738	485	24	57
739	487	22	55
740	487	24	49
742	488	21	45
740	483	23	48
743	485	23	47
743	484	24	48
742	484	25	48
743	483	24	48
746	480	23	53
747	480	22	51
748	478	21	50
749	472	20	55
751	476	20	52
751	477	21	50
753	474	21	50
754	476	16	45
756	479	17	45
757	479	21	44
756	476	27	49
757	471	24	53
758	470	24	56
758	473	24	61
759	475	24	57
758	469	26	59
761	470	25	56
761	470	25	52
759	474	26	47
765	472	31	54
765	473	29	52
766	472	28	55
766	470	27	53
766	473	33	55
768	472	30	56
768	473	30	55
767	468	30	58
771	469	26	56
772	470	26	53
772	472	23	54
775	464	22	60
775	467	27	64
775	470	28	66
778	463	22	62
777	464	24	71
780	459	21	72
781	451	20	74
781	459	22	70
782	464	21	66
784	460	19	60
783	464	21	53
785	463	21	50
789	461	21	52
789	461	19	51
785	462	25	50
794	464	20	49
794	458	21	53
795	459	21	49
794	462	23	48
794	462	22	53
795	464	21	49
796	455	19	53
796	455	19	53
796	455	19	53
796	455	19	53
796	455	19	53
796	455	19	53
796	455	19	53
796	455	19	53
796	455	19	53
796	455	19	53
796	455	19	53
796	455	19	53
804	450	24	56
805	447	17	54
804	456	17	53
805	454	17	45
805	456	17	44
805	454	18	44
805	458	19	38
804	459	16	38
805	458	18	38
805	462	18	36
804	463	14	35
804	465	14	34
803	459	15	36
802	460	15	39
801	458	18	37
803	456	14	33
801	463	18	37
801	463	22	41
803	457	16	44
800	450	18	45
801	458	19	54
804	451	17	58
803	445	14	58
800	445	16	66
798	448	22	67
796	447	22	70
792	443	27	80
784	445	33	82
784	438	34	81
797	440	32	91
795	424	41	100
767	424	51	92
784	430	36	93
781	435	34	97
793	433	26	91
790	441	31	90
786	449	41	89
791	463	34	80
796	451	23	76
792	449	26	77
790	442	24	84
788	452	28	80
787	449	30	87
789	451	26	81
788	443	24	89
786	437	30	94
783	448	36	95
787	442	29	103
785	430	34	110
789	426	26	107
780	423	37	114
780	432	41	109
768	436	49	106
756	424	55	101
755	421	53	99
752	419	54	104
764	416	55	103
751	414	56	95
754	419	50	86
774	434	39	99
772	428	43	96
757	415	50	87
754	420	45	74
755	413	53	83
751	413	62	81
751	416	53	69
746	414	54	73
752	423	64	75
743	416	55	64
752	424	58	68
754	422	50	67
746	415	48	63
751	421	46	55
757	420	51	60
746	415	53	56
756	426	44	61
750	415	45	64
742	411	48	60
749	420	49	66
745	412	44	69
744	408	43	66
744	409	44	53
742	409	44	49
747	413	40	53
744	409	47	55
747	414	50	59
735	410	54	60
736	411	51	58
738	411	49	49
737	410	50	42
740	412	48	43
744	416	47	48
749	411	51	53
736	407	53	57
740	411	60	62
734	403	46	62
745	407	43	70
743	404	39	62
736	401	49	62
736	401	52	55
742	414	42	46
