639	541	62	174
638	543	61	172
643	543	56	170
639	540	58	173
641	539	60	167
638	539	64	171
640	538	60	171
643	540	59	163
641	538	59	165
640	535	59	172
640	536	60	168
639	537	56	164
640	539	59	165
640	539	59	162
638	539	58	164
638	534	59	175
636	533	59	169
633	532	60	171
634	531	61	170
631	529	60	169
632	526	61	166
631	527	59	166
629	526	61	163
628	523	61	166
627	522	59	167
625	521	60	166
622	517	62	175
622	519	60	171
622	519	62	167
618	523	63	159
619	520	61	168
617	520	60	166
617	521	61	165
615	516	63	170
615	516	61	170
615	514	61	170
614	512	60	172
614	513	59	166
611	515	62	159
612	512	61	161
609	511	62	160
607	505	63	165
607	505	62	164
605	506	63	161
605	504	60	168
601	504	65	170
600	509	63	163
599	505	64	166
601	508	60	165
599	507	60	166
597	507	61	167
595	506	64	166
594	510	62	164
590	510	67	164
590	506	64	164
589	510	64	160
585	508	67	162
586	511	64	156
581	508	70	159
583	510	66	159
580	510	67	159
580	516	68	154
578	511	70	162
580	510	67	163
581	516	65	157
580	512	67	166
581	516	64	160
581	517	64	158
583	520	62	163
583	517	64	166
584	518	62	168
587	520	60	165
586	519	63	163
590	518	61	163
590	521	63	158
591	521	63	159
591	524	64	155
590	528	68	146
591	528	69	149
595	526	68	154
596	525	69	155
604	521	64	168
604	523	67	167
608	525	67	162
612	531	65	151
612	532	68	151
616	531	66	159
621	532	65	151
622	534	65	153
624	533	64	152
628	532	62	153
629	533	65	146
634	532	63	150
637	530	62	154
638	535	62	146
640	532	66	151
641	536	65	149
641	539	70	145
645	535	69	152
646	538	72	152
648	536	73	155
653	533	68	160
655	534	71	159
657	537	70	156
659	527	70	169
661	532	73	168
669	526	67	172
670	529	69	167
673	534	68	160
674	532	69	161
675	536	69	158
680	538	67	151
680	537	69	155
679	539	69	152
683	535	66	161
686	534	64	167
685	531	66	170
685	530	68	170
687	530	65	170
687	535	69	164
686	536	69	162
685	537	71	159
687	542	71	154
690	535	70	164
695	538	70	162
696	543	78	141
706	545	75	142
717	537	73	154
721	540	77	148
732	533	75	157
735	537	78	153
749	531	71	159
753	529	71	165
757	526	67	168
756	527	74	168
760	533	72	161
764	528	71	166
765	530	71	164
767	529	71	166
767	529	72	162
768	531	71	157
769	533	71	154
770	533	68	151
770	527	69	160
772	526	63	164
769	526	66	166
767	526	68	163
767	530	68	158
767	529	67	165
768	528	65	170
767	528	65	168
764	529	66	172
764	529	67	168
762	535	69	167
761	534	67	169
760	533	66	168
759	531	68	170
758	531	67	171
756	532	68	167
755	533	68	162
753	536	70	162
753	534	67	165
752	535	69	169
753	533	68	173
749	538	71	169
748	537	72	169
748	541	70	168
747	540	70	174
746	539	70	178
747	539	69	182
745	538	69	174
745	538	68	178
747	540	66	174
746	540	71	178
747	541	68	173
746	544	74	178
746	541	75	188
745	538	80	191
742	546	86	177
742	544	82	179
743	543	78	181
742	547	76	180
739	538	77	192
741	544	74	185
739	537	72	193
741	533	70	208
740	539	71	201
736	543	73	192
736	543	68	198
733	539	72	196
731	540	70	185
731	534	70	196
731	534	70	188
730	536	71	186
725	534	78	183
724	540	80	177
723	535	76	186
722	527	78	196
722	526	80	194
717	524	88	188
721	529	82	188
715	528	91	189
710	524	95	188
720	527	85	188
726	531	82	170
739	528	63	180
735	531	70	168
736	528	70	169
740	523	66	179
740	524	66	177
741	519	64	178
745	519	63	176
744	518	61	177
745	521	62	177
744	517	62	194
745	516	61	199
745	518	61	195
747	516	58	194
745	520	59	191
747	519	59	192
745	522	60	187
748	523	59	194
747	524	57	187
747	523	60	193
747	529	57	182
746	528	58	195
746	530	61	180
744	534	60	174
744	536	58	172
743	538	59	174
743	538	63	182
744	536	59	196
745	537	60	193
744	537	61	189
746	538	59	174
745	539	61	179
745	541	62	175
746	540	61	175
747	538	57	175
748	539	56	178
747	539	58	181
746	540	60	173
747	538	56	176
748	542	57	167
746	539	59	167
749	539	60	172
748	538	56	174
748	538	59	185
746	538	58	180
748	540	57	172
746	542	60	171
745	543	59	175
747	543	53	171
749	547	52	171
745	546	55	171
746	547	55	176
743	549	55	169
744	552	54	167
744	552	56	168
742	551	56	171
743	550	56	174
742	552	54	163
741	552	56	181
740	552	59	181
741	553	56	186
740	557	61	180
740	558	57	168
737	559	64	179
738	562	61	169
739	566	60	169
737	564	64	178
738	564	64	174
740	563	56	175
742	563	55	177
741	566	57	174
740	565	61	178
741	564	60	180
743	565	57	172
743	563	57	170
745	563	54	169
747	562	53	171
749	561	52	175
748	560	56	175
749	561	57	163
751	561	58	157
752	562	57	141
755	565	56	134
756	564	48	133
756	569	52	127
758	565	52	137
759	567	52	136
760	572	55	126
761	575	59	128
763	565	55	143
767	562	53	154
768	562	53	158
770	564	56	160
771	563	58	165
771	562	62	165
774	561	57	174
776	561	57	174
778	562	58	180
779	563	59	175
783	565	59	174
784	564	62	187
787	563	61	185
788	566	65	182
790	564	64	195
794	566	62	202
796	567	61	199
799	567	61	202
804	562	59	210
805	561	62	205
807	563	62	200
808	562	62	201
813	561	57	200
814	563	60	188
819	564	57	178
819	564	60	178
821	563	60	178
822	563	61	185
823	564	62	185
826	566	62	181
824	566	70	191
831	571	59	182
835	571	55	188
835	572	57	183
837	570	59	207
836	569	59	201
839	571	58	189
838	574	60	168
841	570	57	172
844	572	55	166
841	573	62	176
842	574	62	193
846	574	58	203
846	571	60	195
846	574	61	184
845	576	67	185
845	580	71	191
848	581	66	183
851	583	61	178
852	584	63	195
850	583	63	188
853	586	62	179
856	584	62	184
859	588	61	191
858	588	63	185
859	590	65	179
860	589	65	177
863	591	63	175
866	590	63	182
865	590	65	192
869	590	62	189
872	592	60	198
871	595	60	188
870	596	65	186
874	595	61	189
875	599	60	186
876	601	64	179
875	599	62	196
874	601	67	198
876	600	63	196
876	599	63	218
878	598	62	218
877	600	66	217
879	602	63	195
881	602	59	192
880	604	62	190
882	602	60	187
881	604	62	180
879	603	66	188
881	602	66	194
881	602	66	197
883	603	68	204
883	603	71	213
886	603	71	212
887	604	67	211
888	610	68	194
890	616	68	189
893	617	68	187
893	614	68	193
896	615	68	190
897	613	68	196
902	615	65	193
902	614	68	196
903	614	68	199
906	616	68	196
908	615	72	201
909	613	67	200
912	617	68	197
915	616	66	207
913	617	72	209
916	614	68	210
917	615	70	214
919	615	71	215
920	616	72	218
921	616	70	217
924	617	71	218
922	617	71	221
924	616	70	218
931	616	69	208
928	616	66	211
928	616	71	211
929	617	66	196
931	614	67	205
932	613	66	214
933	615	68	202
931	615	70	209
932	616	72	199
933	616	71	209
932	616	70	201
931	616	75	205
935	614	70	219
938	617	71	215
935	617	71	212
940	618	69	208
940	619	68	209
940	619	67	212
939	617	71	220
939	617	77	217
943	616	70	213
943	617	71	213
943	614	71	209
945	613	70	212
947	613	68	197
943	613	76	197
946	609	74	211
945	606	73	207
943	606	73	201
948	605	71	208
946	602	72	214
947	601	75	208
947	599	74	217
949	599	71	205
952	595	70	212
948	596	73	212
950	594	70	209
949	595	72	204
950	593	69	198
949	594	72	197
949	591	71	204
951	594	70	189
951	591	70	195
954	589	68	198
953	591	70	194
954	589	67	199
956	589	68	201
955	590	69	205
954	592	72	200
955	591	71	205
954	592	72	202
956	592	72	204
957	594	73	203
958	592	74	204
959	591	74	189
959	590	71	189
960	587	70	193
961	583	72	196
962	582	70	193
963	578	71	196
961	577	71	192
963	574	74	205
962	576	76	196
961	573	78	196
963	571	76	200
963	573	79	205
962	574	77	204
964	574	77	210
965	577	77	210
963	573	74	214
965	579	76	207
964	581	75	206
966	578	75	216
970	580	71	208
968	581	71	206
966	582	72	199
968	582	73	202
968	581	74	204
969	582	72	203
970	582	71	205
971	582	73	207
971	584	74	206
972	585	70	208
973	586	72	211
973	587	74	212
973	591	74	208
972	593	75	207
973	596	75	213
976	598	74	213
974	601	75	212
978	600	72	211
980	600	72	210
981	606	71	194
983	604	72	203
981	602	76	207
984	602	72	205
986	605	74	207
988	604	72	207
985	604	75	207
986	612	78	201
986	610	79	213
986	609	79	221
986	609	80	221
986	615	80	215
987	615	79	221
989	617	81	216
990	616	79	220
987	618	79	221
992	616	80	231
991	618	78	223
990	618	79	227
989	619	81	214
990	620	82	212
992	621	81	205
993	620	80	203
992	623	80	199
994	623	80	206
995	620	79	209
995	619	78	210
995	621	81	213
998	618	78	223
997	620	82	220
997	620	82	224
998	622	83	226
998	620	80	231
999	620	86	226
1001	618	82	233
1004	620	83	231
1002	617	83	236
1003	617	83	227
1002	615	87	227
1005	616	83	218
1006	616	86	219
1007	623	81	209
1009	620	86	208
1011	614	79	229
1012	614	82	228
1009	613	87	240
1011	619	83	228
1012	615	83	239
1011	614	84	245
1009	615	87	248
1011	615	86	257
1012	620	89	255
1009	623	92	249
1011	621	86	249
1014	621	91	257
1012	619	88	263
1011	624	93	250
1011	628	92	240
1014	630	87	234
1016	627	90	239
1013	629	89	251
1014	634	93	240
1015	634	89	245
1014	634	91	254
1017	635	90	253
1015	647	97	247
1017	642	93	261
1016	648	96	260
1019	653	92	257
1019	656	89	257
1023	658	87	257
1023	659	88	264
1026	659	90	268
1025	663	90	256
1026	666	92	256
1026	667	92	263
1023	671	95	258
1029	672	91	255
1026	672	97	262
1024	674	100	274
1026	675	104	280
1028	677	98	274
1025	679	98	269
1025	682	106	273
1028	685	106	283
1026	683	107	286
1028	683	106	288
1029	682	105	285
1028	680	103	291
1027	677	107	288
1027	677	106	283
1029	672	100	287
1026	668	98	282
1027	665	99	273
1028	660	94	258
1027	662	98	252
1025	658	100	255
1025	649	97	260
1028	644	97	261
1030	640	93	266
1028	641	97	256
1031	643	86	250
1032	638	86	254
1030	639	87	244
1033	630	88	256
1031	627	91	246
1034	622	88	248
1035	616	89	251
1035	612	86	241
1040	611	84	233
1041	602	83	238
1041	598	85	231
1042	602	86	214
1040	591	84	218
1043	591	85	209
1043	587	85	213
1045	585	83	209
1044	581	84	209
1047	580	86	214
1049	580	88	213
1050	578	84	213
1052	580	83	208
1054	576	83	211
1057	572	80	213
1056	570	80	211
1056	569	86	208
1058	566	80	206
1062	568	75	192
1062	561	76	187
1066	558	73	192
1067	555	72	191
1070	549	73	201
1070	554	74	195
1072	548	75	199
1074	549	76	197
1075	552	79	192
1076	549	77	195
1078	548	79	194
1077	549	79	195
1082	550	79	185
1084	548	75	188
1087	551	77	182
1089	546	77	191
1091	546	75	189
1097	544	72	184
1099	546	70	178
1101	538	74	185
1104	537	71	182
1106	529	71	189
1107	530	73	190
1109	525	72	190
1111	525	74	191
1109	526	78	186
1114	519	73	196
1112	520	79	188
1116	514	74	194
1121	516	70	193
1120	514	72	187
1121	513	73	185
1124	506	73	188
1126	503	79	188
1126	491	79	198
1132	486	75	196
1133	487	73	188
1139	486	68	185
1141	491	69	180
1143	487	68	184
1146	478	71	197
1145	478	73	197
1149	478	73	198
1150	481	75	193
1150	483	75	189
1150	487	74	186
1149	486	76	190
1146	487	76	185
1139	488	76	182
1133	485	75	187
1123	488	77	182
1112	486	77	183
1099	485	70	183
1085	479	72	184
1070	475	70	185
1058	478	70	177
1045	474	76	186
1039	473	71	183
1031	472	74	188
1029	467	71	193
1021	468	76	192
1015	469	78	195
1014	470	76	193
1014	471	74	195
1012	470	83	199
1013	468	78	200
1013	471	81	198
1015	470	79	197
1013	469	83	202
1016	469	80	200
1015	468	76	200
1014	472	77	192
1018	476	75	185
1024	473	70	186
1023	475	73	188
1026	474	71	191
1026	471	72	198
1027	475	74	195
1028	475	74	196
1026	476	77	197
1028	468	80	207
1028	467	81	212
1031	477	79	201
1031	471	80	210
1030	470	81	213
1031	476	79	206
1031	476	82	207
1032	482	80	199
1034	485	79	196
1034	482	77	199
1033	481	81	199
1032	475	82	208
1034	470	80	215
1036	471	75	217
1037	477	82	215
1037	476	81	217
1035	480	82	218
1036	477	86	227
1035	479	83	224
1035	480	85	226
1040	475	83	237
1036	480	83	234
1034	484	88	230
1036	477	81	234
1036	480	85	238
1034	481	87	230
1034	481	83	224
1035	481	82	228
1033	479	81	233
1030	479	85	234
1034	480	85	235
1033	484	86	228
1033	483	82	234
1033	487	82	228
1032	489	88	229
1033	481	84	243
1033	486	85	240
1030	490	88	234
1032	489	87	237
1033	496	89	232
1036	496	83	231
1035	494	84	236
1036	494	84	238
1032	499	94	232
1037	500	87	228
1035	495	89	234
1033	496	91	231
1036	495	87	232
1037	496	83	238
1035	495	86	239
1031	501	88	234
1031	499	84	242
1036	499	86	249
1034	501	85	245
1032	506	88	241
1032	506	90	249
1031	500	85	259
1034	500	83	261
1028	503	87	253
1030	508	91	247
1029	508	86	244
1026	506	92	254
1030	505	89	256
1028	507	83	249
1029	507	82	247
1025	509	91	242
1026	509	89	235
1024	502	91	251
1025	497	90	257
1022	500	93	258
1025	498	93	260
1023	497	90	269
1021	506	99	256
1024	501	93	258
1028	501	87	264
1024	501	90	260
1026	502	88	253
1027	503	88	243
1025	505	89	247
1025	508	93	256
1023	506	92	260
1025	514	93	244
1025	515	90	242
1028	517	87	241
1026	520	86	253
1025	524	92	260
1025	526	94	255
1025	532	89	259
1022	537	95	258
1023	545	93	246
1024	547	88	252
1023	547	90	254
1023	555	89	250
1020	548	90	260
1023	552	86	257
1024	557	85	259
1022	558	85	249
1021	561	88	231
1022	561	88	230
1021	557	85	246
1021	558	85	237
1022	557	83	234
1021	561	84	232
1019	559	85	242
1022	562	81	246
1020	565	85	238
1022	563	84	253
1020	568	87	234
1021	567	83	245
1022	568	85	246
1021	572	85	243
1023	570	84	251
1023	569	84	233
1026	567	80	232
1027	568	83	234
1028	568	81	237
1027	569	85	237
1029	567	78	230
1030	568	81	234
1032	580	80	219
1030	576	83	221
1029	575	85	228
1029	577	88	227
1028	577	86	245
1027	577	88	243
1032	578	83	241
1029	581	87	241
1030	587	87	233
1032	582	84	238
1035	586	83	238
1032	589	85	232
