916	692	70	183
920	690	67	182
921	692	67	185
921	691	67	185
922	692	68	184
926	694	65	187
926	698	64	175
928	694	64	180
929	699	66	176
931	702	64	175
935	704	61	175
934	703	65	181
934	706	69	187
936	704	66	190
938	711	65	185
940	715	65	185
939	714	66	191
940	714	66	189
942	713	65	200
943	711	65	201
944	714	65	196
946	717	62	189
947	719	64	195
950	717	62	192
951	718	63	184
952	718	64	188
955	717	61	193
955	719	64	189
956	727	66	182
957	728	68	188
958	728	67	189
957	729	71	196
956	731	77	198
959	729	75	202
959	732	75	207
963	732	76	208
960	731	80	215
959	736	88	216
963	736	79	208
971	738	73	207
971	745	74	193
975	740	72	203
977	743	71	202
975	742	72	206
977	744	71	200
977	748	71	201
980	748	71	200
981	748	68	207
985	751	65	204
984	751	65	206
984	749	65	208
984	751	66	206
985	748	63	205
987	752	60	200
985	750	61	201
983	747	62	202
983	746	64	205
983	747	61	192
980	743	66	201
979	743	67	188
978	737	66	194
975	739	70	184
976	738	65	187
973	735	70	196
973	737	70	188
972	736	70	192
970	733	76	196
972	729	71	194
971	727	73	200
967	728	77	196
965	730	80	188
968	726	72	191
969	727	74	187
970	727	77	182
972	725	74	183
972	727	74	174
971	725	73	169
974	723	67	169
975	720	64	171
975	715	62	172
976	719	63	166
975	719	63	165
975	710	63	175
975	708	64	176
974	712	63	177
974	709	65	177
971	709	65	175
971	711	66	174
969	710	64	179
970	706	64	178
968	703	61	187
967	698	61	187
968	696	59	196
965	698	62	182
964	696	62	179
963	701	60	167
963	699	59	169
961	701	59	175
960	703	60	169
956	705	69	170
957	701	63	174
957	702	64	173
956	700	66	179
957	698	64	179
956	700	64	175
955	699	66	178
952	700	72	178
954	703	67	176
954	703	67	170
954	704	67	169
956	702	60	169
955	700	62	174
955	700	65	171
957	697	59	167
957	698	59	162
956	696	60	165
957	700	56	162
957	699	57	163
955	700	58	164
958	698	51	164
956	700	55	163
956	701	53	167
955	700	55	170
954	700	56	176
954	702	55	170
952	703	56	171
949	701	56	174
949	704	55	163
948	702	54	172
947	703	55	169
945	701	56	165
943	699	60	167
942	698	58	165
940	701	61	162
940	702	60	159
937	702	61	159
935	702	65	161
935	699	66	165
937	703	63	163
935	701	67	166
935	704	66	161
935	698	62	171
934	703	63	168
931	703	67	166
933	703	63	168
931	704	66	166
930	705	66	160
929	704	67	166
929	704	64	159
932	700	58	170
930	700	59	169
931	699	57	161
931	702	56	154
930	698	55	159
928	701	59	156
928	702	56	155
927	701	53	157
926	700	54	161
923	697	57	164
922	696	56	167
920	701	58	159
921	705	56	158
919	699	58	168
917	700	57	164
915	699	61	163
917	696	57	173
913	696	61	175
910	695	60	169
906	693	64	173
910	695	59	164
906	697	64	158
905	697	63	156
904	697	62	157
902	696	68	159
900	695	65	162
901	694	63	166
904	689	56	176
900	690	61	179
900	689	62	181
900	687	60	183
898	683	62	190
900	691	61	185
901	692	63	175
897	691	63	183
898	691	65	181
898	688	61	183
900	687	58	175
900	688	55	171
900	686	51	167
899	689	53	155
897	683	54	165
898	681	56	166
899	681	54	158
901	678	51	168
900	675	51	173
900	676	50	163
898	671	52	167
902	673	46	160
897	676	51	159
896	673	53	159
895	671	52	163
898	670	48	161
894	670	53	158
893	666	53	159
895	664	49	157
891	665	52	152
890	661	53	149
890	660	53	152
890	661	54	147
886	659	57	151
887	657	56	154
889	658	52	155
887	652	55	162
887	653	57	162
885	650	61	167
886	652	61	162
887	653	57	167
888	648	56	167
885	648	59	171
884	650	60	166
885	650	59	161
888	650	56	155
890	651	51	153
890	649	51	152
891	649	49	149
891	652	48	151
892	649	45	153
893	643	46	156
893	644	44	155
894	645	42	155
894	646	42	156
893	651	43	147
890	648	47	150
890	651	44	151
891	655	45	147
887	655	48	147
883	653	51	151
883	652	51	154
882	652	50	153
882	660	48	149
882	659	47	148
881	655	47	150
879	656	47	150
879	656	47	157
879	659	47	155
875	670	53	141
874	673	55	137
875	673	50	140
872	675	58	140
872	676	57	140
872	676	59	137
870	676	56	143
868	674	58	152
867	677	61	148
865	674	60	152
866	677	57	152
864	673	59	160
865	672	55	161
862	673	58	157
865	673	52	154
864	676	50	145
864	679	50	140
858	680	57	143
861	681	55	142
860	680	51	148
862	684	48	146
859	680	51	146
862	685	46	151
862	686	45	148
858	686	48	147
859	691	45	146
855	695	52	147
855	693	54	150
853	692	54	152
852	697	57	146
850	690	54	155
852	686	50	161
846	694	59	148
843	693	61	150
845	699	57	138
837	693	65	142
817	688	85	156
803	694	101	149
811	700	99	145
817	691	93	157
803	692	105	158
813	692	95	162
799	684	110	171
814	693	92	163
810	699	92	153
791	702	109	148
798	702	105	155
812	702	91	153
825	701	73	150
823	704	70	143
827	697	60	152
825	698	60	151
825	695	56	150
820	695	62	140
819	695	62	140
816	695	65	139
820	692	60	146
820	693	56	141
820	690	53	147
816	688	56	145
814	688	60	147
812	692	62	141
812	693	63	138
810	688	61	146
810	685	59	154
804	687	69	150
802	688	67	149
801	685	62	152
802	682	58	155
800	681	57	153
795	679	66	158
793	678	63	159
792	673	65	160
792	676	65	153
793	679	66	151
795	678	66	147
796	677	68	149
799	673	67	151
804	674	68	153
812	676	65	158
822	670	58	175
828	659	63	181
834	658	64	175
838	653	68	188
846	654	67	181
848	659	65	176
854	660	64	168
853	666	65	149
855	662	63	155
856	656	66	169
856	655	69	162
859	653	66	168
861	651	67	165
863	650	64	170
865	641	66	178
864	648	65	170
865	640	64	181
860	647	71	180
860	648	72	176
858	646	79	178
859	649	71	177
861	648	70	177
857	652	70	168
855	653	63	168
857	655	52	166
854	655	56	166
853	651	56	173
853	650	52	167
852	653	54	168
851	652	56	170
850	649	59	177
848	653	64	173
848	650	60	187
850	649	54	186
847	651	60	190
846	650	60	183
850	657	53	173
849	658	57	176
850	657	56	172
850	656	58	178
851	656	56	169
848	656	60	175
849	654	57	173
850	654	55	184
848	657	60	166
851	656	53	162
850	659	56	165
848	660	57	164
847	662	58	163
846	662	57	165
846	661	59	165
848	657	51	170
848	658	55	172
846	658	53	172
846	660	55	181
844	660	53	176
842	662	58	179
840	664	58	176
838	665	56	177
836	664	58	170
836	663	56	170
835	663	52	175
831	667	61	171
827	664	62	178
828	668	63	176
826	668	64	179
826	669	65	183
824	669	63	190
822	669	60	197
821	672	68	192
820	682	61	190
822	684	61	193
818	686	61	186
817	692	63	192
819	694	60	186
818	696	63	194
820	694	54	197
820	697	56	197
818	705	59	180
815	713	66	174
815	716	68	169
817	716	57	181
813	717	61	186
809	726	75	189
810	727	70	184
808	735	67	175
807	742	69	169
806	743	67	185
805	745	72	186
803	749	73	189
803	755	71	181
803	757	73	191
803	750	67	200
801	757	72	190
800	758	70	187
800	759	71	179
802	764	61	169
800	761	62	178
798	768	64	165
797	768	65	173
795	768	71	174
795	772	75	172
796	772	72	175
794	777	71	168
796	775	70	182
795	780	73	184
794	778	75	184
796	780	74	190
798	782	75	190
804	781	69	199
799	789	78	178
801	792	78	174
808	794	69	170
811	796	67	168
813	797	67	168
813	801	69	164
816	801	65	169
818	798	67	172
818	797	66	178
819	796	69	177
820	796	71	170
821	793	70	174
822	795	73	165
825	795	72	158
824	794	68	147
830	787	56	154
832	789	58	145
825	784	68	150
831	783	59	140
828	784	63	141
829	785	64	131
829	781	63	135
828	779	65	141
830	775	66	153
832	773	62	147
830	769	67	150
831	767	66	156
833	766	62	160
835	762	61	153
836	760	60	160
837	763	62	149
842	761	57	141
842	760	60	138
842	762	62	132
844	762	63	130
846	760	60	134
850	755	57	135
852	752	56	141
852	752	58	142
851	751	59	147
852	749	60	159
853	749	62	150
856	749	57	150
856	744	59	157
857	742	59	161
859	740	55	161
861	740	56	176
861	736	54	186
863	729	53	182
862	724	52	192
860	730	56	181
861	731	58	176
863	731	57	170
862	729	56	169
863	728	55	174
867	727	55	175
864	726	55	175
865	727	58	179
862	728	58	169
863	725	59	165
862	725	59	165
864	727	60	152
866	725	57	155
865	725	60	154
865	724	62	153
867	723	58	158
867	722	58	164
868	721	56	167
870	723	57	163
871	722	53	156
871	726	53	148
869	724	59	145
869	722	59	148
873	721	57	144
873	717	56	152
874	717	55	155
874	718	55	151
874	716	57	160
874	717	54	160
875	719	53	155
876	717	53	158
872	718	57	159
874	718	54	152
874	718	54	153
873	716	52	161
874	713	50	172
873	714	50	165
874	712	50	166
872	717	50	153
871	719	49	145
869	717	49	150
867	717	51	147
865	717	52	145
865	716	50	143
866	715	51	147
866	715	49	148
865	714	49	150
862	716	53	149
860	712	55	158
858	715	58	155
858	717	56	152
855	720	58	156
853	719	58	151
853	720	58	149
857	720	53	146
856	721	53	149
853	718	57	144
853	722	52	138
854	718	54	142
854	716	52	139
850	718	56	139
849	718	58	148
852	719	52	147
853	718	50	146
851	719	52	145
852	718	52	152
853	713	49	159
854	714	49	156
853	716	48	154
852	718	48	154
852	717	51	155
849	716	58	153
850	714	52	158
849	716	52	154
848	714	53	157
848	714	51	151
848	714	54	153
846	715	54	152
847	714	54	144
846	719	56	136
847	717	52	141
846	716	54	148
845	717	60	141
845	715	59	152
845	716	60	145
846	714	61	149
850	713	55	158
852	717	53	149
853	718	51	145
852	716	55	151
855	718	54	150
855	720	55	151
859	721	50	146
860	720	49	149
860	721	51	148
861	728	52	137
861	729	57	142
864	726	52	156
866	728	49	158
865	728	55	159
866	729	53	157
872	725	47	163
868	731	54	165
871	722	48	177
874	734	51	173
874	738	54	171
871	745	59	168
875	740	55	176
879	745	50	166
879	744	52	176
879	742	53	171
881	746	54	168
881	748	57	168
882	748	54	155
884	747	53	153
886	749	54	150
888	747	55	162
890	748	58	155
888	750	59	159
890	748	59	166
890	751	61	159
891	753	58	152
895	754	57	156
894	755	59	159
896	747	59	170
896	745	58	170
901	746	58	162
902	748	53	151
905	748	52	149
904	747	56	148
904	745	58	149
904	755	62	135
905	755	59	137
908	748	56	142
910	747	52	140
909	745	53	148
908	742	52	151
906	742	55	155
907	749	55	149
906	752	56	154
908	747	51	161
904	756	57	149
905	755	53	144
904	748	52	145
901	750	54	141
900	749	53	139
900	748	53	140
897	747	53	142
896	751	53	134
892	739	54	145
892	735	54	160
890	737	54	161
888	735	54	166
885	736	55	166
884	736	54	162
883	737	56	158
880	739	56	162
880	737	50	167
879	740	50	158
877	739	49	159
873	733	56	164
872	736	57	166
870	738	57	155
867	740	55	158
865	737	55	159
865	737	56	151
864	736	50	158
857	739	59	156
857	734	56	161
854	734	62	168
851	732	58	170
850	736	56	160
848	738	57	154
848	733	52	160
845	736	52	156
844	738	54	160
843	736	51	163
841	734	50	162
837	734	53	162
835	736	55	164
833	737	55	164
833	736	52	156
828	738	54	159
826	738	54	160
827	738	52	149
825	739	51	153
823	741	51	145
819	735	54	160
819	737	52	158
817	743	56	145
817	740	50	147
818	742	52	151
816	740	51	157
815	744	53	149
815	744	51	152
814	745	52	150
816	742	51	157
814	744	52	153
816	744	48	151
815	741	49	157
815	740	48	155
814	742	47	152
815	744	48	145
813	744	47	152
818	745	46	161
815	748	49	159
816	749	47	157
816	751	49	156
814	750	55	157
815	750	50	165
814	749	52	176
816	746	51	168
817	748	50	159
817	748	51	163
817	752	54	162
817	753	54	151
817	751	56	163
819	753	53	151
820	754	52	145
820	754	52	155
820	753	55	161
821	753	57	150
821	764	59	140
823	766	63	142
825	763	56	147
827	760	58	151
828	760	61	155
828	765	64	157
828	765	61	149
830	774	64	146
833	772	62	139
835	770	60	148
836	771	60	138
838	769	57	141
839	770	59	144
841	770	58	146
841	775	62	139
844	775	54	137
844	776	58	136
846	772	57	144
847	768	56	156
847	767	60	168
848	776	61	155
847	776	61	163
850	778	61	158
849	782	61	150
848	779	64	156
849	784	61	160
852	779	56	169
851	778	60	179
854	788	59	169
851	789	61	155
856	792	57	148
855	797	57	140
854	796	61	137
851	802	63	132
858	801	55	136
857	802	57	145
855	801	60	152
856	802	58	152
857	801	60	155
855	802	61	159
857	807	60	151
856	804	62	159
859	805	59	152
859	802	63	163
864	797	53	172
863	798	55	170
863	803	57	160
863	811	59	157
866	809	56	157
867	807	57	159
869	807	54	157
871	810	53	149
870	821	54	143
873	816	52	146
871	817	51	151
870	817	54	157
870	815	54	166
870	823	58	159
868	828	60	155
873	826	56	163
868	829	65	158
869	821	62	168
869	821	62	168
869	821	62	168
869	821	62	168
869	821	62	168
869	821	62	168
869	821	62	168
869	821	62	168
869	821	62	168
869	821	62	168
869	821	62	168
869	821	62	168
869	821	62	168
869	821	62	168
869	821	62	168
869	821	62	168
869	821	62	168
869	821	62	168
869	821	62	168
869	821	62	168
869	821	62	168
869	821	62	168
869	821	62	168
869	821	62	168
869	821	62	168
885	853	64	163
886	859	60	151
885	855	63	156
889	855	60	156
