796	590	76	236
797	589	77	234
794	592	76	230
798	594	73	230
796	592	75	230
799	591	73	233
797	590	69	241
798	594	72	230
799	591	68	234
799	592	66	226
801	594	69	223
801	593	67	227
804	594	65	224
805	589	63	231
805	594	62	221
803	591	68	224
801	592	70	223
804	592	68	222
806	594	64	221
809	587	60	229
809	586	61	230
815	584	58	229
813	584	63	225
815	578	63	237
813	582	66	222
816	580	64	227
817	575	65	235
816	573	62	240
816	577	65	236
818	579	62	225
823	572	57	237
821	570	62	228
822	582	60	216
825	580	59	220
823	576	63	228
823	574	64	223
825	571	67	232
824	572	71	227
824	577	72	215
823	572	72	219
825	570	69	225
826	572	73	218
827	572	74	215
826	566	77	224
826	572	80	213
828	569	75	214
829	567	71	214
829	568	74	214
830	566	75	213
830	561	76	222
834	562	73	215
834	560	77	213
836	558	70	219
836	557	74	216
835	561	77	211
838	560	74	213
841	559	74	213
840	556	73	219
839	559	75	213
840	559	74	213
838	558	73	210
838	556	77	214
838	553	75	219
837	553	73	227
836	556	79	218
832	554	80	221
836	556	76	211
835	556	76	217
834	559	74	209
831	559	77	208
834	559	74	201
832	557	74	206
828	560	78	206
829	551	76	212
827	547	73	216
826	550	71	217
829	553	70	210
824	553	73	212
827	554	72	212
825	560	72	208
824	561	73	205
826	561	71	200
823	564	73	203
822	559	74	214
822	558	72	213
826	552	67	222
823	553	71	223
820	554	73	228
821	559	71	217
823	564	72	205
820	559	72	207
822	558	71	210
820	556	74	215
824	555	73	204
823	560	72	202
822	557	73	203
822	561	73	201
818	561	76	198
817	561	77	201
815	566	78	196
814	561	76	202
814	560	78	209
811	558	78	210
815	558	76	213
814	558	74	215
812	559	80	210
810	558	80	213
811	561	82	200
811	561	81	206
810	557	81	219
809	558	84	206
808	562	85	193
813	556	81	202
811	560	78	196
813	559	77	196
811	555	76	201
812	550	76	206
813	553	73	198
814	551	75	208
812	550	77	211
816	546	75	216
814	548	76	216
817	549	75	216
820	554	70	207
823	554	67	213
822	555	73	212
824	551	73	216
824	554	74	203
824	551	72	213
829	553	72	207
826	562	73	198
828	558	75	202
828	554	75	208
827	552	77	214
829	557	75	206
828	554	76	213
829	556	77	217
830	563	74	211
830	554	74	220
830	557	76	220
830	554	74	223
828	556	77	223
828	552	77	227
829	561	75	219
829	552	75	228
828	553	77	224
826	554	78	223
826	553	78	216
826	566	78	204
824	563	81	211
826	560	80	215
825	556	76	214
825	550	74	228
826	552	76	228
827	548	74	232
825	555	76	224
826	553	72	225
826	549	75	231
823	565	77	212
827	559	73	218
828	559	75	223
827	556	72	227
828	551	72	241
828	552	73	239
828	557	71	233
829	556	74	232
830	565	70	225
825	571	77	218
829	569	73	221
826	575	73	216
828	568	70	224
825	568	75	230
824	575	76	225
824	577	75	226
820	585	78	223
823	578	75	234
822	581	74	233
823	579	74	242
825	577	71	249
820	584	77	236
818	587	78	233
820	584	75	243
817	585	76	240
815	581	79	245
813	585	81	242
819	578	73	248
813	581	77	247
813	592	79	230
811	604	85	217
812	599	82	221
809	597	85	227
808	592	87	235
805	599	89	234
807	601	86	232
806	603	88	235
808	604	83	235
806	600	86	248
809	594	78	256
807	607	84	248
808	606	83	250
810	608	81	248
811	613	82	245
813	617	84	243
814	609	81	249
814	613	80	243
814	612	83	243
818	613	79	241
816	611	79	241
818	608	77	239
817	613	78	229
816	609	77	235
817	606	79	239
817	598	76	249
816	598	77	251
817	599	76	245
814	603	80	242
821	603	72	240
821	591	72	249
822	593	74	245
823	593	74	238
823	587	75	244
824	588	74	241
823	587	73	239
825	585	77	226
826	589	76	217
822	589	82	215
822	585	81	218
827	580	75	220
826	581	78	222
828	579	76	221
832	579	72	219
831	582	74	214
834	581	71	213
833	579	74	216
836	579	72	214
838	581	70	211
837	581	72	211
840	577	69	218
843	579	68	215
841	578	69	212
846	572	66	216
851	575	65	212
849	576	68	207
850	578	70	204
851	572	73	210
850	570	73	211
853	569	73	212
854	576	71	207
854	578	75	206
854	577	74	211
854	580	74	206
855	577	74	213
859	572	70	216
859	575	70	215
862	573	67	217
861	574	67	213
863	574	68	215
862	576	70	208
862	578	71	208
866	571	66	209
864	571	68	206
864	573	71	201
862	572	71	201
866	571	68	201
865	570	72	203
867	570	71	206
867	573	71	204
869	573	70	203
870	571	69	207
871	571	68	208
872	569	68	212
872	570	68	218
874	571	68	216
876	568	67	220
877	570	67	211
878	576	68	204
884	575	65	196
884	578	65	200
885	584	67	191
885	581	69	197
890	578	66	198
887	580	70	201
889	579	69	204
887	584	73	205
888	586	73	203
891	586	67	200
891	584	69	209
889	588	71	204
889	586	74	202
892	585	68	212
892	588	68	205
891	587	67	207
891	588	67	202
892	589	69	200
891	591	69	192
889	594	72	191
889	591	74	196
889	586	72	197
891	584	72	199
892	581	71	201
891	579	71	203
893	580	73	205
893	575	67	210
899	577	64	209
898	571	67	215
898	579	68	203
899	585	69	196
901	577	69	206
901	575	70	207
903	573	69	211
902	575	74	207
906	568	70	220
908	570	73	207
908	566	75	214
906	568	72	210
910	571	72	201
914	571	71	208
912	572	71	202
917	568	67	212
914	570	68	209
916	565	69	212
917	560	71	213
915	563	72	205
915	562	69	209
918	562	68	207
916	555	68	214
912	556	72	208
914	555	72	213
915	550	74	221
913	544	75	223
911	547	73	219
914	547	76	219
916	549	78	217
914	540	70	226
912	540	81	224
915	546	81	222
916	553	77	219
914	552	82	214
914	551	83	221
915	548	84	222
920	532	79	241
923	536	83	244
925	546	82	233
924	546	80	235
927	532	82	249
926	540	82	238
928	530	82	246
930	532	85	241
936	522	81	249
937	515	80	247
938	514	83	242
943	516	79	231
947	520	81	229
949	509	80	236
955	502	79	242
955	496	83	244
961	496	79	242
964	500	82	241
967	499	80	236
969	501	81	237
970	498	79	241
967	493	80	248
965	493	80	245
958	489	74	243
946	482	81	255
939	481	79	260
929	483	77	250
914	490	77	234
901	490	78	234
882	489	87	232
871	495	82	224
853	491	85	231
836	487	87	234
822	488	85	233
805	487	88	231
796	488	86	228
778	486	88	234
769	485	84	233
758	481	88	241
754	479	81	238
750	480	78	237
745	487	85	224
747	487	80	226
746	487	81	227
753	492	77	207
755	482	78	221
759	488	78	214
764	489	79	214
768	480	81	221
773	484	81	213
781	480	76	218
782	479	81	217
788	483	81	215
794	486	80	212
800	481	78	220
805	487	79	212
808	481	78	215
811	489	79	207
818	491	77	198
824	485	75	212
825	485	79	213
830	485	78	206
836	476	73	217
839	475	77	216
842	476	77	215
850	468	72	227
854	483	69	210
860	478	65	215
859	480	70	207
867	486	65	203
868	484	68	205
870	493	69	194
873	493	68	190
877	490	67	195
880	493	67	192
886	494	66	187
889	494	64	184
892	498	63	178
893	499	64	173
891	491	68	183
897	486	62	185
900	486	61	183
905	481	57	190
902	480	63	188
905	485	60	183
904	476	65	191
906	483	62	184
906	483	63	181
906	483	63	184
905	485	65	179
907	482	61	182
910	481	56	181
907	479	57	176
908	475	56	174
909	478	51	177
909	476	51	178
908	480	47	170
906	477	50	172
906	485	48	161
905	481	49	160
902	474	51	164
902	474	50	163
900	471	51	166
899	469	52	167
897	474	54	159
896	472	56	162
893	472	57	163
889	476	62	153
888	476	56	153
887	474	58	153
885	473	59	153
884	473	58	146
886	467	55	151
882	473	56	145
885	461	52	154
887	458	48	156
878	465	54	149
875	459	56	151
877	456	53	151
878	459	50	150
879	451	48	157
877	458	48	152
877	450	50	158
877	451	50	156
877	451	46	156
876	458	44	152
876	458	42	146
877	456	40	149
878	457	40	145
880	457	38	150
878	458	42	141
880	460	42	137
882	456	44	138
886	448	40	140
889	444	41	146
892	442	39	145
894	436	44	152
895	429	47	156
897	427	48	156
901	423	48	163
906	425	47	159
906	426	52	157
916	426	47	156
921	434	47	147
925	440	49	139
933	445	44	128
937	440	46	137
943	434	44	143
947	428	47	149
953	419	44	157
957	420	45	159
958	420	51	156
962	414	51	158
966	415	51	158
969	414	54	160
972	414	55	158
977	414	54	156
978	414	56	153
981	418	57	146
984	414	56	152
990	413	53	153
991	416	57	151
992	421	58	143
994	417	59	148
996	420	55	144
1000	419	54	142
1003	417	55	147
1004	415	51	144
1005	412	51	148
1007	409	51	151
1009	410	51	143
1009	412	48	139
1010	413	49	134
1011	412	49	140
1011	411	51	144
1012	412	50	139
1014	408	49	142
1014	406	49	145
1015	407	48	147
1017	408	47	144
1013	409	52	142
1017	408	48	140
1015	408	47	143
1016	406	49	147
1017	406	47	146
1015	408	48	139
1014	409	49	140
1015	408	48	140
1014	410	49	138
1014	404	46	144
1012	406	47	141
1012	407	49	138
1010	404	50	142
1010	404	50	140
1009	404	51	138
1006	404	51	139
1005	408	47	133
1005	409	47	131
1003	410	48	130
1002	409	47	131
999	407	47	133
997	408	46	131
995	406	44	135
996	405	42	136
991	407	44	135
991	408	40	133
986	405	44	133
981	405	48	129
979	408	46	126
976	406	45	129
975	406	46	126
971	404	46	129
970	405	43	127
966	403	45	132
964	404	46	132
959	406	46	125
958	410	46	123
957	407	44	125
954	413	45	119
951	406	43	130
948	406	45	129
946	409	42	125
943	408	42	128
937	411	45	123
937	410	43	124
935	409	40	126
932	410	39	122
929	411	39	123
923	409	43	127
919	403	42	133
918	400	39	138
915	403	39	135
912	405	37	129
908	406	37	131
904	406	40	131
903	402	36	134
900	400	35	138
896	401	34	135
894	403	34	133
892	401	33	137
891	400	30	138
886	401	33	134
885	395	31	141
882	393	31	143
883	394	29	143
877	395	35	139
877	395	34	140
877	397	34	139
876	400	33	134
875	398	34	137
874	396	33	138
874	398	33	136
871	396	35	137
873	398	32	135
872	399	33	134
869	396	35	137
870	394	33	140
871	393	32	143
865	391	37	140
868	393	34	141
868	395	34	139
868	393	32	141
867	394	33	136
864	393	37	138
865	393	34	139
866	388	33	146
869	393	28	142
862	392	37	141
862	390	36	144
863	395	35	138
864	394	34	139
863	393	34	140
863	397	32	135
861	396	35	137
862	395	35	138
858	391	39	144
861	393	34	142
863	394	33	141
861	395	34	140
861	392	34	141
861	390	33	145
861	388	33	147
861	386	33	150
861	391	32	146
862	393	29	145
861	394	31	141
859	394	33	141
859	394	31	142
859	392	32	143
857	392	36	145
856	391	37	147
856	394	39	145
855	393	40	144
855	388	39	148
854	388	41	149
851	389	46	146
854	394	41	140
853	395	41	140
852	397	44	141
849	395	46	141
848	397	49	142
847	398	52	139
847	398	48	140
845	394	45	146
845	395	40	145
846	401	37	137
848	398	32	142
844	398	36	141
845	400	34	141
842	402	38	139
844	402	35	138
843	402	35	141
840	400	38	142
840	402	36	143
839	400	37	145
839	398	38	147
840	395	36	151
837	401	39	142
834	400	41	142
833	404	41	140
830	401	44	143
830	403	42	143
828	396	42	150
827	399	43	146
824	397	45	147
824	392	45	154
824	390	43	158
827	398	39	150
826	402	40	148
823	396	43	150
824	397	39	154
823	397	39	152
821	404	39	147
819	402	40	148
821	399	39	151
814	399	47	152
811	400	50	149
810	394	51	157
808	388	54	163
806	386	51	170
803	385	58	168
801	387	57	169
799	388	60	168
798	392	62	166
797	389	65	169
796	394	66	166
796	400	57	161
795	407	51	159
794	411	43	154
793	412	42	154
791	406	43	162
789	410	47	155
790	413	43	156
789	414	42	152
787	410	49	156
784	411	61	153
785	407	49	165
783	409	46	161
782	412	53	160
781	411	53	160
780	413	50	158
779	413	46	159
778	418	45	152
776	417	44	154
775	414	46	160
773	417	52	157
773	411	54	162
771	413	48	160
770	411	56	160
769	408	61	165
769	401	64	170
766	385	73	188
764	384	78	188
763	386	77	184
761	382	80	190
762	382	75	192
760	387	75	187
756	385	78	187
756	399	60	176
754	400	62	176
752	415	55	160
751	414	55	163
750	418	54	154
750	413	56	162
749	411	59	161
748	414	55	159
747	413	53	163
746	409	54	166
744	408	56	166
742	404	64	172
741	396	66	179
741	396	64	180
739	388	76	192
736	385	78	197
735	384	77	189
736	386	77	192
736	383	77	198
734	384	77	195
735	384	76	193
732	385	76	192
733	390	74	189
734	392	72	192
733	395	70	190
733	391	68	200
732	389	67	205
730	397	70	190
732	398	65	183
731	395	66	188
728	393	69	191
730	394	65	188
732	400	61	182
734	404	59	182
730	399	63	192
731	397	63	187
729	398	66	190
729	398	67	188
734	415	56	174
733	415	60	174
732	420	64	169
735	417	61	173
740	418	54	171
738	416	58	181
741	416	55	184
741	418	57	172
747	418	55	174
745	422	58	170
747	421	58	170
750	424	55	170
752	430	55	163
751	429	57	168
749	428	61	172
751	431	59	169
755	432	56	171
756	433	58	174
758	436	56	172
760	436	55	171
760	436	58	172
763	435	58	176
767	433	53	174
766	436	57	174
768	435	58	174
769	437	58	168
772	441	56	166
774	446	56	162
775	451	56	158
775	449	56	160
778	444	55	169
779	439	53	175
780	440	55	178
779	443	58	177
781	445	59	177
782	445	59	183
784	448	57	179
785	451	54	177
787	456	55	171
789	456	53	171
790	458	54	171
792	459	54	168
790	459	56	172
792	461	54	172
794	464	53	169
794	466	55	168
794	467	56	170
795	472	56	168
795	474	57	166
795	475	56	167
795	478	57	173
794	484	59	165
794	487	60	161
796	486	56	166
796	486	55	171
794	492	58	162
797	492	55	164
797	494	53	169
796	495	53	167
795	495	54	169
796	501	51	159
795	503	55	149
796	499	54	154
793	497	57	160
793	497	55	153
792	497	56	158
792	493	58	161
792	495	56	157
792	493	55	160
793	496	54	157
794	495	51	162
791	499	55	155
791	496	54	158
791	497	53	147
792	495	53	152
791	494	53	154
792	491	50	149
791	493	52	149
790	492	54	149
788	490	55	152
789	488	51	151
787	489	54	152
785	488	54	150
784	490	54	150
783	495	55	144
783	498	51	141
783	492	50	147
780	492	51	147
777	491	54	148
778	489	50	150
776	491	50	148
774	493	49	145
774	498	47	134
770	493	49	141
769	493	46	136
767	488	48	143
766	492	45	139
763	496	48	136
762	491	47	137
760	489	47	140
758	483	48	148
756	483	49	151
755	486	49	141
753	484	48	144
752	484	47	143
750	484	49	150
748	490	51	141
750	488	47	141
749	487	47	143
746	488	46	139
747	488	47	141
744	481	47	154
741	484	51	145
739	483	50	142
737	480	51	149
738	483	50	141
734	481	50	143
733	488	50	136
733	487	50	138
730	486	53	137
730	482	49	145
728	484	50	141
726	487	51	136
724	485	51	137
723	484	51	139
722	483	49	141
717	485	52	139
717	485	49	138
716	490	48	128
712	493	50	126
712	486	48	133
707	488	50	132
707	487	49	136
704	490	49	137
703	491	49	137
703	495	48	131
699	487	51	141
699	490	49	145
696	495	52	141
693	495	54	139
690	493	56	144
690	492	54	146
689	490	52	151
691	491	48	153
688	495	48	148
685	501	51	141
684	497	52	144
685	497	48	137
683	500	47	136
678	496	54	131
676	506	56	127
676	506	53	129
674	506	53	133
673	507	51	131
670	508	52	130
671	506	50	134
667	507	52	136
665	507	53	139
662	512	54	133
660	512	53	134
659	511	52	133
658	512	52	139
654	511	57	136
652	509	54	141
651	511	52	139
649	513	52	139
647	503	52	144
644	509	53	139
643	511	53	141
642	513	55	137
641	511	55	140
640	514	55	138
640	514	54	140
636	517	58	138
638	515	55	143
636	517	56	144
637	517	55	144
636	519	57	143
636	520	56	140
638	521	55	142
638	523	56	134
639	524	54	129
639	521	54	135
639	524	54	128
639	525	53	127
639	523	53	134
640	526	50	133
640	527	56	132
640	524	53	142
642	528	52	136
642	529	50	138
641	530	50	138
641	529	50	139
641	525	51	145
641	521	52	153
642	526	51	147
641	529	52	148
640	534	51	143
638	537	53	140
639	538	51	144
638	539	54	144
638	544	53	140
640	544	52	142
640	550	50	141
639	547	53	145
638	550	52	147
638	546	53	150
636	550	56	143
635	549	58	148
636	552	56	140
640	554	53	143
641	553	52	149
640	554	56	144
640	548	55	156
641	546	56	157
643	548	52	154
