860	349	39	101
857	352	40	96
861	349	35	92
860	350	35	94
862	348	33	87
861	350	34	82
863	351	32	81
862	353	35	82
863	354	34	81
862	352	36	91
864	351	35	95
865	350	33	92
864	350	34	91
866	349	31	90
867	349	33	88
866	351	35	84
865	353	36	84
865	353	36	85
867	354	35	80
870	352	30	74
868	354	35	73
869	355	33	69
868	359	33	58
867	360	36	55
868	359	35	58
866	359	36	60
867	359	35	59
867	356	35	61
866	359	36	57
866	359	36	64
867	357	34	62
867	354	33	65
868	355	32	67
866	355	36	71
868	356	34	67
867	357	35	74
866	356	37	76
867	357	34	73
867	356	36	78
866	353	35	77
866	351	33	75
866	351	34	84
866	351	34	91
865	350	36	96
867	348	32	96
865	350	34	95
865	350	36	98
865	348	34	102
864	350	37	96
864	349	35	97
865	348	36	95
865	349	38	89
864	351	38	85
866	351	37	79
867	351	34	81
867	352	37	90
867	352	35	76
868	352	33	74
866	352	36	77
867	355	34	76
865	354	35	72
865	354	36	77
865	354	36	87
865	352	35	84
866	354	32	86
867	354	31	84
867	354	32	80
865	354	34	82
865	355	32	84
865	354	33	85
863	354	36	88
863	358	36	85
860	358	39	78
859	359	38	76
864	357	34	80
863	359	32	78
863	358	36	80
864	357	32	79
864	357	32	85
863	360	35	82
864	359	34	85
864	357	33	85
863	359	36	82
865	359	34	81
866	361	32	82
864	360	33	81
863	360	37	82
864	362	34	79
864	364	37	83
863	362	38	80
863	363	38	84
862	359	37	94
862	358	38	89
861	360	37	88
861	360	37	86
858	361	39	85
857	361	41	85
858	362	36	78
855	362	40	87
855	362	40	82
855	362	37	80
854	359	36	84
855	358	35	85
854	358	35	88
854	359	34	88
851	357	35	92
852	357	33	84
853	358	32	89
852	360	30	79
850	359	30	81
850	360	30	82
850	357	28	88
850	358	26	84
849	358	27	89
847	359	29	90
846	356	28	87
846	357	26	84
847	359	25	84
847	359	23	78
845	358	25	83
844	361	25	80
843	362	27	76
840	362	29	77
840	360	30	81
839	363	30	77
840	365	29	78
838	362	31	78
835	360	35	88
835	358	34	100
833	358	39	110
832	358	41	107
833	360	39	103
833	361	36	101
832	360	36	103
830	358	41	104
829	358	40	103
829	361	42	100
828	362	41	100
828	360	42	107
827	359	41	114
828	359	39	111
829	363	39	109
827	362	41	112
826	360	41	114
826	363	42	108
825	365	43	105
825	362	41	110
826	365	41	120
824	368	43	102
824	369	43	94
824	366	40	103
824	366	42	102
822	366	43	101
823	366	41	105
822	367	43	105
821	367	43	107
820	366	46	113
820	368	43	107
818	367	45	108
818	368	43	109
817	367	44	111
818	370	42	106
818	370	42	97
816	372	42	104
815	370	42	105
815	371	42	110
815	368	42	117
813	367	43	116
811	370	46	125
812	369	44	124
811	367	44	124
811	369	43	115
811	369	46	125
810	370	43	115
810	373	45	123
810	368	44	118
810	371	43	117
810	369	44	122
810	372	44	123
810	371	41	116
808	370	43	119
808	372	44	121
808	373	42	115
810	372	39	114
812	372	36	120
810	370	37	130
811	369	36	129
812	371	36	129
812	374	33	121
811	379	36	128
810	376	36	133
812	379	33	133
813	374	30	130
812	377	32	138
813	374	31	132
811	381	32	128
812	379	32	126
813	377	30	123
812	377	31	114
811	378	34	111
810	376	36	113
811	378	37	119
810	378	37	111
809	382	39	101
806	383	43	117
809	377	41	117
808	378	39	117
808	380	44	109
809	378	41	114
809	380	41	106
807	382	46	115
806	382	48	120
808	380	44	117
808	379	47	122
807	378	47	135
810	377	46	133
807	379	49	118
808	378	48	117
807	381	48	109
809	381	47	109
808	380	48	109
808	378	49	114
809	380	46	118
803	381	54	129
803	378	52	134
807	380	49	125
808	381	46	117
807	379	48	119
805	381	49	125
803	383	51	117
805	382	49	125
804	382	51	124
802	380	52	129
802	382	53	128
799	383	57	129
802	383	54	121
804	385	50	126
804	381	51	125
805	383	48	120
805	387	48	112
803	385	53	117
806	384	48	117
806	386	51	119
807	386	47	118
808	386	47	121
808	388	45	112
807	387	50	112
809	389	46	113
811	387	45	115
810	387	47	119
811	387	48	120
812	389	47	119
811	387	47	125
813	390	47	125
812	389	48	128
814	391	45	124
814	392	46	130
813	394	47	129
813	398	48	121
813	398	50	129
812	397	50	141
813	397	49	151
815	400	48	144
816	401	45	141
815	404	48	141
814	407	50	135
813	406	52	145
811	409	53	135
812	412	53	139
813	411	52	142
816	414	48	134
816	415	49	135
816	418	48	137
816	417	50	151
815	417	51	146
817	422	48	140
818	421	47	142
817	427	49	138
819	426	48	143
819	431	50	139
820	435	49	140
821	435	48	143
822	433	48	156
823	431	48	157
825	437	49	153
826	444	48	149
827	442	47	153
827	447	49	148
827	449	50	151
829	451	51	154
828	457	51	149
832	456	49	151
831	459	51	154
832	458	51	162
831	462	53	161
834	470	50	149
834	471	51	151
835	476	51	151
836	476	51	151
833	479	55	153
832	485	56	151
836	486	53	154
836	489	53	153
835	489	55	158
839	490	51	163
839	491	52	160
837	491	54	165
837	493	55	158
837	494	55	162
837	494	56	165
838	495	56	165
840	496	55	166
841	496	54	168
841	496	55	171
839	498	59	174
844	497	54	171
843	499	55	172
846	500	53	171
848	502	52	168
850	503	51	168
849	504	54	171
851	504	52	171
853	505	55	176
852	506	57	182
853	507	57	177
858	506	52	172
858	507	54	177
858	508	57	172
859	507	55	180
859	507	57	188
862	508	56	189
861	510	58	193
862	511	61	196
862	514	56	195
869	511	58	203
867	517	57	197
870	521	57	194
867	522	56	191
870	526	61	185
872	527	55	173
872	527	56	174
874	526	54	181
871	527	57	191
870	527	59	188
873	524	55	186
871	522	57	194
870	522	58	190
873	518	61	200
870	518	58	200
867	518	66	207
872	514	59	202
872	514	62	205
872	514	57	202
875	511	59	207
872	509	63	212
875	507	60	217
874	509	67	204
879	510	55	191
879	510	59	195
877	508	56	195
882	504	57	201
880	507	57	197
883	506	57	184
883	504	57	197
885	506	55	184
883	506	59	183
884	504	56	188
885	504	56	186
886	503	54	176
883	505	59	178
887	502	54	181
885	502	57	185
887	502	57	181
886	502	55	173
887	502	55	172
885	503	54	169
887	503	55	168
886	503	54	164
885	498	52	176
884	499	55	173
885	500	58	174
884	496	54	180
884	497	53	174
882	496	56	176
885	496	53	172
882	496	56	175
883	498	54	167
884	498	53	167
882	499	53	165
883	494	54	174
884	498	54	166
884	497	52	166
882	497	53	168
884	493	52	174
884	495	54	171
884	497	52	165
884	496	52	166
883	498	53	160
885	499	51	160
886	495	51	166
885	497	49	162
885	497	52	159
882	498	54	159
886	497	50	158
881	498	53	157
886	494	51	160
886	493	49	161
884	491	51	163
883	490	53	165
883	492	53	162
883	492	49	159
881	493	53	161
883	492	51	159
882	493	50	157
879	493	54	157
883	498	48	143
882	499	48	144
882	495	49	149
881	493	52	152
881	493	49	146
882	492	47	150
879	493	50	147
880	493	50	143
881	493	49	142
882	492	49	141
881	489	50	141
880	491	50	137
881	489	51	137
882	487	49	139
883	488	48	137
882	486	51	137
882	486	51	134
882	480	51	138
882	479	51	136
883	481	49	131
884	478	48	132
886	476	47	130
887	475	44	130
885	473	47	130
885	469	48	131
885	466	46	136
883	469	47	130
884	464	47	132
885	468	45	125
882	469	49	123
883	466	46	122
881	469	48	118
884	460	44	127
881	461	46	122
880	461	48	123
879	460	49	120
880	455	48	121
879	455	45	121
877	456	51	119
876	456	50	115
876	451	49	120
877	450	49	117
876	449	49	119
877	449	47	113
878	445	48	116
876	442	48	118
879	438	44	121
877	439	46	118
878	432	45	124
877	432	45	121
875	432	47	117
877	429	46	117
877	431	45	114
877	421	45	122
875	425	47	114
877	424	44	111
878	421	41	114
878	414	42	118
876	414	44	117
876	410	42	118
875	413	43	109
877	410	41	110
876	410	41	108
874	406	44	112
875	405	42	112
874	397	41	118
874	397	41	113
874	397	41	111
875	402	40	104
875	395	39	113
873	399	40	106
874	394	40	107
873	393	41	108
875	388	37	110
873	383	38	113
870	381	41	112
871	381	40	110
870	377	40	114
872	378	40	110
870	377	41	109
870	374	40	110
870	368	39	117
872	369	39	118
869	367	41	116
867	367	43	116
867	366	43	118
864	360	46	120
864	366	46	113
869	362	42	116
867	361	42	117
864	363	47	114
869	361	41	113
869	359	37	115
868	357	42	117
869	360	39	113
868	357	36	114
866	356	42	114
867	358	38	113
867	356	38	114
867	355	39	113
866	355	39	112
866	357	41	109
864	358	40	108
866	359	37	108
864	356	41	115
864	357	41	112
863	353	45	115
863	352	40	112
865	352	39	113
865	350	39	116
863	347	41	118
865	347	39	117
862	347	40	111
865	346	38	119
865	346	38	117
863	348	39	112
865	347	35	115
862	350	39	109
863	351	39	108
863	351	40	108
863	349	41	111
863	348	38	114
864	351	38	112
866	352	35	110
864	349	38	112
865	348	37	113
864	347	40	114
863	347	41	114
864	349	39	110
863	347	39	111
863	348	40	109
862	347	43	108
861	349	41	105
862	348	41	108
861	349	44	108
859	349	42	109
858	346	47	113
858	347	43	110
859	348	42	110
857	348	39	112
860	348	38	109
856	351	42	107
857	349	44	105
857	349	45	106
859	344	42	113
858	347	41	106
857	348	42	104
858	348	42	101
858	348	41	100
855	348	45	103
858	348	41	104
855	349	44	101
860	345	40	109
858	347	40	110
857	350	42	104
859	351	40	100
859	352	41	103
862	349	37	108
862	341	34	117
860	345	39	111
860	348	40	109
860	343	40	114
861	347	42	109
861	349	42	102
861	343	43	109
861	346	44	104
861	346	45	110
863	341	44	115
862	343	43	115
862	345	46	113
863	344	43	113
861	345	44	113
860	343	44	118
860	346	44	113
859	348	46	112
862	349	43	111
863	347	41	113
863	347	45	110
865	345	43	112
864	345	44	115
864	345	45	110
867	346	42	108
866	345	44	108
865	346	44	111
867	348	44	109
869	346	42	112
869	347	43	110
868	347	43	110
868	347	44	110
870	349	43	108
872	349	42	109
876	351	41	110
877	346	40	114
878	349	40	111
879	352	40	108
876	354	44	107
878	355	42	103
880	356	42	103
879	356	44	102
879	358	43	100
879	359	48	98
880	358	48	101
880	357	45	102
880	355	47	103
882	350	44	108
884	349	44	110
884	345	44	116
885	343	42	116
886	344	40	117
882	350	42	112
882	346	46	116
883	348	45	112
885	346	43	112
886	349	44	110
888	347	43	112
889	344	42	115
890	346	43	115
890	340	44	119
891	345	47	116
891	348	47	112
891	348	47	111
893	349	46	109
896	349	47	111
895	347	48	115
896	347	47	115
898	349	46	113
900	350	45	112
901	347	44	114
901	349	44	115
905	354	41	109
909	352	38	112
907	353	39	112
905	354	42	110
905	356	41	110
898	354	42	108
895	364	47	102
888	362	49	107
880	373	59	93
871	368	68	102
855	365	79	108
862	364	76	107
852	369	88	102
843	369	74	108
836	375	64	100
816	393	60	91
824	398	41	95
821	399	40	93
809	406	36	84
810	404	28	73
798	413	32	63
795	415	33	57
787	414	33	57
787	413	37	59
784	415	38	53
786	411	44	63
783	414	43	61
784	420	30	54
782	415	35	55
781	412	36	61
781	412	36	61
755	410	41	68
755	410	41	68
768	428	41	58
782	429	32	49
782	429	32	49
782	429	32	49
782	429	32	49
782	429	32	49
782	429	32	49
782	429	32	49
782	429	32	49
782	429	32	49
782	429	32	49
782	429	32	49
782	429	32	49
782	429	32	49
782	429	32	49
782	429	32	49
782	429	32	49
782	429	32	49
782	429	32	49
782	429	32	49
782	429	32	49
782	429	32	49
782	429	32	49
