1262	383	60	151
1270	383	53	144
1273	382	55	146
1280	382	56	157
1284	380	62	156
1287	384	63	157
1297	382	58	155
1304	375	55	164
1309	385	54	157
1318	383	50	158
1320	382	58	161
1326	387	57	157
1328	388	60	157
1335	394	61	146
1344	386	55	155
1349	386	60	155
1356	390	54	153
1359	389	55	155
1356	390	62	156
1357	386	71	158
1359	386	62	155
1360	392	61	148
1363	392	59	156
1361	385	58	161
1359	383	59	157
1350	385	67	151
1346	385	71	150
1341	384	76	152
1333	379	88	170
1326	373	88	169
1327	368	75	172
1324	369	74	171
1308	379	91	157
1297	380	97	146
1292	374	92	152
1281	367	89	149
1276	373	95	144
1267	373	84	141
1258	371	101	149
1256	369	96	152
1256	369	96	152
1237	373	93	143
1231	375	97	132
1223	369	82	137
1217	369	72	135
1217	369	72	135
1196	371	82	132
1183	371	82	128
1183	371	82	128
1174	373	86	136
1207	376	108	138
1154	368	95	136
1154	368	95	136
1154	368	95	136
1154	368	95	136
1127	366	73	136
1115	367	77	124
1108	366	74	126
1102	361	73	131
1100	364	67	137
1100	353	51	137
1096	358	58	122
1095	358	56	123
1090	358	60	137
1090	356	56	138
1090	352	47	139
1088	352	48	128
1085	354	48	132
1085	352	52	130
1082	353	58	128
1084	353	48	128
1081	356	53	126
1078	358	68	129
1078	365	71	120
1079	359	74	126
1081	354	56	141
1080	352	50	139
1080	356	47	134
1079	348	47	138
1079	353	46	126
1078	352	47	123
1077	355	47	127
1078	352	44	125
1076	350	46	132
1074	351	46	127
1074	352	39	120
1070	345	44	131
1068	348	47	132
1062	350	45	122
1053	352	55	120
1053	358	49	131
1047	349	55	138
1042	354	51	120
1039	363	54	121
1030	361	61	123
1028	363	62	124
1020	362	59	124
1010	358	59	123
1006	359	50	122
1005	358	51	121
995	364	48	126
991	360	44	129
986	360	42	126
980	370	33	120
973	375	34	109
969	354	40	123
965	367	37	125
963	356	36	125
960	351	37	132
957	351	41	136
954	358	41	135
948	352	48	140
948	341	44	131
945	355	47	139
944	363	40	135
942	361	47	128
944	362	45	125
942	364	47	119
939	362	49	129
938	363	48	123
937	360	46	124
936	358	45	129
936	356	41	132
938	359	43	125
937	358	45	138
935	359	44	139
933	358	40	148
932	363	42	146
932	362	47	139
932	358	42	137
929	360	39	137
927	361	41	128
924	359	42	126
920	363	42	127
917	361	42	130
910	361	40	121
904	361	48	132
897	356	49	137
895	358	46	140
882	358	51	141
877	368	47	137
872	362	38	142
864	360	42	138
860	363	43	135
852	360	51	140
849	369	41	135
842	373	41	135
842	374	50	139
840	365	39	118
839	379	39	125
835	373	43	146
832	370	47	148
829	369	49	137
827	367	40	145
828	372	41	141
825	369	43	144
823	370	45	145
822	371	43	146
819	373	47	138
817	370	42	140
813	377	45	150
812	371	46	149
803	372	49	151
804	370	46	159
803	377	47	141
798	375	47	150
795	373	49	142
790	375	48	138
786	372	48	127
786	375	48	127
783	374	44	128
775	371	51	119
771	378	51	117
766	376	51	126
764	391	51	134
757	381	54	127
760	382	48	141
755	384	51	145
748	385	52	153
747	379	49	148
744	374	51	154
743	376	49	139
738	379	55	147
740	378	54	129
733	379	56	133
734	381	55	136
734	384	52	147
734	377	51	145
732	370	52	150
729	377	49	142
728	377	54	139
728	377	45	149
728	371	47	154
727	363	47	154
728	373	43	150
727	363	43	153
729	363	44	153
726	359	47	153
729	360	43	142
727	361	44	141
728	361	44	145
726	355	46	151
725	353	50	153
725	361	49	140
725	361	50	137
730	360	44	144
731	355	46	150
731	367	40	141
732	368	41	133
728	360	48	140
728	352	48	146
731	354	46	143
728	355	50	145
729	351	47	147
729	360	47	151
729	356	49	144
729	361	53	134
729	359	49	138
730	358	54	127
731	356	52	137
731	372	48	125
734	362	47	132
735	359	44	136
733	351	53	143
734	371	49	125
735	375	46	124
736	382	45	120
736	369	46	134
735	365	50	138
737	356	46	147
737	358	45	151
738	364	45	141
740	383	41	131
738	387	45	122
737	381	46	129
737	376	47	130
736	365	47	139
734	366	48	143
733	365	50	161
733	365	49	150
734	364	51	157
732	352	55	157
735	361	50	153
734	364	48	151
734	365	46	148
732	364	46	148
732	365	47	143
733	374	47	139
732	368	45	141
735	370	42	137
733	376	42	133
734	371	45	140
731	373	47	136
730	368	47	145
732	375	45	141
731	364	50	142
732	365	47	143
731	373	47	144
731	364	51	149
729	357	50	152
729	365	49	144
731	366	48	144
730	364	49	146
732	380	43	143
733	365	43	149
731	367	43	144
727	363	48	145
727	364	48	145
727	368	47	143
726	368	49	139
727	365	44	150
725	363	49	145
725	373	50	150
726	378	44	154
726	367	43	148
723	367	50	146
720	363	53	154
722	363	51	153
724	362	49	161
721	361	52	162
723	360	51	160
721	370	53	151
722	365	53	158
720	367	52	159
720	370	50	154
722	375	50	146
721	369	50	157
723	370	47	158
721	364	50	161
723	362	50	168
723	364	45	166
721	366	47	163
726	367	41	164
727	366	42	166
723	367	49	164
720	362	52	172
722	371	50	165
724	368	49	167
724	370	44	164
720	368	48	167
718	368	50	163
717	364	52	158
717	366	51	159
717	371	51	162
715	375	53	157
715	368	54	168
716	366	55	169
715	363	53	177
715	371	52	177
707	367	63	180
709	368	61	181
710	377	58	173
711	375	56	173
710	369	60	184
711	363	65	190
715	375	56	181
713	368	60	183
712	376	60	179
713	372	60	187
713	373	56	189
714	377	58	182
715	377	59	178
715	378	62	180
722	372	54	185
725	373	50	184
725	371	53	187
727	373	53	189
726	375	58	192
729	371	53	200
729	376	59	192
734	384	54	186
732	383	57	189
730	380	60	191
733	388	55	178
737	384	54	178
738	384	57	175
733	384	68	181
734	384	67	184
737	387	60	182
742	384	56	186
746	387	55	186
746	383	55	196
746	384	58	191
748	379	64	196
749	378	58	200
751	379	59	203
750	381	64	203
751	388	62	197
758	387	54	195
757	387	58	197
758	395	60	190
760	384	58	194
764	382	58	199
769	385	57	199
765	381	61	201
765	391	68	191
768	386	66	188
774	378	56	204
780	392	51	199
779	381	52	203
783	387	51	203
783	378	58	216
784	377	63	218
784	382	65	213
790	380	54	217
790	384	54	209
789	386	59	208
791	385	58	201
793	380	58	210
797	380	55	211
801	390	54	205
801	395	64	195
802	392	61	198
804	397	66	203
803	391	65	208
801	389	72	211
807	395	71	206
809	396	70	208
811	393	66	217
822	395	57	222
822	387	62	231
828	398	60	217
827	388	65	214
833	399	64	212
835	392	56	225
839	389	59	212
840	401	60	202
850	388	53	210
849	376	60	221
847	377	67	226
849	379	69	215
852	375	75	231
857	370	83	233
863	373	77	240
866	379	62	237
870	376	67	241
870	372	63	241
874	377	75	246
872	372	72	248
869	380	81	228
873	378	81	229
883	379	71	233
889	388	78	226
896	375	71	232
900	379	71	243
901	379	72	237
903	387	69	236
913	388	62	237
916	383	65	248
916	381	74	249
915	392	80	245
922	388	74	252
932	379	69	262
936	386	80	260
936	390	84	244
945	382	80	270
950	401	82	250
962	395	71	255
967	398	73	252
964	419	76	233
975	400	93	253
976	385	78	272
982	376	80	283
986	388	80	268
994	402	77	266
1003	388	78	281
1001	399	81	285
997	398	98	296
1008	398	90	304
1021	393	98	310
1026	413	92	298
1022	413	100	304
1033	432	97	285
1033	447	103	262
1036	449	106	275
1045	448	100	287
1048	446	98	298
1065	453	95	298
1078	459	92	295
1082	472	95	301
1082	469	101	310
1085	480	108	316
1096	476	110	320
1109	479	104	328
1120	477	101	329
1123	489	113	336
1137	488	103	341
1150	498	89	324
1155	508	83	334
1166	507	84	329
1178	517	76	323
1190	525	78	316
1189	531	95	310
1198	543	101	298
1199	533	136	314
1222	523	121	340
1230	508	121	369
1231	508	134	377
1229	544	141	346
1238	549	147	364
1240	544	154	359
1251	569	177	369
1259	601	167	362
1269	595	140	356
1282	558	144	383
1292	599	116	332
1293	618	125	328
1291	612	158	346
1319	608	109	360
1323	602	121	377
1345	619	87	360
1353	600	106	385
1350	627	124	381
1357	626	146	398
1371	628	146	407
1379	642	160	417
1383	649	155	428
1400	647	154	421
1397	666	172	410
1403	673	173	395
1415	658	176	414
1426	685	162	379
1435	679	175	396
1443	655	178	415
1458	659	152	415
1457	667	159	413
1468	666	116	398
1461	686	164	391
1462	673	148	395
1470	653	127	428
1464	667	138	413
1468	645	126	437
1468	657	124	416
1460	646	119	428
1457	628	112	428
1441	644	126	424
1438	642	111	415
1411	630	146	424
1391	635	165	413
1370	628	166	370
1365	630	156	354
1353	610	121	375
1341	609	145	363
1340	614	98	343
1326	622	83	336
1309	592	108	360
1300	580	102	375
1279	582	122	381
1258	584	123	350
1245	576	119	359
1239	567	117	362
1224	567	129	356
1217	559	121	369
1219	548	99	373
1203	545	88	366
1190	535	91	350
1170	545	107	324
1172	537	82	328
1163	517	82	345
1154	526	75	335
1152	516	75	326
1143	535	85	326
1134	515	77	339
1119	507	104	340
1110	518	116	336
1110	516	97	325
1105	515	98	326
1087	525	115	341
1080	519	130	314
1072	520	130	296
1085	483	126	268
1076	511	105	277
1081	495	89	254
1072	515	97	274
1070	507	85	290
1072	513	66	276
1075	519	55	285
1070	516	56	281
1068	512	61	287
1051	515	82	285
1058	506	71	292
1052	503	81	292
1055	502	84	288
1052	505	72	291
1052	508	78	285
1044	500	83	291
1046	486	71	301
1035	504	72	285
1034	493	83	271
1038	497	60	289
1038	496	68	280
1030	500	68	269
1026	493	74	251
1026	498	66	252
1024	500	61	259
1028	525	65	241
1028	533	59	228
981	493	67	221
977	495	76	205
981	481	60	188
979	463	63	179
979	463	63	179
979	463	63	179
979	463	63	179
979	463	63	179
979	463	63	179
979	463	63	179
944	497	65	164
944	497	65	164
944	497	65	164
944	497	65	164
944	497	65	164
944	497	65	164
944	497	65	164
944	497	65	164
944	497	65	164
944	497	65	164
944	497	65	164
944	497	65	164
944	497	65	164
804	514	67	160
