1641	858	102	217
1626	855	100	211
1630	855	77	209
1607	853	80	207
1589	839	72	202
1581	837	72	195
1561	841	64	188
1546	836	79	192
1535	834	80	182
1525	837	74	174
1507	825	80	185
1485	827	91	183
1476	822	86	192
1467	818	84	190
1451	821	85	190
1432	817	90	196
1417	818	93	185
1404	809	91	191
1394	811	83	190
1385	806	79	183
1365	802	76	179
1359	803	69	176
1353	801	63	173
1322	803	75	166
1312	799	73	171
1292	797	85	173
1279	798	79	166
1285	797	66	170
1276	789	62	174
1261	785	65	179
1249	783	64	177
1241	791	63	169
1224	783	68	170
1206	779	74	176
1190	777	80	177
1187	775	70	177
1172	776	79	179
1156	774	83	177
1166	770	64	179
1157	766	65	177
1154	765	82	175
1149	763	72	183
1145	768	67	168
1143	778	66	164
1136	777	73	159
1128	776	75	162
1135	778	75	167
1129	773	70	172
1124	774	68	162
1120	770	80	163
1112	771	81	162
1102	771	91	164
1095	769	86	165
1089	765	94	168
1095	763	76	166
1095	762	70	166
1084	760	69	165
1085	764	59	168
1079	763	62	162
1069	761	61	162
1073	755	51	169
1067	759	52	174
1057	763	60	159
1048	758	69	171
1025	761	80	162
1014	759	80	161
999	754	91	172
1004	746	85	174
991	745	82	170
987	741	85	184
972	740	84	169
964	741	82	169
957	738	71	177
922	743	82	157
919	730	85	171
919	731	77	172
908	734	77	161
894	733	85	160
904	738	56	162
901	731	48	163
885	723	54	165
872	733	63	160
855	732	71	156
841	731	84	165
839	725	69	158
809	727	84	164
797	732	87	151
794	730	96	165
792	728	72	158
782	719	72	154
775	728	67	159
761	723	82	172
763	723	73	177
763	723	73	177
738	726	88	180
746	718	71	171
746	718	71	171
749	728	72	179
744	730	69	159
717	744	66	154
716	735	67	148
734	723	67	162
715	715	81	160
725	719	73	166
717	712	84	169
723	711	73	158
733	715	78	155
709	698	72	172
717	693	57	194
721	699	57	197
725	698	53	177
717	715	55	164
712	652	54	155
713	702	50	159
713	703	46	160
709	696	56	166
710	725	69	145
707	744	73	124
702	688	60	129
700	707	70	147
702	700	79	151
715	705	59	144
713	706	54	125
724	736	64	115
722	695	62	125
744	691	46	117
754	697	47	109
761	704	43	99
761	704	43	99
761	704	43	99
761	704	43	99
761	704	43	99
761	704	43	99
761	704	43	99
761	704	43	99
801	703	48	102
801	703	48	102
801	703	48	102
816	685	58	117
816	685	58	117
825	681	53	131
825	685	56	137
827	684	64	133
820	697	67	124
849	698	54	134
848	667	58	152
864	675	74	152
856	672	82	155
858	671	59	160
875	666	73	160
867	667	68	135
880	660	72	134
905	651	52	145
897	663	61	152
897	663	61	152
917	676	69	173
911	652	75	169
951	727	52	148
937	653	48	146
954	650	38	157
954	657	36	144
969	642	44	136
969	640	39	140
964	633	55	145
966	625	71	154
966	649	71	138
981	645	62	141
990	670	63	132
999	665	67	136
1010	654	64	153
996	647	78	154
999	646	89	157
1000	651	88	155
994	647	82	148
998	651	90	149
1012	645	66	142
1017	652	58	119
1013	649	64	122
1011	645	71	134
1024	650	57	131
1012	646	71	127
1002	649	73	119
1007	649	65	129
995	637	85	125
991	639	81	125
998	651	80	126
990	649	88	121
980	642	86	128
975	641	74	127
970	641	73	128
981	643	82	132
981	636	69	128
989	628	71	146
976	630	76	139
987	635	63	136
993	644	54	137
981	626	61	129
982	636	59	123
973	628	62	133
970	617	64	156
952	616	82	149
965	622	76	167
956	625	84	160
956	615	77	145
956	613	73	143
962	616	78	132
959	618	67	155
945	613	78	147
953	616	75	179
948	584	83	191
939	603	89	187
946	606	72	178
954	617	78	189
945	599	87	202
939	607	97	186
937	616	105	219
901	592	132	222
918	596	113	223
932	608	91	218
923	606	91	197
925	610	101	226
922	602	99	214
927	615	106	221
923	612	121	222
910	606	119	229
916	611	101	221
903	598	113	207
916	597	91	215
914	603	102	229
903	587	99	240
912	602	113	256
908	598	126	255
870	592	159	245
897	603	141	254
897	614	162	246
871	611	186	255
904	611	163	274
901	601	154	275
891	602	164	267
891	604	146	265
891	605	142	234
891	614	188	253
881	609	212	270
873	612	202	273
858	602	209	258
865	596	211	285
871	613	197	268
870	607	214	281
882	604	183	285
878	606	189	287
872	602	186	274
869	606	179	260
863	604	189	270
874	600	160	276
863	602	176	271
860	603	179	269
853	594	191	273
862	610	177	257
858	605	156	233
866	608	151	254
868	607	155	259
860	607	164	264
849	605	172	258
849	599	171	270
847	592	165	274
841	602	171	252
842	594	149	264
848	598	161	276
850	601	138	257
846	610	167	263
835	603	160	262
836	596	155	269
841	594	150	266
836	598	145	254
831	596	163	277
831	590	159	275
831	596	152	272
839	596	145	272
837	607	149	251
834	608	156	263
830	597	154	266
821	597	152	275
824	592	142	264
823	595	147	281
821	602	143	264
820	592	140	269
820	594	146	290
816	590	132	283
822	594	129	270
817	592	136	286
819	598	146	274
812	586	134	273
807	597	131	260
813	597	125	267
814	592	130	278
803	589	132	281
804	595	135	282
798	597	144	277
799	597	147	292
791	580	143	316
791	593	149	301
789	590	165	316
791	588	125	287
792	590	133	288
790	597	146	291
787	603	131	287
788	603	139	285
779	593	141	276
776	591	144	277
780	588	136	307
780	584	126	298
777	584	143	279
767	583	142	282
770	582	145	289
767	572	144	303
764	555	131	308
765	569	132	299
760	560	143	307
754	551	142	300
753	560	147	294
746	553	143	298
755	568	126	276
755	569	130	270
750	563	135	283
750	563	131	290
751	571	117	269
753	569	113	268
752	574	114	270
747	561	116	276
749	560	116	284
746	565	114	276
745	568	115	266
746	571	109	258
743	563	109	271
737	552	111	294
738	569	111	273
738	564	104	280
736	571	107	267
732	581	103	253
725	582	107	254
722	579	109	255
725	583	106	249
723	583	103	251
723	586	103	249
720	592	101	247
722	594	98	243
722	587	95	255
719	592	91	257
718	588	94	253
712	594	95	255
712	598	96	257
707	601	103	256
705	603	99	253
706	604	88	246
704	609	92	249
704	597	84	263
698	596	91	269
696	609	86	257
698	607	79	270
694	612	79	249
694	616	77	251
694	614	71	245
688	614	77	257
685	619	78	248
681	619	80	243
680	618	77	251
679	615	77	258
673	618	78	246
667	618	85	253
668	618	75	252
661	619	80	244
655	619	82	251
660	619	80	254
656	622	78	245
653	623	77	244
657	626	68	241
651	621	74	237
649	626	76	251
647	628	81	244
641	625	81	251
647	626	71	258
650	626	65	253
640	626	77	263
643	629	71	254
645	629	66	247
636	625	72	252
639	629	69	242
637	629	68	243
635	633	67	240
631	627	71	237
634	630	64	234
632	625	65	248
630	619	64	253
629	623	63	243
631	621	59	242
628	620	65	240
624	621	67	235
624	620	69	237
627	618	67	233
631	620	68	233
632	618	71	236
634	618	73	233
639	619	74	228
648	618	73	228
655	617	71	220
660	614	74	220
669	614	73	226
678	612	72	217
688	612	69	217
695	608	71	215
705	609	69	217
709	609	73	215
720	606	69	215
723	607	74	215
733	605	75	214
740	604	74	214
752	599	72	216
760	600	69	205
770	600	68	207
778	601	68	207
782	600	69	206
789	599	72	198
802	598	65	201
808	599	68	202
813	599	70	197
825	596	66	197
834	597	63	199
839	596	68	196
847	593	69	194
855	592	68	201
861	592	72	196
868	594	69	190
874	593	72	192
883	594	70	190
886	596	73	187
899	594	67	184
900	591	74	190
908	592	72	186
916	589	71	184
920	592	74	182
926	589	74	187
931	593	73	179
934	592	72	176
939	594	69	170
939	592	69	173
944	588	67	174
944	587	67	178
949	587	62	178
951	586	62	172
952	587	62	170
946	584	66	178
952	583	62	164
951	586	63	160
945	585	67	169
941	586	71	173
946	585	64	167
941	583	67	166
943	585	66	168
944	582	65	165
944	582	63	161
944	582	63	160
945	580	61	158
946	579	62	156
941	578	64	165
945	578	63	155
945	575	59	146
946	577	59	152
943	574	60	156
940	573	62	159
936	572	67	157
936	575	64	156
936	569	63	161
934	571	63	155
932	569	66	158
928	568	72	165
937	569	62	160
935	563	64	159
934	568	63	152
934	566	62	155
933	564	63	155
943	564	54	150
933	560	63	159
946	561	51	149
939	560	57	151
943	556	54	151
942	556	56	149
936	555	58	153
943	557	54	147
939	554	58	150
936	556	62	147
929	556	67	149
934	554	62	148
933	552	64	149
938	556	58	147
931	552	66	147
924	554	69	150
937	553	58	147
930	550	61	150
936	553	57	147
937	550	56	144
939	551	56	146
935	548	54	149
940	549	51	147
938	548	50	151
937	547	51	148
934	547	56	153
933	549	54	149
922	548	64	156
920	548	68	156
925	547	61	155
919	551	66	153
913	551	72	156
918	551	67	153
923	550	62	151
911	552	73	155
916	550	68	150
924	550	59	155
925	548	59	152
929	550	55	155
923	547	60	156
931	551	54	145
934	553	47	143
931	554	50	142
924	552	57	145
918	555	60	146
913	556	64	149
915	554	64	144
912	559	64	151
918	559	60	145
910	554	69	150
920	567	57	144
903	560	71	151
908	559	67	150
917	566	58	148
922	565	50	142
924	567	49	140
922	571	47	138
921	568	47	141
918	570	48	141
916	569	51	142
916	572	48	143
914	565	49	148
911	564	49	148
910	570	49	142
911	568	49	140
911	565	48	141
908	570	52	136
904	566	52	141
904	563	51	142
899	559	52	146
897	567	56	140
896	560	54	141
902	562	51	138
903	560	47	137
903	561	47	132
903	559	46	134
900	559	49	133
901	557	44	133
900	558	44	133
899	558	43	135
893	559	49	133
888	556	54	136
886	559	55	132
891	559	50	129
890	555	49	134
888	555	49	132
893	554	42	131
889	557	44	129
887	553	47	130
886	556	46	128
884	555	44	129
881	553	49	127
881	553	45	127
879	553	46	126
877	546	49	134
876	541	47	141
875	546	49	135
870	540	51	139
861	541	59	139
869	540	51	141
869	545	48	131
876	552	41	126
873	543	41	133
870	538	43	138
869	543	46	136
870	553	44	118
866	548	46	121
870	553	44	115
864	543	48	124
865	545	48	120
862	541	47	125
865	544	46	120
863	547	44	117
863	543	43	118
860	545	45	118
855	547	50	116
860	554	43	108
855	548	47	114
858	548	44	116
857	543	42	119
855	547	44	115
855	549	42	112
857	551	41	112
852	546	43	113
850	548	45	113
849	549	42	108
850	549	40	109
847	550	43	106
846	546	40	110
844	543	42	115
841	546	42	112
838	549	48	109
834	544	49	111
831	547	51	110
838	550	44	105
835	545	46	111
836	544	44	111
836	546	42	109
834	545	42	114
831	541	46	113
830	545	46	109
830	543	43	109
830	545	44	102
830	543	39	106
828	541	42	109
825	543	43	105
827	544	41	106
824	546	42	104
824	548	44	103
822	544	43	109
820	544	42	109
820	541	40	114
819	547	40	107
817	542	43	111
815	544	43	110
816	543	41	110
816	542	43	114
814	541	43	111
808	546	48	107
808	545	46	104
810	545	42	105
807	539	42	107
804	540	44	107
804	538	43	111
804	543	43	106
803	542	42	107
806	542	37	107
800	541	42	107
796	543	44	106
795	546	46	104
796	545	45	105
800	542	37	105
792	538	44	111
789	538	47	108
788	539	48	108
794	539	42	105
790	539	54	107
785	540	46	102
788	542	41	96
788	540	41	100
786	531	40	109
783	531	42	109
782	536	41	106
784	540	39	99
783	540	45	101
782	533	41	105
781	536	46	104
776	534	43	105
772	539	48	101
780	537	39	101
771	539	46	102
776	539	43	100
772	532	44	103
775	538	40	98
771	535	40	105
769	533	41	103
764	524	42	111
764	528	40	113
759	528	45	106
762	529	42	106
753	524	52	110
763	524	39	109
762	524	42	107
757	524	43	108
753	524	47	110
754	522	46	111
750	522	48	108
739	518	58	112
744	520	53	109
742	519	53	112
745	522	53	109
750	519	43	109
745	516	46	113
740	519	53	111
745	520	48	107
747	519	42	108
746	518	41	110
745	517	45	111
744	514	41	115
749	515	39	111
740	520	44	110
743	519	40	108
740	514	39	115
741	511	38	114
744	518	37	107
743	515	34	112
739	513	38	117
739	516	36	111
735	512	40	112
736	516	39	105
734	512	38	107
736	510	36	109
734	509	35	112
734	510	39	114
732	513	40	105
732	513	40	105
732	514	36	104
732	514	36	104
726	516	42	107
721	508	48	112
711	508	59	117
698	508	69	117
718	499	56	128
713	510	57	125
710	508	55	129
569	587	59	149
713	499	58	143
713	499	58	143
713	503	54	137
714	507	49	132
713	494	54	141
709	497	53	131
706	501	60	125
706	501	60	125
706	501	60	125
705	505	56	117
705	509	51	104
709	513	49	107
710	512	45	111
712	513	39	123
711	504	42	120
711	504	42	120
711	511	36	113
710	513	37	109
711	511	37	101
704	506	40	109
704	506	40	109
704	506	40	109
701	499	51	122
698	505	51	107
698	507	52	120
698	507	52	120
698	507	52	120
702	502	39	110
702	502	39	110
702	502	39	110
701	507	43	113
701	507	43	113
701	507	43	113
701	507	43	113
701	507	43	113
697	487	49	121
672	480	67	126
672	480	67	126
672	480	67	126
672	480	67	126
672	480	67	126
672	480	67	126
672	480	67	126
668	494	75	125
668	494	75	125
668	494	75	125
668	494	75	125
668	494	75	125
668	494	75	125
668	494	75	125
668	494	75	125
668	494	75	125
668	494	75	125
668	494	75	125
668	494	75	125
668	494	75	125
668	494	75	125
668	494	75	125
668	494	75	125
668	494	75	125
668	494	75	125
668	494	75	125
668	494	75	125
668	494	75	125
668	494	75	125
668	494	75	125
668	494	75	125
668	494	75	125
668	494	75	125
668	494	75	125
668	494	75	125
668	494	75	125
668	494	75	125
668	494	75	125
668	494	75	125
668	494	75	125
668	494	75	125
668	494	75	125
668	494	75	125
668	494	75	125
668	494	75	125
668	494	75	125
668	494	75	125
668	494	75	125
668	494	75	125
668	494	75	125
668	494	75	125
668	494	75	125
668	494	75	125
668	494	75	125
668	494	75	125
668	494	75	125
668	494	75	125
668	494	75	125
668	494	75	125
668	494	75	125
668	494	75	125
668	494	75	125
668	494	75	125
668	494	75	125
668	494	75	125
668	494	75	125
668	494	75	125
668	494	75	125
668	494	75	125
668	494	75	125
668	494	75	125
668	494	75	125
668	494	75	125
668	494	75	125
668	494	75	125
668	494	75	125
668	494	75	125
668	494	75	125
668	494	75	125
668	494	75	125
668	494	75	125
668	494	75	125
668	494	75	125
668	494	75	125
668	494	75	125
668	494	75	125
668	494	75	125
668	494	75	125
668	494	75	125
668	494	75	125
668	494	75	125
668	494	75	125
668	494	75	125
668	494	75	125
668	494	75	125
668	494	75	125
668	494	75	125
668	494	75	125
668	494	75	125
668	494	75	125
597	470	92	119
597	470	92	119
597	470	92	119
561	498	99	98
561	498	99	98
561	498	99	98
551	486	98	111
572	514	108	123
572	514	108	123
524	493	108	127
535	487	105	144
535	487	105	144
535	487	105	144
523	482	105	138
550	481	98	127
544	483	84	114
521	508	94	99
539	514	83	86
524	490	84	102
511	484	100	102
522	515	104	92
504	521	112	77
512	524	101	72
522	486	92	87
518	506	100	94
496	519	111	88
512	504	113	104
501	478	118	118
493	512	112	146
490	494	113	128
517	492	107	120
528	483	95	121
532	479	80	109
524	496	84	115
527	480	85	110
506	512	107	112
508	480	99	100
512	503	99	101
502	506	105	95
499	480	113	107
489	519	120	83
507	524	104	71
503	527	104	64
508	525	104	68
513	526	104	65
518	528	108	66
