999	530	109	205
994	528	109	204
999	522	104	215
995	522	111	213
994	528	112	202
998	530	111	202
995	521	111	211
994	524	113	207
992	527	119	207
993	520	110	217
992	517	121	220
992	508	112	229
995	503	108	240
997	486	108	255
994	486	107	258
998	479	107	261
997	467	108	269
995	459	109	277
996	446	106	288
996	439	108	298
996	426	107	310
992	415	110	290
993	412	113	316
991	396	114	350
992	394	116	348
991	396	113	336
986	394	119	355
987	391	122	345
983	389	123	350
989	391	119	353
987	390	119	350
981	391	121	352
983	387	124	349
987	391	118	354
986	398	117	337
984	384	112	332
982	400	119	320
989	391	112	340
987	394	106	344
985	384	112	352
992	391	109	343
982	392	114	341
990	387	115	344
991	396	107	339
989	397	113	323
990	394	116	338
994	392	111	338
997	386	107	348
995	394	113	325
998	398	108	322
998	393	113	331
1003	403	107	320
1005	403	104	310
1008	397	102	314
1011	394	103	306
1013	396	97	307
1011	398	99	312
1010	404	104	302
1010	402	106	298
1015	397	97	304
1012	391	106	306
1016	396	104	306
1015	390	112	311
1014	400	106	303
1016	403	104	298
1016	412	108	290
1018	408	109	288
1017	404	109	300
1017	409	113	292
1017	394	113	281
1023	411	110	285
1028	404	98	289
1025	396	107	300
1030	392	107	311
1034	389	102	293
1032	398	96	280
1042	404	88	264
1042	403	94	255
1043	404	94	258
1044	405	93	263
1045	405	92	259
1049	411	97	257
1048	401	98	262
1048	403	100	260
1050	402	101	259
1052	403	98	250
1052	398	100	261
1060	393	97	263
1062	395	93	267
1062	391	96	272
1063	393	92	266
1067	404	87	254
1066	400	95	254
1066	392	89	256
1073	384	85	264
1071	391	82	251
1071	395	93	237
1072	390	85	242
1072	388	92	241
1074	390	91	234
1074	386	95	242
1073	394	95	232
1079	390	85	246
1071	394	97	232
1071	395	98	234
1073	396	95	232
1073	406	94	220
1075	397	104	224
1079	393	94	230
1078	398	95	224
1079	404	95	204
1086	399	87	208
1091	396	84	207
1094	394	91	207
1100	390	89	218
1105	395	83	212
1105	399	86	213
1108	401	82	208
1109	400	87	214
1112	403	85	203
1113	398	84	206
1117	387	82	229
1118	388	83	229
1116	396	88	222
1117	398	91	224
1125	395	85	219
1127	397	78	226
1127	393	81	231
1127	396	85	228
1131	385	86	235
1136	389	77	230
1143	385	68	233
1139	393	80	220
1144	395	74	222
1145	396	82	221
1147	402	84	220
1146	395	89	228
1146	398	86	231
1152	402	90	227
1150	411	93	218
1156	408	75	233
1154	409	77	240
1162	407	89	240
1162	412	88	225
1163	411	87	225
1163	412	90	216
1165	408	91	222
1167	407	85	224
1169	406	90	221
1171	402	83	225
1171	409	84	217
1175	402	85	224
1176	404	83	218
1176	398	86	217
1178	397	84	227
1180	396	84	224
1182	400	84	224
1184	397	81	223
1183	400	89	222
1183	406	88	207
1184	395	85	223
1186	399	82	220
1188	386	82	231
1186	391	81	222
1191	384	72	224
1186	388	78	215
1185	387	82	213
1185	387	81	213
1186	386	73	215
1188	384	73	218
1185	387	73	216
1187	380	64	226
1187	379	59	228
1183	384	63	226
1179	379	63	231
1175	381	67	226
1170	385	71	222
1168	380	78	222
1165	374	81	210
1162	379	78	205
1159	372	76	215
1156	375	80	209
1155	373	78	218
1150	376	79	203
1147	379	73	200
1143	383	71	201
1141	383	66	204
1138	380	73	205
1133	375	65	209
1127	387	64	184
1125	393	60	182
1121	402	56	181
1120	399	61	183
1119	396	61	188
1113	390	71	190
1108	383	78	198
1107	384	79	191
1105	388	79	187
1113	380	74	199
1110	374	70	198
1107	375	80	195
1108	378	75	190
1110	381	68	177
1111	378	67	184
1109	378	65	181
1112	381	55	173
1116	379	55	179
1113	379	57	177
1111	380	59	176
1107	383	66	181
1107	392	62	178
1107	386	60	185
1114	384	56	178
1112	389	54	170
1115	387	57	163
1119	393	53	157
1125	379	52	170
1127	378	47	174
1128	390	51	155
1126	382	55	160
1130	384	48	170
1133	380	54	175
1136	369	53	186
1134	360	57	202
1133	371	61	186
1132	376	69	183
1134	376	67	182
1138	377	64	190
1143	375	61	186
1147	379	59	184
1146	390	63	183
1147	383	63	176
1146	393	63	173
1152	391	63	168
1150	395	63	160
1158	390	58	164
1160	386	58	174
1162	381	54	178
1163	378	60	183
1164	380	56	181
1160	378	69	183
1161	381	59	182
1162	382	56	176
1162	385	52	175
1160	379	64	182
1162	379	57	184
1162	378	64	184
1165	378	59	171
1172	375	56	170
1169	376	62	166
1167	380	60	164
1169	377	54	165
1170	374	58	164
1171	382	58	162
1170	383	67	161
1170	382	63	159
1171	377	59	171
1170	375	63	174
1169	377	65	178
1167	379	68	172
1164	375	70	176
1172	371	60	178
1169	369	64	180
1168	375	63	169
1166	381	65	164
1163	382	67	159
1164	379	65	146
1164	378	61	157
1163	380	62	160
1163	374	54	165
1161	380	53	152
1160	368	58	164
1155	366	63	162
1151	367	62	163
1151	367	58	161
1149	368	57	163
1146	359	59	165
1143	364	55	154
1139	365	57	160
1138	364	57	163
1136	360	60	166
1133	368	62	162
1131	368	59	161
1127	370	68	143
1126	373	62	141
1127	373	49	144
1129	363	59	148
1128	368	54	141
1124	370	58	133
1126	377	48	134
1125	369	52	137
1133	356	45	153
1129	363	56	149
1125	356	62	159
1124	349	67	170
1130	344	59	172
1129	351	60	166
1129	342	56	174
1135	348	49	165
1131	349	53	158
1131	351	54	157
1135	349	45	142
1134	353	46	142
1135	359	52	142
1133	357	51	141
1135	353	53	144
1135	356	49	135
1135	352	51	127
1133	354	47	141
1134	353	51	150
1131	353	52	142
1132	356	54	148
1132	352	54	153
1133	359	53	144
1133	353	55	146
1130	368	50	137
1130	372	48	130
1129	375	54	126
1132	372	41	124
1136	368	47	125
1135	367	52	128
1137	346	55	130
1134	350	54	115
1137	350	58	126
1136	351	63	127
1139	349	51	131
1140	352	53	127
1141	352	53	128
1146	350	49	137
1146	353	52	140
1144	355	54	123
1146	355	50	138
1140	354	61	143
1149	348	49	148
1150	357	49	135
1156	353	45	144
1151	360	53	140
1151	369	53	132
1147	375	58	124
1148	376	58	127
1148	366	61	133
1150	367	53	129
1147	371	52	125
1145	371	57	127
1145	368	71	131
1147	362	76	132
1146	368	69	130
1146	366	74	129
1148	376	61	127
1144	366	76	138
1146	364	74	149
1145	359	64	156
1145	367	65	148
1147	370	46	144
1146	366	63	147
1145	383	59	133
1144	385	60	128
1146	387	51	120
1142	398	51	114
1143	386	60	116
1145	382	55	114
1145	382	49	125
1142	376	54	136
1141	379	55	133
1138	381	54	132
1139	382	53	130
1138	385	53	125
1137	383	54	116
1139	379	49	125
1135	377	51	131
1134	379	51	134
1135	382	50	129
1131	379	49	134
1130	380	51	124
1128	381	51	131
1131	380	47	131
1129	381	41	131
1123	383	49	126
1124	385	43	119
1118	392	47	116
1118	380	41	125
1115	381	49	127
1113	390	45	121
1109	383	50	127
1110	379	49	132
1108	378	45	128
1108	388	48	123
1105	387	48	120
1107	390	56	124
1104	387	51	128
1102	396	48	124
1106	391	43	132
1107	393	41	128
1109	394	40	131
1107	394	39	134
1099	394	44	127
1096	398	36	116
1100	401	45	116
1099	409	51	115
1099	413	46	111
1099	413	44	115
1096	423	51	104
1104	414	50	116
1103	409	46	122
1111	400	47	132
1109	398	42	133
1112	399	44	131
1107	408	41	118
1105	411	47	115
1106	404	46	125
1109	405	46	124
1115	404	32	128
1112	406	40	121
1111	400	36	130
1111	401	38	126
1112	400	38	131
1105	411	48	125
1101	411	43	129
1111	408	33	134
1104	408	42	127
1103	408	47	121
1104	406	41	126
1104	406	41	125
1101	402	42	136
1104	408	40	130
1105	407	43	130
1102	398	47	139
1102	403	48	134
1100	409	37	126
1097	406	36	125
1093	408	50	125
1080	409	42	127
1085	398	43	132
1095	405	37	132
1081	400	46	138
1083	403	46	137
1078	406	49	126
1089	411	39	125
1072	405	50	127
1046	417	50	120
1081	410	40	132
1057	408	55	136
1064	407	57	134
1069	409	45	134
1067	416	48	133
1073	413	45	139
1075	405	40	145
1075	413	37	141
1072	416	46	139
1071	416	47	139
1072	415	46	142
1071	413	46	143
1071	413	43	143
1074	409	41	152
1073	422	43	140
1074	429	38	131
1071	428	44	130
1069	425	47	134
1069	428	46	133
1079	424	37	139
1081	420	37	145
1080	418	34	148
1077	422	38	144
1081	425	36	139
1087	421	29	146
1082	422	31	144
1084	425	35	145
1089	431	28	138
1086	427	33	145
1083	429	33	139
1087	421	30	152
1081	421	35	149
1085	429	35	148
1086	427	30	145
1084	425	30	150
1084	443	35	133
1084	439	37	135
1084	441	37	140
1083	441	37	142
1089	445	32	141
1084	439	33	149
1081	436	38	154
1082	440	40	152
1082	443	40	150
1080	444	40	155
1083	440	39	156
1087	450	35	152
1083	450	42	149
1089	463	33	140
1085	469	36	133
1087	462	37	135
1088	461	38	143
1086	466	37	137
1090	463	36	141
1088	460	39	142
1082	471	46	132
1092	472	40	134
1092	464	41	144
1092	470	36	135
1092	476	44	135
1098	490	49	122
1099	463	57	141
1088	457	38	146
1096	461	40	148
1104	457	30	149
1100	461	34	143
1102	456	32	152
1102	461	31	149
1104	462	28	147
1106	459	28	150
1102	459	31	147
1105	450	32	156
1104	445	32	164
1106	452	32	155
1107	451	29	155
1107	451	30	154
1107	469	31	145
1112	472	25	133
1111	490	25	120
1112	495	27	116
1111	501	39	110
1112	482	35	121
1109	474	30	129
1104	470	34	136
1107	471	29	138
1102	469	33	143
1106	477	30	137
1107	468	36	142
1108	459	31	149
1108	457	31	152
1109	452	28	160
1102	450	34	158
1104	453	31	157
1100	469	32	146
1099	461	33	147
1101	454	29	157
1099	452	30	160
1100	457	27	155
1099	475	31	150
1097	455	36	155
1086	459	36	147
1085	467	48	144
1083	474	61	139
1062	478	86	138
1070	474	115	142
1044	463	137	137
1030	462	154	157
1010	480	192	127
984	450	223	146
984	450	223	146
984	450	223	146
984	450	223	146
984	450	223	146
984	450	223	146
984	450	223	146
984	450	223	146
984	450	223	146
984	450	223	146
984	450	223	146
984	450	223	146
984	450	223	146
984	450	223	146
984	450	223	146
984	450	223	146
1037	464	198	163
1037	464	198	163
1037	464	198	163
1037	464	198	163
1037	464	198	163
1037	464	198	163
1037	464	198	163
1037	464	198	163
1037	464	198	163
1037	464	198	163
1037	464	198	163
1037	464	198	163
1037	464	198	163
1037	464	198	163
1066	464	171	161
1066	464	171	161
1071	475	161	151
1073	471	158	154
1072	468	158	160
1072	474	159	156
1073	473	159	151
1074	477	159	147
1074	468	156	161
1075	469	161	156
1065	476	171	148
1073	469	160	153
1070	469	163	154
1073	472	161	154
1072	463	163	162
1070	471	166	152
1070	480	164	143
1074	462	163	163
1070	469	169	159
1074	468	165	157
1078	471	160	153
1077	469	159	153
1073	475	163	149
1074	462	166	162
1073	463	167	163
1075	462	164	167
1075	465	164	163
1078	463	159	167
1074	461	168	167
1078	460	165	167
1081	462	162	163
1075	464	169	163
1076	468	167	161
1076	472	166	154
1077	469	166	158
1080	465	168	165
1081	464	167	164
1079	467	167	161
1083	465	165	163
1083	467	163	163
1087	466	159	165
1086	465	163	163
1093	465	158	169
