755	284	201	637
761	305	200	640
770	318	180	637
751	303	193	653
765	303	191	604
757	325	194	600
765	299	191	593
764	319	193	589
765	323	185	575
757	324	200	578
755	316	190	598
763	318	189	567
753	311	188	601
760	327	196	580
751	314	185	590
762	312	193	572
764	325	185	526
755	319	193	576
763	306	193	595
744	315	189	597
764	298	191	624
752	304	191	644
763	309	199	609
756	328	184	579
760	296	191	615
761	307	189	625
757	304	199	629
746	324	188	575
758	318	193	559
745	321	195	565
755	328	194	552
760	330	190	540
755	342	187	530
755	328	191	520
758	326	185	540
757	337	188	578
757	316	204	592
745	326	195	586
757	312	190	601
756	308	188	614
753	295	191	618
753	323	194	612
761	312	192	601
756	317	186	601
750	319	193	567
762	314	184	561
753	323	199	577
754	307	190	605
752	294	201	579
767	289	186	608
762	315	199	596
766	326	193	542
764	321	194	571
763	316	194	582
771	305	194	583
764	326	198	561
766	319	202	574
761	325	197	569
764	297	198	583
770	321	201	559
772	333	191	565
767	317	205	563
752	324	215	539
764	297	208	578
762	314	213	573
754	315	223	546
755	307	253	566
740	316	275	531
748	327	286	565
761	323	251	554
767	325	224	557
769	329	244	540
771	320	220	560
773	328	214	541
784	315	211	554
784	313	211	557
780	302	214	581
785	321	206	561
781	304	217	606
782	296	218	636
779	300	222	613
781	303	227	592
777	294	226	604
774	274	236	662
771	273	244	632
779	237	223	698
777	226	226	712
772	241	228	723
765	226	237	798
777	240	224	791
782	233	211	786
773	237	206	823
780	204	213	765
765	192	218	804
781	212	201	780
780	185	199	798
775	183	195	800
770	185	217	825
765	176	213	881
754	172	230	892
776	160	211	907
766	141	202	914
760	131	225	929
772	163	197	897
772	196	213	855
767	198	209	840
775	236	197	823
762	217	221	845
762	217	216	828
755	210	228	852
752	218	235	830
755	208	246	867
740	215	250	831
760	307	237	757
753	320	244	731
771	308	211	748
760	332	219	693
767	341	206	730
759	332	222	737
762	352	209	703
758	360	219	708
773	362	196	692
772	377	212	681
757	375	206	686
764	374	213	681
767	378	195	653
766	394	208	676
765	399	202	655
767	402	198	655
766	412	210	645
774	402	189	626
768	413	196	653
759	425	225	597
757	415	215	613
765	425	208	606
766	431	204	591
767	430	207	617
768	437	213	589
750	453	236	559
755	453	234	602
753	447	239	574
762	454	231	604
754	456	244	589
760	458	248	550
766	454	232	600
763	465	236	522
761	455	233	503
771	473	224	479
774	466	217	485
782	465	209	524
782	468	213	493
781	479	211	451
793	484	204	453
796	492	204	413
798	506	198	446
807	371	191	454
806	487	197	482
810	487	197	471
821	427	182	508
822	465	186	497
828	411	178	554
831	419	177	535
833	422	177	557
848	421	171	523
831	421	181	584
844	426	179	564
835	413	184	588
847	413	188	625
847	417	187	611
843	408	206	645
837	392	232	679
833	416	232	648
836	456	225	624
836	484	232	572
853	532	182	546
828	521	230	517
867	546	184	519
868	566	183	514
873	562	171	481
883	576	161	466
881	582	162	479
889	586	159	483
908	587	142	446
894	591	161	476
890	594	158	471
891	602	179	450
897	605	167	468
887	602	196	466
894	584	167	432
915	606	143	429
921	616	141	459
923	613	134	464
912	619	157	431
908	614	160	397
925	622	149	448
927	606	142	470
924	594	151	441
926	622	139	439
933	621	133	442
926	627	151	412
929	621	139	394
934	617	124	408
928	597	137	432
945	619	112	435
951	615	100	401
957	604	92	403
958	592	89	397
954	588	100	382
956	589	91	360
964	602	79	364
959	604	96	343
964	598	84	334
973	592	69	335
968	606	81	322
973	603	85	326
977	595	67	332
977	598	71	318
977	603	70	292
979	602	66	277
983	605	67	289
987	597	66	295
993	600	58	278
989	607	65	252
993	609	59	248
994	609	63	232
994	614	62	230
998	606	60	231
998	609	58	218
998	610	60	224
1003	612	59	209
996	637	70	217
1004	631	64	208
1003	637	80	204
1013	639	60	202
1014	638	56	208
1017	637	56	211
1020	656	58	200
1019	649	65	193
1028	660	61	176
1027	668	63	156
1026	665	58	166
1033	668	57	172
1031	666	57	177
1037	664	59	165
1036	666	58	156
1042	677	55	148
1045	682	56	157
1053	681	47	159
1052	682	54	152
1054	688	55	142
1053	686	51	135
1060	692	53	141
1057	688	68	148
1061	690	49	153
1056	687	61	135
1061	695	62	133
1052	692	66	116
1049	690	75	104
1052	697	74	109
1053	697	68	126
1043	695	80	121
1060	699	59	111
1072	666	56	126
1074	683	50	128
1079	673	50	124
1080	689	44	127
1077	688	55	135
1078	677	54	129
1075	669	54	117
1075	686	53	123
1072	663	65	124
1063	668	74	105
1065	668	68	98
1070	663	65	98
1083	661	68	92
1075	664	65	102
1085	664	56	91
1089	671	49	105
1090	662	52	110
1090	670	53	115
1091	661	61	110
1093	668	61	120
1100	667	50	114
1101	667	58	104
1104	676	52	101
1097	671	65	110
1098	675	59	106
1112	675	51	106
1116	674	51	111
1116	677	51	108
1120	678	51	114
1124	675	45	119
1121	677	53	126
1124	676	50	127
1122	681	52	139
1129	683	43	139
1131	683	45	136
1131	684	48	127
1131	688	45	140
1130	688	57	137
1128	684	53	133
1136	679	52	126
1132	696	49	134
1134	696	48	135
1134	689	58	136
1134	681	65	123
1137	696	49	129
1137	698	49	123
1135	698	48	126
1135	698	53	121
1140	700	42	114
1143	698	42	118
1137	701	47	114
1138	711	46	115
1142	705	41	117
1135	706	53	122
1137	719	50	116
1137	719	49	113
1133	723	56	104
1139	713	62	115
1134	709	61	121
1142	718	55	115
1140	723	52	106
1142	722	49	106
1143	717	51	114
1134	717	63	108
1135	714	63	111
1141	720	57	98
1140	721	57	95
1145	713	53	102
1147	733	53	113
1139	719	59	116
1142	718	53	128
1147	720	55	129
1146	721	55	139
1145	724	55	127
1143	717	58	132
1145	722	56	122
1144	737	58	129
1145	732	54	125
1148	736	53	132
1148	725	55	136
1150	740	56	142
1152	735	51	135
1155	736	50	139
1147	738	61	135
1147	735	60	135
1150	740	60	131
1148	749	60	129
1147	757	64	126
1146	753	65	137
1143	743	63	147
