1763	354	137	335
1757	361	126	313
1743	386	115	287
1725	370	130	293
1712	360	130	313
1708	357	119	312
1698	366	115	297
1692	374	109	289
1703	358	90	303
1695	362	96	296
1687	345	107	319
1691	341	102	326
1682	347	109	326
1687	341	106	326
1684	347	111	320
1688	346	106	324
1682	349	118	315
1694	341	112	326
1688	341	121	324
1694	331	120	328
1680	377	132	280
1681	392	137	268
1677	387	151	276
1680	356	152	304
1690	376	136	290
1685	348	144	324
1679	349	149	324
1688	340	135	331
1680	347	131	323
1683	338	132	325
1676	331	136	329
1666	353	138	309
1673	346	129	312
1668	346	126	312
1666	342	127	318
1661	352	129	299
1658	351	130	304
1657	352	129	298
1651	356	127	296
1663	341	111	309
1659	335	111	316
1662	334	110	310
1651	351	123	296
1654	344	115	295
1653	346	117	287
1646	331	126	316
1638	339	122	305
1642	332	118	306
1630	334	134	309
1622	325	140	313
1626	308	128	328
1616	316	126	322
1614	330	99	297
1607	335	95	284
1601	335	86	271
1594	335	83	280
1582	334	80	290
1569	328	97	274
1552	335	96	255
1546	332	86	256
1540	329	83	257
1528	330	79	244
1511	335	86	249
1499	333	89	260
1490	332	81	262
1475	339	86	254
1455	336	100	251
1444	342	95	246
1437	341	88	240
1421	335	94	255
1413	348	88	226
1403	343	85	233
1399	336	77	237
1380	336	85	242
1370	333	81	231
1359	326	82	242
1350	331	82	233
1340	327	79	225
1329	329	73	229
1320	325	75	235
1309	321	73	238
1288	323	86	237
1281	325	85	224
1273	321	80	234
1263	327	80	226
1253	317	84	233
1242	325	83	230
1231	320	86	235
1224	315	76	242
1214	318	81	234
1210	316	72	239
1196	320	84	227
1190	323	67	226
1181	322	72	223
1175	324	67	218
1157	323	86	217
1155	319	78	225
1148	314	72	225
1136	324	74	219
1125	319	82	225
1117	326	78	208
1112	323	74	217
1099	318	71	219
1091	317	71	219
1085	318	62	223
1073	324	76	216
1067	318	70	221
1061	321	69	222
1052	321	69	217
1043	319	71	219
1040	321	67	215
1039	323	63	214
1037	328	62	204
1031	327	69	206
1028	324	72	212
1027	318	67	212
1024	325	71	205
1021	322	74	206
1023	322	71	212
1021	315	74	218
1020	316	72	221
1018	317	76	216
1015	323	78	213
1016	317	75	219
1018	321	69	224
1021	319	67	220
1020	319	69	223
1022	324	66	216
1025	319	63	226
1023	324	66	218
1020	323	71	223
1022	313	70	228
1024	326	67	218
1024	323	70	216
1024	322	76	222
1022	313	77	224
1023	316	77	226
1023	324	73	223
1025	324	74	221
1028	333	71	217
1028	330	67	219
1025	327	73	221
1025	325	66	225
1029	330	68	223
1025	329	74	224
1021	328	85	224
1022	328	81	226
1024	330	78	218
1023	332	82	214
1025	332	77	215
1024	322	80	224
1023	322	78	222
1026	320	74	228
1023	319	76	228
1016	323	89	232
1018	323	90	235
1019	327	82	242
1028	325	73	244
1026	319	69	243
1027	328	72	244
1020	336	78	235
1020	329	82	249
1020	335	86	236
1026	341	79	237
1017	341	90	232
1023	338	81	234
1023	329	79	240
1021	335	90	234
1024	327	84	244
1023	323	83	246
1024	319	84	252
1023	323	85	247
1014	334	97	227
1021	325	89	237
1015	321	92	238
1013	324	97	239
1014	306	93	252
1006	314	95	237
1004	322	104	231
1006	306	94	242
1008	306	92	229
1004	312	94	218
1002	311	85	212
1005	303	85	228
1007	303	79	227
1008	307	81	218
1003	303	84	222
1007	308	78	221
1003	307	78	219
1005	302	74	229
1001	309	78	217
1005	309	73	222
1008	316	69	218
1013	300	71	229
1006	306	74	224
1006	317	70	212
1000	313	80	214
1003	313	76	207
1000	314	78	209
1006	319	70	200
1014	309	63	211
1011	309	66	206
1013	309	62	204
1009	308	70	210
1010	304	68	213
1008	307	69	212
1004	306	77	212
1004	309	76	209
994	305	85	213
1007	305	70	217
1008	306	70	218
1009	308	65	218
1009	308	63	211
1010	302	64	216
1004	308	72	210
1001	316	76	199
993	315	86	201
991	311	85	203
998	308	81	206
999	310	81	201
995	308	81	195
998	306	75	204
1001	310	74	203
1003	303	71	212
994	303	77	207
994	306	75	217
995	308	73	214
997	304	73	220
995	311	74	208
995	317	74	195
997	316	73	207
993	314	75	199
986	323	79	193
1003	321	65	192
1001	314	67	196
1002	311	68	204
1001	308	70	212
1001	306	71	204
998	312	77	200
997	312	75	209
1001	310	69	214
996	312	74	210
994	312	76	215
999	317	72	206
997	314	74	209
999	321	71	205
995	316	80	207
991	317	79	207
992	319	77	198
994	320	79	204
995	322	76	194
994	318	75	199
993	305	75	219
996	312	75	215
994	312	72	208
998	314	66	203
994	316	69	207
1000	322	62	211
986	320	75	208
991	319	70	207
992	318	70	210
991	322	71	206
994	320	69	205
991	320	69	216
993	315	70	221
997	318	60	214
995	327	71	202
994	325	68	204
991	330	67	202
995	330	66	202
993	332	68	201
995	334	67	197
994	329	73	208
992	320	73	212
991	319	69	220
989	329	77	230
991	323	71	242
992	322	68	226
987	322	73	225
989	333	69	222
987	333	73	204
988	331	71	213
989	329	70	212
989	328	69	208
985	325	76	194
982	337	76	184
984	333	76	184
982	328	79	180
981	330	76	192
981	328	73	195
978	318	75	204
979	315	72	208
986	308	63	216
982	311	61	207
981	314	65	210
978	312	69	213
974	314	71	202
976	308	64	211
975	309	66	200
974	302	67	213
971	303	68	211
973	296	68	212
970	296	68	212
971	299	66	211
965	293	70	213
955	291	77	213
960	296	71	206
961	293	67	211
962	291	63	223
957	301	65	208
955	302	61	210
952	309	62	200
947	313	68	205
944	307	64	206
940	318	66	197
937	318	63	189
940	329	60	177
932	326	59	179
934	325	56	179
929	327	58	174
919	326	64	167
921	329	60	172
920	328	59	181
920	329	56	184
914	324	57	177
915	325	57	188
912	326	56	182
912	326	55	189
905	329	59	185
911	328	53	182
908	330	56	179
903	326	56	184
904	331	57	172
903	330	60	174
905	325	55	182
902	323	58	179
898	319	63	176
898	322	62	177
896	318	64	166
900	320	60	170
902	316	55	174
897	312	61	179
903	320	57	188
894	320	62	178
898	316	60	191
898	314	59	191
898	321	59	187
893	319	65	180
897	320	60	179
898	315	60	181
898	318	59	184
899	317	59	190
891	315	66	168
894	316	61	166
896	316	64	172
895	316	65	175
899	313	59	175
896	311	64	181
902	311	57	176
900	311	58	172
897	319	64	166
906	312	57	186
911	310	44	178
908	319	57	171
913	317	56	172
911	318	59	180
918	318	57	181
919	320	58	171
922	312	59	182
921	317	62	181
926	314	62	186
930	315	57	165
931	317	61	145
933	317	62	136
938	329	61	129
939	326	67	131
941	323	66	136
949	320	54	142
948	323	64	135
957	330	58	141
954	336	71	158
960	331	67	154
971	337	55	166
971	333	64	169
974	331	64	180
975	339	63	178
975	339	66	169
985	338	55	177
988	336	57	175
990	338	59	178
988	335	58	188
989	338	60	179
988	336	62	170
988	337	63	190
993	326	56	197
990	328	62	189
993	332	59	187
994	331	59	188
998	330	56	183
996	331	60	173
999	330	55	179
994	326	62	184
990	330	64	181
998	322	55	198
996	319	59	184
994	319	61	179
998	319	58	192
996	314	59	192
995	318	59	177
993	318	65	183
995	321	61	182
998	322	54	178
995	322	59	173
999	320	56	182
997	317	55	183
999	317	54	189
996	322	58	174
999	318	57	180
996	322	61	167
997	321	59	165
1003	324	54	169
1001	324	58	161
1001	322	57	171
1008	316	52	181
1009	317	50	171
1009	319	54	164
1006	316	59	174
1012	306	55	189
1007	318	63	178
1014	316	60	174
1018	316	57	173
1021	318	58	173
1016	310	70	179
1021	321	64	178
1028	320	62	160
1039	325	55	149
1041	319	57	158
1047	308	51	154
1051	314	51	144
1047	315	59	156
1054	317	58	150
1056	322	60	151
1065	312	55	147
1073	317	51	152
1076	314	51	148
1075	317	55	151
1081	313	57	154
1085	314	55	161
1086	310	57	165
1094	304	51	177
1098	302	51	184
1096	308	58	171
1101	300	59	176
1111	298	50	179
1114	301	55	177
1120	296	50	162
1120	296	50	162
1124	306	49	158
1124	306	49	158
1128	302	57	161
1131	294	59	157
1138	296	54	161
1136	305	58	161
1143	303	54	165
1147	291	55	171
1149	303	56	165
1155	294	51	167
1148	298	61	165
1160	290	55	171
1166	275	53	184
1165	266	54	198
1168	257	53	203
1166	261	67	195
1169	260	68	200
1170	262	70	200
1168	261	73	204
1178	241	60	228
1176	244	68	224
1181	248	65	223
1174	237	75	232
1171	238	81	228
1176	245	78	232
1171	234	83	234
1175	235	81	238
1175	235	84	235
1179	260	80	212
1178	256	84	213
1180	251	79	217
1181	239	76	227
1184	235	74	236
1186	239	75	241
1187	236	74	255
1186	237	78	243
1186	234	74	245
1192	257	65	224
1188	241	72	232
1190	239	75	238
1185	239	80	240
1182	234	84	243
1184	244	81	226
1187	234	79	239
1192	231	71	248
1192	229	62	246
1184	228	79	240
1192	229	67	248
1197	239	60	233
1198	236	63	240
1189	225	73	252
1195	234	64	246
1191	236	74	244
1184	236	86	236
1186	222	80	256
1192	226	72	254
1181	233	82	244
1185	228	73	249
1189	232	66	249
1194	240	60	241
1190	238	62	244
1186	239	69	236
1183	233	75	244
1187	234	68	243
1187	243	69	233
1183	239	73	237
1173	225	89	251
1177	232	84	251
1177	234	72	250
1179	241	81	244
1173	232	90	254
1174	254	91	234
1175	238	83	253
1175	240	82	257
1170	235	80	274
1177	231	72	279
1171	231	82	278
1175	234	79	279
1178	225	68	292
1167	227	95	281
1169	221	93	295
1169	223	87	292
1172	212	90	314
1170	219	95	304
1167	224	96	294
1167	234	100	290
1167	228	97	298
1166	232	93	297
1169	227	96	301
1160	226	100	309
1164	239	88	294
1162	241	95	290
1165	239	90	292
1157	243	105	291
1157	224	99	307
1158	228	92	310
1159	213	102	324
1161	213	107	323
1149	236	119	290
1145	240	130	308
1153	234	109	313
1153	240	116	302
1151	236	108	312
1148	239	126	316
1148	240	115	313
1156	228	103	334
1145	240	95	320
1150	243	90	322
1149	236	111	323
1143	237	103	321
1148	225	105	330
1151	233	106	327
1150	220	112	339
1150	228	95	323
1151	235	92	308
1155	227	97	323
1144	232	97	318
1147	223	105	328
1141	217	126	335
1140	235	127	322
1142	230	127	322
1139	221	128	330
1137	224	130	325
1130	240	129	306
1134	226	130	323
1130	232	130	317
1136	225	116	331
1134	232	127	324
1135	224	135	305
1128	243	128	307
1131	254	125	303
1132	233	130	320
1129	239	132	311
1135	243	124	309
1130	253	130	302
1129	236	140	316
1127	236	142	297
1130	232	140	312
1128	236	145	301
1128	237	141	285
1126	242	133	297
1129	239	132	304
1127	240	132	300
1122	246	135	297
1131	230	126	317
1133	238	127	305
1122	241	135	302
1128	236	132	302
1129	241	133	300
1134	243	129	281
1132	248	137	267
1129	246	140	253
1134	238	131	294
1133	242	132	272
1136	240	126	286
1133	240	131	268
1131	239	140	283
1137	235	131	296
1134	235	134	292
1137	234	131	274
1127	236	139	284
1130	240	131	288
1133	242	130	286
1138	242	127	276
1136	237	126	287
1127	237	136	286
1133	228	134	292
1141	237	128	286
1134	236	133	284
1132	244	134	283
1132	244	132	284
1134	242	131	288
1133	237	134	291
1138	231	135	303
1136	228	137	303
1133	227	141	307
1143	231	128	306
1141	231	132	302
1146	232	127	303
1150	240	123	290
1143	237	123	295
1143	238	127	295
1140	238	130	291
1141	239	130	287
1145	235	129	291
1145	235	130	293
1143	240	135	292
1147	231	125	298
1137	237	134	288
1136	240	135	293
1137	235	133	303
1144	230	129	301
1138	239	134	293
1137	236	139	301
1138	239	140	295
1136	235	134	297
1137	240	134	298
1143	235	135	305
1152	234	123	308
1133	238	136	301
1130	239	146	294
1136	242	137	305
1132	235	141	309
1145	233	132	319
1136	244	146	298
1137	244	153	301
1137	244	136	318
1140	253	135	311
1145	236	137	335
1145	231	131	323
1138	228	139	342
1142	232	143	353
1137	237	129	314
1137	241	133	316
1136	247	136	326
1136	230	135	336
1132	240	140	299
1132	238	139	310
1135	236	137	331
1133	243	140	309
1139	234	134	318
1133	238	136	292
1127	236	147	303
1129	235	149	308
1131	233	142	319
1124	234	147	322
1126	236	157	311
1124	230	151	308
1122	245	151	311
1120	243	150	317
1127	230	142	313
1118	229	148	320
1121	230	141	325
1124	237	150	315
1113	241	145	313
1122	243	141	314
1108	245	151	323
1121	242	145	322
1112	244	154	327
1109	240	160	339
1107	248	165	320
1108	246	165	334
1101	232	190	348
1110	225	155	358
1111	233	156	354
1096	262	170	327
1085	288	177	300
1098	274	163	312
1096	256	179	349
1109	239	158	378
1104	241	171	385
1086	241	206	363
1073	234	238	372
1070	252	222	358
1064	256	252	350
1074	237	259	385
1091	236	178	381
1072	264	218	342
1081	229	184	376
1087	244	178	380
1102	239	164	376
1069	245	208	367
1091	238	176	380
1088	232	173	372
1102	219	147	388
1100	224	166	378
1097	221	161	384
1098	226	143	367
1100	231	143	366
1100	236	142	358
1102	229	149	370
1099	234	148	358
1092	241	158	353
1094	232	140	359
1100	246	141	334
1108	228	133	354
1094	235	148	359
1100	236	137	350
1101	227	147	355
1107	228	130	338
1104	236	139	347
1091	238	156	369
1082	241	163	367
1102	229	133	383
1102	222	133	366
1090	234	151	364
1109	226	126	321
1118	229	109	267
1115	248	117	257
1108	237	119	247
1102	253	140	263
1099	237	134	222
1101	281	140	184
893	392	101	160
900	393	82	164
900	393	70	158
902	394	55	154
903	392	50	162
901	389	49	161
899	390	50	162
896	389	48	166
896	387	41	165
896	385	39	168
890	388	45	162
886	387	45	169
882	389	50	159
881	390	50	160
877	391	56	166
870	396	62	154
871	393	62	159
868	400	63	154
866	389	62	157
855	399	74	153
869	390	56	164
866	391	51	158
872	391	44	163
873	391	41	159
876	387	36	163
876	387	37	160
873	387	42	161
869	387	44	166
867	388	50	164
864	392	53	162
869	389	50	162
864	389	56	166
871	389	49	168
865	392	54	164
868	393	57	167
867	401	60	163
864	397	60	159
867	400	56	162
868	399	52	163
870	398	46	164
870	400	43	161
866	393	44	168
865	399	44	157
861	398	44	163
856	397	52	160
854	398	48	158
849	392	53	167
842	395	61	165
840	401	62	162
831	401	66	157
824	403	74	156
823	403	67	159
821	397	67	156
823	396	59	158
818	396	57	161
817	395	53	159
816	393	51	159
815	394	46	159
814	394	43	157
813	397	42	150
809	396	42	152
805	396	45	156
799	396	49	159
797	397	48	157
793	400	51	156
791	394	55	162
779	404	67	149
776	399	70	155
775	396	62	155
771	398	58	152
766	401	57	151
763	397	55	152
762	396	46	155
761	395	46	157
759	393	43	157
753	395	47	156
750	392	44	159
747	392	46	161
745	390	43	160
730	393	57	166
731	391	55	160
723	392	59	165
722	390	59	167
716	393	64	166
711	394	68	158
705	396	67	159
711	399	56	156
704	395	57	160
700	395	62	162
705	398	44	153
700	390	42	159
696	389	47	162
690	382	46	167
692	373	44	174
690	375	41	174
685	375	43	175
681	371	46	182
672	366	55	186
668	371	60	182
661	366	67	184
662	372	62	180
660	365	64	182
650	391	72	161
651	380	60	173
654	366	52	183
653	381	50	169
651	369	46	182
645	371	51	180
644	387	42	165
638	395	43	159
630	398	45	148
620	396	55	153
620	394	50	156
614	393	50	155
609	395	58	155
605	394	56	163
600	394	60	161
599	392	57	164
599	393	55	165
599	388	53	162
601	391	49	160
601	399	48	161
604	392	45	165
608	391	40	164
607	390	40	168
611	394	38	165
612	391	40	160
611	398	42	156
612	398	48	159
610	402	50	155
612	404	47	155
610	399	55	161
612	405	58	155
613	400	61	157
616	405	60	149
622	399	55	162
622	397	63	160
629	399	76	161
630	391	59	166
636	400	62	161
641	392	57	170
650	395	43	168
654	403	37	155
656	402	38	156
656	400	43	157
656	408	46	148
660	405	43	148
660	402	49	153
658	399	53	161
661	397	55	165
665	396	56	164
667	400	51	162
670	399	58	162
674	398	57	160
679	397	61	168
687	394	44	166
692	398	44	168
698	399	42	162
703	403	38	158
703	402	42	162
704	401	44	158
693	398	58	163
707	401	44	164
708	397	47	169
709	398	50	171
711	400	53	168
709	402	60	167
712	400	58	166
715	405	60	171
718	397	71	175
723	400	56	172
726	401	50	169
730	402	56	171
732	402	54	170
742	406	47	168
746	400	48	170
747	399	43	176
751	400	41	174
753	401	42	174
756	398	40	177
759	397	43	185
764	396	43	181
764	395	54	176
769	399	47	181
772	403	50	185
776	403	52	186
782	404	52	190
786	408	50	178
791	408	52	180
793	409	51	173
796	406	54	174
802	405	58	175
800	408	70	172
808	408	72	168
809	405	76	171
818	400	75	169
828	404	75	163
827	404	85	164
834	397	84	175
839	399	93	168
845	394	96	176
860	394	84	173
871	389	79	175
882	398	76	161
890	389	77	168
899	390	72	167
912	395	62	162
919	392	59	165
929	390	57	163
939	387	53	171
944	386	58	169
953	389	59	168
962	387	59	165
973	382	52	175
983	382	44	170
987	387	45	170
990	389	51	163
993	387	52	160
993	386	61	166
998	383	52	166
998	387	58	167
992	386	64	164
993	388	68	165
992	391	66	161
994	387	59	164
993	387	63	161
989	383	75	165
987	384	69	166
987	389	63	156
989	388	55	157
985	381	54	164
986	381	49	164
985	385	53	160
981	385	52	155
981	381	58	162
980	388	51	165
977	387	53	158
976	385	56	160
975	384	59	164
972	388	59	157
975	387	55	160
972	391	56	151
972	384	56	159
974	387	52	156
973	384	57	155
976	386	55	156
977	389	54	148
977	385	50	154
975	385	56	160
976	384	53	163
975	384	49	164
975	385	49	163
972	380	51	164
973	381	49	170
974	383	46	165
973	385	49	159
967	386	55	158
968	382	53	163
968	383	58	167
967	388	54	155
967	389	52	159
970	389	52	162
966	386	61	162
966	385	58	167
966	388	57	162
963	385	58	168
960	388	59	165
955	386	64	167
954	392	61	160
954	387	59	174
948	386	68	167
947	389	63	162
945	389	61	164
942	387	66	168
941	390	74	169
940	390	83	169
943	391	67	174
939	394	67	162
939	393	67	167
937	400	66	157
940	402	57	159
939	397	63	166
935	405	83	155
932	401	70	166
927	400	80	169
927	409	80	164
929	407	75	158
930	400	68	171
933	404	66	167
925	398	72	177
926	407	72	175
922	414	65	162
921	406	58	171
921	406	61	174
915	414	59	159
914	406	63	171
906	417	66	157
910	409	62	172
909	411	65	176
905	416	80	163
906	409	75	175
899	409	79	182
899	410	75	179
895	413	82	179
895	410	81	183
889	412	91	182
893	418	79	176
894	412	92	181
895	412	79	189
895	412	79	189
895	413	76	186
895	414	79	186
892	420	65	183
896	414	51	188
891	417	66	182
893	437	61	169
892	431	59	179
885	432	74	178
882	450	82	166
879	468	75	149
875	458	76	158
873	452	65	164
868	450	81	173
864	448	101	175
860	454	117	171
856	466	103	165
863	455	78	177
860	438	77	192
857	442	79	196
859	441	73	191
855	461	79	174
856	462	79	175
846	475	89	157
843	476	79	160
848	482	82	146
840	490	102	137
840	488	99	146
842	491	96	148
847	492	93	144
852	494	88	147
834	483	103	154
830	497	115	148
842	511	110	135
833	508	106	157
834	515	111	145
821	513	109	125
840	518	117	136
837	518	106	156
832	503	99	167
832	503	99	159
839	524	106	139
835	516	111	154
845	516	104	162
840	514	101	167
845	504	85	180
849	515	83	164
852	514	103	154
848	516	113	170
839	521	110	164
829	478	116	197
836	479	115	216
830	476	117	226
835	470	95	238
848	452	71	263
838	459	88	267
838	477	111	250
836	461	104	261
837	463	106	265
841	471	103	253
831	472	116	248
830	470	109	243
851	491	90	248
846	484	88	255
845	479	76	262
843	476	75	259
841	504	99	247
853	514	95	233
859	526	103	228
859	536	108	218
844	562	125	196
852	569	126	194
843	555	131	214
845	585	129	185
864	581	115	174
853	546	114	174
857	546	114	188
871	548	135	198
869	530	144	210
864	612	125	214
872	612	122	202
877	626	108	210
892	634	89	208
887	623	98	186
891	638	123	195
902	636	104	218
891	631	125	222
899	614	109	247
896	628	130	243
887	647	154	222
888	643	149	223
885	642	135	233
894	653	122	231
901	639	126	236
903	653	114	216
918	646	134	228
933	627	121	236
925	627	136	247
927	607	131	279
929	598	128	279
913	631	152	259
935	616	131	259
943	614	123	271
937	564	125	296
955	554	118	326
943	536	128	348
956	534	114	361
960	535	122	365
960	532	130	365
960	544	130	354
957	537	142	353
960	537	141	361
962	546	148	349
970	552	139	337
966	548	142	349
980	559	133	329
972	548	136	347
970	548	138	358
976	544	133	361
977	548	131	351
995	554	118	354
1002	552	117	357
1006	552	110	352
1012	549	104	348
985	548	135	354
998	557	121	347
1011	541	85	347
1011	552	86	350
1008	556	94	349
1006	548	108	341
1009	546	123	342
1014	546	116	348
1000	552	147	346
994	556	135	334
1011	560	127	324
1000	548	148	332
996	552	152	340
999	555	145	331
987	556	163	332
1010	549	140	335
1021	554	113	332
1008	554	150	335
1016	548	123	336
1019	543	98	338
1027	573	97	319
1022	556	106	336
1012	546	127	347
1010	560	145	326
1007	570	150	318
1004	553	158	329
1000	553	161	342
1008	551	150	340
1000	549	164	338
981	540	171	346
992	545	157	337
987	561	165	324
970	541	197	345
977	542	192	337
980	552	182	321
990	565	189	317
990	530	175	339
986	541	183	334
994	555	165	311
995	542	174	318
991	547	178	316
990	554	176	305
987	550	199	303
947	551	188	309
964	554	199	308
973	546	189	317
982	560	178	298
961	540	203	314
934	546	209	302
909	541	254	310
922	536	253	326
920	534	240	302
922	528	238	326
935	520	243	312
938	525	226	319
942	527	233	310
943	523	235	316
954	523	210	322
962	525	171	330
959	538	173	307
963	559	226	299
974	573	211	291
976	595	224	267
975	595	202	269
981	607	193	256
984	540	210	325
984	544	212	318
990	548	228	313
999	534	153	325
1022	544	106	315
1043	535	91	321
1047	545	91	328
1062	534	67	334
1059	538	74	335
1062	536	72	333
1080	552	96	326
1071	537	92	330
1075	544	87	331
1082	539	85	333
1083	550	97	318
1087	552	99	299
1128	598	120	291
1136	617	138	281
1091	558	127	310
1119	545	99	309
1115	542	118	329
1119	555	130	328
1122	557	131	331
1141	537	112	347
1149	547	112	339
1149	549	125	341
1156	536	121	355
1168	543	121	348
1170	540	129	349
1175	532	136	377
1184	539	130	377
1182	529	134	381
1185	513	124	377
1191	514	148	404
1189	506	161	401
1200	507	164	392
1209	498	152	399
1215	481	155	403
1223	469	141	401
1235	466	137	405
1236	459	133	416
1250	460	123	386
1268	434	100	409
1274	442	108	394
1275	431	99	409
1273	425	106	402
