803	650	30	89
804	649	27	93
804	651	29	89
804	651	30	90
807	651	27	94
808	654	28	102
809	654	28	100
810	654	28	112
810	654	28	111
811	653	26	110
811	651	28	111
812	653	27	111
812	654	28	115
812	654	28	109
813	653	28	116
813	653	28	114
812	654	29	117
813	654	27	117
814	655	28	118
814	655	28	124
814	656	29	123
813	657	30	125
815	655	28	125
815	658	27	124
815	659	29	124
814	662	30	120
815	662	30	119
816	662	28	117
816	663	30	115
816	663	29	120
817	664	30	123
817	664	30	118
818	663	30	117
817	665	31	116
818	666	30	121
817	666	29	113
817	666	30	112
817	670	31	107
817	671	32	104
816	672	32	102
817	671	32	101
818	671	31	96
816	671	34	103
818	671	31	109
818	667	32	114
818	667	32	115
818	664	31	125
818	661	31	122
817	660	34	120
818	657	32	131
819	654	32	128
817	651	33	123
818	649	32	122
819	647	32	125
820	645	31	130
821	645	33	127
819	644	36	129
820	645	36	121
822	645	34	118
824	643	32	123
824	648	35	125
825	646	34	122
826	650	36	117
829	650	35	115
830	652	36	123
832	651	35	133
836	651	34	142
838	650	34	146
840	652	34	151
842	653	34	153
846	650	34	145
846	656	36	131
850	656	33	140
853	655	33	144
856	658	34	136
861	656	35	137
862	657	37	127
867	669	36	126
868	668	38	120
873	670	38	113
875	673	40	112
879	675	41	113
884	676	36	122
883	676	40	129
889	674	37	129
890	675	38	138
892	676	36	134
894	675	37	128
899	678	36	129
900	678	36	126
901	672	37	130
902	677	39	126
903	672	39	132
904	672	39	133
908	669	38	139
909	672	39	131
911	666	37	132
914	660	34	133
911	667	41	141
911	661	41	151
912	659	40	148
914	659	40	150
916	652	40	146
916	657	40	137
915	657	39	141
918	652	37	145
921	645	35	148
919	646	38	141
922	642	36	142
922	639	36	143
922	639	39	140
925	636	37	141
926	631	37	146
930	635	35	146
929	636	38	142
933	637	36	139
933	637	37	138
934	636	38	133
936	638	38	130
940	635	37	138
944	636	33	137
944	633	36	141
947	625	34	148
950	627	34	145
951	625	36	145
955	624	35	152
960	632	34	141
962	633	36	137
965	630	35	144
967	632	37	140
971	630	36	144
977	632	34	148
980	634	37	139
984	637	38	137
989	635	36	139
993	639	39	139
998	639	36	125
1004	639	35	132
1009	637	34	133
1014	632	32	143
1018	635	33	140
1023	634	36	133
1028	631	36	136
1028	631	36	136
1042	629	30	133
1044	637	33	128
1049	642	34	119
1049	642	34	119
1055	636	35	125
1060	631	33	123
1062	630	32	129
1067	632	32	123
1066	633	34	121
1068	631	34	123
1068	630	36	116
1072	635	32	124
1073	631	30	133
1074	629	31	134
1072	629	30	135
1057	624	42	135
1054	632	38	129
1047	635	26	117
1025	631	33	123
1002	637	31	113
1002	637	31	113
939	626	31	116
905	627	35	124
868	629	31	122
814	627	44	119
779	629	45	118
746	636	45	124
705	626	54	107
705	626	54	107
668	638	44	111
653	641	44	120
642	634	38	125
636	641	35	126
630	639	35	122
628	642	30	123
620	639	37	126
610	636	44	107
615	642	39	109
612	636	41	113
616	633	34	116
616	643	34	115
610	633	41	116
613	636	39	105
613	639	38	94
617	638	34	102
616	636	35	102
619	631	33	109
619	629	35	114
617	632	38	107
620	630	39	114
621	626	37	115
621	627	38	104
622	624	36	105
624	625	35	100
626	631	35	101
627	629	35	101
627	628	37	96
628	623	33	101
630	623	31	103
631	621	29	106
628	617	36	106
628	616	34	108
629	617	32	103
628	614	32	98
628	612	32	98
629	611	31	98
629	610	31	103
629	604	30	110
629	602	32	118
629	600	30	113
627	588	34	119
628	591	32	109
627	590	30	104
627	590	28	94
625	587	30	90
625	584	32	95
627	580	30	92
627	568	29	96
626	564	30	101
625	559	30	100
625	554	30	105
626	550	29	105
626	546	28	101
624	542	29	105
625	535	27	105
624	534	28	100
625	529	27	104
622	525	30	107
622	520	30	110
622	515	29	108
621	511	28	105
620	507	28	105
620	500	26	105
620	496	27	104
618	494	28	107
616	491	30	99
616	488	29	100
614	482	30	104
613	480	30	107
613	478	30	103
613	481	28	93
615	479	27	98
611	476	30	99
612	475	28	105
610	473	30	104
609	473	30	106
610	471	29	110
608	473	30	103
607	473	29	105
607	471	29	103
606	470	30	105
605	469	29	105
607	466	28	104
604	466	28	107
604	466	28	106
605	469	26	96
603	465	28	101
602	464	30	102
605	463	29	103
610	463	30	104
623	460	28	100
641	459	28	99
660	459	32	107
690	457	29	108
719	454	28	105
755	452	29	106
792	450	28	106
823	450	25	98
852	452	28	103
877	449	26	104
895	450	28	97
913	447	27	98
922	447	27	104
930	446	27	103
935	446	31	105
940	446	29	105
944	444	28	112
946	445	29	111
946	446	27	106
948	448	28	100
948	445	29	105
946	446	30	109
947	444	28	108
947	447	29	106
949	445	28	111
948	446	29	110
949	446	28	108
948	447	29	108
950	447	29	102
951	446	27	102
951	446	29	104
953	449	29	102
954	446	30	106
956	447	30	99
958	446	28	105
959	445	30	109
961	443	29	113
963	446	30	101
966	447	28	107
969	445	29	101
970	447	29	107
972	446	29	110
976	446	29	111
979	447	28	113
981	449	32	111
985	450	31	110
989	451	30	112
993	446	28	113
998	447	28	117
1000	451	28	114
1005	449	28	115
1005	452	32	111
1010	452	28	115
1011	452	30	113
1014	453	29	111
1015	453	31	109
1020	450	27	116
1021	452	29	108
1023	450	30	111
1025	452	30	109
1026	452	32	107
1029	447	29	117
1031	450	30	113
1033	453	29	109
1033	447	30	105
1034	446	30	105
1036	446	30	106
1037	446	29	101
1038	446	31	103
1039	444	29	105
1039	438	29	109
1042	436	28	109
1041	443	30	103
1042	436	29	107
1042	434	29	106
1043	432	30	105
1043	434	29	102
1044	440	27	89
1045	429	29	93
1044	427	30	96
1045	424	28	100
1046	419	28	99
1045	420	30	93
1045	418	29	91
1046	414	30	95
1046	411	29	92
1047	407	27	91
1049	400	26	95
1047	400	28	91
1046	400	27	92
1048	399	25	88
1048	398	25	89
1049	398	25	87
1047	399	27	82
1045	397	27	81
1048	397	25	82
1048	394	26	84
1046	392	28	81
1046	390	29	88
1045	383	28	92
1048	381	25	98
1047	381	27	99
1049	385	26	95
1048	381	26	93
1050	385	24	94
1050	384	25	91
1051	386	23	91
1051	385	25	95
1051	384	25	92
1052	386	26	87
1053	382	26	91
1055	388	26	87
1054	388	28	87
1057	387	23	80
1057	388	26	83
1058	388	26	84
1060	385	26	86
1061	387	26	88
1064	387	28	83
1064	381	27	93
1067	379	28	93
1069	382	26	91
1071	383	26	89
1074	386	26	87
1074	382	27	89
1077	382	25	94
1080	383	25	94
1083	382	23	95
1086	382	23	95
1088	381	24	93
1090	381	25	93
1093	390	24	86
1096	389	20	89
1098	386	23	87
1098	386	23	87
1107	388	21	85
1107	388	21	85
1114	374	22	90
1117	380	22	92
1120	377	20	91
1123	380	22	90
1123	380	22	90
1127	379	26	88
1131	381	23	91
1132	373	24	87
1135	382	25	93
1135	382	25	93
1135	382	25	93
1137	387	25	90
1137	391	27	86
1135	395	29	75
1136	397	25	77
1136	401	23	74
1135	403	25	72
1134	409	26	69
1133	410	27	75
1133	405	31	78
1133	414	30	74
1133	419	27	73
1133	420	28	77
1132	423	25	73
1132	419	24	76
1132	421	25	78
1131	421	25	75
1131	419	24	79
1129	420	25	82
1129	419	25	80
1128	429	24	74
1128	429	25	76
1127	423	26	80
1127	422	25	82
1127	425	26	81
1127	427	24	75
1127	430	24	71
1126	429	25	71
1126	427	26	74
1127	430	24	74
1127	428	25	70
1127	419	26	78
1127	421	23	77
1127	419	22	80
1128	419	22	77
1127	420	24	77
1127	421	25	74
1127	418	25	76
1128	418	24	80
1127	415	24	82
1127	418	24	82
1127	418	22	81
1127	416	23	81
1126	414	24	82
1126	416	24	76
1126	415	22	74
1125	414	22	70
1126	413	22	70
1125	410	23	71
1127	410	21	69
1125	404	22	72
1126	402	21	71
1124	398	22	68
1123	392	23	71
1122	390	24	73
1123	388	24	70
1123	387	22	70
1121	381	22	68
1122	379	21	78
1120	377	24	82
1118	376	26	84
1119	374	26	82
1118	373	26	80
1118	377	24	80
1121	379	21	75
1119	378	24	72
1120	381	23	67
1120	371	22	73
1122	371	21	74
1120	369	23	75
1119	368	26	77
1118	367	27	75
1119	371	25	79
1120	370	24	76
1120	371	24	77
1119	368	26	79
1119	369	27	77
1119	367	26	84
1117	369	28	86
1117	369	29	84
1118	368	27	81
1120	370	25	79
1120	370	25	82
1118	370	28	82
1120	372	26	80
1120	372	26	88
1120	372	27	89
1118	371	29	85
1118	372	28	86
1117	370	30	94
1118	375	29	89
1118	373	30	83
1117	370	30	88
1119	372	28	91
1119	372	27	89
1117	368	29	96
1118	371	28	93
1119	371	29	94
1119	371	26	80
1121	369	24	83
1119	371	26	85
1120	372	27	81
1121	372	26	82
1121	375	26	77
1122	375	26	74
1121	376	28	71
1123	375	26	76
1122	376	27	77
1122	374	28	72
1123	376	29	72
1124	378	28	74
1124	376	29	76
1126	375	28	79
1127	376	27	76
1127	376	28	77
1126	377	28	80
1127	376	29	80
1128	376	28	81
1128	380	29	79
1128	378	29	83
1129	379	29	80
1131	380	26	82
1131	378	27	85
1132	378	26	87
1130	382	29	88
1133	383	26	87
1131	385	30	87
1132	390	28	83
1132	388	29	88
1133	392	28	85
1131	389	30	88
1134	394	24	84
1133	392	26	88
1133	391	26	89
1133	391	25	85
1133	391	23	81
1132	390	30	82
1132	391	30	81
1132	388	32	86
1133	387	31	79
1134	386	29	83
1135	389	29	77
1134	385	28	74
1134	386	27	78
1134	385	26	76
1135	384	31	77
1134	382	33	76
1136	382	30	81
1135	382	30	74
1137	381	29	76
1137	380	31	77
1137	379	32	80
1138	378	29	81
1138	379	30	81
1138	378	29	77
1138	379	29	79
1139	378	30	78
1139	378	31	78
1140	378	31	80
1138	377	32	78
1139	375	32	83
1142	372	28	87
1141	372	29	86
1140	376	30	86
1139	378	32	83
1140	381	30	87
1140	380	29	89
1140	382	31	84
1140	383	28	80
1140	384	28	82
1140	381	28	88
1139	383	30	84
1140	384	31	82
1140	386	30	79
1141	385	28	82
1142	382	28	86
1142	380	29	84
1143	381	28	86
1142	380	28	91
1142	380	29	87
1143	382	28	86
1145	387	26	81
1144	385	27	83
1145	384	26	85
1146	386	26	84
1146	386	25	81
1145	386	27	77
1145	385	27	81
1143	386	28	81
1144	384	26	84
1144	381	25	87
1144	383	27	84
1143	382	28	82
1145	385	25	79
1143	388	25	80
1144	388	24	75
1141	384	27	81
1139	380	29	83
1135	374	27	90
1132	375	26	89
1128	383	26	86
1126	383	24	85
1121	385	24	83
1118	383	25	83
1118	379	22	85
1115	374	23	91
1112	378	25	89
1113	380	24	85
1111	377	23	89
1108	377	25	91
1107	377	27	88
1111	373	23	91
1111	373	22	93
1107	378	21	89
1104	379	28	89
1104	380	28	86
1103	379	28	87
1102	380	28	90
1101	381	28	83
1100	377	29	82
1101	380	24	88
1099	380	26	86
1097	379	26	86
1096	378	27	87
1093	384	28	82
1091	381	27	84
1089	377	28	88
1086	372	26	94
1085	382	26	93
1082	382	24	89
1079	381	25	94
1077	380	24	96
1076	385	22	96
1071	386	26	93
1071	392	25	89
1069	392	26	90
1069	394	27	91
1069	398	27	96
1070	397	27	98
1074	400	22	99
1076	402	25	106
1085	404	23	105
1098	409	22	111
1107	411	21	104
1124	411	27	103
1182	315	28	98
1182	315	28	98
1238	331	28	100
1238	331	28	100
1176	382	39	100
1284	443	32	102
1284	443	32	102
1284	443	32	102
1284	443	32	102
1284	443	32	102
1284	443	32	102
1284	443	32	102
1284	443	32	102
1284	443	32	102
1284	443	32	102
1284	443	32	102
1284	443	32	102
1284	443	32	102
1284	443	32	102
1284	443	32	102
1284	443	32	102
1284	443	32	102
1284	443	32	102
1374	367	46	100
1374	367	46	100
1436	248	39	106
1570	378	37	108
1586	483	33	113
1585	481	34	110
1582	481	37	103
1582	483	37	106
1582	482	36	97
1582	484	36	99
1583	486	31	101
1581	487	35	105
1581	484	35	109
1584	481	31	110
1583	483	34	108
1586	480	29	115
1586	474	31	121
1589	479	27	111
1588	484	32	106
1590	482	32	110
1593	480	29	102
1594	478	31	106
1593	489	34	105
1597	486	30	107
1602	484	29	107
1601	482	30	111
1603	482	30	111
1606	479	29	116
1608	476	32	117
1608	472	31	127
1613	474	27	123
1612	474	29	116
1616	472	25	116
1612	473	34	113
1617	477	27	113
1620	485	26	114
1620	479	29	117
1622	476	28	121
1623	484	27	118
1624	477	30	126
1626	479	29	126
1628	481	30	121
1630	485	28	122
1631	482	29	125
1633	482	29	125
1634	485	28	132
1636	480	30	134
1639	484	29	141
1642	482	25	133
1643	484	26	125
1644	487	25	116
1643	489	34	120
1647	487	28	127
1648	488	29	119
1650	489	30	119
1650	490	33	119
1653	488	30	121
1653	486	35	124
1654	489	36	128
1656	490	34	133
1654	488	31	128
1645	490	34	119
1626	490	39	125
1598	488	38	124
1574	485	31	122
1535	483	34	125
1493	481	31	122
1450	481	34	114
1415	479	29	117
1383	479	32	125
1352	474	29	122
1328	472	32	117
1307	473	36	108
1292	472	37	100
1280	473	34	110
1273	472	34	107
1266	473	39	102
1266	474	35	98
1265	472	32	97
1268	474	29	92
1268	475	30	97
1263	475	35	98
1264	478	35	99
1256	479	44	98
1257	478	43	103
1258	482	44	107
1260	484	42	104
1262	484	41	109
1262	484	39	109
1262	483	47	119
1268	486	38	109
1276	485	32	109
1271	486	36	115
1276	487	36	108
1272	488	40	114
1271	485	42	120
1270	485	44	119
1271	489	41	113
1271	485	43	114
1270	487	45	113
1276	485	45	115
1277	489	45	107
1276	487	48	111
1275	485	48	109
1276	485	48	115
1281	485	43	116
1281	481	44	114
1295	484	35	115
1299	482	30	113
1300	481	28	113
1303	480	25	108
1280	484	34	113
1305	481	26	119
1288	478	32	121
1299	480	35	117
1304	481	28	111
1307	481	25	117
1306	482	27	110
1300	480	33	115
1306	479	28	114
1308	478	29	110
1310	475	27	107
1309	478	29	99
1310	476	27	93
1311	478	29	87
1311	477	27	83
1313	476	27	86
1313	477	29	90
1315	476	26	90
1317	473	23	83
1318	475	25	84
1317	477	27	81
1317	478	27	78
1318	485	27	76
1319	488	27	72
1318	496	24	73
1323	477	24	78
1322	485	27	82
1325	477	24	88
1325	477	24	94
1326	476	24	93
1327	473	24	94
1329	473	24	93
1331	474	25	97
1330	476	28	100
1333	473	24	100
1333	476	26	99
1335	474	24	102
1335	475	24	102
1337	474	24	98
1337	474	24	98
1338	476	25	96
1338	476	25	91
1339	479	26	89
1338	481	26	87
1339	482	26	86
1341	481	24	84
1341	482	25	83
1340	483	26	84
1341	482	27	90
1341	480	24	93
1341	480	26	94
1342	478	26	93
1342	478	27	92
1341	480	28	85
1342	481	29	86
1343	478	26	86
1343	483	27	92
1344	484	27	87
1344	483	26	89
1345	484	26	84
1345	484	26	81
1343	493	26	86
1344	488	27	89
1343	498	26	85
1343	492	27	88
1343	486	28	87
1342	501	29	78
1343	493	29	82
1343	498	28	86
1342	492	28	85
1342	488	29	87
1340	494	31	86
1341	491	28	89
1340	495	28	83
1338	500	29	89
1338	497	30	87
1339	495	28	86
1339	495	28	87
1338	502	29	84
1338	503	28	89
1339	501	27	89
1339	501	27	89
1339	501	27	89
1339	501	27	89
1339	501	27	89
1337	508	29	94
1336	505	31	99
1337	506	29	102
1337	498	27	104
1335	500	29	100
1335	499	29	99
1331	494	33	98
1332	500	31	87
1331	500	30	86
1332	495	30	94
1330	493	31	99
1333	491	29	100
1333	494	30	94
1334	493	28	92
1332	509	29	84
1331	490	29	86
1330	509	30	76
1332	509	28	68
1331	507	31	66
1332	491	29	78
1333	507	28	81
1330	501	35	71
1333	499	29	62
1331	502	32	59
1329	502	34	59
1331	498	31	63
1331	494	32	67
1333	485	30	73
1331	485	32	78
1331	494	32	82
1331	487	31	85
1335	481	27	90
1337	477	26	90
1334	484	31	84
1336	481	28	84
1335	483	28	86
1335	482	30	82
1338	480	27	85
1335	482	30	84
1338	482	26	88
1337	478	29	91
1337	483	29	88
1340	479	27	94
1337	480	31	96
1341	479	26	89
1341	480	29	93
1339	480	30	90
1341	481	29	91
1341	481	30	91
1343	480	29	92
1343	481	29	92
1345	482	29	94
1345	481	30	95
1346	483	31	90
1346	482	31	92
1350	482	29	87
1352	484	27	86
1355	483	25	84
1356	484	26	87
1356	484	26	87
1357	484	26	90
1358	481	27	94
1360	482	27	90
1360	481	27	95
1359	482	30	91
1361	481	30	92
1362	482	28	95
1360	483	32	88
1364	481	28	94
1363	484	30	95
1365	484	30	94
1366	483	30	93
1367	484	30	94
1369	484	29	93
1369	484	30	90
1371	484	29	84
1372	484	27	89
1373	483	29	86
1371	482	32	88
1373	482	33	84
1374	481	34	85
1377	482	29	89
1378	481	31	89
1380	481	32	94
1382	481	33	98
1384	480	31	97
1385	480	32	96
1386	482	29	93
1387	482	29	85
1387	482	29	81
1389	484	29	80
1390	485	27	85
1390	486	28	84
1391	486	29	94
1394	484	25	96
1393	483	27	101
1395	485	26	96
1395	486	27	98
1394	486	28	99
1396	483	26	105
1394	480	28	108
1395	478	27	112
1395	476	26	115
1392	476	29	105
1395	484	27	96
1393	491	27	97
1395	488	26	94
1394	491	26	94
1391	492	28	89
1391	495	26	87
1391	495	27	89
1392	496	25	88
1389	498	25	91
1386	504	30	86
1387	496	26	89
1385	497	26	92
1383	498	27	92
1381	497	27	92
1381	498	26	93
1379	499	27	99
1377	497	28	105
1376	498	27	104
1374	498	26	103
1372	498	25	105
1370	501	25	100
1368	502	26	98
1365	503	26	98
1364	503	27	99
1360	505	28	99
1357	506	28	98
1356	506	29	102
1355	506	28	102
1352	506	28	105
1351	505	27	99
1348	509	28	101
1346	505	29	102
1345	503	27	106
1343	504	26	107
1340	505	26	106
1337	508	27	106
1335	512	26	105
1333	512	27	104
1332	513	26	100
1327	514	24	103
1324	513	28	106
1323	513	25	105
1322	512	24	100
1320	511	24	103
1319	512	24	95
1315	512	28	97
1315	510	23	99
1314	509	23	96
1313	507	22	102
1311	505	22	100
1310	502	23	105
1308	501	25	108
1308	501	25	109
1306	497	26	107
1305	497	27	113
1304	497	27	107
1303	495	27	103
1304	495	27	105
1303	495	27	99
1302	493	29	101
1300	493	29	105
1301	493	28	97
1300	493	28	97
1299	493	29	100
1300	493	28	101
1298	491	29	105
1299	491	29	103
1298	492	27	100
1298	489	27	101
1297	490	27	101
1298	488	26	100
1297	487	26	104
1296	488	26	99
1296	487	25	102
1294	486	27	105
1291	489	29	100
1292	488	28	101
1292	487	26	99
1291	487	27	99
1291	485	24	101
1289	487	25	100
1288	486	26	103
1288	487	26	99
1287	487	24	102
1286	487	25	102
1284	488	24	98
1284	487	24	101
1284	483	24	101
1281	484	26	101
1280	488	26	98
1281	486	25	99
1281	485	25	100
1279	486	25	100
1279	486	26	100
1279	486	25	97
1278	487	26	95
1278	487	25	101
1277	487	26	94
1277	487	27	94
1276	487	26	99
1275	487	26	97
1276	486	25	102
1276	487	25	101
1276	487	25	98
1275	487	25	102
1275	489	26	99
1274	493	26	95
1275	495	26	96
1274	495	24	97
1272	499	27	93
1272	503	26	94
1271	506	27	93
1271	509	26	94
1271	512	25	95
1269	516	25	98
1269	517	25	96
1269	521	25	96
1268	521	24	98
1267	527	25	95
1267	525	23	98
1267	526	21	99
1266	526	22	100
1265	529	22	96
1265	530	21	90
1263	530	21	93
1263	531	21	91
1261	532	23	92
1260	529	23	95
1260	533	21	91
1259	538	23	88
1259	537	21	86
1258	530	23	87
1256	546	24	77
1256	541	25	82
1258	534	23	83
1256	550	23	74
1256	550	23	74
1256	550	23	74
1256	550	23	74
1256	550	23	74
1256	550	23	74
1256	550	23	74
1256	550	23	74
1256	550	23	74
1256	550	23	74
1254	555	22	65
1252	553	22	66
1252	553	22	66
1252	553	22	66
1251	549	25	70
1251	549	25	70
1251	549	25	70
1251	549	25	70
1251	549	25	70
1251	549	25	70
1251	549	25	70
1251	549	25	70
1251	549	25	70
