786	376	92	233
788	382	93	218
789	385	94	218
789	383	95	221
790	381	97	224
789	377	92	233
790	381	94	240
792	382	98	235
793	383	91	227
792	378	94	224
792	380	93	231
798	382	91	218
792	376	91	225
796	378	89	240
797	371	89	243
795	369	92	235
797	371	93	238
798	354	88	246
799	357	88	235
798	359	89	231
801	357	88	231
801	354	86	242
802	359	86	230
805	350	82	240
802	357	85	235
803	357	87	237
805	366	84	230
805	361	84	233
805	354	87	241
807	346	84	251
808	353	85	240
809	362	91	232
815	358	83	234
818	352	81	244
819	347	83	248
821	359	84	237
820	366	87	224
824	369	86	219
828	365	83	226
830	358	80	231
835	374	77	218
836	379	80	205
834	370	83	216
838	371	80	217
846	366	75	221
843	366	78	220
846	372	81	220
848	368	82	211
853	365	75	215
855	363	74	221
856	359	79	221
859	353	78	235
862	355	80	233
863	342	84	255
868	331	77	273
871	333	82	270
877	346	80	256
875	362	87	247
880	368	83	232
887	370	76	232
888	370	80	229
894	363	77	234
901	356	72	237
900	358	74	239
904	359	75	232
907	365	78	226
910	349	72	242
913	346	74	244
916	360	76	229
918	356	71	231
922	349	69	238
925	354	69	232
924	368	72	216
930	365	66	221
931	367	66	218
931	366	70	217
936	367	67	216
936	364	66	216
937	366	66	215
936	359	70	222
937	359	70	220
937	358	71	222
939	352	71	226
941	355	68	222
939	364	72	217
942	372	73	206
945	372	70	204
946	368	65	208
947	378	68	198
947	379	70	193
950	372	63	201
953	369	62	204
951	373	64	197
953	367	60	200
952	370	62	199
952	367	63	201
954	372	61	195
950	366	65	199
950	369	63	195
948	357	68	206
948	357	63	204
948	356	60	207
946	367	63	193
944	370	61	191
942	374	62	185
941	369	59	188
941	367	62	189
938	371	60	186
935	365	60	190
933	371	62	183
929	371	59	187
927	371	59	182
924	368	59	181
920	374	58	177
917	365	62	183
912	366	59	180
910	360	62	185
906	366	62	178
904	365	63	177
900	369	64	176
898	363	60	182
896	369	58	177
894	369	59	177
891	373	57	174
888	373	59	174
885	369	57	177
883	370	55	175
880	363	57	183
878	363	59	181
876	364	59	176
872	362	61	180
869	361	59	180
868	358	59	182
866	363	60	178
864	368	58	174
861	363	59	177
858	367	59	177
857	365	58	181
857	370	57	175
853	366	57	181
852	374	61	171
851	375	61	172
851	369	55	179
849	370	56	179
848	371	57	175
846	368	58	179
846	366	56	180
845	363	58	183
844	366	59	178
845	368	56	177
844	375	58	171
841	372	60	173
845	376	60	173
845	369	59	183
845	367	60	186
846	376	62	176
845	376	63	178
847	373	61	182
847	378	63	180
849	378	62	178
850	373	59	181
852	379	60	176
855	373	57	180
856	373	55	176
857	371	57	178
858	373	55	179
859	372	56	178
859	374	58	174
861	377	56	175
861	375	58	177
863	375	56	177
865	376	58	179
865	376	56	181
867	376	56	182
868	379	57	181
869	376	57	183
871	374	56	186
872	374	55	186
870	374	61	187
874	370	58	189
877	366	57	193
876	366	57	195
878	364	61	194
877	368	66	188
879	373	64	185
882	370	65	187
883	371	67	193
884	376	67	186
889	372	63	193
891	375	65	189
893	374	63	193
897	372	61	195
898	374	62	191
902	370	58	198
903	371	60	191
906	368	58	193
908	372	59	189
910	371	60	188
911	372	61	188
914	369	58	192
918	369	55	191
921	374	53	186
924	373	52	192
923	376	56	191
926	376	56	195
927	373	53	199
931	373	52	199
931	379	55	190
934	374	54	195
935	377	58	192
938	376	58	191
942	372	56	194
942	368	62	193
944	367	65	197
945	370	68	195
946	367	69	198
947	371	73	194
949	373	73	193
954	376	70	193
953	380	78	191
958	379	79	184
964	371	70	205
963	366	76	213
965	368	76	211
970	367	71	214
972	362	73	220
973	364	73	216
976	364	67	213
977	360	69	219
982	363	64	216
985	365	58	211
981	368	67	210
985	367	61	215
985	367	58	219
983	366	65	222
985	365	64	226
984	365	62	227
988	369	56	224
983	368	62	225
982	367	61	225
979	372	63	219
977	369	65	220
969	364	74	226
966	369	79	223
956	374	80	215
955	368	92	221
951	368	86	222
951	359	53	237
949	362	77	236
946	360	63	241
943	391	55	216
966	385	62	216
954	377	62	229
951	401	57	215
945	413	57	200
963	393	85	184
934	422	71	193
934	422	71	193
934	422	71	193
934	422	71	193
934	422	71	193
934	422	71	193
934	422	71	193
934	422	71	193
934	422	71	193
934	422	71	193
934	422	71	193
934	422	71	193
934	422	71	193
934	422	71	193
934	422	71	193
934	422	71	193
934	422	71	193
934	422	71	193
934	422	71	193
934	422	71	193
934	422	71	193
934	422	71	193
934	422	71	193
934	422	71	193
934	422	71	193
934	422	71	193
934	422	71	193
934	422	71	193
934	422	71	193
934	422	71	193
934	422	71	193
934	422	71	193
934	422	71	193
934	422	71	193
934	422	71	193
934	422	71	193
934	422	71	193
934	422	71	193
934	422	71	193
934	422	71	193
934	422	71	193
934	422	71	193
934	422	71	193
934	422	71	193
934	422	71	193
934	422	71	193
934	422	71	193
934	422	71	193
934	422	71	193
934	422	71	193
934	422	71	193
934	422	71	193
934	422	71	193
934	422	71	193
934	422	71	193
934	422	71	193
934	422	71	193
934	422	71	193
934	422	71	193
934	422	71	193
934	422	71	193
934	422	71	193
934	422	71	193
934	422	71	193
934	422	71	193
934	422	71	193
934	422	71	193
934	422	71	193
934	422	71	193
934	422	71	193
934	422	71	193
934	422	71	193
934	422	71	193
934	422	71	193
934	422	71	193
934	422	71	193
934	422	71	193
934	422	71	193
934	422	71	193
934	422	71	193
934	422	71	193
934	422	71	193
934	422	71	193
934	422	71	193
934	422	71	193
934	422	71	193
934	422	71	193
934	422	71	193
934	422	71	193
934	422	71	193
934	422	71	193
934	422	71	193
934	422	71	193
934	422	71	193
934	422	71	193
934	422	71	193
934	422	71	193
934	422	71	193
934	422	71	193
934	422	71	193
934	422	71	193
934	422	71	193
934	422	71	193
934	422	71	193
934	422	71	193
934	422	71	193
934	422	71	193
934	422	71	193
934	422	71	193
934	422	71	193
934	422	71	193
934	422	71	193
934	422	71	193
934	422	71	193
934	422	71	193
934	422	71	193
934	422	71	193
934	422	71	193
934	422	71	193
934	422	71	193
934	422	71	193
934	422	71	193
934	422	71	193
934	422	71	193
934	422	71	193
934	422	71	193
934	422	71	193
934	422	71	193
934	422	71	193
934	422	71	193
934	422	71	193
934	422	71	193
934	422	71	193
934	422	71	193
934	422	71	193
934	422	71	193
934	422	71	193
934	422	71	193
934	422	71	193
934	422	71	193
934	422	71	193
934	422	71	193
934	422	71	193
934	422	71	193
934	422	71	193
934	422	71	193
934	422	71	193
934	422	71	193
934	422	71	193
934	422	71	193
934	422	71	193
934	422	71	193
934	422	71	193
934	422	71	193
934	422	71	193
934	422	71	193
934	422	71	193
934	422	71	193
934	422	71	193
934	422	71	193
934	422	71	193
934	422	71	193
934	422	71	193
934	422	71	193
934	422	71	193
934	422	71	193
934	422	71	193
934	422	71	193
934	422	71	193
934	422	71	193
934	422	71	193
934	422	71	193
934	422	71	193
934	422	71	193
934	422	71	193
934	422	71	193
934	422	71	193
934	422	71	193
934	422	71	193
934	422	71	193
934	422	71	193
934	422	71	193
934	422	71	193
934	422	71	193
934	422	71	193
934	422	71	193
934	422	71	193
934	422	71	193
934	422	71	193
934	422	71	193
934	422	71	193
934	422	71	193
934	422	71	193
934	422	71	193
934	422	71	193
934	422	71	193
934	422	71	193
934	422	71	193
934	422	71	193
934	422	71	193
934	422	71	193
934	422	71	193
934	422	71	193
934	422	71	193
934	422	71	193
934	422	71	193
934	422	71	193
934	422	71	193
823	333	76	185
876	171	62	177
895	169	55	174
895	169	55	174
837	306	77	186
831	315	88	172
826	354	88	165
826	354	88	165
881	174	74	170
899	168	69	189
857	336	69	164
855	337	72	154
905	175	66	171
905	175	66	171
884	331	54	174
891	339	45	150
894	339	44	135
901	340	37	116
906	356	34	96
907	377	38	78
914	373	33	73
917	385	35	68
920	378	35	73
920	378	35	73
920	378	35	73
920	378	35	73
920	378	35	73
920	378	35	73
920	378	35	73
920	378	35	73
807	300	38	77
809	304	29	69
810	301	30	75
811	299	30	75
811	299	30	75
811	299	30	75
811	299	30	75
811	299	30	75
811	299	30	75
811	299	30	75
811	299	30	75
811	299	30	75
811	299	30	75
811	299	30	75
811	299	30	75
811	299	30	75
811	299	30	75
811	299	30	75
811	299	30	75
811	299	30	75
811	299	30	75
811	299	30	75
811	299	30	75
811	299	30	75
811	299	30	75
811	299	30	75
811	299	30	75
781	287	26	76
781	287	26	76
781	287	26	76
781	287	26	76
781	287	26	76
781	287	26	76
781	287	26	76
842	292	26	77
842	292	26	77
842	292	26	77
842	292	26	77
842	292	26	77
842	292	26	77
842	292	26	77
842	292	26	77
842	292	26	77
842	292	26	77
842	292	26	77
842	292	26	77
842	292	26	77
842	292	26	77
842	292	26	77
842	292	26	77
842	292	26	77
842	292	26	77
842	292	26	77
842	292	26	77
842	292	26	77
842	292	26	77
943	392	30	71
944	403	32	66
943	403	32	60
941	404	33	59
941	404	31	54
940	405	32	53
938	406	32	54
937	405	33	59
935	405	34	56
933	404	32	50
931	402	32	55
930	402	33	53
930	399	29	54
929	400	31	51
929	396	29	55
928	393	29	57
928	390	29	64
928	391	30	57
928	390	28	61
928	391	28	57
927	388	28	61
927	388	27	60
928	388	28	59
927	389	27	62
928	391	28	57
928	392	28	58
929	392	26	58
930	390	25	53
929	391	25	49
929	392	27	45
929	390	27	44
928	388	27	47
929	385	25	46
928	388	27	44
927	388	25	45
927	389	26	44
927	388	25	43
926	389	25	40
926	389	26	42
924	389	27	44
923	388	26	46
922	388	28	46
921	387	27	41
920	389	28	41
919	388	27	39
919	386	27	42
918	385	28	40
917	384	28	35
917	383	28	39
917	379	27	42
915	380	28	38
916	381	28	39
916	379	27	38
916	381	27	38
916	380	27	40
916	383	26	38
915	382	28	40
915	383	28	39
916	380	27	43
916	382	27	38
916	382	26	38
915	382	27	36
915	382	27	37
915	380	29	35
914	380	26	35
913	378	26	37
913	378	25	36
912	378	26	36
912	378	24	39
911	379	25	39
909	378	25	41
907	381	29	37
906	382	29	38
905	382	30	38
905	382	26	39
901	381	31	38
901	377	26	42
899	378	27	38
898	377	31	40
897	375	29	40
896	373	28	38
895	373	28	40
895	371	27	41
894	374	27	36
893	375	27	34
893	374	28	39
892	376	28	36
890	377	30	36
891	378	30	36
889	376	28	39
889	378	28	38
888	376	29	39
888	375	29	38
887	377	27	34
887	375	27	36
887	374	27	36
885	372	27	39
883	369	30	42
882	367	32	42
879	365	35	43
878	371	37	33
877	376	29	29
878	374	25	34
878	376	24	34
875	377	25	34
875	378	24	34
870	378	27	32
870	379	27	33
868	375	27	37
867	373	26	40
866	374	28	37
864	373	28	35
863	374	28	28
863	373	27	30
863	371	27	33
861	371	32	32
862	369	27	35
860	374	31	33
861	373	28	34
859	377	30	28
859	374	29	29
859	375	29	28
861	376	28	31
862	373	28	33
861	370	29	35
863	369	26	36
860	367	29	38
860	367	32	37
862	368	29	36
865	366	24	42
865	366	26	37
863	365	29	40
865	362	27	42
865	364	25	42
869	364	25	41
869	373	26	37
870	368	27	42
869	368	29	40
870	365	26	38
870	372	29	35
871	375	27	31
872	379	30	31
873	370	31	31
876	367	33	34
878	367	33	33
881	362	32	37
885	365	30	34
889	363	30	40
893	365	30	37
897	368	31	33
897	367	35	35
904	369	34	37
906	367	33	41
910	367	33	44
911	365	35	47
919	366	32	50
924	369	31	44
927	368	33	44
929	370	35	44
935	374	35	40
939	373	34	41
940	373	40	38
947	371	37	35
951	375	34	35
957	371	31	42
960	374	33	45
965	376	32	43
968	378	33	42
972	376	32	48
975	379	32	45
976	379	35	44
979	383	33	36
983	382	32	40
983	380	37	44
988	382	32	46
992	381	34	45
995	377	34	52
1000	388	34	51
1003	377	34	50
1005	383	36	47
1007	391	40	42
1009	387	43	46
1014	386	41	45
1017	390	38	44
1021	391	37	43
1023	390	38	43
1027	390	36	43
1027	393	37	39
1031	392	34	41
1033	392	34	36
1034	393	35	36
1035	390	35	33
1036	384	36	39
1036	388	35	38
1036	373	35	39
1035	381	37	34
1036	380	35	38
1035	375	36	39
1036	375	34	42
1034	374	39	44
1034	375	37	40
1033	379	39	39
1033	378	37	37
1032	377	30	35
1032	379	27	29
1029	380	32	28
1028	381	34	21
1028	375	31	25
1029	383	30	27
1026	368	31	30
1024	364	31	33
1031	378	26	30
1029	376	28	32
1027	367	29	36
1024	363	34	34
1025	366	28	35
1024	370	27	36
1024	380	29	37
1024	368	30	41
1023	377	27	41
1023	370	28	45
1019	369	33	40
1020	369	23	42
1020	370	21	45
1020	370	21	45
1015	368	24	43
1011	366	26	45
1008	366	24	44
1008	366	24	44
959	296	27	49
959	296	27	49
921	303	30	47
921	303	30	47
921	303	30	47
921	303	30	47
973	370	23	53
973	406	30	52
954	487	23	52
954	487	23	52
950	488	22	53
950	500	19	47
948	495	20	47
947	493	19	48
945	493	20	44
957	489	20	41
947	491	28	40
947	494	26	32
943	493	28	33
936	497	32	33
935	488	34	37
933	489	34	39
929	462	40	38
929	483	35	37
928	485	35	37
927	486	36	33
926	485	37	31
924	483	37	30
923	484	38	28
924	478	36	33
922	468	42	39
921	470	39	41
920	458	41	48
920	463	42	48
919	452	42	49
920	439	44	46
918	437	44	48
917	433	45	53
917	443	45	50
916	439	44	52
916	437	44	58
914	437	46	61
915	430	42	64
914	440	43	67
912	427	47	70
911	427	46	75
910	434	47	70
909	439	47	63
909	440	46	59
907	436	52	65
909	433	46	72
909	429	45	85
906	424	53	100
904	402	56	121
905	399	55	128
905	393	52	136
903	375	58	148
903	366	56	164
902	363	58	169
905	368	53	161
905	366	57	162
906	362	53	166
904	357	57	168
903	363	60	160
905	359	57	165
905	352	57	172
903	360	61	164
904	362	60	165
906	358	59	169
906	365	57	165
906	367	57	161
905	368	59	161
905	367	59	163
906	358	60	175
905	363	56	172
908	361	58	172
906	357	58	176
907	358	61	175
907	363	59	169
908	358	59	172
909	364	59	166
910	364	59	167
910	368	59	161
911	363	58	166
911	363	62	168
910	366	64	168
912	368	65	165
911	368	64	169
914	365	62	173
916	368	63	172
918	372	62	169
919	361	61	179
920	371	61	171
920	366	60	174
922	364	60	174
922	362	62	175
923	360	62	179
922	365	64	176
924	368	63	175
926	363	60	178
926	371	61	172
925	371	62	176
926	373	63	175
926	371	62	179
927	369	60	183
927	374	64	180
927	371	67	185
928	374	65	181
928	372	64	186
930	369	63	187
931	363	60	194
928	368	66	185
930	371	69	186
929	369	67	188
930	371	70	185
932	369	70	190
933	368	68	194
934	370	71	191
933	369	73	201
932	374	74	197
934	368	72	207
934	372	77	207
936	377	73	202
940	370	67	213
939	371	69	212
937	377	74	202
939	381	71	198
940	371	68	209
940	372	70	209
938	372	71	213
940	374	68	211
939	378	69	206
939	373	69	216
936	379	72	212
937	381	69	212
935	378	70	220
934	384	72	213
932	382	75	218
930	376	77	227
929	384	74	220
927	389	77	215
925	387	78	216
923	386	76	222
922	388	77	224
921	382	75	226
918	384	76	227
918	381	80	233
917	382	83	228
917	385	81	228
915	385	83	226
920	386	75	224
919	383	76	229
916	391	83	224
918	392	79	221
917	391	82	221
918	383	79	227
917	386	80	223
918	381	78	219
921	376	77	225
920	377	77	224
923	363	76	233
923	364	79	232
923	361	77	234
923	365	80	225
924	372	77	217
926	377	79	214
926	377	78	214
928	383	75	211
930	380	74	217
929	374	71	224
929	377	77	220
927	381	77	218
930	374	71	226
930	384	69	214
929	386	73	212
930	391	75	206
928	391	75	205
928	385	76	214
928	393	80	205
929	384	74	219
928	390	76	208
928	397	78	202
928	398	79	204
925	400	80	206
925	406	82	199
926	402	77	205
926	403	75	210
927	406	76	205
926	407	74	210
922	404	80	204
926	402	74	209
925	406	73	206
923	410	72	199
921	413	75	197
920	415	74	189
919	418	77	187
918	421	75	191
916	422	80	186
915	428	84	179
911	435	93	172
907	443	91	167
905	439	101	171
902	442	84	171
899	455	80	158
896	453	84	152
894	460	94	146
891	460	87	154
889	456	66	156
888	454	55	154
886	460	54	151
910	305	35	151
806	259	46	145
806	259	46	145
797	255	55	143
796	258	57	142
796	258	57	142
796	258	57	142
796	258	57	142
799	288	51	129
799	296	51	111
799	297	51	104
800	297	48	97
801	304	48	89
804	307	45	84
797	303	51	88
801	310	50	80
805	304	41	87
796	299	52	90
792	294	54	96
797	300	49	91
798	299	48	93
801	307	45	83
797	303	48	87
800	307	47	85
798	309	47	80
801	317	47	75
797	315	49	75
796	318	51	72
794	314	52	74
799	316	50	73
796	318	50	71
795	312	51	76
796	311	50	77
801	316	46	75
797	318	49	71
797	318	51	71
804	317	44	72
805	320	41	68
815	321	32	67
817	318	29	70
804	316	44	70
809	316	40	73
812	318	38	69
819	319	29	68
817	314	33	72
821	316	30	71
822	315	30	73
825	315	29	71
818	316	37	69
824	315	32	70
827	316	30	70
808	315	38	67
826	314	35	70
833	312	28	72
821	309	38	75
833	308	34	78
838	315	29	70
815	317	27	64
822	317	22	62
819	314	24	66
843	316	30	67
825	312	41	70
827	304	48	78
827	308	50	73
837	312	45	70
840	308	43	74
850	311	34	70
855	312	29	72
858	311	28	74
860	314	26	71
861	310	28	73
864	313	29	71
863	314	30	70
865	314	31	69
870	315	26	69
870	313	29	71
874	317	28	67
874	314	30	70
877	311	27	73
877	309	30	76
881	310	26	75
883	311	27	73
884	310	28	74
885	309	28	75
890	312	24	72
885	312	32	71
891	312	27	72
896	314	23	73
896	314	27	72
899	316	27	70
901	316	26	72
890	315	39	70
895	314	35	69
902	315	29	73
908	312	26	77
909	315	25	73
909	314	27	73
913	310	23	78
915	314	24	75
916	317	27	72
917	314	28	76
919	315	27	74
919	313	25	76
923	316	27	76
922	313	26	76
925	313	26	74
926	315	26	74
927	317	26	72
927	315	28	76
930	315	29	77
930	316	29	75
932	316	25	75
933	315	25	77
932	315	28	75
934	316	27	76
935	315	28	78
936	315	26	76
935	314	26	75
936	317	25	75
936	318	26	76
936	317	26	73
936	318	26	73
934	319	29	71
934	320	30	72
935	318	28	73
935	319	30	74
931	317	34	73
935	317	29	76
938	317	26	78
936	316	27	79
938	318	25	73
938	317	25	76
938	319	24	79
938	321	24	72
938	317	25	73
939	317	24	73
939	315	26	80
935	315	29	86
934	317	32	92
938	317	30	104
938	317	30	105
937	320	34	114
937	318	31	113
938	317	31	116
940	326	30	106
940	322	31	109
940	321	31	111
938	317	32	116
938	317	35	115
937	314	38	117
937	317	37	113
936	315	41	116
933	316	48	115
935	315	43	121
933	315	46	113
938	315	43	112
932	315	50	114
933	317	49	113
934	316	53	118
935	316	55	110
938	314	48	115
938	314	49	109
938	311	56	115
939	308	55	123
937	309	59	143
938	304	58	137
938	304	53	136
938	302	56	144
937	305	43	150
953	300	47	134
934	355	38	123
972	304	32	123
976	316	31	114
978	318	28	108
978	312	27	96
979	317	29	94
979	315	30	89
978	313	31	88
981	312	29	78
985	316	26	88
987	312	30	89
992	314	27	91
994	312	33	101
994	312	44	110
989	312	42	110
994	306	46	117
977	307	54	113
994	301	47	125
998	298	41	124
996	288	44	133
