1113	376	30	69
1111	377	30	70
1113	376	28	72
1112	377	27	72
1114	377	26	72
1113	376	26	72
1111	379	31	71
1113	378	25	70
1114	380	26	71
1112	378	28	72
1113	380	26	69
1113	378	26	72
1111	379	29	69
1112	379	27	69
1113	380	25	62
1113	382	26	60
1111	384	29	67
1111	383	30	76
1111	383	25	73
1111	383	26	69
1111	387	27	66
1109	384	29	69
1110	385	29	72
1109	383	29	79
1109	382	29	78
1109	383	29	73
1108	383	29	75
1109	384	30	78
1107	385	32	78
1107	387	31	77
1106	388	32	79
1107	388	34	87
1107	385	32	94
1108	386	33	103
1108	383	34	99
1108	384	33	89
1109	391	32	84
1109	395	32	81
1111	383	31	76
1111	386	29	83
1113	398	29	78
1111	396	31	89
1110	395	31	86
1112	396	30	79
1111	398	32	80
1112	398	29	74
1112	398	29	78
1113	399	27	71
1110	399	32	76
1108	398	33	80
1109	395	30	73
1108	395	30	72
1107	396	27	75
1106	395	29	74
1106	394	31	82
1105	393	31	86
1106	390	29	93
1105	390	32	80
1104	392	30	82
1104	388	33	83
1104	387	30	89
1104	384	33	94
1103	382	31	94
1103	383	33	96
1103	382	34	88
1101	385	33	85
1102	383	31	85
1101	379	31	78
1101	381	32	75
1100	378	31	74
1100	377	29	78
1100	375	30	79
1099	374	30	79
1098	374	31	84
1099	372	29	91
1097	371	29	94
1098	371	26	86
1096	372	28	88
1097	372	29	81
1095	372	25	80
1095	372	30	82
1093	370	30	89
1097	371	26	85
1095	370	28	86
1096	371	27	83
1095	371	29	83
1095	371	31	88
1095	368	26	92
1096	371	28	85
1095	370	30	90
1094	370	32	83
1097	365	26	93
1097	369	30	90
1097	370	31	97
1097	368	32	92
1100	370	29	87
1102	372	29	80
1104	371	28	79
1105	372	28	80
1107	372	30	76
1110	375	29	72
1112	375	26	74
1113	378	29	73
1114	378	26	76
1115	378	24	73
1116	377	27	77
1116	377	25	76
1117	377	23	72
1116	378	27	73
1115	378	26	75
1115	375	25	78
1116	376	25	82
1115	378	25	81
1116	377	25	84
1116	376	25	79
1116	378	26	79
1116	380	25	75
1115	380	27	81
1114	380	28	86
1115	380	27	85
1116	380	26	93
1115	381	29	83
1117	380	25	75
1117	380	27	79
1117	379	26	78
1119	381	24	74
1118	380	27	73
1118	382	27	74
1120	380	25	74
1120	380	25	69
1121	382	26	70
1121	381	25	72
1122	383	25	74
1124	382	25	74
1123	382	24	74
1125	383	24	72
1125	382	25	69
1126	383	27	71
1125	382	25	73
1126	382	27	80
1127	382	29	74
1128	382	26	74
1128	381	26	79
1129	382	28	76
1128	383	28	76
1131	382	25	72
1131	384	24	66
1131	383	27	70
1133	383	26	71
1133	383	26	72
1134	383	25	75
1134	384	27	70
1137	383	25	68
1137	382	26	68
1138	384	25	67
1139	382	26	71
1140	381	27	73
1141	383	25	72
1141	381	26	73
1141	381	28	76
1143	382	27	79
1147	380	23	71
1146	379	24	69
1146	383	25	71
1148	384	24	74
1150	381	25	72
1150	385	24	69
1151	384	27	68
1151	385	25	69
1154	384	25	72
1154	387	24	67
1154	389	27	65
1155	386	25	72
1157	386	24	67
1157	386	26	71
1159	382	24	71
1160	386	26	68
1159	386	26	67
1162	385	24	66
1162	382	24	71
1163	385	24	78
1162	385	24	79
1163	385	26	78
1164	390	26	83
1165	390	25	80
1165	384	28	74
1166	386	28	69
1167	387	26	70
1169	388	25	66
1170	387	25	76
1171	385	25	74
1174	384	23	73
1174	385	23	78
1175	387	25	75
1176	386	25	76
1176	381	26	80
1175	379	30	86
1176	385	27	81
1179	388	25	80
1179	380	28	85
1181	393	27	87
1181	387	28	83
1181	390	27	86
1184	390	25	88
1185	388	26	86
1186	386	28	85
1186	391	27	77
1189	393	26	72
1187	392	30	75
1191	392	27	78
1193	396	26	76
1193	383	27	76
1195	396	25	79
1195	395	24	83
1198	397	25	77
1197	400	24	75
1196	402	30	83
1197	400	29	81
1200	403	28	76
1200	403	27	73
1202	401	26	72
1202	403	26	71
1202	401	27	71
1203	403	27	72
1203	396	26	70
1202	400	29	71
1203	397	26	71
1203	396	26	68
1204	395	27	62
1205	395	26	73
1204	391	28	77
1203	390	30	81
1204	390	33	84
1205	391	28	79
1207	396	25	71
1207	394	27	72
1205	393	27	69
1209	391	24	72
1207	392	27	72
1209	391	26	71
1207	388	28	74
1209	390	26	73
1209	388	27	75
1209	386	27	74
1209	382	26	73
1209	383	27	74
1209	384	26	76
1211	386	25	74
1210	383	27	82
1209	383	29	76
1209	386	29	71
1212	382	23	68
1213	383	22	71
1214	381	24	79
1213	385	25	85
1214	377	26	81
1214	382	26	77
1213	384	28	69
1214	380	28	72
1214	384	27	71
1214	380	26	72
1214	381	29	71
1218	381	27	69
1219	379	27	69
1219	383	29	65
1220	387	27	61
1221	388	27	63
1222	387	26	62
1222	385	27	63
1223	382	27	68
1223	385	25	63
1226	382	23	58
1225	378	25	59
1225	391	26	54
1226	379	23	59
1225	379	25	64
1223	374	26	68
1223	382	25	68
1221	376	30	72
1221	376	30	73
1222	377	32	69
1220	379	29	72
1222	379	26	68
1222	376	25	71
1220	375	24	75
1220	376	22	73
1220	370	23	69
1219	379	24	64
1218	376	24	59
1219	381	24	60
1220	379	24	60
1216	381	26	56
1216	380	26	59
1216	375	25	64
1218	377	25	66
1217	377	25	70
1217	382	25	69
1216	371	28	65
1216	377	28	69
1216	372	28	66
1217	372	25	71
1216	378	26	68
1216	381	27	67
1217	383	26	66
1218	384	26	63
1217	377	30	67
1220	384	27	77
1220	378	26	72
1218	380	32	67
1219	385	31	67
1218	381	31	70
1218	380	31	75
1218	373	30	64
1222	376	25	57
1223	375	26	57
1220	385	29	52
1223	387	27	48
1223	389	24	47
1222	395	27	48
1224	387	26	51
1225	385	26	54
1227	385	24	55
1225	386	26	52
1227	384	28	53
1227	378	27	58
1227	384	30	59
1229	394	26	53
1229	390	29	56
1227	384	34	64
1230	377	40	65
1232	381	30	69
1231	384	39	71
1235	382	36	72
1239	383	28	70
1243	380	27	68
1245	386	28	65
1246	388	27	70
1246	384	32	70
1251	383	34	75
1257	370	28	71
1257	383	27	73
1257	388	32	63
1256	380	39	68
1259	392	31	68
1259	395	31	57
1259	395	31	57
1259	395	31	57
1271	389	28	61
1268	393	32	60
1274	396	28	56
1276	392	25	48
1276	394	26	51
1277	393	25	53
1277	392	26	43
1279	398	25	44
1282	394	31	44
1280	403	31	49
1280	399	29	49
1280	393	33	53
1280	391	35	60
1283	398	31	66
1282	393	35	74
1284	396	27	69
1287	380	28	73
1286	395	31	70
1287	387	29	65
1287	387	29	65
1288	398	28	67
1288	381	29	67
1287	379	32	72
1288	397	32	66
1292	384	28	63
1289	394	27	67
1291	394	26	63
1291	398	26	53
1280	410	33	48
1282	408	35	48
1280	411	33	38
1277	407	36	40
1270	410	34	38
1262	407	33	41
1262	407	33	41
1259	405	26	41
1256	411	27	42
1257	398	28	38
1289	421	26	41
1241	410	30	41
1240	407	31	44
1237	410	31	48
1234	409	34	44
1236	404	29	45
1235	397	34	50
1233	407	34	45
1233	403	28	43
1236	397	22	44
1236	396	22	49
1233	407	28	46
1230	409	34	44
1224	404	33	50
1186	457	39	51
1226	412	31	50
1224	409	30	55
1226	413	29	56
1225	413	24	55
1225	402	23	56
1228	407	17	56
1226	403	23	52
1226	403	23	52
1226	403	23	52
1216	405	31	51
1216	405	28	42
1218	403	26	46
1233	449	34	48
1222	413	25	47
1219	412	28	52
1219	412	28	52
1210	407	25	60
1210	407	25	60
1210	407	25	60
1229	438	23	64
1311	478	19	66
1311	475	20	67
1311	475	20	67
1368	447	26	63
1309	466	36	64
1311	464	32	52
1311	464	32	52
1311	464	32	52
1310	484	39	55
1310	484	39	55
1306	390	40	61
1201	400	36	64
1211	407	29	77
1211	407	29	77
1213	399	25	70
1211	407	25	76
1212	406	26	82
1207	425	28	70
1168	360	33	75
1166	375	35	69
1212	426	26	64
1216	415	32	69
1216	416	22	65
1217	406	21	61
1221	417	27	61
1186	396	31	65
1186	396	31	65
1226	407	30	58
1227	421	24	60
1228	419	23	57
1229	421	21	52
1229	419	20	49
1233	422	24	48
1223	366	23	45
1230	426	25	49
1230	426	25	49
1230	426	25	49
1230	426	25	49
1235	429	29	50
1260	463	23	48
1251	430	21	46
1236	373	15	44
1236	373	15	44
1284	328	19	41
1284	328	19	41
1327	299	17	38
1296	311	18	38
1296	311	18	38
1296	311	18	38
1296	311	18	38
1296	311	18	38
1296	311	18	38
1310	272	19	40
1357	302	22	36
1372	332	23	38
1372	332	23	38
1372	332	23	38
1372	332	23	38
1372	332	23	38
1372	332	23	38
1372	332	23	38
1372	332	23	38
1372	332	23	38
1308	317	19	35
1308	317	19	35
1308	317	19	35
1308	317	19	35
1308	317	19	35
1291	318	24	37
1291	318	24	37
1257	274	23	41
1257	274	23	41
1257	274	23	41
1257	274	23	41
1257	274	23	41
1259	247	23	45
1259	247	23	45
1259	247	23	45
1259	247	23	45
1259	247	23	45
1279	314	27	49
1279	314	27	49
1279	314	27	49
1279	314	27	49
1279	314	27	49
1267	394	29	46
1267	394	29	46
1267	394	29	46
1267	394	29	46
1267	394	29	46
1266	410	30	49
1269	410	29	52
1263	410	32	53
1261	405	29	48
1261	405	29	48
1262	404	32	47
1260	405	37	45
1264	404	34	50
1264	404	34	50
1263	393	28	48
1264	383	28	56
1261	390	30	53
1258	389	32	49
1258	389	38	47
1264	388	32	49
1256	387	34	46
1257	387	32	47
1175	366	29	48
1175	366	29	48
1255	389	32	41
1258	390	30	46
1259	377	29	51
1258	380	29	52
1260	385	27	59
1258	376	25	59
1258	377	26	62
1259	364	26	70
1260	354	23	73
1258	351	27	79
1249	350	34	77
1134	458	29	79
1131	507	39	75
1132	512	46	80
1129	499	50	88
1127	498	56	96
1131	498	52	108
1132	465	57	116
1132	447	56	135
1131	440	61	147
1137	433	49	161
1134	432	58	176
1136	432	56	165
1140	421	57	166
1138	425	56	160
1141	431	54	154
1143	426	55	164
1148	424	54	149
1148	423	57	140
1149	419	54	144
1151	423	59	150
1151	426	64	147
1153	425	59	133
1158	426	54	128
1161	420	52	123
1161	416	51	139
1162	419	54	133
1164	415	54	131
1163	408	58	141
1165	415	58	135
1165	416	56	127
1167	414	55	133
1168	413	51	126
1168	413	52	121
1168	413	53	118
1170	408	50	119
1170	410	50	123
1170	404	52	127
1170	406	52	124
1172	405	47	131
1172	393	49	124
1169	397	57	138
1169	388	51	132
1167	394	48	129
1166	395	48	120
1164	397	46	116
1164	385	48	115
1161	383	58	115
1161	391	48	109
1164	394	43	117
1164	394	44	126
1161	387	47	122
1161	389	48	124
1162	394	47	109
1165	387	42	105
1164	384	43	109
1164	394	43	111
1164	385	43	109
1165	385	44	109
1164	384	48	109
1164	391	46	103
1163	384	44	109
1166	385	44	110
1165	383	40	108
1166	383	41	115
1166	383	42	103
1165	385	40	101
1166	381	39	99
1160	376	49	100
1167	374	38	109
1165	375	40	102
1166	393	39	94
1166	379	38	99
1166	381	37	96
1166	378	39	100
1165	377	39	102
1167	366	36	107
1167	364	38	115
1168	367	38	109
1166	369	39	100
1167	376	38	97
1169	379	37	97
1165	377	44	96
1170	385	38	99
1167	376	39	98
1166	383	39	91
1165	380	39	86
1166	374	38	92
1165	381	38	91
1162	364	40	98
1161	368	40	96
1161	376	39	82
1162	382	36	76
1162	380	34	74
1159	380	43	68
1158	378	39	77
1153	356	42	88
1156	355	39	93
1152	367	38	86
1151	369	36	82
1145	368	44	75
1146	369	47	82
1149	346	38	90
1151	341	36	94
1146	361	39	78
1147	359	36	75
1147	350	41	78
1141	344	49	91
1146	338	42	99
