420	938	61	137
419	936	62	138
423	928	62	145
425	920	62	153
424	913	65	160
426	904	65	165
434	898	56	167
434	895	61	165
436	892	62	157
442	891	57	144
445	886	54	145
449	883	53	140
454	880	49	136
457	875	48	132
462	870	47	135
461	866	53	139
466	860	48	142
467	858	51	142
469	853	53	137
473	844	51	141
473	841	56	136
478	842	52	123
480	838	51	122
481	840	49	117
482	831	52	126
484	824	54	134
485	818	55	134
492	809	48	138
491	810	50	136
491	805	56	137
495	803	52	134
499	798	52	130
505	798	48	123
505	794	51	127
510	795	48	116
515	789	42	126
519	788	42	121
520	783	43	118
522	779	42	120
524	774	43	120
526	770	45	125
528	767	47	122
531	765	48	114
533	764	47	111
537	765	45	103
540	764	44	104
540	763	45	106
543	756	43	112
542	750	47	116
545	745	47	119
544	740	48	125
546	740	48	126
550	738	47	123
554	736	45	120
555	737	45	115
562	738	41	104
564	735	40	106
567	735	40	104
571	731	37	106
573	729	36	104
575	725	37	109
577	723	37	109
577	720	42	110
580	715	41	107
583	718	39	102
584	715	38	99
587	718	37	95
586	715	38	98
586	713	41	98
586	713	44	98
591	710	40	101
593	704	38	104
593	701	41	105
594	698	41	112
598	695	39	108
599	694	39	106
601	696	39	102
600	696	39	99
602	694	39	97
605	696	38	93
608	693	37	94
607	690	39	96
612	689	36	96
614	687	33	98
614	683	34	99
615	680	36	95
615	680	37	95
617	679	38	89
615	678	40	89
619	679	38	83
619	677	39	88
623	675	36	89
623	674	37	88
624	670	36	92
625	665	36	93
628	661	35	97
628	658	36	96
628	658	36	99
628	660	39	87
631	660	36	88
633	661	36	83
634	661	36	80
631	660	40	83
640	658	31	82
641	654	31	81
645	649	29	86
645	647	30	91
645	646	32	91
644	645	36	84
649	644	33	78
649	646	35	81
652	646	37	77
663	645	33	74
667	644	35	75
679	641	35	79
691	636	35	82
712	633	33	83
735	627	33	86
755	626	33	80
778	621	33	80
800	622	33	74
819	619	30	72
832	619	31	72
845	618	31	74
857	618	29	67
866	616	28	71
872	611	28	72
878	609	27	78
882	606	27	78
885	604	27	76
888	604	27	75
888	604	29	72
890	603	30	71
889	603	32	71
893	603	28	71
894	599	29	73
893	598	31	76
893	596	31	77
896	596	30	76
898	591	29	78
897	588	31	83
899	588	29	77
899	589	30	77
899	588	32	77
900	590	31	72
902	588	30	71
901	588	32	72
907	587	27	69
906	582	29	75
907	582	30	74
910	578	26	75
911	578	26	74
913	576	25	71
913	574	25	70
913	574	27	72
913	575	28	68
915	574	27	69
915	575	29	69
914	573	30	70
916	570	29	72
920	569	26	71
916	567	31	74
918	567	29	71
919	563	29	74
919	563	30	69
918	562	31	71
919	561	30	72
923	563	28	70
924	563	27	69
925	561	29	67
927	560	27	65
930	558	24	65
932	556	22	68
932	555	24	67
932	553	24	64
932	554	27	64
932	553	28	63
930	555	31	64
934	553	28	64
936	552	27	64
936	555	27	62
938	549	26	66
940	549	25	68
940	545	26	68
941	546	26	68
942	545	26	69
942	544	28	67
943	544	28	65
945	543	26	66
946	544	27	62
947	543	26	61
949	543	25	61
950	541	24	65
951	538	26	63
952	538	25	62
954	536	24	64
954	535	25	63
954	534	25	58
956	536	24	58
958	536	24	63
958	535	25	62
958	537	24	58
958	537	25	58
959	537	25	59
960	537	25	60
960	533	25	64
961	530	27	64
962	531	25	62
962	531	26	62
963	527	24	62
962	529	25	59
964	529	24	60
963	530	26	61
965	531	24	57
966	528	24	57
967	527	23	58
968	527	23	61
969	526	22	58
970	525	21	58
969	524	22	60
971	523	21	59
970	523	24	56
971	524	22	58
971	525	24	59
973	524	23	58
973	525	22	60
972	524	25	59
972	520	26	59
973	522	25	61
975	519	24	64
975	519	24	60
975	518	25	62
976	519	24	63
976	521	25	60
976	522	25	56
977	522	24	57
979	522	22	56
979	521	22	58
980	519	23	59
982	520	20	58
981	518	23	58
981	519	23	56
982	519	22	56
982	520	23	56
982	519	23	54
982	520	22	56
982	520	23	56
982	518	23	57
984	519	22	58
985	518	23	59
986	517	22	58
984	516	24	61
984	516	24	61
984	515	23	60
985	513	22	60
985	514	23	59
986	517	22	58
986	517	22	56
988	518	21	56
988	515	20	56
989	517	20	57
989	515	20	55
989	515	21	57
988	514	21	57
988	513	22	57
988	513	22	54
987	516	24	54
988	516	24	54
987	516	26	54
990	514	22	57
990	516	22	54
989	513	23	57
989	512	23	57
989	508	23	60
990	507	24	59
990	508	23	58
991	508	22	57
991	509	23	53
990	509	25	55
993	509	22	49
992	509	23	49
992	509	23	49
992	510	23	54
994	509	22	54
995	508	21	55
995	505	22	57
995	505	23	54
996	506	22	56
996	505	24	57
994	508	26	55
996	506	26	58
997	508	25	54
997	508	26	55
997	507	28	58
1000	507	24	57
1000	506	24	58
999	504	25	60
1000	505	24	58
1000	502	25	60
1001	504	25	57
1002	503	23	59
1002	502	24	59
1003	505	24	57
1001	505	26	58
1002	505	26	57
1006	505	22	61
1007	507	23	57
1008	505	22	56
1008	510	22	55
1009	511	23	54
1009	509	23	53
1009	511	26	54
1005	512	31	56
1005	515	31	52
1005	513	32	52
997	515	39	50
1004	510	33	52
1007	505	28	57
1008	506	27	54
1010	504	24	55
1013	501	22	58
1014	503	22	56
1012	504	24	50
1012	502	25	54
1013	498	26	58
1012	501	26	53
1015	498	22	54
1016	502	22	54
1014	498	23	60
1011	496	25	55
1014	497	22	48
1014	496	21	50
1012	495	25	56
1013	496	24	52
1013	496	25	50
1013	497	25	48
1013	497	25	48
1017	497	20	49
1017	494	22	50
1016	494	21	53
1017	491	21	54
1017	491	21	54
1017	491	21	54
1017	487	23	54
1015	486	25	55
1015	487	27	53
1015	488	26	52
1017	491	23	52
1017	491	22	47
1017	492	26	47
1015	486	30	53
1018	485	22	52
1018	482	24	55
1017	483	24	52
1018	483	25	54
1020	486	20	49
1018	485	25	51
1019	487	24	47
1019	489	23	44
1019	491	24	41
1020	487	21	45
1020	482	20	49
1019	480	21	52
1018	482	21	49
1017	478	23	51
1017	476	23	52
1017	477	24	50
1017	479	23	50
1016	478	24	49
1016	478	24	49
1017	483	24	41
1018	476	19	46
1018	476	19	46
1018	473	19	48
1018	473	19	48
1018	473	19	48
1017	476	21	44
1017	473	19	46
1017	473	20	45
1017	472	19	47
1016	470	19	49
1016	472	18	47
1016	469	18	48
1016	469	18	48
1016	469	18	48
1016	469	18	48
1016	466	21	48
1018	466	23	48
1022	468	21	45
1026	471	22	39
1035	468	23	42
1047	471	24	36
1065	471	18	37
1086	473	18	37
1104	466	19	42
1130	465	21	45
1156	469	18	41
1184	469	21	41
1218	471	20	37
1247	473	19	38
1282	473	22	38
1315	477	24	36
1346	477	29	39
1385	481	31	39
1426	483	24	42
1464	480	22	48
1464	480	22	48
1464	480	22	48
1464	480	22	48
1464	480	22	48
1464	480	22	48
1464	480	22	48
1464	480	22	48
1464	480	22	48
1464	480	22	48
1464	480	22	48
1464	480	22	48
1464	480	22	48
1464	480	22	48
1464	480	22	48
1464	480	22	48
1464	480	22	48
1464	480	22	48
1464	480	22	48
1464	480	22	48
1464	480	22	48
1464	480	22	48
1464	480	22	48
1464	480	22	48
1464	480	22	48
1464	480	22	48
1464	480	22	48
1464	480	22	48
1464	480	22	48
1464	480	22	48
1464	480	22	48
1464	480	22	48
1464	480	22	48
1464	480	22	48
1464	480	22	48
1464	480	22	48
1464	480	22	48
1464	480	22	48
1464	480	22	48
1464	480	22	48
1464	480	22	48
1464	480	22	48
1464	480	22	48
1464	480	22	48
1464	480	22	48
1464	480	22	48
1464	480	22	48
1464	480	22	48
1464	480	22	48
1464	480	22	48
1464	480	22	48
1464	480	22	48
1464	480	22	48
1464	480	22	48
1464	480	22	48
1464	480	22	48
1464	480	22	48
1464	480	22	48
1464	480	22	48
1464	480	22	48
1464	480	22	48
1464	480	22	48
1464	480	22	48
1464	480	22	48
1464	480	22	48
1464	480	22	48
1464	480	22	48
1464	480	22	48
1464	480	22	48
1464	480	22	48
1464	480	22	48
1464	480	22	48
1464	480	22	48
1464	480	22	48
1464	480	22	48
1464	480	22	48
1464	480	22	48
1464	480	22	48
1464	480	22	48
1464	480	22	48
1464	480	22	48
1464	480	22	48
1464	480	22	48
1464	480	22	48
1464	480	22	48
1464	480	22	48
1464	480	22	48
1464	480	22	48
1464	480	22	48
1464	480	22	48
1464	480	22	48
1464	480	22	48
1464	480	22	48
1464	480	22	48
1464	480	22	48
1464	480	22	48
1464	480	22	48
1464	480	22	48
1464	480	22	48
1464	480	22	48
1464	480	22	48
1464	480	22	48
1464	480	22	48
1464	480	22	48
1464	480	22	48
1464	480	22	48
1464	480	22	48
1464	480	22	48
1464	480	22	48
1464	480	22	48
1464	480	22	48
1464	480	22	48
1464	480	22	48
1464	480	22	48
1464	480	22	48
1464	480	22	48
1464	480	22	48
1464	480	22	48
1464	480	22	48
1464	480	22	48
1464	480	22	48
1464	480	22	48
1464	480	22	48
1464	480	22	48
1464	480	22	48
1464	480	22	48
1464	480	22	48
1464	480	22	48
1464	480	22	48
1464	480	22	48
1464	480	22	48
1464	480	22	48
1464	480	22	48
1464	480	22	48
1464	480	22	48
1464	480	22	48
1464	480	22	48
1464	480	22	48
1464	480	22	48
1464	480	22	48
1464	480	22	48
1464	480	22	48
1464	480	22	48
1464	480	22	48
1464	480	22	48
1464	480	22	48
1464	480	22	48
1464	480	22	48
1464	480	22	48
1464	480	22	48
1436	417	20	41
1436	417	20	41
1436	417	20	41
1436	417	20	41
1436	417	20	41
1436	417	20	41
1436	417	20	41
1436	417	20	41
1436	417	20	41
1436	417	20	41
1436	417	20	41
1436	417	20	41
1436	417	20	41
1436	417	20	41
1436	417	20	41
1436	417	20	41
1436	417	20	41
1436	417	20	41
1436	417	20	41
1436	417	20	41
1436	417	20	41
1436	417	20	41
1436	417	20	41
1436	417	20	41
1436	417	20	41
1436	417	20	41
1436	417	20	41
1436	417	20	41
1436	417	20	41
1436	417	20	41
1436	417	20	41
1436	417	20	41
1436	417	20	41
1436	417	20	41
1436	417	20	41
1436	417	20	41
1436	417	20	41
1436	417	20	41
1436	417	20	41
1436	417	20	41
1436	417	20	41
1436	417	20	41
1436	417	20	41
1436	417	20	41
1436	417	20	41
1436	417	20	41
1436	417	20	41
1436	417	20	41
1436	417	20	41
1436	417	20	41
1436	417	20	41
1436	417	20	41
1436	417	20	41
1436	417	20	41
1436	417	20	41
1436	417	20	41
1436	417	20	41
1436	417	20	41
1436	417	20	41
1436	417	20	41
1436	417	20	41
1436	417	20	41
1436	417	20	41
1436	417	20	41
1436	417	20	41
1436	417	20	41
1436	417	20	41
1436	417	20	41
1436	417	20	41
1436	417	20	41
1436	417	20	41
1436	417	20	41
1436	417	20	41
1436	417	20	41
1436	417	20	41
1436	417	20	41
1436	417	20	41
1436	417	20	41
1436	417	20	41
1436	417	20	41
1436	417	20	41
1436	417	20	41
1436	417	20	41
1436	417	20	41
1436	417	20	41
1436	417	20	41
1436	417	20	41
1436	417	20	41
1436	417	20	41
1436	417	20	41
1436	417	20	41
1436	417	20	41
1436	417	20	41
1436	417	20	41
1436	417	20	41
1436	417	20	41
1436	417	20	41
1436	417	20	41
1436	417	20	41
1436	417	20	41
