292	914	64	161
289	907	68	165
295	903	65	165
294	899	70	162
300	892	70	160
298	887	70	163
300	877	70	170
299	868	72	177
301	861	70	176
300	855	74	176
307	850	68	173
306	848	72	170
309	845	70	159
317	839	64	155
316	835	66	151
326	829	58	156
328	819	57	154
335	815	54	158
334	808	58	163
336	802	59	161
337	795	60	160
339	789	60	166
343	786	59	156
346	783	60	148
348	782	62	144
350	781	62	137
347	772	69	144
351	766	63	146
354	763	63	148
356	754	59	151
356	753	61	148
361	747	56	147
364	744	55	149
364	743	56	141
368	740	54	137
370	737	53	132
375	733	51	135
379	729	49	134
378	725	52	136
383	718	47	142
383	713	52	144
381	708	54	140
385	704	52	142
388	703	51	138
391	701	50	132
393	701	53	127
391	701	55	123
392	697	56	124
395	690	52	129
397	686	52	130
399	681	49	132
398	678	54	133
400	680	52	128
403	675	50	130
403	677	51	122
407	675	48	120
410	673	47	119
412	669	46	121
414	665	45	122
414	662	47	124
418	657	46	126
419	654	44	129
422	653	42	122
421	651	45	121
424	650	45	117
424	649	47	113
425	649	49	112
429	648	46	110
430	642	46	114
431	639	45	115
430	635	49	116
432	634	47	115
433	632	49	115
434	632	47	112
436	628	45	115
439	626	44	112
444	625	41	107
446	626	37	107
444	625	43	108
449	621	39	108
448	618	43	107
451	614	40	112
451	613	43	108
452	610	42	110
455	611	41	106
457	611	40	102
456	608	44	106
460	611	39	98
460	608	43	99
461	606	42	98
461	604	44	100
464	599	39	105
464	595	43	104
466	596	40	102
468	591	40	104
469	593	40	98
469	593	41	96
472	592	38	97
473	591	38	95
474	588	37	96
473	585	39	97
474	584	39	102
475	581	39	105
478	579	37	103
479	578	37	98
479	579	40	94
482	578	38	95
483	579	41	92
484	577	38	89
485	577	38	89
486	572	38	92
486	570	37	95
486	567	37	97
487	565	38	96
490	563	34	94
489	563	35	93
487	563	38	91
487	564	39	88
491	563	36	88
494	562	33	88
495	560	32	87
494	557	34	91
494	554	34	88
493	552	35	94
494	550	34	93
497	551	33	90
497	550	35	88
498	550	33	88
497	550	35	87
498	550	35	85
499	547	33	87
499	545	34	82
500	543	33	84
501	542	32	84
502	540	32	87
502	539	34	87
503	538	33	86
506	539	33	84
506	538	34	83
506	541	35	80
509	538	34	76
512	537	33	83
514	535	33	81
514	532	34	86
516	533	33	84
519	530	33	82
522	531	30	82
524	530	31	82
525	534	31	75
526	531	33	75
529	532	30	77
531	528	29	83
531	525	31	76
532	524	30	79
532	521	31	78
532	521	31	79
534	520	30	80
536	518	27	78
535	518	29	76
535	520	30	76
534	517	33	78
537	514	28	73
538	512	28	75
537	511	29	76
539	509	30	82
541	508	30	79
542	508	30	75
541	510	32	72
542	509	31	71
542	509	31	66
543	507	32	72
547	505	28	70
545	503	30	73
546	500	30	76
546	500	30	77
549	499	29	75
550	496	26	76
551	499	28	70
551	499	26	71
553	497	26	65
552	498	28	70
552	497	28	72
556	493	23	68
556	493	23	67
555	491	25	64
557	489	24	75
556	489	26	74
558	487	27	69
558	490	26	69
560	489	25	68
560	489	26	68
562	489	25	65
564	487	23	64
564	486	22	67
565	485	22	61
565	483	22	63
564	481	23	67
563	480	25	71
562	483	26	67
565	481	25	69
565	481	24	64
566	483	23	65
567	481	25	63
567	479	24	62
569	479	24	66
569	477	24	64
571	476	24	64
574	477	23	60
575	477	24	58
576	478	24	57
575	479	26	61
577	479	25	61
579	475	23	59
581	475	22	63
582	473	22	62
580	472	24	68
582	471	23	61
580	471	25	65
580	474	24	63
580	472	26	67
583	471	23	56
584	472	22	56
585	470	21	59
585	469	21	63
586	467	22	61
586	466	22	59
587	466	22	59
587	467	22	60
589	465	20	59
589	466	22	60
591	468	21	61
591	470	22	55
591	470	22	58
593	470	19	58
594	469	19	57
594	472	19	60
594	471	21	60
593	470	21	59
593	471	23	58
594	471	22	58
596	473	20	56
596	473	20	57
597	472	20	59
597	471	20	58
598	470	20	58
598	467	20	59
597	466	21	57
598	466	20	53
599	467	19	52
599	467	19	52
599	467	20	51
600	468	20	50
601	466	19	52
603	465	20	56
607	463	20	53
617	462	18	50
625	460	20	52
639	459	20	48
656	457	17	54
668	459	19	52
684	458	18	47
694	457	19	50
703	456	19	51
712	454	18	55
719	454	18	56
723	451	19	54
728	451	18	50
731	451	19	50
733	450	19	49
734	449	18	51
735	450	18	50
736	452	19	46
737	451	20	46
735	451	22	52
738	449	19	52
739	447	18	55
740	447	17	55
738	447	20	57
741	448	17	55
740	448	17	54
740	448	18	54
741	448	18	56
742	450	17	54
743	452	17	51
743	453	17	48
744	455	17	47
746	454	16	48
745	456	18	50
747	457	17	47
747	458	16	45
748	460	16	46
748	463	17	46
750	462	17	48
750	463	16	48
751	463	15	48
751	465	16	46
751	464	16	50
751	465	16	47
752	466	17	51
752	468	17	52
753	468	16	52
753	470	17	52
753	471	18	52
754	472	17	49
754	472	18	48
755	472	19	51
756	471	18	52
757	471	15	44
758	471	15	42
759	472	15	44
758	471	17	46
759	472	16	43
760	473	15	44
760	473	16	44
760	472	17	48
760	471	16	44
761	470	15	44
761	470	15	46
760	469	17	45
761	469	16	45
761	468	15	46
762	466	15	48
761	467	15	49
761	468	15	46
762	464	15	47
761	464	17	46
762	464	15	47
761	464	16	48
762	464	17	48
763	464	16	49
763	463	16	46
764	462	15	47
764	462	16	47
765	463	16	46
765	463	15	47
765	463	16	46
765	462	15	48
766	462	15	46
766	463	16	45
767	462	15	45
766	460	16	48
766	461	16	48
766	460	16	47
765	458	17	49
766	460	17	46
767	460	15	44
767	459	15	46
767	459	15	45
768	458	15	46
768	459	16	39
769	460	15	38
769	462	15	37
769	461	16	38
770	461	16	40
769	460	17	43
769	458	14	43
770	457	15	41
770	458	15	41
770	460	15	42
770	458	15	41
771	460	15	43
773	462	13	43
772	458	15	43
774	464	16	40
774	465	15	38
775	464	15	39
775	464	14	41
775	462	14	39
775	461	16	38
774	459	16	43
774	459	16	44
774	457	16	47
773	458	17	45
773	457	18	45
773	456	17	47
774	451	15	46
774	452	15	44
774	454	15	42
775	453	14	44
774	454	14	42
773	454	15	42
774	454	16	45
774	453	16	45
776	456	13	41
775	453	15	42
775	453	15	43
775	451	15	41
774	451	17	43
775	450	15	41
775	450	16	43
775	448	16	45
774	451	17	44
776	451	15	42
775	452	16	42
775	450	15	44
776	449	16	43
776	448	16	42
775	447	15	45
775	446	15	44
776	447	15	45
776	447	15	43
774	446	18	44
774	447	19	44
774	447	17	43
774	448	18	41
776	445	16	42
776	447	17	41
775	447	16	40
776	442	16	42
775	445	17	43
777	445	15	37
776	445	16	39
774	445	18	38
772	447	20	42
769	446	24	43
772	445	22	39
770	443	27	41
769	444	28	43
832	413	31	48
833	410	28	52
773	443	22	46
776	443	17	43
777	443	16	42
779	445	13	39
778	446	15	39
778	446	14	36
778	447	14	35
779	444	14	36
778	444	16	37
779	443	16	37
778	443	16	38
777	444	16	36
777	443	15	38
777	443	15	40
780	445	13	37
780	445	13	34
780	446	13	33
780	444	13	36
778	444	14	35
780	445	13	35
778	444	14	36
779	442	14	37
779	445	12	34
778	445	14	36
778	446	14	33
778	446	15	35
777	445	13	35
778	445	13	34
778	444	14	37
778	444	14	38
778	443	13	38
778	444	14	37
778	445	14	38
778	444	15	35
778	444	15	36
778	444	15	35
778	444	14	36
779	445	14	34
779	444	14	34
779	444	14	37
778	443	15	36
778	443	15	36
778	443	14	37
776	443	16	38
777	443	15	38
778	445	15	36
777	445	15	35
778	443	14	37
777	441	15	38
779	441	14	37
779	440	14	39
778	440	15	35
778	440	14	34
779	441	13	33
778	441	15	33
776	441	18	37
776	441	17	36
776	440	15	38
779	440	14	34
778	439	15	37
778	439	14	33
778	438	14	33
777	438	15	33
776	438	16	36
777	438	14	37
776	439	16	37
777	439	15	36
776	439	15	36
776	440	13	35
777	437	13	35
777	438	14	35
776	437	15	33
776	437	15	35
776	436	15	34
775	438	15	35
776	436	15	36
776	435	14	34
777	437	14	34
776	437	14	34
776	436	13	35
776	436	14	34
776	436	15	34
776	435	16	35
776	434	14	35
776	435	13	33
775	434	14	31
775	434	15	33
774	435	14	33
776	435	16	35
775	435	14	35
776	434	13	34
775	434	14	36
775	433	14	37
776	432	14	36
775	433	14	33
775	433	15	36
775	434	14	31
776	434	12	30
775	435	14	30
776	435	13	30
776	433	12	31
774	433	15	32
774	433	13	34
773	432	15	38
773	431	15	36
775	430	14	37
773	430	17	39
772	431	16	37
773	431	13	35
773	431	14	33
773	432	15	34
773	432	13	32
773	432	15	32
771	432	16	35
772	431	15	32
771	431	15	34
771	430	14	31
771	430	14	34
771	431	14	32
770	431	15	34
770	430	15	36
771	431	14	34
771	431	13	31
770	431	15	29
769	435	14	30
770	431	14	31
769	429	14	35
768	428	15	37
769	429	14	36
768	430	15	35
768	429	14	35
767	431	15	33
768	430	13	33
767	431	15	36
767	428	15	37
767	429	14	35
767	428	13	31
766	427	14	35
766	427	13	34
766	427	13	34
767	428	14	31
767	428	13	33
766	428	15	32
766	428	12	31
765	427	14	36
766	427	14	38
766	426	15	38
765	425	15	39
765	426	15	39
765	425	14	38
765	427	16	37
766	424	14	35
765	426	14	37
765	426	14	37
765	427	13	35
765	423	14	38
766	422	14	42
766	424	13	38
766	422	12	39
765	423	13	38
766	423	13	38
766	424	13	36
766	424	13	37
766	424	13	37
767	426	12	34
766	424	14	36
766	424	14	37
766	424	14	36
766	422	14	38
766	422	13	35
765	422	13	33
766	423	12	34
766	422	13	36
765	422	12	34
766	424	13	33
765	423	14	36
766	422	13	34
766	419	14	36
766	419	15	37
766	421	13	32
766	423	14	31
766	419	14	33
766	420	15	36
766	418	14	35
767	419	14	33
767	420	12	30
767	420	13	29
767	422	13	27
767	422	13	30
768	420	13	33
767	420	15	31
767	419	13	32
768	418	14	31
768	418	14	32
768	418	14	33
768	417	15	32
768	419	14	31
768	419	14	33
770	419	12	31
769	419	15	27
770	418	12	29
770	416	14	33
770	415	14	34
770	415	14	35
770	415	15	36
771	416	14	35
771	417	14	35
771	416	17	34
771	415	14	33
772	415	16	35
772	416	14	33
772	417	13	33
773	415	13	35
774	416	11	33
774	416	13	32
773	417	14	32
775	416	13	30
775	415	12	30
775	415	15	32
775	415	15	33
774	415	16	33
775	416	16	32
776	415	17	32
776	415	15	31
776	414	16	31
777	415	13	31
778	412	14	34
777	410	14	36
776	412	16	35
775	412	17	36
776	414	17	34
776	414	15	33
777	413	14	33
778	414	14	33
779	413	13	35
778	416	16	32
779	415	17	31
780	416	17	31
780	415	14	33
780	418	15	30
781	417	13	26
781	414	13	26
782	416	16	24
782	414	17	27
782	413	17	32
782	415	14	32
782	415	14	29
781	415	15	29
782	413	15	29
782	414	13	33
782	413	13	32
782	413	14	30
782	412	14	31
782	412	13	32
781	412	14	31
782	416	14	27
780	416	16	27
781	415	16	27
780	415	15	27
781	415	14	26
779	414	18	27
781	413	17	28
782	411	13	29
782	410	14	30
781	411	14	30
782	414	14	28
780	410	15	31
782	414	14	29
781	409	13	31
780	408	14	32
780	408	16	32
780	412	15	29
781	409	16	32
781	411	15	30
781	410	15	30
781	414	16	26
780	412	15	28
780	413	14	26
779	414	15	26
780	412	14	25
777	413	16	26
776	413	16	25
778	412	16	26
778	414	14	26
776	412	15	28
776	410	17	30
777	410	17	29
777	412	15	26
776	413	16	25
776	412	17	28
775	413	15	26
776	414	12	24
775	412	15	21
774	414	17	18
774	415	16	19
775	413	17	23
774	413	15	19
773	414	17	21
772	415	13	22
771	414	14	23
769	413	16	26
771	413	14	26
768	414	17	25
767	413	18	26
766	412	18	27
766	412	17	28
767	412	16	27
767	413	15	27
768	411	14	28
767	408	16	32
767	411	13	29
766	412	12	26
766	414	14	25
767	413	14	25
766	413	15	26
767	413	14	23
768	413	14	22
766	413	16	21
766	413	15	22
765	411	14	21
764	413	14	26
764	414	16	25
764	413	14	26
764	412	19	28
763	411	18	29
758	413	20	27
759	413	16	29
760	413	13	27
759	413	17	26
758	410	17	29
753	408	21	31
753	413	19	27
754	412	16	27
752	411	16	28
755	411	16	31
755	413	16	29
754	414	15	29
754	414	15	28
754	411	16	29
754	413	14	26
754	414	15	24
754	413	14	26
752	405	17	28
753	408	16	29
752	409	16	26
753	408	17	30
752	412	17	27
750	412	19	26
749	414	19	25
751	410	17	29
750	411	16	27
749	412	16	26
750	411	17	27
748	409	17	30
750	408	16	30
751	408	13	29
751	408	13	26
750	410	13	28
749	409	13	29
750	410	12	30
749	409	11	29
748	410	13	30
749	412	17	25
749	411	13	28
748	408	14	31
747	411	14	28
749	410	14	29
748	412	15	31
747	411	16	30
746	409	16	31
749	411	14	27
746	411	17	29
748	411	16	27
749	409	14	23
750	413	13	22
749	414	13	25
746	415	16	25
745	412	21	27
747	412	17	28
744	412	16	27
745	411	17	28
745	409	20	29
743	411	18	28
741	413	20	30
741	414	22	25
739	410	20	28
