743	157	53	55
748	156	54	62
747	157	53	58
745	157	57	58
740	157	60	60
740	156	61	59
753	158	52	58
745	157	58	55
748	155	51	58
743	156	57	55
735	154	61	62
744	155	61	58
748	155	50	57
746	146	42	61
746	145	45	63
748	148	43	70
741	155	54	62
744	157	44	55
746	152	44	59
747	156	51	59
745	156	53	57
745	158	54	55
741	155	57	63
746	157	52	58
747	159	57	61
746	156	54	61
747	152	53	62
748	157	53	60
752	161	50	58
751	160	51	57
751	160	49	57
741	162	61	53
742	159	62	53
742	159	61	56
743	157	65	61
739	153	64	63
740	157	70	61
737	147	67	71
738	151	67	67
742	152	62	67
739	149	64	68
743	153	60	63
738	155	66	63
744	149	61	67
747	155	60	67
745	151	57	67
747	156	56	64
748	157	59	61
741	166	60	54
748	158	54	58
744	161	53	60
746	166	51	57
747	162	48	58
745	158	53	64
752	160	44	62
751	158	46	62
749	155	47	66
748	167	49	57
747	158	53	67
742	168	51	61
743	174	46	52
746	173	39	53
746	171	41	56
749	180	43	48
741	178	46	51
746	180	45	52
752	185	41	49
749	178	39	54
746	177	41	54
738	174	48	53
745	176	42	55
746	183	43	51
746	193	44	46
745	195	44	45
746	191	39	40
750	194	37	41
746	191	40	41
746	191	33	41
747	196	31	39
744	195	39	40
746	190	29	39
739	202	34	33
741	201	31	30
738	204	33	23
735	205	36	28
741	208	32	29
691	244	28	26
693	238	25	28
697	242	21	27
699	243	18	24
701	237	18	26
736	233	18	23
746	208	20	26
748	208	24	24
746	213	21	26
749	215	18	30
748	205	22	35
746	212	24	34
745	206	23	37
745	211	19	46
743	204	20	42
741	206	25	41
731	217	31	35
731	217	31	35
731	217	31	35
731	217	31	35
731	217	31	35
731	217	31	35
731	217	31	35
731	217	31	35
731	217	31	35
731	217	31	35
731	217	31	35
731	217	31	35
731	217	31	35
731	217	31	35
731	217	31	35
731	217	31	35
731	217	31	35
731	217	31	35
731	217	31	35
730	179	31	33
730	179	31	33
730	179	31	33
730	179	31	33
730	179	31	33
732	188	26	36
732	188	26	36
732	188	26	36
732	188	26	36
686	237	29	29
686	237	29	29
686	237	29	29
686	237	29	29
682	242	30	24
682	247	32	21
654	241	30	25
618	239	23	23
620	240	19	22
655	239	17	22
620	239	19	21
655	240	16	23
690	248	18	22
654	246	21	24
684	238	26	25
684	238	26	25
691	242	24	24
725	222	27	22
685	242	26	26
730	237	25	21
730	248	24	24
691	241	22	23
732	249	19	28
692	239	19	27
732	245	20	28
743	246	21	28
692	241	24	25
689	243	26	23
653	243	23	23
619	239	19	23
619	240	18	23
619	240	19	23
618	239	19	22
619	239	17	26
620	239	19	26
619	239	20	31
619	238	22	36
618	238	22	36
617	239	22	34
616	235	23	38
616	238	24	35
617	235	22	31
617	237	23	27
617	238	22	23
617	239	23	23
615	239	22	24
616	240	22	23
617	238	20	22
617	239	18	22
652	241	17	22
694	246	17	21
693	247	16	19
692	247	16	20
692	249	17	17
692	247	21	19
688	251	25	20
687	250	26	20
687	251	22	15
688	253	23	14
688	252	22	14
689	251	19	16
689	252	19	15
689	253	19	14
689	251	20	15
687	252	22	16
650	245	22	20
613	243	24	24
615	243	21	24
613	243	25	24
614	244	24	24
614	243	19	29
612	242	25	28
613	241	24	31
610	243	27	32
613	242	22	36
614	241	20	40
614	240	24	47
613	240	28	50
612	237	25	47
613	239	29	53
612	235	34	52
610	235	37	59
608	228	38	62
609	237	34	54
612	239	26	49
612	238	29	54
612	239	26	53
611	235	29	56
610	237	28	53
610	237	28	52
608	236	34	49
613	238	26	48
611	230	30	40
611	238	28	42
612	239	27	45
610	240	26	48
610	240	27	50
607	238	30	52
609	237	29	51
608	239	29	46
610	239	29	48
609	240	29	46
610	239	27	49
609	239	25	49
606	238	31	54
607	239	30	48
607	239	34	49
606	238	34	50
606	237	30	47
607	238	29	49
608	239	29	48
609	239	28	46
607	239	32	49
607	239	31	49
607	239	30	48
608	242	28	46
607	245	30	46
607	242	29	45
608	241	24	44
608	242	24	47
606	239	27	49
605	237	30	54
606	239	29	50
605	238	29	51
604	237	28	50
603	238	35	50
603	237	33	50
604	237	29	49
603	238	32	46
605	237	25	46
604	236	23	49
603	238	21	44
602	237	24	37
602	238	28	34
605	241	23	32
604	238	22	35
605	238	21	36
604	239	23	38
604	240	26	46
601	238	28	48
601	238	25	44
600	239	25	42
601	238	22	39
602	240	22	38
603	238	20	42
602	240	21	36
604	242	25	38
603	238	25	43
600	238	28	45
601	239	27	44
601	239	28	47
601	239	30	46
600	240	23	45
604	239	23	52
602	239	24	56
603	238	20	65
602	236	22	67
599	235	24	69
598	236	32	65
599	230	25	62
599	236	28	52
597	239	34	49
598	239	29	48
599	239	26	51
600	238	25	55
601	239	26	58
597	238	27	51
603	238	23	51
602	238	23	45
598	239	26	41
600	240	25	40
602	240	23	42
600	237	25	38
602	238	22	29
605	238	20	34
608	248	24	35
606	238	27	38
609	238	28	42
609	238	33	48
612	237	35	51
614	238	39	49
615	238	41	51
607	237	48	53
613	238	47	44
607	236	49	45
610	237	54	42
611	237	60	38
608	237	56	38
628	237	48	38
629	237	45	42
633	238	38	36
635	238	36	43
636	236	35	50
634	236	36	47
636	236	37	48
638	236	33	41
638	236	34	37
638	237	32	40
639	236	30	43
642	235	24	37
640	236	29	36
639	235	29	34
639	237	32	37
638	235	33	39
639	234	31	41
638	233	30	42
644	233	30	43
651	235	32	40
653	231	26	42
660	231	30	42
667	232	28	41
676	231	29	41
692	232	24	47
705	232	27	42
723	232	28	43
743	235	33	35
762	233	26	40
782	234	20	40
800	230	26	35
817	236	27	29
832	234	28	31
841	237	26	26
855	233	28	31
860	235	24	32
867	233	24	33
872	233	23	31
874	235	23	34
876	233	20	37
878	235	22	42
878	235	22	42
878	234	26	41
879	233	25	40
879	234	28	40
881	230	27	46
879	229	31	48
878	231	31	51
880	231	25	43
878	232	27	43
884	233	22	43
881	233	26	38
879	234	29	39
878	235	27	33
879	235	29	35
879	235	34	30
880	237	32	28
879	236	31	22
882	237	27	21
884	237	21	20
883	238	21	17
883	236	22	19
882	237	24	20
885	238	19	19
886	236	21	21
886	238	22	20
886	237	23	22
886	238	26	21
881	238	29	22
881	237	33	20
878	237	37	23
881	237	38	22
881	233	34	25
883	234	32	27
885	236	28	22
885	237	27	22
885	234	27	25
883	236	29	20
882	239	30	23
885	235	27	28
883	235	30	22
883	235	29	24
883	235	29	22
883	234	27	27
881	233	32	29
882	234	29	37
881	234	32	39
880	234	32	38
879	233	33	41
881	235	33	39
882	233	31	45
878	232	36	43
880	233	37	39
879	232	41	44
879	233	38	51
878	231	42	53
878	230	35	53
884	230	29	54
883	226	30	53
885	232	29	46
884	233	33	42
879	230	38	50
883	231	31	51
888	231	28	54
888	234	27	45
888	233	27	46
886	222	30	40
888	233	26	40
889	235	25	38
887	233	30	46
890	231	26	48
886	230	34	49
889	232	30	50
892	235	30	42
888	236	36	36
885	237	38	35
889	235	32	38
889	235	35	37
887	236	42	28
884	234	42	26
886	234	37	26
886	237	33	27
886	237	35	21
887	238	38	22
887	238	33	26
886	237	31	31
888	237	31	31
891	237	26	26
890	238	29	26
892	239	24	24
892	240	23	20
890	239	24	23
892	239	22	26
893	239	23	21
895	239	23	21
896	238	23	24
901	238	25	24
911	238	22	24
918	239	22	29
917	231	27	26
917	231	27	26
917	231	27	26
917	231	27	26
917	231	27	26
896	228	26	30
898	225	29	32
898	225	29	32
900	226	28	30
897	224	32	37
905	224	24	42
963	237	26	37
964	238	23	32
965	238	24	31
967	239	21	28
967	242	21	33
965	239	23	32
966	240	23	31
965	241	24	28
968	241	22	26
969	240	22	25
974	241	20	29
970	240	22	32
976	239	27	28
976	239	29	31
978	238	27	31
979	238	26	28
981	238	25	31
983	239	20	30
982	239	21	30
981	238	26	34
980	238	29	35
983	238	26	37
981	238	29	40
980	238	28	35
987	238	22	38
984	239	25	34
986	238	22	29
984	238	24	24
984	239	27	25
983	239	22	26
984	238	25	26
986	240	22	25
986	239	21	21
983	239	23	23
984	238	24	26
982	239	26	30
984	238	24	34
984	238	24	32
984	237	25	30
986	239	25	26
987	240	23	23
986	237	25	24
987	238	21	24
986	238	22	24
986	240	21	22
986	239	22	24
987	239	20	23
988	240	18	22
989	240	17	21
988	239	20	25
985	241	21	22
987	240	21	23
987	240	22	24
989	241	19	23
988	239	19	24
985	241	22	22
985	240	22	24
985	239	24	25
988	241	20	23
985	240	24	24
986	238	25	28
987	239	21	23
986	239	23	25
985	240	23	24
984	239	27	26
984	239	26	26
982	238	31	29
981	239	36	27
982	240	30	30
985	238	26	32
985	239	28	32
985	240	23	33
985	239	25	28
988	242	20	24
987	242	21	22
987	241	20	23
987	240	24	25
984	239	28	32
985	242	26	30
987	241	25	30
987	241	28	28
989	242	25	25
992	241	25	29
999	242	23	24
1007	242	24	29
1014	240	26	27
1026	240	24	27
1035	242	24	27
1044	243	22	26
1054	242	20	26
1060	244	19	22
1064	244	22	21
1069	244	19	22
1070	243	20	25
1071	243	19	26
1073	243	20	24
1072	241	23	27
1076	244	22	22
1077	244	22	20
1074	245	26	21
1074	243	26	24
1077	241	26	26
1076	240	28	32
1078	241	24	30
1076	244	26	25
1077	243	24	23
1078	242	24	23
1078	246	22	27
1075	245	25	22
1077	243	22	22
1077	245	22	22
1077	243	22	24
1078	244	17	22
1077	242	19	23
1078	240	18	25
1074	245	22	22
1078	241	20	25
1075	241	21	28
1074	241	23	25
1072	241	27	28
1074	241	25	29
1077	244	24	26
1078	244	18	23
1078	243	21	27
1077	246	22	26
1077	244	23	26
1076	243	26	29
1076	246	25	25
1076	245	27	18
1075	247	25	21
1073	244	28	24
1077	247	24	27
1078	241	19	28
1077	243	19	27
1079	242	18	26
1078	244	17	21
1078	245	18	21
1077	245	19	22
1078	244	19	20
1078	244	24	20
1080	245	21	23
1078	242	25	25
1078	240	26	28
1080	240	23	29
1080	237	24	32
1079	236	22	34
1077	234	22	38
1076	234	24	38
1076	235	27	38
1076	237	30	33
1074	238	30	30
1073	237	31	31
1077	239	30	26
1073	239	35	25
1071	240	40	30
1070	239	41	33
1071	239	42	30
1074	238	39	32
1076	239	37	34
1077	239	32	32
1075	240	34	32
1078	242	30	29
1082	242	22	31
1083	243	22	29
1087	245	18	25
1087	245	16	26
1085	245	19	27
1085	245	17	26
1087	246	16	23
1086	246	19	24
1086	247	21	24
1085	246	23	25
1086	247	21	24
1086	245	24	25
1086	247	26	27
1086	247	25	25
1086	246	26	28
1087	247	21	27
1086	246	20	25
1089	246	21	25
1089	246	21	26
1088	243	23	29
1089	240	22	34
1088	240	26	32
1087	239	23	32
1086	241	26	31
1085	241	30	33
1085	240	31	33
1086	243	25	29
1088	243	26	28
1089	242	23	27
1089	245	21	26
1088	243	25	29
1087	244	27	31
1089	244	27	32
1089	243	30	34
1088	246	32	35
1086	247	34	40
1089	243	29	41
1091	244	29	43
1089	237	29	39
1087	245	31	40
1090	247	28	42
1091	243	26	44
1091	244	24	44
1089	243	25	43
1086	246	27	40
1084	244	26	41
1086	241	22	37
1085	244	21	37
1085	244	21	39
1085	235	19	37
1085	244	21	37
1085	242	21	40
1085	245	19	37
1085	241	21	40
1083	243	25	36
1083	241	26	37
1082	243	25	30
1085	241	22	32
1083	243	22	29
1083	242	26	33
1084	241	21	38
1084	242	22	34
1084	239	23	40
1080	242	25	38
1072	243	26	29
1066	245	28	24
1058	246	24	19
1046	245	27	20
1032	243	26	21
1020	246	21	26
1004	246	23	21
986	243	21	21
968	245	20	21
946	242	20	24
928	245	19	24
911	246	22	26
901	246	26	26
888	246	22	23
876	246	22	22
871	247	22	20
868	246	20	19
864	246	16	19
861	247	17	18
860	246	17	18
856	246	19	17
854	244	20	22
854	243	19	21
855	246	18	17
850	245	21	19
847	245	20	20
837	245	20	20
824	243	24	21
812	244	20	21
795	244	21	22
773	241	20	23
750	245	17	19
723	246	20	18
693	247	21	20
658	246	23	20
627	246	25	19
589	246	26	21
553	245	27	22
510	245	26	21
465	244	30	26
431	243	27	25
393	240	32	30
366	242	32	27
339	240	28	27
314	242	33	27
304	241	29	26
288	242	32	25
283	240	27	28
276	241	27	24
272	241	27	27
270	241	24	28
269	239	26	30
269	241	24	31
268	238	23	32
268	238	22	31
264	240	25	26
264	240	26	26
263	241	27	29
266	241	24	32
264	242	30	29
265	243	24	27
267	242	25	30
303	247	30	27
265	246	29	29
266	247	27	23
305	248	29	27
305	245	28	27
352	246	29	24
302	243	32	25
252	242	33	27
303	244	32	26
302	240	30	30
260	247	32	34
260	247	32	34
260	247	32	34
260	247	32	34
260	247	32	34
260	247	32	34
251	253	34	34
251	253	34	34
298	246	30	29
297	246	32	25
297	246	32	25
297	247	29	25
295	251	32	23
296	245	30	28
295	242	30	28
292	247	34	29
294	245	31	26
292	246	34	25
292	247	33	24
291	246	34	26
293	247	32	24
273	259	34	29
255	316	34	35
255	316	34	35
255	316	34	35
255	316	34	35
255	316	34	35
244	239	27	38
245	240	25	30
243	240	26	26
239	240	26	25
235	242	29	24
224	243	31	24
214	241	27	24
195	241	28	25
176	241	29	26
154	241	31	27
126	240	32	27
96	240	30	28
62	240	33	26
21	241	33	24
-3	241	26	27
34	246	27	25
-1	250	27	21
-1	250	27	21
29	255	27	18
56	243	24	20
33	242	24	23
80	224	27	21
80	224	27	21
80	224	27	21
59	234	28	28
17	279	29	28
38	304	33	25
42	302	33	29
42	302	33	29
43	235	31	30
106	169	31	26
106	169	31	26
86	219	34	23
110	163	32	26
118	161	30	31
118	161	30	31
118	161	30	31
118	161	30	31
118	161	30	31
118	161	30	31
118	161	30	31
118	161	30	31
118	161	30	31
118	161	30	31
118	161	30	31
118	161	30	31
118	161	30	31
118	161	30	31
118	161	30	31
118	161	30	31
118	161	30	31
118	161	30	31
118	161	30	31
118	161	30	31
118	161	30	31
118	161	30	31
118	161	30	31
118	161	30	31
118	161	30	31
118	161	30	31
118	161	30	31
118	161	30	31
118	161	30	31
118	161	30	31
118	161	30	31
118	161	30	31
118	161	30	31
118	161	30	31
118	161	30	31
118	161	30	31
118	161	30	31
118	161	30	31
118	161	30	31
118	161	30	31
118	161	30	31
118	161	30	31
118	161	30	31
118	161	30	31
118	161	30	31
118	161	30	31
118	161	30	31
118	161	30	31
118	161	30	31
118	161	30	31
118	161	30	31
118	161	30	31
118	161	30	31
118	161	30	31
118	161	30	31
118	161	30	31
118	161	30	31
118	161	30	31
118	161	30	31
118	161	30	31
118	161	30	31
118	161	30	31
118	161	30	31
118	161	30	31
118	161	30	31
118	161	30	31
118	161	30	31
118	161	30	31
118	161	30	31
118	161	30	31
118	161	30	31
118	161	30	31
118	161	30	31
118	161	30	31
118	161	30	31
118	161	30	31
118	161	30	31
118	161	30	31
118	161	30	31
118	161	30	31
118	161	30	31
118	161	30	31
118	161	30	31
118	161	30	31
118	161	30	31
118	161	30	31
118	161	30	31
118	161	30	31
118	161	30	31
118	161	30	31
118	161	30	31
118	161	30	31
118	161	30	31
118	161	30	31
118	161	30	31
118	161	30	31
118	161	30	31
118	161	30	31
118	161	30	31
118	161	30	31
118	161	30	31
118	161	30	31
118	161	30	31
118	161	30	31
118	161	30	31
118	161	30	31
118	161	30	31
118	161	30	31
118	161	30	31
118	161	30	31
118	161	30	31
118	161	30	31
118	161	30	31
118	161	30	31
118	161	30	31
118	161	30	31
118	161	30	31
118	161	30	31
118	161	30	31
118	161	30	31
118	161	30	31
118	161	30	31
118	161	30	31
118	161	30	31
118	161	30	31
118	161	30	31
118	161	30	31
118	161	30	31
118	161	30	31
118	161	30	31
118	161	30	31
118	161	30	31
118	161	30	31
118	161	30	31
118	161	30	31
118	161	30	31
118	161	30	31
118	161	30	31
118	161	30	31
118	161	30	31
118	161	30	31
118	161	30	31
118	161	30	31
118	161	30	31
118	161	30	31
118	161	30	31
118	161	30	31
118	161	30	31
118	161	30	31
118	161	30	31
118	161	30	31
118	161	30	31
118	161	30	31
118	161	30	31
118	161	30	31
118	161	30	31
118	161	30	31
118	161	30	31
118	161	30	31
118	161	30	31
118	161	30	31
118	161	30	31
118	161	30	31
118	161	30	31
118	161	30	31
118	161	30	31
118	161	30	31
118	161	30	31
118	161	30	31
118	161	30	31
118	161	30	31
118	161	30	31
118	161	30	31
118	161	30	31
118	161	30	31
118	161	30	31
118	161	30	31
118	161	30	31
118	161	30	31
118	161	30	31
118	161	30	31
118	161	30	31
118	161	30	31
118	161	30	31
118	161	30	31
118	161	30	31
118	161	30	31
118	161	30	31
118	161	30	31
118	161	30	31
118	161	30	31
118	161	30	31
118	161	30	31
118	161	30	31
118	161	30	31
118	161	30	31
118	161	30	31
118	161	30	31
118	161	30	31
118	161	30	31
118	161	30	31
118	161	30	31
118	161	30	31
118	161	30	31
118	161	30	31
118	161	30	31
118	161	30	31
118	161	30	31
118	161	30	31
118	161	30	31
118	161	30	31
118	161	30	31
118	161	30	31
118	161	30	31
118	161	30	31
118	161	30	31
118	161	30	31
118	161	30	31
118	161	30	31
118	161	30	31
118	161	30	31
118	161	30	31
118	161	30	31
118	161	30	31
118	161	30	31
118	161	30	31
118	161	30	31
118	161	30	31
118	161	30	31
118	161	30	31
173	207	35	29
164	262	30	23
149	262	27	25
125	262	27	21
111	264	27	18
99	264	29	24
85	263	30	26
77	262	30	32
65	261	33	34
61	262	36	33
56	262	34	33
14	265	32	25
54	262	31	30
51	263	32	29
51	261	34	34
54	261	29	31
51	263	34	27
50	261	31	31
50	260	32	30
49	259	31	33
47	260	33	30
51	258	28	34
51	260	27	32
50	260	29	34
48	258	32	37
43	262	38	36
47	259	34	36
46	261	34	40
44	262	38	45
46	258	34	44
44	260	36	39
39	260	37	41
46	258	37	50
49	255	32	50
41	258	36	58
38	256	40	50
49	258	31	62
41	257	37	61
43	256	34	53
38	251	42	56
41	260	38	55
43	257	36	50
37	261	41	41
44	260	35	32
46	262	34	30
47	260	32	33
46	261	33	36
46	262	32	30
45	263	32	29
46	263	33	29
43	263	34	28
45	262	33	30
45	261	32	31
44	262	34	28
43	263	34	30
43	261	32	34
44	262	31	33
44	263	33	30
44	262	31	33
44	260	33	33
45	261	31	33
44	261	30	34
45	259	31	40
42	259	35	46
48	258	31	41
61	257	32	35
75	260	38	33
112	261	34	33
151	263	27	28
191	263	33	28
236	263	27	27
283	263	24	27
324	261	25	28
355	261	21	31
383	260	21	31
401	261	24	29
422	261	24	26
437	263	23	24
443	261	24	27
449	263	28	25
451	263	31	26
456	263	29	30
452	263	34	33
455	263	33	29
457	263	32	32
458	263	31	34
465	263	26	27
466	262	23	34
463	258	27	37
459	259	32	40
458	259	32	37
458	260	32	40
468	258	23	42
465	258	28	38
467	260	23	29
465	261	26	29
465	260	24	26
466	261	21	22
466	262	23	24
465	262	24	27
461	262	26	30
463	261	27	30
468	262	25	24
472	263	23	22
478	262	23	22
494	262	19	20
511	265	20	21
526	263	21	22
549	264	25	25
575	263	24	25
603	263	21	29
635	265	20	30
667	263	22	29
667	263	22	29
667	263	22	29
667	263	22	29
667	263	22	29
618	263	25	30
590	257	18	28
617	261	18	22
632	261	22	18
648	261	19	18
663	261	16	18
671	255	17	21
678	255	13	23
683	256	15	25
688	255	16	26
688	255	15	25
687	255	18	26
688	256	20	32
687	257	20	33
687	255	20	34
688	256	22	34
686	253	21	36
686	254	22	35
687	253	22	35
685	253	22	34
685	254	27	27
688	255	23	26
687	254	20	29
687	254	17	24
690	255	15	30
691	256	15	29
689	253	15	25
688	255	16	25
693	255	20	19
687	255	20	17
691	256	18	16
691	254	17	17
693	254	16	19
693	253	14	18
693	255	15	17
694	256	16	16
693	255	17	17
694	254	16	17
694	254	15	17
694	255	17	16
693	254	19	18
694	253	17	19
695	253	18	19
695	254	17	18
695	254	17	18
695	254	19	17
694	253	20	20
693	252	19	20
694	253	18	18
695	253	17	18
693	253	20	18
694	253	17	20
695	253	18	19
695	253	17	19
697	253	16	18
697	252	17	17
698	254	20	16
700	252	18	18
702	253	18	21
701	252	18	21
702	252	14	19
703	252	16	22
701	251	18	20
699	252	18	20
700	252	19	20
702	254	16	17
701	253	16	17
704	254	16	16
703	254	18	18
703	254	18	16
704	253	18	19
703	252	21	21
704	253	20	22
707	253	19	18
706	254	20	18
708	254	15	19
708	253	15	18
709	255	16	22
710	253	15	20
710	254	15	18
711	254	15	18
710	254	16	18
712	254	14	18
713	255	13	17
714	254	12	17
716	255	12	17
715	256	13	16
716	254	11	17
718	255	10	16
718	255	10	16
718	254	13	17
718	255	16	16
719	257	13	15
719	256	13	17
719	256	14	17
719	255	17	18
718	255	18	18
720	255	15	18
722	256	15	20
723	255	17	24
724	254	12	22
725	256	13	22
725	256	12	20
725	255	13	18
727	258	11	16
726	259	10	15
726	258	10	14
725	258	12	16
726	258	11	16
727	259	10	14
727	258	9	14
728	260	11	16
728	260	12	15
727	259	13	15
727	260	14	15
727	260	12	15
728	260	11	14
729	260	10	14
727	260	11	14
728	258	9	16
729	258	9	15
727	259	9	16
727	258	11	14
726	259	13	14
727	261	14	14
727	260	12	16
727	256	12	17
726	257	13	15
726	257	12	16
725	255	16	17
726	255	15	19
725	255	15	18
724	255	19	20
722	255	22	24
723	254	22	22
718	253	19	20
721	254	20	18
720	254	21	19
719	254	24	19
718	254	24	20
718	254	25	22
717	253	26	20
718	253	23	23
718	253	23	27
718	251	24	25
718	252	18	22
719	252	16	21
719	253	17	20
719	251	18	20
720	251	16	20
719	250	17	23
719	246	15	20
719	247	19	17
719	246	17	20
719	246	15	20
719	247	17	18
718	246	18	17
718	246	18	18
719	245	16	19
718	244	18	20
718	244	17	21
718	240	16	24
718	240	16	24
717	240	18	26
717	239	19	27
714	239	21	24
716	239	21	23
717	238	18	27
716	240	18	28
716	240	16	33
716	237	17	34
718	238	18	31
717	238	17	27
718	239	16	25
717	239	18	25
717	239	19	25
717	238	19	26
717	238	18	23
718	238	17	25
717	238	18	24
718	238	16	20
713	238	17	22
716	238	15	25
716	240	15	24
716	239	17	26
716	238	18	24
717	239	17	20
717	240	15	19
716	239	17	18
714	239	19	17
713	240	19	16
711	240	19	17
711	237	19	20
711	239	19	19
712	240	18	16
712	238	16	17
710	239	16	17
711	239	16	17
710	239	17	18
710	239	18	19
710	238	21	18
710	237	25	19
704	238	24	18
709	237	21	19
709	239	19	19
707	239	21	17
705	239	21	19
705	238	20	23
708	238	18	18
709	238	17	18
709	240	19	18
708	239	21	16
708	238	21	18
707	240	20	17
705	239	23	18
708	240	19	17
709	239	20	21
703	241	21	17
703	243	24	17
702	243	22	17
705	241	23	22
702	239	22	21
702	240	25	24
704	240	26	29
703	240	26	33
704	243	24	32
706	241	26	32
705	241	27	31
706	241	28	32
706	241	26	30
705	241	28	31
707	244	25	28
704	237	30	33
702	236	34	35
704	237	35	36
706	241	31	31
763	251	29	38
702	231	36	43
763	249	35	44
700	238	41	48
600	257	48	52
567	224	54	60
559	226	63	61
563	220	60	67
557	230	67	67
555	223	69	78
554	223	83	89
552	219	94	103
552	222	98	101
546	219	101	104
547	227	100	97
551	225	97	98
551	223	99	101
555	221	89	97
553	222	87	93
552	222	98	97
554	226	96	94
548	222	100	95
549	219	104	97
554	223	98	93
554	221	95	96
548	221	107	95
550	224	101	95
551	223	106	97
547	224	104	96
549	221	108	96
551	222	104	97
554	226	97	90
553	225	94	88
553	222	102	92
556	225	99	92
557	222	95	97
560	224	89	95
561	224	90	89
560	223	100	98
556	220	104	105
556	223	100	101
555	222	105	100
557	223	103	95
558	222	102	101
562	225	98	90
561	223	97	96
559	224	104	92
560	224	100	93
559	222	104	95
564	225	101	97
569	225	98	90
567	226	100	95
571	220	98	95
573	224	89	92
571	223	91	98
569	220	103	101
571	223	99	97
572	222	101	98
572	224	99	92
577	223	91	88
574	227	102	86
577	222	101	91
581	224	94	91
583	227	94	88
583	224	89	90
582	223	92	91
579	224	98	95
578	223	100	94
587	217	90	99
588	224	89	95
590	221	86	95
591	214	85	101
591	208	87	104
590	199	94	120
591	205	88	111
590	201	94	115
587	195	103	123
595	199	92	113
587	201	105	115
587	200	102	114
586	201	107	116
589	200	105	114
590	197	101	116
586	196	107	117
587	197	108	119
591	211	101	100
592	204	102	106
601	210	95	107
592	210	102	105
596	206	94	108
594	208	99	107
601	214	94	101
593	219	96	99
603	214	89	106
597	209	97	119
596	210	94	111
601	216	87	101
601	216	87	107
610	219	76	101
604	218	86	101
603	220	88	106
601	218	88	101
601	223	86	105
608	223	83	97
605	228	87	97
607	226	81	92
605	225	90	97
606	226	87	100
605	222	87	97
606	214	87	104
605	210	87	110
604	209	91	109
606	210	82	104
606	210	86	108
606	212	88	105
607	207	83	109
604	195	102	122
600	193	99	127
606	204	95	124
603	202	93	119
606	199	89	124
608	202	87	110
606	210	89	106
603	208	92	111
604	210	92	104
602	207	93	108
605	209	89	110
601	204	94	111
609	204	82	123
609	210	83	108
603	208	86	121
594	204	98	134
606	204	88	150
608	199	88	131
612	204	75	117
609	209	83	100
605	205	94	107
605	199	91	114
607	198	86	111
601	206	94	109
608	205	87	108
607	211	87	106
605	207	89	113
610	210	84	103
606	211	88	101
606	203	90	113
604	203	92	120
608	206	81	111
609	207	85	117
604	203	89	124
612	203	78	111
612	201	71	105
612	203	73	110
613	205	78	111
607	202	81	106
608	198	83	110
610	205	85	103
609	201	86	109
609	201	84	126
612	206	78	109
607	202	86	115
610	208	79	101
611	205	80	107
608	200	81	115
607	201	85	119
607	205	79	107
609	206	78	101
609	206	79	101
609	209	80	100
609	212	79	96
606	208	85	100
607	201	85	108
609	205	82	104
613	206	77	104
615	194	72	114
609	208	82	99
607	205	83	103
609	202	83	107
611	201	82	106
604	200	90	117
605	201	86	109
604	197	86	108
608	203	79	102
609	197	77	106
610	195	77	120
607	195	80	120
607	197	87	116
609	204	82	106
606	204	84	108
608	208	81	110
607	205	81	110
609	205	80	107
608	195	76	110
611	204	77	109
608	200	82	106
608	199	80	102
609	198	80	110
610	193	77	109
607	195	80	115
611	197	80	122
609	190	82	131
606	199	84	116
607	192	83	116
608	196	78	111
605	200	75	94
608	196	74	103
610	201	69	94
612	200	67	90
608	196	72	88
609	190	74	96
608	208	78	93
610	189	70	102
608	207	76	95
605	193	82	101
608	190	81	109
609	188	82	115
606	189	82	115
607	186	80	130
614	191	70	137
608	192	74	132
609	192	81	140
606	195	81	121
608	195	84	111
609	195	87	120
611	193	86	118
612	202	93	104
621	194	88	110
638	201	82	100
636	198	97	98
666	204	92	93
698	201	74	91
728	204	68	81
755	206	71	71
793	199	65	75
809	203	79	79
847	200	78	80
882	197	83	92
920	206	82	76
962	200	74	78
1002	204	69	76
1017	204	85	85
1057	193	82	95
1077	204	76	90
1096	203	72	90
1113	199	72	98
1123	200	74	92
1131	191	66	97
1134	201	73	90
1137	198	76	98
1140	206	74	94
1144	205	68	93
1140	215	74	82
1142	208	79	86
1145	209	75	90
1146	205	73	94
1143	204	81	90
1144	208	76	84
1140	204	87	92
1146	209	80	84
1144	204	77	89
1144	204	85	92
1144	206	80	91
1143	204	85	92
1142	201	86	98
1142	206	90	87
1143	203	88	89
1144	206	89	85
1145	205	88	82
1146	206	86	87
1147	207	78	87
1146	203	86	90
1146	206	84	81
1142	201	88	92
1145	204	86	88
1142	206	93	85
1148	202	97	83
1149	202	90	88
1155	198	86	98
1152	193	100	102
1159	193	95	103
1169	194	90	107
1174	201	89	95
1181	195	86	101
1184	197	87	101
1204	197	85	104
1217	197	83	97
1221	196	97	101
1230	195	91	102
1240	197	86	103
1252	200	68	94
1253	201	75	92
1260	198	72	101
1258	199	71	99
1263	198	75	99
1267	203	71	90
