655	316	93	87
652	319	91	83
650	320	90	84
652	318	87	88
652	315	92	93
648	319	92	87
646	324	90	81
645	323	92	85
644	331	90	76
647	321	87	88
643	322	91	88
645	319	91	92
639	323	92	90
638	324	89	89
637	328	87	87
642	319	84	97
635	322	87	96
636	322	84	94
634	319	81	98
627	319	90	100
628	319	88	102
627	319	89	102
625	318	91	105
623	320	90	101
623	316	85	107
620	317	86	105
616	319	93	105
611	324	94	98
606	325	99	99
607	326	99	102
609	320	89	108
603	323	95	106
603	324	97	105
602	319	96	109
595	326	103	101
593	325	101	103
591	327	102	104
589	324	103	107
588	324	100	107
585	322	106	107
579	327	105	108
577	327	104	108
573	330	107	104
573	333	111	101
580	328	111	107
585	333	112	101
593	346	123	86
607	334	130	92
622	346	120	83
641	349	119	85
665	345	123	91
685	342	136	98
726	337	111	102
745	351	121	86
770	349	132	92
802	336	144	103
843	336	125	104
876	326	134	114
876	326	134	114
876	326	134	114
876	326	134	114
876	326	134	114
876	326	134	114
1059	306	118	124
1077	328	93	124
1073	324	87	119
1078	326	81	99
1057	344	101	112
1067	334	87	115
1067	334	87	115
1084	331	76	121
1088	326	63	106
1088	326	63	106
1088	326	63	106
1088	326	63	106
1198	279	72	99
1055	355	83	108
1055	355	83	108
1059	361	76	109
1066	363	66	108
1066	363	66	108
1189	286	70	109
1187	290	65	99
1185	287	70	108
1180	289	82	106
1176	286	85	111
1179	286	75	108
1176	289	85	110
1033	375	83	98
1033	375	83	98
1033	375	83	98
1033	375	83	98
928	400	75	94
928	400	75	94
928	400	75	94
928	400	75	94
928	400	75	94
917	406	90	98
903	411	107	92
903	411	107	92
903	411	107	92
903	411	107	92
918	409	112	105
918	409	112	105
833	381	145	101
921	419	145	100
916	412	153	105
919	409	143	112
917	389	146	136
914	381	147	153
911	390	143	146
911	392	144	146
904	395	151	144
899	391	157	149
891	398	161	143
873	394	142	150
878	393	155	154
880	394	147	162
838	340	114	165
876	374	108	184
843	320	87	206
841	395	94	171
833	421	104	151
826	411	112	158
814	413	100	156
805	427	102	150
794	422	119	161
792	424	118	160
785	409	121	181
770	410	154	186
761	425	166	170
763	410	161	193
757	428	186	173
759	436	157	171
756	442	131	170
766	433	139	187
773	451	119	169
775	455	125	166
778	454	128	177
778	454	128	177
818	451	126	185
830	455	99	184
863	460	95	185
858	459	87	182
894	470	72	177
912	472	63	185
924	470	77	185
945	464	67	165
965	474	66	165
983	512	59	176
993	481	68	185
1016	482	69	173
1043	487	64	160
1052	499	68	162
1076	496	66	187
1077	492	70	169
1094	502	74	167
1113	498	70	155
1133	443	94	167
1115	498	104	158
1107	499	96	161
1101	486	92	174
1096	506	90	170
1087	488	93	175
1071	487	98	177
1055	505	107	165
1048	553	136	183
1024	569	141	195
1001	506	154	218
995	481	197	250
960	476	220	273
958	476	200	317
953	469	207	342
941	460	261	362
918	462	274	368
895	431	309	415
888	423	280	439
865	441	313	413
868	449	324	433
841	427	334	455
838	426	357	442
825	433	352	478
811	415	357	503
814	430	343	505
794	437	367	509
805	411	349	534
802	457	350	482
778	422	387	525
780	417	381	529
799	431	385	500
827	440	336	505
828	463	344	476
819	440	344	507
831	436	329	532
838	412	331	560
842	415	338	543
849	419	342	552
863	405	313	561
878	395	321	578
879	434	341	533
884	431	352	529
905	426	336	530
910	449	334	515
938	462	302	501
977	467	278	519
956	473	322	490
943	464	336	494
957	457	323	510
967	457	322	470
951	450	339	426
941	473	327	331
906	475	323	326
1168	593	395	267
841	479	399	309
750	461	423	314
1062	554	400	273
822	468	352	313
798	460	340	320
774	489	307	293
784	461	298	323
751	475	300	304
756	474	319	287
737	463	351	305
762	462	367	311
764	465	331	298
747	458	380	310
724	470	369	281
716	465	413	298
723	430	469	327
704	435	424	322
734	450	419	300
740	433	489	337
691	446	511	325
764	455	452	319
779	446	454	311
808	446	421	308
835	445	408	291
842	452	405	295
872	451	394	299
892	447	398	342
913	378	372	360
943	422	369	329
970	428	363	332
991	431	379	322
1019	411	372	380
1041	406	360	407
1118	405	305	389
1084	413	353	410
1215	407	314	401
1229	433	261	370
1216	438	260	342
1218	405	283	365
1231	405	245	366
1193	403	294	369
1153	404	345	365
1143	392	336	396
1173	403	316	386
1150	396	321	351
1134	386	368	367
1119	389	349	363
1126	403	450	344
1018	364	464	381
1061	387	494	386
1084	369	509	369
1083	397	516	342
1061	361	498	376
1085	386	488	367
1082	358	500	383
1077	401	496	323
1089	371	483	360
1088	390	500	344
1104	391	545	335
1105	379	544	342
1099	393	606	319
1081	382	552	353
1120	386	533	313
1129	388	450	303
1088	382	495	311
1130	374	443	323
1159	377	417	336
1152	361	406	346
1137	365	403	346
1149	370	416	298
1149	359	365	325
1142	371	371	299
1133	367	372	301
1141	364	334	273
1131	353	339	313
1134	355	370	294
1125	351	355	322
1131	361	346	293
1141	356	333	311
1147	357	340	302
1142	363	386	275
1158	352	388	349
1177	348	355	298
1183	355	361	316
1174	340	402	328
1188	359	402	277
1171	365	379	236
1199	360	372	245
1203	358	345	268
1207	354	335	269
1205	354	303	258
1225	345	277	267
1210	345	305	278
1200	354	320	242
1200	344	333	271
1201	346	315	265
1189	355	296	231
1192	338	296	271
1175	340	344	306
1180	331	341	336
1189	324	329	388
1195	320	306	393
1184	309	306	384
1176	296	302	398
1174	297	294	387
1171	321	289	356
1174	315	279	347
1166	308	279	348
1176	320	261	318
1162	327	271	313
1174	325	256	316
1168	323	248	308
1144	333	271	284
1135	325	272	294
1135	329	281	279
1131	326	269	281
1131	331	272	261
1139	330	257	268
1149	331	238	255
1139	338	248	246
1153	339	221	235
1137	338	249	225
1124	336	247	218
1116	333	259	218
1118	315	254	242
1131	342	243	214
1132	332	243	219
1143	339	231	210
1140	339	247	202
1148	342	246	192
1149	340	245	197
1146	342	254	199
1154	351	256	181
1180	345	223	189
1187	340	227	183
1162	344	243	178
1157	353	255	173
1162	351	240	166
1165	360	232	160
1168	348	206	170
1162	350	216	166
1153	348	237	167
1152	357	240	155
1136	347	224	164
1140	358	247	157
1140	356	230	146
1131	356	197	151
1128	364	206	138
1129	362	225	137
1131	364	220	136
1124	361	225	138
1125	357	220	140
1124	360	215	136
1125	353	210	141
1123	360	213	131
1106	364	208	127
1117	358	215	133
1114	369	212	121
1113	381	207	105
1117	377	196	110
1118	390	191	96
1109	407	205	75
1081	376	194	102
1097	372	209	108
1110	399	188	85
1099	375	158	101
1107	375	136	97
1107	385	128	92
1110	394	131	82
1106	405	133	66
1101	392	123	75
1101	397	129	74
1094	376	120	89
1093	388	125	86
1092	395	130	74
1097	403	125	63
1082	380	126	83
1085	397	138	73
1090	378	127	86
1094	400	133	70
1098	394	123	70
1100	377	124	80
1120	398	116	64
1117	378	111	75
1142	392	117	69
1158	396	114	64
1166	378	105	75
1181	372	116	88
1197	390	121	74
1198	398	131	63
1201	400	134	58
1205	401	134	56
1212	386	134	73
1220	401	122	56
1223	398	119	54
1221	399	123	52
1206	383	128	67
1217	391	119	65
1215	398	122	53
1216	390	116	59
1222	394	107	55
1228	395	103	55
1215	383	110	68
1228	387	97	60
1213	392	113	52
1203	380	114	59
1212	380	108	63
1213	381	106	58
1210	381	107	59
1216	395	107	42
1210	393	106	43
1199	383	105	49
1208	386	98	48
1211	385	92	49
1209	389	93	47
1205	387	95	47
1209	387	87	45
1199	385	100	46
1201	384	94	43
1197	385	103	45
1194	385	95	34
1193	381	93	40
1196	382	93	45
1197	383	105	46
1199	385	90	43
1195	384	88	43
1194	382	85	41
1194	381	85	44
1193	381	88	43
1191	381	94	45
1194	380	86	47
1190	379	92	50
1187	379	96	39
1186	377	98	50
1187	379	96	44
1186	378	98	46
1186	377	79	44
1183	376	82	40
1178	376	81	38
1168	360	82	45
1169	377	79	41
1156	375	76	38
1137	372	77	40
1108	360	72	40
1083	359	65	45
1053	353	65	48
1024	368	71	40
987	367	76	44
938	369	82	36
898	364	81	45
850	367	79	36
800	369	79	36
754	364	76	41
704	374	78	36
651	372	82	35
590	369	92	42
531	375	90	37
479	367	91	45
412	372	103	41
349	377	99	39
290	378	97	41
228	383	102	39
164	378	111	48
132	383	103	47
91	381	103	50
56	376	113	54
56	376	113	54
22	397	106	38
