1483	444	32	70
1465	442	32	73
1451	446	38	74
1443	447	40	71
1435	444	43	75
1433	439	42	80
1430	441	43	78
1430	439	40	78
1432	435	40	83
1427	434	47	86
1422	434	49	85
1423	430	45	91
1423	432	44	87
1422	431	46	85
1433	430	35	84
1425	429	42	86
1421	455	42	75
1427	434	40	82
1427	431	43	83
1433	428	39	81
1430	428	41	87
1431	426	42	89
1433	427	40	87
1435	428	38	87
1435	427	40	88
1435	428	40	89
1438	430	39	86
1439	427	39	90
1441	426	39	90
1444	419	36	96
1445	424	35	93
1445	425	36	95
1447	425	35	96
1450	427	36	93
1452	430	36	94
1453	436	35	85
1456	431	36	87
1458	434	34	88
1460	426	32	94
1462	433	32	92
1462	432	31	93
1463	435	31	88
1464	433	29	93
1464	431	32	96
1464	429	33	95
1466	429	30	95
1468	428	26	93
1469	425	26	97
1468	429	28	92
1467	428	30	95
1466	435	30	95
1466	431	29	92
1464	431	33	92
1465	430	33	91
1464	432	35	91
1460	433	38	86
1463	431	35	87
1463	435	34	83
1462	430	37	86
1462	432	36	85
1454	430	43	94
1450	431	47	91
1449	428	49	95
1446	431	49	91
1445	432	50	91
1445	431	45	91
1444	431	47	93
1444	432	45	89
1444	433	36	84
1445	430	32	86
1444	432	33	86
1444	438	34	82
1445	434	33	80
1446	433	32	84
1447	430	31	89
1447	429	33	90
1448	430	32	87
1448	430	34	90
1451	431	33	89
1451	434	34	84
1452	432	35	88
1455	431	33	88
1455	437	37	85
1457	441	37	80
1460	437	36	81
1467	436	30	80
1472	432	26	86
1474	432	28	84
1477	432	27	85
1480	431	26	88
1482	430	28	86
1485	435	28	82
1492	434	24	83
1497	433	25	85
1499	435	25	87
1504	436	24	83
1505	437	25	84
1508	436	24	86
1509	437	25	86
1511	437	25	88
1512	438	26	87
1515	437	23	85
1516	436	25	87
1517	435	23	86
1518	434	23	90
1519	437	24	87
1520	439	24	78
1521	440	25	77
1522	438	25	81
1522	439	25	83
1523	439	24	80
1523	441	27	76
1523	439	27	77
1524	440	27	75
1524	438	27	81
1526	437	27	81
1526	439	28	81
1526	439	29	80
1526	438	31	78
1527	437	31	81
1530	441	29	79
1534	441	26	75
1536	439	26	79
1536	440	29	80
1536	438	31	80
1537	444	42	75
1534	442	49	77
1530	440	52	84
1529	439	53	86
1529	442	52	84
1527	440	55	85
1528	443	55	82
1525	444	58	82
1524	445	60	81
1518	446	56	79
1515	445	65	80
1517	443	61	83
1512	448	49	73
1512	446	47	75
1511	448	47	71
1511	447	48	71
1510	445	48	73
1513	443	46	73
1512	439	47	76
1516	433	39	82
1516	433	37	81
1517	432	33	78
1517	431	31	75
1517	431	31	74
1517	426	29	75
1517	422	29	77
1515	420	30	79
1515	422	28	76
1516	421	26	76
1516	419	26	79
1515	422	27	76
1515	426	27	70
1513	427	33	73
1513	430	38	72
1513	432	39	72
1515	434	36	70
1516	436	38	70
1517	439	38	69
1519	438	37	70
1520	439	39	68
1521	446	37	60
1523	446	39	58
1523	445	41	60
1525	445	40	60
1526	445	40	61
1528	446	38	59
1527	444	40	62
1529	441	38	66
1529	436	39	69
1529	431	38	76
1529	431	37	77
1524	431	40	85
1518	429	42	93
1511	429	40	90
1500	433	40	89
1486	434	41	85
1476	437	35	79
1455	437	35	75
1436	427	34	79
1416	427	31	79
1385	431	35	78
1352	433	38	75
1326	433	41	82
1293	421	41	84
1265	425	36	89
1231	421	37	84
1198	426	35	85
1172	413	31	96
1172	413	31	96
1106	419	24	90
1067	419	24	87
1030	423	21	83
1002	425	21	81
975	415	21	83
949	416	20	80
933	417	20	77
917	418	20	76
905	420	23	75
896	422	23	75
889	421	24	76
887	420	23	77
885	418	21	77
881	421	23	77
880	419	22	80
879	420	23	83
878	421	23	80
880	422	22	78
880	423	23	78
880	423	22	78
881	424	23	79
880	424	24	77
881	423	24	83
880	423	25	80
880	423	25	83
880	423	24	80
879	425	25	78
879	423	25	80
879	423	25	78
877	423	26	79
878	421	25	82
878	423	24	79
877	423	24	78
876	423	24	78
876	422	24	82
876	424	24	81
876	425	24	76
876	425	24	77
875	425	25	77
875	425	25	79
874	424	25	83
874	424	26	83
874	425	26	79
874	425	25	80
873	425	24	79
874	426	23	79
874	427	22	77
874	426	20	76
875	425	19	81
874	426	18	80
874	425	18	82
873	426	18	80
873	424	17	84
872	426	18	82
873	425	18	85
872	426	17	79
871	425	19	81
870	426	20	81
870	427	21	84
868	427	22	88
867	428	22	87
867	427	22	88
867	427	23	91
865	425	25	97
866	426	24	90
864	428	25	87
866	428	24	81
865	429	23	79
865	429	24	81
865	428	24	83
864	426	25	88
866	428	25	81
865	428	25	86
867	429	25	85
871	426	24	85
877	427	25	87
887	428	25	83
899	428	26	80
915	428	26	86
933	429	26	84
957	426	25	84
982	427	25	86
1009	428	27	82
1039	428	26	78
1068	431	26	77
1104	430	26	77
1137	431	29	84
1170	437	30	86
1209	434	29	84
1247	443	33	75
1286	440	32	81
1326	444	33	79
1368	445	32	73
1413	443	32	82
1455	444	35	86
1490	447	37	92
1525	449	37	91
1554	450	38	92
1576	450	36	100
1593	454	38	93
1606	455	37	95
1619	455	36	92
1626	455	36	92
1633	454	33	92
1634	456	38	92
1636	455	35	99
1639	455	34	97
1639	455	33	100
1640	454	33	100
1638	455	35	103
1638	454	34	109
1637	455	34	104
1638	455	33	104
1636	457	33	97
1636	457	33	99
1635	456	34	102
1634	456	36	102
1633	458	35	100
1633	457	37	94
1632	460	38	94
1631	458	40	98
1630	459	39	92
1629	459	42	94
1629	458	40	101
1628	459	43	97
1625	459	43	101
1627	459	42	100
1627	460	42	97
1627	459	42	94
1626	459	41	98
1626	460	41	96
1625	462	40	95
1626	462	38	92
1625	462	38	93
1625	464	34	91
1625	465	34	89
1624	464	33	94
1624	466	33	95
1624	467	31	93
1622	471	29	92
1621	471	30	91
1621	475	28	90
1620	475	30	87
1620	478	29	84
1618	479	29	89
1616	479	32	95
1616	480	31	95
1616	480	30	95
1616	483	29	97
1615	484	31	95
1615	484	31	96
1611	485	34	96
1610	484	35	99
1609	486	36	98
1607	485	39	100
1609	484	36	100
1608	482	36	100
1607	482	37	102
1608	482	36	98
1606	483	37	97
1605	484	36	98
1604	483	36	94
1604	483	35	96
1602	482	35	97
1601	482	34	97
1601	482	34	97
1601	481	33	101
1600	483	34	96
1599	482	33	97
1598	483	35	94
1598	485	34	95
1598	484	36	95
1599	484	34	96
1598	484	35	95
1599	484	34	99
1598	483	34	104
1597	483	37	106
1597	483	37	108
1597	481	36	108
1597	484	35	102
1597	482	37	101
1598	482	34	102
1597	481	36	103
1597	480	35	103
1597	480	37	104
1597	480	35	101
1596	480	37	97
1598	479	35	101
1598	478	34	103
1597	479	36	99
1597	478	36	102
1596	478	35	97
1596	476	36	94
1596	477	35	93
1595	476	35	98
1592	475	36	98
1584	474	37	103
1579	471	34	105
1568	471	35	97
1551	470	35	102
1535	469	33	99
1516	469	31	91
1493	466	30	90
1464	461	30	89
1436	461	29	86
1408	459	28	80
1371	459	29	75
1335	456	28	76
1304	453	27	81
1259	458	28	74
1226	457	25	66
1188	449	26	74
1150	450	24	78
1120	451	24	74
1093	450	23	74
1069	450	26	74
1052	448	25	73
1038	448	25	75
1029	444	24	83
1021	445	23	81
1014	446	24	80
1011	443	22	83
1009	445	23	83
1007	445	24	84
1006	445	23	85
1006	444	24	86
1006	446	23	85
1007	446	22	83
1008	446	22	80
1008	446	23	82
1009	447	22	80
1008	448	23	78
1009	447	23	81
1009	445	24	84
1010	447	24	81
1010	447	23	81
1009	449	25	77
1010	448	24	81
1009	449	25	82
1009	448	25	85
1009	448	25	87
1010	449	25	83
1009	447	22	88
1010	448	20	91
1009	449	20	94
1010	447	20	91
1010	451	20	90
1009	454	20	95
1010	454	19	91
1010	453	18	91
1010	456	18	87
1010	457	18	84
1010	456	18	84
1009	457	19	84
1009	459	18	80
1007	459	20	76
1007	457	20	78
1006	456	21	82
1005	455	23	86
1004	457	23	82
1003	457	24	82
1002	455	24	83
1001	453	24	84
999	453	27	86
998	455	29	81
998	454	29	82
997	454	28	81
996	453	28	82
996	456	27	78
996	456	26	76
996	454	25	78
994	453	26	79
994	453	26	78
993	455	27	77
992	452	27	79
992	451	26	81
992	452	25	79
992	454	24	78
991	451	25	83
989	452	25	81
989	452	26	82
989	455	24	78
989	454	25	80
989	450	24	85
990	451	22	83
989	452	22	85
988	453	24	86
988	452	25	84
988	450	25	84
989	453	24	81
988	451	26	85
989	450	23	87
990	453	21	81
990	451	23	81
989	452	23	81
990	451	22	80
989	452	23	80
990	454	20	79
989	452	22	82
989	453	21	80
989	454	19	78
989	455	20	76
989	454	19	79
988	457	19	77
988	456	19	79
988	454	19	82
988	456	20	78
988	457	18	76
988	459	18	76
987	461	18	74
987	462	18	72
987	463	18	70
988	460	17	71
988	461	17	73
988	460	17	76
989	458	17	82
988	457	19	84
989	456	19	86
990	457	18	86
990	460	19	84
991	462	20	82
991	461	21	85
992	460	21	86
992	460	25	88
994	461	23	86
994	462	27	87
995	462	27	87
997	459	26	92
999	460	26	92
1001	462	26	89
1002	462	26	93
1006	464	24	91
1008	466	24	85
1010	465	24	87
1012	467	24	84
1016	467	21	85
1018	469	21	84
1021	468	21	87
1024	469	20	85
1027	470	20	87
1030	470	20	87
1032	471	21	89
1036	471	21	92
1038	472	23	92
1042	473	23	92
1045	473	24	92
1048	473	25	93
1050	475	26	90
1053	472	26	92
1057	475	26	88
1060	475	26	91
1064	476	27	90
1066	476	27	94
1071	477	27	91
1075	478	26	88
1081	477	24	87
1086	477	22	90
1089	476	23	95
1093	477	24	95
1098	479	22	90
1103	480	23	87
1107	478	23	93
1112	478	22	94
1118	481	22	91
1122	481	22	89
1128	485	23	90
1133	484	24	92
1137	483	24	96
1142	484	25	100
1146	485	27	100
1150	485	26	101
1155	487	27	99
1160	488	26	100
1164	489	26	99
1169	490	25	98
1173	490	26	98
1179	492	25	96
1184	490	25	100
1189	492	27	99
1194	493	27	97
1199	493	27	99
1204	496	28	95
1206	496	29	97
1210	498	30	96
1215	496	29	101
1219	498	30	98
1224	498	31	101
1229	499	30	96
1233	500	32	99
1239	503	30	94
1243	503	31	97
1248	502	30	101
1252	504	31	99
1254	506	32	103
1256	507	35	101
1255	521	42	113
1262	494	36	114
1270	493	35	116
1277	504	33	115
1278	502	38	120
1283	500	45	125
1285	510	54	113
1289	511	56	118
1293	510	42	113
1299	513	33	112
1303	514	33	114
1307	517	33	107
1311	517	32	108
1315	519	32	107
1320	520	30	111
1322	524	31	106
1325	524	33	109
1328	524	33	113
1332	525	31	109
1334	526	34	114
1339	527	32	111
1342	528	31	113
1346	530	32	114
1350	531	31	113
1352	534	32	111
1357	534	32	112
1360	536	32	116
1366	538	30	115
1368	539	31	119
1371	540	31	121
1375	540	31	119
1378	537	32	125
1380	542	32	117
1384	542	32	119
1385	540	35	119
1389	542	35	117
1391	540	34	124
1394	546	34	123
1400	548	33	121
1404	549	33	119
1407	554	34	125
1412	557	34	123
1415	558	35	119
1419	563	35	118
1419	565	37	122
1424	569	34	122
1425	570	36	119
1428	574	34	116
1428	574	34	114
1430	575	33	109
1430	572	35	112
1430	577	33	110
1431	577	33	111
1431	570	34	118
1430	569	35	120
1430	566	35	122
1430	565	34	118
1427	567	35	114
1426	571	35	109
1424	568	38	111
1424	569	38	110
1420	573	40	105
1420	569	41	108
1416	571	44	105
1417	563	43	114
1418	563	42	112
1418	561	42	115
1416	559	44	118
1415	554	43	126
1414	551	44	130
1412	556	46	124
1412	557	46	120
1411	555	48	130
1409	558	48	132
1410	556	46	128
1410	557	46	132
1407	555	46	132
1407	556	47	132
1406	556	45	131
1404	552	45	137
1403	555	49	132
1404	554	47	142
1404	553	46	142
1404	552	46	137
1403	554	47	137
1402	553	48	143
1405	552	44	142
1404	552	43	135
1405	553	42	130
1405	553	43	132
1401	555	46	132
1402	556	42	122
1397	557	43	124
1393	556	43	131
1389	555	40	129
1376	554	40	126
1366	555	39	118
1350	550	40	121
1331	547	37	126
1313	547	37	122
1292	551	34	116
1269	546	34	119
1241	545	36	116
1219	541	34	119
1200	540	36	119
1181	538	35	114
1166	539	35	111
1157	539	35	107
1148	537	35	108
1144	534	33	110
1138	533	32	110
1135	531	34	112
1134	529	33	113
1133	530	33	110
1131	529	34	113
1132	530	35	113
1131	531	35	109
1133	529	35	115
1133	527	37	124
1133	527	36	123
1132	528	37	118
1133	527	38	113
1135	524	36	120
1134	526	40	117
1137	524	38	123
1137	524	39	126
1139	523	38	130
1141	522	37	130
1142	522	38	128
1145	520	36	133
1147	522	35	125
1148	520	34	124
1150	520	35	115
1152	521	36	110
1158	522	35	106
1168	520	39	114
1182	523	38	108
1202	526	41	103
1223	529	43	106
1251	528	43	109
1288	535	46	98
1317	536	51	101
1355	542	57	107
1406	541	51	106
1457	547	48	97
1522	552	44	95
1572	562	45	95
1639	562	42	100
1705	577	46	102
1759	573	48	109
1831	588	49	109
1882	599	40	105
