1199	929	28	96
1197	931	28	91
1196	932	30	89
1195	931	27	84
1193	932	26	80
1191	932	28	81
1186	931	29	81
1183	930	32	82
1180	932	33	83
1181	929	28	83
1178	930	29	86
1175	930	29	84
1175	928	26	85
1172	927	26	84
1169	927	26	87
1167	927	26	82
1166	930	26	89
1163	926	27	93
1156	927	32	89
1149	927	38	90
1149	928	38	92
1147	928	38	94
1146	927	37	96
1147	927	33	95
1145	929	31	89
1142	929	32	93
1142	929	29	93
1140	928	27	88
1137	930	29	88
1136	929	26	90
1135	930	25	90
1131	928	29	85
1126	928	34	94
1126	930	32	94
1123	928	34	96
1121	927	34	95
1115	925	39	96
1114	925	39	98
1115	926	37	94
1114	926	39	91
1114	924	34	91
1112	922	35	96
1110	922	38	96
1107	924	40	94
1100	923	47	94
1096	923	51	98
1101	921	42	94
1098	922	43	98
1094	921	44	98
1092	920	42	100
1088	920	45	101
1088	921	43	98
1089	922	39	96
1089	920	36	93
1089	919	37	99
1088	918	35	97
1086	918	35	96
1087	917	32	96
1086	916	32	101
1086	915	30	98
1086	914	29	93
1084	913	31	93
1083	911	30	95
1084	911	30	95
1079	911	35	96
1078	908	34	95
1078	907	32	101
1077	907	33	102
1076	907	31	99
1069	906	37	94
1073	901	30	103
1071	902	30	103
1066	903	34	97
1067	901	31	95
1066	901	31	94
1067	900	30	98
1064	898	30	100
1063	896	30	95
1062	897	30	89
1059	896	33	92
1057	894	34	95
1057	893	33	95
1058	892	30	92
1057	892	30	94
1055	892	32	92
1054	890	31	95
1054	889	30	96
1054	888	29	92
1054	887	30	90
1052	886	30	86
1050	885	30	86
1048	883	33	88
1048	882	32	88
1051	881	28	87
1049	880	28	83
1048	880	30	81
1047	880	30	82
1044	878	34	88
1045	879	31	85
1047	877	29	80
1047	877	29	83
1048	876	28	76
1048	875	27	85
1048	874	28	84
1046	873	28	82
1048	872	25	78
1048	872	25	79
1046	872	27	83
1045	871	28	82
1045	870	27	87
1040	870	32	80
1040	868	30	84
1038	867	31	86
1036	867	29	84
1035	866	27	76
1028	865	30	84
1020	862	31	86
1016	864	28	83
1005	862	29	84
997	861	28	84
987	861	28	84
970	859	30	87
960	856	29	85
946	855	27	80
932	857	24	76
918	858	26	71
902	859	25	65
887	860	25	63
867	861	27	67
850	863	25	60
837	859	24	63
822	860	25	70
808	860	24	67
798	861	25	72
790	860	24	75
782	861	24	79
778	860	23	77
772	861	24	78
768	860	27	82
765	860	28	82
764	859	27	83
762	859	27	79
763	858	25	79
763	858	24	77
762	858	24	79
761	858	26	74
762	858	23	73
760	858	25	73
762	857	23	76
760	857	26	79
761	855	25	82
757	855	30	79
758	853	29	80
760	852	27	79
760	852	27	75
762	851	25	79
763	852	25	78
762	852	25	75
763	852	24	73
762	852	26	76
763	851	25	78
760	851	27	77
759	849	28	78
758	848	29	78
760	847	29	77
761	848	29	80
761	847	27	79
761	847	28	79
761	847	29	82
762	845	28	82
764	846	25	81
763	846	26	79
763	846	26	78
765	845	24	81
764	847	26	81
763	845	27	81
764	845	24	80
764	846	25	78
764	845	25	80
764	845	24	78
764	845	24	76
764	845	24	71
764	844	24	72
764	843	25	77
766	843	23	73
766	843	23	76
766	842	23	76
766	842	22	75
765	841	23	78
764	842	21	74
761	841	21	76
754	841	22	79
746	842	23	78
739	842	23	75
729	842	23	73
716	843	21	69
703	843	25	73
688	845	24	71
675	845	24	72
656	846	25	71
635	850	29	74
623	850	23	66
604	854	23	71
587	854	23	76
566	856	24	73
544	859	24	73
525	863	24	71
505	867	22	65
483	870	23	62
461	873	27	70
440	876	27	77
423	879	29	77
407	882	30	76
394	884	29	80
384	884	29	82
376	886	26	87
371	886	26	86
367	886	28	90
365	887	28	86
365	887	28	88
363	888	28	88
362	888	30	82
363	890	30	79
364	889	30	79
364	889	31	78
364	890	33	77
363	890	35	79
365	889	33	79
366	889	33	79
369	890	32	79
372	890	30	77
373	889	30	78
376	889	29	81
377	888	29	77
377	889	31	74
381	889	30	72
383	890	30	71
384	889	31	77
386	890	30	73
388	890	31	75
390	891	29	73
392	889	28	75
393	891	30	71
394	891	30	76
395	890	31	80
396	892	32	79
397	892	32	82
398	893	31	81
399	892	31	85
401	894	30	85
400	895	31	81
400	895	33	83
400	894	34	88
400	895	35	86
403	892	32	86
404	889	29	84
406	884	27	92
406	878	29	100
407	874	29	107
407	870	29	109
408	875	29	107
407	883	30	99
408	885	29	102
408	887	29	96
409	888	30	90
410	892	28	83
410	894	30	85
412	896	27	89
412	898	30	88
413	899	28	89
414	900	28	85
415	900	29	80
414	898	29	86
417	897	25	84
415	897	27	85
415	897	29	90
413	897	31	85
416	896	31	92
415	895	31	96
414	896	34	91
414	895	35	92
416	895	34	93
418	894	35	97
418	894	35	95
423	893	30	93
425	894	29	90
427	894	30	87
427	895	30	86
430	895	28	82
431	894	30	86
432	894	29	85
432	895	31	88
437	895	27	87
438	895	28	91
440	895	37	86
441	893	33	88
443	893	29	84
443	892	30	83
443	890	32	86
442	890	35	83
439	892	39	84
441	892	39	77
442	895	41	77
445	896	38	77
444	899	41	73
445	899	40	71
448	897	37	71
441	898	44	68
441	896	45	72
442	895	43	73
441	895	42	73
441	898	42	65
441	895	41	70
441	897	39	67
441	897	39	69
438	896	45	77
437	898	42	68
436	896	40	72
435	895	39	74
434	896	38	74
433	896	37	74
430	895	36	78
430	896	32	78
427	891	37	87
425	894	39	85
424	901	34	80
420	903	34	76
416	907	37	72
412	907	40	75
407	906	40	77
403	905	43	75
398	906	47	75
393	906	53	79
388	907	55	80
378	907	52	78
375	909	50	82
369	911	51	80
364	912	54	79
360	911	58	83
361	910	49	82
356	911	54	80
351	912	55	82
347	912	58	82
345	912	54	76
344	911	45	78
343	913	36	71
338	916	34	65
334	918	35	70
334	916	32	78
331	916	32	81
328	914	33	90
323	915	34	86
317	915	39	91
311	914	44	92
310	915	37	93
305	916	34	83
302	919	31	79
298	921	31	79
292	923	34	77
284	923	38	74
285	923	35	76
281	925	36	76
275	927	41	83
272	927	41	86
271	927	37	83
270	929	33	85
267	932	32	85
263	934	31	81
261	938	29	79
258	940	26	73
256	940	27	78
254	938	27	69
252	939	30	64
253	938	31	66
256	936	30	72
262	935	29	67
273	934	25	66
280	934	25	64
290	932	27	65
300	929	28	65
309	926	35	67
324	922	36	68
324	922	36	68
360	916	43	73
360	916	43	73
360	916	43	73
360	916	43	73
360	916	43	73
360	916	43	73
360	916	43	73
360	916	43	73
360	916	43	73
360	916	43	73
360	916	43	73
360	916	43	73
360	916	43	73
360	916	43	73
360	916	43	73
360	916	43	73
360	916	43	73
360	916	43	73
360	916	43	73
360	916	43	73
360	916	43	73
360	916	43	73
360	916	43	73
360	916	43	73
360	916	43	73
360	916	43	73
360	916	43	73
360	916	43	73
360	916	43	73
360	916	43	73
360	916	43	73
360	916	43	73
360	916	43	73
360	916	43	73
360	916	43	73
360	916	43	73
360	916	43	73
360	916	43	73
360	916	43	73
360	916	43	73
360	916	43	73
360	916	43	73
360	916	43	73
360	916	43	73
360	916	43	73
360	916	43	73
360	916	43	73
360	916	43	73
360	916	43	73
360	916	43	73
360	916	43	73
360	916	43	73
360	916	43	73
360	916	43	73
360	916	43	73
360	916	43	73
422	982	46	73
422	982	46	73
422	982	46	73
422	982	46	73
422	982	46	73
422	982	46	73
422	982	46	73
422	982	46	73
422	982	46	73
422	982	46	73
422	982	46	73
422	982	46	73
422	982	46	73
422	982	46	73
422	982	46	73
422	982	46	73
422	982	46	73
422	982	46	73
422	982	46	73
422	982	46	73
422	982	46	73
422	982	46	73
422	982	46	73
422	982	46	73
422	982	46	73
422	982	46	73
422	982	46	73
422	982	46	73
422	982	46	73
422	982	46	73
422	982	46	73
422	982	46	73
422	982	46	73
422	982	46	73
422	982	46	73
422	982	46	73
422	982	46	73
422	982	46	73
422	982	46	73
422	982	46	73
422	982	46	73
422	982	46	73
422	982	46	73
422	982	46	73
422	982	46	73
422	982	46	73
422	982	46	73
422	982	46	73
422	982	46	73
422	982	46	73
422	982	46	73
422	982	46	73
422	982	46	73
422	982	46	73
422	982	46	73
422	982	46	73
422	982	46	73
422	982	46	73
422	982	46	73
422	982	46	73
422	982	46	73
422	982	46	73
422	982	46	73
422	982	46	73
422	982	46	73
422	982	46	73
422	982	46	73
422	982	46	73
422	982	46	73
422	982	46	73
422	982	46	73
422	982	46	73
422	982	46	73
422	982	46	73
422	982	46	73
422	982	46	73
422	982	46	73
422	982	46	73
422	982	46	73
422	982	46	73
422	982	46	73
422	982	46	73
422	982	46	73
422	982	46	73
422	982	46	73
422	982	46	73
422	982	46	73
422	982	46	73
422	982	46	73
422	982	46	73
422	982	46	73
422	982	46	73
422	982	46	73
422	982	46	73
422	982	46	73
422	982	46	73
422	982	46	73
422	982	46	73
422	982	46	73
442	954	48	87
442	954	48	87
442	954	48	87
442	954	48	87
442	954	48	87
442	954	48	87
442	954	48	87
442	954	48	87
442	954	48	87
442	954	48	87
442	954	48	87
442	954	48	87
442	954	48	87
442	954	48	87
442	954	48	87
442	954	48	87
444	968	52	95
446	968	50	111
446	968	50	111
446	968	50	111
446	968	50	111
446	968	50	111
446	968	50	111
446	968	50	111
446	968	50	111
446	968	50	111
446	968	50	111
446	968	50	111
446	968	50	111
446	968	50	111
446	968	50	111
446	968	50	111
446	968	50	111
446	968	50	111
446	968	50	111
446	968	50	111
446	968	50	111
446	968	50	111
446	968	50	111
446	968	50	111
446	968	50	111
446	968	50	111
446	968	50	111
446	968	50	111
446	968	50	111
446	968	50	111
446	968	50	111
574	951	44	102
574	951	44	102
574	951	44	102
574	951	44	102
574	951	44	102
720	915	51	100
731	910	47	88
728	916	48	77
729	917	47	73
735	919	38	67
741	917	31	69
742	918	31	70
744	918	29	67
744	919	31	68
745	919	31	72
745	920	32	70
749	920	29	70
747	920	33	71
751	920	30	76
752	920	30	75
755	920	29	71
756	918	27	72
757	918	29	74
758	918	28	77
760	916	28	71
760	918	30	73
763	917	29	78
764	915	28	80
768	916	26	76
771	915	25	76
773	915	25	74
777	916	23	73
778	916	24	72
780	916	26	69
780	918	28	74
784	917	21	66
786	919	28	69
787	918	30	72
789	915	31	79
790	914	31	76
792	911	31	73
794	913	24	75
794	911	29	80
796	909	23	74
796	909	23	75
797	908	27	73
798	909	34	74
798	907	39	78
799	905	31	78
802	907	30	76
803	910	29	74
805	911	26	71
807	914	26	70
808	915	29	74
808	915	32	80
808	915	31	69
809	913	38	71
810	910	34	76
809	907	43	76
811	899	42	82
809	889	45	89
809	889	45	89
804	888	46	98
802	878	52	108
802	872	51	109
802	872	51	109
802	872	51	109
802	872	51	109
802	872	51	109
802	872	51	109
802	872	51	109
805	839	46	121
805	839	46	121
805	839	46	121
805	839	46	121
805	839	46	121
805	839	46	121
805	839	46	121
805	839	46	121
805	839	46	121
805	839	46	121
805	839	46	121
805	839	46	121
805	839	46	121
805	839	46	121
805	839	46	121
763	976	45	118
763	976	45	118
839	841	58	112
755	959	57	112
826	826	67	122
