1025	719	94	150
1025	718	91	152
1026	716	92	157
1025	718	93	151
1027	716	93	153
1027	719	94	153
1030	714	90	155
1028	715	95	155
1029	716	96	155
1029	712	97	160
1029	711	98	154
1031	712	99	159
1033	708	97	159
1032	709	96	151
1034	710	98	153
1037	708	95	146
1037	708	95	146
1035	705	102	153
1040	707	96	141
1040	705	98	144
1042	702	98	148
1043	701	98	147
1042	702	101	147
1045	697	98	150
1047	697	98	144
1051	696	93	147
1050	694	96	147
1051	692	98	155
1054	692	93	150
1057	692	91	149
1058	689	90	153
1063	686	87	152
1063	686	84	147
1063	685	86	149
1066	683	85	151
1069	682	81	151
1069	680	82	153
1070	681	84	149
1074	679	79	152
1074	680	80	146
1077	676	76	154
1080	676	73	150
1081	675	73	149
1078	677	79	146
1079	677	79	146
1083	675	73	146
1083	673	73	150
1085	672	72	150
1082	672	75	148
1086	671	72	157
1085	671	71	153
1088	670	70	145
1089	670	70	140
1088	667	72	150
1089	668	70	146
1093	667	67	138
1091	667	64	147
1093	666	67	144
1093	666	67	143
1096	664	62	143
1097	664	60	135
1097	661	60	141
1096	662	64	139
1099	660	59	138
1100	661	58	134
1100	658	60	137
1100	659	58	132
1100	655	60	142
1101	654	59	140
1102	656	57	133
1103	653	55	138
1103	651	56	138
1102	650	52	140
1103	649	54	137
1102	649	55	132
1103	647	52	140
1102	645	53	136
1102	645	54	135
1101	643	52	138
1103	641	53	144
1101	642	54	134
1101	641	52	135
1102	640	51	133
1102	640	50	130
1099	639	56	135
1101	637	52	133
1100	638	50	128
1098	637	54	139
1099	637	52	135
1098	633	51	130
1098	633	50	131
1095	635	51	127
1095	634	51	119
1093	632	53	130
1093	632	49	119
1093	631	48	116
1092	630	48	123
1088	629	51	117
1088	629	47	118
1090	627	44	110
1087	627	48	118
1086	627	48	117
1085	625	47	122
1083	625	51	119
1082	625	49	121
1084	622	49	118
1083	621	47	126
1081	621	49	121
1079	620	50	129
1079	618	48	128
1076	618	51	127
1078	616	48	126
1077	617	49	123
1076	616	49	121
1074	615	49	127
1074	615	51	123
1071	614	55	124
1069	613	55	124
1070	613	54	123
1069	613	53	118
1071	611	52	121
1068	609	53	127
1066	610	54	121
1066	608	56	124
1064	608	54	123
1064	607	56	121
1063	605	58	123
1062	604	59	122
1059	605	59	119
1062	605	56	115
1061	603	55	122
1059	604	59	114
1058	603	58	116
1058	601	58	114
1058	601	56	113
1056	600	58	112
1055	600	59	115
1056	598	59	111
1054	595	60	119
1054	595	61	116
1053	594	60	114
1053	594	59	116
1051	593	63	112
1051	593	60	110
1052	591	59	113
1052	590	59	116
1051	588	60	117
1050	588	60	121
1050	587	61	117
1051	584	58	117
1049	587	61	115
1050	585	58	113
1050	585	61	114
1049	585	61	113
1050	582	61	116
1049	583	62	117
1049	583	61	114
1049	581	62	111
1047	581	63	115
1046	581	65	113
1047	582	65	112
1046	581	65	108
1048	579	62	109
1048	577	64	109
1047	580	70	105
1055	578	66	111
1063	577	65	107
1072	575	66	107
1085	580	67	102
1098	578	67	109
1113	576	60	106
1123	579	64	100
1132	578	64	99
1138	579	70	101
1143	577	71	103
1147	578	73	103
1154	577	69	98
1155	576	68	105
1158	576	68	99
1159	575	68	102
1162	575	68	103
1169	576	66	94
1181	573	60	105
1188	575	66	100
1208	577	58	95
1227	576	54	93
1247	577	56	95
1265	579	54	92
1287	579	51	96
1305	578	48	100
1318	578	50	99
1327	578	53	103
1332	577	56	107
1332	577	61	105
1322	576	75	106
1312	571	87	118
1304	571	91	114
1295	568	86	118
1284	567	82	116
1255	568	86	104
1223	567	90	103
1179	564	104	111
1136	564	111	106
1104	563	100	99
1062	561	100	97
1021	561	105	107
1021	561	105	107
1021	561	105	107
1021	561	105	107
1021	561	105	107
797	557	99	118
748	558	110	122
748	558	110	122
748	558	110	122
632	557	128	132
618	555	124	142
618	555	124	142
618	555	124	142
618	555	124	142
618	555	124	142
618	555	124	142
618	555	124	142
618	555	124	142
618	555	124	142
618	555	124	142
618	555	124	142
618	555	124	142
618	555	124	142
618	555	124	142
618	555	124	142
550	546	161	149
537	534	175	163
553	524	186	199
555	507	206	250
558	517	202	243
561	501	210	255
576	499	198	264
574	484	211	278
582	472	214	270
590	518	193	232
596	490	201	261
599	476	201	274
618	468	191	274
611	467	195	286
617	466	192	288
626	470	179	282
624	467	189	285
632	466	186	283
631	467	186	285
632	466	191	287
643	468	175	290
639	461	188	295
650	461	180	302
651	469	177	279
651	466	186	288
649	467	188	287
658	466	180	291
664	461	176	289
666	467	176	289
674	461	168	295
663	463	184	295
674	467	178	291
675	468	174	288
673	470	179	281
673	459	175	302
676	465	173	295
665	462	183	295
674	465	167	300
668	466	174	290
663	471	179	282
668	464	171	297
670	469	171	292
671	470	167	293
673	463	166	299
675	463	169	301
685	465	159	292
682	465	165	300
686	476	158	278
689	469	162	301
694	467	158	297
695	469	158	295
699	465	160	293
699	467	159	292
706	475	159	284
707	468	159	296
713	461	154	301
712	467	159	293
713	463	160	298
709	472	169	286
718	476	159	280
714	471	157	286
720	469	153	292
708	474	168	287
716	476	161	273
701	470	179	286
713	473	166	280
713	468	166	289
717	473	163	276
710	470	171	286
717	472	174	280
713	477	175	272
721	465	172	293
725	475	170	277
720	471	183	286
722	469	182	288
734	477	173	266
735	474	176	275
735	473	179	278
735	473	184	279
740	471	179	283
747	473	174	284
746	473	184	278
749	473	181	276
749	476	179	269
755	473	177	276
746	470	187	280
750	468	180	284
757	472	177	276
750	473	184	275
750	474	182	272
758	478	178	266
748	476	193	271
757	477	182	271
762	483	179	266
756	483	189	267
772	471	178	277
779	476	164	276
776	481	177	263
776	472	185	282
779	475	180	275
780	474	180	277
782	468	186	286
790	469	181	279
800	479	170	267
810	484	171	267
809	494	171	256
805	479	185	271
815	483	171	265
821	496	173	251
810	487	184	261
821	497	170	250
819	473	177	275
817	477	177	275
821	479	175	268
816	474	184	273
825	476	173	269
824	474	175	273
816	466	183	275
821	470	182	273
827	463	174	284
819	465	182	278
827	470	173	277
813	465	186	276
824	472	177	271
806	464	199	275
824	470	173	269
821	473	175	271
829	488	166	251
822	485	175	257
826	494	168	242
822	486	175	251
819	494	177	241
821	487	177	255
820	485	180	250
820	488	179	253
822	482	172	260
818	494	177	250
809	478	190	264
819	477	184	266
819	473	179	273
805	480	193	266
816	485	185	261
802	486	194	275
808	481	189	286
802	482	195	302
804	468	193	334
809	467	184	347
801	462	197	348
807	463	184	360
804	455	196	381
805	459	198	385
803	454	204	381
802	469	198	369
801	461	193	369
800	468	185	361
794	465	187	372
785	458	178	365
783	458	171	370
776	457	182	374
770	453	182	370
768	469	180	347
766	456	182	385
764	459	187	367
747	456	199	353
759	476	185	352
743	455	203	311
757	480	191	331
758	474	188	337
753	474	197	335
755	470	196	350
759	456	196	383
762	449	214	389
764	463	235	371
748	449	268	397
765	434	257	410
756	461	239	376
765	450	250	391
758	433	263	404
745	412	276	426
767	424	252	407
759	411	256	442
769	423	243	413
754	403	279	433
754	417	275	420
776	400	245	444
767	405	252	405
772	390	262	384
764	443	242	367
781	431	243	340
776	434	236	291
760	462	211	300
779	457	195	274
773	459	186	269
782	470	166	258
777	474	172	259
778	495	169	238
781	493	171	237
774	483	178	250
784	497	166	234
781	510	169	224
781	501	172	241
780	523	170	218
779	502	174	241
779	500	166	243
779	518	170	225
777	511	172	239
778	507	173	240
781	513	169	238
780	530	166	223
780	514	167	237
778	504	169	254
777	527	168	232
776	506	178	256
775	515	170	250
776	501	175	261
777	527	173	238
776	538	171	231
776	539	176	227
779	538	166	228
777	548	166	222
781	548	164	224
778	553	163	226
777	552	166	227
779	557	168	228
779	559	164	222
783	564	168	220
779	559	167	227
774	560	172	227
777	569	171	217
780	563	166	228
778	561	167	228
781	569	163	221
776	566	169	225
778	566	165	226
784	558	162	232
784	561	163	228
782	566	167	226
785	564	163	229
785	561	165	231
787	571	167	220
787	572	159	220
789	571	164	221
791	571	162	222
790	568	164	224
791	570	162	221
791	561	162	234
794	556	158	236
785	563	165	230
781	571	169	219
780	572	165	223
778	570	160	226
777	568	163	231
777	570	161	228
771	573	164	222
772	574	161	222
771	574	165	223
769	574	166	223
772	574	163	224
771	569	166	229
773	575	166	223
777	580	164	219
773	577	170	224
779	574	166	230
782	584	164	216
784	579	165	223
786	575	167	229
786	580	172	222
790	586	172	216
792	584	168	219
799	599	166	204
801	583	168	222
804	578	169	229
807	581	168	228
809	575	168	232
813	583	165	222
818	584	166	221
821	578	168	227
822	577	168	226
832	575	163	230
829	576	168	228
839	572	165	234
837	583	168	222
845	569	164	239
845	576	167	227
854	574	165	234
855	553	167	254
870	542	160	260
870	502	168	298
868	541	168	265
877	555	157	248
874	569	166	242
878	550	169	259
885	521	169	282
892	501	166	311
901	538	156	277
908	507	150	290
914	521	147	284
910	504	155	310
913	492	155	321
915	517	154	293
920	503	150	301
917	536	154	269
922	511	150	287
924	545	148	260
915	522	159	279
927	502	148	304
929	532	146	272
921	502	155	300
934	490	144	314
920	531	156	266
928	502	147	299
933	504	140	301
941	491	138	296
924	512	155	284
929	499	150	300
933	495	141	306
926	504	150	295
932	497	144	300
932	490	144	309
939	482	141	316
929	475	149	323
928	513	151	285
928	498	150	302
929	505	152	294
931	492	151	311
936	487	144	310
929	491	147	309
929	492	151	309
932	504	146	291
937	490	142	307
929	514	153	281
929	501	152	299
934	495	144	305
933	489	149	307
931	493	148	306
931	481	149	319
938	483	142	314
927	488	153	306
934	487	148	309
930	478	150	318
939	483	144	311
934	478	147	313
939	479	139	310
937	492	143	296
935	487	145	301
931	494	147	296
925	496	159	291
931	488	149	302
930	470	149	316
934	482	145	307
928	486	149	301
939	478	141	311
927	479	153	304
936	471	148	316
933	490	143	293
935	490	150	275
925	487	154	294
929	485	155	301
944	457	138	314
930	440	154	337
936	456	152	321
934	473	153	306
923	487	164	293
936	461	155	315
925	479	170	299
941	451	159	319
937	463	164	310
924	472	171	308
928	480	168	303
924	483	172	296
928	484	169	294
926	474	171	308
928	487	169	297
921	478	172	306
937	489	155	296
927	484	163	307
927	487	161	310
920	494	165	306
931	483	156	313
928	503	158	303
937	502	144	289
931	505	150	298
928	507	152	309
930	506	142	305
921	510	149	303
928	509	147	309
918	519	152	302
927	515	150	307
925	522	146	295
932	521	138	290
922	524	147	309
934	514	132	319
932	520	139	314
910	523	160	313
926	517	145	320
926	524	143	313
922	528	144	310
926	526	145	312
923	535	147	312
928	532	143	313
917	519	152	326
920	524	152	324
923	520	146	325
918	515	149	331
923	523	146	325
914	524	155	323
920	517	147	334
922	516	146	336
918	528	149	322
919	520	146	333
913	528	152	329
914	529	152	331
914	520	152	343
908	506	163	356
911	513	160	353
914	490	154	371
906	503	165	352
907	469	165	388
906	483	168	383
903	486	167	374
899	468	169	399
905	525	163	335
904	524	165	336
904	514	165	349
909	501	159	364
908	471	162	392
914	512	154	358
908	518	160	344
912	512	158	352
908	524	158	343
917	509	150	359
909	487	158	376
912	472	158	391
914	496	153	371
909	485	159	382
918	468	148	398
913	454	156	415
914	513	153	355
917	495	150	369
908	490	155	361
912	495	153	374
914	470	153	394
920	492	145	356
913	536	147	333
917	535	144	335
920	531	139	341
917	531	144	338
915	502	148	360
920	504	142	360
902	499	164	370
915	490	153	381
913	497	149	369
914	489	150	377
909	488	154	370
912	474	152	397
912	479	153	391
920	487	145	371
901	471	161	402
906	471	162	393
906	487	158	377
907	489	158	371
915	472	149	386
908	498	155	357
917	465	145	384
914	470	147	377
911	477	150	366
905	491	155	348
904	478	158	364
910	488	149	358
907	481	155	358
908	454	155	388
906	486	155	358
897	453	166	380
907	456	160	372
904	439	159	383
906	451	158	376
909	459	151	353
897	466	164	355
895	476	166	345
902	475	160	351
912	460	148	362
907	471	152	352
898	441	162	382
905	447	159	375
903	447	159	370
905	458	152	358
898	467	163	345
896	481	162	336
898	493	158	324
903	487	154	330
898	473	156	341
902	482	155	328
894	485	158	326
915	482	142	324
901	462	155	346
896	498	159	311
905	488	145	326
887	482	164	336
895	478	162	345
905	460	151	353
887	490	167	322
909	464	145	344
895	484	160	318
891	463	162	350
905	483	148	330
882	467	170	348
897	451	158	371
892	473	161	345
891	470	160	345
893	471	157	347
879	493	167	317
895	486	152	328
889	458	158	352
886	485	164	327
889	489	157	325
884	467	163	347
879	492	164	323
880	472	167	346
885	473	157	341
872	476	172	337
883	465	160	352
882	453	159	361
882	455	160	355
876	481	163	330
881	493	156	313
878	478	156	327
869	485	162	324
871	463	160	348
869	482	163	319
861	475	170	336
867	486	166	310
864	476	166	330
858	491	168	323
862	467	162	347
850	452	177	366
862	434	165	383
854	449	174	367
861	460	165	358
857	481	167	332
855	491	167	321
854	472	167	343
855	454	173	359
833	478	191	336
860	444	167	369
857	455	171	364
840	428	186	395
857	433	176	378
850	448	175	361
842	451	183	372
836	443	191	373
843	455	182	363
842	416	187	405
866	435	174	383
863	452	186	364
884	456	183	346
869	474	202	344
877	486	192	330
883	495	202	322
887	500	196	323
888	521	190	304
905	561	166	265
906	518	162	306
898	506	177	317
905	527	171	308
895	505	190	323
898	524	179	304
893	503	198	321
906	521	186	304
916	520	182	311
914	508	181	319
952	501	187	311
952	531	175	307
962	546	176	290
978	563	168	263
984	590	166	236
997	570	157	248
992	595	166	230
997	580	165	234
991	598	174	229
995	562	173	264
1006	586	166	247
1010	550	167	278
1016	561	170	270
1027	589	170	243
1048	558	171	259
1066	587	167	242
1088	575	164	243
1093	601	166	232
1109	581	162	227
1109	604	167	216
1119	597	164	219
1122	602	169	235
1122	608	176	225
1125	607	176	231
1132	602	173	234
1147	594	166	244
1156	591	171	251
1167	608	171	237
1175	591	180	257
1190	603	180	242
1204	604	178	247
1212	609	181	241
1223	606	179	246
1223	610	176	241
1233	603	170	250
1230	616	178	237
1224	612	188	244
1229	614	187	245
1226	612	191	251
1228	611	182	252
1227	605	182	258
1228	607	180	256
1224	602	188	263
1223	611	184	252
1224	601	179	262
1228	606	181	259
1224	607	184	258
1221	603	183	262
1222	609	180	258
1222	606	184	258
1225	602	179	264
1228	611	174	254
1223	606	181	256
1227	605	176	257
1225	605	176	259
1220	611	185	258
1221	598	184	273
1227	610	183	259
1221	605	183	263
1231	612	176	254
1221	615	189	247
1228	606	177	263
1226	616	186	248
1226	622	185	245
1227	614	180	254
1229	613	183	257
1224	604	188	269
1228	601	183	272
1227	608	187	264
1233	619	179	252
1228	609	185	261
1229	599	182	269
1234	602	181	266
1232	598	178	272
1237	598	176	270
1236	614	175	250
1238	612	181	252
1236	604	185	262
1243	609	180	259
1249	615	182	250
1255	608	179	257
1263	602	181	264
1272	607	179	260
1265	602	186	262
1273	614	181	251
1274	602	183	267
1274	609	190	263
1278	599	182	275
1275	595	189	279
1280	604	183	275
1281	610	186	264
1289	590	181	289
1297	617	186	252
1293	593	200	282
1317	598	190	280
1339	604	185	275
1360	611	195	275
1379	610	208	280
