1403	547	385	424
1376	536	383	429
1359	539	351	422
1340	531	352	429
1321	535	351	426
1307	527	324	411
1285	526	330	399
1237	513	385	426
1244	519	329	407
1213	519	315	391
1199	516	352	407
1178	510	349	402
1157	505	345	418
1122	519	358	389
1129	516	303	369
1109	515	314	387
1081	502	314	416
1068	519	312	382
1057	515	295	378
1032	507	307	388
1014	508	310	388
975	510	331	400
972	506	299	392
942	502	322	396
923	506	311	383
923	499	286	390
897	500	296	386
881	502	290	365
864	508	303	366
847	497	298	385
834	491	295	395
812	500	301	379
804	496	287	398
781	506	314	387
767	496	332	408
771	490	322	408
775	506	285	391
763	502	323	387
762	493	327	393
761	494	288	386
765	493	298	374
753	495	323	383
759	491	316	387
753	491	316	394
753	487	315	400
736	485	346	388
744	492	334	409
752	495	298	392
774	501	297	374
783	490	271	381
773	495	293	367
778	495	284	370
775	493	290	375
777	502	282	385
774	502	292	369
774	495	301	383
776	491	294	379
762	488	313	397
777	489	305	372
767	501	293	366
787	498	276	367
781	497	255	357
787	503	272	356
781	496	276	362
777	487	293	386
775	495	299	369
773	482	301	376
761	485	307	391
768	487	302	376
777	480	271	360
773	494	303	374
765	487	313	399
770	491	287	365
779	478	281	378
781	474	275	390
789	485	269	369
790	490	263	351
794	493	266	370
774	494	302	356
785	490	289	371
792	489	287	360
780	487	297	368
796	493	268	372
791	489	282	380
785	488	285	365
772	493	296	376
749	491	311	392
765	479	276	389
763	491	274	374
763	484	281	349
745	485	282	367
738	485	295	379
726	481	300	359
720	490	304	362
709	486	310	373
727	486	290	372
704	485	307	377
709	482	309	365
726	489	273	358
714	482	273	351
717	491	290	361
706	480	297	381
709	487	298	380
704	481	294	376
721	492	285	360
719	490	279	366
713	483	290	382
726	484	271	368
717	486	282	376
726	485	274	370
726	483	280	355
717	486	284	370
719	484	285	372
716	488	293	376
727	492	272	365
724	479	278	378
721	485	286	368
706	479	301	377
725	478	287	382
715	482	286	383
715	484	291	367
730	483	278	369
719	488	288	371
720	479	293	370
712	476	308	374
718	487	293	367
726	491	292	367
741	479	269	376
719	480	299	383
728	479	267	353
727	492	285	375
723	482	279	382
720	484	287	374
722	488	296	369
714	487	303	371
736	483	275	369
734	484	278	381
724	479	295	375
732	489	282	365
728	491	292	369
723	490	291	363
720	488	295	379
717	476	305	378
722	489	290	388
729	484	287	376
735	485	278	372
728	483	285	388
715	482	310	375
735	487	269	369
738	482	257	374
723	487	272	390
730	491	281	369
747	479	253	374
728	488	277	368
741	486	258	375
738	487	267	361
738	488	265	376
745	487	264	353
729	485	276	362
733	482	251	367
730	486	272	405
726	485	284	392
724	483	277	365
735	497	262	370
722	494	287	366
739	480	269	383
735	493	262	377
738	483	264	372
731	481	280	385
738	478	263	378
737	490	269	377
739	487	274	358
742	489	271	371
756	478	257	360
746	480	265	377
744	479	279	373
767	482	251	373
761	471	258	381
773	477	255	366
784	483	244	371
791	485	229	368
782	485	253	371
795	479	239	376
798	489	251	361
803	483	251	358
806	476	242	367
824	478	212	360
826	480	229	356
822	480	242	356
826	466	244	363
838	473	240	363
839	471	219	355
845	480	241	358
854	470	235	353
860	480	217	356
872	460	208	364
875	479	223	350
879	476	205	340
886	481	217	349
891	463	219	360
892	478	220	344
900	460	210	343
913	466	196	334
912	470	201	347
924	459	202	347
926	476	197	346
937	456	187	340
938	468	193	337
938	471	204	319
946	471	211	329
953	464	184	333
960	460	200	320
970	467	183	329
969	462	198	318
978	454	196	326
984	461	190	313
986	456	207	318
987	450	221	319
1001	451	207	316
1007	457	209	315
1014	450	220	311
1016	455	218	306
1019	462	223	313
1037	453	194	315
1039	458	199	305
1044	445	204	317
1050	447	214	306
1058	443	195	315
1070	441	191	313
1068	447	204	301
1077	446	194	293
1094	438	181	304
1106	443	176	295
1104	446	183	297
1114	438	171	298
1126	436	163	304
1126	445	170	294
1130	438	182	295
1136	446	185	285
1143	439	166	293
1141	448	179	279
1155	440	175	287
1153	433	183	286
1166	426	172	288
1162	433	181	280
1166	433	186	279
1167	430	196	284
1173	431	188	277
1180	425	184	273
1176	422	188	284
1188	425	180	274
1193	431	178	272
1196	415	175	277
1200	426	174	273
1199	421	183	274
1207	418	170	279
1212	415	171	271
1206	418	186	272
1212	412	179	271
1220	404	162	277
1211	415	182	279
1216	413	173	274
1211	414	178	271
1210	401	193	288
1199	406	206	272
1201	401	200	275
1205	401	189	277
1219	399	169	270
1210	404	183	256
1204	404	184	261
1221	404	167	265
1215	399	167	266
1214	398	170	267
1201	401	185	261
1214	395	171	260
1212	400	172	248
1215	403	168	247
1223	397	158	253
1213	396	171	249
1232	397	135	232
1234	402	127	242
1237	403	133	239
1232	399	140	243
1234	401	137	234
1236	397	139	246
1236	392	137	248
1237	393	146	236
1242	395	135	222
1244	391	133	216
1246	396	135	227
1252	392	123	226
1255	391	126	213
1259	394	125	227
1256	391	131	223
1257	391	127	208
1264	390	122	212
1267	384	124	213
1266	387	126	215
1267	388	131	221
1273	392	126	227
1274	387	125	222
1279	392	127	221
1285	382	116	218
1281	389	121	200
1280	388	121	206
1289	389	118	210
1285	385	120	187
1292	389	110	184
1299	390	112	183
1299	392	113	191
1291	392	118	194
1301	391	118	184
1305	390	109	182
1305	385	114	186
1315	387	98	186
1314	388	109	193
1316	394	106	166
1322	398	99	174
1327	387	92	186
1331	393	104	183
1330	390	110	180
1326	385	113	196
1333	386	109	182
1329	388	104	183
1340	375	96	210
1331	387	113	175
1333	397	125	173
1346	383	97	191
1345	387	96	185
1344	387	100	164
1353	393	89	159
1351	392	92	161
1357	397	84	154
1362	401	80	148
1368	394	86	156
1363	383	93	173
1366	376	98	181
1366	366	103	187
1369	377	90	169
1372	407	91	154
1200	667	106	145
1385	380	103	177
1385	376	102	192
1389	383	92	187
1386	387	84	187
1388	390	98	184
1381	384	101	181
1385	379	95	179
1367	371	114	184
1356	350	133	216
1333	369	109	181
1336	379	100	163
1320	394	105	154
1302	394	109	153
1282	384	89	151
1273	392	101	143
1241	377	100	140
1213	380	101	136
1205	392	87	124
1185	378	105	135
1150	367	121	149
1136	376	134	139
1096	374	129	137
1073	380	118	132
1059	382	113	124
1041	391	97	120
1035	386	117	123
1031	371	98	126
1028	389	95	137
1018	381	77	117
999	387	61	99
999	387	61	99
995	382	70	101
983	391	81	100
993	391	78	95
990	390	73	103
990	390	73	103
981	395	80	98
986	398	66	91
968	386	70	94
981	395	69	93
975	393	68	91
967	390	67	99
973	361	68	115
967	351	82	132
968	360	72	124
972	383	57	101
961	400	73	111
954	359	78	125
951	347	78	137
953	367	73	115
950	376	76	103
952	376	66	104
951	366	61	115
943	373	69	109
936	364	75	118
922	349	84	133
921	359	90	123
932	341	75	134
927	357	71	117
925	347	72	128
913	343	84	134
923	342	75	128
920	337	60	142
922	345	61	125
919	344	64	129
912	339	71	128
905	354	75	129
899	343	81	131
897	338	84	130
897	340	78	130
910	371	95	120
887	370	86	116
893	368	78	110
884	360	75	99
879	349	75	114
879	349	74	116
880	347	80	124
882	348	68	110
859	377	85	114
869	339	83	126
874	337	77	125
872	341	73	127
867	348	75	118
868	342	75	119
862	347	78	117
861	354	73	106
861	346	76	112
851	386	88	97
854	341	83	117
854	356	74	122
851	346	77	132
854	335	69	144
853	337	74	135
849	336	72	136
852	348	78	123
851	358	64	117
852	344	56	119
856	333	53	124
844	363	69	124
839	380	74	103
841	375	69	91
845	364	57	98
843	343	67	109
844	339	62	114
841	330	66	122
840	345	55	107
840	349	60	99
838	343	59	103
836	341	58	109
835	342	57	110
839	347	55	106
836	340	59	96
831	334	63	111
840	339	66	118
840	339	66	118
837	331	53	104
838	353	64	100
833	347	63	107
817	330	70	103
822	329	65	94
825	339	63	93
818	331	63	106
817	329	66	118
815	320	67	114
806	338	79	104
810	340	68	92
812	338	69	96
814	338	66	88
811	329	72	99
811	341	66	97
805	342	69	94
813	334	65	95
810	335	67	100
803	332	72	106
798	335	81	111
807	328	78	108
805	346	63	99
805	346	63	99
797	336	76	106
787	360	80	102
796	336	71	105
782	361	82	114
790	333	90	105
783	337	80	120
784	337	77	110
780	350	71	103
783	344	65	108
783	346	59	106
780	362	67	112
787	337	61	115
785	349	59	99
776	339	70	106
775	337	72	104
778	334	62	102
768	345	77	110
774	332	63	108
778	340	60	94
773	336	67	103
766	350	68	117
772	339	66	106
773	342	66	100
766	344	50	99
767	349	58	92
756	354	66	88
755	358	63	89
748	355	68	93
756	355	68	90
752	344	76	99
753	341	88	100
740	356	89	94
747	345	79	109
745	345	73	105
753	343	77	110
747	340	78	105
744	338	80	124
742	345	77	116
747	337	76	121
747	344	76	103
747	344	76	103
745	340	70	105
747	331	68	112
740	336	74	112
733	346	79	108
727	349	94	109
733	348	79	94
733	355	77	91
729	368	82	79
715	381	83	70
724	361	88	83
716	360	87	90
720	327	72	93
725	339	64	103
726	353	64	99
720	359	72	91
715	364	75	96
704	371	84	110
713	382	65	98
706	374	70	99
705	343	79	108
705	340	74	119
705	340	74	119
698	351	89	103
698	351	89	103
690	380	81	97
691	364	85	75
677	365	79	95
680	346	70	76
669	369	64	82
671	386	53	75
671	368	50	88
669	370	52	87
662	369	68	86
656	362	78	91
651	349	76	111
647	344	88	119
655	325	88	128
642	370	85	121
638	356	83	110
635	361	95	107
648	344	80	121
628	350	92	119
637	350	82	108
624	356	101	108
628	374	92	89
630	373	87	87
685	473	76	81
685	473	76	81
629	369	79	85
585	380	72	82
594	380	62	97
594	380	62	97
585	374	70	100
599	387	82	84
582	410	78	73
591	395	75	59
575	376	65	61
575	376	65	61
575	376	65	61
585	413	61	70
585	413	61	70
548	406	58	75
556	385	71	76
558	387	68	71
537	391	71	70
537	406	73	81
527	388	85	75
505	397	86	65
509	391	80	84
522	405	73	100
518	395	68	107
505	384	68	99
501	405	78	96
485	376	78	118
481	374	83	125
487	368	75	119
472	371	74	115
479	360	53	129
473	365	63	120
439	364	83	131
435	363	83	126
442	354	83	134
441	349	85	119
423	370	88	131
434	369	84	142
422	372	87	135
413	370	88	129
406	362	86	124
398	368	93	129
376	369	112	120
345	373	104	126
368	407	103	113
369	400	96	103
358	395	108	97
357	390	93	104
348	389	102	105
337	383	105	116
327	390	117	122
257	468	106	137
309	378	114	148
305	369	129	154
287	371	137	138
305	372	124	132
292	382	138	149
287	376	128	137
269	375	148	161
279	384	143	140
332	387	104	110
336	395	99	128
336	382	102	139
328	380	106	139
346	382	113	151
355	386	125	158
350	408	133	136
343	393	150	146
344	380	158	153
361	387	157	157
383	359	178	128
393	400	142	124
406	380	132	141
440	370	126	142
451	398	136	128
451	359	131	136
489	378	108	121
499	361	122	126
501	412	144	118
510	391	149	138
527	412	151	123
545	421	164	113
541	376	173	136
555	425	186	118
583	429	171	114
584	413	179	121
615	424	182	117
629	426	169	123
650	415	150	124
666	412	143	132
684	410	146	125
691	418	152	122
703	420	155	117
715	425	158	117
739	424	153	114
752	421	147	116
766	429	154	110
778	421	158	120
782	377	167	157
808	395	170	151
813	370	172	174
834	379	160	167
852	398	162	149
851	419	187	136
871	377	162	167
878	399	178	146
891	395	162	152
913	403	151	142
922	406	159	139
951	401	175	148
954	396	170	150
968	406	162	135
987	422	154	123
994	426	178	123
1003	430	170	118
1018	421	166	132
1032	410	166	135
1049	420	160	125
1055	408	168	141
1078	421	161	132
1092	403	156	153
1100	418	171	142
1113	421	170	134
1125	410	167	144
1139	433	173	118
1153	435	172	116
1168	431	169	123
1182	432	179	126
1196	419	172	139
1207	420	175	145
1215	417	174	144
1221	425	175	141
1219	416	188	148
1223	422	184	140
1226	411	177	151
1222	407	180	157
1218	401	183	162
1208	427	194	137
1207	407	186	155
1204	428	182	133
1194	434	181	129
1187	440	185	124
1178	446	179	118
1168	442	184	122
1163	447	176	119
1156	446	179	117
1144	446	191	119
1139	452	183	108
1128	457	190	111
1120	446	180	119
1111	444	186	117
1102	446	182	119
1094	448	182	121
1085	458	185	111
1080	463	184	105
1075	451	189	117
1069	452	182	115
1064	448	184	122
1059	445	190	124
1050	449	193	122
1043	454	192	115
1033	457	192	114
1031	447	184	120
1015	433	194	135
1016	457	183	115
1001	437	216	130
998	437	230	130
990	437	197	134
982	450	193	125
975	450	180	121
969	447	180	123
957	459	186	115
948	461	185	110
939	464	188	108
929	465	194	103
922	464	190	109
913	467	191	105
908	464	188	110
901	470	190	108
895	471	189	101
887	469	191	104
881	471	193	103
878	470	195	102
875	470	191	103
869	470	207	106
866	463	197	113
864	465	193	112
861	458	192	118
862	458	192	120
861	460	188	117
859	467	191	110
859	467	190	110
856	467	192	116
861	446	194	137
858	453	190	131
860	454	189	130
861	434	195	150
860	429	192	156
861	410	200	178
867	374	196	213
865	364	201	227
870	354	198	230
870	368	203	223
874	363	197	226
872	363	201	224
874	365	200	225
879	365	201	224
878	369	199	214
888	368	193	223
889	426	196	163
889	432	193	148
899	405	189	177
896	373	205	208
887	423	216	156
905	417	200	164
897	397	221	186
908	373	214	210
923	370	205	210
929	363	203	220
923	424	213	167
949	417	191	163
949	384	199	191
945	419	212	168
957	445	200	140
970	435	189	141
977	432	190	142
980	422	195	151
986	418	194	157
989	420	195	153
1001	394	196	180
1012	397	187	181
1017	397	189	182
1025	417	187	158
1027	406	205	170
1038	431	190	149
1042	455	204	119
1050	454	197	120
1062	463	196	114
1068	461	197	111
1078	459	194	117
1086	465	197	108
1095	466	198	108
1100	469	199	102
1113	469	192	103
1119	466	196	102
1124	469	199	100
1136	471	200	98
1137	471	199	98
1145	472	202	98
1157	470	195	105
1167	468	195	102
1177	471	196	98
1186	468	207	104
1185	423	211	142
1197	423	203	148
1205	431	201	143
1216	460	197	118
1225	469	197	102
1222	469	215	105
1240	470	200	106
1251	469	200	104
1267	471	192	109
1269	471	203	105
1271	470	200	109
1279	462	202	116
1271	449	209	127
1271	441	209	140
1270	414	217	161
1270	401	214	181
1262	364	231	210
1260	347	220	229
1258	345	206	233
1249	355	197	220
1240	343	198	236
1247	384	172	191
1222	364	199	216
1218	365	187	207
1201	422	199	163
1202	400	193	163
1192	374	188	195
1179	360	206	206
1157	393	207	177
1158	383	204	183
1152	409	189	161
1142	390	191	176
1121	412	204	162
1130	384	172	188
1108	353	186	218
1099	383	184	213
1103	344	178	223
1086	387	181	192
1085	375	182	193
1093	348	167	216
1093	335	152	228
1069	357	170	208
1054	341	175	235
1050	343	176	228
1040	367	169	202
1025	359	175	218
1022	348	168	233
1040	379	138	208
1013	369	155	189
1015	379	153	214
985	388	188	202
968	357	214	225
970	345	208	234
972	349	193	225
972	341	198	232
983	346	181	217
989	347	166	204
985	340	171	209
985	354	177	213
977	387	188	205
975	336	191	231
988	330	185	232
987	314	194	248
1000	299	179	261
1016	319	180	272
992	381	206	243
1027	331	186	226
1022	406	199	198
1027	428	218	168
1023	465	224	136
1023	465	224	136
1023	465	224	136
1023	465	224	136
1023	465	224	136
1083	478	217	96
1117	499	207	74
1117	499	207	74
1117	499	207	74
1167	489	182	89
1167	489	182	89
1167	489	182	89
1167	489	182	89
1173	366	195	116
1191	361	164	134
1149	459	170	125
1149	459	170	125
1185	479	179	115
1169	494	195	103
1175	449	176	125
1214	498	143	119
1167	466	164	125
1167	466	164	125
1167	466	164	125
1167	466	164	125
1111	493	185	105
1111	493	185	105
1111	493	185	105
1111	493	185	105
1059	469	208	96
1059	469	208	96
1059	469	208	96
1031	384	216	114
1007	463	228	144
1025	388	198	181
993	431	231	193
992	354	253	231
968	402	260	214
940	400	279	228
947	376	279	261
962	379	260	252
971	376	243	255
994	388	206	233
967	398	215	255
943	406	273	251
933	394	273	253
933	395	275	254
922	385	291	263
921	382	261	270
920	397	262	255
912	402	285	251
893	390	295	282
900	417	286	252
880	416	285	251
893	413	282	271
897	419	261	254
913	414	248	258
896	407	258	278
898	403	261	283
897	407	257	290
907	401	237	292
900	403	243	299
909	404	229	300
883	400	263	308
898	400	250	310
879	417	265	309
884	408	267	314
871	416	287	318
889	430	277	303
880	427	260	306
879	423	278	325
863	429	302	330
857	434	294	330
846	419	323	333
854	432	279	317
856	437	285	322
861	431	288	339
835	437	327	329
812	432	357	329
823	432	337	336
826	419	345	344
828	423	345	343
802	434	360	329
850	410	295	348
839	407	310	354
834	421	317	337
850	422	305	342
824	431	336	350
851	410	294	358
837	421	306	352
848	420	315	347
827	411	332	365
841	403	322	366
821	410	347	366
828	386	356	391
824	381	345	397
805	400	407	376
849	408	313	372
836	428	312	351
827	401	344	371
806	394	384	382
841	434	314	335
828	446	326	328
830	445	324	328
829	443	331	330
861	440	288	335
842	460	301	325
840	446	314	334
814	445	340	338
846	448	310	330
836	449	315	321
869	448	273	327
866	461	274	324
850	454	304	326
847	452	298	312
864	454	283	324
860	448	278	333
878	440	263	326
876	452	260	333
881	440	265	327
876	456	272	316
882	459	268	318
874	454	283	323
867	446	307	326
869	424	295	337
872	451	295	328
880	448	278	313
888	444	264	325
891	445	278	327
898	445	268	311
901	444	264	319
904	443	272	331
892	429	300	332
902	440	270	320
921	444	266	323
917	432	258	316
914	437	276	308
897	433	290	319
920	427	281	327
922	430	264	311
928	453	260	301
920	435	273	314
923	426	274	309
929	438	254	292
948	435	251	299
957	428	243	297
959	441	228	288
966	440	235	285
968	443	233	276
993	438	187	288
1003	426	192	299
1005	422	184	298
1007	430	189	271
1000	428	198	274
1018	433	192	269
1028	423	193	278
1035	424	183	277
1011	431	227	284
1013	440	230	271
1025	423	220	274
1006	422	242	283
1032	410	239	286
1034	410	229	290
1047	410	218	290
1038	409	240	287
1055	415	213	273
1057	417	209	262
1035	419	247	271
1062	404	233	277
1085	417	194	264
1087	418	192	275
1101	405	183	273
1105	422	190	243
1095	431	201	249
1107	414	201	249
1123	414	192	264
1103	410	220	279
1130	403	197	265
1128	398	191	261
1112	394	215	272
1136	391	195	262
1127	413	196	262
1128	405	175	248
1121	403	183	244
1123	402	192	274
1110	400	189	261
1116	399	166	251
1109	395	168	242
1104	394	160	252
1101	400	163	255
1096	388	155	252
1088	395	156	242
1078	403	154	219
1069	401	177	236
1047	403	187	236
1055	399	184	216
1058	415	183	214
1043	407	175	215
1034	403	167	218
1043	400	166	224
1022	402	168	209
1019	411	177	214
1019	402	200	210
1000	401	211	213
1004	403	167	212
1000	395	191	214
992	390	233	220
975	394	239	216
978	390	228	216
904	421	280	232
918	402	269	209
941	400	255	204
946	406	214	197
948	400	160	207
939	420	140	187
932	449	146	156
918	453	140	156
904	453	147	139
914	431	140	163
908	448	129	149
913	422	122	163
899	427	130	163
899	421	127	165
903	400	129	196
897	381	121	201
878	421	132	173
883	417	118	182
884	412	111	167
876	404	109	178
860	389	123	194
857	378	103	188
875	382	115	175
839	440	129	157
854	386	106	175
843	401	118	173
847	425	91	136
843	389	104	138
830	367	113	154
827	352	108	166
819	399	117	153
805	341	125	175
813	339	102	169
804	340	103	168
799	342	106	168
807	331	97	160
793	328	102	161
787	321	106	157
778	343	126	144
774	338	101	141
