973	711	119	338
965	709	126	335
962	704	131	340
959	695	136	352
960	693	138	340
969	703	119	326
967	694	117	334
966	698	120	322
968	692	118	326
967	686	111	331
965	686	115	320
969	687	117	312
962	684	122	319
962	680	126	313
966	674	116	316
966	674	113	308
966	676	114	301
965	668	117	310
964	668	120	295
966	671	110	296
967	667	113	295
969	665	108	303
962	661	114	299
961	666	110	293
962	665	112	282
964	664	107	284
966	655	103	288
961	657	105	279
964	657	99	276
967	658	94	276
962	653	97	275
965	657	95	269
964	652	94	268
960	651	101	266
963	650	93	258
962	645	92	261
959	640	94	263
961	638	91	264
959	636	93	257
955	638	98	258
956	629	100	256
956	630	96	248
960	624	92	257
959	620	92	256
958	622	93	253
958	621	95	249
957	618	95	245
958	613	92	239
959	613	94	249
956	609	95	258
957	609	96	247
956	615	97	235
955	609	94	252
960	602	88	252
957	607	91	240
956	602	93	242
956	599	92	248
956	604	92	237
953	600	98	233
955	601	95	226
954	597	92	240
955	602	92	230
953	595	95	236
954	598	92	233
952	594	93	242
953	590	92	242
950	598	96	226
953	593	93	229
947	593	100	220
945	595	102	210
953	591	92	216
949	585	94	226
953	590	94	214
951	583	95	226
958	577	85	226
955	574	92	233
953	576	93	227
953	574	93	225
951	571	97	224
952	567	94	231
950	571	94	222
950	572	98	218
947	569	97	221
947	566	94	224
947	566	93	220
943	564	96	219
942	565	95	216
939	562	97	220
940	563	90	217
935	565	98	211
935	560	97	216
937	558	93	214
935	556	96	213
935	559	95	202
935	554	93	207
938	557	87	198
934	552	89	213
935	551	90	206
937	549	86	204
931	549	91	205
933	549	85	199
931	547	88	205
930	543	89	203
930	546	88	196
929	548	86	197
927	548	86	191
926	547	89	192
926	546	84	189
920	549	85	189
920	544	84	197
918	546	92	187
919	539	85	198
916	538	88	197
917	537	83	194
912	537	88	196
909	529	92	207
908	534	90	200
909	533	91	199
907	535	83	192
907	526	84	204
903	527	86	200
904	527	79	193
904	524	75	202
903	524	74	202
900	527	77	194
903	529	70	198
897	527	70	196
898	520	69	202
895	522	68	199
894	521	69	198
891	523	72	194
890	522	71	188
890	522	66	193
888	520	67	191
888	519	63	197
886	521	64	186
883	521	67	192
881	518	64	195
879	523	66	181
879	521	66	184
877	523	65	180
874	525	66	183
873	527	66	184
870	523	66	192
866	524	71	194
865	529	70	183
866	526	70	181
868	530	64	189
866	528	68	187
866	528	67	200
864	526	71	199
862	525	71	203
862	525	71	191
861	521	72	195
864	523	69	187
865	522	68	179
864	523	67	180
864	518	70	177
866	522	65	180
866	519	62	174
865	520	64	181
864	518	67	182
866	516	65	191
869	516	62	186
867	517	65	184
869	513	65	187
872	516	65	173
872	516	65	176
874	514	66	181
875	513	64	174
875	515	66	176
875	518	69	176
876	512	65	184
877	515	65	183
877	511	67	187
880	510	64	167
879	514	66	171
881	511	64	165
881	512	65	157
881	509	68	163
880	511	69	155
882	513	67	150
883	508	62	163
882	505	68	169
883	506	64	164
885	509	62	164
884	507	64	160
886	507	60	153
887	508	59	153
886	506	63	155
885	510	64	155
887	504	61	160
886	503	63	159
887	506	60	156
887	507	61	157
887	502	63	158
886	505	65	152
888	503	61	157
886	502	63	157
887	499	60	173
886	500	62	156
887	501	62	154
888	504	59	145
889	504	59	144
887	501	60	153
888	502	58	158
888	501	60	161
887	499	59	161
888	500	59	153
887	499	59	159
888	496	56	166
888	496	56	156
887	497	56	153
886	497	59	152
887	500	56	149
886	494	60	148
887	498	58	142
885	502	60	142
887	499	56	136
888	498	54	144
886	499	57	153
885	500	57	140
883	503	58	140
883	502	57	144
884	505	55	142
883	502	58	143
883	500	54	144
882	498	55	152
884	495	54	157
882	494	54	152
883	495	53	158
883	494	54	142
883	493	53	137
882	493	55	145
882	488	54	152
881	488	56	146
881	491	56	138
882	488	55	141
881	490	56	138
881	493	56	137
881	488	55	145
883	491	54	146
882	491	54	139
882	488	54	148
883	488	53	143
883	488	55	146
882	485	52	149
884	485	52	157
884	485	53	157
882	487	53	147
883	487	54	143
883	489	53	139
884	487	53	143
885	488	53	138
883	486	55	147
884	481	56	152
885	484	56	139
883	486	57	127
886	485	55	142
884	484	56	134
885	484	57	136
886	485	56	135
886	486	56	132
887	484	57	127
888	483	58	142
888	482	57	149
889	482	57	142
890	485	54	133
889	483	57	129
890	484	57	136
892	483	58	137
893	485	56	123
891	484	58	128
892	485	59	126
894	483	59	130
897	483	56	136
893	483	63	131
895	486	61	121
895	485	60	120
897	485	57	124
896	486	60	119
898	487	58	116
899	485	56	121
900	486	58	115
900	483	57	117
901	483	56	118
900	482	57	127
900	482	60	122
899	479	61	127
902	479	58	128
901	481	59	127
904	478	56	129
904	478	58	132
903	477	60	125
904	477	59	130
905	473	57	146
904	474	58	148
906	473	58	153
906	473	56	152
905	473	57	148
907	475	55	143
907	475	54	139
907	474	53	138
906	472	56	149
908	475	53	146
908	473	54	146
908	476	55	139
908	476	55	124
908	477	56	118
908	478	56	111
908	479	57	119
908	476	57	122
908	477	58	124
909	475	56	129
909	475	54	125
908	476	55	130
907	477	55	127
908	474	55	135
908	471	56	143
907	473	59	134
907	473	57	134
907	472	57	136
908	473	56	132
909	473	56	132
909	472	56	128
907	474	57	117
908	474	56	122
905	471	61	122
905	471	62	119
905	473	60	114
904	472	63	116
903	473	61	113
904	473	59	119
905	472	56	118
903	473	61	120
905	469	57	126
904	468	58	128
904	468	60	131
903	469	61	125
904	467	62	137
902	469	60	131
903	472	57	128
903	468	57	133
904	469	56	134
904	468	55	136
904	468	55	134
904	465	56	141
904	466	57	135
904	466	55	146
903	462	56	145
903	463	54	146
904	464	51	135
903	463	52	135
901	460	54	139
903	456	51	147
903	454	49	159
902	456	50	140
903	452	49	145
904	448	48	144
901	448	53	144
901	447	51	144
901	447	53	152
902	444	53	153
901	443	56	146
899	446	56	139
899	446	54	143
901	445	53	141
901	444	52	150
901	442	51	142
901	446	53	130
901	447	52	127
901	444	54	135
902	443	54	128
903	444	51	130
902	444	53	127
903	442	54	126
903	438	54	133
901	441	56	128
902	442	57	129
900	444	58	125
901	440	58	130
901	443	60	129
903	438	60	132
903	442	59	129
903	442	59	126
903	444	59	123
903	441	60	121
904	443	58	121
903	442	59	129
904	441	57	118
904	443	54	123
904	437	51	129
906	437	52	134
906	441	51	123
906	437	52	129
908	441	49	121
907	436	50	129
906	437	51	130
906	434	52	136
906	434	51	132
905	435	52	130
905	434	51	133
907	435	50	135
907	434	51	138
908	436	50	140
905	434	53	132
905	434	52	128
907	431	50	138
906	432	51	139
906	429	53	144
906	428	54	145
905	430	56	134
906	428	53	140
904	422	56	159
903	424	61	168
902	428	61	175
901	425	62	174
901	427	60	174
902	426	62	172
901	424	61	178
901	426	61	173
901	424	59	175
905	420	57	175
902	423	58	174
901	416	62	182
904	426	57	169
903	425	59	170
903	419	60	174
905	408	56	185
904	403	58	188
906	400	57	189
906	399	58	188
905	401	58	186
907	403	56	185
909	415	55	172
907	421	56	166
905	418	61	169
903	423	68	162
906	420	58	164
908	422	57	162
909	417	55	167
912	424	54	159
912	422	50	159
913	416	52	165
913	416	53	162
914	424	55	155
915	422	54	159
915	418	55	159
916	426	56	155
915	424	57	153
915	430	58	151
919	421	53	157
918	424	55	152
920	422	54	151
918	419	54	157
919	416	57	162
919	416	54	162
918	421	59	156
920	416	56	162
920	417	55	161
921	412	51	164
920	418	55	159
919	418	55	159
920	420	54	159
918	415	59	161
919	417	56	162
921	418	52	160
920	415	56	162
918	413	58	166
919	419	55	162
918	418	58	160
917	422	60	158
920	423	52	153
921	421	52	155
921	417	53	157
921	419	51	158
921	418	53	160
919	423	52	156
920	426	52	150
920	425	51	151
923	423	49	156
920	425	52	152
920	419	52	158
919	427	52	151
920	427	51	150
921	420	50	157
918	407	53	169
921	408	52	170
916	403	57	175
919	403	52	176
919	409	50	170
917	421	54	160
918	429	54	150
919	435	52	148
918	432	50	149
918	434	53	150
917	433	53	151
915	437	56	148
916	438	54	146
916	432	53	154
915	425	56	161
916	436	53	151
915	436	55	154
913	434	56	152
913	440	55	147
913	438	55	149
913	439	56	150
910	442	58	145
911	439	56	151
911	436	56	153
911	439	56	151
911	433	55	158
911	442	56	148
909	439	58	152
908	445	57	144
909	445	52	147
908	440	56	152
908	442	54	150
905	440	57	152
905	443	57	150
904	439	57	155
902	447	63	149
902	443	59	148
902	433	60	164
901	440	59	161
898	444	68	155
898	448	61	149
898	451	62	145
897	452	62	145
897	448	64	150
898	451	61	149
899	452	59	150
898	450	59	149
899	447	57	153
899	444	58	155
895	446	66	151
896	446	64	154
897	444	61	153
897	445	59	151
895	446	63	147
895	445	62	144
896	437	62	151
897	435	60	149
899	433	58	157
900	428	57	159
899	424	59	158
903	431	56	153
903	428	54	152
903	429	55	146
903	435	56	137
905	429	55	146
905	419	54	152
904	427	57	142
904	430	59	140
907	429	53	142
907	425	52	143
906	426	55	149
907	423	54	150
907	425	55	148
907	428	57	144
909	426	52	141
910	429	52	141
912	433	51	136
911	428	52	141
913	429	50	135
913	429	50	135
913	429	50	141
915	429	49	135
913	426	52	142
914	429	52	137
915	420	50	145
916	424	48	143
916	423	49	139
916	424	50	140
915	420	51	138
918	425	49	137
917	422	48	138
917	419	48	143
917	421	48	140
917	422	49	136
917	423	47	133
915	422	49	136
916	418	49	142
917	414	47	146
916	415	47	146
916	418	47	142
915	420	50	141
916	422	50	135
916	423	49	136
915	423	50	132
915	421	48	136
916	423	47	131
915	422	50	135
916	419	47	135
916	423	45	130
916	425	45	128
916	424	45	129
915	421	45	135
912	423	50	132
910	426	50	130
911	425	50	131
910	424	51	131
909	424	50	132
908	426	50	125
908	426	48	130
908	425	47	127
908	424	48	133
906	424	49	133
904	426	52	134
902	429	52	131
902	426	53	128
899	431	54	127
898	433	54	123
898	430	57	128
899	422	52	131
897	424	55	135
898	424	53	134
893	427	58	129
887	424	62	135
891	422	61	140
885	425	66	133
887	426	63	132
886	424	65	137
884	423	62	135
885	424	63	134
883	425	63	134
882	431	61	127
881	427	63	134
880	428	61	129
879	428	61	131
877	429	62	126
879	430	58	130
878	428	57	128
878	427	54	131
876	425	57	131
874	434	57	124
873	434	54	122
872	433	60	122
870	432	64	128
868	430	62	134
867	431	62	128
866	432	59	126
866	430	62	132
865	434	60	128
865	434	57	135
864	438	61	125
862	445	58	121
863	441	62	124
861	439	54	132
862	434	54	133
859	438	62	133
857	434	59	135
858	437	54	132
857	438	57	129
856	436	62	132
856	437	66	126
856	437	57	126
856	434	59	128
853	431	73	123
855	436	60	115
855	431	51	129
857	429	47	132
857	428	51	133
857	427	50	131
856	430	55	130
858	425	45	133
857	425	46	134
858	424	49	137
857	424	48	135
857	424	48	135
857	425	49	130
857	426	48	132
856	428	50	128
857	427	50	129
855	431	50	123
854	427	49	126
854	426	50	129
856	426	46	130
855	426	48	132
854	427	48	132
853	430	49	128
853	430	49	125
853	429	48	130
853	428	46	127
854	428	43	129
852	429	45	127
849	429	48	125
852	428	45	129
852	427	46	125
852	429	49	128
851	428	49	123
852	429	50	128
853	430	46	118
854	430	47	122
855	430	44	118
855	431	44	115
857	430	41	120
857	428	43	126
859	429	44	126
859	429	44	125
861	430	44	126
860	433	47	117
862	429	45	123
862	431	48	124
865	428	46	122
865	429	46	123
869	427	44	123
870	428	44	126
874	429	44	116
875	431	47	115
877	428	45	122
880	429	46	118
882	429	46	118
884	428	41	116
886	432	43	108
889	428	43	114
891	428	43	114
893	426	46	115
894	431	49	112
900	431	46	104
901	431	46	99
901	432	50	101
901	434	62	93
904	433	54	95
906	432	52	97
908	428	57	98
910	433	55	94
912	429	49	96
912	432	49	95
911	431	50	97
914	431	52	107
913	432	57	103
913	433	59	101
913	434	59	106
916	434	53	105
920	428	51	102
917	435	56	94
919	431	53	98
922	432	51	97
921	432	52	100
923	431	51	101
919	434	58	100
919	430	58	107
924	432	55	101
924	436	57	93
926	432	57	97
928	434	53	99
926	431	55	103
931	434	52	100
931	432	54	100
936	429	49	102
935	429	50	100
938	434	47	92
936	433	49	99
937	430	46	101
936	429	49	96
939	431	47	98
939	431	47	96
940	430	47	94
939	429	47	93
938	429	48	95
939	424	47	102
937	426	49	102
941	421	45	105
938	424	48	102
939	421	46	99
940	421	45	102
940	416	44	104
939	418	46	101
940	412	45	106
942	411	43	105
941	412	47	103
942	412	44	101
942	410	46	100
942	411	44	93
943	409	43	102
942	410	44	99
943	408	41	98
944	408	41	100
945	408	44	92
946	407	41	90
944	409	42	93
945	407	39	104
945	406	38	101
946	403	39	101
946	399	38	108
944	397	43	109
945	400	41	105
945	403	43	104
945	398	41	109
944	400	42	109
943	402	43	108
944	400	41	106
944	402	42	102
944	397	42	108
943	402	45	101
944	399	41	104
946	393	37	111
945	394	37	110
943	393	41	113
942	389	45	111
941	389	45	116
940	389	47	112
940	392	48	109
941	393	46	106
940	395	42	103
939	392	48	103
939	391	42	108
940	387	42	107
940	386	43	112
937	388	45	108
938	388	44	109
939	379	40	116
938	372	41	125
934	373	47	120
934	385	48	111
933	386	47	102
933	391	48	100
934	392	44	97
933	386	45	101
934	388	44	96
934	388	42	91
932	385	45	97
930	382	49	105
930	378	46	109
932	381	46	111
929	383	48	109
929	384	44	105
927	386	50	101
929	386	43	103
929	385	41	101
927	381	44	110
927	378	46	111
927	379	44	107
925	381	44	107
926	380	44	107
925	373	47	116
925	381	43	107
923	380	43	106
924	373	42	114
923	378	41	111
921	378	40	112
920	377	40	114
918	383	44	108
917	384	44	109
915	386	43	103
916	392	41	94
914	388	42	104
913	385	43	109
914	385	41	108
913	383	40	111
913	387	39	113
911	385	40	111
910	389	40	108
911	387	38	110
908	389	38	109
907	385	39	113
906	385	37	114
903	387	41	112
904	386	39	111
904	389	37	109
902	388	37	113
900	389	40	112
900	389	38	98
899	388	38	98
899	386	36	103
896	387	38	101
895	390	36	99
894	389	36	101
892	388	36	98
891	392	37	98
892	389	35	105
889	389	37	104
887	391	38	114
884	393	36	102
884	393	37	95
883	392	37	94
881	394	38	95
877	391	41	100
876	394	40	99
874	396	39	92
870	391	42	99
859	397	52	93
852	383	59	107
854	396	56	111
858	389	49	110
861	397	45	111
857	396	48	106
856	395	45	111
852	395	48	119
853	391	44	116
849	384	46	122
844	383	50	133
845	378	47	141
840	372	54	152
841	379	48	145
840	379	46	144
834	381	46	146
838	382	43	140
839	390	40	128
838	388	41	122
835	385	46	137
835	380	42	138
834	381	42	132
834	379	41	141
835	384	40	134
833	378	40	137
832	383	39	135
831	381	39	137
833	376	36	146
833	377	36	139
832	378	37	137
833	373	35	145
831	374	38	147
829	378	38	140
832	377	38	135
830	378	37	133
829	382	38	130
829	377	40	139
828	376	40	141
829	376	40	143
828	377	41	134
828	377	41	129
825	378	45	131
826	377	43	143
827	375	43	143
826	377	43	142
827	376	43	138
827	377	46	131
828	375	44	134
831	377	45	133
831	374	41	129
832	374	41	132
832	376	41	137
835	374	40	135
838	372	38	140
839	370	38	132
838	378	39	125
840	373	39	126
838	378	41	133
841	376	40	132
843	371	39	132
844	372	41	132
847	371	40	122
846	370	41	130
845	374	43	127
851	375	39	120
851	372	42	132
849	375	50	130
853	379	42	122
854	384	42	117
855	382	44	123
853	383	53	122
857	385	41	118
856	386	51	120
859	381	53	119
859	381	54	123
858	382	52	122
863	381	48	127
862	377	48	121
862	380	50	131
862	375	57	130
863	378	53	128
866	377	54	122
865	380	53	113
868	384	57	122
864	385	61	126
871	378	54	134
866	383	62	128
873	389	54	122
875	386	53	125
874	386	58	122
883	398	47	122
881	387	49	117
883	398	53	114
889	407	47	111
882	396	57	103
892	403	46	101
895	405	43	112
896	402	40	117
898	402	36	112
899	406	45	113
900	402	51	116
900	401	51	116
904	404	46	117
905	399	48	115
908	402	44	117
908	399	40	127
912	401	36	108
912	401	48	108
914	400	47	116
916	400	42	114
916	398	40	119
918	403	44	113
918	405	44	113
923	397	46	116
923	401	47	114
924	399	43	116
924	402	46	117
924	399	46	121
922	400	52	115
923	400	51	117
925	398	50	118
925	396	51	123
927	397	45	124
928	402	43	118
930	397	39	126
932	400	39	124
934	398	38	126
935	400	39	125
933	399	42	125
935	403	42	118
935	402	43	119
935	405	41	116
937	407	37	108
937	406	36	106
938	406	36	109
939	407	35	105
939	408	35	108
939	407	34	119
935	407	40	116
939	406	36	115
938	405	38	118
939	410	36	112
939	409	35	113
938	407	39	111
941	414	34	104
940	414	36	112
942	413	33	119
939	416	36	111
938	419	39	111
937	412	38	113
932	410	44	121
932	407	42	118
932	404	43	119
932	406	42	118
931	402	44	122
932	403	41	120
930	404	44	113
931	402	42	117
931	404	42	114
925	403	46	107
926	404	45	109
923	406	48	105
926	404	45	111
922	400	49	122
922	396	48	118
922	401	46	108
922	401	43	105
921	404	46	105
920	405	47	108
918	403	47	108
917	409	48	96
915	410	49	91
915	411	51	90
918	411	47	92
916	415	49	86
918	411	46	91
917	411	48	90
912	411	50	90
912	411	51	97
916	410	45	104
909	410	53	107
910	410	51	113
911	412	48	114
912	409	47	117
911	410	47	114
911	409	47	113
911	409	46	115
909	411	48	110
909	410	48	114
905	412	51	113
902	414	53	109
904	412	51	107
902	411	55	110
903	409	53	115
900	407	54	121
899	407	53	121
900	408	52	119
896	408	56	117
902	407	48	113
900	408	49	112
898	408	54	114
902	408	48	109
901	408	46	106
907	406	40	108
907	408	38	110
906	409	39	109
904	408	41	98
901	405	44	106
900	406	44	102
901	403	41	97
899	404	46	89
900	404	44	101
897	405	46	107
899	401	43	118
900	401	43	121
897	404	44	114
895	404	46	115
894	407	48	114
894	404	48	112
895	402	46	114
893	404	48	112
892	405	50	109
895	405	47	111
893	405	48	105
893	404	46	111
893	404	47	110
893	405	44	108
892	400	49	117
890	401	53	118
889	403	49	112
892	404	48	110
892	405	47	107
893	404	44	110
893	397	42	124
895	401	39	119
894	402	40	114
894	401	40	116
895	402	38	114
893	402	41	117
894	400	40	123
893	399	42	123
894	398	40	122
892	398	41	122
894	398	39	122
891	400	43	122
892	399	44	119
893	398	40	126
893	399	40	120
892	399	41	119
893	398	39	122
893	397	40	123
890	401	43	119
890	399	43	122
890	398	43	124
892	399	41	123
893	397	39	124
893	398	38	120
893	398	38	119
891	399	39	122
891	398	40	120
891	399	40	118
891	401	39	117
890	402	40	114
891	405	38	108
890	409	40	106
890	406	39	111
889	406	39	112
889	408	40	109
890	404	39	117
888	405	40	119
886	408	43	113
885	407	45	115
886	409	44	112
888	407	40	113
887	409	41	109
886	411	42	109
884	410	46	114
884	406	44	118
883	412	44	117
886	411	43	117
885	408	43	119
884	408	43	120
885	409	42	118
883	411	45	115
886	409	41	118
886	409	42	115
885	411	44	111
887	414	42	105
887	410	41	105
888	410	42	112
887	411	40	110
887	411	42	113
887	412	43	110
888	414	43	104
888	413	45	110
886	415	45	107
886	411	44	115
886	410	44	111
886	414	42	104
886	414	42	109
884	417	43	108
885	416	44	109
885	414	44	115
884	416	45	109
882	418	45	104
883	415	43	106
883	417	43	106
881	417	46	111
879	422	47	103
880	423	46	104
881	424	44	108
881	424	45	110
881	425	45	108
880	426	46	103
880	426	45	107
881	427	44	107
880	426	44	102
881	425	43	104
882	426	43	109
883	427	42	107
882	422	43	110
882	424	43	111
884	418	39	117
885	419	39	110
885	414	39	112
884	413	41	107
886	409	38	118
886	410	40	118
886	413	43	112
886	419	43	108
887	415	43	108
887	412	44	117
885	411	47	123
886	414	48	117
885	412	51	119
885	409	52	122
886	410	49	120
888	409	46	121
887	414	50	115
887	409	49	123
888	411	46	113
889	412	46	115
888	411	46	118
888	409	47	122
887	407	48	121
888	409	49	118
888	408	48	120
888	410	46	121
886	410	49	122
886	409	47	123
887	408	47	125
886	408	48	123
885	408	49	126
885	411	48	121
886	413	47	118
883	413	51	120
883	414	51	119
885	415	50	119
883	418	50	114
881	419	54	114
881	418	52	116
886	416	47	117
885	416	48	116
885	413	47	120
887	416	47	115
889	417	47	113
888	415	46	114
887	420	49	108
888	414	49	113
889	416	48	115
889	416	46	111
892	415	44	110
891	413	43	117
892	411	44	119
891	412	45	117
891	410	45	117
891	414	46	115
889	410	48	117
891	410	47	118
890	408	48	116
892	411	46	116
890	408	47	117
890	408	48	118
889	410	49	116
889	410	46	117
891	408	43	116
891	410	43	112
889	408	45	112
890	409	41	112
890	410	42	116
888	409	43	120
887	410	44	115
885	410	46	114
884	408	47	119
885	415	44	108
887	409	42	107
885	411	43	108
884	410	45	109
883	413	47	107
883	416	45	105
882	415	46	114
881	414	46	115
881	417	45	109
879	419	46	111
879	419	46	111
879	420	47	109
878	418	46	110
879	423	46	102
877	420	48	110
879	419	44	112
878	421	43	109
876	422	46	109
876	423	44	105
878	421	41	104
876	421	42	105
874	422	44	109
872	421	46	109
875	422	42	106
877	419	40	102
874	421	42	102
876	421	40	105
873	417	42	108
876	419	39	105
874	418	41	103
875	418	40	105
874	420	42	101
872	420	42	102
872	422	43	100
870	419	44	99
871	416	41	105
869	416	43	109
868	415	43	108
866	417	45	107
869	415	41	107
869	414	41	107
868	416	42	103
867	418	42	104
868	417	40	100
868	418	40	96
866	416	43	98
866	416	43	102
864	416	45	101
867	418	42	101
867	408	42	105
867	406	42	111
865	404	43	116
866	405	41	111
867	405	41	106
868	402	39	104
867	402	41	104
867	400	40	105
869	403	39	107
869	404	39	104
869	400	39	107
868	400	42	107
868	401	42	109
870	400	41	107
870	400	39	108
866	399	45	108
867	398	45	109
867	396	43	113
867	396	46	109
871	400	42	105
869	399	46	106
871	400	45	105
870	402	45	103
872	403	44	102
872	402	44	101
876	398	38	105
876	401	41	102
876	399	42	98
876	398	44	102
878	398	41	102
879	403	39	97
880	407	41	94
881	404	37	99
881	401	37	100
881	399	39	105
881	407	41	100
884	406	41	100
883	404	44	101
884	403	42	102
886	408	42	95
887	402	43	102
887	400	42	103
888	400	41	106
889	403	41	103
890	401	43	101
893	404	39	101
894	402	39	100
895	397	41	107
895	389	43	116
895	394	43	109
896	400	45	98
898	399	45	101
899	401	44	98
899	401	44	97
901	402	42	97
901	406	46	96
903	404	45	93
905	407	48	88
906	405	45	92
908	403	45	95
909	404	45	90
910	405	44	94
913	403	38	88
913	402	43	97
913	408	46	90
914	404	54	94
916	408	48	81
915	412	46	81
918	413	45	83
920	413	40	71
921	412	42	78
921	411	39	79
923	409	43	91
922	408	59	94
922	406	58	96
924	407	59	95
926	403	61	100
926	404	61	93
925	408	60	91
928	403	60	96
928	407	57	93
930	403	59	97
931	397	58	103
933	390	57	109
934	386	55	114
935	387	52	113
937	388	53	112
938	396	53	103
937	397	55	100
940	396	52	101
941	398	51	96
943	396	50	100
945	396	49	100
945	396	51	97
946	398	50	98
949	397	47	97
951	399	46	96
952	398	47	98
955	403	45	92
956	403	50	92
957	401	50	94
958	397	46	101
960	401	44	95
960	402	45	94
960	404	48	90
961	404	47	92
961	403	49	92
960	403	46	91
961	407	48	91
962	402	45	91
961	399	45	96
962	401	46	90
962	401	45	88
961	400	47	95
960	403	46	94
961	403	46	90
961	398	45	96
961	399	45	95
960	395	48	100
960	399	46	97
961	398	44	97
961	396	46	97
960	397	46	97
960	393	45	102
958	394	47	105
959	390	49	107
957	391	49	108
957	395	51	100
955	396	52	100
954	396	53	100
954	397	53	100
952	400	56	97
954	398	49	101
953	398	48	104
951	401	48	101
952	403	47	99
953	405	45	100
953	408	44	99
950	407	48	102
950	409	51	101
949	411	47	101
949	407	47	104
950	412	46	101
950	413	46	102
948	418	48	96
947	418	49	100
950	420	48	98
949	423	46	96
948	422	49	93
947	423	51	93
949	418	46	99
950	421	47	99
948	419	50	101
949	422	47	97
949	420	50	101
948	421	49	99
947	423	54	94
946	423	54	94
947	422	52	98
948	422	52	94
949	421	50	96
948	421	54	96
950	423	51	96
951	421	51	100
951	419	51	102
951	423	50	101
952	423	49	99
953	423	51	100
953	420	51	101
951	423	54	103
952	422	53	101
952	422	55	102
953	425	57	98
952	426	57	102
950	425	60	100
951	427	55	99
952	428	56	99
954	425	53	99
954	426	53	103
954	424	55	104
950	426	59	101
951	428	58	99
953	427	56	105
953	429	57	104
955	430	57	103
955	430	58	103
954	429	57	104
955	429	58	105
951	431	60	100
952	430	60	102
954	432	59	102
951	433	62	103
955	431	58	104
952	429	60	108
953	434	62	104
950	433	69	107
956	436	64	103
960	436	59	102
962	436	58	104
964	432	53	106
962	433	62	107
964	434	55	107
966	435	50	108
964	438	54	110
964	436	53	107
965	438	54	108
964	438	56	108
964	439	55	108
963	442	56	106
963	445	59	104
966	437	50	103
963	439	53	100
962	440	55	108
960	439	58	108
959	441	60	110
959	445	57	103
961	442	58	110
961	444	61	112
958	443	61	111
961	446	57	109
957	447	61	108
955	443	62	115
956	445	62	114
951	446	66	113
953	445	67	120
953	447	69	120
950	449	70	118
953	452	62	112
951	447	62	117
948	452	67	114
944	455	69	111
949	449	61	121
948	454	59	118
945	449	67	124
944	449	68	127
939	447	78	131
943	450	66	128
940	453	72	127
934	456	82	123
936	457	64	121
934	456	75	126
934	452	81	132
931	457	73	126
928	463	71	123
927	466	69	116
928	465	61	117
927	464	58	124
927	464	60	123
926	463	62	123
924	465	62	121
923	469	63	116
922	471	66	125
921	472	68	126
922	469	66	131
919	470	70	132
919	473	73	133
918	477	72	132
916	477	74	137
918	480	72	131
916	481	73	133
916	484	74	130
915	482	75	135
915	482	76	138
912	485	78	139
916	488	76	140
915	490	77	142
908	490	84	142
914	492	78	140
904	496	87	132
899	497	96	137
907	498	91	135
903	499	90	137
909	501	80	131
906	504	84	130
907	502	88	132
903	503	87	137
905	505	89	139
901	508	98	137
891	509	103	144
899	510	102	148
905	505	93	158
914	509	85	154
905	507	90	155
911	508	85	154
920	501	77	162
927	503	69	160
929	504	65	157
928	501	65	160
917	502	78	163
902	499	96	163
897	503	101	162
900	498	96	167
899	498	98	164
898	503	100	160
899	499	95	164
897	499	94	164
900	501	93	160
899	502	92	161
885	506	106	155
892	501	99	163
893	507	90	157
891	500	93	159
893	501	91	162
886	497	101	171
890	501	93	165
880	495	102	175
881	501	99	169
882	499	97	168
878	503	99	161
882	500	96	172
879	500	94	171
881	506	92	166
875	503	97	172
874	506	96	168
875	510	94	155
873	515	95	157
864	508	102	170
863	508	97	167
838	514	125	175
836	513	126	176
831	514	130	177
832	514	130	179
829	515	127	182
836	517	121	177
843	516	111	181
847	522	104	171
847	521	101	171
841	528	101	165
847	529	96	164
842	522	97	170
839	532	102	157
843	526	94	167
840	525	95	170
843	525	91	177
838	527	96	176
837	528	95	173
840	532	90	168
835	533	93	172
835	536	93	172
835	535	93	174
834	539	92	173
842	538	82	176
829	543	101	171
834	545	91	169
825	547	106	184
829	546	98	183
840	554	84	166
827	549	97	186
830	547	96	193
828	550	97	193
828	553	98	195
828	557	96	189
827	560	94	195
826	560	94	196
835	559	83	194
826	559	92	205
823	562	95	205
825	562	91	205
827	567	89	203
828	570	89	203
826	569	89	208
823	575	92	203
827	577	84	199
825	577	88	207
827	573	84	212
826	572	88	214
824	580	85	205
830	579	84	212
829	579	84	216
827	577	86	223
833	577	83	228
829	576	84	229
833	583	87	227
832	582	88	230
831	586	92	233
830	586	93	246
833	591	91	248
834	589	92	252
834	589	95	256
834	598	97	253
832	593	97	259
836	597	95	258
838	602	95	256
839	601	93	260
842	601	89	265
844	605	92	269
841	601	91	272
842	600	96	280
840	598	96	286
847	604	93	280
849	607	90	274
844	609	101	272
853	610	89	275
855	611	89	277
856	612	87	281
859	616	88	278
860	618	86	276
865	616	86	278
860	617	94	284
866	617	87	286
863	623	92	275
868	624	92	284
869	624	91	289
871	623	93	296
866	625	98	302
872	633	91	295
873	635	90	299
875	641	92	292
875	643	90	286
878	644	93	289
883	645	86	309
884	641	92	317
884	645	95	317
887	650	93	314
884	651	98	312
884	651	98	322
885	655	101	327
883	659	107	321
884	659	107	325
881	658	106	338
893	660	95	332
893	667	93	321
888	666	102	331
888	668	106	330
884	663	104	335
891	670	106	327
889	668	104	337
896	670	96	335
892	672	103	340
896	670	96	343
889	670	105	342
888	669	104	349
889	676	107	341
891	672	104	349
894	674	103	342
893	675	103	342
888	674	107	348
888	678	109	340
893	673	105	349
893	675	104	342
892	678	106	336
895	677	104	346
893	676	106	344
894	672	107	356
893	674	106	358
899	676	98	354
903	676	93	349
897	671	100	357
895	674	109	355
898	671	101	357
898	677	103	353
901	670	104	356
896	673	105	352
899	676	103	351
895	673	108	346
892	675	107	335
891	672	104	343
891	672	106	350
884	675	113	348
882	670	111	351
886	669	109	346
887	668	104	338
887	663	101	348
880	665	103	334
881	662	102	339
876	660	104	335
875	659	100	340
876	654	99	337
874	656	97	333
868	650	103	341
863	655	104	334
865	651	100	337
864	651	97	333
865	650	95	322
858	643	98	340
863	642	89	346
863	641	88	339
858	637	90	343
854	636	90	346
851	634	93	346
854	632	86	349
853	631	84	346
848	632	89	337
845	629	88	342
843	627	88	335
845	629	84	333
839	627	87	334
839	625	85	326
835	625	89	323
833	621	88	310
830	626	86	315
827	620	89	306
831	619	83	326
833	612	82	303
828	616	80	317
830	611	76	306
828	602	73	277
827	600	72	260
823	603	74	265
822	603	72	256
819	601	72	242
817	604	74	220
815	600	72	220
813	599	74	212
807	599	78	219
804	602	81	216
802	605	78	207
801	598	75	224
801	599	78	240
801	597	82	231
799	597	77	235
799	597	78	246
801	600	71	238
798	600	77	215
798	600	75	223
797	604	78	216
794	602	80	204
798	606	79	211
795	606	79	214
793	609	82	217
793	606	83	229
795	609	83	234
797	609	78	220
794	607	79	227
791	613	80	222
792	612	85	221
796	615	79	212
796	615	75	210
794	629	79	224
796	619	78	218
795	617	76	226
796	619	81	217
795	619	78	218
799	616	80	223
798	613	79	231
798	616	78	222
798	618	80	206
798	619	83	211
799	613	80	215
803	612	78	214
803	614	80	216
803	613	76	215
805	613	78	208
804	616	82	217
804	612	79	222
809	631	78	229
806	612	80	231
806	613	80	233
805	615	78	233
808	618	78	232
806	621	80	228
808	618	82	237
807	618	85	233
807	620	87	232
805	622	83	227
807	620	89	236
804	620	90	237
806	619	88	235
809	623	87	226
808	620	91	228
807	621	93	224
806	622	98	220
804	619	101	229
804	618	103	232
806	615	101	248
805	617	102	231
807	622	98	232
806	622	101	231
807	621	99	232
808	625	96	227
808	630	94	221
808	628	93	228
810	623	96	236
811	619	93	245
814	626	97	232
814	626	94	214
816	627	89	205
816	623	95	221
819	621	92	220
822	621	88	202
831	620	80	201
832	624	78	192
831	623	80	192
841	620	73	196
837	618	77	194
838	616	76	190
840	615	77	195
838	620	81	187
841	615	82	198
846	613	80	203
850	614	78	198
849	608	81	214
850	610	79	209
853	611	77	212
855	611	79	222
857	610	87	206
856	609	91	200
857	612	94	183
858	608	94	183
861	605	92	185
861	605	100	197
863	605	94	191
864	605	92	192
862	603	97	189
864	609	91	178
868	593	86	202
868	599	85	190
868	596	87	208
866	599	89	244
868	589	91	266
865	586	90	272
867	585	88	274
865	585	92	274
863	578	95	288
863	578	102	290
863	575	99	288
862	579	100	274
863	579	101	274
865	574	98	253
866	575	92	242
863	578	99	249
864	575	96	245
865	573	93	243
867	567	92	248
867	564	93	245
868	564	91	233
869	566	89	218
869	559	88	229
867	560	91	215
869	556	88	215
870	560	92	209
870	558	85	193
869	553	85	185
869	557	83	189
872	550	77	174
873	552	72	167
871	550	73	167
871	545	73	168
868	544	76	173
868	541	73	180
868	540	77	183
867	538	76	187
864	536	80	192
863	536	80	188
862	535	78	182
864	534	75	176
864	538	76	165
865	533	70	169
864	532	71	178
864	528	70	161
866	533	66	156
867	528	66	172
865	527	66	165
865	519	62	180
863	516	62	183
863	513	65	165
