658	306	234	289
663	320	228	287
664	301	232	316
659	305	231	298
652	317	243	297
658	315	233	302
650	331	240	288
652	322	235	304
649	343	243	288
671	342	217	290
662	342	222	304
674	356	220	279
668	355	220	295
673	359	209	277
670	363	216	283
692	377	189	281
689	378	202	288
691	377	200	292
673	383	225	295
676	381	218	307
693	392	195	305
691	391	207	307
688	392	205	315
699	379	190	313
707	408	186	313
697	410	198	324
712	425	188	301
705	425	190	304
710	435	182	281
713	435	182	286
706	438	200	297
692	443	206	300
712	447	190	286
710	443	187	300
712	455	187	321
736	468	163	282
733	473	170	269
742	475	155	249
752	474	145	280
752	490	159	246
744	491	170	288
739	491	158	286
739	500	173	309
733	483	178	323
733	498	166	291
759	505	144	271
757	509	141	260
758	513	141	263
756	519	151	252
746	521	161	244
762	518	143	294
753	526	155	262
751	530	164	308
751	502	162	317
759	532	154	278
763	541	153	242
772	545	145	245
758	551	161	250
770	550	145	239
778	557	144	222
766	557	167	215
783	556	142	229
784	557	138	231
777	566	150	271
770	570	160	243
780	572	148	221
778	577	147	235
790	581	146	228
788	586	150	236
812	585	126	224
807	590	132	233
818	595	123	225
815	600	126	214
819	602	122	223
810	605	133	220
812	606	149	216
815	606	132	251
819	605	131	235
825	611	124	201
836	613	111	210
819	623	136	207
826	623	133	204
821	621	140	226
817	624	148	250
827	627	142	260
833	628	133	274
828	631	138	255
824	636	145	253
836	635	138	233
825	641	161	210
846	642	118	211
837	646	133	250
848	651	151	215
840	650	161	243
846	649	152	251
836	652	167	253
842	651	156	303
836	655	155	322
844	656	144	322
838	652	160	335
845	644	155	329
848	663	148	296
862	666	131	284
861	663	135	323
869	664	133	298
863	670	140	301
871	673	133	304
881	672	119	278
886	678	118	242
889	678	117	240
884	682	127	233
891	679	120	251
892	680	119	246
887	677	126	239
885	686	135	235
891	681	124	231
891	684	135	229
892	680	134	232
883	685	146	220
871	688	158	240
861	688	172	213
881	685	143	225
886	676	138	218
877	676	146	207
879	682	132	196
876	676	131	202
868	680	138	209
868	677	127	204
857	676	129	208
864	670	116	190
860	672	109	185
849	667	113	191
835	667	124	192
840	671	106	191
827	664	114	191
820	668	119	197
809	666	124	220
798	662	124	218
779	662	139	237
764	660	153	280
750	697	166	296
730	666	191	320
707	665	226	345
717	667	183	378
695	661	207	420
691	652	199	427
696	634	188	437
688	655	199	407
686	647	192	419
693	647	182	413
683	650	194	425
679	647	201	419
674	643	205	423
677	637	203	428
671	633	216	436
666	640	216	422
673	633	210	437
682	633	202	439
685	623	202	451
655	581	248	444
673	603	232	476
687	631	210	447
686	625	218	452
686	624	220	447
680	628	246	446
672	613	238	468
681	630	239	451
679	612	239	461
678	627	239	429
717	644	208	423
697	632	229	420
669	610	261	443
694	622	230	424
738	622	188	420
752	640	173	394
774	671	146	359
781	677	136	336
785	685	133	325
781	685	141	329
781	676	134	326
783	676	132	313
784	676	132	314
785	676	133	296
779	670	137	301
774	667	147	302
786	663	135	305
785	664	137	291
791	656	134	297
785	663	143	289
794	662	139	277
800	653	136	276
814	657	132	265
814	658	137	262
826	654	130	265
829	654	130	249
835	649	131	263
831	650	143	255
847	648	133	248
855	644	132	252
859	643	135	244
867	643	134	245
888	637	117	247
890	637	118	242
892	634	120	243
895	632	125	245
894	636	130	238
903	629	120	237
900	629	123	229
911	625	108	225
908	624	113	224
899	620	121	225
919	622	99	225
908	623	110	211
917	614	99	217
914	613	102	218
907	616	109	210
918	611	97	214
920	620	96	204
924	618	91	204
919	617	98	198
924	619	93	192
931	621	83	194
940	618	77	194
939	619	79	191
946	622	75	186
935	624	87	184
947	623	73	184
949	625	68	180
943	623	77	180
952	622	67	182
951	620	67	182
942	619	78	179
951	622	69	173
945	618	77	176
952	616	67	178
949	616	68	174
955	618	62	169
949	617	69	167
951	617	65	167
947	617	70	166
950	617	66	161
946	614	68	164
946	616	68	160
952	617	62	161
953	615	59	162
944	619	70	155
950	616	61	160
948	618	62	155
946	617	64	160
950	617	61	158
948	619	62	155
950	617	60	154
950	618	62	154
950	622	61	147
953	622	57	144
949	617	62	154
956	622	55	147
953	615	60	150
959	617	53	148
959	614	54	150
957	613	57	146
956	614	57	145
958	613	55	141
953	610	57	142
953	610	57	138
951	610	59	136
953	607	58	136
952	605	56	137
952	604	55	137
949	602	58	135
950	605	58	136
949	609	58	129
948	609	59	129
947	606	58	129
949	606	55	130
947	605	58	131
946	605	57	129
946	604	59	128
947	604	57	126
947	603	55	126
946	604	55	122
943	603	56	121
945	601	54	121
942	601	54	121
942	600	53	120
942	597	53	124
939	596	56	121
939	593	54	119
939	592	52	118
938	589	52	122
936	589	52	119
937	590	52	117
933	589	53	115
933	587	54	115
932	587	53	116
932	584	53	115
933	583	52	116
934	581	52	118
936	580	52	115
937	580	54	116
941	580	55	112
946	580	54	111
950	578	56	113
953	578	57	112
956	576	56	113
959	576	56	111
963	574	55	110
963	574	56	109
964	575	56	105
964	572	58	106
964	572	56	106
965	572	56	105
964	572	59	103
965	573	56	99
964	573	54	98
964	565	52	105
960	565	57	106
958	567	56	101
959	562	54	108
958	562	55	107
957	559	55	107
955	562	55	101
957	557	53	107
957	560	54	103
953	559	58	101
957	555	52	105
959	553	50	104
959	554	53	103
959	553	52	102
961	555	52	99
965	552	50	102
967	553	52	99
969	549	53	102
970	551	52	97
974	547	48	103
973	549	49	101
977	545	48	101
979	538	47	105
978	539	47	105
980	535	45	110
978	541	50	103
977	541	49	102
980	538	49	103
979	540	49	99
978	537	48	101
980	535	46	102
980	534	45	103
980	534	46	102
979	531	45	104
978	529	51	103
982	526	45	105
982	529	49	102
982	526	48	104
988	528	48	103
995	528	44	99
997	521	46	104
1003	522	45	103
1009	527	44	97
1015	539	42	82
1018	541	47	82
1028	502	50	103
1034	521	44	96
1043	526	47	86
1048	526	45	86
1056	527	49	84
1062	525	49	88
1068	525	49	88
1072	528	47	84
1073	534	56	79
1081	534	52	79
1086	532	45	77
1089	537	43	69
1091	530	47	75
1095	523	42	85
1095	524	41	84
1093	512	48	96
1094	517	48	93
1097	516	44	88
1093	516	48	89
1094	514	47	92
1091	521	51	83
1096	519	41	85
1098	520	40	82
1098	509	43	90
1097	513	44	84
1097	511	46	84
1092	505	48	88
1098	510	42	79
1097	517	41	75
1098	507	40	79
1100	506	40	84
1098	506	43	83
1090	522	55	74
1087	506	63	82
1094	500	54	88
1097	490	50	98
1094	495	48	90
1084	497	56	88
1086	491	53	93
1086	486	54	99
1089	488	68	93
1090	489	59	95
1094	497	52	86
1095	506	45	77
1092	507	44	81
1091	505	48	82
1097	490	42	93
1090	497	50	88
1090	497	50	85
1088	502	62	83
1093	495	45	89
1088	495	50	85
1091	506	46	70
1097	514	44	66
1099	517	37	52
1099	509	41	62
1094	506	44	68
1090	500	48	75
1094	491	43	82
1089	482	46	87
1086	481	52	85
1084	480	60	85
1086	487	70	79
1082	497	66	67
1084	496	68	69
1083	489	68	73
1080	479	60	80
1076	479	61	79
1082	477	51	80
1079	477	56	81
1081	466	57	91
1083	468	63	86
1082	463	70	89
1083	463	62	92
1076	474	66	82
1084	478	56	73
1087	479	49	71
1085	476	53	72
1086	475	47	76
1080	476	57	80
1084	475	54	72
1083	482	51	68
1076	486	56	68
1071	479	59	76
1074	474	61	78
1050	471	76	81
1075	473	56	80
1080	477	55	77
1079	475	49	74
1076	474	54	74
1074	471	65	79
1077	474	62	72
1076	471	61	75
1072	470	59	79
1071	471	67	75
1070	472	70	67
1071	476	66	65
1071	468	66	74
1068	466	65	82
1065	462	67	93
1073	470	60	75
1075	474	53	77
1074	468	57	76
1075	473	54	67
1070	470	54	72
1073	475	47	68
1072	473	51	68
1076	474	48	71
1077	470	42	67
1074	470	47	70
1074	475	52	68
1066	469	64	70
1076	469	57	62
1078	473	60	70
1080	469	49	69
1074	472	61	69
1075	476	60	63
1075	473	57	70
1078	470	48	74
1080	471	48	70
1077	472	53	69
1079	470	50	71
1077	471	50	72
1083	464	48	82
1082	451	46	87
1082	447	43	92
1082	469	44	86
1083	456	43	78
1092	473	36	77
1082	480	43	78
1076	471	47	89
1079	470	45	86
1066	453	53	77
1026	552	54	61
1075	459	47	69
1072	470	49	59
1066	479	51	51
1065	458	57	58
1066	449	53	71
1069	455	44	69
1071	451	41	69
1071	451	41	69
1053	452	51	73
1057	459	49	60
1055	464	52	62
1055	459	51	61
1059	463	52	58
1051	459	50	64
1049	458	61	62
1048	460	55	63
1051	454	58	64
1044	464	49	55
1044	460	52	61
1045	461	56	58
1048	452	54	64
1052	455	39	66
1044	452	45	75
1048	458	46	64
1043	464	52	53
1038	474	55	43
1038	474	55	43
1043	461	61	52
1043	461	61	52
1043	461	61	52
1043	461	61	52
1043	461	61	52
1036	479	66	52
1036	479	66	52
1042	464	60	59
1045	465	47	62
1045	465	47	62
1046	451	44	58
1050	455	40	70
1050	455	40	70
1050	455	40	70
1050	455	40	70
1049	458	37	70
1049	458	37	70
1049	458	37	70
1049	458	37	70
1045	453	41	66
1045	453	41	66
1049	450	36	71
1044	451	41	73
1046	448	40	72
1046	448	40	72
1046	448	40	72
1046	448	40	72
1046	448	40	72
1046	448	40	72
1046	448	40	72
1046	448	40	72
1046	448	40	72
1046	448	40	72
1046	448	40	72
1046	448	40	72
1046	448	40	72
1046	448	40	72
1046	448	40	72
1046	448	40	72
1046	448	40	72
1046	448	40	72
1046	448	40	72
1046	448	40	72
1051	470	33	68
1051	470	33	68
1051	470	33	68
1051	470	33	68
1051	470	33	68
1051	447	38	65
1051	447	38	65
1051	447	38	65
1051	447	38	65
1051	447	38	65
1047	444	47	55
1047	444	47	55
1035	466	52	65
1035	466	52	65
1035	466	52	65
1035	466	52	65
1035	466	52	65
1035	466	52	65
1035	466	52	65
1035	466	52	65
1035	466	52	65
1035	466	52	65
1035	466	52	65
1035	466	52	65
1035	466	52	65
1035	466	52	65
1035	466	52	65
1035	466	52	65
1106	379	55	76
1106	379	55	76
1106	379	55	76
1106	379	55	76
1106	379	55	76
1106	379	55	76
1106	379	55	76
1106	379	55	76
1106	379	55	76
1106	379	55	76
1106	379	55	76
1106	379	55	76
1106	379	55	76
1106	379	55	76
1106	379	55	76
1106	379	55	76
1106	379	55	76
1106	379	55	76
1106	379	55	76
1106	379	55	76
1106	379	55	76
1106	379	55	76
1106	379	55	76
1147	426	57	81
1149	423	55	86
1149	423	55	86
1149	423	55	86
1149	423	55	86
1149	423	55	86
1149	423	55	86
1151	425	59	84
1151	425	59	84
1151	425	59	84
1151	425	59	84
1151	425	59	84
1151	425	59	84
1151	425	59	84
1151	425	59	84
1151	425	59	84
1151	425	59	84
1151	425	59	84
1151	425	59	84
1151	425	59	84
1151	425	59	84
1151	425	59	84
1151	425	59	84
1128	506	62	86
1128	506	62	86
1128	506	62	86
1128	506	62	86
1128	506	62	86
1128	506	62	86
1128	506	62	86
1128	506	62	86
1128	506	62	86
1128	506	62	86
1128	506	62	86
1128	506	62	86
1128	506	62	86
1128	506	62	86
1128	506	62	86
1089	650	67	96
1089	650	67	96
1014	506	66	90
1014	506	66	90
1014	506	66	90
1014	506	66	90
1075	663	88	83
981	506	81	97
815	441	68	84
820	443	66	68
820	444	63	63
821	444	59	65
822	442	62	76
819	444	62	76
821	442	50	70
825	441	56	71
822	450	59	75
732	410	61	75
819	444	50	75
821	449	50	69
819	457	61	59
818	457	65	62
820	446	49	59
793	326	51	70
826	455	62	67
806	446	58	58
804	441	57	66
814	444	63	71
813	458	62	59
811	450	67	62
803	453	68	69
805	456	67	72
805	441	62	77
808	453	63	81
808	445	54	65
812	459	46	56
813	458	38	58
814	459	37	56
812	459	41	54
813	460	40	52
811	459	39	48
809	459	37	37
812	460	40	36
815	460	37	39
812	461	39	37
815	461	36	43
808	446	44	51
799	455	47	58
798	431	47	69
801	445	40	57
797	458	49	51
794	457	56	55
791	455	62	55
787	460	71	47
791	460	63	55
795	453	61	66
800	459	48	52
802	459	44	62
802	452	44	52
796	450	49	47
795	457	43	42
794	454	40	45
791	461	39	43
791	461	38	36
799	459	44	38
794	456	47	39
797	456	49	48
783	456	57	50
784	457	65	48
783	459	78	40
774	456	75	42
776	452	68	49
778	454	62	59
779	451	55	53
783	447	50	63
784	447	58	50
780	444	61	51
781	458	59	39
787	459	48	38
785	460	58	39
786	458	52	39
789	448	53	45
786	459	63	57
783	457	69	68
789	456	70	77
780	457	73	83
777	442	68	82
776	445	70	79
779	456	78	65
788	458	84	81
767	438	102	86
858	223	107	91
875	240	96	72
873	244	93	65
880	246	86	68
878	245	92	73
877	245	94	85
879	247	89	85
873	246	98	81
873	244	95	73
877	245	90	80
874	246	96	63
878	248	95	75
879	247	95	67
879	248	102	75
880	248	101	73
880	246	104	89
882	246	108	89
886	248	100	91
883	248	107	101
877	237	110	83
877	247	109	66
882	250	107	77
885	252	99	73
885	249	100	80
883	248	105	75
878	247	112	82
882	248	106	77
886	248	106	65
889	247	103	58
886	247	120	65
890	247	108	80
887	246	116	81
886	247	112	77
888	247	108	76
891	247	106	63
890	248	112	72
889	246	112	63
891	249	109	70
892	246	108	91
893	248	108	86
888	250	117	89
883	248	124	100
882	247	140	133
874	238	141	114
875	245	152	140
869	241	158	158
840	238	183	158
826	232	196	168
815	231	210	166
808	230	226	169
812	217	226	193
803	218	228	185
805	226	222	175
807	230	225	173
804	231	233	173
807	233	229	171
816	240	221	171
811	228	226	174
806	214	241	194
809	219	228	177
817	224	228	180
825	228	216	175
817	224	228	182
828	227	225	176
831	221	214	182
826	227	223	183
827	232	231	175
828	228	223	176
827	229	218	177
823	222	220	179
818	232	223	175
824	237	209	172
821	237	214	171
818	237	213	169
815	236	226	170
802	229	247	174
786	237	241	157
782	240	268	164
761	243	294	153
750	232	280	167
749	234	243	161
734	240	269	162
730	231	264	172
725	226	282	174
717	228	278	172
714	233	275	167
709	230	285	170
718	237	272	158
672	226	306	172
669	227	350	176
620	223	364	177
613	224	419	177
608	228	425	168
570	224	438	173
587	221	422	180
609	221	359	170
619	223	370	178
619	227	344	176
601	222	378	183
601	225	349	178
600	217	299	190
622	216	276	193
638	226	248	188
649	223	233	177
648	234	230	171
648	223	228	176
643	232	241	170
643	232	234	172
637	241	247	163
634	229	242	179
637	227	233	174
635	235	236	179
645	221	224	183
637	230	248	182
637	226	236	184
647	235	225	174
656	237	220	166
650	231	218	173
652	234	214	166
650	233	217	165
636	239	237	170
634	241	236	153
644	237	224	166
653	227	212	178
648	237	216	175
637	233	228	175
636	232	240	169
637	213	234	192
636	224	237	181
634	215	242	191
630	228	237	182
632	237	235	174
644	230	215	178
646	228	217	174
644	237	222	165
636	232	228	177
651	236	207	162
643	230	221	174
634	225	227	180
635	233	228	170
623	229	235	172
629	236	233	166
635	238	229	166
639	241	223	160
637	241	221	162
641	231	222	171
642	239	213	167
635	233	226	168
630	231	228	175
634	224	223	178
630	237	231	171
633	234	226	168
625	231	234	174
628	241	237	170
626	236	231	171
633	237	232	167
640	237	214	166
636	237	226	172
635	227	222	175
634	236	221	167
626	238	235	169
642	229	216	181
645	227	220	181
661	238	195	172
640	233	212	174
641	220	214	186
638	233	214	172
636	233	216	182
641	227	211	175
628	221	228	183
621	223	236	203
616	236	236	179
623	238	232	180
619	241	226	173
624	235	231	177
618	233	239	182
619	239	239	197
617	231	252	194
628	233	229	182
619	244	233	171
624	234	233	173
620	227	226	177
618	241	228	166
617	227	240	187
622	216	228	193
619	239	231	175
610	219	240	190
603	203	248	206
602	207	255	206
594	203	257	198
597	201	254	204
596	210	267	202
599	203	253	213
609	221	243	210
617	229	237	206
611	230	242	208
611	234	242	206
617	221	230	213
614	231	240	189
611	238	236	177
605	242	244	185
592	226	258	194
595	226	259	188
596	222	240	196
596	209	256	206
589	217	258	193
594	224	256	188
599	220	245	184
593	211	252	201
598	203	242	208
597	208	249	202
594	218	248	188
605	222	241	186
596	204	257	199
595	226	248	188
591	200	247	206
589	216	252	197
587	229	269	181
597	225	247	184
598	231	246	171
603	227	248	173
616	237	225	162
607	238	236	171
606	233	241	174
600	216	243	189
606	230	236	172
602	225	242	181
596	232	251	171
593	230	240	172
588	230	258	175
593	234	259	172
592	225	254	184
594	233	259	186
602	224	237	192
597	210	250	197
597	230	241	189
592	229	254	190
583	226	260	188
588	225	255	185
586	228	263	182
590	236	250	176
593	239	245	177
590	228	252	185
605	231	238	175
594	225	247	184
598	232	239	178
595	233	246	175
589	240	254	172
593	236	249	176
593	229	248	185
599	237	242	174
590	209	252	204
582	217	253	195
580	228	265	192
580	235	273	175
579	230	275	182
579	233	270	188
584	242	262	174
592	231	255	181
583	240	268	170
581	243	274	168
579	239	274	177
576	249	274	177
584	237	270	182
586	244	256	172
588	239	256	184
586	243	264	177
592	232	260	185
588	232	269	187
582	222	271	198
588	235	264	185
579	235	276	177
582	237	274	183
587	233	267	189
598	225	259	193
592	240	272	186
595	235	253	188
595	231	259	189
600	219	244	204
600	241	244	184
602	242	247	178
599	235	253	187
597	239	255	189
591	228	266	194
590	228	271	197
588	220	264	204
586	226	255	199
585	239	267	192
585	240	268	186
586	229	263	195
578	220	275	206
587	241	273	186
591	246	262	183
584	239	266	189
595	242	255	183
593	241	260	178
587	243	265	180
589	247	261	173
592	246	258	173
604	237	248	188
592	232	258	192
591	238	254	183
584	241	267	180
583	243	268	175
592	244	255	175
592	248	245	172
587	245	258	174
600	243	240	176
587	233	254	189
587	246	266	171
589	233	257	186
588	238	252	179
597	242	246	181
598	241	242	180
593	244	246	179
590	234	254	192
599	249	246	167
591	240	254	178
595	246	248	170
581	241	271	179
567	236	284	179
579	242	270	177
585	246	267	180
590	246	259	177
582	230	268	192
573	238	276	181
567	224	285	198
575	228	279	199
580	242	276	180
580	249	269	164
579	239	272	177
583	246	270	175
579	248	276	172
582	251	266	169
585	236	266	181
586	232	260	191
589	241	257	182
592	229	258	191
588	239	249	189
581	239	265	190
586	244	257	179
593	244	253	181
592	244	260	187
588	233	268	195
588	233	267	190
597	232	264	185
606	242	255	179
606	240	261	177
609	238	262	182
614	241	259	176
614	243	264	172
615	247	273	168
619	245	272	172
627	243	273	174
626	249	276	172
621	242	278	179
641	243	266	173
653	242	255	175
651	235	264	182
650	246	274	170
654	243	267	175
653	227	272	194
649	242	267	180
651	249	263	173
650	226	268	194
636	234	286	184
647	241	276	178
647	232	271	190
643	237	284	184
648	243	276	177
649	244	276	170
654	234	272	185
652	237	276	180
655	242	265	180
655	229	274	183
657	241	264	172
665	231	258	181
649	231	266	195
657	243	263	175
651	238	273	175
640	237	280	181
643	245	287	170
652	233	274	185
641	238	281	179
645	240	277	175
655	245	270	170
656	235	269	179
638	213	287	203
636	210	293	211
637	212	287	206
634	202	287	211
630	198	288	221
627	205	294	217
631	211	295	214
638	209	295	217
630	204	307	222
625	217	301	208
640	220	289	202
632	216	295	202
618	205	311	210
645	219	273	202
647	227	279	185
649	225	272	194
641	206	283	218
633	215	285	209
624	199	299	221
645	227	283	195
653	239	276	188
658	242	271	190
660	239	261	180
638	229	288	189
627	208	301	209
636	227	291	195
639	214	281	209
633	220	277	198
637	232	289	187
629	219	294	203
615	193	305	232
637	227	280	197
639	239	285	183
650	247	266	171
649	237	273	185
638	239	277	181
635	245	284	176
642	242	276	182
647	245	266	177
651	243	266	180
649	239	274	182
653	243	272	173
655	250	276	170
661	240	269	185
666	233	266	184
644	235	298	188
656	238	296	185
656	242	295	181
663	241	297	181
674	246	294	181
672	249	306	186
695	244	315	190
716	252	288	171
730	241	270	188
746	242	263	182
737	251	283	168
731	231	293	189
729	243	308	179
750	237	292	183
747	237	299	189
786	236	276	190
812	247	258	178
806	246	270	181
823	244	263	182
823	246	267	181
829	249	266	178
811	246	295	182
810	244	299	187
823	242	296	190
814	243	307	189
801	246	322	185
785	242	345	181
775	248	368	188
789	253	345	175
841	247	333	190
821	242	328	191
834	247	315	190
813	252	336	181
822	244	325	190
826	233	316	193
829	240	320	187
819	216	326	215
805	238	345	197
859	240	302	204
879	242	272	189
888	249	274	174
891	252	254	178
898	241	255	183
893	254	252	165
887	247	263	171
869	240	280	187
883	245	264	182
891	238	256	188
881	242	268	182
875	249	267	176
879	244	267	181
886	243	259	176
879	239	267	182
877	242	271	181
895	245	252	175
878	249	265	167
895	244	246	171
881	235	258	188
875	236	260	186
877	247	260	170
887	226	257	190
874	234	263	192
866	209	276	213
879	227	263	197
881	234	258	184
875	226	272	195
874	224	267	194
882	246	267	184
863	236	289	196
854	229	312	212
860	238	285	192
863	240	291	198
881	245	276	194
876	244	271	188
881	244	268	184
883	248	271	196
883	246	255	183
890	248	256	181
887	246	262	182
879	246	277	180
885	251	269	180
881	239	264	199
881	243	256	191
885	247	254	185
877	241	263	193
893	242	247	187
891	245	238	174
903	242	230	176
888	248	252	173
884	232	246	186
878	238	260	188
877	245	271	199
874	237	279	191
875	237	272	211
896	233	241	194
890	245	240	176
900	242	229	183
926	242	204	175
945	242	176	165
948	236	169	169
954	235	164	173
951	234	184	171
917	233	214	176
911	227	221	181
898	229	247	180
889	231	247	188
897	245	230	171
910	237	214	170
915	233	210	170
925	226	205	172
935	230	190	168
952	226	164	175
924	213	191	185
950	220	169	178
938	229	189	166
894	228	218	165
893	239	224	164
926	231	197	173
935	216	185	181
907	216	214	176
907	230	215	161
916	222	200	168
929	233	183	157
941	232	170	156
941	228	171	158
947	223	158	161
948	220	161	164
942	208	164	171
952	203	143	181
953	217	143	158
948	218	149	158
960	211	134	160
960	218	133	143
983	220	112	152
959	208	132	168
974	214	124	174
984	220	109	154
954	218	138	145
951	211	139	164
957	200	134	166
950	220	144	141
955	205	136	157
979	209	109	168
996	211	87	162
992	215	89	148
995	216	85	150
1008	216	70	124
980	222	82	123
970	223	103	119
976	209	97	124
984	217	91	132
996	219	76	135
990	208	81	141
986	211	90	132
976	212	95	117
982	221	87	130
983	212	90	146
981	212	114	152
997	223	117	151
970	213	107	120
967	217	105	104
967	225	108	107
976	221	92	95
977	233	87	111
967	218	97	134
964	215	108	119
977	216	88	99
971	228	98	103
982	213	87	110
971	243	107	120
967	220	115	130
969	214	125	154
940	207	153	157
953	209	171	160
967	228	191	146
947	235	210	141
909	208	230	166
941	219	216	155
913	216	239	155
930	229	232	148
928	191	226	191
879	196	244	182
899	198	271	185
902	233	265	146
912	231	253	147
917	233	246	149
917	221	242	160
936	230	230	158
930	219	226	165
936	224	221	155
952	230	204	151
987	225	169	154
963	229	189	152
933	227	209	144
948	246	208	134
949	208	201	171
950	220	204	155
907	212	241	162
915	223	245	155
937	236	224	143
943	238	213	140
965	240	190	137
997	255	161	120
964	218	177	158
951	236	196	134
958	268	199	102
982	268	173	108
964	229	161	138
989	235	170	139
973	234	181	136
950	227	202	145
945	229	213	142
946	239	210	130
951	219	203	152
978	240	180	125
954	230	201	136
954	232	201	133
952	239	203	125
939	238	214	119
962	244	196	113
986	232	173	123
962	233	192	127
975	248	186	106
935	233	219	109
920	228	242	108
915	224	245	123
905	244	262	87
894	252	272	70
907	247	254	71
914	249	248	66
919	250	242	66
918	251	243	61
928	250	232	56
926	246	242	60
922	249	245	56
925	248	242	55
925	241	241	62
924	244	238	59
934	243	228	64
932	242	233	63
936	245	230	60
938	242	224	63
936	245	226	57
928	240	233	61
921	240	240	62
918	241	250	61
920	243	248	58
927	242	234	55
934	237	236	60
932	235	233	62
928	231	239	65
919	234	251	60
921	232	245	66
924	232	241	63
927	230	237	63
938	230	223	62
939	229	223	61
936	230	223	61
946	227	214	63
951	225	208	63
968	226	194	62
975	222	185	67
968	224	189	64
978	221	183	63
950	221	209	70
947	219	214	69
963	224	195	65
971	223	190	64
984	220	174	65
994	219	166	65
981	221	179	66
999	220	164	61
977	217	173	71
984	218	185	66
993	217	180	67
1005	221	173	63
1014	220	171	61
1016	222	179	60
1018	217	183	65
1021	221	190	63
1039	221	179	65
1053	222	173	62
1060	222	175	61
1065	225	184	57
1077	222	179	61
1079	222	190	64
1093	221	188	64
1105	223	184	65
1114	226	186	59
1119	224	195	62
1132	221	191	65
1146	227	185	65
1155	226	185	66
1173	224	178	64
1172	225	187	63
1177	221	200	68
1182	227	207	63
1201	226	196	63
1208	228	199	60
1224	224	192	62
1229	228	195	65
1249	223	186	66
1260	224	181	78
1258	228	197	65
1278	227	187	65
1277	233	198	59
1308	226	181	65
1305	229	191	60
1301	228	204	66
1330	228	185	64
1327	228	197	63
1341	223	196	69
1353	227	190	63
1362	232	196	56
1375	230	193	58
1375	236	198	55
1397	231	189	58
1413	229	187	57
1415	235	187	57
1427	232	187	56
1436	232	187	58
1448	231	190	57
1450	233	189	60
1458	230	200	61
1475	229	188	62
1488	228	190	60
1486	236	198	57
1500	236	195	58
1499	232	209	55
1523	232	197	56
1525	234	204	55
1538	231	202	59
1546	217	197	74
1561	228	195	61
1572	222	198	63
1581	231	199	54
1589	229	195	57
1605	234	188	53
1615	229	194	57
1623	235	193	52
1636	227	192	59
1652	231	180	54
1664	232	182	53
1679	233	175	53
1684	225	176	61
1699	232	172	53
1709	233	178	53
1725	223	165	62
1739	229	165	58
1744	228	171	57
1746	231	172	58
1742	232	179	59
1734	233	184	58
1747	235	174	57
1770	234	153	53
1786	235	138	56
1807	235	113	57
1815	236	108	59
1810	235	112	57
1798	235	126	58
1817	229	105	76
1814	231	107	68
1809	232	112	69
1816	230	104	68
1811	221	110	78
1814	228	107	67
1799	226	119	72
1801	228	119	62
1802	228	121	61
1795	228	126	61
1800	226	122	62
1778	229	136	61
1770	227	147	69
1761	223	158	72
1761	224	158	65
1756	231	162	65
1750	230	169	59
1753	233	165	60
1750	231	167	62
1743	232	178	65
1733	231	189	67
1732	234	184	64
1732	233	187	65
1726	232	194	69
1723	234	199	65
1728	231	192	65
1725	232	196	63
1714	236	207	74
1715	233	207	73
1713	229	207	92
1725	230	194	78
1734	230	179	73
1732	238	181	63
1732	236	186	60
1732	243	179	57
1734	237	185	64
1728	237	192	64
1725	234	191	64
1728	237	188	58
1729	238	185	61
1719	237	200	65
1709	240	210	67
1729	238	191	61
1729	239	189	54
1728	242	189	54
1730	237	186	60
1725	242	190	53
1725	241	193	55
1734	240	172	58
1729	238	191	56
1736	240	179	54
1731	240	183	53
1731	241	184	57
1732	238	176	60
1735	237	171	59
1734	237	174	60
1737	238	166	57
1735	237	177	59
1730	237	184	59
1732	235	184	60
1736	238	165	58
1737	237	160	59
1740	234	169	54
1743	229	174	65
1732	237	184	60
1735	236	177	58
1736	234	177	61
1735	234	174	58
1738	235	160	51
1745	236	164	56
1738	235	171	57
1735	231	178	63
1732	232	182	62
1728	231	182	59
1732	233	172	56
1725	237	180	51
1721	235	168	56
1719	233	169	54
1719	236	160	55
1714	234	153	56
1704	235	156	52
1702	234	156	56
1698	233	149	59
1699	231	145	69
1692	233	153	55
1698	235	146	53
1699	235	144	58
