913	344	333	146
910	338	327	156
915	339	329	145
915	337	319	162
907	336	327	148
913	338	322	156
912	338	321	159
912	338	327	145
917	338	317	152
911	339	327	157
916	334	325	162
918	335	309	171
911	337	319	157
912	334	318	168
922	339	317	147
917	342	309	152
918	340	314	141
916	337	312	160
916	340	316	146
910	342	321	133
915	344	311	146
913	340	324	146
913	337	314	162
917	331	308	163
905	340	311	150
901	337	326	136
905	334	319	173
915	332	311	158
907	340	310	158
907	334	321	158
909	340	312	146
905	338	318	151
903	339	315	153
902	340	305	153
907	338	310	155
899	334	319	169
907	338	311	160
900	337	313	156
898	335	312	149
895	339	311	140
898	338	310	150
909	333	304	166
899	332	314	153
893	334	322	163
896	337	305	154
895	332	314	165
894	333	313	163
901	330	307	171
889	332	318	161
906	335	301	152
892	337	305	163
891	337	308	154
892	332	315	158
880	335	314	156
891	331	304	171
897	329	310	160
890	329	301	176
876	334	318	163
886	331	318	144
876	333	313	168
890	331	305	175
879	334	304	165
877	333	319	154
897	327	295	176
875	335	308	169
879	330	310	160
886	330	296	178
884	326	302	170
879	331	296	174
888	328	291	185
882	331	296	175
872	327	305	185
881	330	301	182
885	324	295	186
873	330	296	182
884	332	286	178
879	324	293	183
872	331	302	163
874	331	299	158
881	333	286	175
866	334	307	151
852	335	315	147
865	329	315	161
864	332	303	160
868	333	299	143
859	336	290	149
860	328	301	167
856	331	301	180
865	330	292	170
863	328	300	170
856	331	296	171
869	326	291	175
862	331	294	173
861	330	296	173
858	334	295	169
864	329	288	175
863	334	284	176
872	330	280	173
848	331	298	164
860	326	287	184
858	333	289	164
851	328	291	181
847	332	290	174
851	323	298	174
843	329	292	188
843	327	298	178
848	329	279	181
845	325	295	179
843	327	295	195
843	328	289	186
844	325	290	190
847	327	287	186
844	333	283	170
836	331	293	176
838	325	285	197
844	319	287	187
833	326	292	193
841	328	279	168
837	335	295	145
829	331	301	171
844	337	287	133
834	331	295	166
850	332	278	179
826	333	298	152
836	336	295	154
846	332	275	187
853	333	265	174
830	327	298	174
837	332	290	186
837	333	293	156
839	332	297	172
848	335	291	180
859	324	287	180
863	330	296	194
881	331	291	183
893	336	292	177
915	331	286	186
920	332	306	182
935	330	306	204
971	333	296	192
975	330	306	200
999	331	311	188
1022	331	304	191
1033	326	311	203
1063	331	310	191
1076	328	320	196
1090	330	331	199
1123	331	315	199
1140	335	328	189
1159	340	342	184
1183	335	337	190
1203	335	343	202
1218	347	356	172
1236	336	362	204
1256	339	373	195
1277	344	369	204
1302	343	377	195
1323	342	379	195
1344	340	374	195
1354	342	380	193
1373	346	382	191
1377	343	393	211
1384	341	397	227
1380	339	406	209
1389	343	397	220
1402	348	402	209
1408	346	389	204
1392	349	407	183
1402	356	405	196
1410	348	395	205
1426	347	384	210
1415	350	389	218
1415	353	405	207
1409	354	407	209
1425	357	399	207
1422	356	403	208
1417	353	408	204
1409	352	419	204
1417	351	413	208
1400	346	422	221
1400	349	438	213
1418	348	413	215
1427	346	413	231
1421	346	418	221
1427	356	408	213
1422	346	423	212
1413	352	425	208
1422	344	422	212
1408	353	431	211
1419	339	423	222
1409	350	433	200
1425	347	416	204
1429	349	409	204
1419	344	431	200
1405	346	439	213
1434	342	414	212
1426	341	413	204
1421	343	420	207
1424	342	426	203
1416	340	422	202
1421	344	412	215
1424	344	429	217
1423	338	418	228
1426	341	409	228
1437	336	407	225
1430	342	403	232
1429	338	408	227
1432	349	401	224
1427	345	407	225
1437	347	403	202
1414	349	417	207
1418	342	423	215
1413	348	423	208
1424	339	414	216
1416	353	423	211
1420	338	425	233
1419	341	404	241
1423	350	420	206
1417	341	421	224
1422	352	413	200
1420	347	419	216
1414	356	422	224
1432	349	405	228
1426	347	409	238
1433	354	408	208
1412	354	421	219
1416	343	433	242
1419	348	415	249
1432	351	408	225
1415	354	418	238
1431	360	408	218
1426	353	423	220
1414	352	422	230
1426	354	413	231
1423	355	415	223
1411	364	430	206
1411	360	429	211
1420	361	424	214
1412	362	436	199
1403	362	419	207
1418	356	412	215
1416	360	420	213
1418	359	433	216
1409	361	423	218
1415	348	430	228
1410	361	415	227
1421	358	419	214
1428	371	404	200
1422	360	417	207
1422	371	419	192
1425	367	412	193
1414	370	420	201
1432	360	405	213
1424	364	407	219
1433	356	407	220
1426	363	408	227
1427	362	402	245
1418	353	412	257
1420	360	407	238
1427	361	407	210
1412	361	418	209
1405	368	429	217
1409	358	427	221
1418	368	416	207
1414	368	420	211
1416	363	411	230
1415	354	420	232
1409	368	423	226
1424	366	412	222
1412	363	424	219
1410	366	411	223
1420	357	411	233
1405	364	421	230
1421	366	409	209
1404	372	411	200
1415	367	405	217
1420	366	398	229
1415	361	408	240
1402	358	422	241
1409	357	412	255
1400	353	419	243
1394	357	420	223
1397	359	416	210
1404	362	410	238
1408	369	402	212
1406	366	404	227
1404	354	408	237
1394	362	417	229
1401	363	410	218
1401	369	413	216
1399	366	409	217
1398	368	406	204
1399	361	414	230
1400	370	411	233
1393	360	417	241
1393	365	409	241
1396	361	405	247
1384	360	411	264
1388	367	400	250
1392	360	404	237
1381	366	411	235
1393	365	400	221
1391	367	399	224
1384	365	412	217
1383	360	409	241
1391	363	400	228
1376	373	410	221
1386	367	404	225
1373	378	410	213
1371	368	416	223
1375	363	410	229
1362	363	408	240
1382	365	400	238
1368	372	404	232
1373	362	397	256
1369	356	405	264
1367	359	399	258
1368	363	392	267
1371	354	390	275
1361	360	400	262
1360	367	398	243
1360	359	391	262
1361	361	398	266
1358	351	396	278
1363	373	384	256
1357	362	400	251
1361	359	390	259
1356	362	389	262
1362	362	390	239
1350	364	386	253
1351	363	394	252
1343	364	401	230
1350	363	391	231
1342	362	397	259
1343	365	389	242
1342	365	390	251
1337	366	393	260
1330	357	389	271
1325	360	398	255
1328	358	399	250
1333	363	390	243
1332	365	384	249
1319	364	401	220
1325	363	402	229
1320	363	396	239
1310	363	405	231
1311	359	402	254
1313	368	392	274
1317	366	385	272
1317	357	381	278
1316	349	384	289
1315	353	375	310
1302	354	396	288
1309	361	379	299
1305	360	387	292
1305	362	389	253
1297	368	387	216
1292	359	393	270
1299	363	386	229
1301	372	388	203
1285	378	401	177
1294	368	383	223
1289	366	389	212
1283	367	393	217
1277	367	390	220
1280	370	388	207
1277	365	389	202
1273	364	382	247
1278	365	380	226
1282	356	370	255
1280	359	379	239
1275	359	387	261
1279	359	377	282
1273	358	381	316
1281	357	380	295
1289	350	374	298
1294	350	379	304
1290	350	385	313
1296	351	382	306
1295	351	391	305
1310	356	381	312
1322	358	375	296
1320	351	393	312
1330	347	395	298
1330	351	402	307
1342	351	397	303
1342	356	426	303
1349	343	430	316
1363	354	415	297
1372	347	425	313
1385	353	417	309
1390	347	417	310
1397	361	418	308
1393	354	440	290
1398	349	435	311
1402	355	436	317
1407	347	419	305
1418	340	430	323
1417	348	428	305
1421	347	435	290
1423	367	459	212
1422	355	441	245
1428	347	420	267
1428	349	413	293
1437	344	420	304
1423	344	429	311
1432	345	406	313
1423	333	419	331
1422	345	423	316
1441	344	393	309
1431	346	422	304
1432	353	414	271
1430	341	411	310
1429	337	408	316
1439	341	399	311
1432	338	400	319
1429	344	411	323
1432	347	409	311
1430	337	396	326
1426	337	411	317
1422	344	427	321
1420	341	422	332
1428	346	410	313
1426	354	425	261
1427	348	422	273
1433	341	402	294
1420	339	406	304
1419	345	416	293
1425	359	418	265
1415	349	424	284
1417	345	417	311
1417	349	426	306
1411	355	430	280
1424	345	395	326
1421	344	393	319
1418	345	409	309
1418	350	398	314
1419	338	391	329
1412	360	418	277
1412	346	406	323
1418	349	392	329
1405	364	417	276
1411	356	416	275
1405	357	408	284
1403	353	408	279
1404	359	415	265
1404	352	406	306
1391	354	419	320
1400	360	405	302
1405	363	382	323
1396	357	405	315
1392	348	399	329
1395	346	395	351
1388	357	399	340
1385	345	406	353
1382	343	393	337
1389	356	400	327
1394	355	389	332
1382	348	391	332
1394	350	361	330
1380	354	394	326
1376	354	393	318
1386	350	375	328
1379	354	378	317
1367	352	393	329
1370	346	393	348
1373	342	385	349
1366	351	391	344
1365	350	395	349
1365	343	384	350
1357	343	389	357
1360	335	380	359
1354	335	379	358
1361	339	371	356
1361	345	375	358
1357	341	372	363
1354	337	384	359
1345	345	375	354
1341	348	385	354
1334	349	393	355
1340	345	382	360
1338	340	387	374
1343	337	372	364
1336	343	367	357
1344	336	360	372
1344	348	361	348
1340	348	363	353
1338	339	354	362
1338	331	359	365
1319	346	375	357
1327	341	359	358
1325	337	354	368
1323	338	365	360
1313	343	374	359
1311	332	378	381
1315	338	359	376
1301	325	373	379
1316	338	359	361
1299	338	368	368
1307	342	356	370
1309	332	354	367
1292	337	363	357
1300	331	359	372
1297	334	343	373
1292	339	355	363
1293	338	350	369
1294	340	351	365
1281	345	350	373
1287	342	344	363
1279	334	352	368
1278	339	351	362
1263	330	360	370
1272	336	357	373
1259	345	366	350
1275	341	333	364
1265	347	355	329
1270	347	346	345
1256	341	350	356
1248	339	357	360
1252	337	349	355
1239	334	352	369
1242	337	357	366
1239	338	344	370
1246	332	341	376
1254	337	328	364
1244	332	345	360
1233	344	348	363
1245	343	338	351
1236	337	343	360
1231	342	349	364
1239	330	344	364
1253	342	343	326
1232	328	348	361
1245	337	342	344
1236	334	352	350
1235	327	358	350
1234	324	350	361
1233	333	354	359
1232	332	352	368
1236	327	349	376
1224	323	358	388
1230	327	350	379
1234	324	343	390
1235	316	332	395
1232	316	345	379
1244	325	339	368
1244	323	342	354
1229	328	352	364
1245	335	346	356
1244	326	341	364
1232	337	345	357
1228	320	357	373
1225	329	355	366
1224	333	346	371
1227	335	343	369
1239	332	330	353
1240	336	334	348
1233	344	352	352
1232	342	346	354
1232	331	343	366
1222	331	345	356
1237	328	324	371
1218	336	348	357
1224	330	345	358
1217	330	345	354
1221	341	332	355
1211	339	350	367
1213	346	344	352
1206	339	359	367
1207	337	342	379
1206	334	354	373
1210	341	345	363
1209	335	333	380
1220	350	339	353
1210	349	340	360
1213	351	334	356
1203	350	336	361
1196	354	355	363
1197	356	333	368
1211	356	329	359
1214	352	323	355
1208	352	327	360
1205	352	322	367
1200	349	332	367
1198	352	328	365
1193	351	330	375
1188	348	333	375
1184	360	333	354
1184	361	338	361
1181	354	337	372
1179	348	325	385
1171	352	330	385
1180	353	325	375
1173	350	330	384
1153	353	348	374
1146	348	358	392
1173	342	321	383
1172	350	329	370
1166	359	325	377
1171	350	322	376
1158	355	329	382
1149	346	331	398
1153	339	331	387
1156	339	327	387
1157	349	330	372
1158	354	320	388
1156	355	316	381
1168	361	314	366
1176	353	305	380
1168	349	312	371
1168	365	329	350
1169	371	325	366
1177	350	326	384
1183	360	326	367
1190	362	323	374
1189	359	337	372
1199	355	331	367
1209	366	332	351
1218	359	324	378
1216	353	330	378
1225	362	328	347
1228	364	327	325
1226	367	338	371
1222	358	341	376
1232	363	328	353
1232	367	333	353
1235	364	319	345
1223	363	331	360
1230	370	318	344
1231	364	319	369
1235	367	313	347
1220	369	325	375
1220	359	318	374
1219	362	328	371
1217	365	315	373
1222	361	311	360
1211	372	314	369
1219	375	308	322
1221	356	290	379
1228	364	289	375
1219	367	294	371
1214	361	294	360
1218	367	296	344
1211	372	304	336
1207	360	312	313
1216	382	295	314
1207	379	319	282
1209	374	309	269
1209	386	316	269
1230	385	301	250
1227	385	309	263
1237	384	310	271
1241	376	302	294
1242	372	301	315
1251	363	300	339
1254	369	307	339
1254	359	309	350
1265	383	303	281
1269	377	301	301
1266	373	296	325
1257	363	294	372
1264	367	289	350
1266	376	299	313
1285	384	287	271
1273	378	295	288
1280	381	287	271
1288	383	277	279
1268	372	296	304
1267	375	292	312
1268	382	286	293
1273	386	278	275
1271	383	275	275
1278	387	276	278
1271	384	278	287
1273	371	276	304
1267	376	286	296
1266	387	292	292
1266	375	284	299
1276	380	275	295
1268	369	278	328
1267	372	273	333
1264	373	277	324
1267	370	269	328
1260	365	275	317
1264	367	263	343
1275	363	246	354
1261	370	262	336
1258	375	262	293
1262	383	260	268
1263	388	256	266
1274	387	232	262
1246	376	259	297
1261	382	240	275
1243	375	252	310
1235	379	262	287
1235	380	253	289
1234	379	251	285
1222	379	258	299
1222	382	249	300
1213	386	265	275
1225	385	251	269
1225	381	241	286
1221	383	244	289
1208	378	260	299
1235	381	226	279
1240	378	215	289
1233	376	228	283
1228	378	232	297
1253	383	210	290
1242	380	217	302
1233	379	227	290
1234	374	231	310
1236	378	226	314
1252	383	222	284
1238	376	228	324
1241	381	225	312
1243	383	225	294
1242	381	220	293
1235	379	222	294
1234	379	218	311
1224	376	221	318
1203	378	237	318
1225	377	213	314
1206	387	227	286
1194	381	231	302
1201	379	221	306
1194	380	222	318
1200	383	213	285
1189	386	208	295
1186	385	210	314
1182	386	205	324
1183	385	206	326
1170	391	213	312
1166	386	213	300
1153	381	213	314
1153	383	210	310
1148	383	213	315
1145	384	204	342
1123	380	222	355
1134	379	206	347
1133	383	212	337
1123	382	210	359
1127	383	214	334
1118	382	219	338
1119	389	220	299
1127	390	213	285
1125	390	216	311
1112	384	231	333
1115	380	221	352
1116	389	217	350
1125	395	216	296
1116	396	221	292
1113	389	218	322
1106	391	226	310
1110	389	214	308
1096	394	222	335
1101	384	211	340
1090	391	215	337
1089	388	222	340
1077	387	227	366
1070	391	224	370
1072	386	212	364
1059	392	230	373
1055	388	232	344
1062	393	216	315
1068	386	207	317
1056	391	229	355
1065	382	216	385
1054	382	232	392
1057	382	230	374
1065	378	226	373
1070	385	230	360
1061	380	245	378
1079	387	240	365
1086	390	251	351
1089	406	266	361
1115	413	252	331
1119	412	265	328
1149	419	248	320
1152	407	255	336
1149	415	279	355
1184	403	258	370
1193	401	256	364
1202	397	246	376
1193	410	267	359
1218	408	242	347
1201	407	265	371
1198	409	261	360
1204	419	255	344
1217	400	238	369
1225	403	231	377
1204	416	250	343
1214	418	233	318
1219	409	217	324
1191	410	231	352
1194	399	230	379
1172	413	240	356
1170	396	245	385
1160	388	246	410
1139	387	263	417
1144	397	257	413
1136	421	253	365
1134	409	250	390
1128	411	244	366
1108	416	267	375
1115	414	254	383
1101	422	254	379
1112	427	250	380
1109	422	256	386
1106	422	258	379
1110	412	252	401
1100	423	273	387
1108	423	253	387
1093	424	266	395
1111	393	246	429
1108	389	243	434
1110	402	247	420
1107	362	237	464
1103	376	247	452
1098	389	261	440
1096	441	282	395
1080	447	311	390
1075	452	314	383
1094	453	287	367
1088	444	286	393
1079	442	297	396
1064	447	285	394
1077	445	287	397
1035	444	311	391
1046	427	281	414
1028	434	289	415
1017	460	312	399
978	451	350	419
1021	457	277	399
1023	464	264	385
1024	462	269	394
996	458	300	423
989	466	307	401
994	467	298	383
966	460	335	420
984	455	323	410
984	462	285	388
975	470	309	376
983	469	285	342
990	462	275	378
999	478	265	336
1002	474	242	330
997	472	252	315
1015	480	233	292
1003	475	245	304
1001	473	234	294
1008	467	232	308
988	465	248	304
