1375	803	353	273
1374	794	365	275
1376	785	382	283
1390	794	348	272
1387	783	350	267
1403	781	354	271
1396	777	356	281
1414	766	344	285
1407	768	354	288
1424	765	342	287
1421	760	355	294
1424	759	323	294
1436	760	337	263
1436	752	330	269
1451	746	302	260
1451	747	315	253
1465	744	296	259
1463	741	314	261
1475	747	309	234
1472	738	315	243
1475	740	325	238
1481	734	325	239
1483	731	329	254
1489	725	316	236
1498	721	303	243
1502	716	299	248
1513	717	293	242
1512	710	282	228
1514	706	290	217
1516	697	285	235
1510	702	300	221
1524	696	281	219
1524	697	284	214
1525	686	273	241
1531	684	278	219
1539	685	267	202
1539	685	260	194
1541	680	262	195
1554	676	249	197
1554	671	232	190
1554	670	243	211
1567	665	217	206
1564	670	222	168
1573	657	204	208
1566	659	224	195
1573	656	191	189
1579	656	210	195
1576	650	216	193
1585	652	212	184
1582	643	198	190
1582	640	202	183
1579	641	207	209
1586	640	188	191
1587	635	189	183
1589	635	206	187
1589	627	204	192
1585	634	207	186
1584	630	201	177
1585	628	194	180
1601	627	178	161
1601	626	180	173
1600	624	196	166
1608	620	179	162
1602	616	178	168
1613	615	167	167
1614	613	169	157
1613	615	166	164
1617	610	157	133
1613	607	170	148
1613	605	170	157
1619	605	162	160
1616	601	160	155
1617	603	155	137
1613	599	156	140
1610	598	161	141
1609	595	164	157
1609	592	162	151
1604	592	170	147
1603	591	165	149
1604	588	172	154
1602	587	170	154
1592	582	177	160
1595	583	170	151
1604	583	160	145
1606	580	156	146
1586	577	170	138
1598	576	162	155
1587	575	171	150
1562	570	193	142
1559	570	194	117
1554	567	197	131
1551	564	199	134
1552	559	194	154
1544	562	203	139
1541	556	202	139
1534	556	203	124
1528	550	205	152
1527	550	203	147
1523	548	208	146
1514	545	205	141
1512	545	211	126
1507	537	207	153
1502	528	207	177
1496	534	215	163
1494	532	209	180
1481	532	208	172
1468	533	225	182
1441	527	251	187
1414	525	275	183
1407	511	276	208
1407	512	266	199
1402	520	277	192
1404	522	266	199
1401	512	268	213
1395	514	261	212
1395	508	258	221
1397	509	253	224
1397	510	255	232
1390	508	249	226
1390	505	247	237
1387	498	242	239
1386	504	241	235
1381	497	241	247
1382	494	232	250
1384	486	217	262
1383	491	224	253
1372	487	224	269
1370	484	227	270
1363	486	230	271
1361	485	218	271
1355	486	217	273
1347	481	224	270
1345	479	219	283
1333	477	223	285
1330	471	224	292
1328	470	207	286
1331	481	207	286
1321	471	210	287
1314	474	202	300
1300	477	206	298
1285	469	219	304
1281	472	208	306
1277	474	211	315
1266	474	220	308
1269	468	204	323
1254	465	213	335
1263	468	202	328
1248	471	210	334
1258	471	197	330
1244	472	203	325
1246	467	197	329
1231	463	205	331
1232	469	195	326
1224	468	200	333
1236	461	187	350
1225	465	197	326
1216	461	207	357
1223	448	207	363
1229	454	208	369
1231	448	221	378
1223	455	243	386
1207	457	269	372
1224	436	272	410
1224	433	280	421
1242	403	265	456
1248	411	280	450
1245	400	289	462
1235	425	335	487
1233	363	343	515
1242	395	364	542
1252	403	315	497
1261	367	294	511
1284	472	312	481
1327	471	277	449
1260	424	300	478
1243	365	333	550
1247	342	329	562
1290	449	320	530
1299	414	330	519
1309	382	332	563
1278	342	400	590
1246	307	443	623
1252	406	469	585
1296	344	411	654
1250	324	472	629
1233	356	553	547
1266	377	604	531
1182	306	614	611
1228	324	560	631
1234	361	665	595
1234	366	681	565
1266	376	641	535
1171	303	618	648
1209	335	647	610
1257	356	629	637
1264	371	642	627
1171	375	583	640
1214	392	673	648
1283	470	597	583
1236	324	673	604
1221	348	690	677
1302	382	605	627
1354	426	536	607
1356	397	549	648
1364	391	543	654
1251	419	478	648
1334	368	392	703
1414	381	310	658
1443	365	283	683
1484	320	253	703
1512	283	252	750
1502	251	299	792
1473	188	387	858
1419	131	315	918
1451	168	296	890
1461	151	265	906
1516	201	241	876
1507	251	270	824
1487	191	317	858
1521	139	225	928
1513	206	268	862
1547	149	179	900
1507	195	231	853
1478	155	261	885
1521	159	200	903
1525	181	188	881
1516	183	206	881
1495	158	235	854
1470	168	278	885
1471	162	257	855
1466	239	263	802
1485	202	236	809
1476	151	240	777
1457	194	308	819
1449	200	302	816
1477	151	262	835
1507	172	211	882
1467	170	262	786
1449	234	304	803
1484	161	242	896
1458	156	274	906
1477	146	244	907
1496	156	221	856
1517	140	192	832
1481	162	233	855
1476	163	259	822
1482	155	245	841
1466	165	256	835
1461	153	255	838
1457	160	262	780
1420	257	325	768
1426	204	341	803
1448	183	268	817
1481	175	234	758
1390	347	230	671
1383	353	258	645
1387	394	245	592
1397	397	227	579
1393	393	236	600
1392	415	238	555
1376	394	258	592
1380	420	248	542
1384	425	238	551
1384	438	203	502
1381	526	217	452
1371	536	222	414
1375	593	212	363
1382	607	193	344
1411	633	140	305
1419	659	113	274
1418	673	108	248
1419	696	92	223
1412	723	96	196
1410	741	88	180
1407	745	85	171
1406	761	81	159
1404	760	86	161
1405	767	85	165
1399	760	85	165
1403	757	80	172
1401	766	77	162
1393	764	82	163
1391	771	82	162
1386	772	84	159
1380	775	87	157
1373	769	88	162
1366	775	89	160
1366	769	85	162
1358	776	93	159
1361	765	88	172
1353	761	88	183
1353	770	84	182
1352	776	86	173
1346	777	90	172
1344	772	92	177
1342	776	85	173
1341	777	78	166
1337	779	75	165
1337	779	71	169
1337	776	72	174
1330	780	73	175
1328	780	72	174
1327	784	72	173
1318	777	74	183
1313	783	78	177
1309	777	80	182
1299	791	92	171
1297	782	89	178
1292	782	86	177
1295	784	90	175
1296	784	88	176
1294	787	92	177
1290	789	87	170
1293	787	86	178
1288	784	86	174
1283	783	79	175
1283	783	80	173
1285	785	63	171
1275	784	70	171
1268	784	77	167
1265	782	77	170
1262	787	77	163
1258	790	77	161
1253	790	80	158
1244	787	88	163
1244	787	85	165
1241	782	85	169
1239	778	84	174
1234	776	88	180
1236	777	86	173
1238	771	73	174
1234	773	77	172
1231	774	96	173
1227	768	82	176
1226	772	70	168
1226	771	63	168
1221	768	70	167
1215	766	76	177
1209	758	73	177
1203	767	76	163
1197	757	84	173
1194	748	73	174
1195	748	71	172
1191	749	75	171
1184	740	76	172
1186	744	77	173
1183	732	80	183
1182	730	75	176
1179	736	67	163
1175	729	67	171
1176	734	65	163
1173	728	68	166
1170	717	64	175
1163	713	67	177
1162	721	64	170
1156	710	68	172
1149	723	70	161
1146	720	73	170
1136	708	79	183
1136	714	79	175
1132	713	82	176
1130	704	82	186
1126	719	97	178
1125	708	86	191
1123	711	85	190
1123	715	68	178
1121	717	62	167
1117	720	65	160
1114	716	62	162
1115	716	60	158
1110	712	62	168
1106	714	59	163
1101	712	62	168
1098	710	65	171
1091	706	76	173
1086	702	74	175
1081	702	78	174
1075	703	78	170
1072	693	72	176
1071	696	76	179
1069	699	74	168
1068	691	73	180
1068	699	66	165
1067	698	68	173
1064	690	66	173
1062	690	60	170
1060	687	57	171
1056	682	60	177
1051	687	61	169
1047	682	61	171
1043	685	61	166
1038	684	63	165
1034	677	64	172
1026	679	74	169
1024	681	70	167
1024	680	66	165
1022	676	65	166
1024	675	58	163
1019	674	62	161
1017	671	62	162
1016	669	59	163
1015	664	54	164
1014	661	54	168
1012	659	51	163
1010	658	50	161
1008	656	50	167
1004	650	51	170
1000	649	54	173
997	652	58	168
998	652	54	169
995	649	52	173
989	647	55	176
988	650	55	172
986	643	54	169
985	648	51	156
984	644	52	164
981	643	52	162
977	641	52	156
975	644	52	151
975	633	47	155
972	639	47	153
962	641	56	154
963	631	54	166
959	633	58	161
950	644	62	149
947	635	64	160
957	638	51	157
944	637	63	148
925	630	79	152
913	638	92	139
933	642	68	146
943	645	55	144
941	644	54	147
937	649	52	141
932	644	57	142
930	640	53	144
928	639	54	147
926	636	53	149
924	635	53	142
923	631	54	153
924	630	53	159
920	635	56	154
923	632	50	163
918	632	60	169
914	636	66	162
908	639	74	160
904	642	77	158
905	641	78	158
900	646	87	153
901	648	81	144
899	645	82	138
897	649	88	133
896	645	88	142
893	648	97	128
891	635	73	141
891	638	71	137
890	635	78	141
888	636	64	141
887	638	50	137
885	641	49	135
883	643	51	133
881	645	51	134
878	643	51	131
874	640	53	136
873	634	50	144
871	634	47	141
872	631	45	142
868	627	46	142
868	628	43	139
865	626	45	140
863	622	45	140
862	619	42	130
861	618	41	122
859	619	41	127
858	618	41	136
855	621	42	132
853	623	46	129
850	623	47	138
849	623	46	131
848	617	44	138
844	608	46	140
840	605	48	143
839	603	48	146
833	605	55	150
833	607	53	152
831	606	47	139
833	606	39	130
830	606	42	129
828	606	41	125
824	607	43	125
821	608	44	135
819	605	45	142
815	609	47	140
816	609	42	147
811	611	46	146
804	612	53	145
801	608	52	150
803	620	52	159
794	618	64	174
793	619	63	174
792	619	69	182
791	615	51	166
788	617	50	163
785	618	52	165
784	618	47	171
779	610	49	158
781	615	41	145
779	617	40	140
776	618	42	134
774	621	41	129
772	622	40	137
767	623	42	139
762	624	46	131
760	627	46	135
754	631	52	135
752	631	62	151
748	635	65	155
743	640	72	182
743	643	72	192
739	635	75	204
737	644	70	192
732	638	72	199
727	639	74	197
726	638	58	208
727	634	52	218
724	634	54	218
721	633	51	212
718	629	53	220
714	633	53	217
713	637	49	208
709	634	53	208
705	637	56	203
699	647	60	199
701	644	67	204
702	645	66	210
706	640	60	208
710	639	63	202
719	635	58	193
733	641	50	207
738	627	59	217
757	626	52	221
768	639	52	207
782	631	59	211
