1157	558	148	95
1133	559	155	97
1119	559	147	99
1105	565	152	96
1096	567	155	96
1092	572	154	99
1093	579	156	100
1097	583	155	103
1103	585	154	102
1106	587	166	104
1110	594	171	107
1118	595	175	110
1122	603	185	112
1130	607	189	113
1141	613	193	115
1148	617	194	117
1156	623	200	118
1172	624	197	122
1181	630	200	127
1192	633	208	126
1197	642	217	130
1209	647	224	131
1220	652	231	137
1235	662	231	134
1241	663	239	147
1248	670	243	146
1255	675	238	150
1258	681	242	160
1252	689	252	158
1240	695	258	157
1228	694	266	166
1209	699	273	169
1188	706	291	165
1172	708	269	170
1140	715	285	167
1116	719	293	173
1092	724	279	164
1058	722	293	173
1030	733	306	161
1001	740	296	174
979	742	304	179
953	747	303	179
920	749	313	181
907	758	310	180
869	757	323	184
840	781	339	173
816	784	337	177
791	783	349	184
773	783	348	192
744	794	361	191
732	804	354	183
700	813	380	181
686	821	386	186
670	821	389	182
669	823	388	197
660	829	394	197
666	834	404	192
677	839	411	190
689	848	417	184
725	848	417	181
741	847	428	183
775	852	423	192
807	858	410	193
848	859	416	191
883	855	439	190
917	851	437	197
959	836	418	208
998	839	427	222
1038	841	425	214
1076	811	433	250
1099	791	425	243
1121	797	462	264
1118	783	500	261
1110	778	551	278
1171	770	543	264
1077	756	622	261
1236	827	628	241
1274	819	590	243
1284	825	481	211
1323	827	444	229
1321	833	426	211
1327	799	417	235
1337	800	397	225
1331	804	395	211
1327	804	394	192
1323	800	387	181
1318	788	368	167
1321	781	352	162
1299	773	347	157
1286	758	328	162
1274	748	320	156
1251	739	324	172
1225	735	310	150
1214	719	296	165
1186	722	283	142
1165	702	294	142
1132	693	268	130
1111	685	286	125
1085	679	265	131
1054	661	236	140
1030	649	224	137
998	642	211	128
962	641	203	120
937	631	191	121
902	627	189	112
862	615	186	115
839	614	185	108
807	610	182	109
794	609	171	98
774	600	169	98
766	594	163	100
761	589	154	99
757	584	153	98
758	581	147	91
761	574	147	92
764	569	151	92
772	568	146	86
782	560	138	86
790	560	136	80
801	553	129	83
805	546	134	83
817	547	127	76
824	541	121	78
833	536	117	78
843	532	122	78
850	531	118	75
860	527	120	76
867	521	128	75
873	521	131	72
880	516	129	69
887	515	117	64
895	510	110	63
903	506	101	65
908	505	99	62
915	501	94	61
921	498	89	59
928	494	87	60
933	492	86	58
940	488	85	57
944	486	80	55
951	483	76	54
958	482	80	50
961	479	71	51
965	477	75	50
970	474	78	52
976	471	75	50
977	468	75	51
982	469	70	48
986	467	71	47
991	464	57	48
995	462	64	46
999	458	53	48
1004	456	51	47
1008	455	48	45
1008	456	54	42
1015	452	61	46
1017	449	56	46
1023	447	64	46
1023	442	75	54
1024	443	74	44
1026	443	77	41
1029	442	73	39
1035	439	67	39
1037	436	66	41
1039	433	63	41
1040	431	62	42
1044	429	59	41
1050	429	56	39
1052	427	58	39
1055	426	58	39
1059	423	54	43
1061	421	53	41
1061	420	55	40
1064	418	56	41
1067	416	54	41
1070	415	45	40
1078	414	48	37
1077	412	50	40
1080	411	52	39
1081	408	48	40
1082	408	48	38
1086	405	49	40
1087	404	44	39
1091	402	44	38
1092	402	46	35
1092	401	49	35
1097	399	51	37
1100	399	46	34
1102	397	46	35
1103	395	45	37
1106	395	42	35
1107	393	44	34
1109	392	43	34
1110	392	43	33
1114	390	38	34
1116	390	37	32
1118	389	35	32
1121	387	33	32
1123	385	32	33
1129	383	33	35
1126	383	36	34
1125	382	40	33
1128	383	37	31
1129	382	38	30
1132	380	35	30
1133	379	36	31
1136	378	33	31
1137	377	35	31
1138	377	37	30
1137	376	37	30
1139	375	36	29
1140	374	35	29
1141	373	38	30
1143	372	40	29
1142	371	40	30
1144	370	37	28
