439	629	556	392
481	616	540	386
504	618	528	358
507	609	544	354
559	600	481	339
604	581	446	342
614	583	447	321
607	570	465	312
630	558	450	319
655	556	427	301
673	549	423	282
700	558	392	270
720	541	383	270
733	534	388	259
737	531	388	257
766	527	368	246
766	521	372	245
781	511	367	245
815	502	335	230
831	496	323	232
853	491	311	220
855	485	318	215
868	475	308	215
885	465	293	206
901	459	285	200
924	448	270	201
930	444	272	190
937	434	269	187
938	424	272	182
954	416	258	172
959	407	261	174
966	399	260	167
971	389	257	166
993	377	245	163
996	369	246	166
1007	365	240	159
1016	352	232	159
1020	356	251	149
1024	349	243	144
1031	341	238	149
1035	340	239	142
1042	333	242	142
1053	328	230	141
1057	328	226	136
1073	324	219	138
1070	322	224	132
1082	321	220	132
1089	331	220	118
1092	321	215	129
1103	316	211	130
1114	318	199	121
1124	318	189	120
1137	319	183	113
1136	320	187	108
1141	319	191	110
1153	315	181	112
1153	315	179	109
1166	311	172	113
1172	309	167	109
1176	308	167	111
1180	307	170	110
1184	308	169	106
1191	305	164	109
1194	306	163	106
1204	305	161	104
1209	304	156	104
1206	303	156	106
1209	304	149	98
1197	302	146	98
1191	304	143	98
1179	298	137	100
1157	298	129	101
1140	295	135	96
1116	302	132	86
1096	298	122	89
1065	296	122	89
1036	295	121	87
1020	294	114	88
996	291	119	90
984	291	118	83
971	293	116	82
958	289	121	87
960	291	113	85
953	290	114	86
951	291	114	81
952	289	110	82
951	290	113	81
953	287	109	81
955	281	107	87
954	287	109	78
953	283	110	82
958	282	102	85
957	280	100	81
955	279	100	83
950	278	101	83
946	275	103	85
942	275	101	86
940	276	99	84
939	277	100	82
937	278	96	79
938	276	94	81
939	277	94	79
937	277	99	78
937	277	96	76
939	278	97	76
943	277	91	77
948	276	89	75
948	276	90	76
948	276	92	74
951	276	93	71
953	277	93	71
956	275	91	71
955	277	94	69
961	279	88	66
960	274	89	72
957	274	87	72
953	277	84	69
938	276	88	69
924	272	85	70
905	273	87	67
880	271	84	68
855	271	85	69
819	271	87	69
784	269	84	69
746	268	86	70
704	266	88	70
657	267	92	72
615	271	93	67
566	268	91	68
519	272	95	67
469	269	94	69
421	268	98	69
388	272	96	69
354	269	96	72
329	270	99	70
304	271	101	69
289	271	98	70
279	269	96	72
270	263	96	77
262	271	99	69
262	269	99	72
261	266	95	73
258	271	98	70
262	265	93	75
259	268	99	72
262	268	95	74
261	268	99	78
261	271	100	78
265	268	98	81
268	273	95	78
271	277	94	77
273	281	91	76
273	280	93	79
277	283	93	77
276	287	91	77
279	288	89	76
276	291	94	75
280	291	92	76
283	293	90	77
282	294	90	76
283	301	91	69
280	299	94	72
278	298	94	73
280	298	95	70
282	299	91	71
279	299	94	69
280	299	93	71
281	300	91	70
281	298	92	72
283	300	90	68
282	301	91	69
276	300	96	70
278	299	97	72
283	301	92	68
287	302	91	69
294	305	88	63
302	304	88	68
314	308	88	66
332	307	83	65
348	307	84	65
364	308	83	65
377	308	84	64
386	310	87	63
400	309	82	66
405	310	84	65
414	311	81	64
421	313	81	60
424	314	81	60
426	312	80	61
427	313	81	59
426	311	82	63
427	311	82	60
429	311	78	60
431	308	79	62
437	307	76	61
447	307	74	64
462	306	77	58
493	305	76	61
517	306	74	59
541	305	76	61
564	304	74	63
585	304	76	60
603	305	71	61
617	305	71	60
627	305	70	55
634	305	71	57
640	304	71	57
644	303	71	57
644	303	72	58
650	302	68	57
651	303	68	55
649	303	71	56
651	302	70	57
650	302	70	57
653	303	71	56
658	301	72	57
663	303	73	55
674	300	72	58
689	300	70	56
704	303	69	53
721	301	72	57
739	301	70	54
761	300	68	55
776	300	69	56
790	300	69	58
803	301	68	57
810	300	68	55
817	300	68	54
827	300	63	54
828	301	67	54
834	299	64	56
832	300	69	53
834	301	67	52
835	300	66	53
838	300	63	53
839	301	67	51
845	301	66	52
852	302	67	55
863	303	67	50
878	302	69	54
893	301	68	54
914	302	71	55
937	302	69	53
959	302	68	54
980	302	67	53
995	301	65	57
1011	303	66	55
1021	303	65	55
1030	304	66	52
1036	301	70	55
1037	301	73	56
1044	302	70	56
1050	302	67	56
1048	302	71	56
1046	302	73	56
1051	302	68	56
1050	302	70	56
1052	301	69	55
1050	300	70	56
1051	300	69	55
1049	298	71	57
1051	299	68	56
1052	297	67	59
1052	297	68	58
1052	297	68	54
1053	296	66	60
1051	293	68	60
1051	297	68	56
1054	301	66	58
1050	302	70	56
1050	303	71	57
1053	307	68	56
1053	306	69	60
1053	304	69	57
1052	304	69	53
1054	303	68	55
1053	304	71	55
1051	303	71	55
1053	301	69	55
1053	302	70	57
1054	301	69	56
1053	302	72	57
1052	302	71	55
1055	301	68	56
1051	301	71	54
1046	302	74	52
1047	300	73	54
1046	299	73	54
1050	300	72	52
1050	301	71	52
1054	300	69	51
1054	301	71	51
1054	301	68	50
1055	300	67	49
1053	297	67	51
1052	292	69	53
1052	286	68	56
1052	289	69	55
1052	287	68	54
1051	290	72	51
1052	288	70	51
1055	290	66	50
1052	284	70	54
1051	279	71	58
1055	279	67	56
1053	283	70	48
1058	282	61	50
1055	280	67	49
1057	284	63	42
1057	279	62	46
1057	276	62	51
1055	270	65	54
1054	265	67	58
1053	265	65	57
1053	267	65	48
1053	266	66	50
1053	267	66	49
1055	269	62	44
1052	263	67	53
1054	263	66	52
1052	262	67	51
1053	263	65	49
1055	262	64	52
1055	267	62	48
1056	260	63	54
1057	261	63	53
1056	262	67	52
1059	265	62	46
1060	263	63	50
1060	259	72	56
1062	265	61	47
1061	268	63	47
1061	268	63	47
1060	269	63	50
1063	267	61	48
1066	271	57	47
1066	272	57	47
1064	272	58	43
1066	270	59	44
1065	270	62	47
1064	269	67	48
1065	270	61	46
1064	267	64	49
1064	267	70	51
1064	264	70	54
1064	254	76	64
1064	253	76	68
1064	252	82	68
1065	252	77	70
1066	262	73	58
1067	265	66	60
1066	259	77	70
1064	262	72	60
1066	260	71	75
1067	259	74	67
1068	254	67	74
1069	261	65	61
1068	260	70	61
1064	265	69	52
1067	263	70	57
1066	269	65	50
1067	269	68	51
1067	268	67	59
1068	270	58	53
1065	275	63	43
1068	278	55	47
1069	275	55	53
1067	273	66	48
1067	273	67	48
1065	269	72	54
1063	272	69	52
1063	268	72	55
1064	274	58	51
1062	272	67	49
1060	270	69	57
1067	264	67	58
1067	262	77	67
1065	267	77	58
1066	264	71	58
1067	264	71	56
1063	266	77	70
1063	259	76	84
1067	265	73	71
1064	262	78	77
1065	262	86	70
1065	264	76	78
1065	265	64	62
1065	262	62	70
1064	267	57	65
1065	267	61	64
1068	267	61	62
1070	261	66	60
1068	262	67	64
1067	264	66	51
1067	269	62	45
1067	265	69	48
1066	262	72	52
1066	266	71	46
1066	267	73	43
1066	263	70	48
1067	263	70	53
1066	265	59	46
1068	266	49	46
1070	265	50	47
1066	266	52	45
1065	264	55	47
1066	262	57	49
1066	263	57	46
1067	259	61	49
1068	257	67	48
1068	258	60	48
1069	255	63	51
1069	255	65	51
1070	254	56	52
1070	255	61	49
1071	253	53	52
1073	255	55	49
1071	258	52	47
1072	255	51	43
1071	255	58	44
1070	254	56	54
1070	253	53	57
1072	246	57	59
1073	253	50	50
1074	254	47	55
1074	245	52	51
1073	247	50	53
1070	252	51	48
1073	248	56	42
1070	252	53	40
