954	355	39	30
953	359	39	25
953	360	39	25
953	358	40	29
955	358	38	33
956	357	39	32
956	360	38	33
957	363	39	30
958	362	39	33
958	364	40	34
958	366	40	32
957	366	41	31
958	365	42	34
959	368	42	33
959	369	41	33
958	369	42	33
960	370	41	32
962	372	40	32
962	372	42	31
962	375	41	30
963	376	42	30
965	376	41	32
963	376	44	34
965	380	44	30
966	381	44	29
966	381	44	30
966	381	43	32
966	379	45	36
968	382	45	34
968	384	45	34
970	383	45	36
971	382	46	40
971	386	49	39
973	389	49	34
975	388	48	37
976	389	45	41
977	390	47	40
977	394	49	40
979	397	48	35
978	400	51	35
980	403	49	34
983	402	47	37
984	404	48	36
986	404	49	39
987	408	49	37
987	403	50	43
989	407	50	41
992	408	49	43
990	411	51	39
995	407	48	45
996	413	48	43
996	412	49	47
997	415	48	45
996	416	49	46
993	418	49	48
989	421	50	46
983	422	48	49
976	424	49	48
964	426	51	49
950	428	51	50
935	432	55	49
916	431	51	49
899	434	53	51
874	435	55	52
849	439	57	54
825	442	58	48
797	443	58	48
764	445	58	53
735	448	62	54
701	451	61	50
670	461	64	47
632	459	67	53
591	480	66	42
557	482	66	43
512	490	73	36
466	496	75	37
427	506	73	29
405	509	72	33
365	512	59	34
332	524	54	31
307	527	50	33
299	527	55	42
263	534	56	41
251	537	58	45
251	537	58	45
240	551	60	43
235	558	61	34
246	557	49	45
245	555	52	41
255	571	49	40
214	581	42	36
271	570	40	46
278	575	42	40
294	583	38	38
304	587	32	34
252	606	31	28
311	596	34	31
325	596	32	35
268	615	37	43
343	604	33	33
289	625	34	31
349	618	37	32
306	637	30	26
314	644	32	24
314	644	32	24
332	654	33	26
338	660	37	27
348	662	35	27
348	662	35	27
368	674	36	30
379	681	37	27
391	688	36	26
399	695	38	27
410	703	37	25
420	707	42	28
434	715	39	27
445	721	41	29
456	727	42	31
469	730	43	35
479	738	47	35
493	749	49	34
578	735	45	31
529	763	41	36
546	772	40	33
561	783	43	31
581	796	39	28
598	803	40	32
615	814	42	31
634	825	39	30
653	831	40	34
667	842	44	35
684	853	46	36
702	868	45	32
717	880	46	34
733	892	47	38
746	905	46	41
764	921	43	38
777	935	44	38
792	957	48	32
809	968	47	42
826	984	52	39
845	998	61	41
876	1019	58	38
916	1037	51	36
952	1043	44	37
952	1043	44	37
952	1043	44	37
952	1043	44	37
952	1043	44	37
952	1043	44	37
952	1043	44	37
952	1043	44	37
952	1043	44	37
952	1043	44	37
952	1043	44	37
952	1043	44	37
952	1043	44	37
952	1043	44	37
952	1043	44	37
952	1043	44	37
952	1043	44	37
952	1043	44	37
952	1043	44	37
952	1043	44	37
952	1043	44	37
952	1043	44	37
952	1043	44	37
952	1043	44	37
952	1043	44	37
952	1043	44	37
952	1043	44	37
952	1043	44	37
952	1043	44	37
952	1043	44	37
952	1043	44	37
952	1043	44	37
952	1043	44	37
952	1043	44	37
952	1043	44	37
952	1043	44	37
952	1043	44	37
952	1043	44	37
952	1043	44	37
952	1043	44	37
952	1043	44	37
952	1043	44	37
952	1043	44	37
952	1043	44	37
952	1043	44	37
952	1043	44	37
952	1043	44	37
952	1043	44	37
952	1043	44	37
952	1043	44	37
952	1043	44	37
952	1043	44	37
952	1043	44	37
952	1043	44	37
952	1043	44	37
952	1043	44	37
952	1043	44	37
952	1043	44	37
952	1043	44	37
952	1043	44	37
952	1043	44	37
952	1043	44	37
952	1043	44	37
952	1043	44	37
952	1043	44	37
952	1043	44	37
952	1043	44	37
952	1043	44	37
952	1043	44	37
952	1043	44	37
952	1043	44	37
952	1043	44	37
952	1043	44	37
952	1043	44	37
952	1043	44	37
952	1043	44	37
952	1043	44	37
952	1043	44	37
952	1043	44	37
952	1043	44	37
952	1043	44	37
952	1043	44	37
952	1043	44	37
952	1043	44	37
952	1043	44	37
952	1043	44	37
952	1043	44	37
952	1043	44	37
952	1043	44	37
952	1043	44	37
952	1043	44	37
952	1043	44	37
952	1043	44	37
952	1043	44	37
952	1043	44	37
952	1043	44	37
952	1043	44	37
952	1043	44	37
952	1043	44	37
952	1043	44	37
952	1043	44	37
952	1043	44	37
952	1043	44	37
952	1043	44	37
952	1043	44	37
952	1043	44	37
952	1043	44	37
952	1043	44	37
952	1043	44	37
952	1043	44	37
952	1043	44	37
952	1043	44	37
952	1043	44	37
952	1043	44	37
952	1043	44	37
952	1043	44	37
952	1043	44	37
919	986	40	38
919	986	40	38
919	986	40	38
919	986	40	38
919	986	40	38
919	986	40	38
919	986	40	38
971	1033	41	41
971	1033	41	41
1021	1032	38	41
1021	1032	38	41
1021	1032	38	41
1021	1032	38	41
1021	1032	38	41
1021	1032	38	41
1021	1032	38	41
1021	1032	38	41
1021	1032	38	41
1021	1032	38	41
1021	1032	38	41
1021	1032	38	41
1021	1032	38	41
1021	1032	38	41
1021	1032	38	41
1021	1032	38	41
1021	1032	38	41
1021	1032	38	41
1021	1032	38	41
1021	1032	38	41
1021	1032	38	41
1021	1032	38	41
1021	1032	38	41
1021	1032	38	41
1021	1032	38	41
1021	1032	38	41
1021	1032	38	41
1021	1032	38	41
1021	1032	38	41
1021	1032	38	41
1021	1032	38	41
1021	1032	38	41
1021	1032	38	41
1021	1032	38	41
1021	1032	38	41
1021	1032	38	41
1021	1032	38	41
1021	1032	38	41
1021	1032	38	41
1021	1032	38	41
1021	1032	38	41
1021	1032	38	41
1021	1032	38	41
1021	1032	38	41
1021	1032	38	41
1021	1032	38	41
1021	1032	38	41
1021	1032	38	41
1021	1032	38	41
1021	1032	38	41
1021	1032	38	41
1021	1032	38	41
1021	1032	38	41
1021	1032	38	41
1021	1032	38	41
1021	1032	38	41
1021	1032	38	41
1021	1032	38	41
1021	1032	38	41
1021	1032	38	41
1021	1032	38	41
1021	1032	38	41
1021	1032	38	41
1021	1032	38	41
1021	1032	38	41
1021	1032	38	41
1021	1032	38	41
1021	1032	38	41
1021	1032	38	41
1021	1032	38	41
1021	1032	38	41
1021	1032	38	41
1021	1032	38	41
1021	1032	38	41
1021	1032	38	41
1021	1032	38	41
1021	1032	38	41
1021	1032	38	41
1021	1032	38	41
1021	1032	38	41
1021	1032	38	41
1021	1032	38	41
1021	1032	38	41
1021	1032	38	41
1021	1032	38	41
1021	1032	38	41
1021	1032	38	41
1021	1032	38	41
1021	1032	38	41
1021	1032	38	41
1021	1032	38	41
1021	1032	38	41
1021	1032	38	41
1021	1032	38	41
1021	1032	38	41
1021	1032	38	41
1021	1032	38	41
1021	1032	38	41
1021	1032	38	41
1021	1032	38	41
1021	1032	38	41
1021	1032	38	41
1021	1032	38	41
1021	1032	38	41
1021	1032	38	41
1021	1032	38	41
1021	1032	38	41
1021	1032	38	41
1021	1032	38	41
1021	1032	38	41
1021	1032	38	41
1021	1032	38	41
1021	1032	38	41
1021	1032	38	41
1021	1032	38	41
1021	1032	38	41
1021	1032	38	41
1021	1032	38	41
1021	1032	38	41
1021	1032	38	41
1021	1032	38	41
1021	1032	38	41
1021	1032	38	41
1021	1032	38	41
1021	1032	38	41
1021	1032	38	41
1021	1032	38	41
1021	1032	38	41
1021	1032	38	41
1021	1032	38	41
1021	1032	38	41
1021	1032	38	41
1021	1032	38	41
1021	1032	38	41
1021	1032	38	41
1021	1032	38	41
1021	1032	38	41
1021	1032	38	41
1021	1032	38	41
1021	1032	38	41
1021	1032	38	41
1021	1032	38	41
1021	1032	38	41
1021	1032	38	41
1021	1032	38	41
1021	1032	38	41
1021	1032	38	41
1021	1032	38	41
1021	1032	38	41
1021	1032	38	41
1021	1032	38	41
1021	1032	38	41
1021	1032	38	41
1021	1032	38	41
1021	1032	38	41
1021	1032	38	41
1021	1032	38	41
1021	1032	38	41
1021	1032	38	41
1021	1032	38	41
1021	1032	38	41
1021	1032	38	41
1021	1032	38	41
1021	1032	38	41
1021	1032	38	41
1021	1032	38	41
1021	1032	38	41
1021	1032	38	41
1021	1032	38	41
1021	1032	38	41
1021	1032	38	41
1021	1032	38	41
1021	1032	38	41
1021	1032	38	41
1021	1032	38	41
1021	1032	38	41
1021	1032	38	41
1021	1032	38	41
1021	1032	38	41
1021	1032	38	41
1021	1032	38	41
1021	1032	38	41
1021	1032	38	41
1021	1032	38	41
1021	1032	38	41
1021	1032	38	41
1021	1032	38	41
1021	1032	38	41
1021	1032	38	41
1021	1032	38	41
1021	1032	38	41
1021	1032	38	41
1021	1032	38	41
1021	1032	38	41
1021	1032	38	41
1021	1032	38	41
1021	1032	38	41
1021	1032	38	41
1021	1032	38	41
1021	1032	38	41
1021	1032	38	41
1021	1032	38	41
1021	1032	38	41
1021	1032	38	41
1021	1032	38	41
1021	1032	38	41
1021	1032	38	41
1021	1032	38	41
1021	1032	38	41
1021	1032	38	41
1021	1032	38	41
1021	1032	38	41
1021	1032	38	41
1021	1032	38	41
1021	1032	38	41
1021	1032	38	41
1021	1032	38	41
1021	1032	38	41
1021	1032	38	41
1021	1032	38	41
1021	1032	38	41
1021	1032	38	41
1021	1032	38	41
1021	1032	38	41
1021	1032	38	41
1021	1032	38	41
1021	1032	38	41
1021	1032	38	41
1021	1032	38	41
1021	1032	38	41
1021	1032	38	41
1021	1032	38	41
1021	1032	38	41
1021	1032	38	41
1021	1032	38	41
1021	1032	38	41
1021	1032	38	41
1021	1032	38	41
1021	1032	38	41
1021	1032	38	41
1021	1032	38	41
1021	1032	38	41
1021	1032	38	41
1021	1032	38	41
1021	1032	38	41
1084	1016	40	41
1084	1016	40	41
1084	1016	40	41
1084	1016	40	41
1084	1016	40	41
1084	1016	40	41
1084	1016	40	41
1084	1016	40	41
1084	1016	40	41
1084	1016	40	41
1084	1016	40	41
1084	1016	40	41
1084	1016	40	41
1084	1016	40	41
1084	1016	40	41
1084	1016	40	41
