909	25	248	157
907	37	237	156
918	40	226	145
917	37	223	163
916	39	234	155
911	38	235	159
907	45	234	164
911	46	233	159
913	47	233	155
916	50	227	159
916	60	222	150
921	58	225	152
912	55	242	162
913	58	239	177
915	64	222	159
920	67	228	161
917	72	228	157
915	76	227	151
911	80	240	149
916	78	237	154
916	76	238	158
920	83	238	163
911	88	239	162
909	85	240	156
924	92	229	153
918	91	231	157
918	94	228	162
919	96	237	160
915	102	233	155
905	102	242	154
911	108	246	158
922	111	236	154
911	103	241	166
912	113	241	162
919	112	231	164
915	115	234	162
913	118	240	164
920	118	242	157
913	125	241	159
911	126	244	166
913	121	239	169
909	131	248	166
916	135	242	162
915	135	233	167
921	130	239	170
912	140	250	164
911	143	251	164
916	145	248	163
914	142	245	175
915	145	244	167
916	154	249	162
912	147	249	177
907	154	253	170
914	159	255	163
917	162	248	163
913	163	253	164
910	171	255	156
911	169	251	159
915	163	244	171
911	171	248	171
912	171	244	168
914	169	255	175
915	176	251	169
911	184	251	156
915	182	252	160
911	187	253	161
916	185	251	165
913	185	248	175
914	194	250	162
913	189	250	172
915	195	247	166
905	198	257	166
913	197	246	172
914	203	244	172
912	199	249	177
914	213	245	158
911	209	245	179
911	212	250	170
912	219	247	159
907	218	254	167
902	222	259	166
906	220	254	168
904	222	262	171
914	227	250	166
909	231	249	162
908	221	259	178
908	229	257	176
911	236	254	168
904	239	251	161
910	244	259	164
903	243	259	162
905	244	269	175
899	251	270	165
907	247	259	173
904	248	261	175
905	252	268	171
910	257	261	162
904	256	262	166
901	262	259	165
903	266	261	159
910	269	264	164
911	270	257	170
909	274	258	168
898	266	271	176
903	278	264	167
902	278	274	167
902	283	269	167
903	285	265	165
899	288	264	165
904	288	264	164
900	292	273	173
899	292	275	174
901	288	267	191
898	300	273	175
891	289	280	191
893	306	280	172
904	303	266	176
901	304	276	184
899	313	268	168
895	309	271	179
897	309	262	177
899	316	266	171
904	318	272	179
898	318	271	171
894	321	280	178
901	326	266	169
896	322	272	180
896	332	276	174
891	333	281	168
898	339	282	170
899	338	274	168
898	339	273	171
893	341	276	173
892	343	270	178
893	346	279	178
893	351	274	179
894	341	273	189
902	355	273	178
901	361	263	169
891	358	279	180
894	367	273	173
893	367	278	175
891	365	288	175
888	374	286	176
888	375	293	181
888	372	285	184
892	376	287	173
889	383	293	175
892	374	284	190
886	387	284	176
880	380	291	189
884	394	289	176
888	388	279	184
886	394	288	176
886	397	284	179
881	398	291	183
890	403	281	176
889	402	284	183
885	411	289	173
885	402	296	184
886	405	290	188
887	409	286	193
896	408	288	193
895	420	294	183
890	420	289	180
884	426	301	173
887	425	300	185
880	428	301	185
894	430	295	189
886	422	298	200
887	439	304	178
890	433	296	187
892	436	297	187
886	439	305	191
891	444	303	196
898	434	295	204
897	450	293	187
891	449	299	190
893	452	300	191
892	455	296	186
895	449	304	196
888	450	303	201
893	458	302	192
892	458	303	203
891	460	303	200
894	464	304	203
890	468	302	201
893	471	301	195
880	467	314	212
890	478	309	195
896	478	304	189
897	479	306	197
891	485	305	193
896	481	304	197
893	482	307	201
885	483	311	206
885	487	319	201
886	489	317	203
888	492	315	204
887	494	318	197
892	502	310	194
886	499	317	197
888	491	324	210
892	497	305	210
891	497	314	210
887	502	319	204
882	499	315	211
889	505	313	203
884	500	324	208
884	512	322	202
885	509	323	202
884	505	320	207
887	508	332	214
876	509	337	206
885	502	324	230
885	515	328	203
876	508	333	212
877	506	331	217
877	506	334	217
882	512	331	209
876	513	339	207
874	512	342	213
878	514	346	211
881	513	333	209
888	515	324	218
881	526	331	204
879	508	338	219
877	517	340	209
884	525	333	204
884	509	328	223
880	513	344	220
883	519	337	212
877	518	344	230
879	509	341	236
876	518	337	224
885	519	344	222
882	523	338	211
871	523	346	222
878	516	354	223
874	524	352	223
876	519	351	225
875	522	352	233
867	521	351	234
870	524	359	224
870	525	357	225
871	528	352	225
874	514	362	246
869	522	361	236
872	529	364	228
877	530	349	229
881	537	352	225
872	527	360	243
876	526	363	243
870	523	369	248
869	542	366	223
878	532	369	237
877	542	363	233
862	538	375	233
881	538	364	235
872	520	360	256
868	534	379	239
875	540	371	236
871	540	373	246
864	534	374	247
861	534	388	256
874	550	373	229
867	545	369	238
877	545	364	232
865	540	379	248
874	542	376	246
866	550	382	240
869	550	381	243
870	549	375	246
861	544	384	255
868	547	388	251
870	546	387	248
866	545	385	252
868	555	379	252
867	554	397	243
872	553	380	260
867	558	390	241
873	551	392	259
875	563	384	243
867	553	393	250
870	554	402	254
871	561	393	250
869	564	395	248
874	553	389	256
853	554	401	266
861	556	412	255
862	563	411	248
857	560	411	258
860	553	417	264
858	560	404	270
866	551	406	263
862	569	405	253
855	561	416	265
859	573	408	252
872	558	409	272
855	563	411	268
862	566	425	260
848	563	428	273
859	565	423	268
869	572	417	256
859	562	420	287
857	552	428	301
872	576	412	268
863	577	425	273
869	560	423	290
870	574	411	278
866	572	422	278
874	578	423	265
868	560	433	303
858	560	439	300
859	588	432	265
873	572	424	283
871	575	427	283
873	571	418	297
858	581	440	271
863	563	445	301
874	580	432	284
856	568	450	298
856	574	440	299
868	585	433	290
869	576	434	301
861	586	452	297
854	567	446	311
855	586	461	296
855	597	465	283
859	590	457	303
861	596	454	299
861	601	442	297
858	591	468	291
867	587	458	322
866	606	457	294
858	598	470	304
858	598	466	306
859	598	464	313
856	606	463	298
874	604	444	309
875	600	464	311
854	616	467	297
864	600	475	323
857	612	468	304
862	612	464	311
859	596	480	323
859	609	486	322
856	619	482	313
851	622	493	302
854	599	477	337
842	604	508	338
845	614	490	332
857	622	502	315
854	617	484	332
873	618	484	334
852	618	488	341
859	622	488	339
853	621	487	340
859	627	502	330
861	610	484	368
856	629	508	335
855	639	507	320
854	636	497	319
862	619	498	343
838	618	518	350
850	629	506	333
855	611	511	356
857	610	496	356
860	616	500	361
867	621	497	335
855	617	503	348
857	630	507	321
850	617	513	330
857	607	502	362
859	620	506	340
859	621	496	334
859	609	500	348
855	615	511	333
845	623	496	330
857	598	514	369
859	611	503	348
852	610	504	362
839	634	521	318
858	617	497	333
848	612	498	349
853	617	510	341
866	630	499	331
853	618	508	337
850	616	520	338
857	621	496	337
849	605	519	365
856	615	498	343
855	622	503	327
847	614	507	341
843	617	508	349
853	619	494	346
863	630	495	326
847	630	522	323
853	623	494	339
856	620	512	336
848	626	510	336
849	624	504	338
867	631	505	329
847	626	501	325
854	620	508	338
843	621	515	337
864	613	505	346
842	613	517	351
860	632	499	322
851	631	499	330
866	620	508	337
852	623	506	333
852	625	503	330
857	636	494	326
854	619	514	344
847	629	507	329
850	626	512	340
857	624	501	341
849	632	510	338
856	633	504	324
852	625	498	333
858	633	499	334
855	634	511	329
848	642	500	328
864	631	500	330
856	619	518	357
850	629	510	329
856	635	494	329
857	617	506	348
850	636	503	332
867	636	505	327
859	630	509	340
861	647	504	321
860	628	504	333
853	640	510	325
859	629	506	337
838	624	533	351
850	627	513	345
862	621	503	348
863	637	492	333
848	632	508	338
849	635	505	339
862	625	507	338
846	616	526	362
846	633	511	339
851	629	511	343
852	623	526	343
848	639	516	335
853	642	521	334
859	640	516	326
853	611	521	353
850	634	520	328
860	628	517	337
851	646	522	310
853	626	524	334
857	632	519	333
856	627	518	339
855	631	520	326
853	629	518	328
853	627	521	331
865	624	509	329
873	615	500	342
854	637	516	320
860	616	511	326
853	614	508	323
861	629	501	309
861	630	509	302
862	618	505	318
860	627	501	303
857	611	512	314
861	620	507	309
842	617	529	310
869	612	501	301
865	623	494	298
864	595	500	319
864	604	497	308
869	612	502	298
858	612	508	292
866	589	499	314
874	611	479	290
873	603	488	297
867	594	500	305
875	605	483	284
873	608	481	277
884	610	474	272
876	603	472	275
877	601	481	279
881	601	475	272
877	593	467	280
872	595	476	273
874	604	461	263
870	569	472	292
890	592	449	270
878	540	461	316
864	552	457	315
881	565	452	285
871	576	459	267
877	555	464	275
878	554	448	290
882	566	445	273
885	568	436	268
886	568	439	265
882	549	443	283
894	564	425	263
888	566	431	259
891	554	421	264
894	562	418	255
891	569	419	241
895	547	410	261
891	558	405	246
887	555	411	243
894	563	401	237
887	538	410	251
890	539	402	257
899	524	388	266
904	543	385	242
893	534	390	251
899	529	380	250
882	514	386	267
891	509	385	269
894	514	373	257
894	515	384	250
894	522	376	247
893	533	359	236
903	492	364	267
899	514	360	250
888	512	368	239
891	507	368	243
901	492	359	262
896	504	357	246
891	509	349	236
892	505	359	231
900	517	343	220
892	496	349	241
896	511	346	221
894	506	347	224
894	512	337	213
887	489	345	235
878	499	357	218
893	502	348	214
899	508	331	208
900	500	329	207
897	494	327	219
901	503	332	203
900	502	322	198
901	490	320	214
899	500	330	197
902	495	324	202
896	486	320	216
901	490	319	201
906	493	311	192
898	484	316	205
903	487	311	198
902	486	304	196
906	483	303	199
907	487	304	182
899	479	310	188
903	478	311	185
904	479	305	185
916	475	301	180
911	475	298	184
910	475	295	178
908	472	295	178
912	474	290	172
911	466	292	181
915	463	284	182
919	471	287	166
917	462	285	180
912	465	280	170
916	460	280	173
914	460	280	172
919	462	277	168
919	454	276	171
917	459	279	168
919	452	269	171
927	451	270	168
916	450	268	162
921	446	266	159
920	445	262	164
914	441	271	165
919	441	267	175
921	444	259	163
927	436	260	171
923	437	258	168
920	439	260	158
923	440	261	153
922	440	265	155
921	435	254	163
927	441	246	156
930	430	249	159
926	438	244	153
918	431	259	159
925	440	242	148
921	432	242	151
932	431	235	152
923	430	242	152
924	428	246	153
923	432	244	146
925	432	245	146
929	426	233	154
927	424	235	149
927	424	237	152
926	421	240	151
929	423	235	153
931	421	230	146
929	423	233	142
938	422	225	139
936	423	219	138
938	416	218	140
934	416	224	141
939	416	218	141
939	417	218	136
938	411	224	141
940	415	216	138
944	411	214	138
942	413	213	134
937	409	217	138
942	409	215	141
948	409	206	131
942	407	210	133
947	403	206	139
947	404	211	145
946	402	209	136
945	401	214	146
946	402	211	140
947	401	209	135
945	401	211	136
945	401	211	128
948	400	204	131
949	396	199	134
957	395	199	131
950	400	201	130
952	395	201	131
950	399	202	131
951	396	199	134
954	399	200	130
952	399	195	130
956	398	197	129
955	398	195	133
956	396	198	135
958	397	193	128
961	407	192	118
956	399	192	126
957	400	198	127
960	403	193	121
963	398	193	130
958	400	197	124
961	401	185	118
960	402	190	123
960	402	192	119
956	398	201	129
960	402	199	126
960	402	194	120
959	398	191	122
959	399	192	121
955	402	194	119
959	401	192	120
963	402	187	114
960	403	195	111
962	400	189	119
962	399	193	126
963	403	194	118
960	397	197	137
964	399	188	129
967	400	191	120
967	400	186	119
967	401	187	117
970	402	188	117
969	400	181	118
967	400	185	125
968	399	188	116
969	397	181	123
975	401	184	120
971	404	177	111
972	399	179	117
975	402	185	116
974	402	182	119
971	399	191	117
974	400	181	116
970	405	185	117
971	404	183	116
978	398	182	125
974	401	182	130
976	403	177	121
976	397	184	122
970	404	189	117
975	400	185	120
968	403	196	116
971	402	190	115
973	400	188	116
975	400	186	120
977	401	186	115
978	402	181	112
975	402	184	114
978	400	183	114
977	397	183	120
975	402	182	111
978	399	185	111
977	400	181	112
980	403	177	109
981	394	181	116
977	399	182	113
981	393	179	125
982	395	182	122
983	395	177	116
987	395	176	113
979	394	185	112
982	397	184	112
982	394	180	114
985	395	177	113
982	393	183	115
983	394	177	113
984	391	180	114
980	392	179	114
983	392	174	111
986	389	180	116
986	393	176	111
983	391	178	110
982	388	183	114
985	391	177	107
986	390	179	109
984	386	175	115
983	386	179	112
988	387	171	109
989	387	172	107
988	387	173	109
989	382	174	106
988	381	174	117
985	383	177	109
987	381	179	112
988	383	174	106
989	380	174	110
992	384	172	111
988	382	176	110
988	381	174	111
990	382	168	112
986	378	173	110
988	382	177	107
992	381	169	109
989	380	166	106
990	379	169	108
990	374	171	115
983	376	173	114
986	379	170	109
986	375	171	110
991	379	169	104
986	384	169	98
992	375	166	108
988	380	167	102
989	376	168	107
984	381	178	102
984	376	172	112
988	378	173	137
987	377	175	121
989	378	166	122
991	374	171	118
988	379	174	113
989	379	164	115
989	378	169	112
991	378	165	108
988	378	165	106
991	377	167	123
991	373	163	120
992	375	163	112
989	375	162	122
990	377	164	117
990	372	163	116
992	380	170	107
989	378	164	117
992	381	159	107
991	377	165	108
992	380	160	107
993	377	163	98
992	379	162	108
994	377	157	103
993	379	160	110
988	380	168	106
991	377	164	110
992	377	159	109
994	382	160	108
992	385	163	100
991	379	164	108
995	382	162	100
989	383	166	100
990	378	165	109
989	382	167	105
993	383	157	106
991	383	161	103
990	387	162	96
994	380	159	109
990	382	165	118
996	381	156	104
994	379	160	110
998	382	161	103
994	381	158	104
991	384	163	100
997	383	161	98
994	384	163	104
994	384	161	103
998	383	162	121
994	385	161	103
995	378	163	113
1001	384	159	105
996	383	154	102
997	382	156	102
999	381	159	111
998	381	159	108
996	382	163	121
999	379	154	110
997	381	157	103
1000	382	157	95
1003	381	157	99
1001	383	153	100
997	380	159	103
997	383	158	102
997	379	159	106
998	384	156	96
1002	385	157	97
1001	383	153	101
1002	381	155	102
997	382	155	103
998	378	158	105
999	383	161	103
1000	382	160	99
995	379	163	107
994	385	163	94
997	382	161	95
995	382	164	101
994	384	166	97
1000	383	160	97
998	384	160	101
999	381	163	107
1001	384	157	100
999	381	156	101
995	381	160	101
999	381	157	99
995	381	162	106
1001	379	159	105
1000	384	158	97
1002	382	156	100
1003	383	156	103
1003	383	155	100
1000	381	158	101
1006	380	156	108
1001	379	159	107
1005	383	155	99
1005	379	160	101
1002	383	163	105
1001	379	163	117
1004	379	161	111
1006	378	158	111
1001	373	161	119
1000	382	161	112
1000	380	160	112
998	379	164	113
1003	381	161	116
1006	379	155	120
1001	378	159	128
999	378	160	115
1002	379	163	113
1000	380	162	112
1003	383	166	113
1002	379	160	110
1003	379	164	101
1003	380	162	107
999	382	157	101
1001	383	164	100
1002	382	160	105
1008	380	158	106
1002	381	157	101
1006	382	155	100
1003	381	159	101
1003	376	167	128
1003	384	161	98
1005	378	159	104
1004	383	155	98
1003	377	159	116
1002	379	166	108
1004	380	158	103
1003	375	163	113
1000	380	161	105
1004	377	160	105
1002	382	165	101
1000	380	168	102
1005	379	159	128
1006	377	164	136
1004	375	158	142
1006	378	156	115
1002	376	159	115
1005	380	160	107
1003	379	161	103
1004	378	160	110
1004	380	162	103
1005	376	156	117
1002	378	160	112
1002	377	162	109
1004	380	160	107
1006	379	158	102
1002	382	161	105
1004	377	159	108
1005	380	159	106
1006	375	160	110
1003	381	164	108
1002	376	161	115
1006	377	160	130
1001	380	161	105
1001	376	164	110
1000	381	160	103
1003	378	161	106
1001	377	157	108
1000	381	162	102
1005	377	152	126
1003	379	159	117
1002	377	155	120
999	379	167	113
1001	379	166	106
1001	380	162	112
998	377	169	117
1002	377	163	125
1000	377	165	127
1001	377	171	122
997	378	173	119
997	374	176	124
994	379	174	117
997	380	170	112
1000	378	165	112
1000	376	161	114
997	374	161	121
997	377	165	115
1002	382	163	119
1000	378	164	117
1003	378	164	111
1001	379	159	104
996	382	163	101
1006	380	160	105
1001	381	165	104
1000	386	160	101
1000	379	167	110
1005	385	162	104
1001	380	163	109
1006	385	157	103
1001	380	163	101
997	379	169	112
997	380	164	111
1002	383	161	109
997	378	165	114
997	381	168	106
996	379	167	115
1000	379	166	108
996	381	168	109
1001	381	162	112
999	379	165	113
997	377	163	128
1000	377	166	128
997	378	165	121
997	381	168	114
1000	380	167	128
997	381	161	111
1000	381	163	115
999	378	164	119
999	376	167	123
997	379	168	130
997	376	170	122
997	379	170	126
993	378	167	129
999	377	166	117
995	379	166	113
1000	381	165	104
1001	382	162	104
1001	381	162	103
999	381	161	116
994	381	167	113
995	379	169	112
998	381	168	110
1002	385	160	103
998	382	164	98
1001	386	159	99
1000	382	158	102
999	383	160	100
999	382	162	102
1003	383	157	102
998	381	164	110
995	379	170	113
998	381	166	110
994	380	164	112
998	383	164	106
996	382	163	103
1001	382	159	105
1003	383	157	113
997	381	164	106
998	383	165	103
998	388	165	101
999	381	163	102
996	382	170	104
998	385	165	102
999	382	170	107
994	385	169	104
995	378	171	109
997	386	167	105
995	384	170	112
994	381	170	133
993	382	167	113
993	384	169	105
993	383	167	106
993	382	174	129
989	379	169	128
994	380	170	120
991	381	169	113
990	378	174	118
989	385	174	109
992	382	166	105
992	385	165	107
991	383	169	105
991	384	166	102
991	383	168	105
989	383	170	102
992	381	167	106
990	382	166	106
992	382	170	112
994	387	164	98
991	382	169	105
992	385	167	102
996	379	165	105
992	385	169	102
992	384	164	101
989	382	167	102
993	384	166	105
992	381	169	108
992	383	166	104
990	383	171	103
992	383	162	101
991	380	169	109
985	383	173	109
988	384	167	104
993	382	169	106
989	384	170	107
992	383	163	103
989	379	168	113
987	383	171	106
985	379	171	112
984	379	172	119
989	381	170	116
991	381	164	112
991	379	165	111
988	383	170	102
991	384	163	98
992	383	164	102
992	388	166	97
987	381	170	102
991	384	165	105
990	381	168	107
992	381	165	104
986	383	172	102
987	382	174	107
992	382	168	111
988	382	170	107
990	381	166	109
980	380	175	107
990	382	169	109
990	378	170	119
988	385	172	102
990	381	166	107
991	380	169	107
990	382	165	113
990	380	170	113
994	382	166	107
988	382	171	101
985	383	173	102
993	383	168	102
989	384	166	102
992	383	164	103
991	382	164	107
994	380	161	108
992	380	171	118
990	382	168	113
994	380	166	115
992	383	162	103
993	380	161	103
989	382	164	105
990	383	169	104
993	379	169	107
992	380	162	111
990	381	167	105
993	383	166	100
992	382	165	104
993	383	161	104
990	381	161	105
994	380	162	101
994	384	166	102
989	381	168	102
989	383	168	104
987	379	166	110
992	380	166	111
989	381	163	110
988	387	171	103
991	384	164	102
990	380	166	103
984	382	171	104
988	381	167	106
987	382	169	104
990	383	166	106
988	384	169	105
990	383	166	108
993	382	166	110
989	381	166	109
992	384	168	104
988	383	170	106
987	384	167	100
990	381	169	108
985	384	176	107
983	382	172	113
978	381	173	114
987	381	169	106
983	382	172	108
987	383	167	106
989	381	165	106
988	384	167	103
989	384	165	102
988	382	164	105
987	383	165	106
988	381	163	116
987	380	170	126
988	382	169	115
990	382	165	113
986	382	166	112
985	382	163	110
986	381	167	100
987	382	163	105
988	382	158	102
986	385	165	101
987	381	162	105
987	383	165	101
986	383	162	105
984	379	162	108
984	382	163	104
985	382	162	107
986	381	167	111
986	385	163	106
989	382	161	104
983	388	166	101
988	383	157	99
986	383	165	105
989	387	164	104
985	383	161	109
983	383	165	106
987	386	161	102
986	385	160	105
983	381	163	111
985	385	162	106
987	378	161	110
982	385	162	101
982	385	168	106
982	381	169	109
980	379	171	117
983	383	166	112
977	380	172	113
979	380	167	121
986	381	165	108
979	383	167	106
986	380	168	108
986	383	166	102
985	382	167	106
984	381	169	107
983	385	167	103
984	381	163	108
983	382	168	104
987	382	162	105
985	383	165	108
984	382	161	110
980	381	172	107
981	383	162	101
984	378	163	106
983	381	165	110
984	380	165	106
983	383	169	101
984	380	166	103
983	384	164	110
984	385	161	102
984	382	158	103
981	380	167	101
984	382	164	107
983	379	168	103
982	388	167	101
985	384	167	100
987	383	163	104
986	377	157	114
981	382	165	103
984	382	170	102
983	378	168	109
981	383	173	109
978	378	166	108
979	376	169	112
980	385	168	100
981	383	164	101
983	383	163	103
979	382	173	106
981	384	169	108
983	381	166	112
982	383	169	108
984	382	166	107
981	380	168	105
983	382	165	108
983	385	163	101
984	381	162	101
988	380	155	106
981	381	162	109
986	380	161	110
982	384	164	100
981	384	164	102
977	380	170	111
980	380	168	104
980	379	171	113
983	379	166	105
980	382	169	106
978	382	165	115
982	379	168	107
974	382	174	109
982	384	164	109
975	382	169	110
978	379	166	111
981	380	165	115
980	384	162	105
982	382	164	103
977	383	167	108
979	382	166	106
980	383	166	107
981	379	163	119
977	380	170	118
980	380	165	115
981	382	166	110
977	382	167	113
978	382	167	110
973	379	174	113
981	382	168	113
977	383	164	110
976	382	170	123
976	383	168	110
978	382	167	110
978	381	164	109
978	384	168	106
980	382	170	107
972	385	171	103
973	384	172	107
972	383	169	110
976	384	168	106
978	385	167	104
979	382	167	105
973	379	177	117
974	384	175	111
978	386	168	105
976	387	166	104
976	383	165	105
979	384	168	107
977	384	169	109
977	383	167	104
981	384	163	105
979	385	166	109
979	386	170	108
977	382	165	116
980	387	165	107
981	384	171	104
977	388	170	101
980	385	171	104
978	385	172	110
975	388	171	103
979	386	173	106
978	385	174	111
977	385	174	112
977	387	169	108
979	384	170	110
978	384	173	124
982	380	165	123
977	382	169	116
977	384	168	110
978	384	169	107
976	385	171	105
976	384	166	110
979	386	173	107
978	386	172	108
977	383	175	111
981	383	173	114
980	384	167	114
983	386	166	106
984	387	164	104
978	386	166	100
979	383	168	111
982	382	166	103
983	384	171	109
980	381	169	125
982	384	169	129
983	382	164	111
985	386	164	99
982	382	169	107
981	381	171	108
982	384	168	110
980	382	163	111
982	383	163	106
982	383	164	105
978	384	167	106
983	385	171	105
986	383	167	104
982	383	163	106
981	380	166	114
987	380	161	110
979	382	166	116
980	380	168	117
978	378	173	132
977	381	176	118
978	379	174	136
985	376	163	124
982	380	170	116
982	380	167	116
982	384	165	112
982	383	168	109
983	385	162	106
979	382	166	109
985	382	162	111
981	385	165	103
979	380	164	111
982	383	163	108
983	384	167	107
981	383	164	107
984	381	164	125
981	378	169	134
983	379	171	121
982	379	171	118
982	380	171	112
979	381	170	110
983	383	166	107
981	382	167	111
983	375	167	118
985	382	166	106
983	382	166	102
985	381	170	105
984	384	168	105
981	380	166	111
985	382	167	104
984	384	165	102
986	386	165	98
985	383	168	103
987	382	166	106
986	385	170	103
985	382	167	106
993	383	167	105
1000	380	169	104
1004	386	166	100
1009	383	170	108
1016	382	172	106
1022	388	167	102
1029	382	167	105
1032	385	178	103
1042	382	173	102
1052	385	176	106
1058	385	178	105
1068	388	177	102
1079	389	179	105
1087	384	179	103
1098	384	176	112
1109	391	181	104
1117	388	178	110
1125	386	180	113
1135	385	179	114
1143	387	177	108
1156	391	169	97
1164	388	178	101
1175	391	178	108
1183	387	177	108
1190	387	177	107
1199	386	181	108
1204	386	182	110
1220	388	177	114
1231	390	180	105
1237	386	187	108
1239	388	195	112
1246	386	196	117
1251	387	199	120
1271	394	191	109
1280	394	193	104
1295	392	197	121
1302	393	194	131
1318	397	185	130
1321	391	195	122
1330	391	193	125
1341	393	198	123
1340	389	215	123
1356	396	208	126
1372	391	198	125
1382	391	198	120
1394	393	196	117
1399	392	206	118
1408	395	202	114
1421	392	203	121
1429	391	204	125
1435	394	211	127
1449	392	209	130
1456	396	205	125
1465	392	213	126
1480	396	202	123
1485	398	216	126
1497	398	214	129
1506	397	217	138
1511	393	220	137
1530	400	219	121
1535	399	222	123
1547	405	225	123
1560	403	214	125
1572	403	224	125
1577	403	230	121
1590	401	232	126
1595	402	235	125
1611	403	228	123
1617	403	228	130
1630	408	232	124
1644	404	226	126
1646	408	236	119
1658	406	249	124
1671	410	241	124
1683	403	234	133
1693	407	227	128
