1078	883	247	197
1061	871	244	191
1046	858	246	207
1045	842	233	204
1038	829	228	188
1036	823	217	177
1030	810	205	164
1012	797	209	166
1011	783	197	161
1000	773	197	161
996	767	190	161
997	763	175	149
980	755	182	143
967	744	191	142
964	734	186	139
962	728	176	128
965	722	167	123
957	717	167	112
953	708	166	111
950	698	163	108
943	695	163	108
943	684	157	110
945	676	149	103
935	668	156	99
936	663	144	105
935	660	143	94
933	653	135	94
929	647	137	86
921	635	140	99
919	637	135	87
922	631	128	90
925	627	117	88
925	627	111	87
931	629	101	75
943	627	82	69
947	627	72	64
943	624	72	61
938	622	73	61
933	619	73	64
927	616	74	73
905	597	89	71
891	596	101	84
873	591	114	76
876	588	108	74
868	586	111	73
864	587	110	68
859	581	110	70
855	581	109	68
851	577	109	73
848	574	104	73
848	572	98	71
840	568	100	69
838	566	103	65
836	563	94	67
835	564	93	60
833	561	87	62
833	559	84	58
830	557	83	58
828	554	83	59
821	553	85	57
824	549	77	61
821	547	74	61
818	546	75	64
819	546	70	56
810	542	76	58
800	539	82	57
797	538	83	60
804	537	72	56
804	538	68	53
804	534	63	57
798	533	67	57
793	533	68	51
783	531	76	51
776	530	80	53
772	528	78	53
771	527	79	50
771	527	76	49
765	525	77	50
766	524	73	50
762	523	73	51
758	522	76	50
754	521	77	57
756	520	71	52
754	520	72	52
753	519	70	52
746	517	73	57
746	516	71	54
742	516	75	53
741	516	72	51
739	514	72	52
738	512	72	54
737	510	72	55
733	509	72	56
731	508	74	54
729	507	73	53
726	508	74	50
729	507	67	45
729	508	64	45
725	504	65	49
726	504	62	48
722	504	62	45
721	501	63	46
717	499	65	44
718	498	62	47
714	496	63	47
715	495	59	45
713	494	60	44
709	493	61	44
708	491	61	46
703	490	63	46
703	488	63	44
704	486	60	47
703	485	57	46
699	485	59	48
699	484	57	46
698	483	55	44
697	482	56	43
694	481	56	42
692	479	59	42
689	478	58	41
689	477	58	41
687	476	56	40
685	476	55	38
684	474	55	43
681	475	57	38
678	473	58	41
679	472	56	40
677	472	54	38
675	470	56	39
674	469	54	41
673	468	54	41
672	467	52	40
669	465	53	45
668	464	53	41
667	464	54	40
663	463	57	40
667	462	52	39
664	459	53	40
664	459	51	37
663	457	50	41
662	456	51	38
657	455	53	38
657	454	51	41
655	455	50	41
654	453	53	35
653	452	51	39
651	451	52	37
652	450	51	37
651	449	49	40
650	447	50	39
649	446	50	38
644	447	53	38
644	444	51	39
643	444	52	34
643	443	51	35
644	442	47	34
643	441	47	35
642	440	47	37
641	441	47	34
639	437	48	38
640	437	47	36
636	436	47	36
635	435	47	38
633	434	49	36
633	434	48	35
635	434	44	32
634	431	45	36
635	431	41	33
633	430	41	35
633	430	41	32
630	428	43	37
628	429	45	34
628	427	45	33
627	427	46	32
623	427	48	33
621	426	49	37
617	423	53	36
617	424	52	34
618	424	49	38
617	422	50	34
617	422	49	30
619	422	45	34
617	421	46	34
614	420	48	33
611	420	50	34
615	420	44	32
616	419	44	34
614	419	45	36
610	419	49	38
611	417	50	34
612	416	44	34
613	416	42	32
610	416	45	34
610	415	43	36
608	415	47	32
610	415	44	32
609	414	43	32
606	413	43	35
607	413	43	33
606	414	42	30
606	413	41	31
607	413	42	29
605	412	42	31
604	411	42	33
605	410	40	30
604	409	40	32
604	409	39	31
605	409	38	29
602	408	40	32
601	407	41	31
600	407	41	30
599	409	41	30
600	405	41	31
598	403	42	32
600	403	38	30
598	401	39	37
599	401	39	40
597	398	40	37
598	399	39	33
599	401	37	31
598	401	39	30
598	400	36	29
595	396	44	35
595	396	44	35
591	395	49	43
591	395	49	43
591	395	49	43
591	395	49	43
592	392	44	54
592	392	44	54
592	392	44	54
592	392	44	54
592	392	44	54
592	392	44	54
592	392	44	54
592	392	44	54
587	385	46	53
589	387	45	55
556	363	52	63
556	363	52	63
556	363	52	63
556	363	52	63
556	363	52	63
556	363	52	63
577	385	53	54
577	385	53	54
577	385	53	54
577	385	53	54
577	385	53	54
543	365	63	63
528	358	73	70
513	359	78	73
501	358	80	83
662	503	92	71
649	506	86	56
639	510	77	47
622	512	70	43
605	511	64	43
580	511	64	43
555	509	69	43
530	512	64	41
494	509	72	46
466	511	68	44
434	517	68	41
405	517	67	43
361	514	75	46
324	519	75	41
291	520	75	45
243	520	81	46
211	518	79	51
