1710	674	209	76
1660	665	204	75
1605	661	191	70
1555	657	194	71
1511	649	184	74
1471	645	184	72
1436	645	176	72
1396	642	185	74
1369	641	180	74
1343	641	183	73
1319	642	185	72
1300	640	180	72
1282	644	178	75
1260	642	183	76
1247	638	184	80
1233	639	171	80
1215	639	174	83
1196	645	177	78
1180	647	177	75
1160	648	179	73
1142	650	177	72
1127	648	178	76
1110	654	178	70
1098	653	171	73
1075	655	180	72
1057	658	183	68
1045	657	173	72
1029	659	180	71
1017	659	183	69
1004	660	193	72
1001	659	181	75
1000	658	179	77
1000	660	183	75
1002	661	182	75
1005	661	179	79
1005	662	183	79
1008	665	186	75
1011	664	185	76
1014	667	197	76
1022	667	190	81
1026	665	189	83
1034	667	190	80
1040	667	192	80
1045	667	194	81
1055	670	200	77
1061	670	191	76
1069	673	199	72
1082	670	194	76
1089	669	195	75
1096	670	194	78
1102	670	197	71
1113	668	194	76
1124	668	199	79
1131	666	195	81
1140	668	199	75
1151	668	199	76
1158	666	198	78
1169	664	200	81
1174	664	202	77
1179	663	210	79
1205	662	196	83
1211	657	197	84
1214	660	210	84
1230	655	212	86
1241	658	204	83
1264	653	197	88
1268	652	207	86
1274	650	215	88
1300	651	199	82
1310	648	198	86
1328	645	200	85
1341	645	209	87
1353	642	204	85
1373	639	198	90
1386	637	201	92
1406	636	196	88
1425	638	196	86
1435	634	196	91
1449	633	192	86
1449	632	199	89
1457	632	194	84
1462	628	188	84
1459	624	185	85
1452	621	185	85
1446	619	178	76
1436	614	172	75
1426	612	169	72
1413	605	168	71
1401	601	168	73
1391	595	162	75
1381	591	158	74
1370	587	153	76
1355	582	158	73
1340	575	158	73
1332	576	151	70
1325	575	142	66
1312	574	144	65
1301	568	142	62
1289	566	142	64
1285	559	135	70
1289	555	123	64
1286	558	117	60
1279	553	106	63
1282	553	94	57
1282	553	84	57
1284	556	76	59
1284	560	61	51
1282	556	55	51
1285	551	43	49
1285	551	43	49
1285	551	43	49
1285	551	43	49
1285	551	43	49
1285	551	43	49
1285	551	43	49
1285	551	43	49
1285	551	43	49
1285	551	43	49
1285	551	43	49
1285	551	43	49
1285	551	43	49
1285	551	43	49
1285	551	43	49
1285	551	43	49
1285	551	43	49
1285	551	43	49
1285	551	43	49
1285	551	43	49
1285	551	43	49
1285	551	43	49
1285	551	43	49
1285	551	43	49
1285	551	43	49
1285	551	43	49
1285	551	43	49
1285	551	43	49
1285	551	43	49
1285	551	43	49
1285	551	43	49
1285	551	43	49
1285	551	43	49
1285	551	43	49
1285	551	43	49
1285	551	43	49
1285	551	43	49
1285	551	43	49
1374	466	52	46
1378	465	63	37
1378	465	63	37
1378	465	63	37
1378	465	63	37
1378	465	63	37
1378	465	63	37
1378	465	63	37
1378	465	63	37
1378	465	63	37
1378	465	63	37
1378	465	63	37
1378	465	63	37
1378	465	63	37
1378	465	63	37
1378	465	63	37
1378	465	63	37
1378	465	63	37
1378	465	63	37
1378	465	63	37
1378	465	63	37
1378	465	63	37
1378	465	63	37
1378	465	63	37
1378	465	63	37
1378	465	63	37
1378	465	63	37
1414	469	66	47
1414	469	66	47
1409	467	75	52
1421	465	90	65
1421	465	90	65
1418	463	93	60
1418	463	93	60
1418	463	93	60
1413	468	100	49
1412	469	109	42
1412	469	109	42
1407	466	108	49
1407	466	108	49
1407	466	108	49
1407	466	108	49
1407	466	108	49
1407	466	108	49
1407	466	108	49
1407	466	108	49
1425	468	115	49
1425	467	120	52
1425	467	120	52
1429	467	113	54
1429	468	116	49
1437	468	119	50
1442	468	121	53
1442	468	114	51
1442	468	114	51
1447	464	110	41
1455	470	104	35
1459	469	100	44
1459	469	107	53
1459	469	107	53
1468	467	114	45
1469	464	114	44
1471	466	111	39
1470	467	115	48
1475	465	112	44
1473	469	122	43
1479	467	118	37
1482	469	111	36
1489	467	102	38
1493	468	101	30
1498	466	94	34
1500	469	95	31
1499	468	103	37
1503	466	95	46
1511	471	111	38
1509	471	120	39
1508	471	123	42
1510	474	125	36
1508	474	129	37
1513	471	131	49
1517	470	133	53
1519	468	128	59
1523	468	126	63
1525	465	104	65
1526	474	109	52
1522	473	114	51
1526	473	101	51
1527	472	109	68
1529	473	101	58
1529	477	102	42
1547	476	115	45
1544	480	121	44
1540	480	128	42
1541	481	128	47
1545	479	124	51
1546	476	131	61
1550	480	124	67
1544	480	131	58
1537	481	140	47
1544	481	132	43
1548	481	131	42
1542	483	139	40
1540	485	150	36
1545	484	143	41
1545	484	140	44
1540	482	144	52
1537	484	150	55
1535	482	138	54
1536	482	125	47
1514	481	132	50
1493	479	127	40
1470	478	127	43
1447	476	126	47
1417	475	122	37
1386	477	119	30
1364	472	123	41
1333	472	118	31
1309	473	115	30
1277	471	110	28
1246	468	105	29
