1750	667	152	74
1734	669	149	72
1720	671	148	73
1703	673	156	70
1689	675	161	71
1673	677	161	74
1659	678	160	74
1640	681	163	75
1623	686	168	69
1608	681	166	76
1594	683	170	74
1579	683	165	80
1563	684	165	80
1547	684	169	82
1528	686	174	81
1512	688	173	83
1492	694	173	77
1474	686	168	88
1452	689	163	88
1423	689	162	86
1392	692	164	81
1363	693	161	79
1323	692	159	79
1291	694	153	77
1254	693	156	78
1207	693	162	77
1168	693	161	80
1136	688	150	83
1098	691	156	80
1054	696	159	77
1017	698	156	75
985	701	157	76
948	704	159	73
921	706	159	76
890	703	158	81
863	706	157	83
840	713	162	78
814	714	165	83
790	712	166	89
768	718	167	89
747	721	168	89
727	725	170	86
704	730	171	91
679	733	173	92
658	738	182	93
638	741	176	95
614	743	183	95
592	747	189	95
573	751	190	99
550	755	196	102
540	759	184	102
525	763	182	101
512	769	187	97
505	768	183	103
496	773	191	102
492	773	198	103
502	773	188	106
502	776	184	103
506	773	191	106
513	776	194	102
515	774	190	104
521	773	195	105
523	772	199	107
534	772	198	104
546	771	189	104
549	771	185	100
558	773	191	92
569	769	189	96
569	768	189	95
576	768	192	97
584	765	188	95
596	763	191	91
610	761	185	90
614	761	183	89
627	759	181	87
635	760	176	82
643	757	179	81
656	752	174	83
666	754	168	78
676	747	167	77
689	743	162	84
699	738	165	85
712	737	155	74
717	736	156	77
732	734	160	74
745	728	151	76
754	725	146	70
766	722	147	71
781	718	147	71
790	714	141	70
800	713	142	68
810	707	142	68
822	705	142	66
841	702	137	67
851	697	138	69
865	693	133	64
875	690	130	66
893	687	129	65
909	684	127	60
920	682	128	56
934	678	127	57
950	670	125	62
963	670	115	56
983	664	113	56
994	658	114	61
1013	651	114	62
1030	652	113	58
1044	651	111	56
1062	645	108	58
1084	644	103	55
1094	642	110	54
1116	637	103	58
1127	635	108	56
1149	632	106	55
1169	630	103	54
1185	629	107	49
1204	626	109	53
1224	620	101	55
1243	620	106	52
1269	619	100	51
1285	616	96	54
1304	614	103	55
1326	613	100	53
1341	611	96	49
1356	606	96	54
1361	606	102	50
1368	606	101	45
1382	606	88	45
1375	602	93	43
1371	598	97	44
1370	594	94	42
1366	591	90	44
1360	587	89	46
1354	583	88	46
1347	583	88	43
1337	576	83	43
1331	575	84	45
1324	570	86	43
1318	568	83	39
1311	565	82	38
1307	561	80	40
1299	559	83	37
1291	557	81	38
1287	555	80	41
1282	551	78	37
1277	549	77	39
1270	544	78	38
1265	544	79	41
1263	544	77	34
1257	542	75	35
1251	539	74	37
1247	537	70	37
1244	534	71	35
1240	530	69	35
1234	529	70	33
1231	526	67	36
1227	524	65	34
1222	521	64	34
1217	520	64	32
1214	516	65	31
1211	512	61	32
1208	511	58	33
1204	509	58	33
1201	505	60	35
1197	504	61	32
1193	502	57	33
1189	501	57	31
1187	498	57	32
1185	496	56	33
1182	495	57	29
1179	492	56	33
1176	491	56	31
1175	490	55	28
1173	487	53	27
1165	485	51	31
1164	483	48	30
1154	481	47	29
1145	479	43	27
1125	477	47	29
1107	475	47	26
1088	473	45	25
1067	471	44	28
1042	469	44	26
1014	467	48	25
985	465	49	25
958	464	42	28
933	463	43	25
901	461	42	24
876	460	39	26
848	459	36	24
823	458	31	24
795	458	29	24
767	457	26	24
733	457	23	25
704	459	25	19
704	459	25	19
704	459	25	19
704	459	25	19
746	417	26	15
746	417	26	15
746	417	26	15
746	417	26	15
746	417	26	15
746	417	26	15
746	417	26	15
746	417	26	15
746	417	26	15
746	417	26	15
746	417	26	15
746	417	26	15
746	417	26	15
746	417	26	15
746	417	26	15
746	417	26	15
746	417	26	15
746	417	26	15
746	417	26	15
746	417	26	15
746	417	26	15
746	417	26	15
746	417	26	15
746	417	26	15
746	417	26	15
746	417	26	15
746	417	26	15
746	417	26	15
746	417	26	15
746	417	26	15
746	417	26	15
746	417	26	15
746	417	26	15
746	417	26	15
746	417	26	15
746	417	26	15
746	417	26	15
746	417	26	15
746	417	26	15
746	417	26	15
746	417	26	15
746	417	26	15
746	417	26	15
746	417	26	15
746	417	26	15
746	417	26	15
746	417	26	15
746	417	26	15
746	417	26	15
746	417	26	15
746	417	26	15
746	417	26	15
746	417	26	15
746	417	26	15
746	417	26	15
746	417	26	15
746	417	26	15
746	417	26	15
746	417	26	15
746	417	26	15
746	417	26	15
746	417	26	15
746	417	26	15
746	417	26	15
746	417	26	15
746	417	26	15
746	417	26	15
746	417	26	15
746	417	26	15
746	417	26	15
746	417	26	15
746	417	26	15
746	417	26	15
746	417	26	15
746	417	26	15
746	417	26	15
