857	402	792	421
882	392	752	446
857	386	740	467
874	387	733	462
835	395	762	506
849	389	756	495
848	413	699	464
887	467	667	391
841	464	696	406
841	479	674	426
823	468	688	427
845	488	670	428
858	512	633	411
827	540	657	369
844	539	620	393
826	537	637	409
823	553	638	400
831	549	614	427
810	565	625	398
820	566	611	411
808	583	608	394
792	585	616	394
821	596	573	390
807	606	582	383
815	604	573	397
811	624	542	379
788	645	572	350
791	637	553	376
783	639	558	377
793	644	543	393
781	653	556	376
790	659	530	385
781	646	537	405
791	664	496	379
774	666	530	367
756	669	543	371
766	676	527	367
778	673	509	368
769	682	504	360
770	674	503	371
776	659	477	384
769	684	500	357
764	681	496	356
768	685	466	338
762	681	475	358
756	683	462	323
766	663	453	358
754	665	473	360
759	673	439	327
750	666	465	355
757	665	454	335
760	671	439	329
751	666	450	339
750	666	440	338
750	662	428	337
744	663	443	326
738	652	436	332
728	668	430	321
725	657	409	320
704	663	393	313
662	640	423	341
629	649	414	329
598	653	417	306
576	645	417	337
555	656	411	315
539	651	397	302
516	653	413	321
492	646	396	337
473	648	409	311
466	647	423	314
457	655	416	324
443	649	412	323
440	655	417	320
438	638	402	330
430	648	400	309
427	645	410	310
432	648	384	316
424	653	395	293
411	633	402	319
408	653	406	295
407	651	388	305
399	635	395	306
396	633	388	315
390	634	396	308
388	633	379	294
387	627	368	301
383	629	372	307
377	620	369	298
372	628	379	290
382	630	352	297
380	618	366	282
393	625	355	256
419	626	349	257
436	614	345	263
464	597	345	261
491	573	336	272
523	595	343	248
572	587	318	237
596	588	320	233
637	588	313	224
665	593	300	217
692	583	294	222
726	577	274	219
740	567	276	220
750	563	275	234
745	571	279	218
752	567	282	216
750	563	276	222
757	558	269	230
751	555	266	240
748	560	261	229
744	561	261	216
742	557	268	222
739	566	267	205
753	560	245	209
747	562	250	198
740	554	257	210
740	547	254	214
754	544	242	210
763	548	227	199
760	552	225	185
759	552	222	192
753	552	224	187
767	552	213	184
762	548	214	190
759	548	208	189
749	550	212	178
747	550	223	190
757	549	207	179
744	553	220	185
737	553	224	190
742	551	225	188
746	556	211	181
741	557	211	183
740	557	223	175
736	558	219	190
726	560	229	184
743	559	219	196
738	563	221	183
738	567	210	179
737	565	215	182
749	565	204	175
749	570	200	182
752	569	197	175
749	566	197	181
728	566	215	194
739	571	206	174
739	575	199	170
728	573	221	184
735	567	206	192
740	566	200	196
735	571	206	185
741	576	198	206
725	586	215	187
726	585	208	172
722	583	216	205
734	586	198	188
738	585	192	175
740	586	187	186
729	583	198	205
727	580	201	188
725	591	196	181
723	592	199	174
711	594	209	183
723	592	194	175
727	594	191	171
731	596	186	172
730	593	184	164
736	593	175	175
742	594	168	165
741	594	170	168
736	594	173	168
720	592	187	172
714	588	200	183
717	591	187	168
716	591	194	167
736	586	165	169
740	589	162	160
722	588	180	166
724	586	177	179
738	588	162	177
738	586	165	167
728	587	173	173
734	586	167	158
738	585	162	164
734	585	167	159
737	586	163	148
733	584	162	154
723	579	172	155
736	579	154	149
731	581	158	152
736	579	151	158
734	577	153	146
736	578	151	146
728	574	155	149
739	575	138	145
733	570	152	154
720	572	162	152
731	574	150	144
723	572	158	142
728	572	155	139
727	571	153	139
721	573	157	141
729	570	145	143
725	568	147	143
728	565	141	148
718	567	156	145
723	564	147	146
720	562	151	152
707	565	162	157
706	565	164	144
701	565	169	141
708	562	158	145
718	564	143	142
709	561	157	148
721	561	141	148
717	560	147	147
712	562	150	151
697	562	164	143
702	560	156	144
712	559	145	145
710	560	145	151
707	561	150	147
702	561	155	141
707	559	145	140
696	559	155	153
704	560	142	149
697	561	151	136
699	559	146	144
694	558	150	141
693	560	148	137
693	558	146	144
699	559	139	137
690	560	148	134
700	555	141	147
697	557	143	154
702	555	137	150
705	553	139	149
711	558	132	143
695	556	150	146
703	555	146	143
715	557	133	145
701	559	150	139
704	557	149	144
704	557	149	154
694	558	161	177
705	559	150	154
697	559	157	162
707	559	146	189
709	557	139	189
710	557	131	176
698	559	151	170
706	562	143	157
702	561	150	152
698	559	152	145
694	559	149	150
702	557	138	166
693	558	149	171
683	558	156	168
686	562	156	151
689	562	152	156
697	557	139	168
693	555	145	167
692	562	142	167
693	558	139	170
686	565	143	162
672	569	156	149
681	567	147	162
685	566	141	165
661	570	169	161
668	569	157	157
650	570	173	165
657	571	163	157
655	570	167	161
673	569	144	161
673	562	144	166
658	562	162	175
667	561	152	161
652	561	166	153
657	558	158	160
654	555	159	159
667	555	149	165
665	555	147	154
652	551	162	165
634	555	178	156
648	553	162	142
649	553	164	138
645	554	166	142
648	551	167	149
653	551	157	148
651	551	158	141
662	549	152	144
667	545	145	152
666	546	147	148
665	548	151	150
675	544	143	152
675	546	142	146
674	546	142	141
678	546	143	133
667	544	154	146
669	544	151	143
677	542	145	153
682	545	140	153
681	545	143	143
680	544	145	147
684	543	142	135
671	541	163	146
681	544	150	141
678	543	159	142
681	545	158	150
699	548	137	143
705	551	131	138
697	555	141	133
697	555	147	137
703	562	137	132
701	563	140	135
697	565	143	132
703	567	140	139
707	567	136	136
704	566	137	139
707	568	132	132
710	569	126	134
704	570	136	138
705	569	134	143
696	573	142	136
703	573	133	132
705	573	129	134
702	573	132	133
699	576	135	124
695	578	140	133
696	579	138	136
699	578	134	146
694	579	140	134
698	582	135	123
699	583	133	123
697	584	134	126
702	586	128	130
697	590	132	120
692	588	139	125
703	587	128	139
699	593	133	125
694	590	134	124
703	591	124	118
699	593	132	129
700	593	130	131
698	598	128	121
685	597	142	128
698	597	132	130
699	599	131	128
692	601	135	124
701	600	124	121
694	598	131	140
700	605	126	125
699	602	126	132
697	605	124	123
690	606	134	114
698	598	125	136
685	606	138	135
698	608	123	125
687	610	135	128
693	609	128	124
692	611	130	127
692	614	128	126
688	613	133	118
678	614	140	132
697	610	121	129
693	620	128	116
692	617	127	120
690	617	127	123
687	624	131	111
687	624	128	122
688	623	129	119
687	620	126	124
671	630	141	116
653	636	161	110
645	630	168	123
627	634	183	121
658	637	153	115
645	642	162	110
641	637	170	121
646	634	165	125
641	632	163	129
634	635	178	127
621	642	182	120
659	645	147	118
644	645	160	110
630	646	171	124
619	643	185	127
610	646	189	131
627	653	172	117
621	649	181	122
614	647	180	128
653	654	145	116
665	655	131	114
653	656	142	117
663	659	134	109
665	659	127	114
661	662	127	120
653	665	137	111
652	664	134	113
659	667	131	112
644	667	141	116
654	664	131	120
661	667	120	120
649	675	131	108
640	664	142	126
655	679	124	109
649	681	126	108
645	676	131	116
634	676	140	120
640	680	134	123
651	673	126	129
639	686	130	113
634	680	135	120
636	692	136	113
646	683	124	127
646	685	122	120
646	689	127	119
636	691	137	122
637	692	136	120
646	697	130	121
633	692	144	128
625	685	153	138
618	694	162	124
616	697	164	133
601	701	187	123
600	701	190	128
641	702	150	125
659	704	132	125
664	707	128	125
654	706	143	122
643	710	155	125
647	706	160	133
645	722	158	121
644	713	166	128
629	713	180	131
629	715	187	134
627	716	192	134
632	727	189	125
676	720	147	131
687	726	134	127
661	730	159	124
653	737	171	131
646	740	177	126
651	731	170	143
664	725	164	146
656	730	189	137
658	725	186	151
672	723	180	157
667	729	198	157
679	734	162	150
673	737	179	136
682	753	149	127
678	761	117	114
698	786	104	98
721	778	83	104
720	772	101	119
733	787	102	110
733	787	102	110
750	780	132	114
761	774	128	117
718	768	106	133
750	764	88	145
753	784	79	131
760	764	71	141
762	775	71	142
760	781	80	131
753	775	86	137
753	775	86	137
760	779	83	133
789	787	83	129
792	782	71	137
767	786	86	143
795	789	103	136
800	789	111	128
762	793	128	133
747	793	149	144
801	790	122	138
815	799	109	133
817	810	106	127
817	812	107	131
792	812	128	132
813	801	108	149
817	811	111	140
824	809	108	144
830	812	103	148
831	814	96	152
834	819	107	152
832	819	108	152
827	818	120	159
833	816	119	160
838	823	111	159
841	826	107	154
839	824	114	160
837	827	108	163
839	828	116	162
836	829	119	161
838	828	115	162
840	826	110	166
841	832	110	166
840	831	118	165
841	841	110	159
843	839	112	164
844	840	107	164
840	846	115	159
836	843	115	166
839	847	117	163
828	848	123	166
839	853	119	164
838	853	117	164
840	856	114	163
838	857	117	168
839	862	118	160
842	858	116	168
842	859	115	172
839	870	113	158
838	872	120	159
838	875	113	157
835	876	128	163
832	877	120	169
840	875	119	164
837	873	114	171
838	879	117	172
837	876	114	175
837	888	121	166
835	888	118	162
836	891	122	166
834	901	119	157
834	901	127	160
825	898	128	169
837	892	121	175
836	896	116	170
836	901	119	171
830	898	125	170
837	896	120	175
831	904	123	170
837	901	119	170
828	901	131	171
830	905	122	168
824	909	138	167
823	910	134	162
829	908	130	166
832	897	127	177
824	900	135	180
816	907	142	167
825	908	145	170
811	911	149	166
833	912	134	165
826	902	135	169
838	897	123	175
830	901	133	183
831	895	130	185
828	897	139	178
838	890	128	185
839	884	126	196
830	888	137	185
843	899	123	175
831	897	134	177
838	893	141	180
834	899	135	172
839	889	124	186
832	889	132	181
836	885	132	183
835	886	128	187
838	880	128	190
835	877	126	194
826	873	143	196
841	871	127	204
848	876	121	186
838	870	129	197
832	875	132	194
829	879	144	185
830	871	137	194
830	866	142	200
825	881	144	177
830	867	141	183
836	870	130	180
845	863	115	184
829	863	142	186
841	872	125	168
833	870	135	173
838	862	132	176
841	859	128	178
840	853	135	177
838	854	128	176
841	854	129	172
838	850	132	170
841	851	126	161
844	847	123	166
844	848	119	165
841	844	127	164
843	845	133	160
848	839	125	162
843	840	126	160
831	842	140	158
844	840	122	153
843	839	123	150
850	834	121	156
839	837	127	142
847	830	121	150
836	825	131	158
821	829	146	153
831	831	140	142
835	823	138	146
839	821	130	147
829	815	142	157
819	823	152	138
824	832	149	133
840	817	131	145
853	804	117	148
858	793	112	149
847	804	120	147
854	810	116	132
837	806	133	134
848	793	120	141
856	792	116	138
846	799	121	130
833	803	139	125
848	790	123	141
829	797	146	128
810	800	164	125
800	792	170	134
798	789	173	135
794	790	175	134
836	784	132	141
853	792	121	127
833	796	138	122
813	786	158	132
803	779	160	140
840	787	132	133
847	787	125	126
847	786	121	127
849	797	119	114
835	793	131	120
848	788	118	121
838	788	128	121
855	799	112	111
848	811	118	97
849	825	116	81
850	810	111	90
853	826	108	69
853	820	111	71
853	830	108	61
855	823	106	66
849	809	112	80
848	811	114	77
853	815	107	73
851	818	110	66
852	804	108	80
854	793	106	89
853	790	108	97
846	780	116	104
846	766	116	118
842	766	120	118
853	770	108	111
849	764	109	118
848	763	110	115
843	769	117	110
840	755	118	119
848	763	113	113
848	762	105	112
848	758	110	113
835	764	123	109
848	756	109	114
851	758	108	111
841	757	116	112
850	762	108	108
845	757	111	117
839	756	116	111
842	754	111	114
837	745	117	120
840	748	116	118
840	753	107	114
850	753	102	111
841	760	110	97
834	758	118	102
839	753	112	105
837	751	116	109
839	758	115	100
840	751	107	108
843	753	106	100
839	751	107	101
839	738	106	116
845	748	103	108
843	745	102	108
841	746	103	104
838	747	106	103
841	745	103	102
838	749	104	99
837	746	105	100
830	753	114	93
830	758	111	87
824	742	120	103
837	750	106	91
830	741	110	101
842	742	99	99
839	736	101	104
837	742	106	100
834	746	110	93
831	743	110	95
831	735	111	103
833	736	106	103
836	728	102	111
828	726	113	116
828	732	113	108
837	739	105	102
836	742	104	97
831	751	109	89
836	737	104	104
829	741	114	97
818	744	121	91
838	739	103	93
837	751	103	82
827	749	113	84
813	756	123	78
818	747	120	85
823	743	114	87
821	730	117	105
831	734	105	96
843	729	92	101
834	731	98	101
825	731	111	98
837	730	96	91
833	722	98	102
826	713	105	114
830	716	103	107
819	727	115	93
819	718	110	100
828	721	102	98
824	717	108	100
830	711	98	106
829	717	98	94
823	706	101	104
825	711	102	101
825	713	101	99
824	713	101	96
826	713	98	97
823	713	102	95
825	714	100	93
823	716	101	91
821	710	104	94
823	718	100	93
817	719	106	88
813	712	109	93
805	706	120	97
813	719	108	86
806	721	117	82
807	713	113	89
822	710	98	87
820	708	102	90
824	704	98	95
814	698	108	104
807	707	113	94
816	701	105	96
820	705	103	95
816	704	107	89
806	709	115	86
810	698	108	97
821	708	97	86
819	704	97	91
819	702	100	93
814	706	102	89
815	703	100	96
814	699	103	94
820	702	95	91
811	703	107	95
819	694	101	99
811	705	106	90
819	707	97	86
810	705	107	87
804	700	111	92
816	700	96	91
820	703	91	89
813	700	99	91
807	697	106	95
815	699	96	95
804	694	108	101
796	698	117	95
787	700	121	95
797	697	112	99
785	691	123	101
770	688	137	105
777	700	131	94
787	701	124	88
775	696	134	96
777	692	131	102
775	690	135	108
782	691	125	99
795	700	120	89
801	703	114	89
794	698	122	90
798	699	121	91
813	694	105	94
821	701	100	87
828	701	94	87
821	701	104	90
826	702	98	87
828	697	96	95
820	701	104	91
816	698	110	93
822	704	107	86
824	700	101	90
826	704	100	92
823	706	104	85
820	712	105	82
819	709	107	82
823	703	102	89
822	703	102	90
822	705	103	86
831	702	93	94
824	704	99	93
818	712	108	84
809	707	120	87
796	697	134	100
786	693	146	108
819	706	117	90
827	711	117	84
832	707	115	90
824	704	125	93
831	712	121	85
834	706	123	91
831	711	128	88
831	711	129	88
826	712	135	88
814	705	146	92
844	713	120	89
853	708	106	94
852	705	108	95
854	705	105	96
864	713	96	89
862	717	100	84
858	714	104	83
849	712	111	90
856	712	105	87
858	711	103	87
856	712	106	88
862	711	101	89
855	708	106	92
861	709	100	92
854	713	105	88
860	714	98	88
861	710	97	93
861	705	98	98
865	710	94	94
856	711	103	92
862	708	97	93
856	712	104	92
860	716	99	94
860	716	101	89
854	716	106	92
857	713	103	92
858	714	102	91
861	708	98	100
856	713	102	96
854	713	106	93
860	712	100	95
857	713	104	95
853	711	108	102
860	714	99	97
858	716	103	100
848	722	112	90
852	720	107	89
854	717	105	94
853	720	106	89
849	720	112	95
855	726	105	84
850	720	110	93
855	722	104	88
851	718	109	95
850	716	110	95
849	713	109	99
854	720	104	91
846	720	112	93
849	718	110	95
852	716	106	99
851	714	109	101
850	713	111	105
851	713	111	101
854	710	106	106
851	713	107	107
856	712	104	101
852	719	109	100
847	717	113	105
850	716	114	102
854	716	105	104
848	715	110	108
852	719	109	98
849	720	109	99
851	718	109	104
847	716	117	106
850	718	114	103
852	719	111	103
848	724	113	99
844	724	120	100
846	721	118	102
853	722	109	103
857	720	106	107
857	722	105	106
852	725	111	105
856	724	109	101
853	720	112	113
853	721	110	113
854	727	111	107
848	727	118	108
854	728	113	107
852	728	117	111
857	733	111	109
852	732	111	113
853	736	114	109
852	737	117	115
854	736	115	112
850	740	119	108
848	740	122	113
854	743	116	113
858	744	109	114
863	744	99	120
864	746	102	120
857	751	116	109
856	755	115	117
861	751	108	120
856	755	118	113
858	758	117	116
856	762	118	108
854	756	120	119
859	753	115	119
865	759	108	112
865	761	110	110
863	764	115	110
860	766	120	113
864	762	113	114
867	761	109	120
861	765	119	117
863	763	118	120
864	763	117	122
870	765	110	119
870	762	112	118
867	762	119	119
870	765	116	116
871	767	115	115
871	768	115	115
870	766	116	123
875	766	110	118
876	766	110	121
875	764	111	122
875	764	110	126
869	764	118	125
873	767	116	124
873	768	117	122
872	765	117	124
875	765	115	123
874	766	114	126
875	761	112	128
875	764	113	129
878	764	109	124
875	763	113	127
876	766	115	120
881	763	108	123
881	765	110	120
878	765	114	119
882	764	108	123
880	763	111	125
883	762	110	128
881	761	116	130
888	764	110	125
885	763	113	124
890	763	107	124
883	761	116	124
888	762	111	124
890	760	107	131
889	761	111	128
889	761	110	129
887	761	115	130
891	761	111	130
889	760	116	127
892	761	113	134
893	762	113	140
895	762	112	131
891	760	116	138
892	761	115	135
893	760	114	143
893	760	115	140
900	763	110	139
904	764	106	137
901	763	110	144
900	761	111	142
900	763	112	138
903	764	114	139
904	763	111	136
904	762	115	145
906	766	109	141
910	764	104	139
907	763	110	135
905	764	115	140
907	764	111	149
909	764	109	142
910	762	109	143
910	765	112	143
912	765	112	141
915	763	107	143
919	763	106	149
921	765	104	147
925	766	100	145
919	767	109	146
919	768	109	147
926	765	101	150
929	768	101	146
928	768	101	147
927	763	108	149
927	766	105	153
930	768	102	146
932	769	102	143
927	768	107	146
923	769	115	147
931	770	107	146
927	770	112	146
929	770	109	147
927	773	109	143
936	773	102	147
932	778	110	142
935	774	107	144
930	777	114	142
938	774	104	148
941	777	103	143
941	778	104	142
940	777	106	148
940	779	106	143
935	781	112	140
946	782	103	141
948	784	98	141
946	786	103	139
939	787	110	140
937	787	115	136
945	787	108	139
950	787	104	137
949	786	105	141
955	789	100	140
955	787	101	142
950	791	106	138
954	792	104	134
949	791	109	140
956	790	104	140
953	791	107	139
956	791	106	141
949	791	117	142
956	794	109	140
958	796	107	134
958	795	106	141
960	796	105	133
966	798	103	137
959	799	109	136
956	800	111	134
953	798	117	138
964	800	107	133
966	802	107	133
966	802	106	134
956	801	117	135
960	801	114	137
971	807	108	129
976	803	102	134
978	800	102	136
977	806	101	131
975	806	105	132
973	807	108	135
969	806	113	131
977	811	104	128
978	806	106	135
981	807	102	134
974	809	107	132
974	814	109	127
978	809	106	128
979	808	106	134
979	809	108	130
983	810	104	131
985	817	105	127
983	811	109	131
984	820	108	124
985	828	107	119
983	817	109	129
982	812	110	131
968	811	124	135
984	811	108	136
985	814	111	130
976	808	117	140
976	810	119	135
972	811	126	135
977	811	120	133
977	811	121	130
981	812	119	132
977	813	126	131
976	812	126	130
973	810	128	135
958	806	146	136
936	808	170	141
965	813	142	128
969	811	137	136
962	803	144	140
963	807	146	139
962	809	149	134
964	812	151	127
965	813	146	127
965	812	150	129
971	812	151	128
973	814	144	126
968	812	148	131
957	809	163	130
961	793	155	153
954	808	161	133
967	809	157	129
970	803	148	135
963	803	154	134
977	789	148	150
972	795	149	142
976	794	149	142
985	793	137	148
984	792	141	146
982	798	143	134
979	799	147	133
983	793	140	139
985	797	137	138
978	801	148	133
972	798	155	131
977	796	155	133
988	788	141	142
987	789	141	142
976	786	151	141
971	805	158	113
991	824	142	95
1000	831	139	87
1005	835	133	81
1007	839	133	76
1015	840	121	72
1004	835	130	79
1011	838	126	77
1025	841	113	76
1020	845	116	66
1018	840	116	70
1018	841	119	69
1022	838	114	72
1028	840	111	67
1033	839	107	68
1034	840	104	69
1033	845	106	63
1034	848	105	60
1036	845	104	64
1035	842	104	67
1035	852	105	59
1037	848	108	59
1039	846	104	66
1036	844	107	68
1035	844	111	66
1037	849	111	60
1039	852	106	60
1040	849	109	59
1044	849	105	60
1044	848	106	64
1045	845	106	72
1046	853	103	60
1049	854	106	57
1047	854	104	61
1046	854	107	59
1048	854	104	61
1050	842	106	73
1047	854	109	60
1052	859	103	56
1053	860	104	54
1053	859	102	56
1052	863	103	52
1053	863	103	56
1052	861	105	55
1054	860	105	59
1055	861	101	56
1051	863	105	56
1054	863	100	54
1054	863	102	56
1052	863	99	55
1055	864	98	52
1051	862	101	52
1053	863	95	58
1049	865	103	51
1047	865	104	48
1046	861	107	53
1048	859	101	57
1048	856	100	61
1046	864	99	50
1044	860	104	60
1044	861	99	55
1041	861	99	53
1039	861	100	54
1038	857	99	67
1037	858	99	62
1034	861	101	59
1034	861	100	56
1029	861	103	54
1029	862	101	52
1025	857	101	55
1025	858	99	58
1025	860	98	53
1020	859	100	52
1018	858	101	53
1016	849	103	68
1013	854	103	59
1013	850	100	65
1011	849	100	64
1007	845	104	65
1003	846	102	68
1002	850	99	61
999	857	102	53
997	853	102	55
993	852	100	55
992	847	98	62
988	846	98	64
986	845	98	70
979	846	104	62
978	845	101	61
974	848	103	58
972	847	101	57
969	846	101	59
965	848	104	59
963	844	104	62
953	847	110	54
959	845	102	60
958	842	100	66
955	846	97	61
955	848	99	59
945	840	105	67
946	839	101	66
947	834	96	76
943	840	99	68
939	842	101	65
938	845	100	61
934	845	105	60
928	846	108	59
930	849	104	54
926	848	102	55
928	843	97	65
925	846	100	61
918	841	105	67
916	846	105	62
916	847	103	60
916	847	102	62
914	845	98	64
913	848	97	62
911	849	99	63
907	849	102	60
908	844	100	70
906	846	97	70
900	850	103	64
902	854	99	55
898	851	102	59
899	852	101	59
893	853	103	57
893	850	102	60
892	852	101	57
892	854	101	52
888	855	101	52
884	851	103	63
887	848	99	62
885	852	100	58
884	851	101	56
877	853	106	55
873	852	106	56
877	852	102	53
873	851	101	55
869	850	104	57
870	840	104	66
867	842	105	65
865	837	103	71
863	841	103	64
863	846	100	58
861	839	101	67
862	830	95	73
856	821	107	80
853	822	108	80
851	824	108	79
852	812	104	91
849	810	106	88
847	804	108	93
841	798	109	102
832	786	119	114
838	785	114	114
833	786	113	114
844	774	103	121
831	773	108	119
837	780	104	113
829	781	110	108
824	772	114	118
826	774	110	111
822	776	119	111
826	775	112	113
821	766	114	120
821	765	110	119
828	769	106	115
813	769	116	114
820	774	109	105
821	765	108	113
820	764	106	110
819	764	110	109
817	759	107	118
814	758	110	115
813	759	110	115
814	755	107	114
812	754	109	115
810	757	108	115
806	762	117	101
804	755	114	108
810	750	108	113
803	752	113	104
791	751	128	108
791	752	125	109
796	757	116	97
799	750	113	103
810	753	101	98
805	748	105	100
795	744	117	107
809	744	103	103
799	741	111	100
799	738	112	102
806	731	104	107
800	731	110	107
803	730	107	105
803	731	104	104
791	729	116	101
785	729	119	105
795	726	105	99
797	726	104	95
791	727	111	93
796	722	105	92
804	720	94	90
799	706	100	101
801	710	100	96
793	705	104	96
797	702	100	91
803	697	95	92
801	698	98	86
792	695	105	91
794	686	102	101
802	686	94	96
803	687	96	91
802	688	95	84
797	684	97	86
792	679	102	85
798	679	96	83
795	678	102	80
801	668	91	88
792	666	100	87
800	664	91	88
794	662	100	84
792	658	99	85
795	656	94	85
799	650	92	87
790	664	99	75
798	649	89	81
799	644	88	84
796	646	92	78
790	645	97	85
799	645	89	79
799	639	90	78
797	628	91	89
805	626	82	83
802	618	84	87
800	620	83	85
797	634	86	68
797	630	84	65
793	628	88	66
796	619	83	71
795	623	86	67
792	609	88	77
799	601	80	88
793	607	87	80
779	606	99	81
785	601	93	82
787	595	93	90
792	593	86	90
795	604	86	75
795	600	85	77
797	598	82	78
800	597	78	74
800	597	77	72
795	598	83	73
791	598	87	70
784	592	96	73
790	598	88	67
798	602	80	61
796	591	81	70
792	592	87	65
796	590	81	64
793	588	86	63
793	584	82	66
796	581	82	70
796	580	83	70
793	579	85	69
789	579	88	69
792	580	84	67
790	582	84	62
792	578	83	62
792	573	84	67
788	573	90	67
787	575	89	63
785	573	89	66
785	569	89	68
785	570	88	63
785	572	86	61
791	579	80	52
787	575	84	56
781	565	93	67
784	560	89	68
790	558	80	69
787	559	82	66
788	559	81	63
783	558	86	60
780	555	88	61
773	553	95	75
776	552	87	74
781	552	83	70
777	550	86	69
783	549	82	69
785	549	78	62
784	549	79	61
783	548	80	59
779	546	86	57
777	544	89	63
774	543	91	61
777	540	83	67
777	539	84	64
778	538	82	63
777	539	83	64
778	551	80	50
780	550	75	52
780	549	77	49
778	551	79	47
776	551	82	47
777	554	78	43
777	553	80	44
775	548	80	55
773	536	84	66
769	537	87	61
768	535	85	67
768	534	83	66
771	533	81	65
771	531	81	65
773	530	78	65
770	530	79	66
768	527	81	62
766	526	84	65
768	526	82	61
767	522	80	63
769	520	80	61
766	518	83	66
767	515	80	63
766	516	80	62
767	513	80	66
767	513	80	59
763	509	84	61
763	508	82	64
766	507	80	63
765	506	81	60
763	506	81	60
765	504	79	59
763	504	81	57
763	501	80	61
763	499	78	62
762	500	83	59
762	500	81	58
763	497	77	63
762	497	79	59
764	494	79	63
761	494	80	57
759	493	83	61
762	492	78	61
762	491	78	59
762	490	78	60
759	490	78	60
762	488	77	60
762	487	77	59
762	488	77	60
761	486	77	59
758	487	80	55
759	485	79	60
760	484	77	56
757	484	80	56
758	483	81	58
757	483	79	56
757	480	79	56
758	479	78	62
758	478	77	60
760	478	73	62
758	477	77	58
755	477	80	54
759	475	77	55
758	475	76	57
758	473	74	58
756	473	76	54
757	471	77	55
757	470	78	58
755	470	79	57
756	470	77	53
757	468	75	58
758	467	73	57
756	466	75	55
755	463	77	61
756	463	75	58
756	463	76	59
757	462	74	56
755	459	77	59
754	458	75	58
754	458	79	57
756	457	75	55
753	456	79	54
753	455	79	56
755	454	76	55
754	453	76	57
752	453	80	54
755	451	77	51
754	450	76	53
754	449	78	52
755	448	74	53
753	447	77	54
754	446	78	52
756	445	73	51
755	445	73	55
754	443	76	56
755	442	75	53
754	440	75	58
754	439	75	53
754	439	72	54
752	438	76	50
751	438	79	52
752	436	77	49
752	434	76	49
754	433	74	52
753	432	74	51
752	432	75	52
750	430	76	52
752	428	75	52
753	428	71	53
750	426	75	53
749	426	78	52
750	424	74	53
748	424	79	50
750	422	77	51
752	421	74	51
750	420	75	47
749	418	77	47
750	417	76	49
751	414	72	55
751	414	71	49
751	414	74	49
749	412	75	53
750	411	76	50
751	410	73	53
749	409	73	53
751	408	72	50
748	405	75	53
748	405	74	47
749	404	75	48
748	402	75	49
749	401	75	49
748	399	73	53
747	398	74	48
747	397	75	49
749	395	71	48
748	393	73	49
748	393	72	47
746	391	74	49
747	389	73	50
746	389	74	44
748	389	72	45
748	386	72	45
748	385	72	48
748	383	71	46
748	382	69	50
748	381	72	45
749	381	73	44
750	380	69	43
751	376	67	46
750	377	70	44
748	376	71	43
748	374	72	41
750	374	70	38
748	370	71	43
747	366	71	46
748	369	70	43
749	366	68	42
749	364	70	44
749	362	70	42
749	359	68	42
749	356	69	40
749	355	70	44
749	356	66	42
748	356	67	38
748	353	71	44
748	351	68	40
748	349	67	45
747	348	69	41
747	347	69	37
748	347	67	38
749	347	67	36
748	340	66	44
748	341	66	40
747	341	67	39
747	339	67	43
747	334	68	44
745	336	69	40
746	335	68	38
746	333	67	41
745	332	69	40
745	330	68	39
747	330	66	39
746	329	66	39
746	328	67	40
747	323	63	45
744	322	68	41
745	321	65	44
743	318	68	45
743	318	67	44
744	318	64	42
743	317	66	45
743	316	65	41
743	318	64	39
742	314	66	41
742	316	65	38
742	316	65	37
742	312	61	41
741	309	64	43
739	308	67	43
739	307	67	42
737	304	67	47
737	303	66	44
737	305	65	43
737	302	66	43
733	304	69	40
735	303	65	44
735	303	66	43
735	305	65	37
735	302	66	40
734	302	65	42
733	301	65	43
733	302	66	43
732	300	66	45
732	301	66	43
732	301	65	43
731	299	66	47
729	303	70	43
732	302	64	41
732	301	64	42
731	303	66	43
730	301	66	49
731	299	64	44
729	303	68	39
731	303	66	40
730	299	65	47
729	300	65	43
729	298	64	45
729	303	66	41
728	303	67	43
729	298	66	46
729	297	66	50
728	298	66	49
728	299	70	48
733	300	65	42
733	300	66	43
736	300	65	42
737	295	66	49
737	292	69	56
740	295	68	50
742	302	65	43
742	297	65	47
741	299	67	46
741	298	69	45
743	298	67	45
745	297	65	47
745	295	64	47
744	298	67	43
745	299	64	43
745	302	64	39
745	299	66	43
743	298	69	47
745	297	68	48
748	298	65	48
749	296	66	51
752	300	67	44
756	298	66	48
759	298	69	49
758	295	71	54
764	299	69	44
766	301	67	42
766	299	68	46
768	302	67	41
769	299	67	44
768	300	70	41
770	296	67	46
771	299	66	44
771	300	66	42
770	299	67	41
770	297	68	43
771	297	67	44
771	297	67	43
770	298	69	44
772	297	66	43
772	294	68	45
773	295	68	46
773	296	67	43
772	293	67	47
771	290	69	49
774	291	68	48
774	287	69	51
775	290	69	51
775	293	71	50
777	291	68	48
776	294	71	47
777	293	69	47
776	290	72	48
776	287	73	50
780	293	71	43
780	288	71	52
779	285	74	53
780	287	74	49
783	287	73	48
785	289	71	49
788	295	70	42
786	293	72	50
789	291	70	51
789	291	71	49
791	292	71	48
790	290	73	50
794	290	70	55
793	291	73	51
794	296	74	44
798	297	71	40
799	292	72	49
801	297	71	43
801	297	73	45
802	297	74	42
806	296	73	42
807	296	72	43
806	294	74	47
810	294	74	45
810	299	74	39
814	297	71	42
814	297	73	43
817	296	72	43
817	299	74	40
820	299	73	42
823	297	72	44
823	298	72	41
827	296	72	43
827	296	74	45
829	296	74	46
830	298	75	46
832	298	75	46
833	295	75	49
834	293	77	52
837	298	76	42
842	297	73	44
842	297	73	45
844	296	74	48
846	295	75	53
848	300	75	43
852	297	72	47
850	296	76	48
852	297	76	48
853	296	75	49
854	299	77	45
857	302	76	42
857	298	77	49
859	299	78	49
862	298	80	48
861	296	78	50
866	298	79	50
864	299	78	51
865	301	80	48
866	301	77	47
870	298	77	47
867	298	80	51
871	299	78	53
871	300	78	46
872	302	79	45
871	297	79	51
872	300	82	48
873	299	81	47
873	298	81	48
873	299	82	45
874	298	81	49
873	299	82	47
876	294	81	54
873	290	82	55
873	290	84	54
875	294	84	51
874	289	84	53
878	297	81	46
875	300	83	46
877	298	83	47
879	296	81	49
876	294	82	53
880	297	79	52
877	296	83	48
878	295	82	49
882	298	78	48
876	293	84	54
881	288	81	58
878	287	83	62
876	287	82	60
879	286	83	60
883	295	77	53
879	294	81	57
878	294	83	56
881	292	81	56
879	291	81	55
879	289	82	59
877	293	84	55
879	292	81	57
878	288	84	60
876	297	84	49
877	298	84	49
879	295	83	54
879	295	83	59
879	294	84	56
878	300	84	48
879	299	83	50
877	295	85	54
878	297	87	53
876	299	87	51
877	297	85	54
877	296	85	57
877	297	85	53
879	291	84	58
875	297	85	51
877	291	85	59
873	288	88	62
874	290	87	59
876	286	85	60
874	287	88	60
874	294	86	53
874	292	86	61
872	288	88	61
873	288	88	64
870	292	90	56
873	291	89	60
870	300	89	50
870	296	85	55
871	293	88	56
868	302	92	53
867	302	90	47
868	301	89	48
865	299	91	49
866	294	92	63
867	288	88	67
866	291	87	60
865	297	90	53
865	299	88	52
865	301	90	49
863	301	95	54
863	302	90	48
863	300	92	50
862	303	90	49
862	303	88	51
860	301	89	57
862	301	93	59
859	296	90	60
861	302	88	50
859	302	93	49
857	302	91	59
858	303	90	52
857	304	89	51
855	304	92	49
858	304	89	48
857	306	89	45
854	302	94	51
852	305	94	49
856	304	89	52
854	304	88	51
853	306	90	47
850	306	93	52
850	306	93	49
851	306	90	51
849	301	90	55
850	305	90	54
846	308	91	49
845	304	93	54
843	305	95	54
843	304	95	58
841	304	95	56
842	307	92	49
840	308	94	47
841	309	92	47
840	308	94	49
839	310	93	49
838	309	94	50
836	307	92	52
837	306	92	52
834	304	95	57
834	307	95	57
835	305	95	57
831	307	96	52
832	308	93	54
831	309	93	54
832	306	91	57
833	305	93	53
829	306	93	58
827	309	93	55
827	307	95	60
827	309	92	57
825	310	93	49
824	309	95	50
825	310	93	54
821	309	96	50
821	309	95	52
819	310	96	51
817	309	97	54
818	307	97	57
815	310	98	56
817	312	93	49
818	313	94	46
814	314	95	50
812	315	96	44
815	311	91	53
811	310	97	54
811	312	94	51
808	312	99	49
806	312	98	53
807	311	96	52
804	310	101	52
806	307	96	66
807	310	94	57
804	312	97	61
807	312	93	53
804	314	97	49
803	312	97	51
803	314	95	49
803	314	97	48
803	315	96	49
805	314	94	51
801	314	101	51
804	314	97	52
803	314	98	51
802	317	97	50
801	314	99	52
807	313	93	54
803	315	97	53
804	317	97	54
805	315	97	55
802	315	101	56
806	317	99	50
804	317	102	49
803	315	105	52
807	313	100	54
809	314	100	58
806	313	101	63
808	315	104	57
812	316	98	54
814	314	98	53
814	315	98	53
811	315	102	53
816	315	99	56
815	315	101	55
817	316	102	55
815	313	105	62
819	313	103	65
820	311	104	65
822	313	102	67
824	313	103	63
824	312	105	61
827	313	102	58
829	314	102	56
827	314	105	56
832	314	103	56
830	313	108	68
832	313	109	73
834	310	110	71
834	314	110	79
837	312	109	68
841	311	107	72
841	314	109	74
840	314	111	75
841	312	112	71
844	315	113	65
845	314	111	64
847	315	111	66
850	315	111	64
850	316	112	62
850	319	113	65
853	314	112	64
853	316	114	65
857	316	112	65
856	315	115	71
857	318	114	64
857	319	115	64
858	319	116	67
862	317	114	68
863	319	113	66
867	315	110	68
866	318	115	63
865	319	119	63
869	319	114	64
871	316	115	67
869	318	120	68
871	317	117	68
874	316	118	65
880	317	113	63
876	319	115	62
876	316	115	65
880	320	114	67
879	319	117	71
886	319	113	72
881	317	118	80
880	321	122	72
881	320	123	69
881	321	123	77
883	321	124	75
884	323	124	72
887	321	122	68
889	322	119	68
892	321	118	74
892	321	121	75
889	322	124	67
893	321	121	64
890	323	125	68
892	324	126	66
894	323	126	68
891	322	129	74
897	320	124	80
894	326	129	68
897	328	124	70
898	327	127	78
897	327	130	75
897	322	129	89
898	320	131	91
899	324	134	80
900	326	132	72
898	323	133	73
899	320	134	89
900	325	132	78
900	323	133	95
899	325	134	82
902	330	132	83
901	329	135	88
897	329	139	75
900	329	135	71
898	327	137	77
893	328	140	75
893	330	134	73
887	329	136	85
879	332	142	72
869	330	145	78
868	331	141	83
866	327	132	99
858	330	134	88
848	325	146	97
845	327	142	83
843	330	142	81
842	330	141	82
836	330	145	82
836	331	142	83
836	333	141	85
837	336	140	78
831	331	143	97
830	333	143	89
830	335	144	81
825	334	148	84
829	334	142	89
826	334	146	80
824	335	147	84
826	332	145	97
822	331	149	94
820	333	152	90
822	337	148	89
823	337	146	85
824	332	144	93
818	336	150	88
822	339	147	93
815	339	152	87
816	341	152	83
813	342	153	80
815	339	151	91
816	336	150	95
813	339	152	96
814	334	150	117
810	337	148	94
807	335	155	110
805	332	155	101
804	336	154	107
802	333	158	97
802	333	154	100
799	333	154	104
798	334	153	102
792	338	160	99
794	338	155	106
791	333	159	107
791	336	155	106
789	340	157	104
792	337	157	104
786	338	159	103
784	340	158	111
782	339	162	110
778	343	165	101
782	344	158	102
780	346	163	96
783	342	157	106
776	345	162	105
774	342	168	116
773	349	170	103
774	345	170	117
770	344	172	127
771	350	172	119
774	352	167	112
774	352	167	125
769	349	172	116
770	350	173	113
775	354	169	112
772	352	172	136
772	352	176	128
772	354	182	129
772	358	186	129
772	353	188	142
776	360	186	137
779	360	179	144
778	364	186	137
779	367	177	137
779	366	183	127
779	364	178	131
780	365	181	131
780	366	186	133
780	368	180	133
778	368	188	135
778	364	183	131
775	364	189	128
776	360	189	141
776	361	184	139
780	361	184	132
780	361	179	131
777	361	185	129
778	354	183	135
777	352	182	134
775	351	186	131
774	345	184	143
776	344	176	141
776	343	180	143
776	340	173	151
773	333	181	148
767	336	181	143
767	330	181	148
767	327	176	145
762	329	187	149
766	328	172	141
761	328	177	147
761	327	175	137
758	324	182	150
756	325	176	147
757	325	177	147
758	330	166	132
754	329	175	136
750	327	180	150
753	328	172	146
755	328	168	140
753	330	171	142
752	330	167	140
748	326	174	147
748	332	170	142
747	328	173	143
742	332	172	143
745	332	165	139
742	333	175	143
743	335	161	140
743	336	172	147
736	335	173	141
736	335	170	152
739	338	163	138
735	339	172	142
732	338	173	147
736	335	161	146
731	340	167	149
733	339	163	154
729	339	167	138
727	341	166	141
726	339	168	143
724	341	165	139
725	341	167	139
721	341	167	148
722	340	167	142
720	342	164	147
717	346	166	137
719	344	164	141
719	342	161	142
713	345	164	137
711	341	172	146
713	340	161	136
713	344	160	136
713	338	167	140
715	344	152	136
709	347	168	135
704	346	165	140
707	347	170	136
707	354	157	130
712	353	162	131
704	356	156	129
704	357	165	126
702	358	163	125
698	351	162	128
703	349	159	132
701	350	157	130
700	349	160	129
698	347	161	131
700	344	160	133
696	344	160	130
697	346	153	129
697	347	162	125
693	347	158	127
692	348	162	125
692	347	154	128
687	348	157	124
691	348	160	123
688	347	150	122
685	347	159	120
682	347	151	120
680	348	161	117
676	347	159	119
680	343	155	121
677	342	145	123
676	343	149	120
673	339	148	126
670	341	146	121
673	342	146	118
670	343	140	119
664	342	151	118
661	342	143	120
663	342	146	116
659	344	145	114
653	342	144	115
653	343	145	114
648	343	144	115
648	341	141	116
648	339	142	116
642	341	138	115
641	342	137	112
638	343	139	110
632	340	140	113
630	342	139	110
625	343	137	108
627	338	139	113
624	340	132	113
619	341	139	112
616	340	138	110
615	341	131	107
611	343	135	106
607	343	134	105
603	342	132	106
602	343	129	103
595	341	136	103
593	340	131	104
592	339	129	101
587	339	127	98
584	336	125	102
580	335	121	103
575	333	122	104
571	335	120	100
572	336	121	100
563	332	129	106
558	334	129	102
566	336	123	98
565	335	120	98
561	336	122	97
561	333	124	103
564	335	121	97
563	337	121	96
564	336	122	97
559	335	124	97
561	335	127	97
565	336	116	96
564	336	118	94
564	336	118	96
569	335	115	95
565	335	118	95
564	335	116	95
564	337	118	93
563	337	119	92
567	336	117	93
565	337	114	94
566	335	121	92
566	335	114	92
571	336	116	90
569	336	114	90
571	337	119	88
571	335	113	90
571	334	119	92
584	335	114	89
589	333	115	89
588	331	113	91
594	333	116	89
594	334	116	86
599	332	116	89
605	334	107	86
605	334	111	84
602	333	111	86
607	332	113	85
605	330	109	88
604	332	115	81
607	331	109	85
604	332	112	84
607	331	111	84
606	333	108	83
607	332	109	83
607	330	109	84
606	330	107	83
604	333	111	79
605	335	110	81
604	335	111	83
606	336	107	80
604	336	106	84
604	339	110	82
604	339	107	83
599	339	112	82
604	342	107	81
602	342	106	84
604	343	106	84
603	344	101	83
601	347	106	80
601	348	107	79
599	350	105	78
598	349	108	81
599	350	110	79
601	354	103	77
603	353	101	78
602	356	103	78
603	359	102	74
595	358	110	79
599	359	108	79
599	358	104	80
600	362	103	77
602	360	101	81
598	364	102	78
599	364	103	79
602	365	101	80
599	367	103	78
599	367	102	79
604	369	96	77
600	370	103	80
600	369	99	80
603	372	98	78
599	372	101	82
604	374	96	79
601	375	99	81
605	377	99	79
604	378	95	78
603	380	98	77
600	379	102	80
604	379	98	80
604	383	97	78
603	384	100	78
600	386	103	79
602	385	101	80
605	389	97	75
602	388	100	79
601	388	101	79
606	388	96	78
608	392	93	72
607	393	93	75
605	394	96	75
604	396	97	72
606	395	94	74
608	395	94	77
604	398	95	74
606	399	97	74
606	401	93	73
603	403	98	72
604	403	95	73
606	405	93	73
604	404	94	75
605	407	94	73
603	407	97	75
606	408	91	73
605	409	95	76
604	409	96	77
606	413	91	73
604	410	93	75
603	412	94	74
604	412	95	76
605	414	92	77
605	413	90	77
602	415	94	78
602	417	92	80
601	418	94	77
604	420	91	75
602	422	94	74
603	422	91	73
604	424	87	76
603	424	90	77
603	427	90	76
601	430	92	75
601	430	92	74
601	432	95	77
600	434	93	74
598	435	94	75
600	436	92	75
602	438	89	72
602	437	91	77
602	439	89	75
605	442	85	72
601	442	91	75
597	444	94	75
599	447	91	76
598	447	92	77
601	450	88	74
601	452	87	74
598	452	90	76
598	452	89	76
596	455	92	75
596	456	91	76
599	458	85	76
598	460	88	75
595	461	91	74
598	464	89	70
596	465	87	73
592	467	92	72
594	468	91	72
592	470	91	72
594	472	89	70
593	472	89	74
593	475	86	73
591	477	90	71
590	477	91	74
590	480	85	73
586	481	92	72
589	484	86	70
586	484	90	73
588	487	84	71
585	489	89	72
584	490	89	74
583	492	88	71
583	493	87	72
582	495	88	74
582	497	89	74
581	496	91	78
581	501	87	71
579	501	90	74
577	504	90	74
575	506	92	72
577	507	91	73
576	510	89	72
574	510	90	73
572	512	93	73
571	513	93	75
569	515	94	76
570	518	90	70
568	518	94	75
570	520	91	75
569	522	88	73
568	524	90	72
570	526	87	72
569	529	87	71
566	529	88	73
563	533	93	71
565	534	86	73
564	536	88	73
562	537	88	73
562	538	90	74
559	541	93	73
560	541	91	74
558	543	94	77
