1003	865	156	212
999	865	173	212
999	863	166	216
1004	856	163	211
1001	861	159	217
992	857	178	213
995	860	172	215
999	858	161	215
1002	854	158	214
1003	860	156	213
1000	859	168	210
1000	859	162	212
1002	857	158	212
1006	860	152	202
999	858	160	208
997	852	163	210
995	857	166	202
998	852	160	204
998	850	159	200
1003	846	151	203
1010	839	140	212
1003	843	151	197
996	845	162	195
1000	840	148	198
1005	836	145	193
1004	841	145	187
1000	838	146	188
997	834	143	194
1000	838	148	178
1003	840	143	181
1002	836	133	178
1007	827	137	182
1007	829	132	181
1003	828	143	180
1003	829	138	179
1008	829	137	178
1012	830	129	177
1010	825	127	176
1009	829	132	173
1012	837	127	165
1004	834	133	165
1006	821	128	177
1011	829	133	165
1007	831	128	165
1010	838	127	150
1007	844	126	141
1006	850	128	129
1007	851	129	130
1003	857	131	118
1005	855	132	122
1002	866	136	108
1005	843	131	124
1008	852	127	113
1003	856	131	108
1002	828	134	131
1006	831	128	132
1006	827	127	131
1007	812	127	141
1003	786	136	165
999	784	139	172
999	779	139	175
1002	779	133	173
999	781	139	167
1006	780	124	169
1004	777	124	167
1008	770	126	174
1000	774	130	165
999	781	126	162
1005	778	129	158
1001	770	125	165
1005	776	125	158
1002	774	125	158
1001	772	124	164
1001	778	128	150
1000	769	126	160
1002	770	129	158
1002	766	126	158
1000	770	132	153
1000	767	121	149
1003	763	125	157
1002	764	117	153
1001	761	125	158
1003	766	118	152
1001	766	120	147
1003	760	116	155
1004	759	115	153
998	759	122	154
997	762	126	152
997	766	121	148
999	767	121	139
1000	762	116	144
999	769	125	139
995	764	125	143
996	759	125	145
994	756	127	153
991	762	130	149
997	756	120	147
996	757	123	151
997	763	119	142
996	758	120	142
995	755	122	149
995	751	119	149
996	750	122	155
996	747	120	152
991	756	124	147
994	746	122	152
997	751	122	149
997	735	117	159
997	743	115	155
991	740	126	155
992	733	122	160
990	732	128	162
993	728	120	167
991	739	120	157
992	747	117	142
995	735	113	155
988	738	125	149
985	738	127	157
983	728	132	162
983	742	125	152
983	739	130	147
984	748	128	139
985	742	133	138
984	757	127	129
982	749	131	132
984	748	130	130
982	745	127	136
983	733	130	144
985	732	129	150
984	743	127	139
984	752	126	123
983	747	126	126
986	736	127	139
978	733	133	143
979	748	129	131
975	738	143	144
980	746	129	129
982	749	123	123
979	752	127	122
978	755	132	119
975	754	130	116
978	753	129	116
977	749	132	120
975	764	132	113
977	767	125	106
977	782	125	86
976	775	130	87
978	776	125	87
974	766	130	99
976	752	122	117
975	740	123	131
977	748	129	129
976	756	131	116
975	750	135	123
972	746	132	136
975	738	126	134
973	742	126	132
972	743	127	128
970	744	129	127
968	743	134	130
969	741	132	130
970	744	134	131
969	741	131	130
974	738	122	141
974	741	120	138
971	736	124	141
971	740	125	142
969	737	128	135
966	741	134	136
968	740	129	133
968	740	131	137
971	739	126	134
970	739	131	136
967	742	130	132
969	739	125	132
973	740	121	132
972	737	123	136
974	739	119	136
973	735	117	134
973	736	117	136
972	740	126	131
974	741	120	136
975	736	115	139
973	741	114	132
973	736	115	138
973	739	116	132
973	735	114	135
974	737	114	134
973	735	111	143
973	736	114	136
973	742	116	133
973	739	114	133
973	745	115	131
972	739	119	140
972	741	118	142
973	741	113	142
972	748	116	136
970	747	118	141
970	747	117	147
974	751	119	147
973	752	117	150
971	752	126	152
973	757	124	153
969	761	125	150
970	764	124	148
971	770	124	146
968	770	125	150
971	773	124	149
972	776	121	150
970	777	125	148
973	778	120	159
973	780	118	159
973	784	121	158
975	787	120	157
973	790	122	154
972	795	119	153
973	796	119	155
975	796	115	156
975	798	117	159
972	800	124	159
975	799	119	160
976	805	120	159
976	806	121	162
977	805	119	159
976	805	122	161
975	803	124	168
975	806	121	166
976	806	124	161
978	808	116	162
981	806	113	162
977	806	117	168
978	805	117	169
977	809	114	171
983	808	111	164
983	809	108	168
980	810	112	162
979	811	116	168
981	812	109	168
984	812	111	166
986	812	105	175
984	816	111	170
984	817	109	161
982	817	114	171
983	821	113	161
985	825	117	157
986	824	113	162
986	828	120	156
987	829	116	154
988	831	116	158
988	830	118	160
990	830	113	154
991	833	112	154
990	833	113	157
994	834	107	155
993	836	114	155
996	837	112	157
998	836	105	154
998	837	110	157
994	840	113	155
997	835	112	165
998	837	108	164
997	839	113	163
999	837	107	166
1001	839	111	167
1004	841	105	165
998	844	112	163
1002	847	113	160
1003	848	108	159
1003	853	108	154
1005	853	113	158
1004	851	111	165
1004	855	115	160
1004	854	112	165
1008	853	110	168
1008	853	109	168
1007	854	113	169
1007	854	114	170
1004	851	119	178
1008	854	111	173
1007	859	117	174
1005	855	122	178
1008	853	116	185
1006	855	125	184
1006	855	128	182
1012	859	114	182
1009	856	125	194
1011	857	126	193
1007	861	133	192
1006	857	133	188
1004	854	134	197
1011	855	128	207
1010	856	134	201
1010	860	135	201
1013	872	138	189
1014	872	136	188
1013	872	139	194
1014	871	136	193
1011	874	142	196
1013	874	144	189
1011	879	138	189
1018	878	135	186
1014	875	136	186
1020	875	135	191
1015	876	131	184
1019	874	134	190
1022	872	125	191
1019	875	133	184
1015	874	142	187
1018	866	140	194
1019	867	135	193
1019	863	139	194
1023	862	131	192
1023	857	133	194
1024	857	126	182
1020	853	131	188
1018	851	140	197
1024	839	126	195
1023	840	126	189
1024	840	127	180
1023	835	125	190
1021	832	128	197
1021	828	128	206
1021	828	129	197
1022	827	124	195
1022	826	127	204
1019	828	129	189
1019	825	130	190
1020	822	127	205
1021	819	125	204
1019	821	128	193
1017	819	131	195
1020	818	128	195
1021	818	123	190
1020	816	127	191
1019	813	127	193
1018	812	126	198
1017	814	129	194
1017	814	126	195
1016	811	128	199
1018	811	126	194
1019	811	125	193
1017	811	128	192
1012	811	130	186
1020	809	124	190
1024	809	118	184
1019	809	121	178
1018	808	123	181
1016	810	125	178
1018	804	122	175
1023	806	119	183
1021	813	120	172
1019	810	124	178
1021	814	122	175
1017	816	127	169
1013	812	130	170
1015	813	127	167
1017	811	123	165
1020	810	118	164
1015	806	130	166
1013	801	127	166
1009	805	131	163
1008	798	134	162
1013	794	126	166
1015	796	129	163
1018	788	118	165
1019	790	121	163
1016	789	117	158
1019	782	118	158
1013	776	121	162
1017	780	118	157
1016	776	121	155
1015	772	121	153
1011	774	124	151
1013	767	122	154
1013	767	123	151
1010	767	124	154
1015	766	119	147
1014	765	120	148
1018	762	116	147
1015	760	117	151
1014	758	116	151
1015	760	118	145
1014	757	117	146
1014	758	118	147
1014	755	117	144
1013	755	121	144
1012	758	120	134
1014	756	117	139
1018	753	112	139
1010	755	119	137
1014	756	117	136
1017	753	113	136
1012	753	117	138
1015	752	113	138
1013	753	115	135
1014	754	114	130
1012	751	115	137
1014	753	114	135
1014	757	113	131
1013	754	112	133
1014	754	110	135
1013	753	114	133
1014	755	114	131
1012	754	115	132
1010	754	116	131
1010	755	118	134
1013	751	114	136
1014	753	110	138
1011	753	111	135
1013	752	112	135
1010	755	117	138
1011	755	115	138
1013	756	111	135
1010	758	117	132
1011	756	115	139
1010	754	117	141
1013	751	113	143
1011	755	116	138
1011	757	112	135
1012	757	112	133
1014	757	110	132
1011	754	112	137
1012	755	113	135
1011	755	115	136
1013	755	110	134
1011	760	115	129
1011	759	114	130
1013	756	114	134
1012	759	111	133
1012	755	113	135
1008	758	119	135
1009	758	115	132
1008	757	117	132
1006	761	120	130
1011	761	113	131
1014	757	111	135
1011	758	113	133
1006	761	120	131
1008	760	119	130
1010	760	115	132
1006	761	122	130
1008	762	119	130
1014	762	110	130
1007	765	120	130
1014	760	110	135
1008	762	117	133
1007	765	119	132
1008	763	117	131
1009	763	115	133
1012	762	110	137
1006	764	117	134
1013	763	110	135
1009	761	116	140
1018	759	104	151
1010	771	115	140
1013	766	115	140
1016	766	109	148
1011	773	113	136
1008	772	117	138
1011	773	113	140
1010	776	113	134
1006	773	120	134
1004	775	121	136
1010	778	115	128
1007	778	118	130
1005	773	114	134
1008	768	115	136
1004	773	115	133
1006	770	115	128
1010	772	106	130
1007	767	116	133
1011	763	107	126
1013	767	107	127
1014	756	109	136
1013	753	108	132
1009	758	111	130
1010	754	106	130
1007	754	112	127
1007	757	113	122
1014	754	104	121
1011	752	102	123
1011	752	107	121
1012	750	101	123
1013	748	105	124
1016	749	103	120
1017	751	100	118
1019	748	97	119
1015	749	100	122
1019	747	96	119
1014	749	104	117
1018	749	99	117
1017	746	99	117
1019	751	102	112
1017	743	101	118
1020	746	100	118
1018	743	100	117
1013	745	107	117
1016	746	104	115
1017	740	99	119
1012	742	107	120
1018	741	100	117
1015	740	106	122
1012	740	110	118
1013	735	110	122
1019	736	102	124
1018	738	104	120
1019	738	102	119
1017	736	103	123
1014	738	108	118
1019	740	101	117
1018	737	107	116
1014	735	105	122
1017	734	106	119
1013	735	109	121
1017	733	108	122
1014	738	105	116
1022	733	101	122
1017	738	102	118
1021	738	102	114
1017	738	103	116
1014	738	106	114
1024	733	96	120
1023	734	99	120
1026	734	95	118
1024	738	97	115
1024	740	99	112
1024	737	98	116
1022	739	98	113
1023	738	98	114
1024	742	98	111
1023	740	100	113
1021	738	102	115
1022	739	96	115
1025	740	96	114
1027	738	91	115
1025	742	98	113
1029	735	88	121
1028	738	92	118
1026	738	95	119
1027	743	93	113
1027	743	95	110
1027	741	98	113
1026	740	96	118
1025	740	97	113
1028	739	96	114
1027	739	95	116
1024	743	100	112
1026	740	99	120
1027	742	100	118
1028	740	98	124
1029	735	96	123
1029	743	95	115
1028	746	99	113
1028	739	98	124
1026	733	103	134
1025	742	96	116
1024	741	99	117
1023	742	102	111
1027	745	96	109
1021	747	105	110
1020	744	108	106
1024	742	102	110
1025	737	101	117
1026	741	104	112
1022	742	105	110
1023	738	103	112
1028	742	96	110
1030	740	94	110
1027	737	98	114
1026	735	99	115
1024	732	102	120
1026	737	101	115
1027	738	99	117
1028	732	98	120
1029	736	98	111
1026	730	106	120
1024	732	107	118
1024	732	109	116
1027	738	104	111
1027	731	103	115
1027	738	105	107
1029	741	102	102
1031	738	101	104
1024	736	106	105
1027	738	103	104
1028	740	101	104
1024	740	113	100
1026	740	107	101
1026	734	110	116
1024	737	112	107
1024	736	109	101
1024	738	109	109
1023	729	110	114
1022	729	113	113
1021	730	112	118
1022	731	112	110
1024	727	109	115
1025	734	107	107
1023	737	108	106
1025	726	104	115
1023	736	108	108
1023	731	107	113
1025	730	107	116
1025	732	109	118
1026	732	104	117
1025	737	105	108
1024	744	107	104
1022	743	110	104
1018	750	112	102
1021	738	109	110
1027	743	103	112
1023	746	106	104
1019	755	111	103
1021	743	111	110
1022	747	110	116
1020	742	113	118
1024	743	105	113
1022	745	107	116
1019	748	112	108
1020	751	110	104
1019	751	110	113
1022	750	107	118
1021	744	111	122
1023	751	107	126
1021	757	110	108
1020	762	113	102
1016	756	112	110
1014	758	115	108
1015	766	114	104
1017	774	114	93
1020	764	111	108
1017	780	112	92
1020	780	109	91
1019	801	110	73
1020	804	107	66
1021	805	107	63
1022	801	106	69
1023	802	105	72
1021	806	105	68
1021	801	108	79
1023	811	104	73
1022	817	107	57
1024	817	104	57
1024	820	104	58
1020	821	109	65
1019	820	110	64
1019	819	111	67
1021	819	109	73
1021	823	108	64
1023	824	107	66
1019	802	110	80
1021	799	105	88
1015	810	117	72
1019	818	108	64
1020	818	107	66
1021	820	106	60
1023	821	102	59
1024	823	102	62
1022	817	104	70
1021	817	107	69
1023	806	103	85
1021	813	108	79
1018	818	115	72
1019	818	110	70
1020	813	108	74
1022	807	105	80
1019	815	112	69
1021	815	105	68
1020	810	107	78
1019	810	108	73
1021	808	103	70
1022	804	102	73
1021	807	105	67
1020	804	106	69
1020	805	106	72
1021	798	104	66
1020	796	104	71
1022	796	102	66
1016	795	107	64
1020	796	101	65
1023	792	98	58
1018	790	103	67
1019	787	105	69
1018	782	103	79
1019	773	102	73
1019	778	102	66
1018	775	103	63
1022	770	98	74
1024	773	94	59
1019	771	99	62
1021	774	96	58
1021	772	96	58
1021	771	97	56
1021	768	98	58
1020	765	98	59
1018	767	100	56
1016	767	102	54
1021	765	100	54
1015	765	101	53
1019	763	98	56
1018	762	98	55
1016	760	106	56
1019	760	97	55
1016	762	104	50
1016	758	103	55
1016	757	99	53
1019	759	97	50
1015	753	99	58
1016	752	97	60
1016	750	100	55
1018	750	97	52
1019	750	95	47
1017	750	93	47
1018	749	92	47
1017	748	92	49
1021	748	90	48
1018	747	92	53
1021	746	90	49
1018	744	94	53
1015	741	98	57
1015	744	96	54
1015	742	96	51
1016	741	94	54
1018	740	92	56
1018	741	92	49
1020	739	89	51
1021	734	86	55
1021	731	86	55
1021	730	86	57
1021	730	86	56
1021	731	86	69
1018	695	86	87
1015	693	86	106
1012	691	95	109
1010	690	97	111
1009	690	101	106
1008	690	114	104
1009	688	104	107
1009	688	101	106
1014	683	88	112
1015	684	89	104
1016	680	87	106
1012	680	89	101
1014	677	88	107
1014	675	86	107
1013	675	87	105
1013	674	88	107
1011	675	90	104
1012	673	86	104
1009	671	91	104
1014	670	87	105
1012	670	88	102
1013	670	89	104
1011	668	88	102
1014	667	86	102
1013	667	86	102
1012	668	90	100
1011	665	89	101
1012	665	88	100
1012	662	89	102
1012	664	90	98
1011	663	90	98
1012	661	91	99
1013	661	89	99
1013	661	89	99
1013	658	87	97
1016	657	85	98
1012	658	89	96
1012	658	88	96
1015	657	87	95
1015	654	82	98
1016	655	84	96
1010	655	88	93
1012	654	88	94
1013	651	86	95
1010	651	90	94
1010	650	89	94
1013	645	86	95
1016	645	82	95
1010	646	89	93
1013	643	87	94
1013	643	85	93
1014	641	84	93
1014	643	82	90
1016	642	81	90
1014	639	83	91
1012	638	85	90
1016	638	80	89
1016	637	79	88
1016	635	79	89
1014	635	80	87
1015	634	80	87
1012	632	82	87
1015	631	79	87
1017	628	76	89
1017	628	80	90
1021	626	73	85
1019	626	76	89
1023	627	71	88
1020	626	75	86
1020	627	77	84
1017	627	80	84
1017	626	80	82
1017	626	76	82
1018	624	76	82
1016	623	79	82
1017	622	78	82
1013	622	82	79
1016	617	76	83
1015	617	78	79
1018	617	76	79
1018	615	76	79
1016	614	76	78
1021	611	72	78
1020	610	72	80
1022	604	71	84
1020	601	71	80
1022	601	69	87
1018	595	72	85
1016	596	76	77
1012	594	76	77
1016	593	70	76
1020	592	66	75
1019	590	65	77
1015	592	71	73
1017	591	71	73
1014	589	72	74
1018	590	70	74
1018	590	68	72
1020	587	67	74
1019	588	67	74
1018	589	67	74
1020	587	68	73
1015	588	71	72
1018	587	70	72
1017	587	69	71
1019	586	67	72
1017	588	70	70
1020	585	67	72
1021	586	65	71
1020	585	66	73
1019	587	66	69
1022	586	65	70
1021	586	64	68
1020	583	66	70
1019	583	68	70
1022	582	66	68
1019	581	65	73
1020	576	66	71
1017	577	65	69
1020	576	66	68
1022	571	62	70
1020	575	62	66
1019	574	66	66
1017	573	67	67
1017	573	67	66
1022	572	61	66
1019	571	63	67
1020	571	63	67
1016	571	66	67
1017	571	66	66
1016	570	66	65
1019	570	63	65
1021	572	63	68
1020	571	63	65
1018	572	62	66
1019	570	64	65
1019	571	62	64
1016	569	64	67
1018	569	64	63
1020	569	63	63
1018	568	62	65
1019	568	62	63
1017	569	64	63
1017	567	65	64
1018	566	64	65
1021	566	58	63
1017	566	63	65
1017	568	66	61
1017	566	63	64
1016	566	66	64
1018	566	66	64
1015	567	65	65
1017	566	63	64
1017	568	63	63
1015	567	67	62
1014	567	67	64
1017	566	65	65
1016	568	66	63
1017	568	64	62
1017	568	64	62
1018	568	62	63
1018	568	63	63
1018	567	64	64
1016	568	66	63
1018	569	63	61
1019	569	62	61
1017	570	64	62
1016	569	66	62
1014	570	69	63
1017	571	66	61
1019	571	63	62
1019	570	66	62
1017	571	64	62
1016	573	68	61
1015	573	69	61
1014	573	70	61
1017	573	68	62
1013	574	72	60
1015	573	71	63
1015	573	69	64
1018	573	69	64
1016	573	69	64
1020	574	64	64
1019	574	66	63
1021	574	65	62
1025	573	61	64
1024	573	60	66
1024	575	63	61
1023	576	61	64
1022	575	64	62
1022	576	66	63
1022	577	65	63
1021	578	67	62
1020	579	69	60
1022	578	68	62
1020	579	69	62
1020	578	71	64
1022	579	68	70
1024	580	68	70
1025	591	68	64
1024	596	73	63
1024	590	71	66
1027	590	70	64
1030	592	65	66
1030	592	65	63
1028	593	68	61
1029	592	68	64
1030	593	68	64
1031	593	67	63
1032	594	68	62
1030	592	68	65
1032	592	67	62
1030	591	67	64
1027	589	73	65
1028	590	71	63
1027	590	70	62
1024	591	75	63
1026	589	72	63
1024	587	76	66
1026	584	71	70
1025	583	72	70
1027	592	70	60
1024	585	76	63
1025	592	72	52
1027	592	72	50
1028	583	69	59
1027	580	68	62
1026	577	68	64
1028	575	68	65
1028	577	67	62
1027	578	70	61
1028	577	68	61
1027	578	67	59
1025	578	69	60
1025	577	68	63
1026	576	69	64
1023	578	72	62
1022	578	72	62
1021	581	74	59
1022	579	73	61
1024	579	69	62
1022	578	72	63
1022	579	73	63
1025	581	69	58
1023	580	72	63
1024	583	69	58
1024	583	70	58
1025	582	69	60
1024	583	69	59
1025	582	68	60
1024	583	70	60
1023	587	70	55
1023	583	71	60
1025	583	69	61
1022	583	73	61
1017	583	78	61
1021	582	73	62
1022	584	70	60
1021	584	72	63
1020	585	75	61
1019	584	77	63
1023	589	70	57
1024	588	70	59
1021	586	75	61
1022	591	75	59
1023	589	73	59
1021	588	74	61
1020	589	75	60
1021	588	77	61
1022	587	74	63
1023	588	74	61
1025	587	75	65
1023	588	76	65
1021	588	77	64
1022	592	76	60
1024	591	74	62
1021	589	80	63
1019	592	83	61
1020	591	79	62
1019	590	80	63
1020	591	79	62
1021	595	78	61
1021	595	80	60
1022	604	78	50
1025	608	74	49
1026	614	73	42
1026	611	76	47
1027	610	74	46
1026	604	73	53
1026	598	76	61
1022	598	81	61
1023	604	79	58
1019	600	84	64
1015	602	90	65
1021	606	81	60
1021	603	80	65
1021	602	83	66
1021	607	81	62
1018	606	85	64
1021	611	80	63
1019	608	84	67
1018	606	82	66
1016	608	86	69
1020	611	80	68
1022	613	78	64
1023	612	77	65
1024	610	79	70
1021	611	80	72
1018	614	86	67
1020	617	82	68
1019	614	83	71
1021	614	80	70
1019	616	84	71
1020	616	82	73
1020	618	81	73
1020	625	79	68
1020	623	81	69
1018	620	86	73
1020	625	80	70
1013	625	90	71
1013	625	89	72
1008	625	98	72
1017	625	83	78
1019	625	81	77
1017	625	85	78
1016	630	84	74
1014	630	91	75
1016	632	82	76
1016	635	82	73
1018	635	81	74
1016	633	84	74
1013	634	88	77
1012	635	87	81
1011	638	87	77
1007	635	94	85
1003	638	93	84
996	639	102	86
1006	641	92	82
1001	642	98	83
1000	643	101	82
999	643	100	83
999	644	103	83
1006	654	90	73
1003	651	92	81
1002	654	92	78
1001	651	96	86
1003	651	91	88
1000	654	91	84
999	659	98	81
1003	658	93	86
1001	669	95	77
1004	686	88	66
1005	689	86	66
1006	694	85	64
1006	700	83	60
1006	704	82	53
1006	709	83	46
1004	711	86	48
1005	712	82	51
1002	715	83	50
1002	716	87	53
999	690	91	73
1001	701	86	65
1000	687	89	80
991	685	98	85
989	682	99	83
988	683	101	93
993	686	97	85
989	681	97	89
994	682	97	89
988	674	101	97
991	668	103	108
985	674	105	103
984	668	106	103
979	675	111	96
979	667	115	106
974	673	118	94
980	672	106	97
981	667	104	101
980	667	105	101
979	666	104	102
986	659	103	110
986	667	100	100
986	660	96	100
987	664	97	90
981	658	104	101
983	660	100	92
983	656	100	95
989	657	93	93
986	661	94	92
984	673	96	80
986	683	92	71
986	690	90	63
984	660	92	81
984	657	89	87
983	655	90	85
978	658	100	91
977	658	97	86
969	659	108	82
984	677	96	65
984	684	90	57
985	686	90	51
987	685	89	56
988	687	86	53
989	684	85	55
987	685	87	55
988	685	86	56
983	684	91	55
987	684	90	53
987	686	89	51
987	686	89	50
989	688	86	50
992	689	86	54
994	684	89	56
1003	687	84	53
1007	688	88	50
1017	688	89	51
1026	687	88	50
1038	689	86	48
1057	689	80	48
1070	690	80	51
1086	689	80	49
1095	688	84	50
1110	691	86	45
1126	693	83	45
1139	694	82	44
1151	693	83	46
1159	694	89	47
1165	692	87	52
1170	692	90	55
1178	695	87	42
1185	693	83	48
1188	693	83	49
1190	695	86	45
1192	695	86	43
1192	694	84	45
1191	693	87	44
1186	690	88	51
1189	690	89	50
1187	688	84	52
1187	687	84	55
1186	687	78	55
1186	681	83	55
1185	683	84	53
1184	682	82	56
1182	681	85	53
1182	680	84	54
1182	681	84	53
1183	682	83	48
1181	680	84	50
1182	682	81	54
1181	682	81	56
1181	685	75	51
1181	677	82	60
1181	679	79	56
1183	680	77	58
1184	684	70	48
1182	678	78	57
1181	678	81	60
1179	682	82	54
1180	678	82	56
1179	674	83	59
1173	665	88	65
1168	653	90	80
1171	657	89	71
1182	673	81	58
1183	677	78	52
1188	675	76	57
1188	678	77	50
1187	679	76	53
1192	684	75	50
1187	685	76	51
1187	686	77	49
1188	686	75	48
1186	688	76	48
1188	685	75	49
1187	685	75	52
1188	682	64	54
1189	684	63	50
1187	682	61	45
1187	679	68	54
1186	671	73	58
1188	674	76	52
1187	676	78	51
1187	673	77	56
1191	669	75	57
1190	671	83	54
1197	669	78	51
1191	668	86	62
1196	668	81	58
1200	669	78	52
1206	668	74	52
1205	668	74	53
1207	669	74	53
1206	668	74	56
1203	667	69	57
1206	670	69	49
1204	668	71	51
1207	663	71	53
1205	664	70	55
1204	666	59	47
1204	665	61	49
1200	659	70	58
1201	661	72	58
1197	663	71	56
1197	661	68	54
1196	662	73	55
1197	657	74	52
1200	658	72	49
1198	659	68	48
1197	660	69	49
1200	657	65	52
1198	658	63	50
1196	658	67	50
1197	658	62	48
1197	657	63	51
1195	660	61	46
1193	658	63	50
1196	660	60	46
1193	657	59	46
1188	655	67	57
1191	654	63	51
1186	653	67	46
1183	652	68	49
1187	654	61	48
1185	654	60	50
1184	649	63	54
1186	650	59	48
1183	647	64	57
1182	644	63	61
1182	644	61	61
1179	646	65	58
1183	644	59	57
1180	643	60	59
1180	644	58	60
1181	645	55	59
1180	645	58	57
1179	644	56	60
1177	643	58	61
1178	644	56	53
1177	646	54	53
1174	645	55	55
1173	646	58	55
1176	646	53	53
1173	646	56	55
1174	644	58	55
1167	642	62	60
1168	642	61	59
1170	646	59	49
1170	646	56	47
1166	644	60	55
1166	645	61	53
1164	645	63	54
1164	648	59	53
1161	645	62	57
1163	644	60	57
1161	646	58	55
1163	645	54	56
1161	647	55	55
1158	646	58	57
1156	643	59	59
1154	642	62	59
1154	644	60	56
1156	646	57	53
1154	647	58	55
1156	646	55	52
1153	648	57	55
1152	648	58	58
1152	650	56	50
1151	650	57	55
1150	650	56	54
1147	651	57	50
1151	651	52	55
1150	653	53	53
1148	651	53	55
1147	652	53	54
1146	654	53	52
1147	655	52	56
1144	653	55	58
1145	653	53	59
1141	653	57	57
1135	655	61	52
1136	652	60	62
1139	655	57	54
1137	656	57	54
1133	656	59	59
1134	655	60	50
1132	658	58	54
1136	657	54	53
1135	657	54	56
1135	658	52	58
1135	657	52	61
1134	659	53	61
1131	658	55	60
1130	658	55	61
1132	661	51	61
1131	665	52	58
1129	666	52	55
1125	665	55	63
1126	664	53	61
1123	665	56	52
1124	667	54	55
1125	668	51	58
1126	671	50	51
1120	672	57	54
1123	672	50	57
1119	673	54	59
1121	672	51	55
1120	675	51	53
1120	675	49	55
1118	676	50	53
1118	674	48	60
1119	676	48	60
1114	676	52	65
1111	674	54	67
1113	674	49	69
1112	682	50	63
1110	684	52	63
1111	687	49	57
1106	686	53	63
1106	686	54	61
1104	686	53	64
1106	687	51	67
1109	689	44	63
1111	693	38	56
1113	692	38	59
1114	698	32	56
1114	702	36	53
1112	707	34	55
1108	704	42	58
1107	703	44	64
1102	707	44	66
1113	704	36	76
1113	704	36	76
1102	711	33	69
1099	711	35	61
1101	724	29	57
1099	724	32	53
1101	725	31	47
1096	720	33	48
1093	716	35	53
1090	717	42	51
1085	718	46	55
1085	718	46	55
1085	718	46	55
1085	718	46	55
1085	718	46	55
1085	718	46	55
1085	718	46	55
1085	718	46	55
1085	718	46	55
1085	718	46	55
1085	718	46	55
1085	718	46	55
1078	704	37	50
1071	712	34	41
1071	715	31	38
1070	715	33	31
1070	715	33	31
1070	715	33	31
1070	715	33	31
1070	714	28	34
1070	716	28	28
1072	703	27	33
1072	703	27	33
1072	703	27	33
1055	719	27	34
1052	716	33	34
1060	718	28	35
1054	718	29	39
1054	719	28	36
1054	723	24	40
1058	718	27	43
1061	718	21	41
1052	723	29	43
1050	722	27	46
1052	726	28	47
1049	726	36	47
1041	792	33	55
1055	707	30	50
1056	713	33	42
1054	716	36	34
1054	718	33	27
1063	716	27	32
1063	716	27	32
1063	716	27	32
1063	716	27	32
1063	716	27	32
1063	716	27	32
1063	716	27	32
1063	716	27	32
1063	716	27	32
1063	716	27	32
1063	716	27	32
1063	716	27	32
1063	716	27	32
1063	716	27	32
1063	716	27	32
1063	716	27	32
1063	716	27	32
1063	716	27	32
1063	716	27	32
1063	716	27	32
1063	716	27	32
1058	728	25	26
1056	726	23	28
1055	727	24	28
1055	727	22	27
1036	778	19	23
1085	796	15	24
1085	796	15	24
1042	776	13	26
1042	776	13	26
1042	776	13	26
1042	775	15	26
1043	777	14	25
1043	777	14	25
1043	777	14	25
1030	782	16	27
1031	791	19	28
1029	787	21	30
1028	783	20	35
1025	783	25	35
1021	733	25	36
1022	733	25	31
1020	733	30	25
1019	734	33	25
1022	734	31	26
1021	788	31	33
1022	785	34	32
1021	784	37	35
1005	727	33	33
1005	725	28	35
1004	727	28	37
1004	727	29	34
1005	727	25	30
1002	726	28	34
1003	726	27	36
1004	729	22	31
1009	782	27	32
1004	783	33	35
1005	723	30	39
1000	723	26	40
1000	723	26	40
1051	773	22	45
1053	776	19	46
1052	780	22	44
983	730	22	45
979	723	29	45
978	726	27	41
973	728	31	44
973	728	28	44
973	733	29	42
973	731	33	41
970	731	30	42
971	732	26	39
966	733	29	40
964	733	29	37
960	735	34	36
958	736	41	38
959	743	37	40
965	718	31	46
960	724	33	49
960	724	33	49
960	724	33	49
944	748	34	41
940	743	36	46
936	742	42	45
936	743	38	52
935	740	41	50
932	739	39	51
926	740	47	62
926	743	45	52
926	744	42	52
926	747	39	59
924	748	43	53
924	749	38	50
924	755	35	47
924	757	25	43
932	812	33	40
933	741	34	44
922	749	36	50
925	751	31	50
926	753	24	47
916	750	34	45
911	766	34	42
912	753	34	49
912	750	37	58
917	750	34	60
922	748	32	55
922	748	32	55
911	749	23	58
911	749	23	58
911	749	23	58
911	749	23	58
911	749	23	58
929	783	31	53
929	783	31	53
938	812	25	48
932	814	25	40
877	786	20	40
877	786	20	40
938	813	24	43
927	823	32	44
926	823	36	51
927	820	35	56
927	821	36	59
927	817	36	64
930	819	33	68
931	829	29	61
935	832	25	53
930	827	30	47
930	827	30	47
930	827	30	47
930	827	30	47
858	880	29	47
858	880	29	47
858	880	29	47
858	880	29	47
858	880	29	47
858	880	29	47
858	880	29	47
858	880	29	47
858	880	29	47
858	880	29	47
858	880	29	47
858	880	29	47
858	880	29	47
858	880	29	47
858	880	29	47
858	880	29	47
858	880	29	47
858	880	29	47
858	880	29	47
858	880	29	47
858	880	29	47
858	880	29	47
858	880	29	47
858	880	29	47
858	880	29	47
858	880	29	47
858	880	29	47
858	880	29	47
858	880	29	47
858	880	29	47
858	880	29	47
858	880	29	47
858	880	29	47
858	880	29	47
858	880	29	47
858	880	29	47
858	880	29	47
858	880	29	47
858	880	29	47
858	880	29	47
858	880	29	47
858	880	29	47
858	880	29	47
858	880	29	47
858	880	29	47
858	880	29	47
858	880	29	47
858	880	29	47
858	880	29	47
857	826	29	45
857	826	29	45
857	826	29	45
857	826	29	45
777	780	23	43
786	776	30	40
786	776	30	40
786	776	30	40
786	776	30	40
786	776	30	40
712	761	27	36
749	755	22	35
769	754	30	34
769	754	30	34
769	754	30	34
769	754	30	34
811	807	35	35
811	807	35	35
811	807	35	35
811	807	35	35
811	807	35	35
811	807	35	35
811	807	35	35
798	748	34	38
798	748	34	38
798	748	34	38
798	748	34	38
798	748	34	38
798	748	34	38
830	707	34	44
830	707	34	44
830	707	34	44
830	707	34	44
830	707	34	44
830	707	34	44
830	707	34	44
830	707	34	44
830	707	34	44
830	707	34	44
830	707	34	44
830	707	34	44
830	707	34	44
830	707	34	44
830	707	34	44
830	707	34	44
830	707	34	44
830	707	34	44
830	707	34	44
830	707	34	44
830	707	34	44
830	707	34	44
830	707	34	44
830	707	34	44
830	707	34	44
830	707	34	44
830	707	34	44
830	707	34	44
830	707	34	44
830	707	34	44
830	707	34	44
830	707	34	44
873	739	26	46
873	739	26	46
873	739	26	46
873	739	26	46
873	739	26	46
873	739	26	46
873	739	26	46
873	739	26	46
873	739	26	46
873	739	26	46
873	739	26	46
873	739	26	46
873	739	26	46
873	739	26	46
873	739	26	46
873	739	26	46
873	739	26	46
873	739	26	46
873	739	26	46
873	739	26	46
873	739	26	46
873	739	26	46
873	739	26	46
909	681	31	49
909	681	31	49
909	681	31	49
909	681	31	49
954	728	36	45
954	728	36	45
954	728	36	45
958	730	41	37
954	735	35	37
955	741	33	35
941	741	38	35
954	742	31	33
952	746	29	30
950	750	29	29
951	745	28	31
952	750	23	25
955	747	19	29
951	749	19	33
956	749	19	38
953	749	19	41
950	757	18	36
951	757	23	37
943	758	24	42
945	761	22	37
944	764	22	39
942	765	23	40
940	767	23	37
942	766	19	32
944	766	17	27
938	767	22	25
940	769	21	21
934	767	24	23
935	767	19	25
935	767	17	22
934	767	20	22
928	767	18	18
928	766	20	19
929	765	23	21
922	761	23	24
924	759	21	26
920	760	23	26
919	752	25	32
920	752	25	34
911	749	28	37
910	750	26	29
909	748	28	29
908	750	28	26
907	751	23	24
906	751	23	23
909	751	20	22
911	750	19	26
905	750	16	26
907	750	20	23
902	755	19	29
901	754	21	31
902	754	14	27
902	758	10	25
903	761	9	22
901	763	10	20
899	767	11	18
899	767	10	17
897	771	13	17
894	770	15	17
888	775	17	16
890	777	14	15
888	779	15	15
888	782	13	15
884	784	14	18
885	786	10	17
884	787	11	16
879	790	14	17
879	792	14	17
878	795	11	20
878	798	10	18
876	800	11	20
872	802	13	17
871	799	13	20
870	807	9	20
869	810	10	20
864	814	13	18
864	816	12	17
863	819	9	17
862	823	8	16
860	825	10	16
857	828	10	13
856	831	8	15
854	834	9	14
851	836	10	14
850	839	13	16
847	841	12	16
846	844	10	19
844	847	10	17
839	849	12	16
839	849	16	20
832	853	17	18
831	855	17	18
832	857	15	15
830	858	16	16
830	860	14	16
828	862	12	17
825	863	13	18
823	863	16	18
822	865	11	18
821	865	10	17
818	868	10	16
816	870	14	16
813	871	12	20
813	871	9	19
811	872	11	20
808	873	9	20
807	875	9	20
803	878	11	17
800	878	13	18
798	879	10	17
798	880	9	18
794	880	10	17
792	883	13	16
791	886	11	16
789	888	10	16
786	890	8	15
784	892	8	12
782	893	9	12
778	895	11	11
776	897	11	15
774	898	9	15
772	900	10	13
769	903	9	12
767	904	8	14
764	906	10	15
761	907	12	15
758	909	10	18
755	911	12	17
754	910	14	18
751	915	10	16
748	918	11	16
745	919	11	18
742	921	11	16
738	923	14	18
736	924	16	18
733	927	13	17
731	928	15	16
727	931	17	15
722	934	16	20
721	932	16	22
717	938	14	26
718	929	18	27
712	941	22	31
706	945	20	36
707	946	18	36
702	951	18	31
702	954	16	25
694	958	18	24
695	958	20	21
688	962	19	22
687	960	18	23
686	965	17	19
681	965	20	20
681	966	20	19
678	966	19	21
674	968	14	19
675	969	13	16
673	968	15	18
671	967	17	16
667	969	14	15
666	968	14	16
664	967	15	17
662	966	16	18
660	964	14	20
659	960	13	20
656	961	16	23
656	959	14	24
654	956	12	27
654	956	10	27
652	953	12	30
651	949	14	33
649	950	15	30
648	950	15	27
646	952	13	26
646	951	11	27
645	951	13	26
643	950	17	26
639	950	17	22
638	951	17	18
638	953	14	17
637	952	12	17
635	951	13	17
634	953	14	17
631	954	14	15
631	954	10	15
631	954	9	14
630	955	10	16
629	955	12	13
627	957	13	12
626	957	14	14
624	955	15	17
623	957	15	15
620	957	14	18
619	956	14	21
617	955	15	25
616	953	16	28
614	955	19	32
613	955	15	30
607	959	18	31
606	961	18	28
607	963	12	24
607	965	11	21
606	965	10	19
604	961	11	23
604	956	14	27
600	957	17	27
597	955	16	28
597	952	19	32
595	952	19	33
595	952	13	32
593	953	15	30
590	951	17	29
589	949	20	27
592	951	19	25
588	951	18	28
589	950	18	25
584	951	18	23
582	951	19	23
582	951	19	19
582	952	17	20
580	951	12	21
580	951	12	24
577	951	16	25
575	954	18	29
574	950	17	29
574	951	17	26
569	955	14	23
572	953	18	25
568	957	21	24
562	959	19	19
561	958	21	18
561	955	22	20
562	954	17	20
560	951	16	23
557	951	19	25
557	951	20	23
557	950	20	24
559	951	18	20
558	948	17	19
555	948	20	22
557	947	21	24
555	945	22	25
550	943	26	26
547	942	31	28
549	940	25	36
550	939	22	36
549	942	22	34
549	938	20	31
549	936	25	34
543	936	26	30
543	937	27	26
544	938	24	21
543	934	22	25
542	934	24	27
544	935	18	23
542	934	18	22
543	933	18	20
542	932	18	19
543	931	18	20
543	929	17	22
543	928	18	23
543	926	18	19
537	928	22	18
540	926	19	18
540	925	19	21
541	924	20	21
539	923	22	25
530	920	23	31
532	919	24	33
526	920	29	31
526	918	30	33
528	909	28	41
528	912	24	39
529	913	20	42
530	911	21	38
533	904	17	35
530	907	19	32
528	908	19	28
528	911	16	23
526	911	19	17
527	909	19	18
526	908	21	19
525	905	19	21
527	903	16	20
526	903	16	19
526	904	16	17
521	902	15	17
526	901	14	18
524	900	13	16
524	900	14	13
523	897	16	15
520	896	17	17
520	895	15	18
519	894	18	19
514	894	22	23
514	892	21	28
517	891	18	30
518	889	18	26
518	890	13	21
516	889	12	17
514	890	13	15
515	888	13	15
512	888	16	15
511	887	18	17
510	887	19	17
509	886	19	20
512	879	18	20
511	879	16	20
511	881	17	17
509	882	15	15
510	879	16	17
508	879	17	15
507	877	20	17
508	876	21	14
505	875	21	17
507	873	23	19
503	872	22	17
503	872	18	16
502	873	16	16
503	871	17	17
505	870	20	18
501	869	19	20
499	867	19	20
494	865	21	23
496	863	21	21
496	864	19	21
494	863	22	25
493	862	18	28
494	858	22	23
493	858	20	22
494	856	20	23
492	858	21	22
495	857	18	18
488	857	16	19
493	857	20	20
489	854	19	21
491	852	21	20
487	849	19	22
488	847	19	23
486	847	21	23
484	847	19	20
486	848	19	18
486	848	16	18
487	848	14	16
486	847	15	18
485	846	15	17
482	846	16	17
482	846	14	14
480	845	15	14
481	844	13	14
481	844	14	13
480	841	16	14
479	839	18	16
478	837	17	20
478	838	16	17
477	836	17	20
477	833	20	19
470	830	24	23
470	830	25	24
472	828	22	21
472	829	24	19
472	831	24	21
470	827	20	23
470	826	13	24
471	828	15	21
470	828	12	21
471	829	14	19
470	831	13	17
470	830	16	15
468	831	12	13
469	827	14	13
466	830	13	10
465	828	14	11
464	827	16	12
463	823	17	14
464	822	16	15
463	820	16	18
463	818	17	20
462	818	14	21
461	816	12	16
461	817	11	14
461	816	11	15
459	817	11	15
459	813	13	17
454	816	17	18
454	814	17	19
454	814	17	17
455	814	19	16
450	812	19	20
452	814	17	16
453	812	13	17
452	811	13	19
450	811	14	15
449	811	17	14
447	812	17	18
447	806	16	17
446	809	19	17
444	806	19	17
443	807	20	17
443	809	20	15
439	811	21	15
438	810	17	15
440	808	17	15
439	810	14	14
440	808	17	18
438	806	15	18
438	806	15	18
438	806	15	18
436	816	14	18
436	816	14	18
435	819	17	21
434	814	18	19
431	814	20	20
433	815	17	16
431	817	18	15
429	814	17	17
430	815	19	16
428	815	21	17
427	812	20	18
425	810	21	19
425	810	24	19
424	808	22	21
422	810	19	18
425	806	23	23
420	805	26	25
478	848	26	32
532	829	27	34
530	827	30	36
530	825	30	40
529	823	28	42
529	824	28	40
529	823	27	37
474	838	34	42
471	837	39	41
467	834	43	45
467	832	42	45
466	830	41	45
465	829	42	46
465	830	41	44
465	827	40	44
465	828	39	46
463	830	40	39
461	828	42	41
459	824	43	50
461	823	39	53
459	824	42	60
459	824	41	58
459	825	39	51
455	825	43	56
455	826	41	54
455	828	39	49
452	827	41	47
449	827	43	57
451	826	38	58
450	825	38	58
449	827	39	55
448	828	38	55
446	827	39	55
447	827	35	56
442	827	39	54
444	828	37	49
441	829	38	42
439	827	38	47
436	826	41	47
433	827	42	51
433	827	40	54
430	827	41	53
430	827	41	48
429	829	39	52
429	829	36	48
424	826	41	47
421	828	42	53
418	827	42	54
416	829	43	49
413	828	44	47
416	831	40	44
413	832	41	40
414	832	39	40
414	832	41	43
415	832	42	41
420	831	40	45
425	830	40	48
431	828	41	42
441	831	38	46
451	830	37	43
462	828	36	48
468	824	38	48
483	820	35	58
493	820	35	49
503	815	39	57
515	815	40	54
529	813	36	52
543	814	35	48
552	813	38	44
567	813	34	43
577	810	35	46
584	808	36	50
592	806	35	54
595	808	39	54
600	809	36	54
603	811	33	52
604	815	34	44
604	814	35	46
600	814	38	50
601	814	37	52
597	814	42	49
598	814	39	47
597	815	38	52
595	814	39	51
593	811	40	53
592	811	40	50
592	811	38	51
589	812	39	52
591	811	35	43
591	809	35	48
589	807	37	46
591	805	37	46
592	802	38	48
595	802	39	48
595	799	43	50
607	800	34	50
610	796	37	50
617	794	35	56
625	793	35	55
631	790	34	48
636	789	35	49
642	786	35	53
647	782	36	57
652	782	35	55
655	781	35	57
655	780	37	53
656	777	39	48
657	778	40	53
658	776	39	55
660	775	38	57
658	776	39	57
659	775	39	50
659	774	39	50
658	772	41	53
660	771	39	53
661	771	39	50
661	770	40	54
660	770	40	56
662	768	37	59
663	768	38	56
661	767	39	51
662	768	37	50
660	765	38	48
659	767	37	48
654	768	36	46
647	767	37	46
635	769	37	43
619	771	36	44
595	773	39	44
572	773	37	42
541	781	37	39
508	784	38	42
464	788	41	50
413	796	45	47
369	802	44	55
312	811	45	54
249	822	49	61
202	829	49	53
142	845	52	49
99	853	52	49
