1062	914	400	163
1062	903	391	175
1069	901	364	176
1060	894	386	177
1058	888	380	183
1050	886	390	184
1058	882	373	183
1063	882	355	190
1060	874	365	189
1054	873	365	193
1047	869	403	199
1055	870	375	203
1048	855	370	214
1061	850	356	224
1059	838	383	233
1055	821	412	244
1048	828	387	237
1053	830	372	234
1055	811	355	243
1050	817	386	240
1052	807	344	242
1056	811	344	234
1039	813	371	225
1053	805	344	236
1043	803	350	223
1044	803	351	228
1041	804	349	220
1040	797	349	219
1046	796	336	228
1043	794	344	229
1041	795	351	221
1036	794	373	222
1035	792	366	227
1036	792	353	219
1043	790	346	215
1030	788	360	215
1033	790	350	219
1035	793	352	215
1030	795	357	208
1044	795	351	208
1027	788	354	211
1028	790	354	212
1043	789	334	215
1026	792	356	207
1022	793	367	204
1032	792	337	209
1025	790	359	206
1024	790	345	210
1023	788	349	205
1020	792	339	218
1023	787	337	212
1019	786	338	216
1016	784	343	215
1016	790	341	208
1009	791	359	208
1010	783	348	204
1007	788	341	195
1010	781	346	212
1002	779	356	212
1000	783	371	219
999	784	359	211
1005	781	347	216
1003	785	331	216
1010	784	327	218
1000	780	345	213
997	782	370	209
993	779	353	214
994	779	350	211
1000	777	340	220
999	778	341	214
997	782	340	212
988	781	349	220
990	777	348	217
1004	775	326	228
992	779	343	222
991	777	346	222
987	775	353	225
984	777	358	221
981	778	347	204
985	780	342	211
983	786	352	204
976	789	397	207
971	785	401	208
972	779	400	216
971	781	422	215
965	780	437	211
964	790	452	213
964	785	456	218
961	785	446	210
960	791	422	220
961	786	417	220
959	783	418	219
956	784	439	221
964	776	443	236
959	777	455	235
955	784	447	216
952	790	451	215
957	785	429	229
955	783	431	224
954	791	441	221
950	780	448	233
943	787	443	227
944	786	453	221
948	787	448	225
943	782	452	223
941	789	436	223
938	788	444	232
938	785	438	228
936	788	453	226
938	794	441	219
939	788	441	233
932	795	445	232
932	788	444	235
926	799	451	222
933	788	447	230
928	794	446	224
929	794	438	229
926	790	451	224
921	796	436	222
916	790	444	226
917	792	434	228
914	795	424	223
915	786	447	240
908	795	442	223
908	791	433	234
911	792	425	235
911	788	423	243
912	784	429	247
909	794	401	232
906	792	414	228
899	800	413	234
906	794	400	237
907	797	408	237
902	801	399	226
903	799	391	242
901	802	412	235
898	788	417	246
891	799	424	241
894	795	397	243
897	797	372	257
894	803	408	248
891	809	393	236
886	812	399	234
890	802	392	238
894	813	392	245
883	814	404	230
892	812	387	239
885	816	399	236
879	812	404	240
877	820	394	240
875	813	398	240
880	816	403	244
866	816	407	239
867	811	396	246
881	813	378	244
871	823	400	234
867	819	399	236
865	825	394	243
874	817	378	245
868	808	380	252
860	815	397	247
853	813	397	253
847	822	404	247
863	812	371	260
855	825	391	241
851	822	407	244
856	821	382	246
858	821	379	247
853	833	382	233
839	817	399	247
840	830	389	234
840	826	395	235
843	830	383	242
843	823	386	243
834	825	391	246
833	832	387	234
826	830	405	239
841	831	380	241
834	829	390	237
833	839	385	237
836	831	371	239
825	832	385	237
822	831	389	238
825	845	383	229
828	837	382	235
819	833	381	238
821	835	385	233
820	841	383	239
813	844	392	224
818	839	387	226
809	838	389	245
809	836	395	235
819	836	372	239
814	841	378	231
819	844	374	232
813	843	379	228
803	840	397	235
798	847	392	226
795	846	389	222
798	846	390	224
791	841	393	232
789	846	391	228
794	850	380	221
793	848	381	223
794	850	368	217
782	853	384	226
792	844	372	226
785	852	380	223
781	845	386	223
790	852	361	229
784	847	373	222
774	849	378	219
784	855	363	223
781	847	366	220
773	854	368	215
776	856	360	223
778	859	368	220
765	860	384	213
762	863	377	224
768	854	373	216
770	855	367	221
762	859	381	214
777	859	351	207
768	863	362	214
757	863	374	215
758	859	379	216
755	862	369	215
771	856	351	214
756	869	373	203
752	871	369	219
748	862	371	216
750	862	371	218
747	857	378	213
749	864	367	211
742	861	371	211
743	865	355	216
756	861	344	210
748	868	351	216
728	878	377	199
741	868	362	214
745	871	357	203
745	873	354	201
736	873	357	200
748	872	338	211
735	872	361	209
731	870	363	204
744	873	346	211
741	877	349	198
731	876	347	196
730	867	362	210
723	878	358	207
718	874	373	208
729	876	355	208
717	874	363	201
732	873	337	220
743	872	333	211
732	866	345	211
727	871	357	211
713	876	354	198
719	867	345	204
721	871	338	204
717	871	353	198
715	866	356	208
711	870	370	212
722	860	349	212
711	863	359	224
720	858	337	209
706	859	348	226
720	862	339	214
717	857	346	212
709	846	345	228
708	853	349	225
702	852	357	233
707	837	349	241
699	846	354	238
710	843	335	241
705	832	349	240
707	833	335	247
717	831	326	243
708	818	341	253
716	826	334	258
704	830	342	247
709	825	343	250
706	814	329	257
711	811	318	264
707	804	336	264
709	804	323	270
706	800	330	271
706	800	320	271
708	801	324	256
710	791	316	274
709	781	310	277
711	783	316	289
708	778	313	289
704	772	310	295
705	772	306	297
708	772	320	295
713	770	298	290
713	764	309	294
712	760	300	294
713	751	308	310
712	752	298	299
726	757	289	280
712	747	295	299
717	741	293	288
715	743	289	273
723	737	284	276
717	735	286	268
729	734	291	263
722	729	283	247
719	725	274	254
728	715	280	266
725	709	281	262
719	707	277	258
723	707	279	253
718	705	276	243
719	701	271	247
721	701	269	245
723	701	275	241
724	703	268	242
726	700	264	237
726	699	266	234
724	701	259	242
728	701	257	231
729	696	261	239
726	701	266	232
722	695	266	225
728	699	267	225
728	696	264	229
730	694	255	234
727	697	261	217
728	697	258	228
729	695	257	230
732	699	262	221
731	693	263	238
728	695	261	237
731	701	260	220
732	691	258	236
731	698	255	234
733	697	259	228
734	695	260	230
735	697	261	229
734	701	253	219
736	703	256	216
734	700	254	220
736	695	253	230
734	698	256	221
735	701	256	227
734	703	256	214
737	706	255	217
738	700	251	227
734	701	258	224
736	704	257	225
740	700	252	234
738	694	258	229
733	699	271	231
736	696	262	229
733	694	260	233
733	697	261	230
735	702	262	221
738	697	255	231
735	700	259	222
734	701	255	217
733	699	265	218
733	703	261	221
739	701	250	216
738	702	265	214
737	697	250	227
740	699	250	217
738	697	253	225
737	702	258	216
740	700	256	229
741	692	260	239
738	691	257	242
740	699	245	230
739	694	262	228
736	699	252	224
740	694	251	232
741	702	253	223
739	703	259	215
739	700	264	225
735	706	257	216
743	705	255	225
742	701	252	226
747	701	248	224
740	704	255	216
742	702	254	219
742	701	254	221
741	696	256	220
745	699	259	222
740	690	254	231
739	700	249	215
742	703	257	218
744	702	247	221
747	696	251	226
747	697	244	223
749	703	249	224
746	700	247	224
748	696	252	226
753	699	238	236
753	701	246	222
755	695	240	231
754	702	232	219
756	703	247	221
758	699	233	222
759	699	232	228
753	706	243	213
761	700	238	215
756	701	238	221
764	701	229	220
760	704	237	215
767	700	226	219
770	700	223	222
765	701	228	219
769	705	227	216
771	701	223	215
768	701	233	216
771	701	219	217
770	705	227	211
770	702	227	219
773	693	228	226
777	701	216	220
779	705	223	213
774	702	223	218
777	701	228	218
780	702	220	215
780	700	228	224
783	701	218	218
783	707	215	215
782	704	221	216
785	701	224	213
782	705	211	211
790	705	220	214
787	708	213	211
790	711	222	213
791	713	211	208
790	707	223	211
791	710	209	211
792	703	217	214
792	709	212	206
796	710	209	209
796	712	212	209
797	711	215	210
794	712	210	209
800	715	209	205
801	712	213	208
800	716	205	203
804	711	201	204
804	715	201	203
802	715	206	207
802	710	221	203
801	712	216	202
802	709	220	210
805	707	226	212
805	709	211	206
802	711	215	203
807	710	209	202
808	715	212	201
806	720	214	195
807	712	208	199
808	712	208	199
805	716	212	196
812	710	206	198
811	711	208	195
811	716	203	195
815	712	203	198
811	718	210	193
814	713	207	193
808	720	206	196
817	716	203	191
817	719	206	185
814	716	206	197
816	714	211	192
816	713	205	196
816	715	212	190
814	718	203	188
826	717	200	185
813	715	207	188
823	715	206	184
823	717	198	181
820	717	206	178
822	714	198	181
825	715	200	178
825	715	197	182
827	711	196	178
825	713	195	182
830	716	193	171
817	713	209	183
828	714	201	174
824	718	200	174
832	715	198	172
827	711	197	178
830	718	202	174
832	716	191	171
837	714	197	176
835	720	190	172
827	719	207	169
831	720	200	170
831	730	201	165
833	724	202	167
829	721	199	170
831	716	200	171
831	714	201	169
827	713	194	174
838	709	189	169
827	716	194	170
834	712	192	168
835	710	190	165
829	709	196	168
829	705	195	167
831	698	193	165
830	698	197	166
829	700	198	155
827	693	197	159
828	696	188	160
820	692	203	157
832	693	190	154
824	689	187	163
831	687	193	154
827	688	193	155
825	693	192	148
826	688	188	149
830	685	186	150
825	683	194	157
827	680	187	156
828	686	187	151
827	682	185	152
829	681	189	148
826	683	182	148
827	679	190	147
830	675	186	152
827	679	188	147
827	681	191	142
825	680	191	141
834	678	181	142
825	685	182	134
829	682	187	140
834	677	181	141
826	677	177	141
839	676	178	139
832	678	178	137
835	677	178	137
831	672	176	142
835	670	181	141
829	679	183	131
830	676	187	133
831	675	174	138
832	672	183	135
832	673	179	132
839	673	181	135
832	667	178	136
833	671	179	131
831	673	179	130
837	667	180	136
840	672	172	129
834	673	167	131
840	671	170	131
834	669	174	130
837	667	172	132
840	668	168	130
838	678	168	116
837	667	169	130
833	670	169	126
839	661	169	133
830	665	171	129
833	663	171	130
837	664	167	129
835	667	168	125
837	665	169	126
840	669	164	123
838	667	168	126
839	656	165	131
840	662	171	125
839	662	169	125
836	663	167	123
837	655	175	133
840	661	172	123
840	669	164	116
841	662	167	122
841	659	157	124
847	660	161	121
842	667	155	116
839	663	163	117
844	656	166	121
839	653	159	125
841	656	167	119
845	653	160	123
838	658	167	119
841	655	158	121
840	654	165	119
839	655	162	118
843	654	157	121
843	650	152	123
842	649	164	123
837	654	168	115
847	649	157	118
843	653	160	116
845	652	167	114
848	650	155	115
843	649	151	117
849	646	157	116
843	644	150	121
846	651	159	112
839	646	167	113
847	652	153	109
845	646	158	114
848	641	152	116
846	644	155	114
838	641	156	118
847	638	161	118
842	640	154	116
847	642	152	112
845	636	162	118
841	643	153	109
841	639	159	112
845	640	158	112
844	637	155	114
843	637	155	112
844	631	151	115
846	631	149	115
844	626	150	121
840	633	155	110
845	632	155	110
842	629	151	115
844	630	154	114
848	627	146	115
845	630	146	111
843	623	153	118
842	626	152	113
843	622	145	116
845	624	148	112
841	630	152	104
845	626	149	108
849	621	150	115
844	621	148	111
848	623	137	107
850	621	146	108
849	622	142	105
846	621	149	106
846	620	148	105
849	621	148	103
851	624	140	99
844	619	145	102
843	619	146	103
847	614	146	108
845	609	144	110
845	612	144	109
845	611	146	111
845	613	142	108
848	611	137	107
845	611	147	106
844	612	140	102
846	614	143	100
845	613	140	103
846	612	140	102
845	613	138	101
844	614	142	97
845	611	145	100
844	606	142	105
845	604	133	106
845	603	143	105
844	605	139	101
845	607	133	98
847	605	118	100
850	600	94	105
855	603	111	109
846	612	136	93
845	603	137	101
845	606	142	98
843	612	139	90
844	605	131	98
846	600	106	102
847	605	96	95
856	615	108	87
846	610	99	90
847	604	98	94
848	598	96	99
846	596	97	103
848	592	95	103
849	596	104	104
846	591	97	105
846	594	103	101
846	592	100	98
847	593	99	102
845	593	99	102
846	606	92	88
845	601	95	91
844	595	95	97
845	598	93	95
846	596	94	95
846	593	95	98
845	591	95	100
847	591	93	98
849	587	91	102
847	589	91	101
845	581	95	110
846	588	97	103
846	589	98	96
846	589	96	98
845	588	94	99
845	589	94	98
843	591	96	96
845	589	96	100
844	588	98	96
845	594	95	95
845	597	95	89
844	610	96	77
845	614	93	71
845	621	93	60
846	624	92	59
846	599	91	84
843	615	93	70
844	612	92	72
846	598	91	85
848	589	89	94
844	588	97	98
846	576	94	112
847	579	92	108
847	580	92	110
843	584	94	108
843	578	98	112
843	577	99	115
845	583	100	109
844	588	91	105
845	594	95	95
844	594	95	93
844	597	95	92
843	592	96	96
845	589	94	101
847	588	90	101
845	592	94	99
845	585	99	107
843	589	106	106
846	588	91	102
844	585	93	106
843	582	93	110
840	584	101	109
842	583	96	110
839	588	103	110
841	586	107	104
841	582	98	115
842	588	101	115
843	583	102	115
846	599	100	97
854	614	96	82
863	623	97	66
881	626	93	60
898	626	94	60
922	634	94	47
946	630	96	58
976	628	98	58
1009	630	99	56
1037	631	97	55
1066	628	96	61
1094	624	93	64
1114	629	89	62
1130	633	94	60
1143	637	98	64
1152	627	95	68
1159	633	93	59
1163	633	96	60
1165	635	96	58
1169	634	92	60
1171	636	94	55
1168	632	96	57
1171	632	94	58
1170	633	96	58
1169	633	96	58
1166	632	97	67
1167	630	95	65
1165	629	97	63
1164	629	98	63
1162	625	98	68
1161	620	107	79
1156	628	97	65
1157	626	92	67
1156	627	93	80
1165	598	82	91
1161	596	92	92
1160	593	106	101
1152	593	118	104
1151	593	115	95
1146	596	101	95
1149	603	92	93
1148	608	100	90
1142	612	103	96
1139	625	104	77
1139	624	102	74
1138	628	105	75
1136	627	97	67
1136	627	95	67
1131	623	94	74
1131	620	89	65
1125	625	90	59
1124	623	91	63
1123	622	91	64
1123	619	92	70
1135	592	87	85
1130	596	104	93
1129	585	114	101
1125	582	120	101
1127	578	116	108
1122	576	126	127
1126	577	159	121
1126	576	156	125
1123	577	164	117
1124	578	166	111
1098	575	180	119
1127	581	160	102
1097	574	178	117
1129	567	158	123
1129	577	152	117
1129	572	146	118
1128	568	158	123
1130	579	146	101
1130	570	151	111
1130	568	156	102
1132	563	153	105
1126	570	146	102
1133	558	142	110
1135	560	150	106
1136	563	149	112
1136	565	156	113
1136	570	157	112
1136	565	176	114
1134	574	167	100
1137	574	168	102
1139	571	182	108
1090	571	188	104
1139	581	174	86
1113	574	174	94
1143	574	164	96
1111	577	157	92
1122	574	147	93
1147	577	130	86
1146	575	149	92
1131	580	129	83
1143	582	114	78
1151	579	114	91
1151	581	109	81
1153	582	96	91
1161	578	78	84
1164	581	73	78
1165	580	78	80
1170	580	71	82
1170	582	75	78
1166	583	81	80
1170	581	78	82
1174	582	75	80
1168	584	80	69
1173	584	79	72
1177	584	77	75
1172	585	83	69
1175	585	79	70
1173	587	83	68
1179	587	78	70
1181	588	79	70
1185	591	76	68
1192	582	72	61
1185	586	76	60
1184	585	80	61
1188	588	79	67
1191	587	78	70
1195	588	74	71
1202	593	71	68
1195	584	77	65
1201	585	74	76
1203	589	73	72
1206	582	73	79
1209	585	69	75
1211	587	71	74
1209	586	84	75
1210	589	83	69
1208	588	92	75
1208	589	84	76
1210	590	76	75
1218	596	70	68
1214	589	67	77
1224	590	80	74
1226	590	69	74
1229	599	69	68
1235	605	61	65
1241	616	55	52
1238	600	57	67
1238	598	62	73
1236	596	74	72
1239	595	70	66
1259	599	61	72
1246	604	69	60
1247	604	69	67
1256	607	76	69
1258	614	68	63
1270	622	80	59
1257	612	71	68
1270	626	75	64
1268	624	64	73
1264	625	65	72
1276	625	75	70
1276	625	75	70
1276	625	75	70
1276	625	75	70
1276	625	75	70
1277	649	73	82
1277	649	73	82
1277	649	73	82
1277	649	73	82
1286	676	79	96
1286	676	79	96
1286	676	79	96
1286	676	79	96
1286	676	79	96
1301	675	95	113
1301	675	95	113
1301	675	95	113
1301	675	95	113
1301	675	95	113
1301	675	95	113
1301	675	95	113
1348	680	100	106
1358	705	104	95
1360	713	91	94
1365	714	71	77
1365	714	71	77
1365	714	71	77
1365	714	71	77
1365	714	71	77
1365	714	71	77
1365	714	71	77
1365	714	71	77
1365	714	71	77
1365	714	71	77
1365	714	71	77
1365	714	71	77
1365	714	71	77
1365	714	71	77
1415	745	57	64
1415	745	57	64
1415	745	57	64
1415	745	57	64
1415	745	57	64
1415	745	57	64
1415	745	57	64
1415	745	57	64
1415	745	57	64
1377	762	63	65
1377	762	63	65
1293	727	60	70
1260	725	63	81
1260	725	63	81
1202	745	53	78
1202	745	53	78
1202	745	53	78
1202	745	53	78
1202	745	53	78
1202	745	53	78
1202	745	53	78
1202	745	53	78
1202	745	53	78
1202	745	53	78
1202	745	53	78
1202	745	53	78
1202	745	53	78
1202	745	53	78
1202	745	53	78
1202	745	53	78
1202	745	53	78
1202	745	53	78
1202	745	53	78
1202	745	53	78
1202	745	53	78
1141	701	53	83
1141	701	53	83
1141	701	53	83
1141	701	53	83
1141	701	53	83
1141	701	53	83
1141	701	53	83
1141	701	53	83
1141	701	53	83
1141	701	53	83
1141	701	53	83
1141	701	53	83
1141	701	53	83
1141	701	53	83
1141	701	53	83
1141	701	53	83
1141	701	53	83
1141	701	53	83
1141	701	53	83
1141	701	53	83
1141	701	53	83
1141	701	53	83
1141	701	53	83
1141	701	53	83
1141	701	53	83
1141	701	53	83
1141	701	53	83
1141	701	53	83
1141	701	53	83
1141	701	53	83
1141	701	53	83
1141	701	53	83
1141	701	53	83
1141	701	53	83
1141	701	53	83
1141	701	53	83
1141	701	53	83
1141	701	53	83
1141	701	53	83
1141	701	53	83
1141	701	53	83
1141	701	53	83
1141	701	53	83
1141	701	53	83
1141	701	53	83
1141	701	53	83
1141	701	53	83
1141	701	53	83
1141	701	53	83
1141	701	53	83
1141	701	53	83
1141	701	53	83
1141	701	53	83
1141	701	53	83
1141	701	53	83
1141	701	53	83
1141	701	53	83
1141	701	53	83
1141	701	53	83
1141	701	53	83
1141	701	53	83
1141	701	53	83
1141	701	53	83
1141	701	53	83
1141	701	53	83
1141	701	53	83
1141	701	53	83
1141	701	53	83
1141	701	53	83
1141	701	53	83
1141	701	53	83
1141	701	53	83
1141	701	53	83
1141	701	53	83
1141	701	53	83
1141	701	53	83
1141	701	53	83
1141	701	53	83
1141	701	53	83
1141	701	53	83
1141	701	53	83
1141	701	53	83
1141	701	53	83
1141	701	53	83
1141	701	53	83
1141	701	53	83
1141	701	53	83
1141	701	53	83
1141	701	53	83
1141	701	53	83
1141	701	53	83
1141	701	53	83
1141	701	53	83
1141	701	53	83
1141	701	53	83
1141	701	53	83
1141	701	53	83
1141	701	53	83
1141	701	53	83
1141	701	53	83
1141	701	53	83
1141	701	53	83
1141	701	53	83
1141	701	53	83
1141	701	53	83
1141	701	53	83
1141	701	53	83
1141	701	53	83
1141	701	53	83
1141	701	53	83
1141	701	53	83
1141	701	53	83
1141	701	53	83
1141	701	53	83
1141	701	53	83
1141	701	53	83
1141	701	53	83
1141	701	53	83
1141	701	53	83
1141	701	53	83
1141	701	53	83
1141	701	53	83
1141	701	53	83
1141	701	53	83
1141	701	53	83
1141	701	53	83
1141	701	53	83
1141	701	53	83
1141	701	53	83
1141	701	53	83
1141	701	53	83
1141	701	53	83
1141	701	53	83
1141	701	53	83
1141	701	53	83
1141	701	53	83
1141	701	53	83
1141	701	53	83
1141	701	53	83
1141	701	53	83
1141	701	53	83
1141	701	53	83
1141	701	53	83
1141	701	53	83
1141	701	53	83
1141	701	53	83
1141	701	53	83
1141	701	53	83
1141	701	53	83
1141	701	53	83
1141	701	53	83
1141	701	53	83
1141	701	53	83
1141	701	53	83
1141	701	53	83
1141	701	53	83
1141	701	53	83
1141	701	53	83
1141	701	53	83
1141	701	53	83
1141	701	53	83
1141	701	53	83
1141	701	53	83
1141	701	53	83
1141	701	53	83
1141	701	53	83
1141	701	53	83
1141	701	53	83
1141	701	53	83
1141	701	53	83
1141	701	53	83
1141	701	53	83
1141	701	53	83
1141	701	53	83
1141	701	53	83
1141	701	53	83
1141	701	53	83
1141	701	53	83
1141	701	53	83
1141	701	53	83
1141	701	53	83
1141	701	53	83
1141	701	53	83
1141	701	53	83
1141	701	53	83
1141	701	53	83
1141	701	53	83
1141	701	53	83
1141	701	53	83
1141	701	53	83
1141	701	53	83
1141	701	53	83
1141	701	53	83
1141	701	53	83
1141	701	53	83
1141	701	53	83
1141	701	53	83
1141	701	53	83
1141	701	53	83
1141	701	53	83
1141	701	53	83
1141	701	53	83
1141	701	53	83
1141	701	53	83
1141	701	53	83
1141	701	53	83
1141	701	53	83
1141	701	53	83
1141	701	53	83
1141	701	53	83
1141	701	53	83
1141	701	53	83
1141	701	53	83
1141	701	53	83
1141	701	53	83
1141	701	53	83
1141	701	53	83
1141	701	53	83
1141	701	53	83
1141	701	53	83
1141	701	53	83
1141	701	53	83
1141	701	53	83
1141	701	53	83
1141	701	53	83
1141	701	53	83
1141	701	53	83
1141	701	53	83
1141	701	53	83
1141	701	53	83
1141	701	53	83
1141	701	53	83
1141	701	53	83
1141	701	53	83
1141	701	53	83
1141	701	53	83
1141	701	53	83
1141	701	53	83
1141	701	53	83
1141	701	53	83
1141	701	53	83
1141	701	53	83
1141	701	53	83
1141	701	53	83
1141	701	53	83
1141	701	53	83
1141	701	53	83
1141	701	53	83
1141	701	53	83
1141	701	53	83
1141	701	53	83
1141	701	53	83
1141	701	53	83
1141	701	53	83
1141	701	53	83
1141	701	53	83
1141	701	53	83
1141	701	53	83
1141	701	53	83
1141	701	53	83
1141	701	53	83
1141	701	53	83
1141	701	53	83
1141	701	53	83
1141	701	53	83
1141	701	53	83
1141	701	53	83
1141	701	53	83
1141	701	53	83
1141	701	53	83
1141	701	53	83
1141	701	53	83
1141	701	53	83
1141	701	53	83
1141	701	53	83
1141	701	53	83
1141	701	53	83
1141	701	53	83
1141	701	53	83
1141	701	53	83
1141	701	53	83
1141	701	53	83
1141	701	53	83
1141	701	53	83
1141	701	53	83
1141	701	53	83
1141	701	53	83
1141	701	53	83
1141	701	53	83
1141	701	53	83
1141	701	53	83
1141	701	53	83
1141	701	53	83
1141	701	53	83
1141	701	53	83
1141	701	53	83
1141	701	53	83
1141	701	53	83
1141	701	53	83
1141	701	53	83
1141	701	53	83
980	688	67	76
978	689	60	76
978	691	64	69
986	692	57	60
989	689	62	60
991	699	56	64
992	694	61	62
996	693	58	61
997	691	58	62
1003	694	55	63
1006	694	55	66
1008	696	59	67
1006	699	61	67
1007	700	64	64
1011	704	63	63
1020	700	52	65
1021	702	61	72
1026	705	61	71
1024	701	60	68
1024	703	64	66
1029	706	61	61
1029	706	63	68
1037	705	53	58
1040	704	50	64
1039	704	53	77
1043	703	63	82
1046	704	72	80
1049	705	72	81
1056	706	64	78
1085	710	48	69
1086	704	42	61
1094	710	39	56
1099	709	34	54
1100	705	39	54
1103	706	42	53
1104	703	45	57
1107	701	46	53
1107	704	48	50
1104	703	53	53
1108	702	57	63
1103	691	62	58
1106	689	64	60
1104	687	70	61
1113	689	62	54
1117	688	63	52
1121	688	62	52
1123	687	64	52
1126	689	65	49
1131	691	63	48
1133	689	64	50
1133	688	65	51
1140	688	64	49
1145	688	63	49
1151	694	61	46
1156	697	58	55
1161	697	60	55
1155	691	71	64
1160	689	65	77
1161	687	70	83
1161	680	72	68
1162	687	77	76
1164	685	77	76
1176	686	69	76
1178	686	70	76
1185	684	65	78
1186	685	68	75
1181	684	73	67
1187	683	73	59
1195	684	67	49
1195	684	71	49
1199	683	67	52
1199	681	70	52
1205	682	68	53
1212	680	65	55
1215	678	66	53
1216	677	69	52
1217	677	71	55
1221	677	68	51
1216	678	73	47
1219	674	70	51
1216	673	69	51
1201	673	71	59
1196	674	67	62
1177	672	66	60
1157	669	67	58
1136	668	68	53
1105	663	65	48
1075	660	71	47
1047	658	68	46
1025	655	64	47
1001	657	65	45
978	655	66	47
964	653	65	46
952	653	64	46
942	654	61	40
939	653	60	41
930	651	67	48
928	652	67	45
929	650	61	42
929	649	63	41
927	647	66	44
928	647	65	45
934	647	62	57
932	645	66	45
938	645	62	46
938	644	68	43
942	645	67	46
946	641	62	46
947	643	62	53
954	641	59	64
954	641	57	67
957	635	58	64
961	638	50	68
957	635	54	60
969	636	57	62
961	637	61	70
961	637	61	70
961	637	61	70
961	637	61	70
961	637	61	70
961	637	61	70
961	637	61	70
1004	622	53	57
1004	622	53	57
1004	622	53	57
1004	622	53	57
1004	622	53	57
1039	604	43	69
1025	611	42	77
1043	602	50	83
1045	601	53	80
1016	607	57	75
1018	602	56	74
1042	605	42	71
1048	605	37	70
1052	606	34	71
1051	605	36	73
1052	604	38	73
1053	608	40	67
1049	608	44	60
1047	604	52	63
1044	602	52	61
1052	604	54	64
1051	606	52	58
1074	605	43	61
1055	603	39	60
1070	604	41	58
1070	609	50	51
1073	613	47	46
1089	598	43	54
1091	594	46	64
1118	578	55	64
1118	574	62	69
1084	581	71	76
1102	564	81	84
1105	562	85	88
1105	566	88	85
1104	559	83	91
1103	565	95	83
1095	566	93	88
1100	569	104	76
1095	573	98	76
1098	573	111	73
1100	577	94	72
1101	574	106	72
1081	573	111	77
1094	572	111	78
1107	572	121	75
1087	574	125	75
1106	576	127	73
1100	578	129	73
1108	587	122	62
1103	583	137	65
1099	584	144	65
1109	589	138	59
1101	589	150	62
1114	593	139	58
1096	595	144	56
1103	592	144	62
1098	593	154	63
1099	593	162	69
1131	587	176	89
1093	590	165	96
1099	592	162	106
1098	588	167	120
1093	597	173	120
1093	597	173	120
950	431	163	113
1096	590	170	123
1096	590	170	123
1096	590	170	123
1096	590	170	123
1159	589	161	128
1159	589	161	128
1159	589	161	128
1159	589	161	128
1159	589	161	128
1159	589	161	128
1175	597	144	120
1180	597	135	137
1181	593	152	154
1181	593	152	154
1181	593	152	154
1181	593	152	154
1181	593	152	154
1394	378	138	130
1395	377	126	127
1398	375	130	139
1513	276	128	124
1402	373	108	143
1184	597	140	165
1182	593	133	179
1179	556	142	204
1190	592	122	173
1188	584	131	169
1185	594	137	167
1183	591	138	178
1180	561	152	199
1188	584	170	213
1186	585	174	213
1185	591	159	221
1186	579	203	227
1183	566	231	238
1172	581	251	209
1184	584	224	210
1181	587	226	214
1181	582	234	219
1175	588	263	219
1174	582	258	237
1175	587	233	237
1179	574	225	245
1180	582	227	218
1180	587	232	219
1180	589	233	210
1176	590	242	208
1171	578	250	225
1186	583	222	248
1185	566	229	238
1177	568	252	237
1177	576	268	232
1176	570	259	247
1171	568	283	247
1176	566	273	246
1169	584	262	223
1175	576	247	220
1175	584	238	215
1171	586	251	206
1181	602	220	190
1175	602	256	188
1173	594	254	202
1179	575	249	234
1176	577	247	228
1171	568	236	240
1182	557	232	263
1175	573	228	248
1183	584	235	229
1177	570	242	241
1177	569	244	250
1173	564	250	250
1172	568	265	244
1182	582	256	234
1175	562	239	244
1180	555	237	252
1180	569	240	243
1172	560	263	254
1178	567	249	257
1176	547	238	268
1169	569	270	245
1170	558	262	258
1177	562	246	245
1176	573	238	237
1171	561	254	246
1168	562	268	251
1180	567	242	250
1180	553	245	254
1173	578	252	244
1180	570	248	253
1178	592	228	221
1177	598	224	201
1171	583	235	216
1177	595	234	210
1178	581	223	227
1181	602	223	205
1164	574	257	237
1177	598	255	213
1169	567	246	242
1178	586	227	221
1178	581	232	231
1173	598	253	202
1173	564	247	237
1176	561	249	240
1181	558	272	241
1173	556	263	232
1170	548	289	274
1177	558	241	251
1168	552	234	245
1171	568	256	235
1174	579	231	225
1179	591	231	211
1170	575	239	223
1171	588	251	218
1172	570	249	242
1171	585	263	243
1173	597	258	209
1174	565	228	244
1169	557	260	247
1169	560	262	253
1167	563	263	238
1168	572	248	232
1169	543	278	270
1177	557	278	259
1173	541	286	277
1168	544	296	266
1169	552	282	267
1173	527	311	296
1159	546	345	278
1171	574	269	233
1162	566	278	251
1170	552	261	260
1173	548	242	266
1168	568	239	247
1173	595	215	219
1180	597	193	214
1173	586	232	215
1171	577	248	229
1167	589	238	207
1172	590	227	206
1172	596	225	208
1174	611	244	199
1176	609	235	193
1170	599	263	206
1170	589	261	217
1171	571	280	241
1166	545	312	275
1164	544	292	284
1174	544	266	296
1169	548	262	277
1174	570	261	253
1177	575	264	241
1181	577	231	239
1181	570	239	234
1183	567	255	273
1169	553	281	273
1174	540	269	280
1180	555	250	270
1175	549	263	265
1180	578	251	250
1178	579	243	252
1179	580	256	242
1177	584	253	239
1181	578	241	240
1180	560	269	266
1179	575	263	263
1174	567	275	268
1176	557	275	276
1179	566	244	260
1183	561	251	274
1183	562	234	272
1189	583	241	255
1188	574	246	259
1190	572	223	250
1187	581	239	247
1192	588	237	245
1190	587	237	238
1195	594	237	226
1190	573	244	250
1192	584	244	246
1195	597	220	240
1192	570	250	267
1187	570	268	254
1187	556	288	278
1192	539	295	308
1189	540	272	307
1197	542	307	322
1196	544	316	298
1197	563	277	285
1195	571	301	288
1196	591	287	249
1198	558	274	300
1196	563	280	279
1207	565	308	290
1199	589	267	267
1211	607	217	237
1200	586	232	250
1197	589	254	250
1200	578	264	265
1195	556	300	302
1197	553	269	303
1195	548	288	305
1197	553	257	307
1199	549	252	309
1198	547	309	303
1195	548	304	300
1200	551	282	298
1202	561	251	282
1202	561	263	269
1206	570	261	271
1199	561	278	275
1201	562	287	286
1202	558	300	288
1199	553	273	303
1200	563	277	279
1202	556	256	282
1205	558	241	293
1204	574	243	267
1206	580	246	251
1203	573	252	258
1207	572	260	266
1204	588	247	243
1206	568	272	265
1206	579	267	251
1204	586	250	251
1210	586	250	253
1210	592	227	262
1200	560	254	274
1205	581	237	255
1208	582	233	262
1207	578	255	270
1206	577	292	270
1198	581	283	258
1203	556	331	287
1195	548	308	296
1194	555	304	286
1205	555	335	292
1195	536	359	331
1202	562	329	276
1199	570	346	266
1201	592	299	242
1208	577	272	254
1210	582	272	254
1201	569	299	261
1211	589	243	247
1210	569	234	259
1207	555	241	263
1206	570	261	255
1213	594	234	248
1219	623	181	220
1217	610	211	219
1223	625	175	199
1220	621	187	213
1211	609	225	210
1214	588	224	240
1212	568	234	273
1210	577	249	266
1211	605	255	227
1204	575	247	257
1207	573	243	266
1217	596	208	247
1219	617	216	208
1211	604	227	222
1214	617	218	216
1213	600	230	210
1214	616	216	227
1212	592	225	239
1216	596	224	239
1211	610	235	218
1213	609	234	221
1218	618	219	209
1209	593	223	228
1210	610	231	212
1207	605	238	215
1213	604	230	220
1213	598	238	225
1214	592	227	236
1219	615	204	208
1217	623	213	193
1211	594	235	222
1216	582	232	246
1213	569	230	261
1213	563	237	270
1218	560	233	276
1217	565	219	269
1214	580	234	258
1214	578	239	262
1221	589	210	251
1218	598	221	241
1216	573	230	267
1213	568	232	265
1210	593	232	239
1213	603	225	235
1214	582	228	262
1218	621	212	221
1218	604	223	230
1214	589	251	231
1203	593	267	224
1216	595	225	233
1220	569	216	272
1211	578	218	276
1218	571	232	291
1218	575	209	268
1217	575	228	264
1215	570	230	266
1213	563	244	271
1209	566	234	273
1213	562	232	273
1210	563	250	271
1214	549	228	291
1219	579	204	267
1212	574	233	256
1218	590	211	242
1216	594	225	237
1213	584	237	241
1217	579	229	247
1208	564	250	277
1209	557	267	292
1208	536	321	316
1201	545	320	304
1203	554	295	304
1206	538	291	298
1210	553	263	296
1212	577	242	266
1216	549	253	290
1213	561	231	288
1217	558	244	295
1206	546	262	299
1213	556	232	291
1217	597	199	246
1216	598	201	251
1215	608	194	243
1213	615	206	229
1212	605	209	232
1219	623	188	226
1214	617	216	208
1211	597	238	242
1207	597	244	248
1211	605	231	241
1203	593	244	241
1218	613	232	233
1210	598	250	236
1197	573	293	261
1201	546	317	309
1208	552	294	317
1202	567	297	273
1197	561	281	262
1205	548	290	304
1209	562	267	301
1204	563	257	280
1212	579	223	255
1216	608	207	231
1216	618	223	212
1205	601	241	221
1210	596	228	226
1210	579	233	260
1205	582	243	262
1209	567	234	294
1210	548	246	303
1210	542	277	306
1203	562	266	284
1205	544	312	301
1202	540	303	301
1200	545	293	308
1214	557	243	296
1202	564	299	273
1212	560	251	283
1207	567	271	279
1209	579	249	274
1206	558	244	275
1208	554	249	283
1205	552	275	285
1204	559	314	275
1195	548	299	286
1210	542	307	295
1197	553	360	285
1191	562	352	277
1200	561	310	283
1207	547	319	295
1209	546	295	296
1195	524	331	323
1204	561	302	289
1214	572	252	266
1202	578	258	259
1203	561	270	294
1202	551	319	305
1202	545	362	316
1192	546	339	311
1202	544	290	304
1211	553	256	292
1208	559	244	282
1207	575	264	263
1204	579	267	257
1209	582	255	257
1203	582	267	242
1207	564	265	261
1204	581	239	259
1208	601	212	239
1201	578	241	262
1200	565	248	257
1197	579	244	268
1200	573	243	254
1203	597	247	235
1200	590	235	230
1209	599	237	223
1202	574	240	255
1205	581	246	247
1204	569	247	277
1198	559	254	270
1203	566	275	266
1212	591	225	242
1210	606	226	216
1209	584	238	241
1203	590	245	241
1211	607	228	231
1210	612	226	227
1209	604	231	227
1208	605	235	231
1214	612	215	225
1210	591	230	252
1213	585	226	263
1215	599	224	243
1215	603	234	248
1207	580	254	261
1209	568	286	283
1210	566	274	301
1208	562	273	303
1220	575	246	287
1218	584	232	268
1222	606	222	251
1222	588	228	271
1230	606	213	253
1228	604	224	254
1230	620	209	234
1226	609	230	235
1233	636	213	220
1226	599	224	259
1230	610	241	251
1227	596	239	249
1236	635	201	227
1238	624	208	231
1233	601	238	268
1239	599	238	274
1235	594	224	286
1238	605	227	280
1239	606	230	268
1243	600	229	278
1242	620	230	254
1248	609	195	272
1259	620	191	282
1260	639	177	234
1254	632	199	245
1255	643	166	245
1258	655	174	231
1260	657	168	219
1258	641	200	236
1260	626	192	260
1257	621	224	264
1269	637	189	265
1270	653	193	252
1265	643	212	247
1271	669	159	225
1274	670	148	224
1274	669	140	224
1271	672	140	225
1279	655	138	246
1281	644	134	266
1287	652	128	253
1288	672	123	220
1287	674	129	216
1287	680	136	235
1286	692	153	213
1287	682	135	235
1289	700	163	195
1290	691	135	214
1301	693	139	203
1298	703	153	211
1295	693	129	227
1306	704	138	200
1300	708	136	203
1311	707	131	216
1306	708	132	206
1308	710	131	227
1309	708	129	231
1308	709	130	212
1299	707	141	211
1291	711	138	199
1287	709	117	228
1266	711	130	226
1220	709	179	219
1190	715	168	207
1160	719	136	213
1115	733	121	198
1082	735	120	185
1036	728	132	199
985	728	141	202
959	722	109	201
911	737	103	190
871	734	123	202
829	739	117	199
793	750	120	191
763	749	113	201
738	754	146	194
714	749	118	208
703	758	133	205
687	770	123	192
681	766	107	201
679	769	106	206
679	766	104	205
680	767	105	213
679	750	107	236
678	752	115	245
682	734	108	257
684	717	107	276
679	761	120	248
678	760	121	247
670	767	121	251
714	739	110	260
697	742	116	268
700	745	119	273
690	756	130	291
681	752	155	312
722	732	176	321
703	733	218	311
709	720	248	354
709	720	248	354
709	720	248	354
709	720	248	354
718	715	260	355
718	715	260	355
718	715	260	355
718	715	260	355
718	715	260	355
718	715	260	355
718	715	260	355
718	715	260	355
718	715	260	355
718	715	260	355
718	715	260	355
718	715	260	355
718	715	260	355
718	715	260	355
718	715	260	355
718	715	260	355
718	715	260	355
718	715	260	355
936	313	298	300
936	313	298	300
936	313	298	300
731	310	381	301
711	297	414	316
699	301	414	287
699	301	414	287
699	301	414	287
478	325	452	252
423	363	491	257
380	329	512	302
380	329	512	302
339	299	520	333
339	299	520	333
339	299	520	333
267	320	555	296
266	276	517	349
276	287	548	350
276	299	557	347
275	309	540	327
254	314	547	346
260	292	554	348
265	280	518	383
263	301	506	386
350	289	504	412
282	301	564	368
278	303	553	388
279	271	511	424
267	275	509	394
333	298	544	395
263	272	592	401
271	275	585	434
450	240	465	463
284	275	503	394
279	280	445	399
293	263	504	411
271	274	507	392
288	305	475	367
286	298	439	366
284	298	400	386
279	300	424	386
285	270	519	425
285	293	437	399
282	289	498	377
278	295	499	367
284	313	531	339
292	284	468	382
290	291	514	382
287	283	559	357
281	283	568	395
301	296	552	358
288	294	561	354
295	282	536	374
291	281	520	370
296	285	543	355
305	306	542	363
299	317	582	340
289	294	510	396
310	288	484	405
313	287	384	384
299	293	452	364
297	277	430	386
308	270	400	389
315	288	328	384
297	301	339	360
329	309	318	360
322	330	316	318
331	372	320	286
318	303	330	292
316	299	309	319
327	305	339	358
316	314	323	346
329	306	342	369
323	320	347	379
300	304	363	409
329	321	312	394
326	312	281	374
331	327	331	349
334	339	286	365
334	376	306	320
318	308	281	346
330	312	281	387
332	343	355	337
313	333	345	330
336	302	274	390
330	302	275	385
337	302	205	389
338	297	204	404
341	321	249	388
345	362	282	343
329	302	287	380
341	321	273	366
325	317	306	346
328	334	344	349
330	353	297	358
341	358	329	307
331	401	372	263
337	418	328	233
308	423	318	234
330	359	272	253
332	405	301	238
288	410	259	280
327	330	275	327
339	360	272	310
348	398	276	281
321	418	222	246
290	351	216	239
333	421	188	285
355	425	152	266
308	376	197	286
347	418	167	274
294	392	199	237
327	417	207	266
341	421	172	245
287	389	216	224
311	414	195	239
356	434	160	245
323	406	176	243
362	425	152	276
362	409	152	290
360	347	142	342
355	391	175	337
354	341	163	360
353	404	161	334
366	336	143	360
347	305	165	417
356	292	162	467
351	297	168	438
345	308	194	411
340	310	208	394
345	304	188	391
343	306	233	412
352	311	241	383
366	348	190	355
355	393	246	330
340	318	252	345
345	357	284	315
339	381	301	283
285	408	274	236
317	412	262	269
336	418	241	276
345	423	181	292
348	402	167	290
357	418	151	283
338	407	191	263
341	402	244	309
336	426	272	261
324	403	310	247
322	395	305	252
331	411	284	255
328	404	309	259
319	413	302	239
333	404	283	277
291	420	299	233
322	414	305	222
323	406	323	278
329	401	286	273
332	396	246	279
337	405	254	257
340	414	281	250
340	405	275	296
340	410	282	260
330	418	285	231
329	416	308	287
315	410	318	264
331	400	301	269
334	400	291	277
328	398	304	295
322	406	314	276
354	391	282	304
325	399	247	294
339	413	205	278
338	403	241	328
321	332	287	381
353	383	227	333
351	397	216	320
342	350	203	326
352	387	190	328
340	401	193	326
347	412	204	337
339	344	218	377
316	341	284	373
331	372	285	351
334	359	278	327
341	322	271	388
338	364	293	362
318	380	328	292
326	387	270	296
340	400	253	309
333	423	225	247
325	420	273	257
314	419	266	245
323	417	272	250
319	414	303	253
301	408	332	265
312	401	310	331
314	400	325	273
312	397	335	268
310	393	322	294
303	409	300	223
307	403	313	235
301	410	326	299
310	402	323	309
300	404	365	255
290	405	375	245
299	414	370	265
292	399	371	253
287	412	374	238
292	421	339	271
294	410	346	277
301	394	335	297
294	404	331	253
315	410	275	286
322	408	229	328
318	399	215	355
308	406	214	324
300	413	233	320
301	397	254	338
304	411	266	348
295	368	265	373
301	321	246	419
305	381	248	372
301	411	322	348
289	406	308	346
276	411	344	262
267	393	368	266
265	417	368	255
282	410	316	253
271	406	325	300
271	402	304	285
265	398	307	269
271	406	305	316
281	398	253	330
263	418	260	267
273	423	232	316
277	417	221	343
303	326	274	354
265	398	269	375
279	411	255	366
272	403	233	355
345	394	265	351
297	398	291	363
257	405	304	356
265	414	258	385
270	402	256	392
257	385	305	386
263	358	261	394
238	342	314	355
243	415	312	389
249	418	259	302
274	417	283	311
243	420	292	329
234	425	267	330
263	421	294	315
251	425	238	277
293	434	232	236
259	427	261	197
252	413	285	186
255	444	287	203
245	431	299	192
255	432	281	152
251	441	274	197
255	423	286	170
254	450	307	191
254	430	312	142
259	460	342	173
252	428	342	171
236	427	332	150
245	460	331	181
241	429	350	203
258	427	352	189
238	429	381	162
260	435	360	208
233	427	403	181
258	421	368	173
181	482	389	208
172	440	407	257
263	411	388	255
188	425	417	295
206	386	424	349
235	380	410	339
256	398	322	279
270	422	293	240
256	424	282	236
262	416	275	213
249	430	295	189
240	432	306	235
251	423	312	219
253	428	327	180
259	432	326	169
253	439	332	128
261	433	314	118
263	470	315	117
208	445	341	141
224	434	342	142
257	435	297	119
267	463	275	140
258	436	274	152
263	431	284	139
262	431	282	129
264	431	271	140
257	429	286	122
264	446	274	144
262	432	278	134
264	431	274	124
265	439	269	153
261	444	284	116
260	437	267	118
265	482	277	107
261	462	290	123
257	434	285	129
259	435	275	119
257	460	280	136
269	437	265	138
259	438	278	122
257	436	272	119
264	466	263	128
263	437	275	156
258	435	286	131
254	432	282	126
259	433	279	141
252	434	279	137
251	430	284	126
256	433	267	123
258	434	283	141
257	437	287	137
253	435	287	117
260	432	273	125
258	432	291	140
255	431	269	135
258	436	280	138
258	441	264	128
257	440	271	115
253	437	283	138
260	431	265	123
255	434	281	122
256	433	282	129
256	435	268	118
256	432	284	135
257	434	274	128
255	432	283	140
261	435	276	132
255	437	276	132
256	432	284	134
260	433	272	123
259	433	272	132
256	434	285	123
258	435	279	125
256	436	284	129
257	435	272	123
260	437	283	121
261	436	278	114
262	438	279	121
257	434	285	127
256	433	287	122
254	433	290	134
247	432	288	121
248	429	284	138
251	433	279	136
255	433	279	137
249	437	286	101
253	432	282	118
253	430	270	126
254	432	300	131
251	429	290	130
252	432	281	126
253	438	291	127
252	442	284	128
246	435	296	123
245	435	275	125
253	430	266	135
258	433	253	117
257	435	237	137
283	428	260	144
261	432	269	122
252	433	279	131
258	438	267	123
269	431	273	112
266	433	286	117
272	430	266	116
270	433	275	130
269	438	279	116
276	436	292	110
275	428	268	126
283	434	267	116
284	435	266	112
278	434	271	120
284	434	272	100
281	431	274	110
288	429	256	105
295	434	254	119
290	435	265	135
286	439	279	111
289	438	276	113
288	436	294	130
288	437	290	134
291	439	281	133
293	437	277	150
297	436	291	142
300	432	284	128
301	434	272	128
298	433	273	126
301	436	243	126
302	439	282	116
307	435	246	129
308	439	243	138
315	428	241	145
314	437	233	125
319	429	247	127
316	433	268	124
319	434	268	133
321	430	265	139
331	431	249	134
325	433	232	124
323	435	227	126
329	430	240	129
322	439	235	119
330	441	238	124
332	431	257	127
332	435	257	134
335	435	273	134
335	433	268	119
341	434	237	143
349	434	236	138
345	438	250	129
350	430	237	132
349	441	229	124
355	430	223	128
355	439	223	120
356	438	230	122
359	436	205	124
361	432	181	135
373	428	205	126
367	438	205	122
372	437	176	127
390	428	206	137
373	434	233	131
375	424	272	142
369	434	291	126
378	430	287	117
374	428	275	126
382	431	282	118
381	429	295	124
387	428	284	126
391	433	261	119
390	433	269	128
398	431	271	123
401	427	265	122
405	429	253	126
405	432	235	135
410	424	221	142
412	434	219	117
407	444	222	114
415	429	237	126
414	422	244	132
421	426	234	123
418	430	236	117
426	426	257	120
422	428	266	118
422	430	303	109
421	423	265	130
435	424	277	124
435	424	282	129
436	428	243	121
448	433	239	116
449	433	263	116
451	432	279	116
426	429	289	132
458	432	261	118
469	433	275	120
463	441	254	117
466	440	236	113
467	442	240	118
471	438	229	117
475	434	250	120
476	437	262	111
481	431	227	124
481	432	264	120
480	432	281	118
477	424	294	126
484	420	287	128
479	428	285	111
481	423	280	118
483	426	277	116
487	420	273	118
483	417	286	127
483	419	287	119
492	421	272	119
485	426	264	118
491	427	264	116
491	424	257	112
452	430	286	110
493	424	258	114
491	424	271	115
497	426	278	116
491	424	247	126
501	429	255	118
497	430	284	114
498	417	319	133
495	429	304	122
474	425	324	124
507	426	284	128
496	426	279	128
509	425	263	127
505	427	274	124
505	428	294	129
488	427	298	117
504	427	294	137
513	424	286	130
504	425	288	130
508	424	303	131
504	428	280	125
512	426	279	129
507	419	322	136
510	421	301	133
510	419	283	148
510	431	301	126
514	426	266	127
508	429	276	128
507	429	274	121
511	426	276	129
514	426	249	138
513	431	266	130
512	427	284	132
510	430	294	127
515	427	285	137
507	429	269	133
507	431	282	125
509	426	285	137
516	427	262	137
510	429	292	136
503	422	338	155
501	424	330	138
511	428	319	138
513	431	308	134
500	430	323	140
504	428	318	138
504	425	332	140
503	431	312	136
513	429	286	137
513	434	273	127
511	435	265	134
516	433	274	136
512	436	297	139
517	427	318	148
495	432	327	135
497	430	335	141
493	437	327	139
499	435	336	144
493	442	318	134
503	434	326	145
495	433	315	143
501	433	324	150
499	441	309	142
497	431	342	144
489	438	341	143
483	439	325	141
486	441	330	141
489	436	340	153
479	442	320	144
492	438	322	151
487	439	338	156
481	434	352	148
479	439	351	148
482	434	339	162
490	443	330	148
490	450	301	142
490	436	335	151
490	443	308	148
486	435	321	165
490	438	315	157
491	444	309	151
484	438	334	156
487	448	332	143
480	436	368	170
480	443	346	157
487	441	353	165
474	442	365	162
494	440	325	167
473	446	339	164
481	447	316	166
491	447	302	156
486	451	321	149
493	448	329	153
485	448	332	166
492	447	319	160
481	457	334	153
479	455	345	146
479	460	353	152
487	450	322	157
486	455	314	160
490	450	344	168
487	445	351	172
483	438	338	176
484	449	337	167
475	444	368	179
479	452	337	175
491	456	332	175
484	450	327	174
473	448	349	176
480	447	353	179
490	453	351	174
489	455	337	178
484	463	337	171
498	442	351	195
478	456	346	180
489	458	347	176
496	467	349	173
497	461	350	178
497	462	365	176
493	455	388	184
486	465	379	170
490	473	372	165
499	463	374	172
494	481	374	165
486	473	377	166
503	478	368	169
492	476	371	165
492	470	390	169
488	471	381	175
485	465	387	171
500	461	377	188
494	457	390	186
499	465	371	177
504	468	351	176
498	471	335	178
501	469	343	181
497	473	314	168
496	475	332	164
488	474	372	166
503	476	354	169
498	462	298	196
498	456	365	210
508	475	324	171
507	467	324	179
493	462	325	176
493	450	357	183
493	443	385	197
493	445	400	199
493	452	373	188
483	453	397	186
491	449	404	193
490	452	376	194
493	458	377	187
488	463	379	189
482	464	378	172
488	462	382	180
496	442	383	211
497	451	380	214
498	458	359	193
495	465	343	182
487	459	379	184
498	459	361	184
491	464	371	181
493	453	380	194
500	457	357	193
496	456	349	192
494	457	369	189
500	459	354	189
494	459	371	189
486	456	389	187
483	467	382	185
490	455	378	206
496	457	367	197
491	459	390	196
484	465	359	185
497	465	360	185
497	460	351	194
495	470	368	191
497	460	368	190
496	458	366	195
496	465	359	193
492	465	367	188
490	458	378	199
486	460	403	194
499	461	383	191
494	462	385	194
489	461	378	188
487	461	384	196
495	465	375	191
490	465	368	187
498	446	381	204
489	452	384	199
489	463	370	186
495	457	386	196
496	455	376	198
496	455	364	194
494	452	376	204
493	460	369	193
491	463	382	199
490	461	375	188
494	462	373	196
493	459	370	202
491	458	383	205
485	462	388	200
486	455	373	210
493	460	390	205
487	456	377	201
494	453	380	211
486	456	379	206
487	461	375	202
500	460	350	202
499	452	385	208
514	466	378	200
528	470	367	191
543	452	386	192
573	447	389	204
608	459	360	187
644	459	364	190
691	463	342	179
726	474	340	172
773	471	331	168
821	465	342	180
852	464	353	177
887	467	369	175
924	464	350	195
943	466	341	180
963	473	367	178
973	465	370	192
983	469	396	187
983	468	383	185
989	474	374	185
996	465	359	187
995	468	357	182
1002	464	359	188
993	470	397	178
1004	464	358	186
1005	470	364	176
1003	467	364	180
1004	468	346	181
1003	467	366	187
1007	464	368	194
996	466	388	202
1003	459	366	184
1002	471	355	174
1000	472	342	175
1004	462	363	187
997	461	381	187
1001	465	382	180
1003	463	392	190
998	463	385	189
997	467	387	185
1002	463	392	185
995	461	397	194
1004	467	391	194
997	465	383	190
1004	461	381	190
1000	466	375	196
997	466	394	194
1000	460	404	201
1000	471	371	186
995	467	401	191
1001	467	385	188
1001	470	389	187
999	458	392	198
1003	456	400	210
993	462	404	206
998	466	405	202
999	470	390	187
1000	471	379	192
999	464	388	201
998	466	396	216
1004	462	404	201
997	466	405	201
996	467	383	195
1010	463	409	195
1002	467	408	193
1002	470	370	189
998	473	386	189
1003	471	406	191
1000	471	378	195
1000	476	371	189
1000	470	407	189
1000	468	407	202
1005	465	390	227
996	465	423	250
998	461	428	218
1010	460	397	214
1007	463	397	208
1006	459	395	213
1009	462	449	210
1012	466	427	220
1026	477	420	215
1036	482	411	202
1049	482	394	193
1068	485	402	194
1090	480	389	204
1108	483	401	205
1121	486	412	197
1130	478	415	214
1153	490	408	202
1152	486	410	212
1174	469	419	229
1170	491	432	202
1173	485	470	226
1175	489	460	223
1188	489	438	218
1196	484	479	235
1195	486	492	237
1192	493	497	218
1202	504	452	202
1190	505	432	193
1191	498	442	206
1184	496	470	228
1196	505	467	220
1199	516	425	211
1197	490	454	227
1190	493	454	239
1196	506	447	235
1189	488	463	242
1191	500	500	233
1188	506	495	225
1196	502	514	232
1196	498	478	258
1198	500	508	275
1202	500	503	232
1202	503	502	236
1215	510	469	220
1211	517	496	227
1236	513	510	263
1252	518	485	234
1272	533	436	207
1302	528	476	231
1340	531	535	277
1362	539	556	255
1398	546	509	216
1421	533	494	247
1450	542	479	241
1478	563	447	202
1483	563	440	201
1512	569	407	200
1501	587	414	181
1526	574	399	193
1532	588	395	175
1537	584	388	184
1537	600	378	171
1539	597	376	172
1535	602	378	166
1548	590	370	183
1548	603	371	173
1559	590	356	182
1551	572	358	207
1568	594	349	186
1557	605	363	178
1580	610	340	177
1606	622	327	169
1628	629	298	166
1644	639	278	163
1675	660	248	149
1685	654	229	163
1710	657	212	163
1732	671	190	162
1743	674	177	158
1755	676	163	159
1769	677	147	174
1780	677	131	174
1773	680	141	175
1776	683	141	170
1783	685	134	178
1790	683	126	186
1788	674	124	196
1783	684	130	182
1782	680	134	186
1788	683	129	184
1792	684	124	180
1799	671	120	202
1802	682	117	183
1801	681	117	188
1780	688	136	177
1780	690	136	177
1789	692	129	178
1794	684	122	179
1801	682	115	187
1807	678	108	195
1808	683	110	183
1809	688	107	178
1810	687	107	182
1812	682	105	185
1800	688	112	181
1811	681	106	187
1812	685	102	183
1820	675	98	196
1810	677	108	196
1809	684	107	190
1810	684	103	190
1810	686	105	188
1812	683	102	190
1810	684	104	194
1804	686	113	189
1807	686	110	186
1814	686	104	189
1814	688	102	186
1809	689	105	186
1807	680	108	200
1807	684	107	193
1797	687	119	190
1787	690	131	187
1793	684	126	192
1799	693	119	186
1795	688	121	188
1807	695	112	184
1807	693	107	187
1813	689	104	189
1819	690	99	190
1811	687	107	191
1814	690	104	195
1818	690	99	192
1836	691	79	191
1835	691	82	192
1830	691	88	186
1825	688	90	194
1823	692	94	189
1833	691	84	190
1825	694	92	186
1835	689	81	192
1835	687	82	195
1827	692	92	189
1832	693	87	192
1832	692	87	188
1818	698	100	181
1831	695	89	190
1826	686	92	194
1829	689	87	192
1826	689	90	189
1818	698	98	181
1821	693	95	188
1827	691	89	191
1823	692	92	190
1822	694	93	183
1823	689	94	189
1821	694	97	180
1828	692	90	185
1825	686	92	192
1820	689	97	187
1828	686	90	195
1827	683	89	192
1832	685	86	194
1832	683	84	192
1824	689	92	185
1829	692	87	181
1820	688	97	186
1823	688	95	182
1814	692	105	184
1835	685	84	184
1818	694	102	175
1816	697	102	174
1821	691	103	174
1814	695	104	174
1812	688	108	184
1832	683	89	190
1838	685	81	187
1842	679	74	196
1839	682	78	190
1843	687	76	182
1844	681	74	191
1836	686	80	187
1830	681	87	190
1827	682	91	189
1835	678	82	198
1825	694	93	175
1826	690	91	178
1831	687	87	184
1823	677	94	195
1814	684	105	184
1826	679	92	191
1824	689	92	180
1824	682	95	188
1825	684	93	183
1844	681	71	192
1838	685	80	183
1834	675	84	192
1828	677	88	190
1817	674	101	194
1816	676	101	190
1818	675	100	191
1835	674	83	198
1832	678	85	189
1829	681	88	186
1833	679	84	189
1828	683	90	184
1826	677	90	190
1828	678	92	187
1836	682	81	183
1831	677	86	188
1825	674	92	191
1828	676	87	190
1833	674	84	189
1831	675	86	184
1838	676	81	185
1832	675	85	189
1832	677	84	188
1835	676	84	183
1832	679	85	183
1814	681	102	186
1828	679	93	183
1835	677	83	186
1820	679	98	186
1812	683	106	183
1803	684	117	176
1815	687	107	175
1816	683	102	180
1837	672	79	196
1826	680	93	185
1822	680	97	186
1841	670	76	198
1834	680	85	182
1833	677	85	187
1834	674	85	191
1825	680	93	181
1825	682	93	185
1807	683	107	179
1832	681	84	186
1828	682	89	181
1829	682	89	179
1811	679	103	186
1811	677	108	185
1820	682	99	180
1823	679	94	187
1818	680	100	189
1815	679	102	191
1828	685	91	183
1830	683	89	188
1833	685	84	186
1835	685	81	183
1831	687	87	182
1834	686	85	182
1814	694	104	178
1809	688	113	184
1799	693	123	178
1813	693	110	178
1804	688	116	180
1799	693	122	176
1826	686	93	186
1835	676	82	196
1834	681	83	190
1819	683	100	187
1815	688	105	182
1814	684	107	183
1806	681	114	190
1807	687	114	179
1804	682	117	176
1801	676	123	188
1806	678	111	183
1809	676	113	185
1807	677	108	184
1796	676	125	182
1801	674	119	189
1808	674	112	185
1807	676	112	185
1815	674	105	182
1813	675	106	178
1814	675	106	176
1813	671	106	176
1807	672	109	179
1806	672	113	177
1803	666	112	183
1797	670	120	176
1795	674	125	172
1800	665	118	181
1794	663	123	176
1800	662	114	178
1796	662	119	179
1788	661	129	176
1787	656	127	180
1781	662	133	171
1786	658	131	175
1785	656	126	175
1785	659	130	176
1782	661	131	169
1785	655	130	171
1785	655	127	172
1776	649	137	170
1783	657	131	165
1788	649	128	169
1772	655	138	165
1765	648	145	162
1770	651	143	167
1767	642	146	170
1765	643	145	167
1771	643	142	167
1774	642	137	159
1771	641	141	165
1761	638	149	156
1760	641	155	157
1751	637	161	155
1755	639	159	156
1747	640	169	151
1752	640	166	153
1740	637	178	148
1756	634	156	156
1749	637	168	145
1744	635	174	147
1735	638	178	144
1742	628	173	153
1739	633	177	143
1737	632	177	142
1729	631	188	141
1734	625	181	144
1732	627	184	141
1730	627	187	140
1725	628	191	138
1725	624	190	139
1731	623	186	141
1717	622	195	145
1715	618	198	138
1717	624	200	141
1716	619	200	135
1714	620	196	139
1713	615	204	138
1715	615	200	139
1712	612	198	139
1706	615	210	128
1700	619	216	122
1702	613	217	129
1704	610	210	133
1694	610	218	129
1698	613	225	125
1691	610	227	120
1691	609	231	125
1692	604	228	126
1692	607	225	127
1698	604	223	126
1686	605	232	124
1682	607	238	119
1684	609	239	118
1680	603	235	121
1675	601	239	125
1676	606	239	112
1673	602	241	114
1674	598	238	122
1676	595	234	119
1673	590	237	123
1667	592	234	116
1670	595	248	109
1657	597	245	106
1665	590	250	112
1656	586	239	117
1654	590	246	112
1658	587	257	113
1654	582	262	118
1652	574	262	124
1650	585	266	118
1642	584	232	140
1647	579	238	162
1646	585	266	157
1656	505	267	199
1645	526	276	216
1641	547	283	222
1636	543	282	215
1632	560	284	225
1641	502	278	266
1633	519	283	247
1639	512	285	256
1636	525	283	214
1636	526	283	226
1635	520	284	255
1633	531	283	224
1628	556	295	207
1627	570	291	175
1631	553	284	183
1627	566	293	189
1629	569	284	192
1632	519	289	209
1626	519	290	207
1631	551	294	186
1633	542	282	249
1627	507	296	262
1619	552	301	224
1621	550	301	227
1610	542	297	241
1625	533	296	250
1623	530	296	253
1618	526	305	256
1620	533	303	249
1620	544	295	208
1624	560	285	170
1618	563	304	173
1622	569	294	162
1616	569	311	193
1622	570	299	203
1619	562	304	199
1626	539	295	238
1619	553	302	218
1618	518	310	241
1617	527	295	240
1621	527	292	263
1620	537	308	255
1627	532	283	254
1619	551	298	239
1619	525	297	246
1622	524	297	261
1624	538	288	233
1611	550	297	219
1611	549	310	220
1624	540	295	213
1622	555	298	192
1620	541	289	223
1624	550	293	209
1625	559	294	148
1615	568	299	121
1620	566	292	109
1614	567	300	115
1621	561	297	119
1616	559	297	130
1628	544	291	137
1624	546	289	135
1621	553	296	135
1618	549	294	127
1621	547	295	144
1612	549	299	123
1613	564	305	110
1613	562	311	112
1612	561	300	124
1618	568	299	100
1616	563	301	105
1616	560	305	112
1625	565	293	117
1635	562	286	108
1651	572	263	106
1680	572	236	112
1716	580	205	106
1751	586	194	107
1777	594	152	101
1842	599	148	104
1842	599	148	104
1842	599	148	104
1842	599	148	104
1609	872	131	93
1669	891	136	112
1728	906	152	139
