651	377	46	117
654	383	51	119
663	376	44	127
669	375	49	136
684	379	44	137
695	379	38	134
699	382	42	132
712	383	34	124
728	388	29	121
735	393	37	109
746	400	42	100
761	404	34	94
775	405	29	89
786	411	33	91
794	413	38	89
808	419	41	88
822	420	40	88
834	426	42	91
850	424	35	104
869	415	36	111
881	417	36	105
894	432	36	101
915	425	35	105
929	436	41	98
942	438	44	100
957	442	42	103
966	446	55	98
997	445	40	99
1018	451	30	91
1037	452	28	95
1054	456	30	97
1073	463	30	93
1092	464	31	95
1110	461	28	100
1130	470	25	96
1152	474	24	96
1165	477	32	101
1186	488	31	96
1203	499	29	89
1228	492	25	88
1245	508	31	96
1260	507	30	90
1283	518	32	82
1300	520	34	91
1324	518	31	88
1343	523	35	85
1359	521	34	90
1387	516	35	91
1406	529	40	105
1425	532	37	102
1446	537	41	105
1459	541	37	108
1480	547	28	106
1494	557	29	105
1504	551	30	109
1513	554	36	104
1515	560	45	112
1520	567	35	102
1521	579	40	105
1521	573	39	103
1517	577	42	110
1508	571	40	112
1496	568	44	115
1483	572	48	110
1467	575	39	106
1450	587	37	97
1430	585	42	102
1409	584	37	106
1386	583	32	107
1364	583	35	110
1338	579	40	116
1309	583	44	117
1283	587	35	105
1283	587	35	105
1283	587	35	105
1201	587	39	109
1173	594	46	98
1150	603	51	91
1122	599	47	93
1095	599	45	83
1074	606	44	99
1074	606	44	99
1074	606	44	99
1074	606	44	99
1074	606	44	99
1074	606	44	99
1074	606	44	99
993	593	48	86
990	604	44	95
988	605	37	99
992	598	29	102
992	600	32	97
991	602	35	95
998	601	32	100
1000	603	30	96
1005	604	29	95
1005	605	33	99
1011	607	31	98
1016	610	32	88
1021	614	29	88
1023	614	30	88
1028	614	30	94
1032	616	29	93
1034	619	30	93
1038	626	34	94
1044	628	32	87
1047	626	37	96
1046	630	39	98
1054	631	35	96
1055	632	38	97
1058	634	38	100
1059	638	41	97
1064	640	40	94
1067	641	40	92
1073	649	40	91
1083	652	34	95
1085	656	34	92
1089	658	33	90
1090	662	41	91
1093	662	45	93
1098	661	39	95
1103	671	34	93
1105	673	33	95
1108	672	37	100
1113	677	33	92
1116	684	36	88
1117	681	37	91
1118	683	38	96
1122	685	40	94
1130	688	33	98
1132	692	32	100
1134	697	36	104
1139	702	34	95
1141	704	29	92
1144	706	29	93
1144	708	35	93
1145	715	34	92
1144	719	38	96
1149	721	35	96
1152	720	35	95
1155	727	31	96
1156	725	37	101
1152	738	44	94
1161	737	45	85
1163	732	47	92
1165	738	36	103
1169	742	28	103
1167	736	34	119
1170	751	35	112
1176	753	38	110
1180	760	36	109
1182	761	35	113
1185	764	34	111
1188	766	32	106
1190	770	29	101
1188	781	39	94
1190	783	42	96
1191	792	45	89
1197	796	52	94
1201	802	47	93
1204	805	56	93
1209	809	62	90
1209	810	70	105
1213	814	65	103
1211	817	67	99
1216	817	69	99
1215	825	70	96
1224	825	69	94
1245	822	53	109
1248	830	55	101
1252	831	56	90
1256	827	50	96
1258	833	57	98
1256	834	59	94
1259	835	62	95
1261	841	77	99
1276	842	71	110
1282	846	64	100
1287	852	55	87
1294	852	67	92
1297	855	64	103
1296	854	57	99
1297	855	72	99
1298	862	75	99
1296	864	82	117
1311	868	83	107
1310	875	77	105
1312	878	79	117
1321	886	76	110
1332	890	72	93
1341	894	66	91
1341	896	71	93
1339	903	75	90
1347	906	71	92
1347	907	83	103
1366	909	69	107
1372	910	69	121
1373	918	60	100
1376	917	71	108
1379	927	54	98
1378	932	48	85
1384	934	42	82
1386	939	42	82
1385	946	47	79
1388	946	46	79
1408	948	33	78
1412	956	34	81
1418	960	31	76
1424	964	34	83
1426	963	39	87
1430	970	40	83
1427	974	45	82
1433	975	46	79
1437	974	54	80
1435	976	59	90
1440	977	67	95
1452	979	59	91
1463	979	50	91
1464	984	57	94
1473	983	52	93
1475	982	53	94
1476	988	57	89
1470	994	70	82
1473	993	76	84
1476	996	90	84
1482	999	97	80
1490	1001	87	79
1497	1003	87	77
1507	1002	74	80
1517	1005	73	74
1524	1002	55	78
1529	1001	52	79
1526	1002	57	80
1531	1001	65	79
1536	1005	65	77
1548	1008	62	74
1546	1004	74	81
1555	1007	66	75
1561	1009	60	77
1570	1005	51	78
1569	1007	50	79
1584	1008	48	75
1578	1009	58	72
1597	1007	55	72
1608	1006	48	73
1613	1007	47	71
1619	1010	39	66
1624	1006	39	72
1625	1006	41	72
1623	1013	52	64
1636	1014	50	65
1638	1017	49	61
1641	1012	53	67
1657	1015	53	67
1660	1015	49	64
1666	1020	46	57
1669	1021	47	57
1678	1020	43	59
1683	1020	46	62
1687	1027	44	53
1694	1024	47	57
1699	1023	44	57
1705	1021	41	61
1715	1029	45	56
1715	1033	52	48
1724	1036	56	48
1726	1036	48	45
1736	1037	51	45
1740	1037	47	43
1751	1033	42	49
1757	1031	44	49
1764	1033	46	48
1774	1036	45	46
1783	1038	40	43
1792	1039	37	42
1799	1037	38	44
1807	1041	40	41
1814	1042	43	40
1821	1041	41	42
1828	1037	41	44
1840	1038	40	42
1850	1039	41	40
1858	1044	45	38
1867	1039	46	44
1869	1044	51	39
