1850	818	61	107
1845	817	60	108
1837	817	67	99
1828	816	61	94
1821	820	58	87
1819	820	51	91
1810	818	58	96
1800	820	58	88
1796	820	52	85
1792	821	50	80
1785	821	53	86
1780	816	54	96
1777	818	52	88
1774	818	49	82
1766	823	56	89
1765	819	52	85
1764	816	49	92
1761	815	52	92
1756	814	59	94
1757	813	56	96
1752	812	58	112
1753	809	55	106
1752	811	52	100
1751	812	53	89
1750	813	50	88
1751	815	48	79
1744	817	56	91
1746	811	50	101
1743	812	50	107
1741	812	50	109
1740	811	50	113
1738	812	49	113
1734	813	51	112
1732	813	54	111
1731	814	50	100
1727	814	52	98
1727	814	49	105
1724	812	50	109
1722	815	48	97
1718	813	52	105
1716	815	51	100
1714	816	51	97
1712	816	48	92
1709	815	49	94
1707	817	49	89
1702	816	51	97
1701	816	49	89
1697	817	51	89
1695	819	48	81
1692	823	49	96
1688	817	49	102
1684	815	50	104
1681	817	49	98
1678	817	48	101
1671	816	52	116
1668	819	52	106
1664	818	53	111
1662	817	50	113
1655	818	54	119
1651	816	52	119
1647	817	50	117
1641	820	53	115
1636	820	52	107
1630	823	55	118
1624	824	54	110
1621	821	57	108
1609	827	67	105
1604	833	60	99
1604	833	53	105
1599	835	55	107
1592	837	56	108
1588	839	53	103
1585	840	52	102
1579	843	51	102
1578	845	50	94
1575	841	50	103
1575	842	47	106
1571	842	53	116
1569	844	52	115
1570	843	49	115
1567	843	50	119
1565	845	53	121
1566	842	52	127
1567	845	50	121
1566	844	51	128
1565	846	55	122
1565	849	53	111
1568	848	51	113
1569	848	49	118
1569	848	48	113
1570	847	47	122
1568	849	50	120
1568	850	50	112
1569	851	48	114
1569	852	48	108
1569	852	47	114
1568	853	48	117
1568	855	48	109
1566	858	49	118
1566	859	48	113
1565	862	49	119
1564	864	51	113
1564	863	47	113
1562	863	48	119
1562	865	47	117
1558	869	49	105
1557	870	50	111
1557	870	48	114
1557	867	48	119
1557	870	45	114
1556	872	44	117
1555	875	45	116
1553	876	49	114
1555	876	44	108
1553	881	46	104
1551	883	48	104
1553	880	43	109
1553	883	42	109
1552	882	43	111
1550	885	42	113
1549	886	41	113
1546	888	44	110
1545	891	44	112
1542	891	44	107
1541	891	45	108
1540	891	44	111
1537	891	47	111
1538	892	44	110
1538	892	43	108
1536	893	45	111
1537	892	44	112
1535	890	45	118
1535	893	44	113
1534	894	43	111
1531	895	48	115
1531	894	46	119
1532	900	46	109
1530	899	47	107
1527	899	50	115
1528	900	45	112
1525	902	48	107
1523	902	47	109
1523	902	47	113
1522	902	48	114
1520	902	50	113
1520	904	46	112
1521	909	44	108
1519	905	48	116
1522	908	45	112
1522	908	45	105
1521	907	45	119
1522	906	44	123
1522	907	44	121
1524	914	43	114
1524	911	45	122
1525	912	43	119
1526	914	43	121
1525	915	46	120
1526	914	43	122
1527	917	45	113
1528	923	45	111
1527	919	46	117
1528	924	48	114
1530	920	46	117
1530	923	47	119
1532	924	46	122
1533	920	48	127
1533	926	48	117
1535	924	46	125
1535	926	46	119
1536	928	47	116
1537	935	47	112
1538	935	48	112
1538	934	48	119
1541	935	46	118
1540	934	49	121
1540	936	48	125
1543	934	46	124
1545	937	46	120
1545	943	45	113
1546	939	46	123
1547	940	46	118
1549	936	44	131
1550	939	43	128
1552	939	43	127
1549	949	47	120
1551	953	44	113
1552	951	45	115
1552	957	45	111
1551	957	47	113
1551	960	51	110
1552	957	52	113
1555	961	53	109
1560	959	52	107
1565	959	49	104
1562	957	55	109
1564	954	55	106
1565	953	57	108
1566	951	59	112
1570	955	54	103
1571	952	56	112
1569	950	61	121
1569	951	61	112
1570	948	62	120
1567	949	65	119
1565	950	71	115
1560	950	79	111
1557	948	84	121
1556	946	88	123
1556	946	90	123
1568	943	77	128
1575	944	67	127
1577	939	68	130
1582	938	62	133
1584	936	64	135
1586	938	64	134
1586	940	66	126
1588	938	68	130
1590	939	66	130
1592	942	70	121
1593	938	72	127
1597	943	71	119
1601	943	69	120
1603	938	72	129
1607	947	77	116
1612	943	69	113
1614	949	68	106
1620	946	63	110
1619	947	65	109
1619	945	70	118
1624	937	66	123
1626	936	64	123
1629	935	61	118
1625	939	72	106
1626	936	70	112
1627	936	71	112
1630	936	67	117
1628	935	68	106
1627	935	69	110
1632	932	67	116
1634	929	62	123
1635	923	65	130
1638	915	63	140
1643	918	60	132
1642	915	59	131
1645	914	57	134
1645	913	58	137
1644	914	60	131
1646	910	59	139
1646	914	57	136
1646	913	61	132
1647	906	57	139
1648	909	57	127
1647	910	56	126
1645	907	60	120
1644	903	61	124
1641	902	65	129
1639	902	66	123
1642	902	62	116
1640	903	66	113
1641	900	62	119
1640	897	63	117
1641	897	60	117
1640	897	60	104
1638	896	63	116
1635	892	68	121
1635	887	65	121
1636	890	62	112
1635	883	66	121
1637	883	63	119
1636	881	63	120
1638	884	60	115
1639	881	56	118
1640	877	56	117
1641	875	54	120
1640	879	54	113
1639	877	54	120
1639	875	51	126
1637	876	57	114
1635	872	60	125
1636	872	59	115
1636	874	58	108
1636	873	59	104
1634	869	60	112
1631	866	60	108
1625	865	60	109
1613	860	61	110
1595	859	65	105
1572	850	59	107
1551	844	56	105
1520	836	56	107
1494	833	52	86
1474	835	48	71
1453	830	47	70
1433	826	46	67
1420	821	45	71
1410	819	39	71
1400	815	43	70
1391	814	44	72
1386	811	42	73
1380	809	47	81
1377	806	46	86
1375	803	47	91
1373	804	47	86
1373	799	44	101
1372	799	45	96
1372	799	43	97
1370	799	45	90
1371	799	43	94
1373	798	42	94
1371	798	44	87
1371	797	43	89
1371	797	42	90
1372	796	38	88
1371	794	39	92
1370	792	40	93
1370	790	41	95
1369	792	40	92
1368	791	43	91
1367	786	41	92
1365	787	43	93
1365	785	41	99
1365	782	38	107
1364	782	39	102
1363	782	39	103
1362	784	41	97
1359	783	41	97
1360	782	39	98
1359	780	39	104
1357	778	41	102
1357	775	42	100
1355	775	42	94
1355	776	39	94
1353	773	39	100
1353	773	41	95
1351	775	39	89
1352	774	36	96
1351	772	39	95
1350	770	39	96
1349	771	39	96
1348	768	41	98
1349	769	38	99
1347	768	39	96
1346	767	41	95
1345	766	39	92
1345	764	38	98
1346	763	38	92
1346	764	36	86
1344	763	36	88
1345	764	36	84
1346	763	34	80
1342	763	37	79
1342	762	37	85
1342	761	40	80
1340	760	38	81
1339	759	40	85
1339	759	41	77
1339	761	37	68
1337	759	40	71
1338	756	37	74
1336	753	37	80
1336	751	36	84
1334	749	37	83
1332	748	39	82
1332	749	40	74
1332	749	41	75
1329	744	42	81
1329	742	40	85
1330	740	36	83
1327	743	41	71
1327	744	39	65
1327	743	36	65
1327	741	34	71
1328	742	33	67
1327	744	33	62
1328	742	31	64
1326	739	34	67
1325	737	30	72
1324	735	32	67
1323	738	33	57
1323	736	31	57
1321	734	32	56
1320	738	31	60
1321	731	31	63
1318	735	30	68
1318	730	29	68
1317	726	36	63
1316	726	35	65
1315	725	33	70
1314	724	30	72
1311	723	34	69
1311	725	34	69
1310	722	31	72
1310	722	30	71
1310	721	32	76
1310	719	30	83
1307	716	35	83
1308	717	34	77
1307	715	38	77
1308	715	30	73
1305	716	41	65
1306	719	41	59
1305	718	36	59
1304	720	35	53
1303	721	33	53
1301	721	34	51
1304	720	34	54
1302	720	41	56
1303	724	34	56
1303	722	32	55
1302	723	31	55
1302	722	31	53
1303	726	30	54
1305	722	29	53
1304	725	30	53
1306	726	25	57
1301	721	32	64
1303	722	31	62
1304	720	30	64
1305	724	28	56
1301	726	36	60
1305	726	28	59
1301	729	36	64
1302	730	34	63
1303	729	33	65
1299	731	36	65
1305	734	31	64
1301	730	35	67
1301	729	35	74
1302	728	33	79
1302	731	34	74
1306	731	29	72
1304	732	30	74
1305	734	30	79
1305	736	29	78
1305	736	29	78
1305	736	29	78
1305	736	29	78
1305	736	29	78
1305	736	29	78
1305	736	29	78
1305	736	29	78
1305	736	29	78
1305	736	29	78
1305	736	29	78
1313	749	35	79
1312	749	36	81
1312	751	32	78
1313	751	33	81
1313	749	37	88
1313	756	39	83
1316	757	35	81
1313	757	36	82
1312	757	38	80
1311	759	44	82
1312	762	38	75
1310	762	44	72
1311	763	33	78
1304	764	39	79
1291	762	31	78
1275	763	34	74
1257	761	31	67
1241	760	29	59
1213	756	34	58
1190	755	26	64
1190	755	26	64
1190	755	26	64
1190	755	26	64
1190	755	26	64
1190	755	26	64
1190	755	26	64
1190	755	26	64
1190	755	26	64
1190	755	26	64
1190	755	26	64
1190	755	26	64
1190	755	26	64
1190	755	26	64
1190	755	26	64
1190	755	26	64
1190	755	26	64
1190	755	26	64
1190	755	26	64
1190	755	26	64
1190	755	26	64
1190	755	26	64
1190	755	26	64
1190	755	26	64
1190	755	26	64
1190	755	26	64
1190	755	26	64
1190	755	26	64
1190	755	26	64
1190	755	26	64
1190	755	26	64
1190	755	26	64
1190	755	26	64
1190	755	26	64
1190	755	26	64
1190	755	26	64
1190	755	26	64
1190	755	26	64
1190	755	26	64
1190	755	26	64
1190	755	26	64
1190	755	26	64
1190	755	26	64
1190	755	26	64
1190	755	26	64
1190	755	26	64
1190	755	26	64
1190	755	26	64
1190	755	26	64
1190	755	26	64
1190	755	26	64
1190	755	26	64
1190	755	26	64
1190	755	26	64
1190	755	26	64
1190	755	26	64
1190	755	26	64
1190	755	26	64
1190	755	26	64
1190	755	26	64
1190	755	26	64
1190	755	26	64
1190	755	26	64
1190	755	26	64
1190	755	26	64
1190	755	26	64
1190	755	26	64
1190	755	26	64
1190	755	26	64
1190	755	26	64
1190	755	26	64
1190	755	26	64
1190	755	26	64
1190	755	26	64
1190	755	26	64
1190	755	26	64
1190	755	26	64
1190	755	26	64
1190	755	26	64
1202	714	34	62
1100	627	40	60
1100	627	40	60
1100	627	40	60
1197	662	51	57
1197	662	51	57
1091	627	59	68
