993	708	34	104
995	702	34	106
993	700	38	112
990	700	42	116
991	698	42	123
995	692	38	121
996	689	36	126
997	696	39	128
996	702	42	120
998	700	38	124
995	706	44	118
996	716	48	111
997	695	44	117
1004	697	39	111
1002	690	40	105
1004	692	41	100
1006	690	40	103
1008	698	36	96
1011	689	35	102
1009	689	37	106
1008	686	43	106
1012	686	42	105
1013	685	42	109
1014	691	39	99
1016	687	36	106
1015	684	37	108
1015	684	37	108
1013	694	43	98
1013	684	44	100
1018	684	41	103
1019	686	45	100
1022	683	37	101
1026	685	39	99
1025	681	38	103
1029	681	37	99
1027	680	39	104
1025	679	43	102
1027	680	42	101
1031	685	39	99
1031	682	41	96
1032	681	40	99
1033	687	40	89
1033	670	37	100
1037	682	33	99
1040	688	33	98
1037	683	37	91
1037	678	37	96
1039	673	37	84
1042	682	34	82
1039	670	36	75
1043	673	33	78
1043	673	33	78
1042	675	39	80
1043	671	39	83
1043	656	36	90
1044	675	38	87
1045	672	36	81
1045	672	36	81
1005	780	41	90
1046	680	42	82
1046	680	42	82
1049	671	37	91
1048	667	39	83
1048	667	39	83
1050	674	40	88
1050	674	40	88
1054	655	39	76
1052	669	41	78
1061	663	32	69
1065	671	27	60
1068	673	24	55
1066	697	23	63
1063	672	30	65
1059	686	31	72
1067	676	31	73
1061	687	32	70
1065	692	27	65
1065	692	27	65
1070	667	30	62
1070	676	35	65
1068	669	32	64
1063	666	35	54
1065	661	36	64
1070	664	30	66
1072	669	29	63
1072	669	29	63
1076	680	26	68
1080	666	22	70
1080	666	22	70
1080	666	22	70
1078	667	26	75
1076	666	27	78
1070	661	34	88
1069	662	39	90
1070	661	35	94
1077	661	29	88
1081	664	27	83
1073	662	34	85
1073	662	34	85
1073	662	34	85
1073	662	34	85
1074	659	39	88
1082	653	32	96
1080	659	39	91
1085	655	35	94
1083	659	35	94
1083	657	35	93
1085	664	32	88
1085	649	33	101
1088	651	32	102
1085	643	38	112
1085	643	38	112
1088	638	37	113
1088	654	34	102
1088	654	34	102
1090	643	35	113
1092	639	31	117
1093	652	30	107
1093	652	30	107
1093	652	30	107
1094	654	31	100
1097	639	27	103
1099	650	27	101
1097	639	28	105
1099	648	27	102
1051	545	36	96
1096	649	34	104
1099	658	30	96
1099	655	32	105
1102	652	31	104
1102	652	31	104
1104	640	28	105
1104	640	28	105
1105	659	31	101
1105	659	31	101
1104	656	33	98
1104	656	33	98
1108	653	33	88
1105	663	37	93
1108	670	42	88
1109	671	34	86
1109	671	34	86
1103	657	36	87
1104	672	37	87
1108	664	35	79
1108	671	39	87
1111	664	38	95
1111	664	38	95
1111	664	38	95
1111	664	38	95
1113	667	37	95
1113	667	37	95
1048	568	45	85
1048	568	45	85
1120	673	38	83
1120	673	38	83
1120	673	38	83
1120	673	38	83
1128	704	32	87
1128	664	34	85
1128	664	34	85
1131	668	38	80
1124	669	44	82
1131	670	43	88
1131	670	43	88
1131	670	43	88
1131	670	43	88
1131	670	43	88
1133	688	49	85
1149	675	40	89
1147	664	42	93
1147	664	42	93
1152	667	34	90
1150	668	34	88
1150	668	34	88
1150	668	34	88
1150	668	34	88
1118	657	34	84
1118	657	34	84
1118	657	34	84
1060	702	32	74
1060	702	32	74
1047	660	33	82
1047	660	33	82
1033	666	32	91
1021	655	40	100
1023	651	40	104
1023	656	33	100
971	733	39	98
1020	658	38	96
1021	655	45	98
1023	657	51	99
1033	636	49	101
1101	709	37	116
1101	709	37	116
1101	709	37	116
1031	655	44	119
956	681	55	127
956	681	55	127
956	681	55	127
815	660	47	135
803	662	60	130
803	662	60	130
996	653	70	109
1014	655	54	90
1018	652	49	88
1029	656	43	93
1032	654	39	108
1036	658	41	110
1038	649	32	93
1040	655	33	86
1041	661	37	97
1041	654	43	95
1041	651	45	96
1046	649	39	94
1048	650	41	102
1050	647	37	103
1050	641	41	93
1051	648	43	96
1053	636	39	91
1052	646	39	100
1052	638	40	102
1055	639	37	103
1054	637	38	96
1177	647	39	95
1052	641	40	100
1054	638	39	100
1052	633	39	104
1053	631	42	109
1056	632	36	109
1052	629	41	99
1051	632	39	96
1052	633	40	99
1052	627	38	106
1055	632	36	93
1052	637	40	93
1053	632	37	103
1052	630	38	95
1052	629	36	85
1053	635	37	86
1052	631	37	89
1049	631	41	75
1053	638	37	83
1051	639	41	94
1048	635	42	103
1052	635	36	101
1052	633	38	102
1054	637	32	97
1048	639	34	93
1053	625	25	100
1050	620	29	109
1050	621	30	112
1046	632	35	99
1045	633	42	85
1044	636	39	93
1043	630	39	96
1045	637	36	95
1041	634	38	98
1044	636	33	98
1045	626	32	101
1045	628	35	102
1045	629	31	102
1044	631	36	100
1044	635	35	101
1043	637	32	97
1041	637	35	95
1040	637	35	95
1041	637	34	91
1039	637	38	88
1041	636	40	104
1039	631	36	90
1036	627	41	86
1042	629	33	80
1037	620	37	83
1042	632	31	74
1043	644	30	81
1039	629	33	75
1036	638	34	79
1036	643	33	79
1029	638	43	85
1030	633	45	97
1029	624	45	109
1032	622	40	109
1033	623	35	102
1034	623	33	104
1031	622	37	98
1029	618	41	101
1034	622	32	97
1034	620	31	102
1032	623	33	100
1031	621	34	96
1031	619	31	93
1033	621	30	96
1034	621	28	96
1035	623	28	96
1030	624	34	97
1029	621	40	97
1029	624	42	96
1029	623	35	100
1031	617	31	104
1029	620	35	111
1030	620	32	96
1028	620	34	99
1030	625	30	92
1028	624	31	92
1032	622	30	95
1033	622	29	95
1033	622	38	93
1030	621	39	97
1021	619	44	95
1028	618	38	96
1033	615	29	107
1033	604	26	119
1030	605	28	112
1030	610	30	100
1032	609	29	101
1032	607	31	101
1033	621	29	90
1026	608	33	96
1026	614	31	85
1028	608	30	89
1024	609	32	83
1020	613	37	81
1022	606	38	89
1022	604	39	82
1025	602	35	85
1028	599	31	87
1023	601	33	96
1025	602	34	94
1023	603	36	92
1022	603	35	90
1025	605	32	87
1022	607	33	90
1024	608	31	87
1022	606	35	89
1020	605	37	78
1019	606	37	83
1020	609	35	72
1024	608	32	81
1022	607	33	82
1025	604	31	83
1019	604	35	80
1022	604	33	81
1023	603	35	87
1023	606	32	84
1021	601	34	89
1021	602	33	90
1024	605	33	86
1022	604	34	87
1020	607	33	89
1020	607	35	86
1020	603	37	88
1020	603	37	86
1018	599	39	89
1019	604	39	84
1016	604	41	81
1018	607	41	82
1003	602	52	83
1017	608	39	76
1017	609	49	78
1012	607	47	82
1016	612	38	78
1014	605	34	82
1014	607	30	83
1016	610	30	82
1020	606	25	74
1018	614	28	78
1020	616	30	80
1015	606	32	87
1017	606	39	95
1019	608	29	86
1017	604	28	83
1016	607	28	78
1018	607	25	72
1017	608	26	76
1015	607	30	77
1016	608	28	83
1014	608	29	88
1015	610	29	82
1014	613	26	90
1012	612	30	87
1013	610	30	79
1013	610	28	77
1011	610	30	79
1013	609	28	80
1007	609	34	77
1008	609	32	72
1008	615	31	75
1010	612	29	74
1007	608	30	76
1005	607	31	82
1004	606	31	89
1001	606	35	84
999	607	36	84
1000	608	37	82
1002	608	32	87
1000	605	36	88
998	606	33	90
1004	601	29	96
1004	597	27	88
999	608	32	78
1001	604	30	75
999	612	29	78
1001	603	30	72
1004	603	24	67
999	620	26	70
999	610	28	82
1001	607	28	87
998	607	29	89
996	608	33	89
998	611	29	85
992	610	37	86
991	609	33	92
992	616	33	90
992	606	32	89
991	614	33	88
990	613	35	88
987	617	32	78
988	615	32	81
987	599	32	87
983	604	38	92
984	607	35	92
985	606	36	95
980	604	41	91
981	605	33	87
981	605	29	85
982	609	30	90
984	608	29	88
982	612	32	87
979	611	39	91
979	609	39	88
980	609	37	90
978	612	38	84
981	610	33	93
980	611	35	98
980	609	36	89
980	610	32	92
982	608	30	99
982	610	32	96
980	612	32	95
980	608	34	101
980	609	36	100
978	612	42	96
981	612	33	93
980	614	36	92
979	617	39	90
978	609	40	95
983	608	35	103
982	610	37	93
975	605	46	100
979	616	39	93
983	616	31	93
984	614	29	96
986	618	31	88
981	620	33	85
983	620	36	82
987	622	26	81
982	620	31	83
982	621	33	83
977	620	32	84
974	623	36	81
979	624	39	94
972	620	44	97
978	617	34	99
980	617	33	102
982	618	37	100
979	621	34	93
978	624	37	86
978	618	34	85
978	618	33	89
980	614	30	90
983	613	27	94
976	605	35	99
977	592	31	100
980	611	32	87
972	607	36	87
975	604	33	97
976	604	30	99
974	603	34	94
972	599	33	97
971	596	30	103
971	600	29	95
969	603	32	95
968	603	35	86
967	600	34	97
970	603	32	95
966	604	33	89
961	600	35	94
966	604	31	86
959	597	34	89
958	605	37	86
959	602	33	88
957	602	34	87
955	604	33	82
955	601	35	91
951	596	39	98
954	603	37	96
951	608	39	89
951	608	41	95
955	615	39	87
955	616	38	80
955	610	39	93
954	604	40	100
959	605	36	96
957	604	37	93
954	607	38	90
956	606	37	94
955	607	41	92
958	611	39	91
961	617	37	85
964	621	33	85
962	617	36	85
964	623	36	85
964	626	37	85
967	623	38	86
968	621	38	86
973	621	29	83
973	621	32	79
970	620	38	91
970	622	39	88
977	620	31	95
975	623	39	81
977	618	37	88
981	618	36	90
980	621	41	93
982	621	42	85
987	622	34	85
988	623	34	87
995	622	30	96
997	629	29	88
993	632	33	82
997	631	30	79
998	636	32	72
1002	636	30	70
1000	635	37	73
1004	634	33	71
1003	631	35	64
1004	636	35	71
1004	634	37	74
1005	638	35	70
1012	636	29	77
1014	635	32	79
1016	633	31	80
1015	635	32	82
1013	631	31	84
1014	627	31	86
1017	631	31	88
1014	636	36	81
1018	631	31	85
1017	634	33	81
1015	634	38	81
1014	631	38	82
1022	631	33	87
1022	635	28	79
1021	639	27	73
1022	639	29	75
1022	635	33	79
1018	634	41	81
1018	637	41	73
1022	635	34	79
1020	632	36	86
1020	633	37	90
1022	635	37	86
1024	635	37	88
1025	636	36	80
1027	636	34	80
1021	636	38	85
1030	639	32	81
1035	637	29	82
1028	637	33	83
1027	637	38	87
1032	636	38	87
1031	627	32	97
1033	630	33	103
1031	627	36	102
1031	639	40	96
1033	643	33	86
1027	641	39	82
1033	643	35	84
1030	644	33	85
1034	646	31	86
1034	649	34	83
1033	648	32	76
1032	649	30	81
1029	642	33	92
1024	648	36	87
1029	642	32	95
1026	646	32	90
1021	645	36	91
1022	646	35	87
1019	646	36	89
1014	644	43	94
1015	650	40	85
1019	651	35	84
1021	654	31	81
1014	655	33	83
1006	654	41	84
1006	654	39	89
1005	656	39	86
1008	657	36	88
1009	652	35	97
1008	654	31	86
1006	657	34	85
1003	659	36	87
1000	654	36	95
995	656	39	91
996	655	37	94
991	663	43	86
991	660	41	92
993	660	38	93
988	660	37	95
989	661	38	96
985	662	42	95
987	669	39	95
983	668	40	95
983	668	39	97
983	671	39	95
982	672	36	92
982	669	39	98
979	674	40	99
972	675	47	104
975	675	40	108
972	672	39	109
966	678	50	109
970	674	46	111
968	677	48	109
971	683	43	99
970	676	38	105
973	684	37	106
966	686	43	101
968	687	41	104
968	688	40	99
970	687	38	101
965	685	43	108
971	683	36	116
966	687	42	104
967	686	39	102
966	692	37	92
963	691	40	95
966	691	35	90
960	688	40	95
962	689	36	93
960	685	39	85
954	685	43	99
951	679	52	103
950	683	47	105
942	682	53	101
942	685	53	100
943	680	51	102
941	682	50	104
940	676	52	107
932	671	59	113
936	671	58	107
937	675	55	94
931	676	58	94
935	671	54	95
941	669	43	96
941	671	47	91
938	671	50	92
942	672	44	97
939	670	43	94
939	672	46	86
938	671	48	95
936	669	47	92
937	670	44	92
940	672	41	93
941	671	40	96
939	667	41	97
937	669	45	93
937	667	44	90
937	671	46	87
934	669	48	90
936	672	45	83
939	655	37	73
939	666	38	67
938	668	39	76
936	665	40	79
932	664	46	68
936	672	40	80
935	667	42	96
930	660	47	102
936	657	36	107
938	656	35	113
935	660	39	115
934	661	44	110
928	665	45	103
931	667	47	106
930	671	41	96
923	667	43	99
925	666	43	103
927	666	37	92
932	668	35	90
929	664	34	98
925	670	43	94
920	667	52	108
919	669	47	103
929	670	35	98
928	669	35	109
923	669	37	115
914	669	50	116
918	678	49	104
910	671	51	108
914	673	47	121
919	666	40	126
921	668	40	125
919	672	44	117
915	672	43	123
913	671	46	132
913	670	46	130
914	668	40	123
912	668	40	130
917	671	36	131
914	672	40	122
909	675	45	115
911	677	41	112
908	673	42	113
905	681	49	105
909	685	42	101
910	679	40	104
899	688	49	95
904	684	43	102
897	688	50	94
903	692	43	87
893	695	48	88
900	689	41	90
907	688	30	93
904	686	32	101
897	689	39	102
893	688	41	97
886	692	51	98
891	695	46	99
890	699	42	95
888	694	45	98
888	696	47	97
883	692	49	101
889	694	47	107
890	689	46	112
890	692	42	105
889	694	46	105
887	696	53	106
887	696	48	102
892	698	43	102
899	708	40	97
897	702	37	102
893	701	39	112
889	697	46	114
897	703	38	124
899	696	33	129
893	703	42	125
892	704	44	124
888	709	49	123
888	711	49	120
885	712	52	111
894	709	41	108
892	717	38	116
890	714	42	95
882	718	47	90
894	731	40	87
899	732	37	98
904	737	30	105
904	740	30	101
898	729	35	115
898	733	38	115
898	732	36	120
895	734	43	124
896	742	44	116
893	742	45	114
890	745	47	96
883	751	51	89
883	751	51	89
887	726	50	84
892	739	42	81
894	748	41	81
893	736	45	77
899	750	37	63
900	748	33	65
898	747	36	68
898	747	35	61
896	743	37	66
894	738	36	71
896	741	35	68
896	742	37	69
892	742	44	71
891	739	46	72
888	740	52	70
887	741	53	70
893	746	48	82
894	739	45	79
893	729	49	81
890	733	53	75
886	726	54	79
897	736	48	77
899	732	46	77
897	733	46	91
900	729	48	106
902	722	50	113
903	724	51	115
907	728	45	111
905	723	50	113
908	724	52	112
918	718	42	115
911	727	52	105
916	730	52	98
927	724	42	109
928	729	44	102
929	727	37	108
930	701	36	99
928	720	38	89
921	721	43	90
910	723	49	79
898	733	51	95
890	733	54	97
872	734	62	101
854	735	51	112
842	726	47	118
821	732	51	108
798	731	53	108
778	730	47	100
748	732	60	112
723	741	57	99
682	738	54	98
661	735	52	114
631	744	56	109
618	750	46	98
604	746	41	107
590	752	41	100
566	749	56	103
567	750	54	109
568	750	51	121
567	749	46	122
569	748	42	117
567	748	52	125
560	750	62	110
574	752	53	97
582	745	42	94
585	751	54	91
582	753	63	97
585	747	64	105
591	741	63	114
592	739	63	115
595	736	66	113
600	741	63	100
601	736	65	104
590	731	78	118
604	733	66	106
602	738	71	99
609	731	68	104
613	731	62	106
621	729	54	111
629	725	49	115
632	719	45	113
625	721	55	118
625	722	61	110
629	716	56	108
631	717	53	106
629	718	55	103
633	717	53	98
638	716	47	97
637	712	48	99
635	713	52	100
635	709	50	106
635	708	50	109
641	706	45	107
638	707	49	104
634	705	50	109
641	703	42	112
638	704	46	113
640	701	45	125
639	699	46	108
647	702	44	108
645	704	44	102
646	700	45	114
647	695	43	118
650	690	41	122
647	686	48	112
650	691	43	108
653	693	40	98
653	692	41	99
651	692	44	101
653	692	42	101
657	693	38	96
658	696	41	93
657	697	42	93
649	693	46	89
654	697	43	88
657	698	41	82
657	692	42	89
656	692	41	87
659	693	38	87
651	692	46	91
654	686	43	101
652	687	44	99
652	686	45	100
660	687	38	95
652	685	48	92
657	685	44	91
660	685	43	95
657	682	43	101
656	683	43	96
662	685	35	92
665	684	31	99
662	682	35	92
655	679	42	95
648	679	49	81
646	679	51	75
650	680	48	68
653	680	45	71
656	678	44	71
651	677	51	70
651	678	49	68
655	677	41	65
662	679	33	64
663	679	32	63
667	677	26	66
665	679	26	59
661	678	33	57
660	684	31	62
658	676	36	66
655	677	41	72
655	676	42	73
653	670	44	64
655	672	38	56
659	670	35	53
653	668	36	52
652	667	40	58
656	665	35	61
660	673	32	72
659	668	31	76
658	664	32	83
654	662	39	85
653	666	39	80
654	664	38	72
655	662	35	77
652	661	37	64
654	664	36	72
655	663	35	63
656	660	34	62
656	664	35	58
654	658	37	64
653	660	33	62
651	658	30	61
651	665	31	57
650	664	31	56
650	664	31	54
646	663	30	52
646	666	32	59
646	664	33	56
648	667	27	53
645	665	25	57
641	666	30	55
637	664	34	61
636	668	31	64
633	670	33	78
631	664	36	88
632	666	34	94
628	666	37	99
628	660	32	97
626	664	34	99
629	668	33	92
616	663	38	100
619	664	38	96
618	664	27	98
613	658	30	103
613	667	37	98
608	670	31	100
610	666	27	98
608	671	30	83
603	671	35	89
602	673	34	77
595	674	43	85
581	668	48	72
584	673	42	61
581	678	40	69
591	675	35	68
593	677	27	57
588	676	33	53
582	680	32	58
578	694	35	68
578	678	34	82
572	673	40	78
571	673	40	87
569	679	37	76
565	680	39	65
565	687	40	61
565	686	35	62
564	685	34	64
563	688	37	67
563	688	31	65
561	694	32	74
561	690	30	65
561	694	30	60
556	694	32	59
554	694	33	64
555	696	30	66
553	697	32	61
552	702	32	59
550	704	33	68
543	709	38	70
540	707	42	76
538	705	48	67
542	710	47	65
540	711	44	64
540	714	46	62
539	713	45	63
537	713	46	66
546	713	40	68
541	717	46	62
543	722	45	60
549	718	36	66
552	719	34	66
549	727	38	64
549	726	40	64
550	733	38	64
554	734	38	55
556	738	35	57
556	741	33	60
554	739	39	65
553	742	38	67
547	740	48	71
550	745	43	76
553	745	38	73
549	750	40	72
538	752	45	71
534	755	42	71
518	759	41	72
499	765	39	65
480	771	37	66
436	781	41	69
398	793	41	61
349	809	45	66
323	810	38	63
271	826	46	68
208	846	40	69
208	846	40	69
