731	591	55	135
731	593	51	135
731	597	51	133
728	593	49	133
727	589	49	140
726	588	50	134
728	596	49	130
726	593	51	133
728	588	46	136
727	586	44	137
728	594	45	132
726	596	45	128
726	600	47	125
724	591	52	130
723	587	49	136
724	590	43	127
723	586	47	139
722	580	48	138
716	590	53	123
718	587	49	127
719	590	48	127
721	587	46	130
720	584	43	133
719	592	44	124
723	592	39	124
722	593	41	127
720	593	41	122
719	592	46	120
717	593	45	118
719	589	42	116
718	583	41	126
718	583	43	114
720	579	42	124
718	578	42	121
718	583	42	120
720	586	38	109
714	577	48	124
716	575	48	128
721	571	44	129
725	574	44	121
732	572	49	123
739	563	47	132
753	567	47	126
760	575	59	112
752	569	81	116
787	564	72	122
817	561	62	125
817	561	62	125
866	557	59	122
883	558	57	117
906	557	49	113
906	557	49	113
936	563	40	102
944	557	47	113
942	549	50	124
956	557	42	112
953	555	48	114
950	548	56	132
952	550	52	117
953	550	56	123
959	550	50	117
959	550	50	109
963	551	46	108
963	541	43	117
963	543	42	113
965	544	42	106
964	538	42	112
958	536	47	119
964	542	44	113
961	539	45	112
965	540	41	108
964	545	43	103
966	540	40	102
968	541	34	108
968	541	39	106
969	541	38	101
970	549	32	95
969	546	34	95
965	530	43	104
965	530	42	107
968	529	38	112
968	530	40	109
966	526	46	116
964	519	49	119
967	520	40	118
965	526	44	106
964	525	46	105
965	524	43	103
968	521	38	111
968	523	40	106
967	524	41	107
968	524	40	105
970	521	40	106
969	519	42	108
968	526	43	100
968	522	42	102
968	522	41	103
966	518	43	96
967	517	44	100
968	517	42	104
967	516	44	106
969	515	39	99
969	519	38	95
963	512	45	106
966	514	46	100
965	508	41	103
966	525	41	101
967	522	39	90
966	515	38	93
962	518	42	94
964	515	40	100
963	514	39	97
964	508	40	102
963	514	37	101
966	502	34	103
964	501	33	108
963	503	32	102
963	506	33	94
962	500	33	101
962	495	30	106
958	491	38	112
956	496	40	110
957	492	42	120
956	495	35	100
956	500	36	97
954	498	41	99
955	495	38	107
954	495	38	107
955	494	38	112
954	494	34	96
954	496	37	97
953	500	38	99
953	495	41	105
949	494	43	102
949	492	43	104
952	491	36	103
952	497	34	97
952	496	35	100
952	500	37	92
952	498	33	95
951	495	31	102
950	499	32	95
946	494	37	96
946	493	39	102
942	488	42	106
945	494	39	97
945	490	36	102
942	491	37	100
942	490	38	106
941	489	43	102
941	493	39	94
940	499	37	89
946	504	40	89
943	504	36	90
942	503	31	91
943	501	30	91
940	496	34	97
940	502	37	96
940	498	33	102
938	499	38	105
937	506	39	104
935	502	40	100
935	497	42	106
934	497	41	112
929	491	42	110
929	495	42	116
931	490	33	110
926	497	41	106
924	500	38	105
925	507	40	103
925	518	36	90
923	523	36	87
921	510	45	97
921	523	42	98
920	527	39	90
917	533	45	90
918	537	44	91
908	527	41	94
909	515	41	107
907	510	40	108
909	509	34	109
912	525	33	107
907	511	40	106
904	516	40	96
905	532	40	100
904	538	36	92
902	517	34	100
900	511	31	108
904	511	30	111
895	506	33	112
896	505	38	110
894	506	41	120
895	504	35	105
894	500	36	112
892	498	37	118
888	500	40	107
889	501	37	100
876	517	46	104
882	498	46	110
881	499	43	114
884	498	40	116
885	498	35	113
886	498	36	108
886	500	33	102
886	500	33	106
883	497	36	109
884	498	34	106
884	501	37	111
883	500	38	112
879	499	43	109
877	495	43	113
882	499	38	104
881	497	36	107
882	495	37	101
880	492	36	106
877	494	41	102
879	495	38	103
881	493	34	106
880	493	33	100
879	495	36	101
878	496	38	96
880	495	35	99
878	495	37	100
875	495	37	97
881	493	31	106
878	494	33	105
879	493	33	106
877	493	37	99
875	493	37	112
875	492	38	99
876	492	38	108
877	489	35	96
878	492	34	93
874	488	39	95
875	490	38	90
875	489	39	93
874	486	40	99
875	487	37	98
876	488	38	105
872	483	40	101
876	483	39	103
877	487	35	103
877	485	36	93
873	488	41	93
872	484	41	106
873	486	39	104
874	488	40	92
874	485	40	97
874	486	39	104
874	483	40	110
874	487	40	102
875	483	40	101
873	485	41	109
873	484	41	107
873	486	41	119
872	483	39	116
874	484	40	106
874	486	37	100
875	483	36	96
874	487	37	93
875	487	36	93
875	489	36	89
875	489	34	90
876	487	36	94
875	485	36	94
874	488	36	90
874	487	37	94
874	489	37	99
871	490	36	90
872	487	36	103
871	489	36	100
871	488	36	98
871	491	37	100
870	491	36	101
871	489	37	99
870	492	35	98
871	491	34	90
868	491	36	94
867	493	39	98
867	488	37	97
868	489	36	100
868	494	37	99
868	497	36	107
863	491	42	99
864	495	39	104
863	496	38	97
864	498	38	95
861	498	40	99
860	497	42	98
859	495	42	95
857	494	41	97
857	495	39	95
859	494	37	103
857	493	39	96
855	492	38	99
854	488	37	100
854	489	38	98
853	486	38	98
853	485	38	96
853	485	35	94
852	487	37	94
850	483	36	97
848	479	41	109
849	478	36	105
846	475	37	104
844	476	37	111
843	478	40	110
840	479	39	107
841	475	36	106
838	478	36	97
837	475	39	106
835	474	38	104
833	475	38	100
832	476	38	99
832	476	36	95
828	477	39	97
828	474	38	97
825	474	40	99
824	474	39	105
822	477	41	109
820	477	41	97
817	479	44	96
816	477	45	108
816	478	46	108
814	479	41	97
813	481	43	92
813	480	42	96
811	480	39	92
810	479	41	92
810	480	38	93
809	480	35	87
807	480	36	90
807	481	35	90
805	481	36	92
802	480	36	92
800	483	38	92
799	483	37	88
798	484	37	91
795	484	36	88
793	485	37	94
791	485	39	98
789	486	39	94
787	485	37	89
785	486	40	93
781	487	43	97
779	487	46	101
786	486	39	95
789	487	38	92
795	488	38	85
806	489	36	94
808	487	46	98
815	488	52	98
821	490	63	97
835	485	67	110
857	489	70	109
887	485	66	111
908	487	65	110
942	489	63	101
961	488	63	109
988	486	63	113
1009	489	67	113
1024	490	66	100
1042	491	62	106
1045	491	68	106
1051	493	67	101
1058	494	67	100
1063	493	66	102
1061	493	68	111
1064	493	64	112
1064	492	65	113
1061	493	67	114
1066	495	63	111
1066	493	61	112
1060	493	66	115
1065	493	63	126
1064	490	65	138
1066	489	72	148
1073	487	70	151
1096	488	58	132
1120	491	43	111
1126	497	48	106
1127	494	60	118
1122	496	74	126
1127	497	77	124
1133	492	74	125
1139	498	72	122
1143	500	75	150
1147	496	71	147
1142	502	77	126
1145	504	76	134
1146	501	75	141
1146	500	74	149
1150	501	67	149
1138	498	78	146
1149	505	63	127
1160	507	48	110
1155	505	50	106
1143	502	59	120
1139	499	62	125
1137	499	62	119
1131	493	65	127
1126	495	71	135
1127	493	70	152
1128	488	69	158
1124	485	73	156
1126	483	70	158
1123	486	73	153
1122	487	67	146
1125	483	65	153
1124	481	64	154
1124	482	66	151
1120	484	70	146
1122	474	68	154
1119	484	68	140
1120	481	69	145
1115	482	75	146
1118	484	70	136
1117	482	69	143
1117	481	70	140
1115	485	70	132
1115	486	69	136
1114	480	72	142
1115	482	70	141
1115	482	69	135
1118	477	67	141
1116	481	64	136
1119	476	62	139
1119	475	63	138
1117	478	64	126
1115	477	65	135
1115	476	64	134
1116	475	62	131
1117	479	62	127
1109	481	70	124
1112	481	67	125
1110	482	68	128
1115	482	62	130
1110	481	68	127
1113	484	62	127
1112	480	65	131
1105	485	70	121
1109	485	66	115
1107	485	66	122
1111	483	64	125
1105	479	68	132
1107	483	66	122
1102	483	71	126
1108	480	66	129
1106	485	67	122
1106	486	66	117
1104	487	67	115
1100	485	72	121
1107	484	64	122
1097	487	73	119
1102	486	70	121
1112	485	58	120
1109	486	61	116
1106	484	63	121
1113	487	55	113
1124	486	44	113
1124	486	39	117
1123	483	39	120
1124	483	36	118
1124	485	38	119
1122	485	38	118
1121	485	37	114
1123	488	35	108
1121	489	35	102
1120	489	38	113
1119	486	37	117
1118	487	38	117
1119	487	36	116
1119	487	36	117
1116	489	39	113
1116	490	38	108
1116	488	36	113
1114	490	38	111
1112	491	40	111
1111	491	40	112
1111	488	39	115
1110	490	40	113
1106	490	45	114
1104	489	45	115
1103	488	45	117
1103	487	45	120
1103	490	43	113
1101	492	46	112
1101	489	43	116
1100	493	42	111
1098	489	44	116
1098	490	42	116
1098	490	42	117
1096	492	40	114
1095	488	41	119
1093	489	41	119
1091	490	42	118
1091	491	38	117
1088	489	41	120
1087	492	41	116
1087	496	39	114
1087	494	39	117
1084	493	38	118
1083	498	39	114
1081	494	41	120
1081	495	39	120
1080	501	37	113
1078	500	39	114
1076	501	41	118
1074	504	43	114
1073	504	39	115
1070	503	42	118
1068	499	41	125
1067	502	40	123
1065	505	40	115
1062	508	43	114
1061	509	42	112
1058	508	43	113
1057	511	44	113
1054	511	43	110
1054	512	43	111
1052	511	43	115
1051	512	41	114
1048	514	44	110
1046	514	43	112
1045	514	41	112
1043	515	40	111
1039	510	44	117
1040	505	35	124
1037	513	38	119
1034	507	39	121
1033	512	38	122
1031	522	34	114
1027	520	37	113
1024	520	39	119
1021	523	38	114
1019	521	37	118
1018	521	35	115
1016	522	35	114
1016	523	33	109
1012	525	38	104
1013	523	34	112
1010	523	34	114
1005	524	38	107
996	524	44	114
995	520	38	108
994	518	37	112
993	516	38	119
992	514	36	119
990	513	33	114
987	514	36	111
985	514	37	111
982	512	41	107
982	510	38	110
983	512	38	109
981	507	39	110
982	506	38	107
984	505	39	110
990	503	37	109
998	502	39	108
1007	502	40	107
1027	502	34	103
1040	503	35	102
1056	500	39	108
1075	500	41	104
1099	501	40	104
1127	499	38	108
1151	501	38	105
1180	503	39	104
1209	503	41	103
1243	504	38	103
1280	509	35	98
1306	506	44	104
1340	507	42	105
1375	509	42	103
1399	509	42	106
1423	508	45	107
1444	510	41	108
1461	507	40	112
1473	508	44	111
1481	511	47	110
1488	512	47	107
1494	509	47	110
1499	513	46	104
1502	511	46	107
1503	511	48	105
1506	509	47	107
1508	509	46	109
1508	509	48	108
1510	507	46	110
1510	510	46	106
1511	509	44	107
1511	507	45	107
1511	506	45	107
1513	507	44	106
1513	507	45	105
1513	504	45	108
1513	506	44	105
1515	507	42	105
1514	507	42	105
1515	505	43	108
1516	505	41	109
1516	505	41	109
1514	509	43	104
1516	505	41	107
1515	505	43	109
1515	507	44	105
1516	504	44	105
1516	504	42	101
1517	506	42	99
1518	508	42	96
1518	504	43	99
1518	501	45	102
1520	506	43	96
1521	505	44	95
1522	507	43	95
1522	507	45	94
1522	502	44	98
1523	504	44	96
1523	505	46	96
1522	504	43	96
1519	502	42	98
1515	504	39	93
1504	502	41	93
1493	501	41	91
1480	499	40	93
1463	498	38	90
1447	498	37	88
1426	501	34	83
1401	492	38	89
1376	491	38	89
1350	493	32	85
1325	493	32	85
1294	493	30	81
1255	489	33	84
1227	492	32	81
1194	488	28	80
1153	496	27	74
1118	494	29	73
1079	489	28	78
1044	489	30	77
1004	484	30	79
967	487	31	76
938	487	32	79
911	484	27	84
886	486	31	82
866	486	30	82
848	486	34	83
838	484	32	88
828	485	34	88
821	488	33	85
820	485	29	90
816	485	30	90
815	486	31	88
814	485	31	92
813	485	32	91
813	485	31	91
813	486	31	90
813	484	31	90
813	487	33	89
815	486	31	91
814	484	32	95
816	485	31	94
817	485	30	95
818	488	31	96
818	488	32	96
818	490	31	95
820	492	30	95
819	493	30	95
819	491	32	97
817	492	35	96
818	495	34	93
818	492	34	97
820	496	32	92
818	493	36	93
820	494	34	96
820	493	35	95
818	495	37	97
818	496	37	96
820	498	35	96
819	499	37	97
819	501	38	97
818	500	39	96
819	502	38	98
818	502	38	93
819	501	36	95
819	499	38	101
820	505	35	94
820	506	35	94
820	504	36	96
820	502	36	99
820	503	35	99
820	504	35	100
820	504	33	101
818	509	35	96
816	509	38	98
817	512	34	97
815	512	35	98
816	511	34	102
815	512	34	101
814	515	33	100
814	515	33	101
813	516	32	98
811	517	34	96
809	518	35	95
808	519	36	95
807	518	35	96
805	519	35	97
805	520	36	98
802	516	37	102
803	522	36	103
802	524	34	99
802	522	35	97
803	531	32	102
799	527	39	106
800	532	36	103
798	535	39	103
797	533	38	102
797	535	38	100
798	538	36	102
796	536	37	100
794	533	39	105
793	533	39	104
793	534	40	100
793	538	37	95
791	536	39	96
790	534	39	99
792	540	34	97
794	533	31	102
790	540	34	96
788	535	40	98
782	537	37	94
779	535	38	95
782	528	34	100
779	524	38	105
776	526	40	103
774	526	39	95
774	521	38	98
773	522	35	96
770	519	39	100
769	517	38	97
768	515	37	100
768	513	36	106
768	514	36	100
768	513	35	106
767	512	36	107
765	515	38	101
762	513	42	104
761	510	41	105
763	511	39	102
764	511	36	101
765	512	36	96
765	512	34	98
765	511	34	98
766	508	32	103
767	509	32	100
769	507	29	101
768	510	30	97
767	510	29	100
767	512	29	95
767	509	26	99
766	512	28	94
766	515	27	93
765	513	27	93
765	509	26	97
762	510	28	95
762	508	26	96
761	509	28	93
758	505	30	96
756	505	32	92
745	504	40	101
742	503	43	107
736	506	51	103
736	505	50	105
738	505	46	109
734	506	50	107
734	505	50	105
734	502	49	109
735	503	45	109
735	504	45	106
730	500	47	109
731	498	44	110
726	503	48	104
723	506	52	100
727	503	45	102
728	497	42	105
727	496	42	106
728	499	39	103
727	494	41	107
727	494	37	109
726	496	38	106
723	496	42	106
722	499	41	105
720	494	43	107
719	501	41	100
716	503	43	97
714	497	43	103
714	497	40	102
712	494	43	105
710	492	40	105
706	498	44	101
702	496	46	100
701	495	45	100
698	494	46	100
698	493	44	101
698	495	43	100
695	499	45	94
689	498	48	97
689	491	46	105
688	493	46	104
686	497	47	98
685	496	45	100
683	498	47	98
680	499	48	97
678	504	48	90
678	505	45	93
676	503	46	94
671	493	52	105
667	491	54	107
668	497	51	98
667	504	49	96
668	501	47	101
662	505	50	94
660	506	49	96
658	505	50	95
656	506	49	95
653	508	50	95
654	509	48	94
647	505	52	97
645	506	52	95
641	505	54	94
637	504	53	100
637	504	52	99
636	503	50	101
633	508	51	93
628	509	55	92
628	511	53	90
622	511	58	93
622	508	59	97
620	505	57	98
620	509	54	98
618	512	55	96
613	511	62	95
610	509	67	96
616	507	65	99
631	504	59	104
639	505	68	98
655	506	67	100
672	505	66	100
689	510	78	90
713	504	79	93
755	504	72	97
777	495	79	101
798	501	93	96
847	505	83	90
883	506	81	89
921	503	68	93
971	511	48	86
994	511	44	89
1012	509	42	94
1031	510	37	94
1043	510	34	93
1049	508	36	97
1056	510	36	92
1061	512	35	91
1062	510	38	95
1062	509	37	96
1062	512	36	94
1063	512	36	93
1059	511	40	97
1064	507	32	102
1062	509	36	101
1061	512	33	98
1052	509	41	101
1048	509	45	103
1048	509	43	103
1052	507	40	107
1051	513	39	98
1052	512	42	102
1047	519	45	95
1053	522	34	95
1052	521	35	90
1049	532	36	87
1049	525	37	87
1044	519	42	95
1046	518	38	95
1046	516	39	103
1046	517	37	103
1044	526	40	99
1041	527	42	95
1037	522	48	103
1041	525	40	102
1040	521	42	101
1039	523	41	99
1039	522	40	104
1039	522	39	99
1040	523	39	96
1038	524	39	97
1036	523	39	96
1034	525	41	95
1033	528	40	95
1031	534	40	90
1033	533	39	88
1032	535	38	93
1025	540	47	93
1022	539	47	85
1023	554	47	74
1021	548	49	76
1021	553	46	78
1024	550	43	78
1020	554	47	71
1022	564	43	65
1017	563	48	65
1015	558	49	64
1015	549	49	78
1018	559	45	72
1020	557	41	71
1016	549	44	82
1009	549	49	83
1006	549	54	88
1013	545	42	86
1008	553	49	82
1013	558	44	78
1010	556	46	80
1014	564	49	68
1020	559	48	74
1025	565	48	69
1032	569	47	64
1034	566	51	66
1038	562	50	70
1050	570	44	61
1053	576	44	57
1050	566	46	66
