1230	624	38	120
1229	623	40	116
1230	622	38	117
1228	624	44	118
1230	620	38	117
1229	619	41	118
1230	618	39	120
1230	616	38	119
1231	613	36	119
1231	613	36	117
1231	613	37	112
1230	612	38	113
1231	610	38	113
1230	607	37	113
1232	607	36	112
1232	608	36	112
1230	609	36	110
1231	605	37	115
1232	604	37	116
1232	605	36	114
1232	606	38	114
1233	603	36	117
1232	604	37	111
1231	603	40	112
1234	601	34	114
1232	603	38	110
1232	599	39	113
1234	597	35	116
1234	597	37	114
1235	596	35	112
1236	595	36	112
1235	596	37	109
1236	595	35	110
1237	598	37	110
1238	602	34	107
1238	593	36	117
1240	597	35	114
1238	592	37	117
1238	594	35	114
1236	594	35	110
1236	591	36	111
1236	592	35	107
1238	593	33	110
1238	591	34	112
1237	593	34	107
1237	592	34	105
1236	592	35	107
1239	590	33	106
1238	589	35	108
1239	588	34	112
1240	587	34	112
1240	588	32	110
1241	588	34	112
1239	588	35	111
1238	588	36	108
1238	590	36	106
1238	590	36	106
1238	585	37	108
1238	584	38	111
1239	580	34	114
1240	581	37	112
1240	581	38	111
1238	579	39	115
1238	580	39	105
1236	578	39	106
1236	581	40	104
1235	578	41	104
1234	576	42	109
1233	577	39	108
1235	575	38	110
1234	577	39	106
1231	577	41	106
1232	570	39	109
1231	574	38	108
1232	572	35	109
1230	571	37	108
1229	572	37	108
1227	572	39	100
1228	573	39	105
1227	574	41	105
1225	576	41	100
1223	571	41	103
1221	567	41	104
1222	568	38	104
1221	566	39	109
1218	569	42	106
1217	568	42	105
1217	565	39	109
1217	565	36	112
1215	566	39	107
1217	570	35	105
1216	566	34	107
1212	567	39	107
1210	568	41	109
1212	565	36	107
1211	566	37	106
1211	569	37	104
1209	567	38	106
1208	564	38	110
1208	567	36	109
1206	567	37	110
1206	570	33	108
1204	572	34	106
1204	571	35	107
1200	571	35	107
1199	571	36	107
1197	574	38	108
1194	573	40	109
1190	573	42	105
1190	570	40	111
1187	575	42	105
1188	573	37	106
1187	571	35	110
1186	573	35	110
1185	573	36	109
1183	576	35	108
1179	574	39	110
1176	577	40	107
1175	581	42	106
1175	580	43	107
1173	582	39	111
1172	579	40	115
1165	579	51	118
1163	578	48	119
1155	581	55	115
1153	575	59	121
1151	578	53	118
1141	578	67	118
1145	582	63	114
1157	583	46	115
1153	585	45	110
1151	587	46	112
1147	588	48	110
1146	587	46	112
1144	590	51	113
1139	587	54	114
1132	586	61	119
1132	594	57	114
1132	589	51	118
1131	586	55	127
1132	589	45	126
1130	591	43	124
1126	588	44	128
1125	587	45	125
1124	588	42	125
1125	587	41	128
1121	594	41	126
1112	585	48	133
1110	585	48	135
1111	584	42	136
1105	587	52	136
1094	584	61	147
1080	596	77	138
1076	591	78	145
1084	585	83	151
1083	591	76	148
1074	603	80	140
1075	597	72	142
1080	596	77	148
1072	604	83	141
1074	598	69	143
1074	600	66	146
1072	600	67	144
1070	594	70	148
1070	593	84	151
1064	601	104	143
1066	596	97	145
1064	599	101	142
1061	606	99	134
1062	610	99	131
1060	617	100	122
1062	610	99	126
1062	620	94	121
1064	627	92	110
1064	618	92	119
1060	603	93	135
1061	597	97	140
1061	600	89	136
1061	586	96	148
1058	584	94	149
1059	596	95	135
1055	600	98	129
1056	594	99	133
1056	589	97	135
1052	596	100	131
1056	586	84	141
1057	589	87	139
1052	596	95	133
1057	595	90	132
1055	598	77	129
1052	588	89	141
1050	598	89	132
1049	603	89	126
1050	597	82	133
1049	603	84	125
1049	609	77	119
1048	613	86	114
1046	617	57	107
1051	609	51	117
1057	614	43	112
1059	617	43	106
1059	626	43	97
1060	623	44	103
1061	621	42	107
1061	621	41	106
1063	626	40	104
1062	627	41	102
1062	623	42	108
1064	626	40	109
1062	623	42	109
1064	628	40	105
1065	629	42	102
1067	627	42	107
1073	629	36	102
1072	629	38	103
1076	629	34	104
1079	629	31	102
1080	628	33	102
1083	631	30	101
1084	630	31	104
1087	635	32	102
1087	635	33	102
1089	637	33	101
1091	631	29	106
1090	629	33	109
1092	628	34	113
1092	634	32	108
1094	632	31	109
1096	631	29	113
1100	631	31	111
1099	635	33	106
1101	634	35	108
1104	631	32	111
1106	632	31	110
1106	632	33	110
1108	637	31	104
1109	637	31	107
1108	633	33	110
1107	635	38	110
1107	637	35	107
1109	641	36	105
1108	643	39	104
1105	647	45	104
1111	647	39	101
1112	644	40	107
1117	645	37	103
1116	655	38	96
1119	662	38	89
1121	668	40	83
1124	657	39	93
1127	656	36	96
1129	652	36	97
1134	655	33	98
1136	652	31	104
1139	650	29	106
1140	646	28	111
1141	646	29	114
1143	649	27	106
1145	648	29	109
1147	644	29	113
1143	646	39	113
1148	642	31	119
1151	646	29	115
1152	645	33	116
1153	642	33	117
1154	644	33	112
1156	644	32	116
1157	647	31	112
1156	649	35	108
1158	646	32	110
1159	648	35	110
1159	647	35	113
1159	648	35	114
1160	648	34	113
1161	648	37	114
1162	649	38	116
1162	649	39	115
1161	655	42	111
1165	655	38	109
1168	656	35	107
1169	653	35	111
1172	652	36	113
1174	653	35	113
1175	652	35	115
1177	653	32	114
1179	651	31	119
1179	656	33	117
1179	652	32	117
1181	655	33	117
1179	656	33	114
1182	658	32	115
1182	656	32	118
1185	654	28	123
1184	656	31	118
1184	652	32	122
1184	652	33	121
1186	654	32	117
1186	653	34	120
1189	652	30	115
1188	655	34	114
1188	654	33	117
1187	655	35	118
1189	657	32	114
1189	654	34	119
1188	657	36	115
1191	655	34	118
1194	656	32	115
1192	656	33	116
1194	656	34	119
1195	656	35	121
1195	657	37	116
1197	657	36	120
1196	658	38	119
1198	658	36	120
1202	656	30	126
1202	679	30	111
1202	683	32	115
1203	664	36	122
1204	667	34	125
1205	665	31	130
1209	666	30	125
1210	668	31	127
1207	667	39	126
1208	667	39	125
1211	664	34	129
1214	662	31	131
1212	663	35	131
1214	659	34	117
1217	658	30	117
1213	654	38	121
1216	651	35	124
1214	650	37	123
1218	649	36	120
1218	650	35	118
1222	651	33	117
1220	647	36	121
1220	649	35	118
1223	646	34	119
1223	648	36	117
1224	647	37	119
1225	648	35	117
1226	648	36	113
1227	646	36	114
1230	643	35	116
1230	647	37	112
1229	643	39	114
1233	647	34	110
1233	644	35	114
1235	639	33	120
1234	639	36	119
1238	637	32	121
1239	640	34	117
1241	639	30	119
1240	638	31	118
1239	639	34	119
1242	639	32	118
1241	635	33	121
1243	638	31	119
1246	635	30	122
1244	633	34	118
1245	636	33	118
1244	633	36	116
1246	633	35	112
1247	635	33	116
1248	633	31	119
1247	632	36	117
1249	632	34	116
1249	632	36	115
1250	630	35	115
1250	630	35	111
1252	625	34	119
1253	630	35	113
1252	630	36	117
1255	631	39	111
1254	626	38	118
1256	628	37	115
1259	627	35	116
1260	628	36	112
1260	623	38	117
1260	623	37	116
1263	622	36	119
1264	619	34	124
1263	622	37	119
1266	618	32	121
1267	622	32	119
1265	623	35	116
1267	620	34	121
1268	622	33	117
1268	619	36	121
1269	616	34	123
1271	613	35	126
1270	617	36	122
1270	613	37	123
1272	616	34	117
1273	610	34	119
1272	614	39	113
1273	611	39	120
1275	608	37	118
1275	610	37	117
1277	608	38	119
1279	607	36	119
1278	608	37	117
1280	610	36	116
1280	611	37	115
1281	610	37	113
1281	609	37	116
1283	608	37	117
1283	607	37	117
1283	608	41	119
1284	608	38	115
1285	607	39	117
1284	610	40	110
1285	607	41	116
1285	605	40	116
1287	603	38	118
1288	605	38	117
1290	604	36	117
1290	605	34	120
1291	606	33	118
1293	607	31	121
1293	603	34	127
1293	608	35	120
1292	611	36	115
1293	610	36	118
1291	608	38	121
1292	606	38	120
1293	606	38	125
1295	605	37	124
1292	605	40	120
1292	604	41	116
1292	604	39	117
1293	606	39	117
1296	605	36	116
1294	606	38	117
1293	607	39	118
1296	608	34	117
1298	612	34	113
1295	608	39	115
1294	615	37	110
1295	614	36	119
1292	610	35	119
1290	610	36	116
1287	610	36	112
1285	609	35	118
1281	610	39	115
1281	614	37	111
1281	614	34	113
1280	614	36	110
1279	613	36	115
1278	614	36	118
1277	615	36	118
1276	617	37	115
1275	617	39	116
1276	615	37	122
1276	615	38	122
1274	620	40	116
1275	619	38	116
1275	618	38	119
1275	621	39	121
1274	622	38	118
1275	623	37	118
1273	622	38	119
1276	624	35	119
1272	625	39	118
1271	623	41	119
1273	626	39	120
1272	626	40	122
1274	628	36	120
1273	628	37	120
1275	629	36	124
1273	632	37	126
1272	632	40	120
1272	634	40	117
1273	637	36	121
1274	638	37	123
1272	638	42	128
1271	637	42	121
1274	641	38	122
1273	643	38	124
1274	638	39	126
1273	640	39	122
1272	641	41	115
1273	645	39	118
1273	647	39	118
1273	647	38	123
1272	648	40	124
1269	648	42	131
1273	649	39	124
1271	650	40	125
1273	655	37	120
1272	654	37	122
1272	656	37	122
1270	656	40	123
1270	653	40	127
1269	651	42	133
1271	653	38	126
1270	653	39	137
1270	649	38	138
1271	652	36	137
1270	656	39	131
1270	657	37	133
1268	657	38	134
1271	659	37	132
1270	657	40	141
1270	654	41	145
1274	652	38	148
1275	658	36	141
1274	657	40	139
1272	657	43	138
1276	658	39	135
1277	662	39	132
1279	663	40	124
1279	661	40	130
1280	662	40	131
1281	662	39	128
1281	663	41	123
1280	659	46	135
1282	658	44	137
1283	660	41	143
1286	660	39	134
1285	662	39	136
1286	662	40	140
1287	663	39	138
1287	665	40	135
1288	670	41	133
1290	669	38	129
1292	668	38	128
1291	668	37	133
1293	668	37	135
1295	668	37	135
1292	670	40	135
1293	669	39	139
1289	670	46	137
1287	668	46	139
1286	669	44	145
1286	670	42	149
1284	673	40	146
1282	675	42	146
1280	674	43	153
1280	674	41	145
1277	678	46	145
1279	678	43	144
1278	678	45	139
1277	682	45	136
1280	680	43	141
1281	678	42	142
1283	671	39	149
1282	676	45	148
1282	681	43	151
1284	675	41	159
1284	681	41	152
1284	692	43	146
1286	695	39	144
1285	699	41	143
1283	699	44	151
1282	699	44	149
1285	693	39	151
1284	694	41	155
1285	695	40	153
1282	696	42	151
1284	699	40	143
1285	696	37	150
1283	692	39	155
1280	697	43	150
1281	695	41	145
1281	694	41	147
1276	694	45	154
1279	695	42	144
1276	695	45	145
1272	696	45	140
1267	693	45	146
1257	686	47	156
1244	687	48	153
1236	688	50	151
1224	687	46	142
1213	686	49	141
1209	684	45	139
1203	681	43	142
1200	681	41	139
1195	681	40	133
1190	680	43	136
1189	678	44	129
1186	680	43	132
1187	678	41	131
1186	678	40	130
1187	677	39	132
1184	677	42	131
1183	675	42	130
1182	674	38	127
1174	670	41	137
1162	671	40	128
1153	672	38	120
1138	669	39	123
1123	667	37	127
1108	668	42	120
1098	661	39	127
1089	654	36	134
1080	654	36	132
1072	652	41	131
1067	652	42	129
1062	652	44	128
1061	652	39	128
1058	651	43	129
1054	652	45	126
1055	649	44	130
1052	648	47	131
1053	645	47	139
1053	648	45	133
1053	646	47	138
1053	646	46	135
1054	643	44	140
1056	644	42	134
1056	644	42	128
1057	643	43	125
1056	646	44	117
1056	643	43	122
1056	643	42	116
1058	640	39	120
1056	639	41	120
1057	639	39	118
1056	639	42	117
1057	637	40	124
1057	638	41	117
1058	637	39	120
1060	637	37	120
1058	638	39	118
1060	639	37	113
1059	638	38	118
1060	638	37	113
1060	637	38	117
1059	636	39	114
1059	636	40	113
1058	635	40	115
1061	631	38	123
1062	632	38	119
1062	630	40	127
1063	629	41	124
1064	629	40	126
1067	629	37	124
1067	631	38	128
1067	629	41	128
1067	629	43	129
1067	630	42	125
1073	630	35	118
1072	631	35	120
1074	628	34	117
1075	628	35	117
1075	626	35	120
1076	627	36	121
1076	628	36	116
1077	627	36	114
1079	626	34	122
1079	628	35	116
1081	626	33	120
1083	624	31	124
1084	623	31	125
1084	626	32	118
1085	627	32	122
1085	626	31	122
1085	626	32	124
1084	626	33	122
1077	624	37	128
1075	626	37	126
1069	628	38	122
1064	626	38	124
1061	626	37	121
1054	626	41	119
1053	625	41	120
1049	626	44	120
1047	626	43	120
1047	627	43	126
1046	628	44	126
1043	629	47	125
1045	627	45	128
1048	628	41	130
1048	629	42	129
1050	629	38	125
1051	630	38	128
1051	630	40	128
1050	631	40	125
1052	631	39	123
1053	631	39	126
1054	631	39	128
1054	631	40	126
1055	634	38	120
1054	635	39	119
1054	634	41	119
1055	636	40	119
1056	636	38	119
1055	638	40	116
1054	638	40	115
1052	639	42	117
1050	642	43	115
1046	641	44	117
1042	641	44	123
1038	641	40	121
1033	642	41	118
1027	643	44	117
1024	643	42	119
1022	641	39	123
1017	645	42	119
1013	642	46	122
1011	644	47	122
1009	641	47	127
1008	645	46	123
1009	646	44	124
1011	646	44	123
1008	646	47	125
1009	647	45	125
1010	646	45	128
1012	645	45	129
1013	645	43	132
1013	645	41	130
1014	647	42	131
1014	648	41	130
1013	647	41	130
1012	647	44	126
1015	648	42	125
1015	647	40	128
1014	648	42	123
1013	648	44	125
1014	648	41	130
1013	652	44	126
1013	649	45	129
1012	651	46	130
1014	656	45	131
1015	656	42	134
1015	657	43	134
1015	656	44	131
1013	656	43	134
1013	657	43	134
1013	657	43	131
1012	660	42	126
1010	653	45	124
1010	650	44	130
1010	654	43	125
1011	650	39	128
1012	654	38	124
1012	654	40	123
1009	647	45	130
1009	647	41	132
1009	645	44	135
1012	643	40	136
1011	647	38	132
1013	650	37	128
1012	645	38	131
1014	643	38	136
1012	643	39	132
1011	643	37	129
1014	643	37	131
1011	640	41	130
1012	641	37	126
1013	642	35	125
1013	645	35	121
1012	647	39	122
1011	645	42	124
1011	645	40	123
1013	651	39	118
1011	650	40	122
1012	651	38	120
1013	650	38	122
1013	649	36	122
1013	651	37	120
1012	649	35	120
1013	649	35	119
1014	648	34	116
1013	650	37	115
1012	646	39	119
1013	648	37	117
1013	646	37	119
1012	647	36	119
1013	649	35	119
1014	645	31	122
1013	647	36	121
1012	647	33	123
1011	647	36	122
1013	648	34	120
1014	645	36	122
1012	645	36	123
1012	643	37	126
1012	641	35	124
1011	641	36	122
1011	645	36	117
1010	646	34	109
1009	645	35	111
1008	644	36	115
1009	641	36	119
1008	644	35	116
1006	646	35	117
1005	649	36	111
1004	647	35	119
1003	647	35	119
1003	647	34	122
999	648	35	117
997	647	36	121
999	649	33	119
998	646	32	121
996	652	34	114
993	652	36	116
990	648	36	121
988	648	36	120
989	651	36	119
985	652	38	121
981	652	42	125
984	651	36	129
981	656	36	123
979	657	39	125
977	656	37	129
975	656	40	132
972	659	41	133
973	658	40	129
970	663	40	127
970	661	39	129
966	660	41	124
965	662	41	121
962	665	41	120
965	667	37	116
965	670	34	116
963	667	35	121
962	665	36	128
960	667	34	129
957	677	37	119
960	679	34	122
964	679	32	126
965	673	37	134
969	684	43	123
984	679	40	130
996	681	42	127
1013	682	46	130
1027	685	49	130
1043	686	53	132
1062	691	60	131
1080	689	55	137
1090	688	58	145
1106	696	52	144
1114	691	51	149
1125	697	49	138
1127	710	47	133
1131	706	49	138
1135	705	46	132
1133	717	50	129
1135	713	43	141
1139	716	41	139
1137	718	40	137
1139	724	38	132
1136	723	42	133
1138	716	43	140
1143	721	39	134
1147	716	42	135
1148	721	42	134
1155	721	39	136
1158	721	39	137
1162	723	36	136
1165	722	36	141
1169	727	37	134
1169	724	40	135
1169	725	39	136
1170	720	40	137
1172	720	39	135
1172	718	40	139
1176	711	35	140
1174	719	38	132
1173	717	38	130
1173	716	40	127
1173	714	43	135
1176	711	39	137
1174	716	41	130
1171	719	50	127
1175	717	43	130
1175	721	40	124
1176	717	40	129
1176	712	42	135
1176	713	43	134
1176	715	45	134
1178	716	44	130
1179	709	42	138
1180	713	42	128
1180	712	40	129
1178	714	45	124
1179	706	46	129
1179	705	47	127
1182	715	42	116
1181	715	46	114
1183	709	43	121
1186	709	43	121
1187	709	41	127
1186	715	42	121
1186	720	44	117
1187	718	44	122
1187	722	44	118
1189	723	44	117
1190	725	39	120
1190	728	38	117
1191	726	40	112
1193	727	37	116
1194	727	44	114
1194	726	39	111
1194	731	43	109
1196	732	39	103
1198	732	42	108
1199	734	42	103
1199	731	43	107
1203	734	39	101
1204	734	39	105
1203	737	41	101
1205	737	43	102
1209	738	40	96
1209	734	49	103
1210	731	45	107
1216	731	36	104
1218	733	36	100
1217	727	43	103
1217	728	41	104
1223	725	36	103
1225	722	37	106
1228	722	33	110
1230	721	34	106
1230	722	34	106
1231	720	36	107
1230	722	39	106
1230	722	38	104
1230	720	39	106
1233	721	38	104
1235	722	38	106
1235	712	43	116
1239	716	42	107
1239	714	43	110
1239	711	42	112
1244	711	44	104
1252	716	46	92
1254	717	42	93
1254	717	42	93
1254	717	42	93
1254	717	42	93
1254	717	42	93
1254	717	42	93
1264	710	38	96
1264	710	38	96
1264	710	38	96
1264	710	38	96
1264	710	38	96
1264	710	38	96
1264	710	38	96
1264	710	38	96
1264	710	38	96
1264	710	38	96
1264	710	38	96
1264	710	38	96
1264	710	38	96
1264	710	38	96
1264	710	38	96
1264	710	38	96
1264	710	38	96
1264	710	38	96
1264	710	38	96
1264	710	38	96
1264	710	38	96
1264	710	38	96
1170	687	41	101
1184	683	49	101
1180	692	65	98
1171	685	67	103
1168	683	76	102
1165	680	95	106
1168	680	90	103
1170	683	91	96
1170	680	89	98
1169	677	91	103
1174	683	86	96
1174	683	86	96
1174	683	86	96
1172	679	82	104
1173	680	86	99
1173	680	86	99
1174	672	89	111
1175	671	84	112
1174	671	88	110
1175	669	89	116
1176	677	88	103
1178	659	84	123
1176	663	89	119
1179	662	82	117
1178	665	83	104
1173	667	89	102
1173	678	98	90
1176	671	91	97
1171	666	93	102
1177	662	84	108
1181	664	84	110
1181	672	86	95
1178	677	90	93
1186	676	74	80
1181	674	86	93
1181	669	80	93
1178	664	84	104
1180	669	83	99
1179	670	79	92
1183	672	79	89
1181	673	82	90
1183	665	80	96
1180	657	83	102
1182	659	84	99
1184	653	75	106
1188	647	68	112
1190	644	66	116
1182	652	70	113
1185	657	69	104
1184	654	70	106
1182	653	75	107
1180	649	80	119
1183	660	72	102
1180	657	74	107
1181	662	77	101
1181	667	73	90
1182	660	82	96
1182	663	74	97
1173	664	86	93
1187	674	73	84
1195	675	66	77
1182	664	78	89
1181	660	80	94
1179	659	82	104
1175	663	87	95
1176	665	81	98
1179	667	78	98
1185	667	74	102
1177	670	83	95
1179	666	82	95
1177	670	82	90
1180	670	80	89
1175	663	78	91
1179	670	84	82
1179	668	67	84
1179	662	85	91
1176	659	87	89
1179	668	82	79
1175	664	92	98
1174	668	93	94
1183	674	79	88
1182	676	70	82
1185	671	69	92
1182	673	76	83
1186	680	70	90
1185	663	67	104
1187	679	66	88
1189	688	49	73
1234	697	40	80
1232	691	49	90
1230	702	49	82
1231	705	50	77
