949	607	28	81
948	607	29	79
949	606	29	80
950	606	29	79
952	607	26	77
952	608	29	77
953	608	28	74
954	606	31	77
956	607	29	75
957	606	31	76
957	607	31	74
959	608	29	73
961	606	28	75
963	608	30	73
966	606	26	75
966	605	30	74
968	605	30	73
969	603	29	77
971	602	26	79
971	605	31	75
970	603	38	76
972	605	37	75
973	603	38	76
975	602	41	78
974	603	52	76
975	597	56	80
977	601	53	80
980	600	52	80
978	602	50	77
981	600	50	76
983	600	49	75
982	603	46	74
985	602	48	74
986	601	47	75
987	601	43	78
989	600	45	78
990	602	43	77
989	601	49	77
989	601	45	77
991	602	42	75
992	600	44	77
992	601	42	77
995	599	43	78
1003	594	33	84
998	601	43	77
999	592	45	87
1005	599	38	80
1002	600	42	80
1009	595	36	83
1007	592	39	87
1007	593	46	86
1007	591	48	87
1008	590	47	89
1011	593	46	88
1011	597	51	82
1013	590	49	84
1016	595	54	83
1016	594	54	82
1018	592	54	84
1022	592	52	84
1022	593	54	83
1020	594	59	80
1025	592	55	81
1025	588	58	86
1038	588	48	88
1035	593	53	81
1028	585	62	88
1028	587	66	85
1036	593	63	81
1037	589	65	83
1037	589	69	84
1038	586	73	88
1040	583	77	87
1041	584	77	88
1059	586	67	88
1073	579	56	96
1058	578	70	93
1059	578	78	94
1063	581	75	91
1060	578	81	93
1057	579	83	90
1056	575	85	96
1058	575	86	96
1058	579	88	90
1062	576	83	92
1062	578	84	91
1066	571	81	99
1084	568	67	106
1101	577	51	95
1078	569	66	92
1094	574	59	95
1107	572	51	98
1092	575	60	86
1107	582	47	82
1066	575	40	74
1115	585	38	78
1116	582	37	80
1117	585	37	75
1119	582	35	76
1118	580	36	77
1119	582	37	76
1119	578	37	79
1121	581	35	78
1121	581	38	77
1119	578	41	83
1118	580	44	78
1118	577	41	79
1124	581	35	76
1122	578	39	74
1123	579	36	77
1123	579	39	75
1121	574	42	77
1120	576	40	79
1121	570	41	79
1119	572	46	82
1121	574	45	78
1125	571	41	82
1125	574	39	77
1126	573	37	80
1126	574	39	75
1128	576	38	73
1128	575	38	76
1130	573	35	81
1127	574	40	73
1128	573	39	77
1126	576	40	72
1127	576	40	73
1129	575	39	75
1129	575	40	74
1131	577	38	75
1130	580	39	69
1129	577	44	73
1130	578	43	74
1129	580	45	71
1130	578	47	74
1130	579	47	74
1129	577	49	78
1130	579	48	78
1131	579	49	74
1130	579	49	77
1130	580	49	70
1135	580	44	73
1134	581	46	71
1132	580	50	72
1133	582	47	70
1133	584	49	70
1132	583	52	70
1133	582	50	70
1132	583	50	70
1136	588	46	68
1138	586	43	70
1138	586	43	70
1141	601	44	62
1136	606	50	54
1137	603	48	59
1141	596	47	69
1140	592	48	73
1145	595	44	72
1145	597	44	74
1149	594	34	76
1147	595	38	73
1145	598	41	69
1141	594	48	75
1137	594	54	75
1136	591	56	78
1134	594	64	73
1135	594	62	72
1133	596	59	70
1133	589	53	74
1134	584	52	75
1132	579	56	78
1133	570	49	87
1130	567	46	86
1125	566	49	85
1120	574	56	77
1107	570	53	78
1095	571	54	77
1084	560	43	86
1069	570	46	77
1032	560	57	84
1014	551	47	88
986	571	53	78
952	571	50	70
914	578	55	64
875	573	53	68
843	568	45	71
801	568	40	69
775	569	36	64
737	569	41	75
706	563	40	75
689	571	36	73
667	567	39	78
653	569	41	79
644	572	38	76
630	570	43	76
634	570	31	78
626	570	36	76
621	568	37	85
620	572	36	78
622	573	31	77
619	569	34	82
611	568	43	81
610	560	44	91
611	561	43	89
609	560	46	87
609	568	47	77
607	568	47	78
613	570	42	71
612	571	40	72
613	573	40	76
613	571	38	75
611	575	41	71
611	575	39	71
614	571	35	80
614	562	34	85
609	561	41	88
606	552	46	97
605	555	44	91
602	553	47	98
604	547	45	100
611	547	33	102
610	553	37	99
612	558	33	95
607	557	41	89
604	581	47	75
602	586	46	67
593	566	54	77
595	557	59	93
603	549	57	111
597	546	46	105
592	550	52	102
593	544	51	104
611	558	42	98
612	546	41	101
638	549	38	110
634	543	43	103
664	547	35	106
682	552	32	99
696	547	33	101
707	544	40	106
726	539	36	108
723	537	38	101
741	551	40	105
750	542	35	108
758	539	31	120
759	540	40	119
765	539	28	127
762	536	36	119
762	539	38	124
762	541	28	115
761	541	34	117
762	542	32	108
766	538	28	116
771	537	26	108
775	544	27	117
780	543	30	111
786	540	35	109
790	545	36	115
793	543	35	101
786	538	39	110
803	539	34	104
808	538	32	108
814	540	22	122
813	538	26	121
815	539	23	116
815	541	27	117
814	544	27	114
813	541	27	115
813	541	28	121
811	537	31	122
815	534	28	129
811	537	34	123
814	534	26	131
828	538	24	128
829	533	27	128
843	541	25	124
845	543	32	129
860	546	33	129
867	542	32	124
877	547	37	114
884	545	29	115
896	547	32	125
896	548	32	112
894	547	37	123
895	538	43	131
887	540	48	121
890	539	57	117
884	538	65	111
873	527	63	113
881	537	69	123
875	526	68	111
889	540	86	126
896	538	84	124
863	523	69	111
869	533	71	109
877	528	75	117
868	525	67	114
872	524	67	105
909	542	65	115
869	525	67	116
896	536	79	133
862	520	67	115
877	534	55	110
901	566	59	122
871	522	49	105
879	530	49	109
899	562	36	104
915	539	45	118
881	532	51	119
896	528	47	141
880	519	54	147
874	524	49	124
885	540	49	124
902	535	44	131
895	532	47	138
880	527	57	129
905	523	50	143
933	532	48	130
930	527	50	138
949	535	45	139
964	527	47	140
973	529	54	139
985	528	56	127
997	544	63	121
1018	531	59	131
1027	524	63	134
1054	562	52	124
1074	537	45	134
1058	528	57	130
1086	580	38	121
1092	567	36	122
1091	563	33	120
1083	536	41	131
1078	530	46	117
1091	552	47	129
1090	548	43	148
1077	530	49	157
1074	515	47	150
1090	544	47	147
1075	529	51	152
1071	521	50	146
1069	523	54	143
1073	517	49	153
1073	522	52	148
1088	537	45	159
1081	532	49	155
1086	532	52	150
1106	565	47	152
1088	528	61	157
1120	569	84	157
1077	526	81	159
1099	545	68	165
1097	532	65	164
1106	525	53	148
1119	558	50	140
1108	552	58	142
1107	534	55	141
1117	548	59	141
1118	562	49	149
1113	533	51	165
1109	529	51	153
1112	530	49	157
1109	532	54	173
1104	527	60	181
1110	529	55	187
1100	527	67	187
1081	529	85	183
1075	539	92	174
1074	530	89	183
1078	526	86	191
1079	517	82	198
1102	542	78	211
1088	529	78	182
1089	520	83	199
1093	504	90	219
1103	516	85	203
1109	543	91	196
1136	539	90	191
1116	523	93	201
1158	500	56	228
1146	513	63	218
1141	512	77	213
1122	499	98	219
1135	500	90	232
1140	481	86	245
1135	488	95	243
1140	494	87	240
1146	501	78	241
1129	474	101	257
1126	486	108	249
1137	504	95	221
1147	495	79	237
1145	505	79	230
1145	535	79	219
1147	525	78	209
1144	506	79	212
1141	530	78	209
1144	503	76	230
1144	527	75	215
1137	510	84	225
1136	534	83	210
1139	515	85	215
1138	537	83	199
1136	541	79	188
1132	535	77	196
1131	539	79	190
1131	543	74	192
1114	547	89	184
1127	539	81	186
1121	541	86	204
1116	541	95	211
1114	533	92	209
1122	547	87	197
1134	544	72	197
1128	540	73	205
1137	545	66	195
1131	539	69	202
1139	540	60	199
1139	539	59	204
1143	538	50	193
1139	536	56	192
1143	539	54	186
1137	529	61	186
1138	541	64	196
1134	539	65	199
1140	544	58	195
1140	539	57	196
1139	542	64	209
1140	541	60	193
1140	537	57	190
1140	536	58	202
1140	541	58	214
1138	545	64	223
1136	539	63	225
1137	541	63	223
1140	541	60	207
1136	545	61	203
1136	546	64	212
1140	544	58	226
1135	532	66	239
1130	529	71	244
1139	534	61	236
1137	532	61	237
1138	541	63	232
1128	532	77	236
1133	519	79	261
1130	503	82	278
1134	523	72	261
1130	529	71	251
1140	531	58	254
1131	528	73	256
1134	534	67	267
1139	539	64	248
1136	531	69	251
1136	536	67	252
1138	539	68	246
1135	539	73	245
1131	557	71	256
1134	549	67	262
1134	551	73	254
1129	548	75	262
1138	541	68	286
1134	549	72	277
1126	543	86	282
1129	552	74	290
1137	551	65	284
1139	533	63	314
1139	554	62	316
1134	569	67	305
1122	543	83	323
1135	571	76	308
1136	581	73	302
1140	584	64	299
1135	557	72	314
1138	569	68	303
1132	565	79	302
1135	564	78	324
1127	564	87	338
1107	562	110	330
1114	562	98	349
1084	542	132	371
1059	534	170	377
1062	544	176	372
1079	519	150	415
1074	526	162	420
1071	508	162	427
1068	559	171	439
1071	534	180	450
1064	532	202	471
1084	522	179	517
1085	528	162	547
1090	436	203	595
1140	414	169	612
1066	493	191	568
1056	504	227	546
1065	513	220	546
1084	470	214	589
1105	439	212	627
1131	374	211	634
1178	354	155	608
1109	439	218	620
1117	376	221	683
1156	357	178	677
1092	460	229	603
1145	423	187	607
