962	673	32	89
957	673	37	86
956	671	38	89
955	671	37	88
954	671	37	85
954	674	37	77
953	673	38	83
952	668	39	90
951	668	40	92
948	669	43	85
947	667	43	88
946	665	46	89
946	666	43	85
947	664	41	89
947	663	37	83
947	665	37	86
949	664	34	90
945	665	36	87
945	660	39	84
942	659	38	92
940	654	48	96
942	661	40	84
945	660	34	87
942	663	36	86
943	662	37	84
942	660	34	92
942	655	35	90
943	657	35	88
941	660	35	83
940	654	37	88
941	661	35	81
942	661	32	81
941	664	33	79
938	667	35	73
939	664	32	75
939	664	34	81
939	664	31	75
939	666	30	74
939	665	30	72
938	664	29	74
936	666	29	70
936	669	28	68
933	662	29	70
931	660	31	74
929	657	35	83
929	657	33	78
928	656	34	82
930	645	28	94
928	649	31	92
927	648	30	91
925	646	31	93
925	652	31	86
923	648	34	93
916	651	44	87
921	650	35	91
922	648	33	91
919	651	37	92
920	649	30	99
917	650	34	95
916	654	36	94
913	655	33	88
906	659	34	83
898	661	37	77
891	664	35	77
882	664	32	77
875	662	32	77
868	661	29	80
855	661	37	83
852	661	35	86
847	658	33	83
842	665	34	85
837	664	35	83
835	668	35	81
829	667	40	82
830	668	38	86
831	677	32	76
828	674	35	74
828	675	29	77
828	676	28	76
820	673	35	79
814	673	40	78
814	673	36	83
805	673	40	83
796	675	44	82
790	674	39	80
768	679	51	80
754	676	49	82
741	676	53	81
727	678	54	82
720	676	45	93
712	672	36	96
700	678	40	89
697	682	36	88
688	680	39	91
684	681	38	86
684	678	34	87
679	685	37	86
679	680	34	92
677	684	38	87
682	676	33	92
688	681	35	96
701	686	35	94
714	687	35	92
734	684	34	93
749	680	34	99
763	685	34	91
775	683	34	91
785	682	32	95
790	683	35	91
794	686	35	88
798	686	36	93
800	683	35	96
807	689	28	87
804	689	32	89
804	684	32	95
802	685	31	98
803	684	31	101
799	687	36	103
798	689	31	97
797	692	33	100
796	690	33	107
795	691	32	96
793	695	32	91
792	695	31	87
791	697	31	87
790	698	29	83
787	700	31	86
785	698	33	90
788	699	29	93
787	696	33	98
793	700	32	91
799	701	31	92
807	702	31	94
813	702	32	94
820	703	31	97
823	704	35	100
826	704	35	95
830	708	35	90
830	710	37	94
832	708	35	96
831	711	37	97
831	712	37	94
831	711	34	98
830	710	35	98
827	713	34	96
826	712	31	96
823	712	32	102
823	710	30	98
819	713	33	102
818	713	33	107
815	713	34	119
812	716	37	116
811	716	34	112
806	718	39	117
807	720	36	109
805	721	37	115
803	722	36	112
801	722	38	111
800	723	36	112
799	723	39	121
799	721	41	121
801	722	40	118
803	725	44	112
809	725	40	103
815	722	37	111
818	725	39	109
821	725	37	106
823	724	36	110
823	726	39	112
824	728	38	107
823	728	39	104
822	728	36	103
820	727	35	104
820	730	34	101
817	731	35	105
815	731	34	103
813	732	33	106
810	732	31	104
806	733	33	108
803	733	34	110
801	734	32	109
799	736	31	112
796	733	32	118
793	735	30	115
790	734	31	108
786	736	33	107
784	737	32	110
783	737	30	106
780	738	31	107
777	737	31	106
775	735	31	112
772	745	32	113
769	741	32	117
767	743	33	114
764	746	33	116
763	746	34	110
760	748	35	108
759	747	36	105
762	744	37	108
768	742	36	113
780	740	35	121
795	741	34	115
812	736	36	117
836	735	36	112
866	736	35	105
896	732	37	108
930	732	35	103
961	729	38	99
1001	727	34	104
1032	726	36	110
1057	724	37	119
1083	727	33	118
1101	724	34	119
1115	723	33	114
1125	724	33	111
1132	726	33	107
1139	720	31	119
1142	718	33	126
1145	718	32	123
1145	721	34	117
1144	719	36	117
1145	720	34	117
1145	721	33	117
1145	718	33	122
1142	720	36	114
1141	719	34	115
1141	717	33	114
1140	716	35	117
1138	717	34	112
1137	715	36	113
1136	714	34	112
1135	713	35	109
1133	709	36	114
1133	708	36	110
1134	707	34	112
1133	706	35	112
1131	707	38	109
1130	706	37	107
1131	704	36	108
1131	704	35	107
1130	703	35	106
1129	704	38	104
1129	702	35	104
1127	700	36	108
1126	700	34	102
1125	699	34	102
1124	698	34	104
1123	697	33	104
1121	695	34	105
1122	693	33	105
1120	693	34	103
1119	692	35	104
1119	691	34	103
1119	690	34	104
1118	689	33	103
1118	691	33	100
1116	688	35	103
1117	687	31	101
1115	688	35	100
1115	687	35	100
1114	685	33	103
1114	685	33	102
1116	685	31	101
1113	685	31	98
1111	684	33	97
1111	682	32	98
1108	683	33	95
1108	681	33	98
1106	679	34	99
1105	683	33	94
1106	681	33	95
1104	681	32	94
1102	679	33	96
1103	680	31	95
1101	679	32	94
1100	677	32	101
1098	676	32	101
1097	677	34	98
1095	673	32	102
1094	676	34	95
1092	675	35	95
1092	675	35	88
1090	671	33	94
1089	669	35	93
1087	671	37	98
1086	668	35	92
1086	673	35	90
1084	669	36	91
1083	669	36	91
1081	671	36	90
1078	667	37	90
1077	665	36	95
1073	665	39	94
1068	663	41	93
1066	662	41	97
1065	663	38	98
1065	662	37	94
1060	662	40	90
1058	659	43	92
1055	663	44	83
1059	658	38	89
1058	659	37	89
1057	666	34	82
1057	660	34	85
1054	659	37	85
1049	663	40	81
1052	658	35	84
1047	657	40	91
1042	662	44	83
1039	663	46	83
1040	659	43	88
1036	662	43	83
1035	661	43	84
1031	659	43	87
1033	662	38	80
1031	662	38	80
1033	657	33	83
1032	651	30	92
1030	648	28	95
1029	652	26	90
1024	652	30	89
1021	651	30	92
1019	649	29	93
1016	652	28	91
1014	653	27	89
1012	651	27	94
1010	649	26	93
1006	648	27	94
1003	650	27	93
999	653	29	91
997	651	28	92
992	652	27	89
989	651	30	88
984	652	31	84
982	651	29	86
977	651	29	82
974	651	28	81
970	648	28	80
966	651	28	77
961	647	29	85
958	646	28	85
953	648	27	81
948	651	28	77
942	644	29	86
939	648	28	84
933	655	30	76
929	655	29	74
923	648	28	77
920	650	28	77
914	651	28	79
908	641	29	84
906	644	26	83
900	646	27	82
894	647	28	80
889	643	28	86
885	644	28	85
881	646	28	84
878	648	28	77
877	643	27	83
874	642	28	89
877	638	29	91
884	643	29	90
895	638	28	89
909	647	31	81
934	643	29	80
954	644	31	81
985	641	34	80
1017	638	27	85
1054	631	28	86
1097	643	29	82
1127	638	34	87
1173	634	34	87
1218	642	33	86
1253	642	34	87
1297	646	30	92
1324	648	31	85
1353	650	33	85
1374	652	35	83
1389	654	31	86
1399	652	34	91
1403	650	34	93
1412	653	29	90
1408	648	34	94
1403	648	36	91
1405	643	30	90
1398	640	35	95
1387	638	36	92
1383	639	33	92
1380	635	30	89
1369	634	33	90
1367	629	30	92
1363	626	29	93
1357	622	30	96
1352	623	33	94
1351	622	29	90
1344	622	34	92
1342	616	31	98
1338	618	34	93
1338	620	31	89
1336	620	31	89
1336	622	31	85
1334	619	35	85
1332	615	38	92
1329	617	40	89
1334	615	36	87
1332	611	37	91
1334	612	33	89
1336	614	32	89
1335	611	33	87
1333	607	35	90
1331	602	36	96
1330	603	36	93
1331	600	34	99
1331	602	35	100
1327	601	36	97
1329	603	35	94
1329	605	34	87
1326	605	36	88
1326	603	36	90
1330	604	33	90
1329	604	32	91
1330	602	32	91
1331	604	32	86
1330	604	30	84
1333	604	28	90
1332	604	30	88
1332	604	30	88
1332	601	29	97
1332	600	31	93
1334	599	30	92
1331	601	32	91
1336	605	27	88
1335	607	30	86
1337	607	29	89
1336	604	30	89
1336	611	30	88
1339	608	26	86
1339	610	30	85
1338	610	31	87
1339	603	30	87
1340	611	28	79
1341	610	30	84
1340	607	29	86
1341	601	31	93
1339	604	32	90
1340	606	32	88
1342	609	30	84
1342	609	30	78
1341	607	32	83
1342	607	32	85
1340	613	33	80
1341	615	34	77
1341	618	33	76
1343	616	33	77
1343	615	31	75
1343	617	32	73
1343	616	32	76
1345	619	30	77
1345	613	31	78
1346	610	31	85
1345	614	32	81
1349	617	28	79
1348	616	30	80
1350	619	28	79
1353	620	25	74
1352	617	28	77
1352	618	29	80
1345	624	36	72
1352	623	30	74
1351	623	34	77
1346	624	38	75
1353	627	31	73
1346	625	39	69
1352	622	34	71
1355	625	33	74
1355	625	33	74
1355	625	33	74
1357	629	36	72
1355	632	41	67
1366	632	31	73
1361	637	36	69
1353	634	43	70
1350	629	47	77
1359	632	38	70
1356	634	41	71
1360	634	38	71
1359	641	37	63
1355	628	39	75
1360	628	34	72
1358	627	35	70
1358	631	33	66
1358	628	31	67
1356	625	35	74
1351	625	36	75
1355	619	32	83
1355	623	31	76
1350	630	38	72
1347	628	41	72
1345	622	43	76
1347	625	41	75
1347	629	42	70
1343	623	47	79
1339	621	47	82
1343	619	44	80
1341	614	45	88
1352	611	34	92
1350	610	35	90
1351	610	33	88
1354	614	31	84
1354	610	32	86
1354	606	32	90
1351	603	35	93
1355	604	31	95
1350	602	35	96
1352	601	34	94
1352	612	34	88
1349	606	37	93
1348	598	39	99
1340	608	46	93
1346	599	39	99
1337	591	48	110
1336	598	50	105
1339	602	45	97
1342	600	43	97
1341	605	45	92
1341	602	45	96
1341	600	47	93
1340	599	46	96
1342	596	46	99
1345	595	43	101
1338	599	50	98
1346	601	44	92
1345	596	45	101
1347	596	44	97
1348	595	42	98
1345	599	48	96
1346	593	47	100
1351	598	40	97
1346	596	46	100
1357	593	36	102
1350	611	44	88
1347	600	45	94
1351	595	43	102
1345	594	47	104
1346	591	46	109
1347	590	45	107
1348	587	44	112
1347	587	44	110
1345	584	48	116
1345	586	48	109
1343	586	48	113
1345	585	45	112
1347	580	41	116
1347	591	42	106
1336	586	53	111
1339	586	47	110
1339	588	46	110
1336	590	48	106
1336	589	46	107
1333	587	45	112
1327	582	50	118
1326	583	50	119
1325	577	50	129
1323	582	50	120
1323	580	46	120
1318	587	51	112
1320	584	44	116
1310	608	54	102
1309	587	53	111
1312	585	48	114
1314	584	43	117
1304	581	50	124
1300	580	52	123
1296	582	55	123
1296	582	54	122
1301	580	47	128
1299	584	46	116
1297	578	47	123
1304	576	37	123
1296	602	37	106
1275	608	54	102
1265	607	63	104
1269	586	59	118
1258	580	68	129
1259	594	58	120
1251	598	69	116
1251	582	71	126
1245	590	69	124
1241	597	66	114
1241	575	73	133
1231	585	76	131
1227	582	80	130
1222	573	91	135
1217	569	88	142
1216	567	85	139
1213	573	80	136
1235	567	66	130
1204	594	61	126
1202	613	60	107
1194	605	61	106
1189	616	63	96
1189	623	56	90
1185	624	57	87
1180	627	59	82
1176	623	58	87
1172	634	59	74
1168	629	59	83
1167	626	56	82
1160	618	57	91
1230	559	38	101
1155	617	49	98
1143	624	59	86
1141	623	55	82
1136	633	54	71
1133	632	54	68
1134	644	46	59
1137	643	39	53
1131	643	42	59
1116	642	51	63
1117	643	49	59
1110	641	46	62
1108	639	42	63
1106	642	43	59
1099	637	44	63
1092	643	46	60
1088	642	47	63
1079	640	52	67
1080	640	46	64
1077	641	44	58
1076	641	39	59
1072	642	43	60
1064	640	50	65
1060	643	45	55
1054	642	45	58
1054	642	41	59
1052	643	39	59
1050	643	39	62
1040	644	47	63
1033	645	50	64
1032	646	46	61
1028	646	47	63
1024	646	46	63
1022	645	45	64
1022	647	45	64
1013	648	51	65
1011	648	49	66
1017	650	38	62
1019	651	35	61
1017	651	32	65
1005	649	40	67
1001	650	41	66
995	653	48	63
988	651	51	69
982	652	55	64
977	653	58	67
976	655	53	64
974	654	54	68
973	651	51	72
971	655	50	68
969	657	50	67
972	657	45	69
969	659	45	67
966	660	44	68
966	659	44	68
966	661	42	68
962	663	44	68
965	662	39	67
969	667	30	65
957	666	42	69
952	666	48	71
952	667	42	71
949	666	43	72
948	670	45	68
946	669	43	71
946	670	40	70
946	672	40	76
944	672	36	72
939	677	42	70
941	676	38	74
936	677	41	73
929	673	46	81
919	681	54	74
919	681	51	73
918	680	52	78
915	687	51	70
911	687	55	77
910	690	53	76
906	689	55	78
906	691	52	76
903	693	53	75
901	696	55	79
898	699	57	77
898	705	55	73
899	709	54	77
893	708	56	79
893	711	53	79
889	712	56	82
887	719	57	77
885	722	56	74
885	724	55	76
882	727	57	83
880	729	57	83
880	734	55	82
877	736	56	83
874	740	56	82
874	744	55	82
872	745	53	83
868	749	58	84
863	751	59	87
860	759	63	84
857	761	62	88
856	766	63	85
854	766	63	90
852	773	60	86
849	778	63	88
844	783	65	85
842	787	68	91
837	789	70	90
837	796	68	88
836	803	66	86
834	804	67	91
830	807	69	93
824	813	70	94
817	817	76	96
820	823	71	96
820	832	67	92
823	837	62	92
812	841	73	98
808	846	72	99
805	852	75	98
799	859	78	98
795	864	77	100
793	866	76	103
789	874	78	105
787	882	74	104
778	889	81	107
777	897	77	103
774	898	76	112
770	908	77	108
767	912	76	109
765	922	76	110
757	928	81	108
752	935	78	111
745	941	81	116
739	948	82	112
733	953	82	115
725	961	81	112
718	969	85	105
714	984	84	92
707	990	82	86
708	1002	76	74
708	1016	69	56
706	1023	65	51
705	1035	56	42
705	1035	56	42
705	1035	56	42
705	1035	56	42
705	1035	56	42
705	1035	56	42
705	1035	56	42
705	1035	56	42
705	1035	56	42
705	1035	56	42
705	1035	56	42
705	1035	56	42
705	1035	56	42
705	1035	56	42
705	1035	56	42
705	1035	56	42
705	1035	56	42
705	1035	56	42
705	1035	56	42
705	1035	56	42
705	1035	56	42
705	1035	56	42
705	1035	56	42
705	1035	56	42
705	1035	56	42
705	1035	56	42
705	1035	56	42
705	1035	56	42
705	1035	56	42
705	1035	56	42
705	1035	56	42
705	1035	56	42
705	1035	56	42
705	1035	56	42
705	1035	56	42
705	1035	56	42
705	1035	56	42
705	1035	56	42
705	1035	56	42
705	1035	56	42
705	1035	56	42
705	1035	56	42
705	1035	56	42
705	1035	56	42
705	1035	56	42
705	1035	56	42
705	1035	56	42
705	1035	56	42
705	1035	56	42
705	1035	56	42
705	1035	56	42
705	1035	56	42
705	1035	56	42
705	1035	56	42
705	1035	56	42
705	1035	56	42
705	1035	56	42
705	1035	56	42
705	1035	56	42
705	1035	56	42
705	1035	56	42
705	1035	56	42
705	1035	56	42
705	1035	56	42
705	1035	56	42
705	1035	56	42
705	1035	56	42
705	1035	56	42
705	1035	56	42
705	1035	56	42
705	1035	56	42
705	1035	56	42
705	1035	56	42
705	1035	56	42
705	1035	56	42
705	1035	56	42
705	1035	56	42
705	1035	56	42
705	1035	56	42
705	1035	56	42
705	1035	56	42
705	1035	56	42
705	1035	56	42
705	1035	56	42
705	1035	56	42
705	1035	56	42
705	1035	56	42
705	1035	56	42
705	1035	56	42
705	1035	56	42
705	1035	56	42
705	1035	56	42
705	1035	56	42
705	1035	56	42
705	1035	56	42
705	1035	56	42
705	1035	56	42
705	1035	56	42
705	1035	56	42
705	1035	56	42
705	1035	56	42
705	1035	56	42
705	1035	56	42
705	1035	56	42
705	1035	56	42
705	1035	56	42
705	1035	56	42
705	1035	56	42
705	1035	56	42
705	1035	56	42
705	1035	56	42
705	1035	56	42
705	1035	56	42
705	1035	56	42
705	1035	56	42
705	1035	56	42
705	1035	56	42
705	1035	56	42
705	1035	56	42
705	1035	56	42
705	1035	56	42
705	1035	56	42
705	1035	56	42
705	1035	56	42
705	1035	56	42
705	1035	56	42
705	1035	56	42
705	1035	56	42
705	1035	56	42
705	1035	56	42
705	1035	56	42
705	1035	56	42
705	1035	56	42
705	1035	56	42
705	1035	56	42
705	1035	56	42
705	1035	56	42
705	1035	56	42
705	1035	56	42
705	1035	56	42
705	1035	56	42
705	1035	56	42
705	1035	56	42
705	1035	56	42
705	1035	56	42
705	1035	56	42
705	1035	56	42
705	1035	56	42
705	1035	56	42
705	1035	56	42
705	1035	56	42
705	1035	56	42
705	1035	56	42
705	1035	56	42
705	1035	56	42
705	1035	56	42
705	1035	56	42
705	1035	56	42
705	1035	56	42
705	1035	56	42
705	1035	56	42
705	1035	56	42
705	1035	56	42
705	1035	56	42
705	1035	56	42
705	1035	56	42
705	1035	56	42
705	1035	56	42
705	1035	56	42
705	1035	56	42
705	1035	56	42
705	1035	56	42
705	1035	56	42
705	1035	56	42
705	1035	56	42
705	1035	56	42
705	1035	56	42
705	1035	56	42
705	1035	56	42
705	1035	56	42
718	979	46	44
718	979	46	44
718	979	46	44
718	979	46	44
718	979	46	44
718	979	46	44
718	979	46	44
718	979	46	44
718	979	46	44
718	979	46	44
718	979	46	44
718	979	46	44
718	979	46	44
718	979	46	44
718	979	46	44
718	979	46	44
718	979	46	44
718	979	46	44
718	979	46	44
718	979	46	44
718	979	46	44
718	979	46	44
718	979	46	44
718	979	46	44
718	979	46	44
718	979	46	44
718	979	46	44
718	979	46	44
718	979	46	44
718	979	46	44
718	979	46	44
718	979	46	44
718	979	46	44
718	979	46	44
718	979	46	44
718	979	46	44
718	979	46	44
718	979	46	44
718	979	46	44
718	979	46	44
718	979	46	44
718	979	46	44
718	979	46	44
718	979	46	44
718	979	46	44
718	979	46	44
718	979	46	44
718	979	46	44
718	979	46	44
718	979	46	44
718	979	46	44
718	979	46	44
718	979	46	44
718	979	46	44
718	979	46	44
718	979	46	44
718	979	46	44
718	979	46	44
718	979	46	44
718	979	46	44
718	979	46	44
718	979	46	44
718	979	46	44
718	979	46	44
