39	791	362	195
65	794	376	187
70	787	367	194
95	787	352	190
111	794	353	184
124	788	357	190
134	787	356	194
153	784	346	199
162	785	352	202
166	793	349	185
191	784	344	191
180	802	358	187
199	797	352	193
200	794	352	192
218	796	344	198
221	798	346	203
233	793	343	199
240	797	343	205
238	802	348	191
249	799	353	199
260	803	343	202
264	805	360	186
267	806	356	194
277	807	357	194
277	808	349	197
286	807	353	209
289	809	355	214
301	817	354	213
308	811	352	205
308	814	355	208
321	817	370	197
332	811	362	201
350	814	374	195
371	816	358	196
392	806	357	198
411	814	359	196
431	804	364	198
452	808	363	199
481	805	358	200
511	802	354	200
538	799	363	206
569	797	349	206
602	801	349	199
634	800	353	208
666	798	350	207
696	799	336	206
723	794	343	223
747	804	345	206
766	799	337	215
785	802	339	217
789	803	348	209
805	797	352	235
813	797	343	240
820	796	347	258
823	794	346	272
835	797	337	254
835	799	357	262
836	801	352	254
846	809	358	250
842	799	348	255
858	808	346	263
854	800	350	264
853	799	363	272
855	808	359	260
865	805	364	262
866	810	371	259
867	813	361	250
874	812	370	254
878	815	359	249
882	822	357	248
882	819	365	249
878	817	376	257
885	816	374	255
888	821	378	243
896	821	375	251
897	829	374	233
899	827	374	246
908	825	376	249
906	824	382	252
911	818	379	252
919	829	384	243
929	834	371	240
933	830	369	239
942	832	365	239
942	838	378	237
950	831	371	247
950	842	346	224
950	838	380	230
962	834	374	239
963	840	373	232
961	845	348	224
972	847	342	217
974	837	347	235
978	839	307	226
979	842	274	213
984	846	284	222
990	840	280	218
1001	845	324	227
992	842	314	215
998	842	316	227
999	850	327	215
1003	837	289	222
1025	838	320	236
1014	832	289	231
1013	843	302	223
1018	846	293	216
1055	843	326	232
1025	850	365	210
1027	863	390	206
1029	849	401	232
1037	852	402	222
1045	851	400	225
1039	853	408	224
1047	848	407	223
1042	839	425	240
1055	855	406	224
1069	848	391	228
1071	854	395	228
1067	856	408	217
1074	858	408	223
1067	850	420	221
1078	853	421	220
1081	855	407	218
1089	859	414	213
1087	862	418	210
1094	868	423	203
1087	868	433	203
1100	870	423	201
1097	865	429	208
1111	869	423	198
1107	866	435	204
1103	860	438	208
1124	868	419	201
1116	872	431	200
1124	876	422	194
1128	877	420	195
1129	880	429	192
1131	883	424	193
1136	868	418	205
1135	876	437	192
1141	876	430	195
1150	880	424	189
1152	880	421	191
1157	881	417	188
1155	880	425	192
1155	874	422	194
1157	876	424	195
1162	877	418	195
1163	884	426	186
1156	885	442	189
1170	877	418	198
1170	873	418	205
1177	879	412	199
1164	880	433	198
1180	884	422	189
1172	883	431	192
1174	879	422	200
1174	883	433	190
1181	887	418	186
1187	884	411	189
1185	886	425	182
1194	890	418	180
1188	890	428	183
1202	885	410	186
1203	890	413	181
1207	886	409	186
1208	880	408	191
1215	887	409	188
1223	886	404	186
1228	886	396	183
1225	887	396	183
1229	883	390	189
1236	877	388	189
1242	878	384	195
1249	877	382	194
1255	881	372	189
1251	882	381	184
1258	876	377	199
1265	869	353	203
1271	875	367	194
1277	868	359	207
1287	854	349	216
1289	865	343	204
1296	858	344	210
1298	862	329	202
1300	856	328	209
1311	864	319	201
1317	854	309	212
1318	860	311	205
1320	846	309	218
1325	850	301	212
1326	843	297	215
1335	844	290	215
1337	842	290	214
1344	846	275	206
1343	837	281	210
1348	842	275	212
1352	839	257	207
1358	836	256	198
1360	830	250	198
1367	824	235	203
1366	824	233	201
1376	822	226	204
1380	815	216	206
1383	812	214	197
1381	807	214	207
1385	803	208	203
1389	797	208	209
1387	796	195	206
1391	791	195	208
1394	786	194	208
1398	786	178	205
1398	780	167	207
1396	776	171	217
1395	771	168	217
1392	774	161	214
1394	771	155	208
1392	772	153	203
1386	771	160	194
1386	774	159	197
1383	770	164	194
1381	762	164	200
1371	761	174	194
1377	756	159	191
1373	761	162	184
1378	762	152	174
1368	761	165	180
1353	754	175	180
1340	749	181	168
1323	744	189	166
1312	741	197	168
1304	741	198	167
1295	740	207	161
1289	734	212	182
1280	728	213	169
1274	737	207	160
1271	727	209	170
1261	725	204	176
1250	724	211	173
1246	723	216	172
1236	722	219	167
1231	716	223	174
1226	717	217	170
1215	717	231	154
1216	715	225	150
1202	715	231	153
1192	710	235	159
1191	713	221	141
1181	706	230	153
1172	701	233	143
1164	706	240	145
1158	706	240	142
1153	705	237	136
1143	703	237	140
1136	702	239	134
1127	701	244	146
1121	700	238	140
1111	697	247	133
1103	697	250	135
1098	697	249	137
1092	693	243	139
1083	692	247	144
1076	689	246	138
1068	688	245	140
1058	688	251	141
1056	686	247	135
1046	689	251	134
1041	682	248	131
1033	681	248	141
1024	680	250	141
1022	682	248	134
1011	679	250	123
1006	676	241	134
998	674	246	132
986	671	255	148
978	671	257	145
966	672	260	127
962	670	255	145
951	671	259	143
947	670	249	136
937	671	247	125
934	668	240	118
929	668	240	124
916	667	244	126
914	665	233	116
903	663	240	121
896	664	241	121
885	660	242	130
876	659	235	118
870	660	238	117
859	660	243	116
856	659	237	117
845	655	235	115
842	656	233	113
844	656	235	112
843	656	228	109
841	653	237	112
851	652	238	112
851	652	241	110
860	650	234	111
874	643	234	115
890	645	221	114
899	644	227	113
916	642	233	110
935	642	221	112
947	640	231	110
983	643	222	111
996	639	225	109
1023	640	221	108
1045	642	226	109
1069	639	236	114
1106	640	224	112
1130	640	232	112
1169	639	227	116
1183	638	240	116
1196	646	241	113
1222	641	231	116
1238	639	221	115
1251	638	230	114
1248	634	224	118
1253	634	227	114
1250	632	223	115
1250	633	218	111
1244	631	215	109
1241	625	213	111
1236	625	207	107
1231	622	213	106
1223	620	210	107
1218	617	204	106
1211	618	207	101
1205	614	199	103
1197	613	197	101
1191	607	197	104
1184	605	194	99
1178	606	189	98
1175	599	184	103
1167	598	185	102
1159	594	183	102
1152	592	181	103
1142	594	179	94
1139	591	180	89
1134	586	177	95
1126	581	176	96
1117	582	179	91
1114	582	176	86
1110	576	172	92
1099	578	172	86
1094	572	170	91
1090	573	168	85
1085	569	167	89
1078	570	164	87
1073	568	163	86
1070	565	158	82
1064	563	158	85
1060	561	152	81
1056	559	151	85
1050	557	149	85
1046	556	146	82
1039	554	147	86
1034	551	151	82
1030	549	147	81
1023	548	143	84
1026	544	136	85
1016	543	140	80
1010	542	141	80
1008	540	139	80
999	537	142	79
997	536	140	79
992	534	139	77
987	534	136	74
982	531	137	76
980	528	132	76
976	526	136	75
973	524	134	74
966	522	134	74
960	520	133	75
956	520	132	73
953	519	130	68
950	517	125	68
942	516	128	67
942	513	124	67
940	511	120	68
936	508	121	68
934	509	114	69
931	508	114	65
930	508	111	64
925	502	110	67
920	501	108	64
915	502	111	63
909	498	111	62
910	496	105	64
911	498	104	59
905	495	105	60
900	494	105	62
898	492	104	60
892	492	105	59
894	488	101	61
895	488	98	57
888	486	100	62
884	485	99	61
879	483	100	61
874	483	100	61
874	480	97	60
871	481	97	58
868	478	96	58
863	475	97	60
854	476	102	57
851	475	98	57
858	475	89	53
853	475	91	54
849	473	91	53
845	472	92	53
842	469	92	56
828	467	101	54
820	464	108	58
819	464	104	56
815	464	103	54
830	463	88	52
830	463	85	50
816	462	93	53
812	461	95	52
813	462	90	50
821	465	80	46
813	460	84	58
807	459	89	66
806	457	88	63
805	455	85	69
802	456	86	64
797	457	87	60
794	459	86	61
789	459	82	59
788	455	86	61
784	454	82	67
783	452	82	73
781	450	78	68
777	449	83	67
772	448	88	65
773	449	89	61
773	448	90	62
772	446	90	60
769	443	92	65
769	444	93	64
766	446	95	47
761	441	101	49
759	442	99	46
760	441	101	48
756	440	107	52
753	438	110	52
746	439	114	48
743	436	119	54
733	433	118	53
722	434	103	45
732	432	89	49
738	434	77	42
740	432	73	41
736	433	75	38
742	431	64	40
743	430	61	41
738	430	62	39
740	428	58	40
742	428	51	40
737	426	56	41
733	427	60	37
730	425	59	39
725	425	61	38
729	423	56	39
724	422	57	39
721	421	58	38
717	422	60	37
715	419	60	37
720	421	53	33
710	419	59	36
704	417	64	39
702	420	66	34
699	416	65	37
698	415	67	36
697	416	63	36
696	414	62	38
697	411	59	39
701	413	52	34
703	410	48	39
700	409	52	39
704	408	46	39
701	408	49	38
700	408	45	37
698	406	47	38
686	405	58	39
682	406	59	37
681	404	59	39
682	404	56	39
682	404	54	38
686	403	50	36
684	403	50	36
683	402	49	36
683	400	48	36
672	399	55	39
668	400	59	37
670	399	55	36
673	399	50	36
671	397	49	38
665	397	55	37
668	396	51	37
667	394	47	39
668	393	46	39
665	394	46	37
664	392	46	38
660	392	50	38
654	392	53	38
654	392	52	35
654	390	49	40
652	390	51	38
651	389	51	39
652	387	45	42
646	387	50	38
645	388	51	37
645	387	49	39
640	385	51	41
639	386	50	40
638	386	49	39
639	387	48	39
638	385	46	37
637	385	48	38
637	384	45	41
634	382	46	41
632	380	49	42
632	382	45	39
631	381	44	41
627	380	48	41
626	379	46	41
624	381	47	39
624	379	46	37
622	379	44	40
620	379	45	40
618	377	46	40
615	375	48	41
613	376	47	40
614	376	44	39
611	376	46	40
608	377	48	37
606	377	50	38
609	376	48	38
607	376	49	37
606	376	45	39
605	375	47	37
605	376	47	36
605	375	45	37
602	374	49	39
605	374	46	37
603	372	48	40
600	371	52	41
597	372	52	40
597	371	52	40
597	369	53	42
597	371	50	40
598	368	48	42
597	370	47	40
597	368	45	41
596	366	47	43
597	368	46	41
595	369	46	40
596	368	45	40
593	368	47	40
594	369	45	39
593	369	47	38
593	369	45	38
592	367	46	40
591	369	45	37
590	368	46	38
590	369	48	36
589	366	49	39
590	368	49	38
589	368	48	37
589	368	48	37
588	368	46	37
587	367	45	37
587	368	43	35
586	368	41	35
586	368	42	36
585	367	43	36
583	366	44	38
582	367	45	36
581	366	44	36
583	367	40	35
583	366	43	37
582	372	44	30
582	371	43	30
