958	532	252	125
962	532	253	114
957	533	256	111
951	535	262	112
955	535	258	110
957	533	251	108
949	536	257	107
953	536	252	109
950	534	254	117
951	533	257	108
951	537	251	101
946	535	256	111
948	537	254	102
952	537	246	102
955	536	242	105
947	536	251	103
945	537	252	99
946	537	249	101
951	534	241	104
947	536	249	103
946	535	245	107
945	534	247	104
939	535	250	107
941	537	258	102
943	536	243	102
940	537	244	101
939	532	245	108
936	536	247	102
929	535	252	103
932	538	249	101
925	535	252	101
926	536	246	100
926	537	250	107
924	538	249	102
915	535	254	106
918	537	250	101
914	539	248	108
914	537	251	106
909	540	255	104
907	541	252	110
903	540	250	109
906	540	246	110
898	539	253	111
903	539	245	111
895	542	252	103
906	538	235	115
891	538	250	122
880	538	264	118
900	542	237	110
879	537	255	127
868	537	256	142
877	533	254	134
860	539	260	141
857	537	270	149
843	539	279	147
840	541	276	145
856	532	259	157
839	536	268	154
842	542	273	132
858	540	253	123
865	542	249	118
840	541	253	133
855	539	244	143
842	553	230	122
864	545	256	136
866	547	265	141
879	549	271	129
891	549	276	136
915	551	277	133
945	553	275	126
979	557	273	124
1002	559	291	118
1039	561	286	121
1080	562	272	130
1090	562	284	133
1108	566	283	125
1126	569	285	124
1139	568	288	129
1142	565	279	137
1137	567	304	138
1123	567	324	141
1114	567	332	139
1104	569	343	142
1087	569	366	135
1066	567	385	139
1070	569	371	138
1075	570	368	140
1070	568	364	140
1050	569	388	139
1035	568	396	145
1037	568	389	142
1026	569	389	139
1038	572	365	136
1055	577	347	132
1073	575	326	137
1059	572	333	144
1050	575	338	138
1021	576	366	146
1020	581	363	135
1032	581	345	138
998	575	377	148
983	583	385	123
1024	574	341	147
1019	579	339	136
999	581	353	131
984	581	357	129
990	583	353	124
1000	580	339	141
1003	580	339	131
1012	580	329	132
1028	579	327	135
1065	582	301	125
1133	581	250	143
1170	586	237	132
1076	595	216	130
1269	591	192	135
1149	603	223	130
1182	609	240	142
1216	616	264	124
1216	616	264	124
1297	625	286	134
1338	630	279	135
1368	623	315	153
1384	629	290	151
1438	634	297	168
1441	639	259	144
1487	644	243	153
1509	652	237	158
1505	648	265	150
1509	653	274	148
1520	649	267	147
1515	644	290	162
1513	645	287	152
1505	648	301	159
1495	650	300	164
1485	647	319	161
1480	659	323	160
1468	650	342	156
1462	645	335	152
1456	654	345	161
1439	658	365	142
1432	653	378	138
1422	653	379	147
1411	649	390	139
1393	648	355	152
1399	666	417	121
1364	650	435	160
1364	652	450	149
1371	660	443	137
1345	657	468	145
1353	649	447	156
1347	648	451	141
1333	648	453	144
1328	652	446	152
1327	649	428	146
1321	656	440	136
1300	657	452	130
1292	642	443	147
1293	639	437	154
1287	645	418	143
1276	646	443	137
1274	649	412	131
1273	642	405	134
1257	646	413	130
1253	648	403	133
1244	644	407	141
1232	643	419	138
1238	645	411	132
1225	646	422	137
1230	637	411	142
1237	650	399	132
1236	651	403	132
1242	644	404	132
1252	652	414	130
1256	649	419	135
1269	657	416	130
1278	648	430	142
1303	642	414	142
1324	662	424	135
1349	653	420	142
1366	666	437	136
1398	660	433	144
1405	671	445	128
1432	670	449	138
1451	669	458	154
1476	682	429	147
1495	673	414	177
1493	684	410	159
1505	680	389	155
1505	678	373	163
1507	669	351	172
1503	666	371	176
1497	679	407	161
1498	676	399	159
1486	678	417	168
1477	685	430	160
1460	677	447	171
1463	671	427	172
1452	668	445	173
1431	665	455	168
1425	661	442	166
1418	665	434	164
1404	659	430	160
1407	669	427	149
1393	666	431	151
1380	660	424	150
1369	657	428	151
1362	653	410	156
1359	650	400	152
1355	645	397	157
1340	641	398	155
1340	640	383	153
1334	639	396	148
1326	636	370	151
1330	636	360	147
1338	631	333	149
1346	647	384	124
1369	651	377	126
1392	651	382	126
1407	644	378	143
1444	645	376	146
1475	652	379	144
1490	654	403	157
1530	647	380	164
1600	660	312	136
1629	670	277	108
1698	686	222	109
1698	686	222	109
1698	686	222	109
1698	686	222	109
1698	686	222	109
1698	686	222	109
1698	686	222	109
1698	686	222	109
1698	686	222	109
1698	686	222	109
1698	686	222	109
1698	686	222	109
1698	686	222	109
1698	686	222	109
1698	686	222	109
1698	686	222	109
1698	686	222	109
1698	686	222	109
1698	686	222	109
1698	686	222	109
1698	686	222	109
1698	686	222	109
1698	686	222	109
1698	686	222	109
1698	686	222	109
1698	686	222	109
1698	686	222	109
1698	686	222	109
1698	686	222	109
1698	686	222	109
1698	686	222	109
1698	686	222	109
1698	686	222	109
1698	686	222	109
1698	686	222	109
1698	686	222	109
1698	686	222	109
1698	686	222	109
1698	686	222	109
1698	686	222	109
1698	686	222	109
1698	686	222	109
1698	686	222	109
1698	686	222	109
1698	686	222	109
1698	686	222	109
1686	571	200	122
1686	571	200	122
1671	578	231	110
1671	578	231	110
1671	578	231	110
1671	578	231	110
1671	578	231	110
1488	326	228	123
1488	326	228	123
1632	560	218	137
1632	560	218	137
1632	560	218	137
1632	560	218	137
1507	331	199	161
1507	331	199	161
1507	331	199	161
1507	331	199	161
1507	331	199	161
1507	331	199	161
1507	331	199	161
1507	331	199	161
1507	331	199	161
1507	331	199	161
1507	331	199	161
1507	331	199	161
1507	331	199	161
1507	331	199	161
1507	331	199	161
1507	331	199	161
1507	331	199	161
1507	331	199	161
1507	331	199	161
1507	331	199	161
1507	331	199	161
1507	331	199	161
1507	331	199	161
1507	331	199	161
1507	331	199	161
1507	331	199	161
1507	331	199	161
1507	331	199	161
1507	331	199	161
1507	331	199	161
1507	331	199	161
1507	331	199	161
1507	331	199	161
1507	331	199	161
1507	331	199	161
1507	331	199	161
1507	331	199	161
1507	331	199	161
1507	331	199	161
1507	331	199	161
1507	331	199	161
1507	331	199	161
1507	331	199	161
1507	331	199	161
1507	331	199	161
1507	331	199	161
1507	331	199	161
1507	331	199	161
1507	331	199	161
1507	331	199	161
1507	331	199	161
1507	331	199	161
1299	446	224	114
1299	446	224	114
1299	446	224	114
1299	446	224	114
1299	446	224	114
1299	446	224	114
1299	446	224	114
1299	446	224	114
1299	446	224	114
1301	443	208	101
1291	444	209	90
1291	444	209	90
1288	441	207	86
1288	441	207	86
1288	441	207	86
1288	441	207	86
1284	440	201	83
1284	438	193	81
1297	436	179	79
1301	437	174	75
1301	437	174	75
1301	437	174	75
1303	437	162	75
1315	434	149	80
1286	432	150	77
1295	431	149	80
1295	427	149	89
1285	427	154	83
1290	426	146	82
1287	429	147	82
1287	423	145	86
1280	421	147	90
1264	419	156	91
1259	422	155	81
1265	421	150	86
1271	417	135	85
1272	417	131	88
1266	419	136	77
1267	419	133	82
1264	418	134	77
1256	419	138	75
1251	417	139	73
1251	417	140	70
1249	415	136	72
1254	413	126	69
1247	414	129	65
1247	412	130	70
1250	413	123	67
1248	412	121	65
1248	412	124	63
1249	412	117	67
1249	411	112	70
1247	411	114	68
1225	409	91	68
1244	409	109	69
1214	407	121	73
1212	405	128	75
1206	405	127	70
1203	401	134	81
1203	403	123	62
1207	401	118	62
1211	399	116	66
1208	398	114	65
1210	399	117	64
1202	398	121	61
1203	397	121	66
1199	398	121	64
1199	397	119	64
1204	395	113	66
1203	395	112	65
1209	395	103	66
1216	393	91	68
1212	393	92	69
1210	392	90	68
1198	390	101	68
1191	391	108	49
1187	393	103	36
1185	395	109	35
1183	392	107	41
1178	389	105	43
1182	390	102	41
1185	390	97	38
1191	390	88	40
1193	389	83	40
1191	391	84	41
1194	391	76	41
1191	391	79	40
1186	388	83	47
1182	386	85	44
1175	386	85	45
