610	599	51	86
607	600	47	87
602	594	46	95
596	592	47	101
590	588	56	107
585	581	52	121
576	574	59	130
575	581	54	127
567	593	54	120
559	602	59	112
552	601	61	119
547	608	58	114
538	613	66	116
530	619	69	110
523	627	67	107
515	636	71	103
506	639	79	102
499	643	74	104
489	647	74	104
482	646	75	108
474	650	74	108
466	657	76	107
455	660	78	107
447	665	78	108
436	665	84	115
428	672	83	114
419	678	82	112
409	679	81	117
399	681	84	121
388	687	85	119
375	693	89	120
360	695	97	128
353	703	91	123
339	707	93	127
323	708	102	132
316	703	98	145
299	705	105	150
282	721	112	136
279	723	106	119
266	728	101	123
249	733	111	122
235	738	113	122
224	741	108	121
209	740	113	129
196	748	118	127
177	755	126	124
165	754	128	137
149	761	136	134
137	770	129	120
126	769	125	125
119	768	123	131
111	775	130	129
116	776	130	127
121	781	124	123
133	786	125	107
155	779	121	114
179	777	118	110
204	774	114	106
232	772	112	101
264	765	105	99
308	758	94	96
335	750	102	105
355	742	109	107
388	738	109	108
429	735	109	105
451	723	113	116
493	717	116	112
540	719	96	100
581	719	99	95
625	719	92	88
666	716	82	82
686	718	100	83
726	724	90	73
759	722	97	67
787	718	97	72
813	718	91	72
832	721	92	69
849	721	93	67
850	701	96	85
858	693	88	95
861	688	85	96
860	690	84	97
863	686	78	102
849	683	83	104
840	684	84	101
827	690	88	92
823	690	80	91
816	684	78	93
822	685	64	96
817	678	56	104
799	687	43	93
788	682	47	97
768	681	51	80
763	695	60	83
747	688	65	86
715	691	80	73
707	684	69	75
699	681	72	77
693	680	81	85
687	676	83	85
688	675	83	79
690	666	76	86
694	669	85	86
706	662	80	86
716	659	77	86
738	663	73	76
753	664	75	73
774	663	78	70
803	654	79	79
827	640	76	87
858	638	74	86
888	626	82	95
918	633	77	84
955	631	71	82
983	632	75	82
1024	631	70	79
1062	626	72	84
1098	630	74	80
1138	629	71	78
1177	631	71	78
1215	634	68	76
1248	638	73	71
1274	641	73	68
1298	636	78	73
1320	637	74	74
1330	635	71	71
1339	634	75	71
1346	638	69	67
1349	633	68	66
1343	627	73	69
1345	618	67	78
1344	622	63	69
1334	621	70	71
1330	622	61	62
1326	622	63	54
1318	617	63	54
1310	616	64	56
1306	610	63	59
1307	610	53	64
1298	611	54	55
1291	608	52	59
1288	604	51	63
1280	603	50	62
1271	598	51	62
1267	594	51	60
1262	594	51	61
1257	590	49	62
1251	586	46	64
1245	583	49	63
1240	578	49	68
1236	580	46	61
1232	579	45	62
1226	574	44	61
1221	572	44	62
1216	566	42	66
1213	562	39	66
1208	561	42	70
1204	561	42	69
1204	560	35	66
1193	557	41	63
1190	556	40	56
1185	558	39	57
1181	556	41	63
1176	553	40	59
1173	552	40	59
1168	551	38	59
1164	548	38	62
1160	542	39	67
1156	540	40	69
1151	534	43	73
1146	534	42	72
1143	531	41	76
1139	530	37	72
1135	524	40	79
1130	523	41	78
1123	528	43	68
1121	528	38	63
1116	530	40	59
1114	524	36	64
1109	521	38	64
1104	518	39	66
1102	519	39	67
1099	517	38	62
1094	517	38	64
1091	516	38	63
1087	517	37	60
1085	513	35	60
1079	513	38	59
1077	510	33	57
1074	510	35	60
1069	509	34	58
1066	511	36	56
1061	510	39	57
1058	509	38	54
1055	505	36	55
1053	501	35	58
1049	502	36	58
1046	504	36	56
1043	499	33	59
1038	501	35	56
1034	503	35	50
1032	500	32	52
1029	498	33	52
1026	494	33	54
1023	496	34	52
1020	495	34	52
1018	495	33	51
1015	497	32	45
1011	497	33	46
1008	495	32	46
1005	491	34	49
1003	496	29	44
1002	488	30	50
998	489	29	47
997	484	25	50
991	486	29	47
990	483	29	48
987	482	29	49
986	477	27	50
983	478	27	49
980	481	26	44
975	482	27	42
974	481	25	43
973	483	24	39
969	484	25	36
962	484	31	37
962	483	29	36
959	481	26	38
957	479	25	38
955	476	27	38
955	474	24	42
953	471	24	42
949	473	25	38
945	473	27	38
944	472	25	38
941	471	24	37
942	469	21	41
938	461	23	46
936	464	22	42
935	465	22	39
932	466	22	38
930	463	21	40
927	460	23	40
925	458	21	43
924	453	24	48
922	453	24	47
920	451	25	48
917	451	23	48
914	452	25	46
913	452	24	46
910	452	24	42
909	454	21	39
907	456	20	35
905	455	21	36
902	452	25	40
901	451	23	40
898	451	21	45
897	448	20	43
894	442	24	46
893	444	20	41
890	442	23	45
886	446	26	45
884	447	27	43
884	447	23	36
882	449	24	39
880	443	21	41
878	439	22	43
876	440	23	45
873	440	24	43
871	439	24	45
868	439	25	41
866	438	25	42
864	432	24	45
862	430	24	47
860	427	23	47
858	425	24	53
858	423	22	53
856	420	21	55
852	426	25	48
851	427	25	46
849	429	24	43
847	427	25	45
845	428	25	45
843	427	22	43
841	425	22	44
841	427	21	42
839	422	21	47
838	418	22	49
834	421	23	48
834	424	21	43
832	425	21	42
832	426	20	42
830	419	19	44
829	421	19	43
827	418	20	46
826	415	21	48
824	413	21	49
822	410	20	52
822	407	20	52
820	409	21	52
818	406	20	53
817	405	19	55
816	405	19	54
816	407	17	51
813	407	19	51
812	414	19	45
812	411	18	45
808	408	22	45
808	406	23	48
807	408	21	45
807	408	19	46
805	407	22	44
805	410	19	42
804	409	17	43
803	411	18	44
802	412	19	39
800	415	20	34
799	415	19	32
802	408	14	34
799	409	17	37
799	407	17	39
797	404	18	39
795	407	19	38
794	410	19	35
796	411	17	31
793	408	18	32
792	409	17	32
792	407	17	32
791	407	17	32
791	407	16	33
790	404	18	35
790	404	12	35
789	405	11	33
788	407	13	29
789	408	13	28
788	408	12	26
788	409	11	26
787	409	12	25
786	409	13	24
783	407	13	27
783	407	13	26
780	407	15	27
780	406	15	26
779	405	16	27
774	403	19	28
773	405	20	26
775	401	18	29
777	402	14	28
777	403	13	25
777	405	14	21
775	405	13	21
776	405	15	19
777	406	15	19
773	405	13	21
773	403	13	24
774	400	10	26
772	399	11	25
772	400	14	23
772	400	13	24
770	396	15	25
770	396	14	27
768	397	14	26
769	398	15	26
769	392	14	29
767	396	13	26
767	395	13	23
766	397	16	27
765	389	15	29
767	396	17	29
762	388	17	33
761	384	19	36
762	383	16	33
763	381	13	33
760	383	18	34
761	382	17	37
761	381	17	37
760	379	18	38
757	375	22	40
757	378	15	36
756	383	14	33
755	379	15	36
754	385	16	34
751	379	20	36
751	379	19	37
749	377	19	39
749	375	19	39
749	377	19	38
748	378	17	34
748	381	14	31
748	380	14	31
746	381	16	30
746	378	14	33
743	378	16	32
743	379	15	30
741	377	17	32
741	379	16	29
741	377	17	31
741	379	15	29
740	379	16	28
738	377	16	31
738	375	15	33
736	376	17	33
736	375	19	32
736	373	17	32
736	374	15	31
735	374	14	31
734	373	14	33
734	370	16	35
734	372	15	32
732	373	14	31
730	371	17	33
732	373	14	29
731	373	13	29
731	373	12	29
729	373	12	29
728	372	16	30
727	372	15	30
726	372	14	30
725	371	14	31
724	371	13	30
723	371	13	28
720	372	16	28
720	370	16	29
720	369	16	31
719	370	16	30
718	369	16	30
718	369	15	30
718	371	15	28
718	369	13	29
716	369	14	29
715	369	15	29
715	367	13	31
714	368	13	30
714	371	12	26
712	369	15	27
711	371	14	24
711	369	14	27
711	369	14	28
710	364	16	28
709	364	16	28
708	362	15	33
707	363	14	30
706	364	14	31
706	364	13	29
704	364	16	29
704	366	16	25
703	368	13	24
704	369	11	22
703	369	11	22
702	369	11	22
702	370	10	21
701	369	11	21
700	368	11	23
698	366	13	23
698	366	14	20
698	363	13	22
697	366	12	21
695	364	12	21
696	364	14	22
694	363	12	24
692	362	14	25
690	360	16	29
691	357	17	29
689	356	21	28
691	358	22	29
688	355	24	29
687	353	22	33
688	354	22	33
688	354	24	30
681	353	25	33
683	352	23	34
684	353	27	34
680	352	20	39
682	353	15	41
682	352	18	43
683	351	16	43
682	355	14	41
682	348	12	38
681	352	13	36
680	351	15	35
678	359	15	38
678	355	14	35
678	355	11	38
678	350	11	34
676	355	14	29
676	355	11	29
676	354	12	29
676	353	12	30
674	354	14	30
674	356	13	26
673	357	11	26
672	358	11	26
673	358	10	24
671	356	12	26
670	356	12	26
670	356	12	27
669	354	11	26
669	355	12	26
669	356	11	24
668	354	11	26
667	356	11	23
665	356	13	24
665	357	13	23
663	358	14	22
663	357	12	22
663	357	12	22
663	354	12	23
663	356	10	22
662	357	11	22
661	356	12	23
659	356	13	22
659	357	11	20
660	358	11	19
659	358	11	20
658	358	12	20
657	356	13	22
656	353	12	25
656	352	11	26
656	355	10	24
656	355	11	24
655	356	11	21
655	355	10	22
654	354	11	23
654	354	11	23
653	353	10	23
654	355	9	21
653	355	9	21
653	352	10	23
