850	292	23	31
849	295	25	26
848	296	23	27
849	295	25	27
848	294	25	28
848	294	25	27
848	295	20	22
847	294	24	25
848	294	23	22
849	296	17	20
850	298	16	17
851	298	14	16
851	298	14	16
851	298	12	17
851	298	12	17
850	299	13	16
850	299	13	16
849	298	12	16
849	298	12	16
849	298	12	16
849	298	12	16
849	298	12	16
849	298	12	16
849	298	12	16
849	298	12	16
849	298	12	16
849	298	12	16
846	299	14	17
846	299	13	17
844	298	14	18
844	298	14	18
844	298	14	18
844	298	14	18
844	298	14	18
841	298	15	19
839	296	17	22
840	296	19	22
840	294	19	25
840	297	16	23
840	297	15	23
840	297	16	23
838	296	16	24
838	296	16	22
839	298	16	22
838	297	16	23
837	297	17	23
836	296	18	25
837	297	15	23
836	297	17	24
837	299	13	21
836	299	16	22
835	298	17	22
835	299	15	18
835	300	14	18
835	299	13	19
833	297	15	23
834	298	16	22
832	298	15	21
833	296	15	22
833	296	15	22
831	301	16	20
832	302	14	18
833	301	13	18
832	302	13	17
832	301	12	18
831	300	14	18
831	299	13	19
831	302	13	17
830	302	13	17
829	300	15	19
828	301	15	17
828	301	14	19
828	300	14	20
827	300	16	20
827	302	14	18
827	301	13	16
825	302	15	16
826	302	14	17
824	302	15	18
825	303	14	19
825	303	12	16
824	304	13	16
824	302	14	18
823	303	14	17
823	303	13	16
823	304	12	15
822	304	12	15
821	303	13	16
820	303	13	17
819	302	14	18
818	303	14	16
818	303	14	17
818	304	13	15
817	303	14	18
816	303	14	18
816	303	15	17
815	302	15	19
815	303	14	18
814	303	14	17
814	304	14	16
813	303	15	18
811	302	17	18
808	301	22	21
809	300	21	26
809	300	20	24
807	300	23	26
806	298	24	25
805	300	24	22
804	300	21	22
807	302	17	21
808	304	14	19
808	304	14	18
807	303	16	18
808	304	14	17
807	305	14	16
805	305	16	16
805	305	15	17
805	304	16	18
805	304	18	19
803	305	16	19
803	305	16	18
803	305	16	19
804	306	15	16
803	306	15	16
803	306	16	17
801	307	18	18
801	305	16	20
801	303	16	20
800	305	18	19
800	305	17	21
799	304	18	22
799	306	17	19
799	305	16	20
799	306	16	20
798	304	16	22
796	303	20	22
797	302	18	22
798	304	17	21
797	305	18	22
795	305	20	21
794	304	23	23
790	304	26	26
792	303	23	26
794	305	22	23
794	305	21	22
795	306	18	21
794	305	19	21
794	305	19	22
793	305	21	22
794	305	19	21
793	306	19	21
792	305	21	23
790	306	24	20
790	307	23	21
790	306	21	22
792	306	21	21
792	305	21	24
790	305	22	26
789	305	23	23
791	305	19	25
789	304	22	25
789	304	22	29
791	304	19	27
788	304	21	27
789	308	20	22
790	306	18	22
790	307	17	22
788	306	21	24
788	305	22	24
787	306	20	23
787	306	20	24
788	307	18	23
786	306	21	24
787	307	20	25
785	305	22	26
786	307	20	23
786	308	19	21
785	307	18	23
784	307	21	23
784	308	20	22
785	309	16	19
785	308	17	19
784	308	19	22
783	306	19	24
783	308	17	22
783	307	18	23
783	308	17	21
783	309	16	21
783	309	16	19
782	310	17	20
782	309	15	20
782	309	17	21
780	310	17	19
781	309	17	19
779	310	20	20
779	310	19	19
777	310	21	22
777	309	21	21
778	311	19	22
778	311	18	19
778	311	17	19
777	310	19	22
777	311	19	21
774	308	23	24
776	311	20	22
774	310	23	23
774	310	21	21
774	310	22	23
774	308	19	24
772	307	22	26
772	309	23	25
774	310	19	22
771	310	22	23
773	309	20	25
772	310	20	22
772	310	21	23
771	310	21	22
771	310	20	22
772	311	20	23
768	311	24	23
768	309	25	27
768	310	26	25
770	311	23	23
770	311	22	23
768	310	25	26
767	311	27	26
768	309	25	28
767	311	27	28
768	311	25	25
767	311	24	27
767	311	26	27
766	309	28	29
767	312	24	26
768	313	22	27
768	312	25	25
767	313	23	25
766	313	25	27
765	312	26	26
766	313	26	25
766	313	24	25
768	313	22	26
767	313	24	28
766	313	25	26
767	314	26	25
767	315	22	25
766	315	24	27
764	315	25	25
766	315	24	25
767	315	22	27
766	315	23	24
765	315	25	27
764	315	27	27
766	314	24	28
765	316	26	27
764	317	27	26
764	316	26	26
764	317	28	27
764	316	26	27
764	316	27	28
763	318	28	24
765	317	24	24
764	317	28	27
764	316	25	27
764	317	24	27
763	318	27	27
764	318	26	27
764	319	25	25
765	317	26	27
764	319	25	26
763	319	27	25
763	319	28	27
763	319	26	27
763	319	27	27
762	319	27	26
763	320	25	25
764	320	24	25
764	320	24	26
764	319	25	27
764	320	23	27
763	320	25	27
763	320	25	25
763	320	26	27
763	320	27	28
762	322	26	27
763	321	26	26
762	321	26	26
763	322	25	26
763	321	25	29
763	321	25	27
762	321	27	29
761	321	28	30
763	323	27	28
762	322	25	27
762	323	25	27
761	323	26	28
761	323	26	27
762	324	26	26
762	324	26	27
763	325	25	26
762	323	27	29
762	325	27	27
762	325	24	27
762	324	24	27
763	325	24	28
762	324	25	29
760	326	28	25
760	324	28	29
761	325	27	28
760	325	30	29
759	325	31	28
761	324	26	27
761	326	26	26
761	325	30	30
758	325	31	31
760	326	29	28
761	326	29	28
760	324	29	31
759	326	32	30
759	326	32	29
761	327	30	27
761	325	26	30
761	327	27	28
761	327	29	29
761	327	29	29
762	327	29	31
761	326	31	31
761	326	32	33
762	328	30	29
760	327	30	32
761	325	32	31
762	326	31	30
761	328	32	29
761	325	32	32
761	329	32	28
762	327	32	31
760	328	32	31
762	326	30	32
762	328	30	30
762	327	33	33
761	326	34	32
761	326	35	33
761	326	34	34
761	324	33	35
760	328	36	32
761	328	34	32
759	327	37	34
760	327	37	35
758	327	37	36
758	324	42	39
761	328	37	37
761	330	36	31
761	331	39	29
760	328	40	34
760	332	39	31
758	330	43	31
759	328	42	35
759	328	42	37
758	328	41	36
761	329	40	36
761	331	38	34
762	328	40	37
763	327	39	38
762	330	41	37
764	326	41	42
761	329	42	37
761	330	42	36
763	331	44	37
764	330	41	38
766	326	37	43
765	330	41	39
763	331	43	37
760	331	48	38
763	331	44	38
763	330	42	41
765	330	40	42
764	332	44	38
766	333	42	37
766	332	44	39
767	333	43	37
765	334	46	37
767	336	42	36
769	337	40	34
772	336	35	36
772	337	35	38
769	337	40	40
765	333	45	44
768	337	43	37
768	335	45	42
769	337	42	40
768	338	46	39
771	336	41	38
772	338	41	40
773	339	40	40
775	338	36	42
776	341	35	36
774	342	40	36
774	341	38	37
774	342	41	38
773	342	43	36
774	343	42	38
775	339	42	45
772	342	46	39
772	343	48	38
775	345	50	38
777	343	39	41
776	342	41	42
776	345	43	40
776	350	44	35
780	347	38	38
780	344	43	43
779	346	47	42
778	350	47	41
780	348	41	41
777	350	45	38
779	351	43	38
777	350	44	40
776	348	46	42
777	351	48	39
777	353	51	41
780	352	46	43
782	355	44	39
784	355	40	39
781	356	43	38
786	354	36	40
785	354	41	43
785	353	39	42
786	358	39	36
786	358	39	40
788	358	36	42
791	359	37	38
788	359	38	39
786	361	43	35
789	362	41	35
791	361	40	38
794	360	34	41
792	364	38	35
796	363	34	37
796	365	36	34
796	361	37	39
798	364	34	37
797	366	36	37
795	366	40	35
796	366	38	38
799	364	34	41
796	366	39	39
795	368	44	40
799	370	43	38
794	368	45	39
802	364	38	45
802	368	42	45
800	369	47	44
800	372	46	38
801	373	46	37
799	373	44	40
800	375	42	39
808	374	39	41
809	373	34	41
812	372	33	45
812	375	33	41
811	375	37	48
814	375	33	48
812	375	36	44
811	379	43	41
807	382	54	33
811	381	43	36
813	382	45	36
812	378	45	41
813	381	47	37
818	383	40	36
817	385	46	38
818	381	45	42
820	384	43	41
821	384	38	39
821	385	40	39
822	389	39	33
822	385	39	39
825	385	34	39
828	387	34	41
827	389	38	44
828	387	40	41
830	388	35	46
830	387	36	50
829	389	40	44
830	386	37	46
830	387	38	47
833	392	38	43
834	394	35	37
834	395	36	38
833	396	38	36
835	394	36	42
836	396	39	41
838	397	37	40
838	398	38	38
837	398	40	40
839	399	37	40
839	401	39	36
839	398	40	40
843	400	35	37
844	400	34	39
845	404	36	37
847	405	37	38
847	405	34	37
846	407	39	39
848	408	37	34
848	408	39	36
849	408	35	37
854	409	31	42
851	409	37	38
846	408	43	38
845	410	50	37
849	410	47	39
847	411	45	38
855	413	38	42
853	415	42	36
857	417	41	36
856	418	40	35
859	419	38	33
856	418	42	36
857	418	42	39
858	416	45	44
859	419	42	43
860	420	40	43
859	423	44	36
859	423	42	38
862	424	41	39
863	421	37	45
863	426	39	41
864	427	38	38
864	428	41	38
864	431	44	36
863	431	44	37
864	432	42	37
867	432	38	35
867	436	41	38
868	434	39	41
868	434	39	41
867	437	42	40
869	441	39	31
868	441	42	35
871	441	42	37
869	438	43	39
873	443	39	39
871	447	44	34
872	446	41	36
875	449	37	34
874	449	39	36
875	446	35	42
871	447	42	44
875	451	38	41
876	449	37	46
876	452	41	43
878	450	40	43
879	456	41	38
878	456	39	39
874	450	43	47
876	449	40	47
878	453	36	47
881	462	34	40
880	465	38	40
880	469	38	36
878	466	41	39
880	469	40	35
877	472	40	39
878	469	41	41
884	474	37	37
886	477	36	36
884	478	38	37
883	471	40	44
882	477	45	40
888	481	39	35
888	484	38	37
891	480	40	42
889	479	43	48
893	485	40	42
896	486	41	45
894	485	38	44
898	492	41	38
901	496	40	36
902	497	38	36
903	500	41	36
905	502	40	36
901	500	45	43
907	500	41	47
904	506	42	43
910	508	39	38
912	511	41	37
914	511	45	41
914	511	43	45
918	514	40	47
921	517	36	42
922	517	37	44
920	517	40	49
922	517	44	53
924	524	45	48
927	520	41	56
924	526	48	53
929	532	45	42
934	535	41	45
930	535	48	45
935	539	45	43
939	537	42	51
942	542	43	51
949	543	38	55
950	549	38	52
953	552	37	49
956	550	36	56
957	557	38	51
961	559	37	50
960	563	41	49
957	564	47	51
968	569	40	48
972	571	39	50
975	573	37	54
975	576	44	50
979	574	43	58
985	580	36	52
985	584	35	54
988	586	37	55
992	589	37	53
991	595	40	50
995	596	40	51
996	601	40	49
999	603	41	46
1006	605	36	56
1007	605	38	59
1009	609	43	56
1009	615	42	52
1015	619	39	55
1019	621	38	48
1020	624	39	48
1019	627	45	52
1024	629	39	62
1031	631	35	61
1035	635	36	57
1037	637	35	61
1043	640	33	66
1042	642	36	65
1043	648	38	64
1051	650	32	61
1053	653	34	68
1054	652	33	68
1054	660	40	64
1063	666	32	57
1063	669	33	60
1064	672	40	51
1069	677	32	51
1071	680	33	54
1073	685	33	50
1078	689	29	49
1078	690	33	47
1080	694	35	42
1080	701	38	35
1080	706	39	30
1087	707	34	31
1091	710	33	33
1089	714	36	34
1090	717	38	36
1091	722	37	28
1093	726	36	34
1096	730	35	28
1099	734	35	30
1099	736	36	28
1103	741	30	30
1106	743	32	25
1107	748	30	24
1109	751	33	30
1109	754	35	27
1110	756	36	33
1109	760	36	32
1108	765	42	26
1110	768	37	33
1114	771	36	33
1118	774	32	30
1121	779	27	30
1119	782	31	26
1122	786	27	27
1123	791	29	26
1121	794	35	26
1124	797	32	26
1121	802	36	28
1127	806	36	26
1126	809	39	26
1127	810	37	28
1130	814	38	28
1134	819	34	29
1136	824	33	26
1137	826	32	29
1139	828	37	30
1139	832	37	30
1143	835	33	27
1146	842	32	25
1147	844	30	25
1148	845	33	29
1150	849	33	27
1154	851	35	28
1154	854	37	28
1156	858	37	28
1159	861	36	28
1162	865	38	28
1163	867	44	27
1164	869	40	28
1167	872	40	32
1166	876	45	29
1169	880	44	28
1173	882	42	27
1177	882	40	29
1179	888	40	28
1182	889	40	30
1184	891	43	33
1184	894	49	32
1188	896	40	30
1193	903	37	28
1195	905	41	28
1194	909	44	27
1197	909	48	33
1198	914	47	28
1202	918	46	28
1202	921	48	29
1203	923	49	29
1206	926	48	29
1209	929	47	28
1210	931	49	30
1214	933	45	30
1218	938	40	27
1219	940	43	30
1222	942	43	30
1219	943	51	32
1218	946	56	32
1222	951	53	28
1224	953	52	29
1223	954	52	30
1227	957	48	30
1228	960	50	28
1230	959	52	31
1232	963	48	33
1236	965	42	33
1234	969	48	29
