938	942	60	131
938	930	55	140
936	921	53	147
933	914	52	151
927	908	56	143
922	898	61	146
919	891	60	142
921	884	50	139
916	875	57	144
915	867	52	141
912	864	52	134
909	855	55	136
907	846	51	138
901	842	55	129
901	840	56	128
898	828	53	129
898	824	48	125
896	817	47	124
892	809	48	126
894	805	43	127
886	800	52	119
887	793	46	120
886	791	46	115
884	784	44	114
883	780	46	116
881	776	45	108
880	769	41	113
876	765	45	109
875	759	44	117
874	752	40	116
873	750	39	104
868	748	44	104
870	748	41	96
864	738	46	98
865	734	41	100
864	728	40	102
861	723	39	98
860	720	37	96
858	717	39	95
855	710	41	101
854	704	39	105
853	705	40	88
851	702	37	90
850	700	36	81
847	695	38	82
847	691	35	80
844	686	37	86
844	681	38	96
841	680	40	88
840	678	34	80
836	676	42	84
837	671	37	88
835	667	35	87
832	664	36	83
832	660	34	78
830	660	35	79
829	656	36	79
826	651	39	83
824	646	38	88
824	643	36	88
820	642	42	90
818	643	41	85
820	632	35	81
818	633	36	75
819	632	35	75
818	631	34	72
816	632	33	71
816	629	32	70
813	622	35	73
812	623	36	78
811	620	38	78
810	615	36	91
811	606	33	91
811	610	33	90
809	609	31	81
810	607	28	77
808	603	27	75
808	604	27	73
805	603	29	71
805	601	31	73
806	598	29	79
802	593	31	75
801	591	29	68
798	593	34	66
800	591	32	64
798	588	37	64
798	586	31	67
798	585	31	59
798	586	28	61
798	585	30	60
796	585	28	59
798	584	25	65
798	573	28	73
796	575	28	70
795	575	26	64
794	572	25	67
793	571	29	63
791	570	29	59
790	570	30	58
788	567	31	62
790	566	30	67
787	561	30	67
786	558	31	69
789	561	29	65
788	552	28	64
784	556	32	58
783	555	31	56
785	554	27	54
783	549	31	61
783	549	30	60
783	545	30	59
782	542	30	65
783	541	26	64
782	543	25	58
781	546	27	62
780	539	25	60
781	536	23	58
779	539	24	55
778	537	26	57
779	535	22	57
778	540	22	56
776	537	25	58
775	536	25	62
774	535	26	59
773	530	32	60
768	525	33	64
770	520	33	67
768	522	30	66
767	528	28	61
768	528	26	51
764	538	30	55
769	529	24	51
768	529	21	51
770	530	21	51
766	524	23	55
764	529	23	58
764	516	24	63
764	517	24	66
763	511	28	69
763	518	24	64
761	518	26	60
763	512	25	64
763	508	27	72
758	516	27	71
757	520	25	64
755	526	29	66
755	513	29	71
755	513	35	78
753	514	39	67
753	515	37	63
750	519	32	59
751	520	28	62
750	512	24	57
749	518	24	54
748	516	24	59
748	514	25	52
748	514	23	49
747	512	22	49
747	511	21	51
744	508	24	55
742	511	28	50
740	511	26	49
737	512	30	49
738	510	28	50
739	510	25	52
738	509	25	51
737	507	25	52
735	508	26	51
737	506	25	53
736	504	24	54
734	504	26	51
736	505	23	47
735	505	24	48
735	502	22	51
736	501	21	47
736	498	20	49
735	500	23	47
736	500	21	45
735	499	21	46
734	496	21	52
733	496	22	53
734	497	22	50
734	495	21	51
735	498	20	48
735	495	22	50
735	494	22	52
736	494	21	49
736	494	19	49
737	493	18	49
735	491	24	49
738	491	21	46
738	487	22	51
738	487	23	51
739	489	24	51
740	488	25	47
741	490	21	40
742	487	21	43
742	486	22	44
743	486	22	45
743	486	23	46
743	484	23	47
745	483	23	47
746	481	23	48
747	480	21	45
749	474	20	52
750	477	21	50
751	480	20	45
752	475	20	51
752	475	18	47
752	479	23	45
753	479	25	40
755	477	22	45
757	471	21	51
757	469	27	56
757	473	27	60
757	475	27	57
758	467	26	64
761	468	27	64
761	468	25	54
762	472	23	46
765	471	26	52
764	472	30	52
765	472	26	54
765	470	27	52
765	473	36	58
768	471	28	52
768	472	27	51
768	470	30	52
772	469	25	53
771	471	29	52
769	470	29	57
774	464	24	60
775	467	26	54
776	469	26	60
777	463	24	57
778	462	23	60
780	464	21	65
781	458	20	60
781	464	22	52
781	465	23	49
783	468	19	45
783	463	25	48
786	460	19	52
788	460	22	52
788	461	22	50
786	461	29	50
792	463	24	48
793	458	23	51
794	459	22	49
794	461	22	46
790	461	27	53
793	463	24	49
795	454	21	57
795	454	21	57
795	455	20	60
795	455	20	60
795	455	20	60
795	455	20	60
800	447	22	61
800	447	22	61
800	447	22	61
800	447	22	61
803	444	15	61
804	449	14	62
804	451	19	56
802	450	20	50
805	454	17	48
802	454	21	45
800	457	28	39
801	456	30	42
800	460	25	40
800	461	20	38
805	456	17	44
804	460	19	39
804	462	14	35
803	465	15	34
802	465	17	33
801	460	17	34
801	459	18	30
803	461	15	27
802	463	16	25
804	464	15	26
804	469	13	26
804	463	12	30
804	462	13	32
805	464	12	31
804	465	14	30
806	459	10	31
805	465	10	27
803	461	13	26
799	462	18	25
798	467	18	21
798	465	17	21
797	464	19	23
798	466	16	21
798	464	16	23
797	462	18	25
797	462	19	30
798	462	19	33
797	463	21	34
797	468	20	33
797	467	18	35
798	463	17	31
797	463	17	32
796	463	19	34
795	466	18	28
792	458	22	32
794	455	17	37
792	454	19	42
792	454	23	44
791	456	23	41
792	459	24	40
791	446	21	46
790	448	21	46
790	447	16	41
788	448	20	39
786	447	22	37
786	445	19	40
787	446	19	42
785	446	19	40
785	439	18	41
785	442	19	37
784	441	17	38
785	443	17	38
781	436	21	38
781	437	18	40
783	435	16	39
782	433	19	40
779	429	21	42
778	429	21	41
779	430	21	43
778	429	19	41
777	429	19	36
778	427	15	37
775	424	19	41
777	428	18	35
776	428	18	34
778	426	20	38
773	425	21	38
773	427	21	40
774	425	20	40
773	424	21	43
773	423	19	44
772	420	17	46
774	422	16	41
772	423	18	39
774	423	17	34
774	422	15	33
773	422	15	34
772	420	15	37
770	419	16	37
770	417	17	38
770	417	15	37
773	419	15	37
772	417	13	35
771	422	18	31
770	418	20	31
769	421	19	31
770	425	20	30
766	430	18	26
768	429	16	20
770	425	20	23
767	429	18	22
768	428	18	27
766	425	19	30
