64	401	330	246
83	399	331	236
92	401	333	240
120	399	318	224
134	401	333	217
151	409	329	215
177	407	318	209
202	402	313	206
209	411	326	191
242	408	312	201
243	407	333	195
281	405	316	214
308	405	311	201
327	407	316	196
355	404	295	200
365	401	302	201
386	397	290	203
404	396	299	206
442	398	297	202
454	404	302	208
481	399	285	208
498	396	288	245
522	398	313	264
531	400	396	277
538	383	390	292
527	394	392	298
552	392	356	298
568	374	323	295
571	382	333	303
550	389	358	303
559	388	360	317
562	388	366	301
553	393	386	281
552	379	397	317
549	375	426	301
532	384	454	300
545	386	452	292
545	386	452	292
499	367	504	323
499	367	504	323
499	367	504	323
499	367	504	323
586	388	466	264
693	374	455	231
714	381	408	192
711	379	373	201
781	386	313	183
814	370	273	212
824	376	273	195
845	378	263	192
865	373	249	192
885	373	230	177
896	374	235	181
897	361	234	209
897	364	245	206
926	367	217	156
935	374	221	161
934	359	224	167
947	358	215	152
953	363	216	132
973	365	204	124
986	357	196	135
989	364	201	130
999	357	193	132
1004	355	197	147
1011	351	191	155
1013	353	193	147
1020	351	193	150
1036	352	186	130
1048	350	178	125
1053	350	175	124
1063	347	171	126
1068	348	173	124
1079	347	166	139
1083	347	172	132
1086	346	170	131
1095	345	164	119
1102	346	164	118
1107	340	171	122
1114	340	162	122
1114	337	168	140
1120	337	165	132
1123	340	166	122
1135	338	154	127
1140	335	148	125
1143	333	153	125
1149	340	147	117
1152	334	146	132
1151	336	155	123
1166	333	139	119
1169	337	141	115
1171	333	141	123
1182	333	128	118
1184	330	129	122
1189	331	127	121
1190	334	127	113
1193	330	134	119
1200	328	119	112
1198	329	128	110
1203	331	129	97
1208	329	128	108
1209	325	128	109
1218	328	121	97
1214	327	123	120
1217	326	117	123
1221	328	115	101
1224	322	110	109
1227	324	110	100
1231	329	106	96
1231	328	102	97
1231	326	106	99
1238	327	91	91
1234	329	93	90
1232	322	101	100
1223	331	101	96
1234	318	99	92
1230	344	86	74
1227	339	80	81
1228	346	65	79
1241	322	81	88
1238	314	86	83
1234	334	87	88
1223	333	94	85
1220	320	97	87
1217	316	98	97
1218	311	98	89
1213	315	96	91
1218	315	92	93
1218	319	91	92
1217	323	92	87
1222	327	84	67
1216	317	97	82
1225	314	84	71
1216	315	87	78
1203	313	96	81
1208	311	91	80
1214	310	75	81
1207	313	79	83
1210	317	73	70
1204	314	75	73
1204	317	73	73
1200	311	76	79
1193	312	80	84
1193	308	88	94
1198	304	73	77
1203	303	62	83
1202	309	62	69
1193	314	63	69
1184	302	70	78
1184	299	71	84
1185	298	65	82
1174	298	72	80
1172	295	76	87
1171	297	68	82
1169	297	67	83
1168	302	64	76
1166	297	65	85
1167	297	59	80
1170	302	54	77
1164	305	62	71
1167	314	57	60
1167	315	63	58
1168	312	65	63
1170	306	64	71
1173	312	68	68
1174	314	67	63
1176	313	65	58
1180	309	64	63
1184	307	63	64
1187	310	66	66
1189	311	62	58
1191	311	65	56
1192	308	67	63
1206	310	64	61
1211	312	64	60
1215	304	50	58
1211	310	55	51
1209	311	67	55
1211	310	69	54
1214	307	70	53
1215	298	72	60
1219	295	65	64
1230	292	54	68
1233	291	52	67
1235	293	54	62
1236	287	57	68
1248	284	49	71
1251	283	45	71
1252	280	44	72
1254	273	45	78
1258	274	40	75
1261	278	40	70
1264	277	38	71
1265	269	42	76
1272	279	37	66
1273	278	44	67
1276	277	45	66
1282	278	42	64
1286	280	44	62
1297	279	43	59
1305	277	41	63
1313	274	36	64
1324	275	37	62
1332	275	39	62
1344	275	35	60
1355	273	31	61
1364	272	36	60
1373	269	35	64
1384	272	35	61
1396	271	35	62
1408	266	34	65
1419	269	35	63
1432	269	34	62
1445	264	35	65
1455	266	37	63
1464	262	46	71
1478	260	48	68
1493	252	54	79
1512	245	57	85
1515	236	70	98
1540	223	66	110
1540	229	77	117
1551	226	75	114
1573	220	72	120
1579	221	70	119
1602	220	63	113
1611	217	65	126
1623	217	69	122
1634	214	65	131
1644	215	76	130
1658	213	68	127
1668	223	68	122
1680	217	72	123
1689	216	73	124
1702	220	76	133
1716	214	73	134
1725	216	79	138
1735	217	85	137
1750	217	86	131
1769	217	80	123
1781	218	78	122
1792	218	89	129
1807	216	85	131
1810	219	105	131
