880	847	112	232
884	845	104	232
886	841	103	241
885	843	103	237
887	844	102	233
885	845	107	230
886	842	104	235
889	842	103	235
889	841	104	232
891	835	100	239
887	831	107	246
890	834	102	243
891	826	101	248
890	824	102	252
893	814	99	259
893	811	102	261
898	804	97	273
891	809	108	258
894	801	104	270
893	802	105	268
901	800	99	269
902	799	93	274
903	799	94	269
906	793	99	270
906	790	106	279
904	772	101	293
899	778	110	277
898	786	117	259
904	788	110	248
912	784	101	248
914	783	99	238
915	775	102	244
922	775	93	241
921	774	93	242
919	772	100	240
915	770	101	240
918	763	101	246
920	764	98	248
924	765	97	246
924	760	100	251
922	759	106	252
920	760	105	247
921	758	99	242
925	754	95	242
928	753	94	239
931	747	82	246
933	747	84	240
931	746	85	231
932	744	82	230
930	741	85	226
930	745	87	225
927	739	87	229
930	741	84	233
929	737	85	236
932	739	84	236
932	737	82	237
931	735	85	240
931	735	85	233
933	731	81	242
933	732	84	230
932	731	87	233
930	733	87	221
935	729	85	233
936	726	79	237
940	726	76	221
937	725	81	234
939	725	80	219
938	722	81	213
940	723	82	214
938	721	82	219
940	724	81	209
940	722	81	209
944	720	74	211
937	718	84	225
938	720	79	215
937	715	78	227
937	717	81	215
932	716	84	218
940	713	78	215
938	710	76	219
935	709	79	219
934	706	77	220
935	708	78	212
935	708	77	209
938	710	76	199
935	709	79	201
935	705	78	210
935	705	77	206
934	707	76	208
932	705	81	205
936	708	77	204
935	705	78	212
938	708	76	208
937	706	75	211
936	706	77	209
936	712	78	200
935	707	77	206
937	706	76	207
938	705	76	208
939	705	75	210
937	706	77	199
940	710	76	190
940	710	72	187
939	708	73	193
938	711	74	186
935	713	80	190
937	710	75	193
937	715	77	191
935	710	78	194
935	712	78	196
935	713	77	200
934	710	77	206
933	710	77	204
932	714	79	198
932	711	79	200
933	712	74	196
932	712	75	198
931	708	77	199
932	711	78	197
931	709	76	191
931	711	74	192
930	709	74	196
929	706	78	208
929	707	74	200
931	706	74	204
929	709	75	198
930	708	73	199
928	709	76	203
928	709	79	200
928	707	76	210
927	709	75	198
929	708	77	203
927	704	77	208
930	701	71	207
932	707	72	201
932	707	73	195
931	705	71	186
930	705	74	193
931	708	73	189
928	705	74	188
929	704	72	190
927	704	74	187
927	703	73	191
928	700	72	201
925	700	75	202
924	702	73	202
921	701	75	199
920	699	76	209
919	695	79	212
915	699	81	207
914	694	78	218
913	694	79	215
913	695	78	215
914	700	75	205
910	698	77	209
909	699	77	203
904	700	81	201
904	704	81	198
903	703	79	207
901	700	81	210
898	707	83	205
896	703	85	210
895	709	86	208
896	708	81	219
893	705	86	223
895	712	81	220
890	711	86	220
889	714	84	218
888	716	86	220
887	720	87	216
883	722	89	219
883	726	85	207
885	732	83	196
881	736	88	193
884	738	80	190
884	742	79	187
886	740	76	190
883	746	79	190
882	743	80	195
881	749	78	194
881	750	78	200
876	751	81	203
877	759	84	197
874	760	84	200
875	767	82	192
877	774	81	184
870	775	85	190
873	781	84	184
870	786	88	171
872	787	83	169
870	788	84	168
873	794	79	159
876	803	76	152
879	811	70	147
882	809	71	145
876	813	76	152
881	813	76	153
878	818	79	153
881	818	78	161
882	821	76	154
881	828	74	149
883	826	76	154
882	833	82	143
880	835	82	144
888	838	77	146
888	844	73	141
892	844	73	131
892	849	76	126
897	851	72	123
899	858	70	120
904	863	63	120
909	865	63	113
912	871	59	105
913	875	59	114
922	880	51	119
929	883	47	123
929	883	47	123
933	894	54	119
937	903	52	112
934	913	70	104
938	925	65	92
942	933	70	88
947	939	73	94
947	939	73	94
947	949	73	88
955	964	65	72
966	962	59	75
968	967	63	72
968	967	63	72
968	967	63	72
968	967	63	72
968	967	63	72
968	967	63	72
968	967	63	72
968	967	63	72
968	967	63	72
968	967	63	72
968	967	63	72
968	967	63	72
968	967	63	72
968	967	63	72
968	967	63	72
968	967	63	72
968	967	63	72
968	967	63	72
968	967	63	72
968	967	63	72
968	967	63	72
968	967	63	72
968	967	63	72
968	967	63	72
968	967	63	72
968	967	63	72
968	967	63	72
968	967	63	72
968	967	63	72
968	967	63	72
968	967	63	72
968	967	63	72
968	967	63	72
968	967	63	72
968	967	63	72
968	967	63	72
968	967	63	72
968	967	63	72
968	967	63	72
968	967	63	72
968	967	63	72
968	967	63	72
968	967	63	72
968	967	63	72
968	967	63	72
968	967	63	72
968	967	63	72
968	967	63	72
968	967	63	72
968	967	63	72
968	967	63	72
