1042	587	73	241
1039	593	74	226
1040	594	71	232
1038	599	70	219
1038	605	70	222
1034	608	75	230
1036	609	72	227
1039	614	71	234
1037	618	70	240
1040	623	67	240
1038	627	72	239
1039	634	72	235
1040	642	76	228
1040	649	75	227
1041	652	75	236
1043	656	69	241
1036	661	76	235
1039	663	81	237
1039	663	79	240
1042	665	78	246
1041	667	76	234
1045	668	73	232
1040	669	80	243
1043	667	76	234
1046	663	77	249
1044	666	77	248
1046	661	76	249
1042	657	79	246
1037	657	81	251
1039	655	85	247
1038	654	77	245
1041	651	79	256
1040	652	71	246
1041	650	78	240
1040	651	71	247
1041	645	70	256
1036	644	73	256
1034	642	74	254
1035	642	75	252
1033	638	75	239
1031	639	78	233
1031	639	78	233
1028	637	78	234
1030	637	76	242
1029	634	73	233
1026	638	75	222
1029	632	70	233
1024	633	79	230
1022	634	80	226
1024	632	78	225
1020	631	81	227
1017	631	87	240
1021	626	79	245
1020	629	77	239
1019	623	79	241
1024	622	73	221
1022	625	76	218
1021	620	75	220
1021	621	73	211
1022	620	74	218
1021	611	75	228
1019	613	76	223
1021	614	74	223
1021	613	74	220
1019	610	70	224
1016	612	74	222
1014	611	76	223
1014	612	70	223
1017	608	72	234
1014	606	69	238
1017	606	64	231
1011	607	69	218
1013	606	64	218
1011	602	63	224
1008	601	65	219
1006	601	68	219
1003	601	68	218
999	601	76	223
999	602	72	211
997	600	74	216
994	601	75	220
996	598	75	221
994	604	78	216
994	600	77	228
993	601	77	230
991	602	74	227
993	604	73	227
991	606	70	225
989	602	75	225
989	602	73	222
986	600	73	223
982	602	77	221
981	602	78	225
988	601	67	203
986	601	66	212
981	602	75	214
979	601	74	218
978	605	72	220
977	603	72	225
974	604	68	218
971	608	73	218
967	607	73	221
966	605	76	224
969	607	72	221
966	605	74	235
966	607	73	227
970	611	71	232
973	613	70	223
978	615	71	217
975	615	78	224
978	613	79	226
978	614	77	228
982	615	77	231
980	616	77	230
981	618	80	224
980	621	78	222
981	622	79	227
979	625	79	235
975	629	78	236
975	631	79	242
975	636	79	241
974	637	79	246
968	641	85	252
963	647	89	244
966	653	83	240
966	654	81	234
966	660	75	235
966	663	75	222
963	668	74	219
955	669	82	225
956	678	81	219
953	673	84	229
949	676	85	235
950	679	74	228
945	681	78	234
946	686	74	235
943	688	77	233
939	694	79	234
939	697	77	229
936	699	74	239
933	702	78	238
930	704	75	238
928	707	74	232
927	704	71	243
929	708	69	230
924	716	71	221
923	714	74	229
920	718	76	219
920	714	74	225
919	727	75	212
920	732	75	209
920	734	73	204
917	738	75	212
915	741	77	219
912	747	80	221
918	742	74	233
918	752	74	225
917	754	75	232
918	756	77	226
920	762	77	226
922	754	76	231
923	756	75	231
925	765	68	215
925	768	71	211
930	767	68	203
932	770	66	195
930	768	72	198
931	764	68	207
931	765	67	207
931	766	67	208
929	761	70	215
930	764	67	212
928	762	71	214
929	760	68	215
932	756	67	222
929	760	68	221
933	760	67	218
935	762	66	212
943	760	61	209
945	760	64	203
950	756	65	215
952	754	69	210
964	753	63	205
967	757	64	191
969	755	64	191
973	756	66	191
973	755	69	190
972	758	70	189
973	754	73	192
976	749	71	199
976	750	72	196
978	748	68	197
978	747	68	201
975	746	73	204
975	742	71	202
979	739	70	202
979	737	68	201
978	737	67	198
979	736	66	194
978	733	65	197
979	733	64	191
982	733	58	187
982	736	58	178
980	735	61	176
980	733	60	180
981	738	56	176
978	740	61	176
980	735	58	184
979	737	57	180
980	728	55	191
979	724	57	195
977	726	59	190
981	729	53	186
978	723	52	186
977	728	54	178
973	733	59	161
973	733	55	154
974	729	54	158
972	726	56	162
971	724	57	166
970	720	60	168
969	716	62	173
968	713	61	180
968	714	62	171
967	712	60	170
971	711	52	167
969	713	55	173
969	710	53	175
968	711	54	177
965	711	57	179
964	709	58	177
964	707	57	178
965	703	56	177
963	702	55	184
962	705	57	165
964	705	56	159
964	702	53	161
963	705	56	157
965	702	54	158
964	698	54	165
962	698	55	170
961	700	56	170
961	694	56	177
961	694	52	172
961	698	51	178
962	694	51	182
962	689	50	188
960	692	51	187
961	690	50	182
959	692	53	177
960	691	49	182
955	693	53	175
955	691	52	170
951	691	59	168
954	689	53	172
953	689	56	165
951	687	57	168
951	689	57	162
951	688	57	169
949	689	59	170
948	689	60	165
948	685	56	178
947	689	57	171
947	689	54	174
944	691	59	174
943	693	60	166
944	690	57	175
939	692	63	174
940	690	60	180
940	690	59	167
941	688	59	164
941	689	55	166
942	689	56	168
941	692	56	162
941	690	55	161
943	688	50	169
940	691	54	165
935	691	58	168
933	690	59	173
931	689	60	179
931	691	57	174
932	692	53	176
930	691	53	179
930	694	53	172
926	699	58	169
926	699	55	172
925	703	51	157
922	695	55	160
921	695	57	163
919	693	56	169
916	693	59	163
916	697	61	164
912	695	63	170
912	697	66	166
910	702	66	161
910	698	65	175
909	690	66	182
909	698	65	178
910	695	62	187
907	697	66	187
908	702	63	187
909	703	61	184
907	705	64	182
908	705	63	191
910	707	59	181
910	707	58	183
910	707	60	176
909	709	61	179
909	706	59	183
907	710	64	182
908	711	64	185
909	712	62	183
909	711	65	182
910	710	62	188
910	709	62	192
909	715	63	186
909	714	63	189
909	716	64	189
910	716	63	195
912	716	60	187
911	713	62	187
911	714	62	189
912	716	59	186
910	716	63	192
909	715	64	187
912	711	61	185
912	714	63	186
912	713	63	185
912	711	64	188
914	709	64	193
912	714	69	189
913	711	68	190
913	711	69	195
917	715	65	188
919	714	67	194
918	718	65	183
919	716	71	195
922	720	69	195
925	718	68	197
928	717	67	203
927	720	70	195
932	720	66	190
935	721	68	184
936	725	69	179
939	722	69	191
940	722	73	194
944	728	67	187
947	726	66	191
948	726	69	196
950	725	68	198
953	723	71	203
955	726	71	201
957	732	71	199
957	731	75	207
961	730	73	217
962	728	72	207
964	730	72	214
966	732	73	216
965	731	74	220
970	725	72	226
972	730	67	220
972	738	72	216
976	737	73	214
978	741	70	203
980	742	68	207
981	746	73	204
980	747	77	200
982	748	78	204
986	756	76	194
986	752	75	206
989	755	74	204
991	762	77	205
991	758	74	218
992	765	74	214
992	768	78	214
996	769	76	216
997	767	77	213
999	766	75	219
1002	769	76	219
1006	765	69	214
1006	771	73	209
1007	778	75	202
1008	780	75	195
1008	782	72	199
1012	781	69	200
1009	786	74	201
1008	778	76	216
1012	780	71	218
1008	786	77	215
1010	788	73	213
1011	787	74	220
1009	788	75	224
1008	787	74	229
1005	781	78	239
1005	782	76	234
1000	788	80	230
1002	787	79	231
1002	788	77	230
1002	789	77	223
1002	790	72	219
998	789	77	218
996	787	73	223
991	789	81	222
991	791	81	224
989	790	81	218
988	804	81	207
986	806	80	201
986	810	78	210
983	814	82	209
979	811	82	214
978	806	83	231
973	806	90	236
970	811	88	229
970	819	88	222
974	821	79	221
971	826	82	204
970	831	81	196
972	826	77	200
969	831	80	200
966	834	83	194
966	830	80	198
964	827	85	205
960	825	85	205
959	833	81	201
958	830	79	198
956	815	78	225
955	819	81	214
952	815	81	219
951	820	81	218
952	809	74	229
942	809	87	226
940	811	90	227
939	814	92	224
939	811	81	222
933	801	80	214
932	796	83	228
929	800	84	212
928	802	83	207
922	800	87	206
921	803	85	202
920	803	86	204
920	800	86	210
914	800	90	205
916	797	89	219
915	798	86	212
