639	541	62	174
638	538	60	178
640	539	59	170
639	541	60	168
637	542	61	158
638	542	61	161
640	540	59	161
640	539	61	163
640	539	59	162
640	535	58	168
640	537	60	165
639	540	57	159
638	538	59	164
639	537	55	166
639	536	55	168
638	532	57	174
636	530	58	174
633	527	59	173
631	526	60	174
630	528	62	168
628	522	62	171
628	523	61	168
628	526	61	160
628	525	59	162
627	524	59	161
624	520	60	168
623	517	60	169
622	521	58	165
620	520	60	165
620	522	59	160
620	527	58	154
618	519	59	165
616	519	60	166
617	519	58	165
616	515	59	167
614	516	60	163
614	514	61	165
615	511	57	165
614	516	58	155
612	514	60	155
612	507	58	162
609	506	58	163
606	510	61	156
606	504	60	162
605	506	61	163
603	502	59	171
600	507	63	162
599	509	63	159
598	505	63	164
598	507	60	161
594	507	62	165
595	508	61	160
593	510	63	163
590	509	64	162
590	505	62	165
590	511	63	155
587	507	64	162
583	506	67	160
584	509	65	158
584	509	62	160
581	508	65	160
578	512	65	158
580	514	65	155
579	512	65	161
578	512	66	160
577	515	68	160
581	514	64	164
580	519	63	156
583	521	59	158
585	524	57	150
580	519	63	164
587	515	58	171
585	519	63	165
587	519	63	162
589	520	61	160
587	519	65	161
589	526	65	152
591	524	65	153
591	530	67	148
595	527	68	153
596	530	69	149
602	529	64	154
608	523	59	163
610	524	61	161
614	531	63	153
614	535	63	147
615	531	66	157
619	532	66	155
623	535	61	146
625	533	62	155
628	533	61	149
631	535	63	142
632	537	61	143
635	535	62	147
637	537	64	142
640	536	62	146
641	534	63	155
643	537	66	150
646	539	65	145
647	541	68	149
651	537	67	151
652	534	69	158
656	531	64	163
657	534	69	163
659	529	69	169
665	531	65	171
668	525	67	171
667	533	72	162
670	538	71	153
670	534	75	159
675	540	69	154
680	541	68	148
681	537	67	156
680	541	69	149
683	538	62	155
685	539	64	156
686	537	66	162
687	531	66	167
686	535	66	161
690	536	63	161
688	537	66	158
689	540	66	154
690	540	66	152
692	539	67	154
697	540	65	152
702	541	67	145
712	543	66	143
720	540	68	147
728	538	68	148
734	537	72	150
740	535	73	155
747	535	72	156
752	532	70	161
756	532	68	157
760	532	67	160
762	531	67	163
767	529	65	164
768	529	65	164
768	528	65	167
770	525	67	171
771	529	67	165
771	535	65	153
770	536	68	150
771	532	65	153
772	527	58	164
770	529	63	159
768	528	65	163
768	532	65	155
766	529	67	164
768	529	63	166
769	528	63	169
766	528	66	175
765	524	64	180
764	534	67	168
761	533	65	165
762	534	65	167
764	531	62	168
761	531	61	171
755	536	68	162
756	536	67	157
756	535	65	165
755	534	66	164
753	534	66	168
752	535	66	168
750	538	68	167
749	537	69	169
749	543	68	170
748	547	70	164
746	548	70	164
748	541	69	176
747	540	65	169
747	542	65	168
748	545	63	164
746	549	69	164
748	543	64	168
748	540	72	182
747	548	69	171
744	546	77	171
744	546	76	175
743	542	76	183
743	545	75	181
741	545	76	180
740	551	76	172
742	542	69	188
741	540	66	193
739	544	67	186
739	543	68	189
736	550	70	184
737	549	68	188
733	549	70	186
731	544	71	181
735	538	69	187
731	538	70	181
732	543	70	176
728	543	71	171
727	547	74	164
724	542	75	174
721	539	79	174
722	536	78	176
719	531	82	179
721	537	83	172
723	540	80	171
714	533	89	176
728	526	76	184
738	528	61	179
736	530	66	173
736	528	69	169
738	529	66	166
739	525	63	169
740	523	63	168
742	522	62	168
745	515	57	180
744	522	60	171
745	520	57	173
747	520	58	178
746	517	59	192
747	520	57	184
746	522	54	186
747	524	57	181
748	521	54	180
748	525	54	178
748	527	53	182
747	528	56	166
747	530	56	172
748	531	54	180
747	535	54	161
746	535	57	164
746	536	54	170
746	538	55	166
744	539	57	169
744	537	56	176
743	539	60	179
745	537	55	182
746	537	55	191
744	541	58	171
747	539	55	171
746	543	57	164
747	542	54	170
747	543	55	165
748	541	55	176
747	541	56	176
748	540	56	175
747	538	54	179
748	540	53	172
749	542	55	162
748	541	55	171
750	539	54	172
748	541	55	174
749	540	56	179
748	543	57	169
748	545	57	169
749	545	55	171
749	545	51	176
749	546	49	183
748	545	49	175
746	550	52	171
745	551	53	169
746	550	53	183
746	550	51	176
746	553	51	172
745	551	52	173
743	552	50	169
743	556	51	173
742	554	52	180
741	556	58	175
741	559	56	169
740	559	56	176
740	563	53	163
739	566	56	158
739	568	57	165
738	571	59	164
739	569	58	161
740	567	55	164
741	568	54	163
740	569	56	170
743	566	55	168
742	566	60	180
744	564	53	176
746	564	53	170
747	564	49	165
748	562	53	172
750	560	48	176
752	557	47	178
752	558	49	190
755	557	47	182
754	559	52	187
758	562	46	179
758	558	43	168
757	562	47	150
758	565	50	137
759	567	50	129
761	572	50	125
761	582	55	116
763	581	53	119
767	579	51	125
768	568	51	141
769	565	56	152
769	570	56	146
772	564	57	158
776	561	53	165
777	563	52	166
779	565	54	167
779	567	58	164
783	566	55	170
784	568	57	171
787	570	57	170
790	569	55	174
791	573	58	166
796	570	55	180
799	566	55	196
802	564	56	206
805	562	55	209
806	561	57	204
809	563	56	196
813	559	55	201
813	562	56	193
815	563	55	193
820	560	54	192
822	559	54	187
821	563	58	183
823	563	57	193
827	565	57	199
827	566	57	178
827	569	63	181
829	574	57	172
835	578	53	175
835	573	55	186
836	577	56	183
837	575	57	176
840	575	53	169
843	572	53	173
842	575	52	167
842	572	55	164
841	578	57	164
842	577	60	187
845	579	60	186
848	578	59	169
848	577	56	170
844	581	65	184
847	582	64	188
850	583	60	177
850	588	58	169
852	588	60	180
853	586	59	185
854	587	58	174
856	588	59	175
858	590	58	182
861	591	58	190
860	597	61	178
862	592	60	179
863	592	63	183
865	592	62	179
868	592	58	194
872	593	57	199
871	596	57	194
872	593	59	204
871	599	60	178
873	600	59	177
874	601	61	189
874	604	62	175
875	604	62	184
876	604	62	193
878	603	60	207
878	602	59	216
879	598	60	221
879	600	61	213
881	601	58	203
881	605	58	191
879	603	61	198
882	604	58	185
881	607	62	178
879	604	65	189
881	608	64	185
882	608	64	187
882	605	66	202
884	606	66	211
885	606	67	213
888	607	63	213
889	613	64	188
892	617	62	185
894	613	63	199
896	614	63	195
895	619	67	185
900	616	63	193
901	618	63	190
903	623	64	181
904	620	64	189
906	619	68	192
908	618	67	194
911	619	67	194
913	620	64	190
911	621	67	198
917	621	67	205
914	616	68	209
920	618	68	207
920	620	68	207
925	621	64	208
923	623	68	203
925	619	67	212
923	620	70	211
926	620	69	210
922	619	73	208
933	618	61	209
931	615	64	211
929	619	66	195
930	619	65	198
930	620	66	195
933	619	65	193
932	619	65	194
933	620	66	193
934	619	66	200
935	620	68	196
935	618	68	202
936	617	68	211
941	618	62	212
939	622	65	204
940	620	66	215
940	620	67	210
941	620	64	214
941	622	67	206
939	621	72	208
944	619	70	205
945	616	64	213
943	614	67	211
948	614	66	216
946	612	67	205
946	614	71	196
947	615	67	190
948	614	68	189
946	610	69	196
947	607	68	205
949	609	68	197
949	607	68	199
949	605	71	199
951	602	68	202
948	600	67	203
952	597	68	210
950	600	67	200
950	598	67	200
950	600	69	190
950	599	69	193
950	597	69	191
952	598	67	182
953	596	64	187
954	594	65	191
954	593	66	196
955	591	65	199
953	594	68	192
954	594	69	199
955	594	67	197
957	593	64	200
956	595	65	197
958	595	65	202
958	596	67	199
958	594	70	199
961	592	67	193
961	590	68	191
962	588	68	193
962	586	68	193
964	584	69	194
964	581	69	194
964	576	67	196
965	574	68	208
966	572	69	201
967	572	69	195
966	572	69	198
965	571	72	204
964	573	74	204
965	577	74	206
968	576	72	206
967	576	68	208
970	575	63	211
968	580	69	205
969	580	67	209
968	583	67	200
972	585	66	198
971	586	66	191
970	589	67	189
969	596	70	179
972	590	67	191
972	588	68	195
973	587	66	200
973	588	67	202
973	590	68	201
974	590	68	204
974	590	67	205
975	590	68	209
977	592	65	208
977	597	67	206
979	599	67	209
979	601	67	209
980	603	68	207
982	604	66	205
981	606	68	195
986	604	67	205
984	610	69	196
986	608	67	194
986	607	70	204
989	606	67	202
987	611	71	196
988	610	72	204
989	609	74	211
991	611	73	211
989	610	70	221
988	615	75	217
989	614	76	226
990	615	74	221
993	617	74	222
994	621	69	213
994	622	73	216
994	621	73	221
992	621	75	213
992	621	77	209
994	618	75	212
994	620	76	204
997	620	76	201
996	618	75	209
998	618	73	211
997	618	73	215
995	620	74	210
999	619	74	216
998	619	76	219
1000	620	76	223
999	620	75	224
999	621	77	222
1000	624	76	220
1003	622	77	224
1001	621	81	228
1001	619	82	230
1006	619	79	228
1006	624	77	211
1006	619	80	219
1008	616	78	219
1008	614	80	224
1007	618	80	220
1011	621	78	209
1009	616	78	221
1016	619	77	217
1012	620	78	219
1012	621	77	221
1013	620	81	226
1012	616	79	235
1012	618	85	243
1014	616	77	252
1013	621	84	249
1013	624	88	244
1013	626	88	241
1014	625	86	252
1016	626	83	254
1013	630	88	234
1015	630	84	233
1016	628	82	239
1016	626	86	249
1014	635	88	239
1018	637	86	232
1017	633	85	243
1017	636	87	248
1021	641	87	245
1020	643	88	247
1019	647	88	252
1020	650	87	253
1020	654	88	252
1022	657	89	258
1022	659	88	257
1023	661	84	271
1024	667	87	254
1026	667	85	251
1029	671	90	253
1029	670	87	254
1029	669	89	267
1031	675	85	256
1028	677	89	251
1032	677	89	260
1025	681	103	263
1032	679	93	271
1032	678	92	277
1026	687	106	262
1026	689	106	274
1028	684	105	286
1028	686	105	280
1031	681	99	287
1030	683	103	282
1029	682	100	282
1031	678	98	281
1030	678	95	271
1030	672	98	272
1030	668	94	264
1029	665	90	255
1030	662	95	253
1030	654	89	259
1030	655	92	251
1031	647	92	255
1032	646	91	254
1028	648	92	247
1031	648	86	248
1033	641	84	248
1035	641	82	238
1034	632	81	250
1036	630	85	238
1035	627	87	239
1035	617	89	240
1038	610	85	246
1040	607	82	241
1043	605	78	231
1043	595	82	239
1043	598	80	220
1043	593	80	217
1045	585	80	217
1046	584	81	220
1047	582	82	213
1045	577	85	217
1048	576	84	218
1050	580	90	208
1050	579	89	210
1050	580	89	209
1056	574	82	214
1055	576	81	201
1053	572	87	207
1055	573	86	199
1059	564	79	207
1063	568	73	192
1061	567	76	179
1067	564	70	183
1066	559	74	185
1070	553	71	187
1071	553	70	195
1072	547	73	196
1074	548	74	195
1075	550	76	191
1077	548	75	196
1078	548	78	194
1079	548	76	194
1081	549	77	188
1085	547	74	191
1087	548	75	189
1091	545	73	189
1093	541	72	193
1096	539	70	190
1099	538	68	187
1102	537	72	186
1103	539	70	178
1103	534	73	183
1106	532	77	183
1108	523	72	193
1110	526	76	189
1110	526	76	185
1113	523	74	186
1113	517	75	192
1115	517	77	186
1117	515	75	191
1118	514	76	186
1121	510	73	189
1124	509	72	184
1128	500	74	189
1129	499	70	187
1133	492	72	185
1135	492	70	181
1136	490	70	181
1141	491	70	179
1144	491	68	179
1146	482	68	191
1147	477	72	197
1150	478	70	199
1149	482	73	194
1149	486	76	189
1149	488	76	186
1149	490	76	183
1144	488	76	185
1138	488	77	184
1131	485	74	185
1122	487	76	185
1112	487	74	183
1096	481	72	191
1086	482	70	180
1073	476	67	183
1057	476	68	179
1047	477	68	179
1038	475	70	180
1032	476	69	184
1025	474	71	183
1021	477	72	180
1017	475	70	185
1015	481	72	177
1012	479	74	183
1015	477	75	191
1014	476	74	194
1013	475	77	191
1014	479	76	187
1014	477	77	191
1017	475	73	193
1015	477	73	187
1017	480	73	179
1018	483	72	175
1020	480	74	180
1022	481	71	182
1022	484	74	180
1023	481	74	184
1026	481	75	188
1027	484	77	183
1028	478	75	191
1028	474	76	198
1028	468	76	210
1031	480	78	198
1031	485	77	193
1031	484	75	198
1032	486	78	193
1032	486	77	194
1034	486	76	195
1035	487	77	194
1032	489	80	197
1033	485	81	196
1033	482	79	197
1034	476	80	211
1035	476	77	206
1035	485	81	208
1035	484	83	209
1035	485	84	210
1036	482	83	221
1037	483	80	222
1038	481	79	226
1035	484	81	223
1034	482	82	231
1035	484	85	229
1036	484	82	228
1035	494	84	221
1033	493	84	215
1033	488	82	217
1034	499	82	206
1032	498	82	207
1032	499	81	207
1032	498	81	215
1033	496	80	213
1032	498	80	213
1035	491	78	227
1030	492	84	228
1031	490	87	227
1034	490	84	235
1033	493	83	231
1033	487	82	245
1033	490	84	241
1035	494	85	235
1036	493	81	236
1035	492	84	240
1036	493	84	240
1037	496	88	230
1038	504	83	219
1034	503	86	222
1034	503	88	227
1036	504	84	223
1036	504	81	230
1034	510	86	223
1032	515	85	220
1033	517	88	222
1032	516	90	227
1031	513	89	233
1031	509	90	241
1031	508	88	244
1032	505	87	251
1030	507	84	247
1028	509	88	242
1026	510	92	245
1028	514	93	239
1024	508	94	245
1027	512	89	235
1025	516	90	234
1026	517	85	233
1024	517	85	230
1025	512	90	234
1025	506	88	244
1024	504	90	252
1024	504	93	256
1025	500	90	261
1023	507	92	253
1023	509	92	249
1025	509	88	245
1027	504	88	253
1026	504	89	253
1028	502	86	255
1028	504	89	249
1026	509	92	252
1026	511	88	251
1027	512	90	252
1026	513	91	247
1024	520	94	238
1023	528	91	240
1024	529	93	250
1024	534	91	245
1028	535	86	260
1024	537	89	261
1025	542	87	252
1024	547	89	253
1022	550	95	257
1019	560	92	249
1021	555	88	249
1023	555	82	269
1025	556	86	261
1022	556	83	262
1018	559	89	238
1024	561	86	238
1021	558	84	238
1023	559	80	233
1023	558	84	240
1022	559	82	237
1022	560	83	242
1024	563	80	246
1019	570	87	233
1021	572	83	238
1021	573	86	235
1019	577	84	232
1020	570	83	241
1018	573	87	246
1022	573	83	241
1020	574	84	231
1023	576	83	224
1027	574	79	226
1028	579	80	217
1028	578	83	222
1028	581	82	212
1029	575	81	231
1031	579	80	228
1031	574	84	225
1029	580	86	217
1030	577	83	228
1031	582	83	233
1028	582	89	240
1033	580	83	234
1032	580	82	238
1033	585	85	239
1033	585	82	239
1035	589	82	239
1033	589	86	242
