758	282	44	145
755	297	54	133
755	289	59	142
754	293	53	145
758	294	49	142
756	291	49	149
756	292	50	152
754	288	48	154
756	293	48	152
754	296	49	150
752	295	49	158
752	287	46	169
752	296	45	165
753	293	41	165
753	302	40	158
753	305	39	154
754	308	37	152
753	312	38	148
751	317	39	144
752	318	38	144
752	320	42	146
750	318	43	152
752	322	38	147
751	327	38	147
751	330	38	145
752	328	35	150
753	333	33	147
754	338	35	141
754	341	34	140
753	342	41	140
752	341	44	145
750	343	50	143
751	344	50	145
752	344	48	149
753	342	43	146
753	347	41	141
753	345	53	149
751	347	50	144
753	351	47	143
751	345	46	146
754	347	42	144
751	343	44	151
754	345	43	150
754	347	37	144
755	348	35	145
756	351	34	139
753	356	37	132
754	352	34	137
754	352	33	136
752	352	37	138
754	349	37	141
750	343	39	151
750	351	39	137
747	355	47	123
748	348	47	124
747	351	43	132
748	350	39	134
747	351	43	137
746	348	45	139
743	352	46	133
745	345	41	137
741	344	49	146
744	350	44	149
742	350	50	136
741	348	47	140
743	355	41	132
739	348	45	135
742	352	39	135
741	353	38	137
741	355	37	141
741	354	39	146
740	356	40	146
739	353	41	151
739	360	40	145
739	363	39	142
739	363	38	145
738	360	39	154
737	362	41	163
733	358	44	166
733	369	40	159
733	371	39	167
734	379	37	160
734	378	37	153
732	383	38	151
730	382	40	147
728	381	49	152
729	394	41	143
730	397	40	130
729	397	40	131
726	396	46	133
722	390	46	135
724	398	48	142
726	402	40	137
723	404	43	146
722	405	43	145
721	405	48	143
723	408	43	139
719	407	45	141
721	408	42	142
722	407	40	143
719	409	43	146
721	410	40	135
721	405	39	145
721	404	42	144
717	399	64	157
716	394	44	158
718	392	41	157
717	393	42	158
718	390	40	168
718	392	43	160
716	392	43	151
718	389	43	140
719	394	39	139
718	398	39	138
719	398	37	135
720	398	37	133
719	399	38	139
716	398	42	143
717	398	41	141
716	398	44	140
719	395	41	137
715	397	44	135
716	395	41	140
716	396	42	138
716	394	40	138
717	395	39	131
718	397	38	130
719	397	37	114
717	396	40	116
718	396	38	113
719	396	37	116
719	397	38	123
717	395	40	121
717	394	46	136
715	394	62	137
714	390	54	142
717	394	49	148
720	395	45	142
720	396	46	154
721	395	42	147
722	396	43	140
719	395	47	136
724	391	40	137
723	398	38	129
720	398	43	130
717	391	53	142
716	386	56	149
718	384	50	146
716	386	49	145
716	389	56	164
718	392	48	154
717	392	47	147
714	387	53	155
712	388	54	144
715	391	48	136
715	389	55	138
712	387	53	138
709	388	51	143
715	388	44	137
712	392	46	135
710	388	52	140
708	393	52	142
706	390	58	151
704	387	56	162
703	384	59	168
710	386	46	145
708	392	49	140
707	395	54	132
713	392	47	133
719	392	39	133
720	390	49	140
727	387	51	150
727	384	63	151
736	389	53	137
743	391	50	147
748	387	45	134
749	394	49	145
752	389	43	144
754	388	41	149
752	384	43	150
754	385	41	150
752	387	41	148
749	388	48	155
748	388	47	168
749	386	47	174
749	389	49	175
752	375	46	179
753	379	43	191
755	376	43	195
761	387	39	184
764	381	46	190
771	390	47	199
780	382	48	201
789	367	45	205
802	382	45	201
810	373	48	192
824	383	45	178
833	382	44	184
844	373	43	186
851	378	49	203
862	351	45	213
864	372	52	197
871	380	53	190
877	385	48	171
885	387	43	158
886	388	42	160
891	381	40	163
893	381	36	150
892	381	37	140
894	385	35	133
892	387	38	124
891	386	37	123
892	385	35	122
892	386	34	119
891	387	34	122
891	386	33	119
891	389	34	119
893	390	34	122
896	386	36	130
901	388	38	130
911	388	39	132
924	388	38	125
938	387	33	125
952	390	37	132
958	391	46	143
975	384	49	149
995	384	48	152
1005	384	55	168
1028	383	53	166
1052	349	52	178
1060	359	56	182
1077	358	56	188
1079	369	66	181
1092	383	62	178
1104	374	57	182
1113	382	57	174
1116	388	55	161
1125	387	50	152
1126	385	52	157
1134	386	47	147
1135	388	47	155
1134	391	49	157
1135	390	49	157
1137	391	46	153
1141	395	42	157
1141	398	43	150
1140	399	43	153
1142	399	42	152
1142	403	40	144
1144	404	42	143
1140	405	48	150
1138	403	47	156
1134	407	55	156
1136	405	54	157
1141	406	49	155
1141	406	48	152
1142	405	47	154
1144	410	47	137
1147	411	42	137
1150	412	38	131
1149	414	37	128
1149	416	37	116
1152	414	34	115
1152	415	32	114
1153	412	32	115
1153	416	31	109
1151	415	33	110
1151	413	32	114
1151	416	32	110
1153	415	31	107
1153	415	30	110
1153	416	29	109
1152	415	29	105
1151	416	31	102
1151	415	32	109
1151	416	31	108
1150	414	31	112
1150	418	33	103
1147	418	35	103
1149	414	33	112
1145	414	37	123
1147	414	33	110
1145	411	35	118
1145	413	34	115
1144	416	35	109
1142	415	35	111
1140	411	37	116
1138	411	39	112
1132	411	46	113
1131	408	44	125
1128	402	48	129
1127	406	48	122
1115	407	60	119
1107	411	66	119
1109	414	65	113
1106	418	67	111
1101	416	70	115
1099	422	72	112
1100	422	69	113
1114	401	72	129
1103	414	66	124
1099	430	62	109
1111	413	55	111
1102	418	63	119
1100	430	64	106
1116	407	53	118
1107	418	59	116
1106	425	59	109
1107	427	60	103
1112	411	55	119
1108	419	61	113
1109	418	60	112
1109	422	60	108
1112	408	60	121
1114	415	59	107
1118	416	51	102
1120	414	49	99
1119	421	50	91
1118	418	52	98
1119	417	51	98
1117	423	53	90
1126	414	45	97
1125	411	46	102
1125	413	47	102
1125	410	46	103
1127	408	43	104
1128	405	44	106
1129	405	43	107
1131	407	42	107
1131	402	42	112
1132	405	40	108
1133	409	41	104
1133	406	40	102
1135	404	41	109
1137	403	40	106
1136	410	40	100
1138	412	38	98
1138	412	40	96
1136	414	44	107
1139	415	43	100
1138	419	45	99
1139	410	47	108
1138	410	48	108
1141	416	48	101
1141	421	47	98
1141	423	49	97
1144	416	47	99
1143	420	51	105
1143	424	50	106
1146	422	50	102
1145	426	53	100
1146	422	53	102
1148	426	50	101
1149	428	52	98
1152	422	50	102
1152	414	53	112
1153	415	51	110
1153	417	53	108
1152	415	54	110
1151	418	56	105
1150	414	59	107
1152	416	58	106
1154	415	57	106
1151	412	60	107
1154	416	58	101
1156	407	56	107
1157	406	56	111
1158	408	55	107
1157	407	57	107
1159	409	55	103
1157	409	56	104
1158	405	53	109
1157	403	46	105
1149	401	51	111
1140	403	55	111
1132	403	59	112
1127	403	57	109
1127	397	53	114
1125	399	52	111
1135	406	40	103
1133	405	39	106
1136	403	35	105
1135	403	36	102
1136	406	35	100
1142	407	27	99
1139	408	33	105
1141	405	32	106
1144	405	30	102
1146	406	28	103
1146	409	31	100
1147	409	31	100
1149	409	30	99
1148	411	33	99
1149	411	33	99
1151	409	33	104
1155	409	31	103
1158	411	28	100
1160	410	30	104
1161	410	30	102
1163	410	27	103
1164	413	29	97
1161	411	29	102
1153	412	35	105
1149	413	37	99
1139	416	37	98
1130	421	40	99
1121	414	32	103
1104	410	38	107
1095	415	34	101
1080	411	44	105
1070	422	42	101
1062	421	42	97
1058	415	38	102
1054	413	37	103
1050	413	38	103
1053	415	31	100
1047	417	39	99
1052	411	31	106
1050	415	31	100
1054	416	29	102
1055	417	28	103
1054	416	29	101
1055	415	29	106
1055	419	30	101
1056	418	30	100
1056	417	31	104
1056	422	32	99
1058	420	31	98
1057	420	34	103
1058	420	36	103
1060	417	31	101
1063	417	30	102
1065	419	27	98
1064	425	29	94
1066	421	32	100
1067	418	31	102
1069	418	31	103
1069	416	28	104
1069	412	30	108
1068	413	30	106
1069	415	28	105
1072	419	27	98
1073	423	26	98
1074	419	27	98
1074	423	25	96
1074	421	27	94
1074	421	27	95
1074	419	27	96
1075	422	25	90
1075	419	26	95
1074	420	27	97
1075	425	27	89
1076	425	27	89
1074	424	29	91
1076	424	27	92
1075	426	28	93
1075	431	28	87
1075	428	28	92
1076	430	25	91
1076	430	26	90
1074	431	27	86
1075	433	26	86
1075	432	26	86
1074	432	27	86
1072	431	28	87
1073	431	28	84
1071	431	30	86
1071	428	30	86
1071	428	29	85
1072	425	26	88
1073	428	26	84
1072	425	27	88
1069	425	30	88
1071	427	30	86
1070	428	33	88
1073	428	25	84
1075	426	25	84
1074	427	25	83
1072	429	28	86
1071	430	29	81
1070	421	28	88
1071	419	28	90
1072	418	26	91
1069	420	29	90
1070	426	29	84
1070	424	29	86
1069	423	29	88
1071	423	27	87
1068	426	30	81
1070	426	27	84
1068	428	27	82
1067	429	29	81
1069	430	26	77
1067	429	28	79
1067	427	27	83
1068	425	26	81
1067	424	28	85
1068	426	25	81
1068	426	24	80
1067	425	24	80
1064	424	27	80
1065	422	26	82
1066	419	25	89
1065	421	23	87
1065	422	24	83
1066	425	24	81
1063	424	26	82
1065	424	25	82
1065	425	24	79
1064	426	26	78
1063	420	27	83
1062	415	27	84
1063	413	28	88
1063	415	28	90
1064	411	27	92
1062	414	28	85
1062	415	29	77
1063	415	31	70
1060	420	30	79
1059	414	31	89
1062	410	25	92
1058	415	31	88
1061	415	27	89
1061	415	26	92
1060	413	26	92
1059	415	28	90
1058	412	28	90
1057	414	28	89
1057	413	27	87
1058	414	25	86
1055	412	28	87
1056	411	26	85
1056	409	26	86
1054	407	27	88
1054	409	27	86
1053	412	29	83
1052	411	29	82
1054	406	27	86
1052	413	28	81
1054	412	24	85
1054	411	25	83
1052	413	26	80
1053	418	26	74
1049	410	30	83
1051	410	28	83
1051	408	28	84
1051	409	29	86
1051	410	29	81
1051	409	28	83
1051	404	27	88
1053	407	25	83
1052	407	26	83
1051	407	29	87
1052	403	27	87
1051	404	26	87
1052	402	28	90
1051	405	26	88
1051	406	27	85
1052	405	25	85
1052	408	26	85
1053	410	23	83
1052	410	24	82
1052	407	25	83
1052	407	24	88
1051	405	24	87
1049	406	26	87
1051	404	25	87
1050	405	25	83
1049	404	26	90
1050	404	26	89
1051	404	25	84
1051	406	28	83
1050	403	26	86
1050	405	27	89
1050	405	26	89
1049	406	27	87
1049	407	27	85
1051	414	24	78
1049	415	27	76
1047	413	29	82
1045	419	33	73
1045	422	33	71
1043	427	33	66
1045	430	29	62
1045	433	29	61
1050	431	26	63
1049	436	25	59
1044	428	28	64
1042	439	30	56
1047	445	26	51
1044	442	29	54
1044	442	28	53
1042	448	29	49
1044	444	27	53
1043	439	29	59
1044	443	28	57
1041	445	30	56
1041	442	31	60
1042	441	29	61
1040	454	31	55
1043	446	28	59
1042	449	28	61
1041	452	28	58
1038	461	33	60
1042	454	27	53
1042	458	26	48
1038	458	31	47
1038	459	32	45
1035	460	32	46
1036	461	32	48
1037	458	32	52
1035	458	33	52
1038	460	29	50
1035	461	32	50
1034	462	33	50
1036	463	33	50
1037	464	32	49
1037	463	32	51
1037	465	33	49
1036	461	34	55
1034	459	34	56
1034	463	35	53
1035	468	33	52
1034	467	33	52
1036	469	33	49
1033	471	35	48
1034	470	34	52
1032	469	36	54
1035	466	33	54
1034	461	35	61
1035	469	36	58
1032	470	35	54
1032	469	36	57
1033	467	34	61
1032	465	36	63
1032	464	36	65
1032	464	35	66
1033	476	34	61
1031	474	35	57
1033	474	35	58
1032	477	36	56
1031	481	39	56
1032	480	37	57
1030	482	39	55
1030	479	37	62
1031	481	36	60
1031	482	35	62
1029	483	38	61
1030	484	38	60
1029	485	37	61
1031	483	35	64
1030	484	36	65
1027	492	38	64
1027	493	38	61
1028	493	38	60
1027	493	38	62
1027	496	38	61
1026	496	39	62
1028	499	37	60
1026	499	37	64
1025	500	38	61
1024	501	39	66
1023	502	39	66
1024	503	40	69
1023	504	39	68
1022	503	39	70
1022	506	39	69
1022	511	38	64
1019	514	43	65
1020	512	40	69
1021	511	39	75
1019	508	39	79
1017	523	42	68
1018	524	40	67
1019	526	38	67
1016	527	41	69
1017	530	40	70
1014	531	41	72
1015	536	41	69
1013	537	42	71
1011	535	45	74
1012	536	42	76
1012	544	41	72
1009	545	43	72
1010	546	42	74
1008	546	44	78
1008	549	44	78
1009	548	42	80
1006	554	44	78
1005	554	45	80
1003	558	46	78
1004	561	44	79
1002	562	46	82
1000	567	47	79
1000	569	46	83
996	578	52	74
996	575	49	83
994	576	50	84
995	586	48	77
992	588	49	77
991	588	49	80
992	590	48	82
991	593	48	81
991	593	47	85
987	597	52	85
988	597	50	87
993	595	47	95
994	595	52	103
999	598	55	101
1003	600	55	99
1015	602	52	105
1023	599	49	111
1028	596	48	120
1029	597	55	129
1033	594	55	127
1039	589	50	135
1036	590	57	140
1042	582	52	150
1038	576	57	157
1042	573	55	160
1042	571	54	163
1040	566	56	165
1038	564	57	167
1043	561	54	173
1036	559	59	173
1038	561	56	170
1039	561	57	175
1034	556	62	178
1036	553	57	178
1031	555	62	178
1035	556	56	178
1033	556	57	178
1030	559	58	178
1032	558	58	175
1029	560	58	168
1031	560	55	163
1029	555	56	164
1030	547	53	173
1033	543	49	170
1029	537	52	174
1029	540	54	171
1030	536	52	167
1030	534	53	169
1025	530	55	171
1026	527	55	173
1027	524	53	176
1025	524	55	171
1023	524	54	168
1023	519	52	170
1024	519	50	168
1023	520	51	164
1023	518	51	164
1022	514	52	167
1022	517	53	161
1024	514	53	159
1024	513	53	157
1023	516	55	155
1024	517	54	151
1025	515	52	155
1025	513	53	156
1023	513	55	158
1024	514	54	156
1025	514	52	157
1024	513	54	162
1025	516	53	155
1024	518	54	155
1027	517	49	150
1028	510	48	152
1028	514	47	149
1027	509	50	155
1029	508	48	155
1027	510	49	152
1030	509	49	153
1029	512	49	149
1030	510	49	152
1030	510	50	153
1029	512	50	152
1032	509	49	159
1032	512	50	155
1031	513	52	157
1029	514	54	154
1031	514	53	151
1030	521	52	146
1035	521	50	146
1033	524	51	141
1033	517	50	148
1036	519	48	141
1037	513	47	148
1037	517	47	142
1039	516	47	141
1039	514	49	144
1043	511	46	149
1042	513	46	149
1042	514	45	149
1044	514	45	148
1043	515	46	148
1045	515	45	148
1045	517	48	146
1048	516	46	147
1049	518	46	143
1049	517	47	141
1049	523	50	133
1053	518	47	139
1054	514	46	141
1055	510	48	147
1055	512	46	145
1056	514	47	142
1057	512	46	142
1059	516	46	141
1059	511	46	146
1060	514	46	146
1062	516	45	144
1060	514	49	147
1060	519	49	143
1063	518	47	143
1063	519	47	139
1064	523	46	136
1062	523	49	132
1064	519	45	139
1063	518	48	139
1063	517	47	138
1068	516	47	138
1072	516	44	137
1077	515	46	144
1085	518	43	137
1090	519	44	141
1100	520	44	143
1107	521	49	140
1116	521	49	141
1127	522	48	141
1142	520	43	141
1157	522	41	141
1170	524	46	134
1179	520	47	140
1196	516	43	142
1212	518	44	139
1216	520	55	137
1235	521	49	137
1250	519	47	141
1266	524	44	137
1277	523	49	138
1293	522	46	143
1310	519	47	146
1319	520	51	149
1335	522	51	151
1344	523	53	151
1354	524	52	147
1362	526	53	145
1368	524	50	147
1369	520	55	154
1376	525	49	144
1382	523	48	141
1384	521	48	141
1384	520	48	144
1387	519	50	144
1391	522	47	139
1386	522	51	140
1389	521	50	139
1391	519	46	142
1392	520	46	145
1394	520	46	145
1396	520	46	148
1397	519	44	147
1397	520	46	143
1397	521	46	141
1399	520	45	140
1403	520	42	139
1402	519	45	144
1402	519	46	142
1403	519	47	134
1403	520	49	136
1404	514	50	138
1405	519	49	135
1407	519	48	139
1405	517	51	144
1406	514	55	142
1411	519	51	139
1414	517	47	140
1417	520	48	139
1419	515	49	142
1422	516	45	137
1421	520	48	139
1427	517	44	137
1430	517	43	130
1433	516	42	136
1435	516	44	132
1435	512	45	136
1440	513	42	138
1444	514	39	132
1449	516	37	133
1449	519	39	130
1451	521	38	134
1452	521	39	134
1452	522	40	137
1454	525	40	133
1452	526	42	135
1454	526	45	135
1453	527	45	136
1454	527	47	130
1460	529	41	125
1460	526	42	130
1457	527	44	138
1460	524	44	137
1461	523	42	131
1461	524	42	131
1464	524	40	132
1464	523	40	135
1465	523	38	137
1466	523	39	138
1466	527	38	137
1466	526	38	142
1468	529	36	126
1467	528	37	124
1465	527	38	130
1464	526	41	131
1464	524	40	131
1465	524	39	134
1459	522	46	146
1463	520	40	148
1465	516	37	145
1465	518	38	141
1464	519	37	131
1466	518	35	132
1465	520	37	121
1467	516	35	135
1464	517	37	130
1461	511	39	136
1461	514	39	141
1461	514	38	139
1462	514	36	135
1457	517	38	124
1457	517	38	126
1456	513	41	117
1456	513	37	123
1457	512	37	124
1456	512	38	125
1453	510	40	124
1455	508	37	130
1453	508	39	133
1451	508	40	131
1452	505	38	139
1453	507	38	135
1451	509	40	123
1449	505	40	127
1451	507	40	123
1448	504	39	131
1449	503	38	128
1450	504	35	122
1446	503	38	123
1445	503	38	119
1443	504	39	117
1448	502	35	114
1445	499	35	120
1445	499	34	115
1445	499	34	122
1443	497	34	118
1438	498	36	121
1437	498	38	116
1436	495	36	114
1437	498	35	112
1439	499	28	107
1433	500	34	114
1428	500	36	115
1429	499	35	121
1426	495	36	116
1427	495	35	113
1426	495	34	115
1427	497	33	113
1423	497	35	112
1421	496	40	114
1420	493	38	122
1421	495	36	120
1421	496	36	113
1421	496	37	115
1420	497	37	99
1421	499	37	102
1421	501	36	104
1422	500	35	115
1421	499	36	113
1421	500	36	111
1421	498	36	114
1422	500	36	109
1421	503	37	105
1422	501	33	110
1417	504	38	112
1417	498	34	114
1419	497	34	109
1411	495	41	111
1413	495	40	107
1410	499	39	99
1404	494	44	101
1404	493	44	106
1389	494	56	111
1379	492	67	120
1377	493	69	116
1379	496	66	108
1378	498	63	110
1375	498	65	112
1377	500	65	104
1378	502	62	98
1394	484	56	108
1379	486	66	109
1383	502	55	99
1381	496	54	103
1388	499	47	99
1395	502	38	87
1393	507	40	75
1400	508	35	69
1402	508	26	66
1402	507	27	57
1400	510	25	49
1392	511	31	48
1397	507	27	49
1395	504	27	55
1395	505	27	60
1396	497	27	66
1396	497	27	66
1396	497	27	66
1396	497	27	66
1396	497	27	66
1396	497	27	66
1396	497	27	66
1396	497	27	66
1396	497	27	66
1396	497	27	66
1396	497	27	66
1396	497	27	66
1396	497	27	66
1396	497	27	66
1396	497	27	66
1396	497	27	66
1396	497	27	66
1396	497	27	66
1396	497	27	66
1396	497	27	66
1396	497	27	66
1396	497	27	66
1340	420	22	72
1340	420	22	72
1340	420	22	72
1340	420	22	72
1340	420	22	72
1340	420	22	72
1340	420	22	72
1340	420	22	72
1340	420	22	72
1340	420	22	72
1340	420	22	72
1340	420	22	72
1340	420	22	72
1340	420	22	72
1340	420	22	72
1340	420	22	72
1340	420	22	72
1351	464	26	67
1351	464	26	67
1351	464	26	67
1349	470	26	66
1349	470	26	66
1349	470	26	66
1349	470	26	66
1349	470	26	66
1349	470	26	66
1349	470	26	66
1349	470	26	66
1349	470	26	66
1358	459	23	61
1358	459	23	61
1358	462	20	56
1358	457	24	54
1360	451	26	58
1360	451	26	58
1360	451	26	58
1360	451	26	58
1360	451	26	58
1357	436	29	58
1439	512	28	64
1348	430	33	67
1348	430	33	67
1348	430	33	67
1348	430	33	67
1348	430	33	67
1348	430	33	67
1356	428	28	70
1353	415	34	83
1353	412	34	88
1350	409	34	89
1350	409	34	89
1350	409	34	89
1350	409	34	89
1353	422	34	82
1353	422	34	82
1353	422	34	82
1353	422	34	82
1353	422	34	82
1353	422	34	82
1353	422	34	82
1353	422	34	82
1353	422	34	82
1353	422	34	82
1353	422	34	82
1353	422	34	82
1353	422	34	82
1353	422	34	82
1353	422	34	82
1353	422	34	82
1353	422	34	82
1353	422	34	82
1353	422	34	82
1353	422	34	82
1353	422	34	82
1353	422	34	82
1353	422	34	82
1353	422	34	82
1353	422	34	82
1353	422	34	82
1353	422	34	82
1353	422	34	82
1353	422	34	82
1352	427	31	74
1352	427	31	74
1352	427	31	74
1352	427	31	74
1352	427	31	74
1352	427	31	74
1352	427	31	74
1352	427	31	74
1352	427	31	74
1352	427	31	74
1351	444	29	73
1351	444	29	73
1351	444	29	73
1351	444	29	73
1351	444	29	73
1351	444	29	73
1351	444	29	73
1351	444	29	73
1351	444	29	73
1351	444	29	73
1351	444	29	73
1351	444	29	73
1351	444	29	73
1351	444	29	73
1351	444	29	73
1351	444	29	73
1351	444	29	73
1351	444	29	73
1351	444	29	73
1351	444	29	73
1351	444	29	73
1351	444	29	73
1351	444	29	73
1352	508	37	70
1352	508	37	70
1309	515	37	62
1309	515	37	62
1309	515	37	62
1309	515	37	62
1309	515	37	62
1309	515	37	62
1309	515	37	62
1309	515	37	62
1309	515	37	62
1309	515	37	62
1309	515	37	62
1309	515	37	62
1309	515	37	62
1309	515	37	62
1309	515	37	62
1309	515	37	62
1309	515	37	62
1309	515	37	62
1309	515	37	62
1309	515	37	62
1309	515	37	62
1309	515	37	62
1309	515	37	62
1309	515	37	62
1309	515	37	62
1309	515	37	62
1309	515	37	62
1309	515	37	62
1309	515	37	62
1309	515	37	62
1309	515	37	62
1309	515	37	62
1309	515	37	62
1309	515	37	62
1309	515	37	62
1309	515	37	62
1309	515	37	62
1309	515	37	62
1309	515	37	62
1309	515	37	62
1309	515	37	62
1309	515	37	62
1309	515	37	62
1309	515	37	62
1309	515	37	62
1309	515	37	62
1309	515	37	62
1309	515	37	62
1309	515	37	62
1309	515	37	62
1309	515	37	62
1309	515	37	62
1309	515	37	62
1309	515	37	62
1309	515	37	62
1309	515	37	62
1309	515	37	62
1309	515	37	62
1309	515	37	62
1309	515	37	62
1309	515	37	62
1309	515	37	62
1309	515	37	62
1309	515	37	62
1309	515	37	62
1309	515	37	62
1309	515	37	62
1309	515	37	62
1309	515	37	62
1309	515	37	62
1309	515	37	62
1309	515	37	62
1309	515	37	62
1309	515	37	62
1309	515	37	62
1309	515	37	62
1309	515	37	62
1309	515	37	62
1309	515	37	62
1309	515	37	62
1309	515	37	62
1309	515	37	62
