1634	908	85	164
1640	902	79	170
1635	898	89	174
1638	892	84	182
1637	891	82	183
1639	884	84	188
1642	883	82	190
1641	885	88	188
1626	881	97	193
1642	880	84	192
1644	875	79	196
1645	869	77	207
1642	868	82	204
1644	862	80	202
1634	864	92	203
1646	860	80	193
1657	853	68	171
1655	855	69	170
1648	847	81	188
1648	847	84	171
1648	846	84	179
1648	842	85	179
1654	841	79	173
1653	837	82	184
1643	836	96	185
1637	833	99	216
1643	825	98	226
1637	827	103	210
1646	824	94	201
1664	817	73	185
1665	821	74	177
1665	816	77	177
1663	814	81	171
1667	813	74	169
1671	813	76	162
1670	812	76	164
1673	810	71	159
1671	811	73	162
1677	808	67	175
1674	805	70	161
1675	802	69	170
1677	799	66	175
1674	797	70	164
1676	795	68	175
1678	794	71	169
1676	791	73	163
1674	791	75	155
1675	786	74	163
1673	788	76	153
1675	786	75	149
1668	786	81	160
1670	781	77	180
1676	784	71	175
1682	780	67	172
1671	776	81	171
1679	772	73	184
1674	770	77	189
1666	766	86	204
1660	766	94	204
1674	761	78	196
1675	760	79	193
1675	758	81	171
1675	757	74	172
1671	753	71	169
1664	753	71	160
1652	747	72	160
1640	746	67	149
1629	743	63	145
1602	737	75	140
1589	734	66	139
1565	727	78	144
1542	720	68	144
1525	717	61	145
1505	714	62	133
1487	707	54	138
1465	699	51	132
1441	699	66	135
1430	697	58	134
1414	693	62	127
1404	692	58	125
1388	688	65	130
1385	687	62	127
1378	685	62	138
1375	685	60	132
1370	681	65	128
1367	682	67	130
1370	681	60	125
1371	678	58	126
1374	677	52	120
1374	676	53	125
1373	670	55	127
1372	670	54	128
1372	671	60	123
1374	664	51	128
1375	669	52	120
1376	670	51	120
1374	671	50	123
1375	671	50	118
1374	671	51	116
1374	668	52	121
1374	668	54	125
1372	669	55	120
1370	666	55	118
1361	666	64	122
1359	662	62	120
1354	661	65	119
1352	659	61	125
1346	657	63	121
1337	661	65	117
1333	658	62	112
1330	657	57	126
1321	656	60	119
1314	654	60	124
1302	652	58	118
1292	651	64	118
1279	648	71	114
1281	647	59	106
1274	646	54	111
1274	643	48	108
1268	640	51	110
1261	639	56	114
1261	638	54	109
1263	636	53	108
1261	634	47	114
1259	636	50	116
1259	636	48	112
1262	634	44	106
1261	634	44	104
1260	632	46	107
1259	633	46	103
1263	630	43	103
1262	626	44	107
1262	630	45	101
1261	627	48	103
1262	628	45	99
1264	626	44	99
1263	622	47	103
1262	627	49	107
1261	623	52	114
1266	620	46	119
1265	618	46	118
1266	618	45	121
1264	611	48	119
1270	615	40	107
1269	613	44	114
1269	615	43	112
1272	613	42	106
1273	613	42	105
1274	611	41	108
1272	610	43	111
1274	606	45	108
1273	609	45	107
1272	607	46	106
1275	606	46	103
1277	605	43	106
1277	606	42	104
1277	606	43	109
1277	607	43	101
1278	608	42	93
1276	605	44	101
1278	604	42	100
1277	602	43	95
1279	601	41	100
1279	600	42	98
1270	602	53	101
1276	595	46	108
1273	602	47	102
1272	597	49	104
1274	598	48	103
1277	596	44	103
1277	598	45	99
1279	599	45	97
1278	594	49	99
1280	593	47	100
1283	592	43	96
1285	590	43	102
1284	592	43	97
1288	588	41	99
1285	586	46	99
1286	586	46	102
1288	588	42	102
1287	590	43	98
1287	593	45	90
1288	593	42	89
1289	590	42	91
1287	592	43	92
1289	591	43	91
1290	589	40	94
1290	583	40	99
1291	586	40	93
1292	582	39	100
1293	584	38	99
1292	582	38	94
1291	585	40	94
1291	579	41	96
1288	580	45	100
1287	579	48	103
1286	570	53	112
1287	576	50	107
1287	574	50	108
1292	569	48	111
1291	566	47	113
1290	570	49	109
1293	567	46	110
1298	568	42	111
1299	561	41	116
1299	557	42	118
1301	555	43	117
1299	559	46	113
1300	562	45	115
1304	558	37	109
1302	558	44	112
1300	557	46	114
1303	558	40	111
1304	560	41	111
1302	557	46	113
1301	560	48	108
1304	565	40	107
1304	568	42	100
1306	564	40	102
1306	567	41	96
1307	566	41	97
1307	565	40	98
1309	567	38	92
1308	570	40	92
1308	565	41	98
1305	567	46	92
1305	563	43	97
1305	568	48	94
1308	571	43	86
1309	567	43	94
1308	567	41	92
1306	567	47	91
1311	564	42	91
1311	566	42	92
1313	572	37	85
1311	566	42	90
1313	567	41	84
1311	573	44	78
1311	563	52	86
1312	559	46	88
1312	561	52	88
1312	561	49	87
1311	564	47	87
1315	565	42	83
1316	565	40	87
1316	562	40	87
1316	559	38	91
1315	563	37	91
1315	564	36	89
1313	562	42	86
1312	559	41	88
1311	561	42	87
1310	561	43	88
1310	561	39	87
1309	565	40	82
1308	564	39	79
1309	561	37	81
1307	562	42	77
1303	562	41	84
1303	560	42	85
1300	562	41	86
1298	558	44	84
1298	559	44	85
1296	556	47	86
1297	559	43	82
1296	560	43	85
1294	559	52	88
1290	556	65	92
1287	558	60	90
1290	556	47	93
1289	560	51	87
1291	561	40	86
1288	567	45	82
1286	563	44	86
1283	562	58	87
1282	564	51	84
1281	562	58	85
1281	560	57	87
1275	558	58	88
1276	560	62	88
1273	557	62	90
1273	560	57	87
1273	556	57	91
1273	561	55	86
1263	555	67	94
1263	549	63	99
1263	551	59	94
1261	543	66	103
1259	539	71	112
1255	537	70	111
1253	526	82	121
1253	531	79	119
1248	530	79	121
1252	532	84	121
1244	538	74	112
1247	539	66	111
1247	543	55	107
1245	547	57	109
1244	553	51	102
1244	551	53	101
1241	556	51	97
1239	553	58	98
1241	555	47	95
1240	553	44	97
1237	556	48	86
1235	555	50	92
1235	557	46	92
1233	555	46	95
1230	556	49	92
1227	553	55	93
1224	550	62	99
1224	554	52	97
1225	547	50	102
1226	548	43	103
1227	552	40	96
1226	553	40	94
1227	553	37	86
1226	550	37	87
1224	550	39	88
1225	550	37	84
1226	543	38	86
1225	542	40	92
1227	542	37	87
1226	541	39	89
1223	538	42	90
1226	535	42	90
1230	533	40	90
1230	530	43	85
1232	528	44	85
1234	531	41	86
1237	526	42	87
1240	520	41	85
1241	523	43	87
1242	521	46	93
1250	516	43	88
1251	513	44	90
1250	515	47	88
1257	509	45	93
1263	507	42	93
1270	507	39	86
1273	506	38	87
1278	505	37	92
1276	507	43	87
1283	504	36	90
1284	506	37	85
1286	506	37	75
1283	505	43	84
1287	502	40	87
1287	504	41	81
1287	504	41	84
1288	503	41	83
1288	498	42	91
1291	499	39	91
1289	500	44	87
1291	500	41	86
1296	499	35	86
1295	496	37	90
1293	500	38	88
1293	499	42	91
1294	500	42	85
1295	499	40	88
1294	497	42	93
1295	497	45	91
1296	500	45	90
1295	500	51	89
1296	501	53	89
1299	500	55	90
1297	498	46	94
1301	498	43	92
1303	501	42	95
1299	500	49	93
1305	499	41	93
1305	498	43	93
1305	499	46	96
1309	498	49	97
1309	498	40	95
1309	499	43	96
1310	503	42	90
1311	501	43	96
1313	503	44	94
1312	498	49	99
1313	498	47	104
1319	504	39	94
1318	499	42	97
1317	505	45	93
1319	505	45	92
1321	506	43	87
1323	505	40	87
1322	505	44	91
1323	506	42	95
1326	505	40	92
1326	509	43	91
1327	508	42	92
1328	506	44	97
1330	503	41	100
1330	504	44	103
1333	503	43	104
1333	509	43	94
1333	512	44	94
1332	511	45	91
1329	515	47	84
1329	514	47	86
1328	515	42	87
1325	515	45	89
1321	513	43	90
1317	512	42	92
1313	513	38	90
1304	513	43	86
1296	514	43	85
1289	511	44	91
1280	512	41	90
1270	514	40	83
1262	511	40	85
1251	510	43	88
1240	513	46	86
1228	513	43	89
1217	511	46	90
1210	513	49	85
1197	511	48	86
1189	510	43	91
1180	510	41	89
1170	510	51	93
1162	510	55	94
1160	512	48	87
1151	512	56	96
1150	507	50	101
1150	508	44	98
1148	511	45	94
1148	514	41	87
1147	512	41	90
1147	515	41	89
1144	513	46	90
1143	516	50	92
1148	514	35	88
1148	515	37	85
1146	515	40	88
1146	519	45	86
1145	517	40	89
1146	518	41	85
1145	520	45	87
1143	521	51	86
1141	519	48	94
1140	521	58	103
1139	518	50	96
1141	521	56	100
1140	519	49	97
1139	520	56	100
1136	520	58	99
1136	519	57	104
1134	518	51	96
1128	522	55	102
1124	514	52	106
1121	509	53	115
1114	512	57	118
1107	517	59	106
1105	517	56	110
1100	519	56	103
1100	521	54	101
1098	525	49	94
1098	517	41	105
1096	517	46	109
1093	517	54	114
1090	517	50	100
1089	521	46	98
1087	522	51	99
1090	528	47	90
1088	530	43	94
1084	529	48	98
1083	532	57	103
1084	537	44	91
1084	537	43	90
1084	535	45	95
1082	533	48	103
1079	532	62	105
1082	533	46	103
1080	534	47	93
1081	531	44	99
1082	534	44	94
1081	530	46	95
1083	524	44	98
1080	526	50	96
1079	528	47	98
1077	528	53	100
1076	529	60	102
1079	524	51	103
1077	525	56	106
1078	528	54	110
1079	523	49	111
1075	526	55	105
1077	525	57	109
1075	524	52	110
1078	527	52	108
1078	526	49	109
1073	528	63	113
1074	528	51	108
1074	528	52	106
1072	528	57	110
1073	526	59	113
1076	525	57	113
1075	529	53	107
1075	526	56	114
1072	520	56	130
1075	530	55	118
1071	532	56	120
1069	532	61	117
1069	530	61	120
1069	533	63	118
1072	535	57	114
1074	537	55	118
1071	538	57	117
1071	539	59	107
1071	538	57	106
1072	540	55	109
1070	539	58	110
1073	539	53	109
1070	538	58	110
1073	542	53	111
1073	539	54	114
1074	539	52	111
1070	545	59	104
1073	543	55	105
1069	538	58	118
1068	541	61	115
1069	544	59	118
1072	543	54	119
1072	544	52	113
1070	547	56	107
1071	548	53	107
1071	548	52	107
1070	549	55	110
1070	550	55	111
1071	551	54	109
1072	546	52	117
1072	550	52	111
1070	553	53	106
1069	552	55	107
1070	552	52	110
1065	549	59	121
1069	547	55	121
1069	550	55	104
1068	554	55	106
1067	554	58	108
1067	553	58	112
1068	551	56	112
1066	552	60	111
1067	551	58	111
1067	548	58	111
1067	550	58	111
1068	549	58	114
1068	546	56	112
1067	548	56	116
1065	547	59	118
1067	542	56	123
1072	548	51	109
1069	549	56	109
1070	551	56	110
1071	548	54	109
1072	545	53	119
1076	542	50	121
1074	543	53	119
1076	545	53	119
1071	545	57	106
1068	544	58	115
1073	545	54	108
1077	546	51	110
1076	545	52	102
1077	541	51	105
1075	544	53	97
1070	545	58	102
1072	544	59	104
1073	544	56	99
1073	541	56	108
1071	542	58	114
1073	537	57	113
1076	540	55	111
1074	538	55	108
1075	538	53	103
1079	540	48	111
1076	540	51	110
1072	539	54	112
1071	536	55	112
1075	538	54	115
1070	540	58	104
1070	538	58	115
1067	539	62	114
1069	538	60	115
1070	539	62	109
1065	538	66	113
1076	538	55	120
1081	536	50	117
1076	541	55	110
1078	538	54	108
1074	540	65	115
1080	539	59	111
1075	537	68	118
1070	538	77	117
1073	537	64	118
1077	538	59	113
1069	541	64	113
1076	537	58	112
1074	540	60	104
1077	540	54	106
1075	534	57	108
1074	534	57	113
1077	530	56	120
1074	532	62	120
1072	531	65	117
1073	530	64	127
1070	530	73	127
1073	526	68	126
1070	528	67	118
1073	530	63	125
1077	526	63	129
1072	523	75	134
1078	517	67	137
1079	524	61	129
1076	522	73	128
1074	527	67	127
1082	525	58	126
1074	527	75	127
1082	518	60	138
1081	523	57	125
1085	525	51	128
1087	528	49	123
1081	530	56	124
1083	528	56	123
1085	525	53	129
1087	532	52	119
1086	529	54	120
1087	535	52	112
1087	530	56	115
1081	532	65	116
1080	532	68	116
1084	530	62	123
1086	532	61	116
1086	532	62	113
1092	530	56	116
1096	527	54	116
1088	526	67	122
1083	527	70	125
1082	524	67	131
1077	527	69	125
1086	516	53	137
1081	525	53	125
1081	525	46	127
1070	522	50	126
1063	528	51	119
1050	527	55	119
1047	525	55	116
1043	525	47	121
1036	524	47	120
1025	519	55	130
1016	518	44	134
1006	519	54	130
990	522	52	120
984	520	48	127
963	520	59	128
959	511	51	139
944	521	56	122
938	516	51	129
923	512	53	139
917	511	51	132
897	521	54	130
890	519	54	130
875	523	53	124
873	519	44	126
852	516	51	136
845	517	50	133
830	516	52	131
826	512	47	130
814	515	54	129
809	519	50	127
799	520	56	125
793	521	56	125
796	519	52	132
796	515	48	134
783	513	61	140
786	514	59	141
788	508	55	143
788	513	55	134
792	511	51	139
791	516	53	135
793	515	52	132
793	515	52	133
793	507	53	138
790	500	57	143
792	509	57	148
795	505	54	146
794	494	54	157
797	490	51	154
796	518	52	134
798	519	52	129
797	515	48	133
794	516	49	124
790	516	49	132
783	522	53	136
771	522	63	137
764	525	64	130
758	523	64	137
749	529	64	133
748	526	57	128
743	527	54	130
731	526	56	132
720	525	59	135
712	523	56	132
706	525	55	123
697	529	55	125
685	524	57	135
685	522	54	136
674	524	62	138
675	521	57	143
674	526	55	135
670	530	56	126
660	533	66	130
667	530	61	134
656	525	72	139
653	528	75	144
664	514	65	152
669	504	57	150
675	512	51	130
667	530	58	132
658	535	71	130
667	527	64	137
668	525	64	123
657	523	75	148
659	520	72	152
660	510	71	160
665	498	64	163
662	487	65	171
659	493	69	170
654	488	73	176
649	482	76	183
651	485	71	181
652	472	71	193
653	499	63	172
647	489	71	171
650	495	63	170
646	484	69	184
641	473	70	188
639	479	74	184
639	470	72	198
638	466	73	206
638	472	77	203
636	467	78	202
638	471	73	192
639	474	71	184
642	490	68	176
642	475	68	191
643	477	65	184
643	480	64	191
633	467	77	199
639	476	69	189
637	466	75	194
638	465	74	200
636	462	75	198
632	456	83	204
636	461	74	199
634	455	75	208
630	459	82	202
633	461	82	205
630	465	87	199
629	465	84	196
625	459	89	199
625	459	89	198
627	457	87	198
628	451	84	205
629	454	83	202
631	456	83	202
633	457	79	200
635	456	76	204
632	462	82	188
628	465	83	181
629	461	83	188
628	456	85	196
630	456	80	195
634	458	78	190
637	455	75	200
634	456	76	198
636	459	76	194
634	454	77	194
633	459	77	193
633	458	72	189
634	453	75	187
633	454	73	199
635	459	71	189
633	453	76	193
629	442	82	209
634	456	73	197
630	460	78	189
624	452	78	200
625	455	73	194
613	447	73	204
602	449	79	198
598	462	72	191
581	458	73	186
571	475	74	177
561	460	68	191
540	460	77	193
523	462	75	188
506	466	69	194
479	465	79	200
457	475	80	192
431	476	90	192
419	476	77	189
396	480	79	197
377	487	72	189
345	477	83	199
327	481	75	195
289	478	88	187
263	487	87	180
249	486	81	181
211	488	89	182
182	492	89	185
159	496	87	182
138	499	85	175
118	517	83	187
99	506	89	180
78	517	95	182
80	520	77	178
79	521	67	188
73	527	63	169
68	530	63	182
68	534	60	174
61	536	63	165
66	547	56	156
61	542	62	146
60	534	63	155
63	546	61	148
63	553	61	137
67	555	57	127
66	558	61	131
69	563	55	122
71	569	56	118
74	573	55	111
76	573	53	108
77	564	53	122
77	560	59	129
79	555	57	133
80	556	57	131
84	560	56	126
84	559	62	130
88	562	59	126
89	556	57	128
92	569	56	117
89	567	63	117
90	571	63	112
93	569	62	116
96	574	61	112
100	572	58	114
100	570	60	120
95	565	71	128
91	567	76	132
106	570	63	125
104	574	71	123
98	569	76	129
100	566	82	134
111	565	73	129
103	565	82	135
105	555	86	147
110	568	85	134
108	564	91	138
106	553	95	150
113	559	86	147
124	564	80	145
130	574	75	131
130	576	75	126
136	578	70	123
140	576	67	127
142	579	67	124
144	580	67	124
143	575	71	137
146	574	70	147
148	580	69	130
150	584	64	124
147	583	70	122
148	583	70	123
141	579	77	127
130	578	90	138
141	590	79	125
137	586	81	123
138	594	85	114
148	588	72	119
150	586	72	119
157	579	62	130
157	584	63	125
154	584	66	124
143	584	77	124
158	580	65	130
160	582	61	123
161	580	60	127
162	577	58	138
160	578	61	132
161	582	60	130
160	584	61	124
159	584	62	126
162	588	60	122
162	593	58	118
156	590	63	120
161	586	59	124
161	590	58	116
160	595	61	115
158	594	60	116
157	592	62	115
159	594	61	110
159	589	62	117
159	586	61	123
155	585	63	121
156	582	63	132
156	581	62	131
157	581	62	127
160	584	59	128
157	578	60	137
158	582	59	131
157	582	60	129
157	579	59	132
156	583	63	132
157	582	61	137
155	583	62	137
153	578	67	140
152	578	67	150
151	578	65	137
153	581	64	134
154	582	65	133
154	585	64	128
153	587	63	120
153	589	63	115
155	587	62	116
157	587	60	126
157	586	59	131
155	579	61	131
154	587	60	130
150	586	69	128
153	583	60	126
156	578	57	134
157	582	57	133
155	586	61	130
153	586	61	128
154	592	61	127
150	595	63	112
154	589	58	123
156	588	55	121
154	591	57	119
154	593	58	115
153	596	59	110
153	593	59	114
155	594	59	114
156	597	56	116
155	598	61	110
154	599	63	108
154	594	61	114
152	590	64	117
154	590	61	118
156	595	60	112
151	597	63	107
150	596	65	107
148	599	65	103
150	595	62	106
153	603	60	99
148	600	66	104
151	596	62	109
152	600	59	100
152	602	62	101
151	597	62	106
152	596	60	102
154	602	56	97
150	602	63	94
147	602	64	91
147	599	63	96
149	594	62	101
151	599	60	100
150	597	59	101
149	595	59	101
148	596	62	101
152	590	58	109
145	601	66	92
138	595	73	102
132	600	80	96
138	593	76	106
132	588	84	119
129	584	85	128
144	588	69	117
141	591	72	104
133	591	80	106
125	587	90	104
127	587	87	111
124	583	95	126
138	570	77	134
140	574	74	128
142	582	70	113
148	580	64	117
150	575	60	120
146	580	67	114
144	579	70	116
144	580	70	111
145	583	68	111
145	580	68	117
146	575	67	124
147	577	68	128
146	578	66	129
146	579	67	122
145	582	68	116
142	584	73	118
141	583	70	117
144	580	67	120
142	584	67	114
138	589	71	109
140	581	68	123
135	584	75	135
137	582	71	125
135	582	77	127
137	584	74	126
137	582	70	122
134	580	73	125
126	582	80	125
120	585	90	123
101	581	109	133
109	584	98	126
110	588	98	119
102	590	102	118
96	584	110	139
100	581	107	150
93	570	113	168
91	557	116	182
77	541	130	205
77	527	128	212
64	522	140	219
62	522	144	210
57	524	147	216
61	524	144	216
52	519	146	225
53	510	153	229
44	509	165	252
49	497	169	262
56	522	153	232
51	517	159	246
52	483	172	275
44	475	184	291
44	490	192	284
51	490	185	274
57	499	181	266
65	504	166	259
53	505	180	256
61	500	179	262
41	503	207	271
58	496	193	282
47	506	211	265
63	496	203	279
21	492	168	291
10	511	176	268
6	518	172	265
61	512	212	243
9	523	172	252
10	515	162	261
37	525	148	243
49	528	123	242
53	534	119	225
64	551	104	208
57	552	108	188
65	553	96	212
61	552	99	211
49	548	117	217
68	549	93	214
72	556	85	189
70	566	82	166
74	579	79	149
77	578	74	147
78	585	70	136
76	581	71	145
76	578	72	157
69	580	80	163
73	585	74	156
74	585	71	141
71	586	74	137
70	585	75	138
70	586	78	137
65	595	78	141
65	597	78	129
60	578	84	147
44	563	100	169
53	568	88	167
52	564	88	170
49	574	97	167
29	547	114	189
34	551	113	193
30	548	127	212
16	547	152	215
15	540	157	231
13	542	163	234
45	533	132	234
57	534	125	234
73	536	123	221
86	536	124	192
115	534	105	189
134	528	105	191
142	530	120	184
167	527	112	184
187	520	107	179
200	508	121	188
230	508	120	194
260	504	105	195
276	501	114	218
312	510	103	210
336	507	101	191
361	508	102	203
382	502	101	194
402	495	98	179
428	492	92	192
458	499	89	186
477	492	90	188
500	494	90	209
521	504	91	201
533	465	102	205
559	470	97	199
581	473	95	210
606	469	91	202
625	461	88	210
653	488	83	205
669	468	85	227
685	466	93	226
709	471	90	217
731	468	79	206
752	475	82	212
769	489	74	203
790	493	72	199
798	486	77	211
809	476	75	213
819	480	74	220
826	477	76	223
828	470	82	235
833	475	80	230
835	479	77	218
830	474	87	229
834	472	87	224
834	475	90	231
835	472	89	239
832	474	90	235
833	469	99	243
846	493	79	218
839	483	85	232
836	477	89	232
836	477	95	230
840	474	89	241
838	471	91	246
840	483	83	227
840	477	81	235
839	479	83	231
839	471	89	243
836	478	90	234
836	463	88	249
838	462	90	245
840	479	81	232
842	474	80	235
841	470	84	235
835	460	91	245
841	475	90	229
840	470	88	230
836	473	90	226
837	465	101	246
839	472	96	241
838	470	91	235
842	470	85	233
842	477	87	222
845	476	87	232
846	475	84	231
849	478	76	227
847	479	81	224
851	484	76	217
849	487	75	214
850	487	72	213
843	469	81	235
842	462	88	239
846	467	85	235
844	466	85	234
846	469	75	238
842	468	84	236
842	472	97	225
844	468	90	230
840	463	90	238
841	463	91	241
843	459	87	242
844	462	87	244
842	457	83	251
843	466	85	237
844	460	85	243
846	473	84	227
851	475	78	224
850	472	81	224
849	481	79	219
852	483	76	216
852	480	76	217
850	481	84	222
850	478	81	221
850	476	80	227
848	467	85	234
848	477	85	225
846	469	92	237
846	471	91	232
845	471	91	230
845	476	91	228
845	468	91	243
846	474	89	231
846	471	88	229
844	468	88	231
844	468	90	237
848	474	84	233
848	472	87	227
851	485	81	220
845	475	87	232
847	480	87	236
847	474	90	234
849	469	89	246
848	476	88	236
846	477	90	235
850	480	85	229
850	474	87	243
848	478	93	236
846	478	93	240
843	477	99	240
847	471	97	248
844	471	100	250
844	476	96	247
846	473	95	246
847	479	95	243
848	483	92	235
857	494	80	226
857	487	80	226
855	484	83	238
854	483	87	236
855	494	83	230
859	485	79	235
855	488	82	242
852	480	89	249
849	484	93	244
848	481	93	238
852	483	92	233
854	491	88	234
853	492	88	237
854	486	85	247
855	489	83	242
859	482	81	249
856	486	84	253
857	488	88	246
855	492	87	238
855	489	86	242
857	493	88	238
855	488	91	249
856	495	91	241
856	484	89	251
858	486	88	250
855	491	92	242
854	481	95	258
854	491	98	247
856	488	95	251
859	492	92	245
858	504	90	230
861	496	92	233
862	497	93	231
862	501	96	230
864	498	91	239
865	494	91	248
865	497	91	243
867	489	89	249
866	492	86	247
865	491	89	244
869	503	79	229
867	494	98	238
868	498	93	234
866	497	97	239
863	490	99	249
867	497	91	238
869	493	94	244
869	491	96	243
868	488	98	251
870	491	90	244
868	495	93	238
872	499	83	231
876	501	84	224
875	498	85	230
871	492	95	238
874	488	87	241
871	493	92	233
874	497	93	230
873	496	91	235
875	492	90	237
876	503	90	232
875	496	90	231
875	499	93	227
875	504	92	222
876	507	87	221
880	499	80	230
879	499	83	230
875	495	89	233
872	498	90	230
871	494	93	234
870	502	87	223
869	501	83	229
863	498	83	227
857	497	83	228
849	490	88	238
841	500	87	226
833	506	86	227
830	512	78	213
823	506	73	213
816	506	82	217
810	507	90	215
808	506	87	221
807	503	81	223
801	511	87	209
798	502	90	216
797	503	92	218
794	499	96	221
799	501	94	225
794	494	95	227
794	498	100	224
796	499	100	227
798	502	96	219
791	492	103	231
792	493	99	233
792	495	99	224
790	492	97	231
793	499	98	229
790	498	100	228
790	501	104	224
789	496	102	228
788	493	104	234
787	495	108	233
788	489	102	236
786	487	104	232
790	489	100	225
787	489	108	232
785	494	114	223
786	483	111	241
776	491	118	228
781	481	120	233
778	480	119	240
778	485	113	230
779	484	121	233
781	469	117	247
774	488	125	230
775	480	119	233
771	486	128	223
780	482	118	238
781	479	115	234
781	493	113	218
781	496	104	219
775	492	124	216
763	496	120	213
746	502	137	214
738	494	150	221
761	488	133	226
736	507	147	217
727	516	139	209
740	512	141	208
727	503	144	222
729	497	154	222
722	508	163	209
719	518	164	205
731	496	147	219
718	508	155	203
720	485	148	233
729	476	154	243
718	506	155	212
703	490	160	229
696	500	169	222
709	521	163	198
695	526	168	200
687	527	177	194
695	523	168	201
686	520	174	202
676	547	182	178
673	500	192	223
657	519	206	205
645	539	224	188
648	539	217	179
645	505	209	205
637	519	213	204
628	543	227	178
667	538	184	177
650	527	189	194
633	543	220	187
628	548	215	180
620	535	225	188
633	548	210	176
632	535	199	194
649	528	185	201
623	552	208	178
628	525	197	205
644	528	183	202
645	536	180	199
654	525	170	205
637	528	190	208
626	537	200	199
636	524	183	208
628	534	194	199
635	534	185	195
638	542	182	186
643	542	173	187
638	556	150	172
637	562	147	162
640	573	117	151
638	569	123	159
642	573	125	156
643	574	110	150
649	576	102	148
654	572	105	147
675	555	119	155
663	578	92	144
654	578	96	135
656	580	72	134
664	587	80	125
667	582	64	132
688	582	43	131
684	585	50	117
674	582	65	131
672	583	67	132
678	585	81	125
671	582	78	133
678	580	72	125
691	583	63	127
685	584	70	131
687	584	75	126
687	588	78	124
683	591	85	127
684	592	86	129
693	595	81	116
692	596	84	120
695	592	82	134
702	588	73	124
705	592	73	115
709	592	74	116
710	592	71	119
715	594	67	135
721	586	65	147
722	592	67	144
726	592	64	147
731	595	60	141
731	592	64	149
729	590	72	146
737	587	69	153
736	590	74	149
739	588	82	153
740	586	87	158
742	583	85	160
747	588	80	154
750	592	77	152
752	599	73	146
753	604	74	144
756	598	78	146
761	593	73	156
760	594	76	161
759	596	79	159
760	597	79	159
764	602	74	163
773	597	69	169
768	604	74	160
771	605	74	160
774	611	74	155
771	607	78	160
777	603	76	167
778	605	79	163
777	609	81	165
775	619	86	156
776	618	83	157
773	625	88	151
777	628	85	147
774	623	90	155
784	621	83	155
774	616	87	161
780	616	84	167
782	623	81	160
785	634	79	146
778	623	86	160
782	624	78	160
787	623	73	164
778	634	82	151
782	640	77	148
778	643	82	142
781	639	75	146
781	631	76	158
779	628	73	163
772	631	82	162
772	634	83	157
777	634	74	159
774	640	77	149
771	639	77	152
771	634	78	157
767	633	80	158
772	640	76	145
766	643	77	142
770	642	73	146
763	643	79	150
762	641	76	156
759	648	78	144
754	642	80	152
755	641	77	154
753	641	76	155
753	642	73	152
752	651	72	145
744	644	79	153
745	647	77	146
742	642	76	150
743	639	74	156
739	638	75	157
736	635	74	155
735	634	71	157
735	637	70	151
731	631	73	158
730	633	70	156
727	634	72	152
725	634	72	152
721	629	74	154
716	633	78	150
712	634	81	148
715	633	74	146
718	633	69	144
717	626	68	150
714	624	69	150
711	628	71	145
712	626	70	148
709	623	72	146
704	622	74	148
704	622	70	147
702	622	80	141
702	622	73	138
703	621	72	141
702	616	74	142
701	617	73	143
698	612	74	143
703	612	69	140
701	606	74	140
700	600	71	144
703	605	67	137
700	601	69	144
700	598	68	140
698	596	69	141
698	593	73	138
698	596	77	133
698	598	69	129
697	597	66	132
698	592	70	132
698	589	69	132
698	589	70	132
695	588	77	134
695	590	73	132
698	583	72	137
697	588	72	126
695	587	79	124
698	585	71	125
698	587	75	121
700	581	68	123
701	581	74	119
697	581	70	120
700	580	73	118
706	575	63	120
702	574	62	120
703	569	62	120
704	570	61	122
705	563	61	125
706	559	60	126
710	549	54	138
710	548	52	138
709	542	55	145
706	548	58	137
704	546	60	137
708	557	48	126
707	560	54	119
709	563	53	111
709	556	51	115
709	558	51	112
711	558	47	110
711	559	50	111
710	557	51	108
708	557	50	111
707	553	53	114
706	547	53	117
707	546	56	117
708	550	54	110
709	552	51	107
709	547	53	109
713	533	48	122
712	537	53	117
715	536	48	115
718	533	47	114
717	533	50	110
718	533	46	108
716	529	51	112
718	532	48	108
720	531	48	106
718	531	49	106
722	520	49	112
720	521	50	110
721	516	48	115
722	518	47	113
720	517	50	114
719	512	52	118
718	516	52	111
719	512	50	113
720	514	52	113
720	516	52	111
720	514	52	111
721	511	52	116
720	510	53	117
721	515	54	110
718	513	56	113
718	514	59	114
719	518	59	113
719	516	57	111
720	513	58	115
722	513	59	118
721	515	60	117
723	523	58	107
724	509	58	118
723	514	62	115
726	522	59	109
725	519	62	114
727	523	62	110
729	519	59	112
730	525	59	105
733	528	57	102
730	531	59	98
732	527	56	102
733	526	55	104
736	521	51	108
736	527	53	105
734	526	57	101
732	531	59	99
734	525	58	105
736	523	55	104
737	524	54	103
737	526	55	103
740	517	51	113
739	521	52	108
737	522	54	107
738	524	53	107
738	528	54	101
735	530	56	97
739	528	54	100
740	526	52	102
739	521	54	107
740	524	55	103
739	522	58	105
738	523	57	104
737	527	59	100
739	524	57	103
740	518	54	110
740	514	57	113
739	519	59	106
741	516	54	109
741	522	51	103
740	520	54	106
740	513	53	112
743	514	50	112
742	510	49	113
741	510	51	116
740	510	52	116
739	514	56	111
738	514	56	111
736	517	56	110
739	514	52	110
738	510	50	116
738	517	50	109
737	517	49	106
733	507	53	118
733	514	54	111
732	512	53	109
733	509	50	114
730	514	53	109
729	517	53	107
728	512	53	110
725	511	57	110
722	506	56	114
727	517	49	102
723	514	50	105
723	510	49	109
719	521	52	100
722	518	48	101
718	514	50	108
718	505	50	113
714	509	56	109
718	505	51	114
717	508	50	113
713	505	54	116
713	501	53	120
712	498	58	122
715	496	54	125
716	493	52	124
713	498	54	120
715	501	52	118
713	506	52	114
712	500	55	119
714	498	53	120
715	503	52	114
716	502	49	114
716	502	49	115
718	500	51	113
719	502	49	114
719	499	48	117
720	500	48	116
721	502	48	113
723	497	47	116
721	499	48	117
722	500	47	114
722	502	49	111
725	499	46	113
726	501	43	113
723	501	46	109
726	498	45	110
724	499	48	111
729	503	44	105
730	497	46	109
727	498	49	112
726	494	50	111
730	488	50	113
733	485	44	119
734	482	45	119
734	484	46	120
730	483	52	120
732	481	50	116
732	487	49	110
734	486	46	112
734	490	49	107
736	486	46	111
739	485	43	112
740	487	43	109
739	490	44	112
742	488	43	102
740	493	46	106
737	489	49	108
741	482	46	116
741	490	47	108
743	491	43	107
742	492	44	103
741	492	47	109
742	495	46	105
743	493	44	108
745	494	43	105
745	494	41	108
746	495	41	106
744	493	44	109
746	492	42	109
745	493	45	108
746	494	42	109
744	496	42	106
743	492	42	112
743	495	42	109
742	493	43	108
742	496	43	106
743	496	41	107
741	494	42	111
741	495	41	107
740	497	41	107
737	493	44	111
736	502	47	103
736	504	43	99
734	506	47	98
734	502	46	103
733	500	43	106
730	496	44	110
728	499	46	105
727	497	45	107
728	500	44	104
728	497	42	106
727	494	41	110
726	498	41	110
726	495	40	111
724	495	39	111
721	497	40	110
718	496	42	112
718	495	42	110
717	490	45	118
715	496	52	112
714	488	44	119
714	492	40	119
712	491	41	117
709	493	46	115
708	492	44	116
704	500	45	111
702	497	49	109
702	495	47	112
700	494	45	112
699	497	48	108
698	492	44	114
698	494	43	111
697	493	42	110
696	488	44	114
692	488	46	115
690	479	51	122
688	477	51	125
690	479	45	122
688	486	50	113
691	479	46	116
686	476	51	118
688	481	47	114
687	475	47	116
689	475	44	113
689	469	42	119
688	466	46	124
684	462	49	128
685	458	48	132
685	459	47	127
685	452	47	132
686	455	49	128
686	449	47	131
684	449	51	130
685	444	49	135
686	438	48	138
687	441	46	134
687	436	48	136
687	435	47	134
685	446	51	124
686	438	49	128
687	438	46	131
686	435	48	130
687	432	47	131
687	433	47	126
688	431	46	130
685	424	48	136
685	420	49	139
684	424	48	131
685	420	48	137
683	420	49	136
683	416	49	136
684	420	49	132
684	421	48	128
686	418	45	127
685	416	48	131
686	411	46	133
683	408	48	135
686	406	46	136
684	393	47	150
686	399	44	142
686	395	43	142
682	401	50	136
681	397	50	137
681	400	51	131
682	394	45	137
681	393	45	136
681	396	45	129
681	395	43	130
679	393	48	129
677	391	46	123
676	387	48	128
674	386	50	121
670	382	51	131
668	381	54	135
667	372	56	139
666	374	55	131
665	376	56	126
664	369	54	128
661	373	59	129
661	367	57	132
660	370	55	129
653	361	61	139
654	362	58	137
652	357	60	143
650	359	59	136
649	356	59	135
651	347	56	142
651	343	54	151
649	341	57	147
645	345	58	146
645	347	55	144
646	345	53	143
645	346	55	135
644	348	56	128
642	348	56	142
638	351	59	142
635	354	59	148
636	352	56	149
634	350	57	155
632	352	62	155
631	353	64	149
629	354	59	155
631	352	58	155
630	353	56	159
626	359	61	149
629	360	58	151
626	361	61	152
625	371	59	142
627	373	56	143
622	374	61	139
623	370	57	140
619	369	61	142
616	364	65	145
622	365	59	137
626	364	53	127
624	363	56	133
621	363	57	150
621	359	57	151
625	358	56	149
620	362	63	164
622	363	62	150
622	365	59	146
620	357	63	167
616	364	63	166
618	360	62	168
617	366	63	166
618	362	63	163
622	362	59	161
621	359	62	161
620	365	62	153
622	356	59	161
625	357	55	153
624	361	57	161
626	364	55	159
628	358	57	160
626	365	58	156
627	362	59	157
629	358	59	158
632	360	55	161
632	360	53	167
633	355	54	161
631	359	55	164
630	358	58	164
631	359	55	159
632	358	55	160
631	365	55	157
632	371	52	153
635	362	49	160
629	398	48	140
628	402	53	140
630	394	51	141
632	381	48	149
629	379	52	156
623	374	58	165
621	369	59	169
620	367	59	178
622	364	56	194
621	367	59	179
620	363	57	181
620	369	57	172
619	362	56	188
615	362	60	189
614	364	61	195
615	371	56	185
615	363	56	192
613	370	57	184
610	365	61	191
613	373	58	186
618	366	52	191
615	371	57	189
610	373	60	182
611	378	59	186
608	376	64	182
611	371	60	184
610	369	62	189
604	372	67	197
610	374	62	195
609	372	64	192
612	382	63	197
608	374	65	200
608	380	69	199
611	382	64	204
608	374	69	198
610	379	67	193
608	386	70	196
608	383	72	203
608	383	75	200
609	378	72	209
610	380	72	197
610	390	75	194
610	391	75	201
611	391	74	197
610	394	79	197
609	392	79	212
608	397	79	211
611	392	79	213
609	395	76	211
612	392	80	219
614	395	77	209
613	398	82	209
616	399	80	210
615	406	85	206
618	401	84	216
616	409	88	204
616	410	88	220
620	412	86	227
619	411	85	246
620	412	87	251
626	408	83	232
629	421	86	241
629	416	93	254
633	418	90	262
632	419	99	259
638	425	98	258
639	415	97	273
640	417	99	276
643	419	100	281
643	410	106	295
649	416	108	291
648	424	111	274
653	418	112	278
653	424	120	287
655	428	124	293
655	424	130	302
674	422	115	309
674	435	118	306
683	442	117	298
688	445	131	311
697	432	131	320
696	442	131	313
698	453	135	315
710	460	124	298
711	483	148	286
717	486	145	292
724	487	137	302
723	467	139	317
732	472	138	324
726	467	139	327
728	460	129	329
722	474	141	319
734	480	118	317
741	488	132	311
739	493	137	312
742	490	120	325
741	497	113	305
739	494	123	315
742	500	138	306
751	502	144	318
747	508	162	294
754	516	165	303
752	520	169	293
755	523	168	303
764	529	160	289
776	535	156	266
827	693	137	284
822	699	148	295
824	707	156	298
824	705	159	309
835	683	162	345
816	593	168	364
820	577	165	395
817	584	186	450
811	588	226	480
807	588	231	487
802	594	268	478
808	593	254	488
809	597	260	479
818	613	261	453
824	631	245	410
825	643	259	413
842	651	265	400
859	653	244	408
883	667	236	392
