1025	612	80	151
1023	610	84	161
1036	606	67	160
1041	608	62	147
1046	607	55	143
1048	606	54	143
1049	604	54	146
1044	603	60	159
1042	602	59	155
1038	602	55	156
1034	601	56	151
1023	601	67	142
1017	600	65	147
1014	602	62	137
1007	601	68	146
1001	603	77	155
1002	604	70	147
997	601	75	160
995	601	82	153
995	599	80	162
993	600	81	169
996	598	82	170
999	596	77	183
1001	593	82	196
1001	596	89	216
1003	589	89	207
1013	593	68	190
1015	590	71	195
1018	590	72	191
1019	590	73	193
1024	587	66	209
1027	587	60	205
1025	586	68	199
1026	587	75	214
1023	586	76	206
1030	589	75	217
1030	587	76	210
1035	585	66	186
1040	594	63	179
1037	595	73	203
1036	594	81	215
1040	588	73	213
1044	586	65	220
1046	585	63	214
1045	585	67	197
1044	583	70	197
1041	583	69	202
1039	584	71	206
1040	578	68	174
1024	588	80	167
1025	582	74	176
1010	582	76	197
1007	581	73	175
992	585	79	158
982	589	89	177
973	590	81	164
966	582	81	177
963	569	77	164
944	577	79	162
939	575	68	152
929	579	66	148
918	581	62	135
903	580	69	140
891	579	64	135
879	577	64	140
865	580	69	143
857	575	64	144
846	571	65	139
837	580	59	124
834	582	58	134
824	577	63	134
823	578	60	134
821	586	57	124
821	580	56	127
817	576	57	129
816	584	56	120
818	580	52	133
814	574	61	142
818	573	58	128
815	570	62	133
816	572	60	141
818	568	58	143
821	568	55	139
821	567	55	137
819	564	59	137
821	569	62	118
818	572	68	114
818	572	68	114
819	564	62	119
773	634	41	108
826	565	50	116
822	563	62	109
822	563	62	109
820	564	62	118
821	558	64	128
822	559	58	122
822	545	61	131
821	547	62	142
774	617	62	136
774	617	62	136
774	617	62	136
774	617	62	136
824	540	55	127
824	540	55	127
824	540	55	127
824	540	55	127
824	540	55	127
824	540	55	127
824	540	55	127
824	540	55	127
768	627	46	118
622	786	60	110
622	786	60	110
790	769	45	88
790	769	45	88
790	769	45	88
790	769	45	88
790	769	45	88
790	769	45	88
790	769	45	88
790	769	45	88
790	769	45	88
790	769	45	88
790	769	45	88
790	769	45	88
790	769	45	88
790	769	45	88
790	769	45	88
790	769	45	88
790	769	45	88
790	769	45	88
790	769	45	88
790	769	45	88
790	769	45	88
790	769	45	88
790	769	45	88
790	769	45	88
790	769	45	88
790	769	45	88
790	769	45	88
790	769	45	88
790	769	45	88
790	769	45	88
790	769	45	88
790	769	45	88
790	769	45	88
790	769	45	88
790	769	45	88
790	769	45	88
790	769	45	88
790	769	45	88
790	769	45	88
790	769	45	88
790	769	45	88
790	769	45	88
790	769	45	88
790	769	45	88
790	769	45	88
790	769	45	88
790	769	45	88
790	769	45	88
790	769	45	88
790	769	45	88
790	769	45	88
790	769	45	88
790	769	45	88
790	769	45	88
790	769	45	88
790	769	45	88
790	769	45	88
790	769	45	88
790	769	45	88
790	769	45	88
790	769	45	88
790	769	45	88
790	769	45	88
790	769	45	88
790	769	45	88
790	769	45	88
790	769	45	88
790	769	45	88
790	769	45	88
790	769	45	88
790	769	45	88
790	769	45	88
754	659	38	83
754	663	33	89
754	663	33	89
753	667	30	83
789	563	37	88
789	563	37	88
789	563	37	88
789	563	37	88
755	671	36	81
754	667	25	76
785	572	38	73
785	572	38	73
785	572	38	73
753	680	26	72
751	681	28	66
749	684	34	65
753	685	30	75
749	684	37	75
746	688	34	73
743	690	37	79
745	690	37	70
747	692	31	61
748	691	29	64
748	692	28	61
748	692	27	58
748	689	27	63
746	692	28	68
745	694	30	66
745	689	28	65
745	694	27	67
744	694	27	63
744	696	26	61
745	697	24	56
744	698	25	49
739	700	28	51
740	702	27	51
740	703	26	52
739	703	29	52
739	705	25	56
738	703	27	53
739	706	24	47
737	707	23	47
737	709	25	40
732	709	27	46
733	710	26	44
733	711	23	42
731	712	25	42
731	712	26	44
728	713	29	49
728	714	28	49
727	716	26	40
724	720	31	42
725	719	28	46
725	720	24	38
722	723	27	43
720	723	27	47
720	725	29	50
718	725	30	47
718	727	28	44
717	729	28	51
716	731	30	53
716	732	35	53
721	733	29	54
723	734	28	53
729	734	29	52
735	738	29	47
741	736	29	49
744	739	30	46
748	740	31	45
750	744	29	46
752	744	34	45
753	746	31	46
753	747	28	45
756	750	27	41
756	751	29	41
754	757	29	36
752	763	30	40
753	759	30	45
754	761	28	44
752	765	30	48
748	767	36	45
747	770	32	45
749	772	30	52
743	774	34	60
746	776	35	60
746	778	38	73
751	782	35	60
751	783	40	64
757	787	34	61
760	789	33	55
762	791	34	53
758	792	40	53
761	795	34	54
759	796	40	58
758	800	44	68
762	802	38	67
760	805	36	55
760	807	38	56
762	812	31	47
759	813	33	45
760	817	32	44
754	823	36	44
754	821	42	45
749	827	46	49
751	829	41	53
752	829	35	52
751	829	34	52
750	838	42	55
750	838	47	60
746	841	44	55
747	842	38	47
751	842	32	45
750	844	33	49
750	843	36	52
750	848	35	51
752	852	32	49
751	854	31	46
750	859	30	43
745	860	36	44
748	863	35	38
745	865	36	39
741	868	39	42
737	870	44	44
739	872	41	48
741	876	33	43
738	876	39	40
736	883	38	34
733	885	46	41
730	887	43	47
729	891	40	47
729	892	47	48
725	894	44	55
729	901	46	65
727	902	46	63
730	905	39	66
731	906	37	65
732	906	37	59
729	912	45	66
732	909	36	67
722	921	44	63
727	912	38	72
724	931	40	60
722	937	49	67
722	937	49	67
722	937	49	67
722	937	49	67
716	949	37	71
707	959	44	62
707	959	44	62
700	970	43	66
700	970	43	66
701	980	35	70
701	980	35	70
701	980	35	70
698	1000	41	64
685	1005	53	55
685	1005	53	55
685	1005	53	55
703	1026	42	48
701	1026	38	51
703	1038	45	41
703	1038	45	41
703	1038	45	41
703	1038	45	41
703	1038	45	41
703	1038	45	41
703	1038	45	41
703	1038	45	41
703	1038	45	41
703	1038	45	41
703	1038	45	41
703	1038	45	41
703	1038	45	41
703	1038	45	41
703	1038	45	41
703	1038	45	41
703	1038	45	41
703	1038	45	41
703	1038	45	41
703	1038	45	41
703	1038	45	41
703	1038	45	41
703	1038	45	41
703	1038	45	41
703	1038	45	41
703	1038	45	41
703	1038	45	41
703	1038	45	41
703	1038	45	41
703	1038	45	41
703	1038	45	41
703	1038	45	41
703	1038	45	41
703	1038	45	41
703	1038	45	41
703	1038	45	41
703	1038	45	41
703	1038	45	41
703	1038	45	41
703	1038	45	41
703	1038	45	41
703	1038	45	41
703	1038	45	41
703	1038	45	41
703	1038	45	41
703	1038	45	41
703	1038	45	41
703	1038	45	41
703	1038	45	41
703	1038	45	41
703	1038	45	41
703	1038	45	41
703	1038	45	41
703	1038	45	41
703	1038	45	41
703	1038	45	41
703	1038	45	41
703	1038	45	41
703	1038	45	41
703	1038	45	41
703	1038	45	41
703	1038	45	41
703	1038	45	41
703	1038	45	41
703	1038	45	41
703	1038	45	41
703	1038	45	41
703	1038	45	41
703	1038	45	41
703	1038	45	41
703	1038	45	41
703	1038	45	41
703	1038	45	41
703	1038	45	41
703	1038	45	41
703	1038	45	41
703	1038	45	41
703	1038	45	41
703	1038	45	41
703	1038	45	41
703	1038	45	41
703	1038	45	41
703	1038	45	41
703	1038	45	41
703	1038	45	41
703	1038	45	41
703	1038	45	41
703	1038	45	41
703	1038	45	41
703	1038	45	41
703	1038	45	41
703	1038	45	41
703	1038	45	41
703	1038	45	41
703	1038	45	41
703	1038	45	41
703	1038	45	41
703	1038	45	41
703	1038	45	41
703	1038	45	41
703	1038	45	41
703	1038	45	41
703	1038	45	41
703	1038	45	41
703	1038	45	41
703	1038	45	41
703	1038	45	41
703	1038	45	41
703	1038	45	41
703	1038	45	41
703	1038	45	41
703	1038	45	41
703	1038	45	41
703	1038	45	41
790	966	36	43
790	966	36	43
790	966	36	43
790	966	36	43
757	991	33	52
757	991	33	52
757	991	33	52
757	991	33	52
757	991	33	52
757	991	33	52
757	991	33	52
757	991	33	52
757	991	33	52
757	991	33	52
757	991	33	52
757	991	33	52
757	991	33	52
757	991	33	52
757	991	33	52
757	991	33	52
757	991	33	52
757	991	33	52
757	991	33	52
757	991	33	52
757	991	33	52
757	991	33	52
757	991	33	52
757	991	33	52
757	991	33	52
757	991	33	52
757	991	33	52
757	991	33	52
757	991	33	52
757	991	33	52
757	991	33	52
757	991	33	52
757	991	33	52
757	991	33	52
757	991	33	52
757	991	33	52
757	991	33	52
757	991	33	52
757	991	33	52
757	991	33	52
757	991	33	52
757	991	33	52
757	991	33	52
757	991	33	52
757	991	33	52
757	991	33	52
757	991	33	52
757	991	33	52
757	991	33	52
757	991	33	52
757	991	33	52
757	991	33	52
757	991	33	52
757	991	33	52
757	991	33	52
757	991	33	52
757	991	33	52
757	991	33	52
757	991	33	52
757	991	33	52
757	991	33	52
757	991	33	52
736	986	35	47
736	986	35	47
736	986	35	47
736	986	35	47
736	986	35	47
736	986	35	47
736	986	35	47
736	986	35	47
736	986	35	47
736	986	35	47
736	986	35	47
736	986	35	47
736	986	35	47
736	986	35	47
736	986	35	47
736	986	35	47
736	986	35	47
736	986	35	47
736	986	35	47
736	986	35	47
736	986	35	47
736	986	35	47
736	986	35	47
736	986	35	47
736	986	35	47
736	986	35	47
736	986	35	47
736	986	35	47
736	986	35	47
736	986	35	47
736	986	35	47
736	986	35	47
736	986	35	47
736	986	35	47
736	986	35	47
736	986	35	47
745	958	27	55
745	958	27	55
745	958	27	55
745	958	27	55
745	958	27	55
745	958	27	55
745	958	27	55
745	958	27	55
745	958	27	55
745	958	27	55
745	958	27	55
745	958	27	55
745	958	27	55
745	958	27	55
745	958	27	55
745	958	27	55
745	958	27	55
745	958	27	55
745	958	27	55
745	958	27	55
745	958	27	55
745	958	27	55
745	958	27	55
745	958	27	55
745	958	27	55
745	958	27	55
745	958	27	55
745	958	27	55
745	958	27	55
745	958	27	55
745	958	27	55
745	958	27	55
745	958	27	55
745	958	27	55
745	958	27	55
745	958	27	55
745	958	27	55
745	958	27	55
745	958	27	55
745	958	27	55
745	958	27	55
745	958	27	55
745	958	27	55
745	958	27	55
745	958	27	55
745	958	27	55
745	958	27	55
745	958	27	55
745	958	27	55
745	958	27	55
745	958	27	55
745	958	27	55
745	958	27	55
745	958	27	55
745	958	27	55
745	958	27	55
745	958	27	55
745	958	27	55
745	958	27	55
745	958	27	55
745	958	27	55
745	958	27	55
745	958	27	55
745	958	27	55
745	958	27	55
745	958	27	55
745	958	27	55
745	958	27	55
745	958	27	55
745	958	27	55
745	958	27	55
745	958	27	55
745	958	27	55
745	958	27	55
745	958	27	55
745	958	27	55
745	958	27	55
745	958	27	55
745	958	27	55
745	958	27	55
745	958	27	55
745	958	27	55
745	958	27	55
745	958	27	55
745	958	27	55
745	958	27	55
745	958	27	55
745	958	27	55
745	958	27	55
745	958	27	55
745	958	27	55
745	958	27	55
745	958	27	55
745	958	27	55
745	958	27	55
745	958	27	55
745	958	27	55
745	958	27	55
745	958	27	55
745	958	27	55
745	958	27	55
745	958	27	55
745	958	27	55
745	958	27	55
745	958	27	55
745	958	27	55
745	958	27	55
745	958	27	55
698	979	31	45
698	979	31	45
698	979	31	45
698	979	31	45
698	979	31	45
698	979	31	45
698	979	31	45
698	979	31	45
698	979	31	45
698	979	31	45
698	979	31	45
698	979	31	45
698	979	31	45
698	979	31	45
698	979	31	45
698	979	31	45
698	979	31	45
698	979	31	45
698	979	31	45
698	979	31	45
698	979	31	45
698	979	31	45
698	979	31	45
698	979	31	45
698	979	31	45
698	979	31	45
698	979	31	45
698	979	31	45
698	979	31	45
698	979	31	45
698	979	31	45
698	979	31	45
698	979	31	45
698	979	31	45
698	979	31	45
698	979	31	45
698	979	31	45
698	979	31	45
698	979	31	45
698	979	31	45
698	979	31	45
698	979	31	45
698	979	31	45
698	979	31	45
698	979	31	45
698	979	31	45
698	979	31	45
698	979	31	45
698	979	31	45
698	979	31	45
698	979	31	45
698	979	31	45
698	979	31	45
698	979	31	45
698	979	31	45
698	979	31	45
698	979	31	45
698	979	31	45
698	979	31	45
698	979	31	45
698	979	31	45
698	979	31	45
698	979	31	45
698	979	31	45
698	979	31	45
698	979	31	45
698	979	31	45
698	979	31	45
698	979	31	45
698	979	31	45
698	979	31	45
698	979	31	45
698	979	31	45
698	979	31	45
698	979	31	45
698	979	31	45
