796	590	76	236
792	592	77	229
794	593	74	231
795	595	71	224
795	590	73	232
794	597	72	226
795	600	73	218
795	599	72	221
797	594	71	230
796	591	71	227
801	592	66	224
802	597	65	217
800	594	66	223
799	592	66	224
802	593	63	224
804	591	61	229
802	589	62	230
805	585	61	231
805	591	62	230
808	590	60	225
807	586	60	232
812	582	58	233
812	580	61	239
812	580	62	236
814	579	62	227
815	578	62	230
816	584	66	221
814	584	65	227
817	579	60	228
819	578	61	232
819	575	59	229
821	580	61	216
821	577	60	221
823	576	59	225
822	572	61	232
823	576	61	221
825	582	63	211
824	571	65	235
823	573	68	221
821	570	74	224
824	570	76	221
825	569	76	218
826	571	73	215
826	567	75	226
825	568	77	224
827	565	76	224
828	563	73	221
828	565	74	217
828	561	75	220
827	560	78	220
829	558	77	220
834	557	71	223
835	558	72	217
834	557	74	217
838	554	71	223
836	557	74	214
835	556	77	217
838	555	74	217
835	554	78	219
838	554	74	217
837	557	76	213
833	555	81	218
835	554	80	220
832	554	80	220
832	553	82	221
830	552	85	220
830	554	85	215
830	551	81	221
832	554	75	217
828	555	79	215
829	557	79	204
826	550	81	216
825	549	81	215
823	546	78	218
823	546	78	222
824	549	77	217
825	549	75	211
824	548	75	221
820	549	77	219
821	553	75	216
824	548	70	222
820	552	74	215
820	552	73	217
824	555	70	217
821	557	72	214
820	555	71	214
823	556	69	218
819	557	74	221
817	555	75	220
821	560	72	205
823	562	71	202
820	562	73	205
819	561	75	207
822	558	72	203
820	563	73	199
820	560	72	201
821	563	70	198
814	563	76	196
812	563	81	195
812	561	80	202
813	556	75	209
808	558	81	206
810	557	77	213
811	557	79	214
810	560	81	208
808	557	83	215
805	562	87	204
806	556	87	207
806	557	82	208
809	554	78	211
810	557	79	210
808	555	80	202
811	557	77	193
812	559	77	194
811	559	78	197
809	556	78	197
808	558	80	193
808	556	78	195
809	553	77	207
812	554	77	207
813	550	75	209
817	555	72	204
816	559	72	198
817	560	73	197
818	560	72	201
819	559	71	205
823	559	72	195
823	556	70	199
825	557	73	198
826	554	72	207
825	561	73	200
825	558	75	202
827	559	75	206
827	558	77	204
828	557	75	210
827	553	76	216
829	557	74	211
829	564	77	208
828	562	77	209
827	558	79	217
826	557	81	221
829	557	76	219
829	563	76	213
827	563	77	214
827	564	75	216
828	553	75	226
825	561	78	217
825	564	80	203
825	565	78	203
826	570	77	199
825	559	76	212
824	558	76	213
825	557	76	220
824	555	75	222
824	547	77	231
823	542	77	236
825	559	74	226
823	555	77	224
824	551	75	232
823	557	76	223
825	556	74	225
827	557	72	223
827	551	72	235
826	551	72	238
827	552	75	233
824	559	75	229
826	559	71	227
825	561	72	230
824	555	73	236
824	542	75	253
818	532	80	265
823	567	77	233
820	561	79	238
822	570	75	235
819	574	76	234
819	576	77	234
817	582	78	233
820	574	74	244
818	579	77	239
818	582	77	238
817	579	78	237
817	591	75	222
814	593	79	224
814	587	82	230
810	582	81	239
813	581	79	235
812	588	80	232
811	589	77	230
808	595	83	224
807	611	84	209
801	592	93	230
807	589	86	241
809	589	84	249
804	603	89	230
803	602	90	236
802	599	89	242
804	593	88	256
805	605	82	238
806	605	81	251
809	603	80	247
809	613	82	237
811	609	79	244
812	611	81	249
812	611	82	245
813	608	79	246
815	610	78	244
814	612	79	241
813	610	80	245
812	610	82	240
811	610	85	234
813	599	79	247
814	600	80	246
813	599	80	244
815	595	78	252
813	590	79	256
814	594	80	249
818	596	74	247
817	595	76	243
817	591	79	246
819	591	76	243
819	589	76	241
817	583	80	245
821	583	77	240
818	579	79	234
822	586	79	218
819	583	83	222
819	579	83	220
822	577	78	221
826	574	73	228
826	580	78	221
824	578	77	220
828	578	73	221
830	581	75	211
830	579	75	215
832	581	72	211
836	580	70	209
833	583	74	206
838	577	70	214
839	577	70	212
840	574	71	212
842	575	72	210
844	574	69	205
846	573	69	212
847	571	71	212
847	571	75	215
849	570	73	212
852	572	73	207
852	572	75	210
853	576	72	213
852	577	74	211
853	577	72	210
853	575	74	211
856	573	74	213
852	572	77	213
855	575	77	210
858	574	71	216
859	572	69	215
859	570	68	217
860	577	68	204
861	574	70	205
861	575	68	203
862	576	68	198
863	571	67	206
862	572	69	200
862	569	71	208
863	569	72	206
867	576	68	198
867	575	71	198
868	573	70	202
871	573	63	203
870	572	68	210
871	573	67	209
873	571	65	213
877	573	63	209
878	570	65	208
877	573	67	203
883	576	65	199
880	575	70	205
885	581	66	194
883	583	71	191
883	580	72	198
886	586	73	192
889	582	68	200
889	582	69	207
889	582	71	208
890	584	68	206
890	584	68	211
888	587	73	206
888	584	73	205
886	586	75	208
889	583	73	216
888	586	71	207
888	587	70	197
889	584	69	204
889	589	69	195
887	588	74	196
888	587	72	199
887	589	73	193
887	582	74	200
888	576	71	209
889	574	72	213
890	574	75	215
891	572	72	218
893	575	71	212
892	578	75	205
893	575	72	203
895	574	72	218
898	572	69	211
901	572	66	209
901	573	71	209
902	572	74	207
901	568	76	215
902	568	76	212
904	568	76	210
907	568	72	209
906	565	75	212
910	568	71	210
907	572	73	196
912	571	68	207
912	565	70	212
911	559	72	219
912	562	72	215
912	559	73	217
911	558	74	220
910	561	75	207
910	563	74	204
907	558	77	205
908	558	76	211
909	554	76	215
913	550	73	213
908	549	75	215
910	548	75	217
909	544	76	222
909	534	77	231
909	537	80	227
909	541	80	231
909	536	83	243
909	535	86	238
912	534	86	237
912	530	85	241
915	532	86	238
919	527	82	254
918	531	86	254
923	532	84	251
922	533	86	249
924	532	86	244
923	530	90	243
928	518	84	255
930	505	86	267
933	487	83	277
937	494	85	265
940	499	80	252
943	507	84	237
945	499	85	247
951	499	80	243
953	490	82	252
957	493	83	247
962	494	81	241
964	486	83	253
962	498	87	245
962	493	86	250
962	492	84	250
959	489	82	248
952	484	86	244
939	474	89	264
932	463	86	276
924	473	79	263
906	483	87	245
898	481	82	246
878	484	89	238
866	491	91	231
847	485	88	235
834	475	90	247
819	474	88	250
800	476	92	246
791	481	89	241
775	481	89	236
767	477	85	246
758	474	85	249
751	478	82	243
747	478	79	233
736	485	92	223
740	486	87	223
743	485	83	226
748	484	83	221
750	480	85	222
753	488	83	210
755	481	85	219
762	476	88	224
770	466	86	232
777	472	83	224
779	473	88	222
785	480	84	214
792	476	82	216
797	483	80	219
799	494	82	203
807	482	79	211
814	480	73	216
819	491	73	203
823	486	73	207
823	482	77	214
830	489	73	199
835	481	74	209
841	476	71	213
842	480	71	209
847	481	71	209
850	477	70	211
856	482	64	209
860	476	67	210
866	483	63	205
866	486	65	199
869	495	67	189
871	491	69	191
875	493	66	190
879	497	63	187
881	497	71	183
882	500	68	174
886	494	66	185
890	494	64	183
891	490	65	181
894	490	64	181
899	485	61	183
901	481	63	189
901	479	63	190
904	482	60	187
903	477	66	191
904	475	63	191
904	483	63	181
903	478	65	189
904	480	63	185
906	476	58	190
907	479	57	181
905	471	59	186
908	479	52	172
907	476	52	172
907	473	51	181
906	468	49	183
903	480	50	169
904	483	49	162
904	480	48	161
903	476	47	161
901	475	50	159
900	468	48	168
900	466	48	169
898	465	51	170
896	469	53	164
893	470	54	163
891	466	56	167
887	464	57	168
886	470	56	157
884	475	56	150
883	468	57	154
883	469	56	148
883	463	51	158
881	453	54	166
887	455	47	160
886	460	44	153
883	458	44	153
878	454	49	156
877	455	50	152
875	456	51	150
873	458	53	150
873	455	52	151
875	453	50	155
876	456	44	151
875	458	44	149
875	457	44	145
874	453	44	149
876	452	41	145
877	458	41	147
878	455	41	144
880	457	41	141
882	453	42	141
886	449	40	131
889	447	38	138
891	440	39	150
893	431	43	157
895	428	45	157
898	425	46	159
900	424	47	163
904	429	48	154
902	429	55	155
908	427	54	151
918	432	49	150
918	432	56	149
930	442	47	131
936	442	45	136
942	435	43	141
947	429	44	147
952	423	45	153
953	420	47	155
957	418	50	157
961	413	48	160
966	414	50	159
966	416	55	156
971	416	54	152
976	415	53	154
977	413	55	155
979	413	55	152
983	415	53	146
986	414	56	148
990	416	53	152
993	418	56	145
994	416	55	153
997	419	54	143
1000	415	51	150
1000	415	53	147
1003	413	50	146
1003	413	53	143
1007	412	49	136
1007	414	51	131
1007	415	50	129
1007	411	50	133
1009	407	50	144
1009	408	50	145
1009	409	50	144
1013	406	49	145
1013	405	48	147
1014	407	47	144
1014	408	48	143
1016	410	46	142
1016	409	47	143
1015	408	47	144
1016	408	45	145
1016	408	47	145
1016	408	47	139
1014	407	47	141
1014	409	48	137
1013	407	48	140
1013	404	47	144
1013	404	46	145
1011	405	50	140
1010	404	52	138
1009	404	51	141
1007	404	51	138
1005	406	50	138
1005	410	49	132
1003	410	50	129
1002	408	48	134
1000	412	47	126
999	408	46	132
998	406	44	135
995	405	45	134
992	406	44	136
990	407	42	134
987	410	43	128
984	409	46	127
982	404	48	132
978	406	48	130
974	404	47	133
971	407	47	124
970	409	44	122
967	411	44	118
966	404	43	130
962	404	45	131
959	408	45	120
956	409	46	123
954	411	44	118
952	408	44	122
950	407	44	127
946	405	45	130
944	405	43	127
940	409	44	122
937	410	42	123
936	406	40	127
933	407	41	126
928	407	43	123
926	408	42	126
921	409	44	123
918	405	42	130
919	402	37	136
914	404	38	130
909	400	39	135
909	401	34	137
907	400	34	139
900	399	38	137
899	405	34	131
898	402	32	128
894	402	32	132
891	401	31	135
886	399	35	136
886	395	31	140
881	392	35	143
883	387	29	150
879	389	33	146
875	395	36	138
876	399	34	136
872	394	38	139
873	397	35	135
864	396	45	136
856	388	50	145
849	395	58	137
844	389	63	142
845	397	60	133
846	394	60	135
846	392	60	137
844	389	61	143
848	392	57	137
849	394	54	134
849	394	54	135
847	392	56	138
840	384	62	146
854	394	46	135
853	395	48	135
853	392	47	138
851	392	49	139
855	391	44	140
857	393	40	138
858	387	39	145
860	387	37	146
860	390	37	143
862	394	35	138
860	396	35	135
861	393	34	139
856	391	41	141
855	388	40	146
859	390	36	142
861	387	33	147
861	382	32	152
861	380	32	156
859	378	35	156
840	373	51	161
838	375	58	161
836	378	55	156
847	387	47	148
843	383	50	152
835	378	57	156
833	382	59	152
833	385	60	147
830	388	65	148
832	385	64	150
835	392	61	143
833	382	64	153
832	385	63	150
833	381	62	154
834	380	61	155
832	383	66	150
835	382	64	155
834	391	64	145
834	384	65	152
839	396	59	140
829	391	68	144
835	393	53	144
836	390	47	151
824	395	61	144
816	395	68	140
807	393	76	145
808	392	75	145
810	385	70	156
814	384	66	160
825	393	56	147
816	388	65	153
829	394	51	147
834	389	41	155
837	390	38	155
833	397	41	148
836	397	39	146
831	399	43	143
822	398	53	143
829	396	46	148
829	396	44	149
827	399	44	147
829	398	41	148
825	400	43	147
820	393	48	151
816	382	52	163
813	381	54	166
815	387	51	162
821	397	44	152
822	398	41	149
822	399	39	149
822	404	38	144
819	402	39	146
811	397	48	152
813	396	46	152
807	396	52	155
808	403	50	148
804	399	55	150
802	398	57	154
804	397	52	156
797	387	62	164
797	386	60	170
795	391	60	166
793	382	65	175
795	386	64	171
793	397	65	164
792	399	68	164
792	405	59	158
789	398	61	165
788	398	62	168
787	394	62	171
786	395	69	171
784	388	74	175
785	394	65	171
785	406	45	161
785	410	41	153
784	414	45	154
782	409	48	164
780	409	47	162
779	408	54	161
778	406	50	166
777	396	54	173
777	406	49	165
775	410	50	160
775	413	46	159
771	402	60	169
771	386	71	186
767	378	75	193
763	378	85	193
764	372	81	197
765	373	79	196
765	370	77	197
762	373	79	195
761	373	82	196
760	374	75	197
758	379	79	193
754	379	82	193
751	382	85	190
751	391	79	180
749	393	75	182
751	387	68	186
748	401	62	176
749	395	57	179
747	385	63	190
747	385	59	186
746	380	61	190
747	401	53	176
744	405	55	169
743	405	63	171
741	397	72	179
742	394	62	181
739	384	73	191
739	384	73	196
737	378	74	200
735	380	76	195
735	374	76	202
734	371	74	210
731	373	77	206
732	373	77	205
729	367	79	212
728	377	78	201
728	378	75	204
728	381	74	206
729	376	71	216
728	382	70	213
728	382	69	208
726	379	70	204
724	388	72	200
726	387	68	196
726	392	66	192
722	392	69	189
722	391	69	193
720	395	72	189
718	391	73	195
718	391	74	197
714	396	78	192
720	392	70	197
724	395	67	196
725	407	68	184
733	418	61	172
735	410	57	183
736	411	59	190
737	413	59	179
742	416	54	172
744	414	53	178
743	420	58	171
746	417	55	172
748	420	56	173
750	424	58	170
748	428	58	166
749	432	59	165
752	432	57	167
753	429	58	173
755	432	57	175
756	433	57	172
758	433	60	173
760	432	58	177
761	436	56	173
764	429	57	179
765	430	58	181
766	438	59	171
769	436	56	166
770	442	56	164
771	447	57	160
772	449	56	158
776	448	55	155
778	445	52	167
778	442	55	170
777	441	57	174
779	444	56	175
779	447	59	171
780	447	59	177
782	450	56	174
785	453	55	174
787	454	53	173
787	457	55	169
790	457	52	171
791	455	52	178
792	459	53	173
793	462	53	170
793	463	54	168
794	465	54	167
793	466	57	169
794	469	56	171
794	469	57	174
795	476	55	163
795	477	57	170
796	479	54	168
796	484	56	160
794	488	59	161
794	488	58	162
794	491	57	162
794	491	57	168
796	492	54	173
794	495	55	167
792	496	58	165
797	498	49	164
792	502	55	153
795	503	52	145
794	500	53	149
792	503	55	148
792	501	55	149
791	499	56	151
790	497	56	155
791	495	55	157
790	495	56	156
791	495	54	160
790	497	55	157
790	496	56	159
790	495	54	151
790	498	55	146
791	495	52	152
790	494	53	146
790	494	55	144
789	491	54	149
787	491	55	149
785	491	57	149
785	489	56	153
784	487	54	153
783	490	55	147
782	489	52	152
782	492	50	149
781	489	52	153
778	490	55	149
777	490	54	146
777	491	51	146
775	494	49	142
773	493	48	142
772	497	47	134
770	490	48	140
769	488	47	146
767	490	46	137
765	487	47	147
763	494	46	139
761	490	46	136
759	490	46	136
755	489	49	139
756	486	46	143
754	487	48	140
752	482	47	147
747	484	53	143
749	483	48	149
746	483	50	150
746	484	50	148
746	483	48	150
743	483	50	146
743	483	48	145
742	483	47	139
741	484	48	137
737	488	52	131
737	484	52	140
736	483	50	138
735	482	49	142
732	484	51	140
730	483	54	140
728	482	53	141
727	480	52	148
727	481	50	145
724	485	52	139
724	484	51	140
721	486	51	137
720	486	50	134
718	487	51	136
715	488	50	132
714	488	49	131
711	490	50	128
708	490	50	127
708	492	49	125
707	492	47	129
702	493	52	127
701	489	50	136
701	489	48	139
697	491	51	135
694	494	53	137
692	496	56	134
693	492	51	141
691	492	52	145
687	492	56	142
687	489	51	150
687	490	50	154
684	496	52	148
685	498	49	144
681	497	52	143
680	499	53	135
679	500	51	134
676	502	54	123
673	502	55	134
674	506	52	129
671	504	53	135
667	504	56	134
668	505	53	134
666	505	55	135
665	505	53	139
662	507	55	138
660	509	55	135
659	507	54	140
658	509	52	136
655	510	53	141
654	511	53	137
651	510	52	138
649	513	53	136
646	514	53	132
645	510	52	136
641	511	56	136
642	509	54	140
642	506	53	146
640	508	54	142
639	510	57	141
636	513	58	142
634	517	61	139
633	516	62	140
633	517	61	139
635	515	55	147
633	518	59	141
634	517	59	144
633	518	60	146
637	522	55	133
637	523	55	133
638	521	55	137
639	524	53	127
637	524	53	129
637	522	54	133
638	521	53	136
637	523	58	134
638	525	56	138
637	526	56	139
638	527	54	137
639	527	51	141
640	524	51	143
639	527	52	142
640	527	50	144
639	530	52	144
636	531	54	141
638	533	53	141
638	535	53	141
634	537	57	143
635	539	54	143
637	541	53	141
637	542	52	143
635	543	57	144
633	544	59	146
634	546	56	147
636	545	54	150
632	543	59	152
630	542	63	156
631	545	61	154
634	553	57	144
635	548	59	154
634	547	60	152
635	546	58	159
635	545	60	160
637	545	57	158
