1008	752	34	102
1011	750	32	104
1014	749	33	99
1017	751	35	97
1018	751	36	100
1024	756	32	96
1025	754	34	97
1028	755	37	101
1031	757	36	102
1033	759	39	97
1035	760	40	103
1040	758	36	105
1044	763	37	102
1046	768	36	102
1050	766	33	104
1054	772	31	103
1058	768	33	114
1061	768	35	110
1062	769	32	110
1067	777	32	111
1068	777	37	109
1072	773	40	106
1076	783	35	110
1079	789	36	100
1078	787	39	102
1083	793	38	104
1087	791	39	111
1091	792	38	104
1092	794	37	103
1095	795	36	105
1099	793	34	107
1098	793	38	103
1101	794	36	101
1103	798	36	112
1108	793	33	112
1107	790	38	115
1110	787	39	113
1112	784	40	112
1114	787	40	109
1114	783	38	110
1117	787	37	108
1120	785	36	109
1119	782	38	114
1121	784	38	114
1122	783	38	115
1122	787	33	110
1122	790	35	114
1124	788	34	116
1122	788	37	111
1124	789	36	113
1123	784	37	116
1125	784	37	114
1121	781	40	116
1120	775	38	118
1118	774	40	117
1110	772	40	109
1101	770	37	108
1088	769	38	106
1067	764	40	108
1040	760	38	114
1019	756	35	113
985	766	34	107
945	763	36	110
907	756	40	111
866	760	35	106
820	758	35	112
785	760	33	113
750	753	32	120
728	760	38	117
696	766	32	115
673	763	38	107
662	768	36	113
649	765	41	111
639	760	38	114
633	757	40	114
627	764	36	102
625	762	32	108
620	759	34	109
621	782	30	94
619	777	32	91
618	768	29	92
616	766	35	102
615	766	32	105
616	767	30	101
613	757	29	106
615	770	40	103
614	773	31	94
614	772	36	93
611	770	37	95
611	765	33	97
613	767	29	94
610	768	31	93
610	764	33	96
609	769	34	94
609	763	35	97
607	763	38	103
608	763	36	100
608	763	32	100
607	761	35	102
608	757	38	103
606	761	35	100
607	767	33	90
605	764	36	96
604	760	38	95
604	765	35	92
604	752	37	103
604	750	32	101
603	748	31	100
602	755	40	98
601	755	36	102
600	756	34	93
600	754	31	91
598	752	39	93
598	752	36	94
596	747	33	100
595	750	32	100
596	747	32	95
593	751	44	91
593	755	43	92
591	747	50	98
590	751	37	92
588	748	33	92
588	744	35	92
586	754	40	82
586	752	45	83
584	750	36	87
582	751	45	86
580	753	36	83
580	750	31	86
579	750	33	84
578	747	33	86
578	748	38	93
579	749	46	93
575	750	48	91
575	753	43	86
575	748	41	92
573	747	36	94
572	738	36	100
571	733	30	100
571	728	28	106
570	744	32	96
567	743	32	89
565	741	32	88
564	751	32	80
562	732	33	87
562	740	32	89
560	735	37	92
560	734	34	98
558	737	32	94
557	734	41	98
556	741	54	92
557	748	49	86
553	745	58	92
552	746	64	94
546	745	61	94
546	745	65	87
534	748	53	85
543	740	45	89
542	737	36	87
542	738	36	87
540	742	34	83
540	744	36	81
539	741	34	86
538	747	35	86
536	742	32	89
533	739	43	98
533	745	46	93
530	748	40	86
531	750	49	82
529	750	51	89
528	752	58	87
526	752	59	87
527	752	52	88
526	748	49	92
524	750	57	86
520	745	66	94
519	748	77	89
518	749	66	84
525	736	57	96
526	745	65	84
531	748	79	83
523	745	61	89
543	747	70	83
548	749	83	80
544	746	83	81
548	748	82	81
551	750	88	85
548	746	84	92
551	745	81	103
549	746	88	86
546	748	92	88
548	748	84	90
540	749	74	85
548	749	69	76
547	747	77	83
543	745	82	82
536	749	86	80
547	747	86	78
542	747	96	78
561	743	85	88
571	741	84	89
583	740	79	87
594	741	81	88
604	746	91	82
616	741	90	87
625	740	83	93
628	739	82	92
634	737	71	91
638	728	82	98
640	728	89	95
638	739	80	81
641	735	77	87
642	733	81	87
633	732	77	92
642	738	94	81
643	737	87	86
657	731	77	97
667	733	86	92
684	736	88	90
717	730	88	93
725	734	96	84
758	733	92	86
784	733	82	87
805	733	78	98
819	726	86	98
829	724	78	97
832	724	82	104
845	720	85	103
853	724	88	101
858	718	98	100
859	718	98	106
858	721	105	91
863	721	102	92
863	718	98	94
865	714	79	98
863	718	96	101
859	719	98	106
860	719	90	95
860	712	96	108
858	716	96	101
860	721	91	94
860	720	88	100
859	713	91	107
856	712	97	106
859	713	89	102
856	714	85	99
857	719	89	97
853	715	90	94
854	715	94	102
852	719	92	106
852	721	87	92
851	720	82	95
854	720	89	99
851	719	92	99
850	724	85	93
849	728	91	95
850	716	84	103
851	721	83	97
849	722	80	103
848	729	65	90
848	736	80	80
848	736	80	83
847	732	83	87
844	731	85	86
844	729	95	91
841	729	92	91
842	731	93	87
842	730	84	89
843	727	92	98
840	728	82	96
840	718	94	104
839	723	86	105
843	731	83	100
841	733	85	98
841	736	87	90
840	733	92	98
838	734	91	89
838	731	99	98
837	726	92	102
834	728	99	102
831	730	103	98
835	731	97	91
836	731	100	95
833	729	104	89
830	728	102	94
835	729	89	102
832	733	101	89
836	730	91	105
840	734	89	99
836	741	90	97
838	742	93	93
835	741	101	94
837	744	95	98
835	746	101	87
835	742	96	95
833	742	90	92
835	739	89	95
828	730	102	104
828	733	110	97
828	732	99	90
831	732	100	93
830	732	85	84
832	730	93	89
831	729	96	95
831	725	96	96
829	720	90	103
831	722	95	98
828	722	87	94
830	719	103	95
830	720	99	112
825	717	107	105
827	719	106	106
830	721	97	88
829	717	96	82
830	716	98	80
829	712	104	87
833	710	94	90
831	706	98	102
831	705	93	98
830	710	86	92
831	708	95	93
831	709	94	93
831	711	91	92
832	706	89	95
831	710	94	96
830	704	107	108
833	709	92	110
833	710	82	108
835	711	86	97
836	714	85	91
838	712	83	92
835	714	63	88
832	710	61	94
832	711	78	94
830	714	75	92
831	700	82	101
828	713	89	88
830	705	85	100
823	707	107	96
822	708	121	93
826	712	101	99
825	712	94	94
823	721	99	94
824	714	110	89
1029	672	111	114
822	716	107	105
822	715	108	123
826	717	92	119
824	715	101	131
827	715	93	144
824	715	104	148
823	712	76	167
824	710	61	158
859	675	74	176
834	677	68	199
827	704	78	189
824	719	80	183
824	718	86	176
826	724	62	179
826	724	62	179
856	679	71	164
826	697	89	184
826	709	95	193
827	712	95	190
825	703	99	185
828	689	103	179
826	710	117	196
829	694	110	211
819	706	115	209
814	711	106	207
812	703	129	187
814	700	137	227
815	710	131	216
817	705	113	235
816	687	141	249
811	711	115	224
818	706	114	222
812	688	134	208
812	705	117	239
809	693	119	261
804	697	114	232
798	691	133	220
810	711	118	260
812	699	103	265
806	680	108	288
817	654	123	284
816	693	88	286
806	681	99	283
827	624	135	273
811	642	155	238
815	636	167	235
789	704	176	188
810	707	144	155
809	707	106	127
810	714	94	95
816	713	73	91
813	718	74	85
812	716	83	84
812	718	89	74
812	716	91	76
810	715	88	77
813	715	82	80
810	719	88	76
808	720	90	78
807	719	89	84
809	714	87	91
804	718	102	83
807	723	86	67
807	721	85	76
807	715	81	87
809	716	86	81
811	719	82	83
810	720	85	87
810	723	83	86
814	722	83	84
814	723	84	78
814	717	84	89
815	722	80	91
814	721	85	97
818	720	83	94
821	718	87	87
825	720	85	79
827	721	85	88
824	722	89	81
829	719	95	84
828	721	98	85
831	723	90	82
832	721	97	84
841	722	87	87
842	726	90	77
845	729	80	79
842	721	78	81
843	717	79	101
845	725	94	85
850	725	87	84
849	727	100	85
851	727	97	99
843	729	102	83
858	721	91	94
860	730	90	81
864	729	79	86
858	728	97	85
867	728	88	80
869	733	90	72
874	734	82	87
870	733	88	93
871	731	88	97
875	727	92	95
872	732	86	95
873	732	85	96
876	731	91	97
878	730	102	76
879	731	112	87
882	733	108	74
878	731	106	88
880	733	93	88
887	734	85	88
884	730	92	86
891	734	88	86
889	731	78	90
892	736	84	83
892	736	83	88
892	734	89	85
895	736	78	103
892	736	75	103
895	736	89	91
895	738	91	76
894	736	89	92
897	728	91	104
898	742	86	91
897	742	87	91
903	741	86	98
903	736	79	102
900	737	93	91
896	736	99	82
897	736	97	82
900	736	100	82
898	732	104	78
901	734	85	77
900	733	89	79
898	732	93	83
900	727	88	80
902	727	82	72
906	718	82	79
906	716	75	96
906	719	66	99
908	720	73	89
909	716	70	85
910	716	71	74
908	715	83	68
907	709	98	74
910	708	95	79
911	705	94	84
908	709	86	86
912	709	77	90
909	707	75	95
911	706	79	91
912	709	77	75
911	708	84	73
911	709	90	66
911	711	88	59
910	711	98	59
914	703	90	65
911	707	84	63
913	702	79	68
914	700	79	69
913	704	80	82
911	699	84	88
912	701	80	93
910	703	82	82
910	703	78	86
910	699	71	98
910	702	58	96
910	690	45	104
920	692	51	100
915	700	61	92
912	704	75	80
909	703	79	76
908	703	77	75
910	703	83	64
910	703	79	69
908	703	73	74
910	701	86	78
909	702	91	78
910	701	83	78
911	703	75	83
911	704	79	75
911	701	82	79
910	700	84	81
913	706	67	78
910	702	75	81
909	701	78	83
908	702	79	82
904	701	87	86
905	702	106	73
897	706	95	60
902	706	88	74
895	705	93	87
900	703	88	81
898	701	86	76
899	705	71	80
901	703	66	88
900	702	67	81
898	701	68	97
895	703	67	97
896	701	71	98
893	707	68	79
892	706	73	81
892	703	73	80
891	701	73	86
888	709	78	77
892	707	74	66
889	706	68	62
890	716	65	62
889	714	70	73
886	711	73	79
883	709	82	84
879	712	89	92
886	710	67	90
887	716	49	91
886	718	54	92
880	705	58	94
883	707	71	93
880	715	66	81
887	720	55	76
884	720	58	84
879	719	59	91
882	719	50	101
892	704	55	107
881	708	65	117
879	712	52	120
889	695	62	127
883	704	67	122
880	716	70	103
882	725	62	93
887	731	64	93
883	723	69	108
885	723	67	97
883	724	73	95
885	722	67	97
882	723	69	93
884	721	77	98
888	724	64	103
890	727	63	102
893	730	56	100
893	723	63	87
890	729	67	92
895	729	55	99
896	733	59	98
892	735	71	86
890	728	58	90
900	731	68	86
892	734	69	87
912	732	80	90
904	729	85	104
899	730	99	126
910	723	88	128
912	727	70	133
912	707	92	132
906	721	94	131
