1113	376	30	69
1112	375	28	68
1111	375	30	71
1112	375	28	70
1112	378	30	70
1113	374	25	73
1114	378	25	76
1114	374	23	74
1114	377	25	76
1113	376	28	74
1111	378	28	70
1114	378	25	74
1111	377	28	71
1112	378	27	67
1113	379	26	61
1113	380	24	61
1113	382	25	69
1112	382	28	74
1110	382	27	72
1111	384	27	67
1109	386	27	66
1111	384	27	70
1110	384	28	74
1108	382	30	76
1108	383	30	72
1106	382	32	71
1107	385	31	68
1108	384	33	69
1108	385	30	67
1106	391	35	74
1105	387	36	78
1107	389	38	94
1107	386	31	92
1109	384	30	101
1110	378	30	100
1106	380	35	98
1110	387	30	92
1108	390	33	89
1109	383	32	79
1109	391	32	79
1112	399	32	76
1111	397	29	73
1111	396	30	72
1112	396	30	74
1111	398	32	78
1111	396	29	85
1111	396	29	89
1114	395	27	79
1110	398	29	79
1110	396	30	76
1109	394	29	73
1108	394	29	75
1108	395	26	73
1107	394	28	72
1106	395	30	69
1104	396	33	77
1105	390	30	74
1105	389	30	78
1106	390	29	88
1105	382	29	93
1104	385	31	103
1105	379	31	103
1101	381	33	97
1103	382	31	98
1102	381	36	95
1102	383	33	88
1103	382	31	81
1102	375	30	79
1100	380	36	79
1099	376	33	78
1100	376	30	80
1097	376	31	74
1098	375	31	78
1098	373	28	79
1098	371	28	84
1096	371	27	92
1097	370	28	89
1096	370	28	88
1096	369	28	85
1094	370	26	81
1094	369	31	90
1094	369	28	89
1096	369	27	86
1095	366	28	86
1095	370	27	80
1095	371	28	79
1094	371	31	78
1095	368	27	83
1095	369	27	77
1095	368	29	71
1096	370	28	72
1098	368	26	68
1096	372	32	74
1097	372	30	69
1099	370	28	67
1100	372	28	70
1101	371	30	77
1104	370	28	80
1105	372	28	82
1107	371	30	80
1109	372	30	80
1112	373	26	80
1112	377	31	75
1113	380	27	71
1114	377	24	75
1116	376	26	77
1116	374	24	80
1117	373	25	77
1115	374	26	78
1114	375	26	80
1116	375	25	76
1115	376	25	76
1115	377	24	77
1115	377	25	75
1115	377	26	74
1116	379	27	70
1115	380	26	72
1115	380	27	72
1115	379	26	75
1116	379	26	75
1116	380	26	74
1117	380	25	76
1118	380	24	71
1117	380	25	71
1116	380	27	70
1118	381	25	70
1118	378	28	74
1118	380	26	74
1119	379	25	74
1120	380	26	69
1120	382	26	68
1120	381	27	73
1121	382	26	73
1122	380	26	73
1123	382	25	74
1124	382	25	71
1125	382	25	67
1126	381	26	72
1126	381	25	74
1126	381	26	75
1127	382	28	75
1127	380	26	75
1128	380	26	77
1129	379	26	77
1128	382	28	76
1131	381	26	75
1131	383	26	70
1131	382	27	72
1133	383	25	71
1134	383	24	69
1134	382	26	71
1134	383	27	71
1136	382	26	69
1136	383	27	69
1137	383	26	67
1138	382	28	68
1140	381	25	67
1140	384	26	66
1141	382	27	71
1142	381	27	75
1143	382	26	75
1145	379	25	72
1146	376	24	78
1146	381	26	76
1147	385	27	72
1150	382	25	67
1150	386	23	64
1152	387	25	59
1152	387	25	65
1153	385	25	69
1153	387	26	65
1154	389	26	65
1155	388	26	70
1156	385	26	71
1157	387	26	68
1158	386	26	68
1158	383	26	70
1158	385	26	68
1160	386	25	67
1163	381	23	71
1162	385	25	67
1162	387	26	70
1163	386	26	74
1163	387	25	78
1164	386	24	81
1168	379	21	76
1166	384	25	69
1167	386	27	70
1170	387	24	63
1171	389	24	65
1171	386	24	66
1173	386	23	67
1174	385	23	66
1175	386	24	70
1175	387	24	70
1176	379	24	68
1175	383	28	76
1175	386	27	77
1178	388	25	81
1180	383	26	82
1180	394	25	84
1181	389	27	76
1180	393	27	73
1184	392	24	69
1185	391	26	73
1186	389	26	77
1187	390	24	74
1188	388	27	79
1189	389	27	77
1190	389	26	80
1190	399	27	76
1192	384	27	78
1193	399	26	74
1195	397	25	73
1196	396	28	71
1197	403	24	67
1196	407	29	70
1197	400	31	76
1199	400	30	79
1201	402	27	73
1201	402	27	70
1202	402	27	67
1202	400	26	66
1202	402	26	70
1203	394	26	70
1204	401	25	65
1204	400	26	65
1204	396	25	66
1202	391	29	60
1204	396	27	70
1204	394	28	69
1204	389	27	72
1204	392	30	67
1205	390	28	76
1207	396	27	69
1206	394	27	74
1206	394	26	68
1208	391	27	71
1207	396	27	67
1209	391	27	70
1208	391	26	71
1209	391	25	73
1210	386	26	78
1210	383	25	72
1210	382	24	73
1209	389	26	77
1210	381	25	81
1211	382	24	77
1210	381	27	80
1209	378	28	78
1209	382	29	75
1212	383	24	68
1213	383	24	68
1213	379	25	78
1212	382	25	80
1213	370	26	81
1213	379	26	81
1214	377	26	82
1213	381	27	72
1213	382	26	74
1213	378	28	73
1215	380	29	74
1218	382	27	65
1219	378	27	67
1217	392	33	56
1219	388	27	59
1221	387	26	65
1221	383	26	66
1223	384	25	65
1222	382	27	68
1224	382	23	64
1226	378	22	58
1224	378	24	60
1223	387	27	56
1224	384	26	60
1225	379	25	65
1223	375	26	61
1220	379	29	68
1220	374	31	76
1221	375	29	76
1222	377	30	71
1219	376	28	74
1221	378	27	71
1222	375	25	74
1220	372	25	74
1220	372	23	78
1218	370	26	79
1219	367	23	80
1218	368	26	76
1216	370	28	72
1218	377	27	64
1216	379	28	57
1217	382	24	60
1216	378	23	63
1215	380	29	63
1216	377	26	63
1216	379	28	66
1216	378	26	62
1216	377	26	67
1215	373	30	68
1216	375	27	71
1214	373	32	75
1215	380	28	68
1217	381	26	69
1218	381	25	72
1218	373	30	75
1216	379	30	67
1220	380	28	56
1216	380	34	55
1222	389	27	47
1219	389	28	50
1220	382	24	53
1219	382	26	49
1222	378	23	53
1218	373	29	60
1220	384	26	54
1221	385	28	50
1222	388	26	45
1222	391	23	43
1224	388	27	47
1226	386	23	54
1226	383	25	57
1225	386	25	56
1227	384	26	60
1226	369	29	66
1228	382	28	56
1229	388	27	51
1229	383	27	56
1226	380	35	63
1229	380	40	71
1231	382	33	69
1232	383	36	73
1235	381	34	73
1240	383	27	67
1242	377	28	71
1245	371	27	78
1245	379	31	84
1244	371	36	88
1249	383	35	93
1253	370	33	85
1257	379	28	77
1255	380	35	78
1256	372	35	78
1259	383	29	80
1259	387	30	83
1259	387	30	83
1259	387	30	83
1269	372	31	82
1269	385	30	79
1262	475	39	73
1273	385	30	66
1273	387	31	60
1276	385	26	64
1276	382	29	66
1277	382	30	63
1277	390	38	64
1278	394	35	66
1277	383	36	69
1278	385	35	73
1281	390	36	67
1283	399	33	77
1282	390	34	73
1283	384	28	80
1286	379	30	87
1286	386	30	83
1287	390	28	75
1289	387	26	80
1284	379	32	74
1287	379	30	72
1284	379	35	73
1287	385	36	78
1291	383	28	76
1288	382	27	82
1290	396	29	78
1292	395	25	78
1282	386	33	73
1282	389	33	73
1280	393	33	77
1280	393	33	77
1268	393	38	63
1264	397	36	52
1264	397	36	52
1258	396	29	56
1258	396	26	55
1244	405	36	57
1245	401	31	53
1240	394	35	56
1240	400	30	63
1237	403	29	59
1234	407	34	54
1236	402	29	58
1235	401	33	54
1233	395	36	64
1232	396	30	72
1234	389	24	75
1236	391	26	70
1230	394	33	60
1231	395	30	69
1224	391	33	71
1224	391	33	71
1227	407	27	69
1226	407	28	70
1229	393	28	80
1227	395	27	76
1224	394	25	73
1228	393	16	76
1226	393	20	67
1226	393	20	67
1226	393	20	67
1216	390	30	73
1212	395	32	70
1216	398	29	68
1228	451	31	64
1216	398	25	66
1216	398	25	66
1216	398	25	66
1212	406	23	65
1212	406	23	65
1212	406	23	65
1212	406	23	65
1212	406	23	65
1206	406	32	60
1175	373	31	60
1209	406	28	64
1177	394	29	68
1177	394	29	68
1205	403	29	63
1210	406	24	58
1211	417	24	50
1175	398	32	52
1207	399	30	54
1207	408	27	55
1209	402	31	62
1211	408	21	62
1214	400	24	67
1211	407	25	75
1212	406	25	83
1207	424	28	81
1163	359	35	86
1167	375	34	75
1211	415	25	73
1215	404	31	79
1215	408	28	80
1216	405	26	67
1215	416	34	59
1215	416	34	59
1215	416	34	59
1215	416	34	59
1223	421	30	60
1226	417	25	59
1226	422	23	57
1228	419	20	56
1234	421	24	54
1224	418	30	59
1229	416	26	68
1234	415	23	74
1183	422	19	75
1235	413	26	76
1236	420	30	79
1248	420	37	80
1253	424	42	86
1243	425	33	82
1341	405	27	86
1420	409	37	82
1420	409	37	82
1420	409	37	82
1420	409	37	82
1420	409	37	82
1420	409	37	82
1420	409	37	82
1420	409	37	82
1357	420	38	87
1263	437	27	80
1263	437	27	80
1210	411	25	73
1210	411	25	73
1268	440	21	68
1270	442	26	62
1270	437	27	66
1269	428	27	68
1288	341	33	63
1367	434	33	71
1371	435	30	85
1272	413	33	85
1270	413	33	79
1273	414	31	73
1273	421	27	76
1270	406	33	81
1269	406	38	77
1264	410	41	68
1264	410	41	68
1374	424	31	74
1371	419	32	83
1371	419	32	83
1370	397	37	83
1259	413	45	79
1258	421	43	78
1258	421	43	78
1241	381	53	76
1355	441	41	68
1357	454	38	59
1374	383	41	68
1261	402	40	72
1264	407	27	70
1264	407	31	69
1264	407	31	69
1264	407	31	69
1219	436	38	60
1223	420	45	66
1223	420	45	66
1257	399	38	67
1260	395	38	68
1261	405	33	58
1257	397	38	57
1257	397	38	57
1259	399	35	54
1261	404	30	57
1261	390	34	60
1261	390	34	60
1260	398	40	67
1262	382	34	74
1257	384	36	70
1258	380	31	80
1261	383	35	75
1259	379	37	65
1259	379	37	65
1259	379	37	65
1259	379	37	65
1259	379	37	65
1257	377	31	69
1258	377	30	64
1258	368	32	73
1259	370	32	76
1261	366	29	82
1250	347	33	96
1254	357	31	96
1213	378	28	88
1130	480	26	92
1123	497	35	94
1120	493	52	106
1124	481	52	120
1123	476	56	136
1131	467	49	151
1129	456	53	154
1127	458	55	160
1128	450	60	168
1130	443	57	175
1132	435	57	168
1134	433	54	172
1134	425	52	177
1135	425	56	187
1137	430	56	169
1138	423	60	159
1139	426	53	151
1142	427	52	152
1144	426	52	157
1147	423	56	142
1147	421	54	143
1152	419	50	133
1153	423	53	147
1150	423	63	151
1155	419	53	134
1156	422	49	136
1157	418	56	126
1157	419	55	137
1160	414	57	145
1164	415	51	129
1162	415	60	124
1164	414	58	129
1164	417	57	120
1165	415	55	122
1165	414	54	115
1168	408	52	124
1170	407	48	125
1170	404	52	127
1170	406	53	132
1170	402	50	134
1170	403	52	127
1170	402	52	136
1169	391	54	131
1169	394	57	136
1167	382	52	133
1165	392	52	136
1165	390	49	125
1163	396	46	117
1163	379	49	123
1162	380	53	120
1160	388	50	122
1163	393	45	118
1163	395	46	129
1161	380	47	134
1161	387	47	124
1166	387	41	109
1163	384	45	124
1164	381	44	123
1163	391	45	118
1163	380	45	116
1161	383	47	113
1163	386	48	104
1163	390	44	103
1164	380	45	108
1164	384	42	111
1165	380	39	112
1165	385	40	121
1165	373	42	117
1163	378	43	110
1163	375	43	115
1162	376	43	104
1165	370	40	109
1164	374	41	102
1163	389	43	91
1165	380	38	93
1166	382	38	91
1165	379	38	87
1165	378	37	95
1165	371	40	100
1165	363	39	110
1167	361	39	116
1162	351	47	115
1162	369	45	115
1165	367	43	110
1166	377	41	102
1171	385	35	97
1166	380	41	93
1165	382	39	89
1163	383	39	81
1166	376	38	88
1161	374	42	90
1159	366	41	97
1157	365	42	96
1160	378	37	93
1161	370	37	95
1160	366	37	97
1156	356	47	98
1154	354	45	103
1151	350	49	101
1151	342	46	107
1152	342	44	109
1152	354	41	103
1145	358	44	93
1146	359	47	94
1149	347	38	83
1152	349	32	82
1145	358	38	78
1148	358	35	74
1147	349	39	85
1147	345	39	94
1144	354	40	89
