546	779	26	66
546	777	25	72
547	778	23	74
546	776	23	77
545	773	25	84
544	773	26	89
546	773	23	84
545	768	24	84
543	771	24	80
543	768	25	80
543	769	25	80
542	770	25	81
542	767	25	78
542	769	24	80
542	763	23	83
541	765	25	83
541	765	24	84
540	766	25	86
540	761	26	88
540	763	25	87
540	759	24	88
540	761	24	92
538	758	27	90
540	761	24	83
539	758	24	79
539	761	24	78
540	759	24	75
540	759	23	77
541	759	22	78
541	753	23	82
541	756	23	81
542	757	24	83
541	754	25	80
542	752	25	85
545	755	21	77
546	752	21	78
545	753	23	77
546	750	22	80
547	752	22	79
548	749	21	82
548	746	23	81
549	747	23	82
550	749	23	83
551	744	22	82
551	748	25	80
552	748	24	78
551	749	25	76
553	746	25	78
556	745	23	84
554	747	26	78
557	745	24	82
557	745	25	84
559	744	24	82
558	743	24	81
559	742	26	84
560	744	25	80
561	743	24	76
561	742	25	74
562	740	25	74
562	739	25	75
564	739	25	74
566	739	24	72
568	738	23	75
568	737	23	75
570	737	23	71
571	735	22	75
572	735	23	72
574	735	23	73
574	734	23	77
576	735	22	75
579	734	20	72
578	735	22	71
579	734	24	71
581	734	23	71
581	734	23	74
584	732	21	76
585	732	21	74
587	732	21	72
587	732	22	76
589	732	23	79
590	732	23	78
590	733	24	75
593	731	22	80
594	734	24	74
595	732	23	76
596	734	24	75
598	734	24	72
598	733	24	72
600	731	25	76
601	729	24	76
602	731	23	72
603	731	23	71
605	732	23	68
606	731	23	67
609	730	21	69
610	731	22	67
610	732	22	66
613	730	22	66
615	731	21	65
616	728	22	67
619	727	20	68
621	728	18	67
623	730	19	67
623	730	22	68
626	730	21	69
627	724	19	74
628	725	23	77
629	729	24	72
631	721	21	72
635	721	21	71
635	722	21	72
636	723	22	72
638	726	20	68
640	726	19	66
640	728	19	64
641	727	19	65
641	727	20	66
640	726	20	67
641	727	20	67
640	728	22	67
640	727	21	67
639	726	21	67
638	726	21	63
638	724	20	67
636	725	22	70
636	724	21	70
635	726	22	65
634	726	21	64
633	725	21	68
631	725	21	70
631	725	19	71
630	720	20	70
628	721	19	70
626	720	21	68
627	721	19	67
626	722	19	63
625	723	19	64
624	722	20	66
624	721	18	66
622	721	18	65
621	720	19	71
621	718	19	68
620	719	19	67
619	719	20	66
618	719	18	71
617	715	18	71
617	714	18	72
614	717	19	71
613	716	19	71
613	716	19	70
612	715	17	73
610	713	18	77
610	713	18	74
608	712	20	75
607	712	20	72
605	713	20	69
604	714	21	69
602	714	22	65
602	714	19	62
602	714	19	59
600	713	18	62
598	714	20	60
598	713	19	59
597	712	19	61
595	711	18	61
594	711	19	62
593	709	18	59
592	709	19	60
591	709	19	60
590	707	18	61
589	708	19	64
588	707	19	64
587	705	19	66
585	706	20	66
584	706	19	65
583	705	20	67
582	706	19	63
581	707	20	62
579	705	20	63
578	704	20	65
577	704	18	62
575	703	19	64
574	702	18	67
573	702	20	65
572	701	19	69
570	703	19	65
569	703	20	61
568	704	19	57
567	703	19	60
564	704	20	61
563	702	20	64
562	701	20	63
560	702	20	62
560	702	19	63
558	703	19	60
557	703	18	58
555	701	18	60
554	702	17	59
553	700	17	64
551	699	16	61
550	698	16	63
548	697	18	63
546	695	18	65
545	697	17	63
543	699	17	62
541	697	18	66
540	695	17	67
539	697	17	65
537	698	18	65
536	698	17	66
535	696	16	68
533	699	17	66
530	697	18	68
529	699	17	65
528	700	16	64
526	702	16	63
524	703	18	62
523	702	16	61
521	703	16	61
518	704	18	63
517	705	17	60
515	706	17	60
513	706	17	61
511	707	17	61
510	708	16	59
507	708	17	61
504	708	17	60
502	709	19	61
501	707	18	65
498	708	16	64
496	711	17	61
494	710	16	62
492	711	16	63
489	710	16	62
488	709	16	64
486	709	15	63
483	712	17	60
481	709	15	65
479	711	17	66
476	713	19	68
474	712	20	67
472	711	17	68
472	711	16	69
469	713	17	67
467	711	18	68
465	711	16	64
462	711	17	65
460	712	15	63
458	706	15	66
454	707	16	64
451	706	17	62
450	702	17	62
448	700	17	63
446	701	19	63
442	700	19	64
438	702	22	61
434	696	22	64
433	698	19	62
430	696	20	63
428	697	23	61
427	693	19	61
423	693	22	63
418	692	17	61
417	692	20	62
413	689	22	57
407	685	18	64
405	685	16	62
402	679	18	65
399	677	18	65
397	680	23	64
394	678	21	65
388	677	24	65
386	678	25	64
383	666	22	69
381	671	20	67
378	668	19	67
375	663	19	64
372	666	22	64
368	664	23	71
366	666	22	73
365	665	20	71
362	648	21	72
348	661	21	67
349	660	19	67
346	655	21	67
343	657	24	68
339	650	25	69
336	654	27	69
335	646	20	74
336	644	22	72
331	644	25	73
327	638	24	72
326	639	26	67
326	637	26	67
323	635	24	63
321	635	22	65
318	623	26	68
318	621	26	66
315	622	23	65
315	612	21	68
314	607	22	64
310	610	22	65
306	602	25	69
307	604	24	67
302	602	26	69
302	600	25	65
300	601	26	64
299	600	26	63
299	597	25	68
300	597	24	68
298	598	23	69
296	598	23	67
295	595	23	71
293	594	22	69
292	598	24	65
291	599	24	64
290	592	21	65
290	593	20	68
290	594	21	70
288	594	20	69
286	593	24	69
286	590	23	73
287	591	21	69
283	593	25	66
281	594	25	66
281	592	24	63
281	593	24	67
279	591	27	69
277	593	28	65
274	593	29	68
276	596	26	64
274	592	28	70
273	593	28	67
272	591	27	69
272	593	25	65
270	593	23	66
270	593	24	66
269	591	25	70
268	593	23	67
268	591	23	67
266	595	21	64
266	596	23	66
263	591	24	70
262	594	25	68
261	593	23	68
261	597	24	66
260	595	25	67
260	594	23	67
259	600	25	63
263	596	25	66
272	600	23	62
280	594	23	68
288	596	27	64
309	589	23	59
332	585	23	65
359	588	27	64
392	580	27	58
437	581	26	56
476	568	21	59
509	570	21	56
536	570	27	54
560	570	25	56
580	568	23	54
591	566	24	58
603	569	23	55
613	569	24	53
619	562	22	57
622	560	20	60
625	561	20	60
624	561	22	60
627	559	18	62
626	559	20	59
627	557	19	59
627	559	19	56
624	559	23	62
634	561	19	60
638	562	20	58
648	559	19	56
664	562	19	51
679	559	18	53
699	562	21	50
724	561	24	46
751	560	21	39
783	559	21	36
814	561	19	33
848	558	21	34
888	558	21	34
920	557	21	34
959	559	21	34
990	559	19	32
1023	563	21	29
1053	558	19	32
1072	560	15	30
1088	562	18	31
1102	563	18	31
1110	560	19	33
1117	563	18	31
1123	562	16	34
1123	565	20	31
1128	562	16	32
1128	562	16	34
1128	559	16	37
1128	559	16	36
1127	560	17	35
1127	559	17	37
1130	560	17	33
1136	559	17	35
1142	559	22	41
1156	557	20	38
1173	561	19	35
1192	560	19	37
1213	565	22	41
1246	566	21	34
1273	569	24	35
1311	569	24	35
1349	573	26	36
1388	569	28	42
1432	574	26	44
1471	580	28	42
1516	587	26	38
1552	589	26	37
1582	591	25	38
1610	592	22	40
1632	590	24	45
1642	598	28	41
1655	597	27	41
1664	593	26	44
1672	598	23	41
1677	599	22	39
1679	600	23	38
1679	599	23	39
1678	600	26	40
1678	599	26	43
1678	600	23	41
1678	600	25	41
1676	600	23	40
1676	600	20	40
1673	599	21	40
1671	600	24	39
1670	599	24	40
1671	599	24	40
1668	596	24	43
1667	596	26	44
1664	597	25	42
1662	597	25	41
1664	596	22	42
1663	598	25	39
1661	597	26	41
1661	597	24	40
1660	596	24	43
1659	597	29	42
1660	599	29	42
1657	599	29	42
1657	598	27	43
1656	599	32	43
1654	597	30	42
1657	597	24	43
1659	598	22	40
1658	600	22	38
1658	597	22	41
1657	599	23	39
1657	599	23	41
1656	601	26	44
1656	598	25	46
1657	598	25	48
1654	601	26	50
1653	599	26	55
1652	603	29	47
1655	604	28	49
1649	606	29	45
1648	604	31	43
1648	607	30	41
1647	605	30	44
1650	606	22	40
1648	604	24	41
1649	602	29	45
1645	601	31	44
1646	600	30	44
1645	597	30	46
1644	596	28	45
1643	595	30	46
1639	591	26	48
1630	590	28	47
1614	591	35	46
1597	591	32	43
1580	587	32	41
1557	583	28	40
1531	582	20	35
1500	576	22	38
1470	575	24	34
1432	566	21	38
1392	564	25	39
1365	561	21	36
1332	558	21	34
1309	559	20	34
1286	556	22	34
1270	555	18	37
1256	555	18	34
1245	552	18	34
1238	551	17	35
1231	551	20	35
1225	552	20	35
1215	554	26	36
1217	553	22	36
1217	550	17	36
1215	550	17	37
1213	550	18	35
1213	551	19	34
1214	549	17	35
1214	550	17	33
1212	548	19	35
1210	548	21	36
1208	545	23	40
1209	545	23	40
1208	546	24	39
1207	546	24	40
1210	548	23	38
1208	549	21	35
1208	549	18	34
1206	547	21	37
1206	548	22	40
1206	548	25	39
1206	546	25	41
1204	548	22	36
1205	546	25	38
1204	544	21	40
1202	546	25	39
1201	543	29	44
1202	545	28	45
1198	544	34	46
1202	542	30	47
1199	542	27	45
1198	542	28	49
1197	541	29	52
1193	540	35	53
1192	543	42	60
1188	542	35	57
1188	542	27	55
1188	544	24	53
1187	543	26	53
1185	543	24	53
1183	541	26	56
1183	543	25	51
1184	543	28	51
1181	543	37	52
1171	542	30	55
1177	543	24	46
1173	541	30	54
1170	542	31	52
1169	543	35	53
1169	541	32	47
1166	541	36	50
1165	538	47	54
1162	541	46	56
1162	541	43	51
1162	542	46	61
1152	542	35	65
1157	538	29	59
1158	540	31	52
1156	540	32	51
1159	540	40	54
1152	540	36	56
1157	539	34	60
1154	540	33	59
1151	538	40	67
1151	540	50	61
1132	540	49	54
1149	537	46	63
1149	538	49	60
1141	538	41	55
1149	540	34	52
1149	540	29	54
1147	541	25	54
1147	540	22	52
1147	538	29	48
1145	540	29	45
1144	539	35	51
1144	538	26	54
1140	538	31	57
1143	538	24	61
1143	535	24	60
1139	537	29	63
1141	536	38	57
1139	537	41	63
1136	536	42	66
1134	533	32	66
1135	534	33	57
1133	537	26	59
1134	538	22	49
1134	537	20	50
1135	537	18	49
1135	536	20	56
1134	534	26	60
1133	531	24	54
1134	529	19	46
1133	536	23	51
1133	537	21	55
1130	540	25	50
1134	539	20	41
1134	540	17	39
1132	540	19	36
1130	540	20	32
1129	540	22	34
1129	539	23	35
1125	541	24	33
1125	536	25	37
1125	542	29	32
1120	543	33	35
1121	540	34	37
1121	542	33	42
1120	541	26	46
1120	541	31	43
1121	543	29	46
1117	542	32	43
1119	541	26	44
1119	545	24	45
1119	543	22	38
1118	548	22	38
1116	543	21	37
1117	549	19	33
1118	548	16	34
1117	549	21	35
1114	553	17	34
1113	550	20	39
1110	555	21	36
1110	556	20	33
1110	557	20	32
1106	558	22	34
1104	560	23	33
1104	560	22	38
1104	558	22	41
1104	561	26	41
1103	565	28	41
1100	574	25	34
1100	575	23	34
1101	573	21	35
1101	577	18	34
1098	580	22	34
1095	584	21	29
1094	585	26	34
1094	582	25	39
1093	586	21	40
1090	591	23	38
1092	589	24	39
1091	594	26	43
1085	599	28	39
1086	601	25	43
1084	599	22	45
1083	606	20	42
1085	611	19	36
1083	611	22	36
1083	616	19	35
1081	621	22	34
1079	618	26	37
1077	622	29	37
1076	621	25	38
