1423	584	184	494
1405	569	195	517
1400	574	185	493
1395	575	209	507
1407	566	167	492
1400	571	195	500
1389	566	178	488
1380	571	193	481
1382	554	171	497
1368	556	197	494
1371	545	174	511
1366	540	175	515
1374	541	156	512
1368	530	164	526
1359	536	152	511
1348	546	178	501
1348	558	152	484
1338	535	177	499
1330	523	163	483
1328	523	163	485
1326	515	157	481
1326	519	153	463
1323	513	144	455
1316	505	146	459
1313	510	145	442
1310	513	162	422
1307	522	148	419
1309	519	145	415
1299	519	154	425
1305	499	147	443
1298	483	143	464
1294	464	146	484
1288	470	141	472
1287	478	150	463
1279	498	154	443
1288	494	146	427
1281	488	152	426
1281	475	139	444
1274	472	143	428
1272	462	146	432
1270	460	142	429
1273	468	134	407
1273	487	135	372
1275	495	128	368
1268	489	128	371
1269	477	123	384
1267	497	114	367
1263	501	118	358
1254	490	133	371
1254	483	127	380
1253	486	125	378
1251	488	125	370
1248	489	128	366
1250	498	122	343
1247	484	131	349
1247	466	121	363
1247	471	129	358
1247	461	121	356
1236	453	138	361
1232	442	142	366
1232	443	146	367
1234	453	147	354
1236	443	141	365
1230	440	149	371
1233	443	138	371
1226	437	155	379
1230	424	151	391
1224	414	159	402
1221	412	164	401
1223	438	161	372
1226	435	154	373
1230	424	157	376
1238	397	157	391
1242	431	148	367
1240	436	148	346
1247	433	145	353
1243	437	145	340
1248	430	139	350
1254	416	130	366
1254	422	136	366
1255	427	133	360
1255	405	143	390
1253	427	131	364
1257	439	124	349
1253	425	129	361
1255	444	115	344
1253	437	118	338
1247	436	120	343
1245	431	126	337
1241	434	125	325
1241	438	121	312
1237	421	130	324
1234	413	134	329
1225	402	143	334
1216	420	150	319
1202	395	177	347
1197	381	184	354
1205	376	173	354
1193	378	185	356
1181	380	193	353
1180	389	195	349
1184	378	194	356
1191	381	192	346
1187	380	191	347
1178	386	194	331
1183	372	199	337
1185	375	199	330
1186	380	192	328
1182	379	182	314
1185	383	186	319
1179	360	217	329
1188	362	190	317
1193	368	186	315
1189	374	177	311
1197	382	150	301
1195	384	162	298
1203	374	123	318
1198	381	134	294
1200	383	113	291
1196	384	125	300
1185	383	173	298
1185	382	139	297
1185	380	148	291
1186	377	125	294
1186	381	128	280
1179	375	135	285
1180	375	127	283
1175	377	128	279
1170	381	129	274
1177	379	116	271
1181	382	111	272
1177	376	111	283
1175	382	114	275
1175	376	115	281
1176	384	112	271
1178	384	109	270
1175	386	110	268
1164	381	117	270
1164	383	120	265
1164	378	118	262
1165	380	115	255
1166	379	112	268
1165	380	108	260
1166	384	107	247
1164	375	109	254
1167	381	106	252
1171	378	98	253
1167	381	100	254
1166	378	103	256
1164	381	99	260
1160	382	103	251
1162	380	98	257
1163	386	93	250
1158	379	110	251
1153	383	103	242
1150	388	101	244
1143	379	110	249
1146	378	102	249
1142	385	105	241
1138	376	111	253
1138	381	116	243
1138	380	109	252
1137	381	112	245
1135	389	112	235
1140	385	102	240
1139	388	103	241
1139	382	105	244
1137	386	103	241
1139	384	100	241
1140	378	97	249
1141	381	99	236
1138	383	104	236
1140	384	99	229
1139	382	97	230
1143	379	92	231
1142	376	93	236
1140	386	96	217
1140	386	98	224
1138	379	94	223
1139	378	95	221
1139	382	94	218
1145	382	89	211
1139	376	89	215
1140	376	92	225
1136	384	94	220
1137	374	94	224
1140	383	89	216
1137	377	89	214
1132	371	90	222
1133	381	92	209
1135	376	85	212
1136	372	87	214
1135	379	86	205
1134	371	87	212
1134	374	86	210
1132	378	92	199
1131	374	91	203
1133	379	87	200
1129	377	93	205
1133	376	88	204
1131	374	88	204
1132	376	84	201
1132	379	87	198
1130	375	91	203
1130	376	93	204
1133	375	91	194
1134	376	88	198
1135	372	84	198
1136	378	82	193
1137	373	81	195
1138	376	82	190
1135	373	86	197
1138	377	85	190
1137	378	83	192
1139	374	83	192
1138	380	83	190
1134	380	83	187
1137	379	82	194
1138	380	78	190
1135	377	80	189
1135	379	78	180
1135	379	75	187
1134	375	79	188
1134	377	78	189
1134	378	80	180
1133	380	81	186
1129	378	84	185
1128	384	86	182
1130	378	83	185
1127	381	86	183
1128	386	86	176
1129	385	81	178
1130	383	80	184
1127	384	83	182
1129	382	81	183
1128	381	80	182
1126	385	84	179
1128	385	79	164
1124	387	84	165
1126	388	81	175
1125	383	84	178
1128	385	79	180
1125	383	85	179
1124	384	84	184
1124	383	87	182
1125	383	85	184
1122	385	83	180
1122	384	82	177
1119	387	83	182
1119	384	80	183
1119	387	76	180
1119	386	79	194
1118	375	78	204
1116	391	79	184
1114	396	83	184
1112	393	81	174
1110	388	83	182
1112	397	79	168
1110	394	82	173
1111	392	79	179
1110	391	76	180
1108	389	78	184
1110	387	77	191
1103	390	100	175
1105	391	86	173
1103	389	86	170
1104	384	89	174
1102	380	90	168
1106	380	81	170
1106	371	79	171
1106	371	76	174
1105	363	76	178
1105	359	78	176
1107	349	72	185
1103	341	78	194
1101	334	90	196
1100	317	111	214
1091	306	119	228
1090	296	122	238
1092	313	106	221
1095	342	94	187
1095	328	91	198
1091	312	105	211
1084	306	128	218
1086	305	120	217
1086	306	135	218
1079	300	126	221
1082	310	122	210
1080	308	127	208
1082	309	123	200
1086	305	96	211
1086	303	82	217
1090	330	72	187
1090	340	70	175
1091	338	70	173
1090	344	69	167
1092	344	69	164
1090	343	68	162
1088	344	70	160
1089	348	69	159
1089	345	68	162
1089	345	69	158
1089	337	68	166
1091	339	66	161
1089	335	68	162
1089	342	66	155
1088	339	68	151
1087	340	66	157
1088	340	63	159
1088	347	62	149
1087	343	65	151
1087	346	64	154
1085	346	66	153
1086	345	63	153
1087	349	61	144
1084	344	64	152
1083	344	63	154
1083	344	67	153
1082	342	64	154
1082	341	62	156
1083	341	59	155
1079	343	63	153
1080	340	65	153
1080	341	63	155
1078	344	64	150
1081	345	60	147
1079	348	64	142
1079	346	63	142
1079	348	63	143
1079	348	62	143
1080	342	61	146
1078	342	63	148
1079	342	61	148
1078	343	62	145
1079	339	63	148
1079	337	62	151
1079	338	61	145
1078	339	62	147
1079	335	58	154
1077	342	61	143
1077	342	58	145
1077	344	61	143
1078	344	58	142
1075	343	60	142
1075	343	60	139
1073	347	58	137
1072	343	60	143
1072	340	59	147
1071	341	62	144
1069	344	61	140
1070	337	58	143
1069	338	62	143
1067	339	62	141
1067	338	61	142
1065	336	63	146
1065	337	61	144
1064	343	62	137
1065	341	59	142
1065	344	59	139
1065	346	58	135
1064	346	61	135
1064	345	59	136
1064	342	57	138
1065	340	59	138
1065	336	58	140
1064	339	60	138
1062	334	61	145
1065	327	57	152
1062	326	59	152
1063	327	58	152
1062	331	56	147
1061	339	57	141
1061	344	56	135
1060	344	54	134
1059	343	55	137
1058	344	56	133
1056	336	59	140
1055	341	60	138
1055	340	59	138
1053	333	59	145
1051	336	61	141
1052	335	60	142
1053	329	57	147
1050	329	61	148
1051	329	60	147
1047	326	64	151
1048	325	60	152
1046	324	63	156
1045	327	62	153
1046	336	61	142
1048	338	59	141
1046	333	62	147
1047	333	59	146
1045	334	59	142
1047	328	60	154
1043	327	64	154
1043	321	64	161
1043	320	63	162
1044	321	65	159
1044	321	61	159
1042	323	67	155
1042	324	63	158
1041	323	67	158
1040	328	63	157
1040	328	62	154
1038	326	70	159
1037	329	62	155
1037	322	63	163
1036	323	63	160
1034	324	62	164
1033	327	60	158
1032	323	64	164
1029	319	67	167
1031	322	61	162
1029	317	63	169
1028	320	63	172
1029	311	64	175
1026	321	65	174
1025	326	65	175
1026	331	62	165
1026	331	62	165
1022	335	66	162
1024	339	61	157
1023	336	61	161
1024	329	60	169
1022	334	59	160
1021	331	63	159
1020	322	60	164
1021	318	58	174
1018	315	61	168
1018	314	61	167
1018	316	61	164
1018	313	57	166
1016	311	64	167
1016	308	64	168
1015	311	58	165
1017	310	60	168
1016	314	57	165
1019	315	59	162
1019	309	58	170
1020	311	56	170
1019	313	58	164
1020	311	62	160
1020	315	59	160
1021	312	60	158
1025	314	58	157
1024	316	62	155
1025	315	63	154
1027	318	64	148
1028	315	62	150
1034	311	59	155
1032	316	62	151
1037	316	61	151
1039	321	60	143
1044	314	58	153
1042	317	63	153
1051	313	59	151
1054	315	56	157
1056	314	59	153
1061	320	56	145
1062	318	59	151
1066	314	59	150
1071	314	58	149
1076	315	56	147
1076	308	61	154
1079	313	56	146
1083	316	59	146
1085	310	60	149
1091	312	58	149
1097	314	55	149
1102	316	53	149
1106	314	53	156
1109	314	55	152
1111	321	49	144
1114	321	48	147
1115	319	49	141
1116	315	57	148
1115	308	63	153
1117	317	59	141
1117	312	60	143
1116	307	56	149
1115	313	61	145
1115	311	61	144
1115	306	60	145
1119	310	61	147
1114	306	63	148
1114	305	66	149
1118	306	68	149
1119	307	66	150
1120	316	58	140
974	219	57	123
975	225	50	102
979	240	39	84
980	243	39	79
968	252	44	77
981	241	37	85
981	241	37	85
981	241	37	85
982	244	31	79
982	244	31	79
982	244	31	79
982	244	31	79
982	244	31	79
982	244	31	79
982	244	31	79
982	244	31	79
982	244	31	79
982	244	31	79
982	244	31	79
978	251	31	75
976	249	34	71
976	249	34	71
976	249	34	71
976	249	34	71
987	240	27	76
987	240	27	76
986	244	29	73
983	242	33	75
979	242	35	75
980	240	34	80
975	244	34	78
975	247	34	74
975	249	34	74
976	246	35	73
974	249	34	69
974	252	35	68
975	245	33	74
974	251	34	70
973	247	34	73
975	247	37	72
969	250	37	71
969	245	41	73
972	242	42	77
972	244	37	71
967	245	45	63
968	244	43	62
978	245	34	60
976	246	36	67
975	247	33	70
980	247	26	66
980	246	27	70
979	245	26	69
979	242	27	74
978	242	30	70
978	240	31	72
977	243	30	74
974	250	30	66
976	248	26	66
975	247	24	71
973	246	30	66
970	244	36	72
963	248	39	70
963	248	42	73
962	247	44	74
961	251	40	69
966	251	35	68
965	248	39	71
962	249	40	68
959	246	48	72
957	253	46	66
959	249	44	71
965	247	40	69
966	247	30	68
968	246	28	70
968	245	24	75
966	246	26	73
966	248	27	67
969	242	27	70
967	238	35	73
971	232	32	79
964	238	29	77
964	239	32	75
962	237	32	78
964	241	30	77
964	236	36	76
961	239	42	75
961	248	33	72
962	246	30	72
961	249	33	68
961	250	30	71
963	245	29	70
958	250	29	73
957	249	34	73
958	246	33	77
958	242	36	74
957	236	41	78
959	236	36	80
959	233	38	82
956	235	41	76
954	236	46	73
951	237	43	70
949	237	43	73
941	237	51	76
933	243	62	70
925	241	74	75
940	239	79	75
936	240	65	72
935	248	60	68
947	241	64	74
937	242	63	74
945	241	72	73
939	236	85	79
937	242	95	73
937	241	98	73
937	246	97	69
937	258	88	59
935	260	97	55
935	255	86	59
933	259	100	56
937	254	99	63
931	242	105	73
941	235	94	79
929	244	104	72
927	251	101	65
935	240	96	72
940	245	90	71
943	237	91	79
946	244	87	72
944	242	91	75
937	245	84	73
939	241	88	76
943	252	80	65
945	242	82	75
943	228	90	87
930	258	94	61
924	274	92	44
924	257	102	60
920	261	104	57
919	274	100	44
919	263	105	53
920	250	110	66
924	245	107	69
918	249	109	66
915	250	118	66
911	253	124	63
910	244	125	69
915	245	114	72
914	248	109	66
928	241	105	70
942	233	92	78
942	224	89	88
945	234	86	81
919	221	104	90
914	244	117	72
914	245	119	71
915	236	121	77
910	237	123	75
914	240	128	74
910	221	127	89
911	217	125	96
920	219	105	93
915	240	122	72
905	241	130	70
899	225	145	88
907	231	134	80
926	224	116	85
922	250	109	67
911	243	126	67
905	242	134	72
911	235	124	78
914	246	112	65
915	243	111	69
913	250	110	63
914	236	121	74
914	243	115	67
915	238	118	74
923	236	116	76
913	241	128	70
920	240	121	70
930	242	108	67
923	244	113	72
920	244	114	69
919	248	112	66
912	251	98	61
925	240	108	71
920	245	114	68
920	248	107	64
911	251	118	61
915	255	105	55
909	248	95	64
920	253	110	56
918	251	108	60
919	242	107	70
923	247	106	65
922	249	97	64
923	252	84	58
949	243	77	64
923	247	78	67
946	234	75	76
917	243	83	71
945	233	85	78
954	228	85	83
928	231	96	84
931	242	88	70
926	246	79	67
949	233	79	79
915	243	84	74
943	233	83	80
953	217	77	95
927	247	77	68
952	249	60	66
953	244	52	72
962	240	44	72
968	239	35	72
968	240	35	72
967	244	34	70
967	248	30	67
968	245	34	67
968	246	28	69
967	241	33	75
965	242	33	73
966	248	33	66
965	249	29	63
964	246	28	67
966	249	27	64
964	250	28	64
965	250	27	65
964	245	31	70
967	250	24	65
963	246	31	72
962	247	35	67
956	248	39	69
962	250	27	64
959	249	31	68
960	244	34	74
960	246	36	71
961	246	39	67
961	243	36	70
956	244	38	72
958	238	36	75
957	238	34	77
957	242	37	73
959	230	33	82
954	241	40	73
955	242	30	71
954	243	31	71
952	242	42	77
953	245	39	73
953	239	28	74
953	244	29	69
952	242	32	73
947	239	37	77
949	245	30	71
947	242	34	69
948	245	41	66
952	242	38	69
951	239	35	76
944	239	42	74
942	240	45	72
943	237	44	74
941	236	41	77
940	238	41	76
943	231	41	80
939	232	43	81
936	225	53	88
931	234	55	79
932	236	46	77
932	245	53	68
923	245	58	69
944	234	44	76
940	234	49	73
944	230	42	82
940	224	47	89
930	232	55	82
921	236	60	80
945	224	50	84
929	241	53	76
923	237	58	76
922	235	59	80
922	231	61	82
924	219	58	93
919	221	63	91
925	232	57	84
929	238	51	77
944	232	41	78
948	237	34	78
953	240	27	68
959	236	22	61
958	237	28	56
951	245	25	61
955	243	23	54
954	243	27	49
959	242	26	46
950	248	33	46
955	245	30	42
957	243	27	40
951	245	31	45
956	244	23	39
954	247	29	42
954	246	30	40
956	246	27	37
952	247	25	40
955	246	20	32
957	247	18	32
958	247	18	33
958	246	17	32
958	246	18	33
957	243	23	38
956	246	21	35
958	247	17	37
958	246	19	35
958	245	18	36
958	246	18	34
959	246	17	33
960	246	16	30
958	248	20	33
959	245	23	37
960	244	24	37
959	245	19	37
957	244	19	35
960	241	22	37
957	240	23	38
958	240	20	41
961	240	23	44
962	242	22	43
963	244	22	39
962	250	24	42
962	251	22	36
964	250	22	40
964	251	24	42
959	254	32	36
959	251	36	41
960	252	38	38
964	253	35	37
957	252	33	38
960	251	29	35
961	251	30	33
963	250	24	40
959	244	26	42
958	245	25	39
962	245	30	40
963	243	24	36
962	244	23	35
959	245	22	34
958	244	23	36
960	244	20	35
959	242	20	38
964	239	15	43
962	237	19	42
964	244	17	37
964	245	14	34
965	245	15	37
961	246	19	35
959	243	22	38
955	244	25	38
954	242	28	42
952	245	26	43
952	245	26	45
962	247	30	46
954	246	23	44
956	248	21	51
955	241	26	49
955	245	30	45
957	244	27	47
958	245	30	47
950	244	33	47
956	246	25	45
957	247	21	41
958	243	21	42
957	240	20	42
957	245	22	41
957	243	27	44
958	244	28	43
953	242	24	48
954	247	26	49
953	247	29	46
957	246	26	39
948	245	24	37
950	246	25	37
951	246	26	40
951	244	32	42
945	247	25	35
949	245	26	38
951	246	22	40
952	246	29	39
946	244	28	39
949	246	21	35
950	246	18	35
948	246	20	35
946	247	20	33
945	246	21	33
945	247	21	31
943	247	21	31
946	246	18	33
947	244	20	37
947	245	24	37
945	245	21	36
946	244	25	33
946	243	27	39
941	242	28	42
943	239	29	46
944	233	25	50
943	236	28	47
943	234	26	50
943	232	23	51
943	237	26	50
943	241	25	43
943	244	26	37
942	243	26	39
943	245	25	38
937	242	30	39
940	243	27	41
942	240	24	45
941	236	23	48
941	238	26	48
942	240	25	47
942	242	24	43
942	240	23	41
942	245	25	41
941	243	25	40
941	244	22	38
942	243	23	38
941	242	25	40
944	241	22	44
944	242	20	42
942	244	25	42
941	242	24	46
941	242	25	44
941	243	27	41
941	241	26	42
941	239	26	44
943	242	24	40
944	243	24	40
944	241	23	42
943	243	24	40
943	242	25	42
943	243	25	39
942	242	26	42
943	235	24	47
943	243	23	41
941	241	26	41
941	240	27	41
943	242	26	39
943	242	26	41
942	243	26	41
943	244	25	37
943	243	24	44
943	241	25	47
943	241	25	48
942	243	28	42
944	242	27	43
943	241	27	45
943	239	27	44
943	239	27	44
944	238	27	45
943	237	27	46
942	240	28	44
942	240	27	43
943	243	30	42
946	242	28	41
941	239	31	44
944	241	28	41
944	242	26	39
945	241	28	41
946	239	28	44
942	240	31	41
945	240	26	43
946	239	29	43
943	240	31	43
945	239	30	43
946	240	28	41
947	240	29	43
944	241	31	43
944	238	32	43
944	238	31	44
946	239	31	43
948	237	29	45
947	240	29	40
950	239	28	47
944	239	32	46
945	238	35	43
950	239	31	46
949	240	30	39
948	238	30	43
946	237	33	46
948	240	32	43
953	238	28	50
947	240	34	42
943	238	39	45
942	236	34	50
943	236	37	49
948	236	33	45
949	240	33	46
949	240	32	42
948	240	33	42
949	239	34	45
943	238	40	47
949	237	38	48
951	237	35	47
952	237	32	46
948	237	35	43
946	236	38	46
948	237	36	48
946	233	37	52
948	236	36	46
946	238	35	48
945	236	40	48
945	235	38	49
946	235	37	48
948	232	34	53
944	239	37	45
946	236	37	47
952	240	31	44
948	237	35	47
947	236	35	47
943	238	40	43
943	237	39	43
947	238	37	45
946	235	37	47
941	238	41	46
945	237	42	45
943	236	38	45
944	238	37	46
943	237	37	49
940	237	36	48
944	236	35	49
940	237	37	55
939	239	38	50
940	238	33	51
942	238	37	49
945	238	35	44
942	239	36	43
942	239	36	45
942	238	37	48
939	238	39	45
944	238	34	47
934	238	34	44
936	238	24	39
941	237	32	42
937	236	37	41
936	238	34	46
935	238	30	48
936	239	23	46
933	237	28	52
933	240	35	52
931	241	35	51
929	242	29	52
931	243	25	43
929	242	30	43
935	243	32	43
935	239	31	48
932	239	35	46
932	239	32	45
930	238	33	46
933	237	33	48
931	237	34	40
932	237	33	42
933	238	30	41
933	236	30	40
932	235	30	44
930	232	31	43
930	233	32	42
930	235	32	40
928	235	34	38
929	235	32	41
928	235	31	42
930	235	31	40
927	234	33	41
928	233	33	44
929	234	30	44
930	232	32	44
927	232	34	46
929	237	30	39
930	235	31	40
928	234	34	41
927	233	34	43
928	235	33	45
930	236	33	44
928	234	33	47
928	236	33	43
925	235	35	45
924	236	34	51
927	236	35	46
925	239	34	40
926	237	35	43
924	238	36	40
926	236	34	46
926	236	33	47
925	240	32	45
926	237	33	46
926	237	32	47
924	241	30	42
925	239	29	44
925	240	27	43
924	236	32	47
924	236	32	47
922	236	31	47
924	237	32	46
924	237	29	45
921	237	34	47
922	237	32	46
924	237	31	46
922	238	33	47
922	238	33	49
919	238	34	44
918	237	35	44
919	240	34	46
918	238	33	47
920	239	32	43
920	239	34	45
919	238	35	45
917	239	34	44
917	240	31	45
919	240	34	45
917	239	32	42
918	241	30	42
920	239	31	44
918	238	31	46
920	238	29	46
917	240	30	47
918	240	29	43
917	241	29	43
919	240	30	43
915	239	34	43
915	238	33	45
915	238	31	48
915	239	31	47
913	239	32	46
915	239	30	46
914	239	31	46
915	238	31	48
915	237	31	47
914	236	31	50
913	236	34	51
911	237	35	47
913	238	33	46
911	240	33	45
912	239	33	47
912	239	32	46
913	239	29	47
912	239	34	48
910	240	33	49
912	240	32	45
911	241	32	46
912	241	32	44
911	243	31	46
914	242	31	46
911	241	32	45
911	241	34	44
911	243	31	42
910	244	27	42
911	243	32	43
911	241	32	42
912	241	31	43
910	239	31	46
913	240	30	47
909	237	35	52
912	240	30	45
912	240	31	47
915	239	28	48
911	239	30	46
913	237	28	47
911	238	32	46
910	238	33	48
907	239	37	42
908	241	29	45
908	241	27	45
909	239	26	46
910	241	30	43
909	239	30	45
910	239	32	46
911	240	32	43
909	243	26	40
910	241	28	43
909	240	29	49
910	239	29	46
908	240	30	48
910	239	29	48
909	240	29	46
908	240	31	46
909	240	28	47
910	240	25	50
910	238	27	51
909	238	27	52
910	236	28	53
909	239	28	48
908	237	27	49
908	239	28	47
908	239	27	48
904	237	32	51
908	238	28	49
908	237	29	49
909	236	27	53
910	237	28	51
908	238	29	47
909	237	27	51
910	239	26	48
908	238	27	47
910	240	28	47
907	240	28	46
910	238	28	47
909	241	25	49
909	239	25	47
909	239	21	45
909	237	28	49
909	239	28	48
907	238	29	48
908	239	29	49
908	237	28	51
908	239	27	49
907	238	29	49
906	237	30	49
907	239	28	49
907	238	30	50
907	238	28	53
907	238	29	45
907	239	28	44
908	238	27	50
909	236	26	51
908	238	26	48
908	239	27	46
907	237	27	47
907	237	26	49
908	237	27	50
908	238	27	48
907	237	26	49
906	237	28	47
908	240	28	45
908	239	27	45
905	237	29	47
909	239	24	48
907	236	26	50
907	237	26	51
907	232	25	56
907	229	24	59
908	237	23	53
906	239	28	55
906	238	28	57
908	239	26	52
907	242	26	46
908	240	26	51
909	243	26	50
910	242	26	49
910	241	25	49
911	241	23	51
910	242	25	54
910	242	25	50
909	243	27	46
909	239	27	50
908	240	27	46
910	240	24	51
909	237	27	52
909	237	24	51
909	236	24	52
907	236	26	50
909	237	25	48
910	237	25	51
909	237	25	50
907	236	26	50
907	235	26	46
909	235	22	47
910	236	22	46
908	236	24	47
908	237	24	48
908	237	26	52
907	237	26	60
906	236	26	55
906	237	26	50
908	239	23	46
908	238	24	48
908	239	26	47
904	237	28	46
905	236	27	48
905	237	30	50
906	238	29	48
907	239	25	47
907	239	26	46
907	239	25	48
908	238	25	52
907	238	25	50
905	238	26	50
906	239	21	46
905	240	27	46
908	241	23	49
905	241	25	47
905	239	26	49
906	237	25	54
903	237	28	50
905	240	24	49
906	242	25	49
905	243	25	49
904	241	26	50
903	242	27	46
901	241	30	46
900	241	30	49
901	239	29	52
898	240	31	47
901	242	28	49
900	240	28	51
899	239	29	50
900	240	31	49
902	239	28	52
901	240	29	52
900	239	29	53
897	241	32	48
896	242	32	48
897	244	32	48
896	243	33	48
895	241	34	51
894	241	35	49
899	242	30	49
898	244	31	51
901	245	25	48
901	244	26	49
898	245	27	49
897	244	28	51
899	244	27	48
898	244	27	45
900	241	25	51
897	241	27	52
898	239	25	53
898	242	27	51
897	241	32	50
899	243	30	48
898	243	30	49
899	241	29	52
897	243	31	50
898	243	28	52
898	243	27	47
897	242	27	52
898	243	28	49
897	241	28	51
895	243	27	51
893	243	31	48
894	241	27	52
896	242	25	54
896	241	25	54
896	241	25	50
897	240	24	49
897	240	26	52
893	239	31	50
893	239	28	52
894	239	26	50
895	239	27	52
895	243	24	51
894	240	26	59
893	239	27	65
889	236	32	59
889	240	31	52
892	241	26	53
892	241	26	50
895	241	23	52
894	241	23	51
893	240	25	52
893	240	23	51
893	241	23	55
892	240	25	52
893	241	24	50
891	237	23	54
893	238	22	56
892	239	23	48
888	237	26	44
886	237	30	49
891	239	24	48
893	242	22	50
893	244	21	46
893	246	22	49
893	246	23	53
894	247	21	55
894	244	20	57
893	244	22	55
892	243	23	55
892	242	23	53
891	240	23	55
890	240	25	54
888	238	25	55
888	239	25	49
887	238	25	51
884	237	27	51
883	239	29	51
884	240	29	53
889	240	23	61
887	237	26	56
887	239	24	54
886	240	23	52
887	239	23	55
888	237	22	56
888	238	25	55
886	238	27	55
886	238	26	53
885	237	28	52
884	237	30	56
887	238	27	51
890	237	24	53
891	239	28	49
893	238	27	56
893	244	27	53
894	245	28	54
894	246	29	53
893	246	28	50
894	244	28	51
895	245	26	53
894	242	28	54
893	242	31	54
893	241	30	59
894	242	30	55
893	239	30	63
890	240	32	59
893	239	27	56
893	238	29	54
893	239	26	56
893	239	26	53
892	239	28	53
892	238	27	54
893	238	27	54
890	239	29	54
889	239	30	51
889	238	29	53
890	239	28	55
890	238	29	58
890	239	28	54
888	237	29	54
888	239	31	52
889	239	30	56
887	241	31	54
887	240	31	57
886	239	31	57
887	242	29	51
887	242	27	49
889	240	27	54
888	242	28	55
888	240	27	56
885	243	30	52
886	243	29	51
886	243	29	51
885	243	29	53
884	243	31	53
882	243	32	59
883	243	29	56
883	244	30	52
884	242	31	53
882	243	32	55
886	243	27	55
883	243	29	52
882	243	30	52
884	243	28	53
883	242	28	53
883	242	29	54
882	241	30	56
880	243	31	52
878	240	33	54
878	240	31	55
878	242	30	54
879	240	30	54
878	241	31	57
878	241	29	55
878	240	28	54
877	239	30	58
876	241	30	59
877	240	28	60
876	239	30	57
876	240	30	54
877	240	27	58
875	241	28	57
875	240	28	58
874	239	29	55
876	238	26	61
876	242	27	57
876	241	27	57
875	239	28	57
876	240	28	57
876	243	27	56
875	241	30	55
872	241	32	55
873	242	30	58
875	241	27	57
876	241	29	55
875	239	29	54
877	239	29	56
875	239	30	54
875	240	31	56
875	241	31	55
877	239	30	58
877	241	29	57
877	242	31	54
878	240	31	57
878	239	31	58
878	237	31	62
878	236	33	62
878	241	33	57
880	238	32	61
881	238	32	58
880	237	34	59
878	240	35	56
880	235	34	60
880	234	34	62
879	235	37	63
879	237	40	64
880	238	38	59
881	237	38	61
882	238	38	62
882	239	39	57
882	239	40	59
882	237	41	61
882	237	42	64
885	238	41	62
884	239	41	63
888	234	38	66
889	237	39	62
890	238	38	66
886	236	44	65
888	235	44	63
885	235	43	64
886	237	41	60
888	236	47	63
889	238	45	61
889	240	45	57
896	239	40	61
899	239	35	61
881	242	32	55
893	240	37	59
899	233	39	69
884	237	31	67
892	237	25	64
892	238	19	61
895	240	23	63
891	238	20	55
893	241	24	54
889	241	25	52
886	242	26	53
889	241	30	53
888	241	26	53
889	240	22	50
892	245	24	49
889	245	25	50
893	245	25	47
892	248	21	43
893	246	19	42
892	247	20	40
893	250	18	36
893	250	18	35
892	247	19	37
892	247	20	38
892	244	20	42
892	242	18	40
891	248	19	42
890	246	24	44
889	246	22	45
886	248	26	40
888	249	21	36
888	250	20	36
886	248	24	40
885	247	26	41
885	247	22	40
886	247	21	38
888	246	19	39
888	249	18	36
888	248	16	34
886	247	18	38
886	246	17	39
884	247	19	36
883	245	20	40
881	246	21	40
882	247	18	38
882	246	17	40
882	247	16	38
881	247	17	36
880	248	17	39
878	245	19	44
878	247	17	42
877	245	18	42
877	245	17	41
878	239	18	45
876	245	22	52
875	241	19	58
876	242	18	58
874	238	22	59
874	238	25	63
872	241	31	63
873	235	35	67
874	232	36	67
873	235	38	68
867	234	41	70
867	234	38	70
868	236	39	67
867	236	40	64
865	238	41	63
865	237	39	66
866	236	37	66
871	238	30	63
868	234	34	69
866	235	35	68
866	236	35	70
863	234	38	69
864	234	39	68
866	236	36	69
866	233	35	68
865	236	35	67
865	234	36	67
865	236	33	61
866	235	30	60
862	235	33	62
864	233	34	68
865	231	31	71
869	237	31	69
868	237	35	69
868	237	34	68
870	237	34	73
869	238	36	69
867	241	38	66
869	245	36	65
