1073	519	32	76
1074	521	30	80
1079	522	27	78
1084	523	21	79
1086	521	20	79
1088	525	18	74
1088	525	18	74
1090	525	18	76
1090	525	18	76
1090	525	18	76
1090	525	18	76
1090	525	18	76
1090	525	18	76
1090	525	18	76
1093	521	15	82
1093	515	14	83
1093	515	14	83
1093	515	14	83
1093	515	14	83
1093	515	14	83
1093	515	14	83
1093	515	14	76
1092	523	16	74
1092	522	16	72
1092	522	16	72
1093	523	13	70
1093	523	13	70
1124	562	16	74
1124	562	16	74
1124	562	16	74
1091	523	17	69
1089	526	18	62
1093	528	15	66
1093	528	15	66
1093	528	15	66
1095	517	13	66
1098	525	16	67
1098	525	16	67
1098	525	16	67
1098	525	16	67
1098	525	16	67
1098	525	16	67
1098	525	16	67
1098	525	16	67
1093	526	15	63
1093	526	15	63
1093	526	15	63
1093	526	15	63
1093	526	15	63
1093	526	15	63
1093	526	15	63
1093	526	15	63
1093	526	15	63
1093	526	15	63
1093	526	15	63
1093	526	15	63
1093	526	15	63
1093	526	15	63
1093	526	15	63
1093	526	15	63
1093	526	15	63
1091	528	15	61
1091	528	15	61
1091	528	15	61
1091	528	15	61
1091	528	15	61
1091	528	15	61
1091	528	15	61
1091	528	15	61
1091	528	15	61
1091	528	15	61
1091	528	15	61
1091	528	15	61
1091	528	15	61
1091	528	15	61
1091	528	15	61
1026	531	20	56
1026	531	20	56
1026	531	20	56
1027	524	17	53
1027	524	17	53
1027	524	17	53
1024	523	15	50
1025	531	18	48
1025	531	18	48
1025	531	18	48
1025	531	18	48
1025	531	18	48
1025	531	18	48
1025	531	18	48
1025	531	18	48
1025	531	18	48
1025	531	18	48
1025	531	18	48
1025	531	18	48
1025	531	18	48
1025	531	18	48
1025	531	18	48
1025	531	18	48
1005	535	24	50
1005	535	24	50
1005	535	24	50
1005	535	24	50
1005	535	24	50
1005	535	24	50
1005	535	24	50
984	534	30	53
984	534	30	53
984	534	30	53
984	528	25	52
972	537	29	45
972	537	29	45
972	537	29	45
972	537	29	45
957	539	35	35
957	539	35	35
957	539	35	35
939	541	38	36
939	541	38	36
939	541	38	36
939	541	38	36
915	548	44	31
915	548	44	31
915	548	44	31
894	542	42	37
894	542	42	37
894	542	42	37
894	542	42	37
894	542	42	37
894	542	42	37
894	542	42	37
894	542	42	37
894	542	42	37
894	542	42	37
825	539	44	38
825	539	44	38
825	539	44	38
825	539	44	38
825	539	44	38
825	539	44	38
787	544	43	32
783	548	50	33
770	543	46	35
766	546	50	29
763	546	54	34
748	547	62	29
753	546	54	29
753	544	49	30
747	543	46	30
745	542	53	32
728	538	55	35
731	539	56	35
734	542	52	30
734	542	50	32
774	543	49	42
724	537	48	38
723	535	44	46
785	533	41	55
716	522	45	59
717	526	52	52
716	525	57	57
717	527	60	53
701	421	65	46
702	420	62	48
711	421	52	50
706	413	54	51
703	415	62	56
710	417	58	52
713	419	53	48
717	537	54	37
722	538	48	33
718	541	43	28
725	541	44	28
722	542	48	27
722	540	51	25
716	540	48	26
721	540	48	24
718	537	54	30
719	538	50	29
723	538	44	30
724	539	42	25
721	536	51	31
719	536	54	29
718	537	60	26
718	538	54	26
726	540	47	23
727	538	50	26
730	540	44	25
730	541	50	25
723	538	47	29
724	538	52	29
726	539	48	28
725	538	45	26
725	539	45	29
724	538	47	27
725	538	46	31
729	540	40	23
729	540	39	27
727	540	43	26
727	541	49	24
729	540	56	27
722	538	51	31
722	538	47	28
723	540	46	27
723	542	50	23
722	541	55	26
721	541	53	26
724	541	49	23
723	541	49	23
724	539	46	26
721	541	50	26
725	542	43	32
720	541	50	31
717	542	62	28
717	540	60	27
718	542	56	28
723	538	51	34
728	539	43	31
727	537	50	35
724	538	49	33
720	538	52	33
721	538	49	27
724	540	44	25
723	539	52	25
721	540	52	25
723	539	47	26
726	539	43	24
725	538	46	27
724	541	52	21
721	540	55	23
723	543	50	20
719	545	54	25
722	543	53	25
724	540	48	28
729	541	41	25
732	543	43	22
733	545	40	19
725	543	45	22
727	542	46	25
723	542	51	21
722	539	49	22
724	540	44	22
722	542	47	22
716	542	54	24
722	542	53	29
718	542	52	25
718	542	53	25
717	540	52	33
715	540	54	27
716	540	58	27
715	540	53	25
716	539	52	28
709	541	51	26
714	541	53	26
711	542	51	24
711	543	55	25
702	542	63	27
703	542	66	31
705	541	65	29
691	542	72	26
691	543	67	25
693	543	62	23
696	541	53	22
696	541	59	23
698	542	56	22
