686	496	112	250
690	498	105	248
690	498	106	256
690	499	110	252
688	497	110	241
689	496	100	252
688	495	104	235
691	496	97	243
687	492	102	253
687	490	102	260
689	486	105	264
686	483	104	271
689	479	100	279
681	480	107	274
682	475	112	284
688	479	94	257
690	475	97	272
683	473	98	263
690	477	95	246
688	473	93	259
692	470	91	267
687	471	92	256
688	477	94	252
687	474	90	259
692	470	90	271
689	468	89	280
686	467	94	282
686	466	90	281
688	468	90	272
686	466	93	263
689	463	90	262
683	466	90	247
687	463	94	250
684	461	91	251
687	458	92	256
682	460	92	249
685	462	93	246
685	461	91	243
687	465	93	249
690	459	85	257
693	458	82	252
689	461	86	249
694	461	85	244
691	461	84	246
692	458	85	249
693	458	84	242
693	458	82	236
692	461	85	240
690	457	86	241
693	459	82	231
695	459	81	228
692	461	83	226
693	460	81	226
696	460	81	224
693	459	80	231
694	460	81	236
693	462	80	232
696	462	80	229
694	461	77	234
697	464	77	235
698	460	72	229
696	464	77	216
693	462	80	231
694	461	77	225
692	464	80	230
696	463	74	223
694	465	74	220
692	465	76	220
691	470	81	221
693	466	76	220
692	468	76	223
694	468	80	218
693	471	76	212
691	472	81	204
696	473	75	209
695	469	81	211
697	468	72	214
696	465	74	211
695	465	77	209
699	467	72	202
699	464	72	204
698	463	72	203
697	464	72	202
697	461	73	211
697	461	76	198
697	463	74	189
701	465	70	180
698	462	69	186
697	459	72	198
696	460	74	205
697	456	73	207
696	455	73	194
694	457	71	192
696	452	70	206
696	452	70	199
694	452	70	201
695	455	72	195
691	456	76	192
693	457	72	191
692	456	73	190
691	457	74	193
691	452	76	205
690	453	71	200
690	453	75	193
690	456	74	187
691	454	71	187
693	453	71	191
693	459	70	183
694	455	69	182
697	455	65	179
696	454	65	173
696	454	66	177
697	458	65	166
695	454	69	174
696	455	65	175
697	456	63	171
695	457	69	171
696	463	67	166
696	455	66	170
696	461	66	169
694	456	68	170
696	457	67	172
695	455	67	175
696	453	65	173
692	455	67	173
696	452	64	179
696	450	61	181
696	449	62	183
694	447	65	185
697	449	62	174
695	451	65	173
697	449	61	170
700	444	61	179
699	446	60	174
696	446	60	171
696	445	65	172
698	441	61	178
695	444	63	176
698	444	64	170
698	446	62	170
701	443	60	169
703	440	58	174
703	438	54	171
704	438	55	170
707	439	55	166
704	439	57	166
708	436	57	169
705	435	57	169
706	435	58	166
708	436	57	161
709	434	56	167
706	431	59	176
709	435	57	164
707	436	62	159
709	434	57	168
709	434	58	172
711	435	57	166
711	433	58	170
713	431	56	174
714	437	56	167
713	435	57	166
711	435	57	164
713	434	55	162
712	435	57	162
716	433	54	163
714	432	54	162
714	435	57	158
715	437	55	158
715	436	57	159
715	439	58	156
718	437	54	164
719	437	57	165
719	439	57	163
719	440	58	161
721	438	56	164
723	436	52	166
724	437	56	166
724	438	57	167
725	437	56	169
724	439	58	167
727	438	56	168
727	443	57	165
729	440	55	169
729	441	57	163
729	444	57	161
728	444	60	173
733	442	55	172
735	442	55	177
731	449	58	174
735	448	56	176
736	450	59	174
734	457	61	170
736	455	59	169
738	452	58	171
740	450	57	174
739	451	56	175
742	451	54	169
738	452	59	164
741	457	57	156
741	451	56	162
743	450	58	164
744	450	59	166
744	450	58	169
748	447	54	167
746	451	57	159
750	448	57	166
748	448	55	158
751	450	56	160
755	443	54	169
756	446	56	164
755	446	55	158
759	446	54	156
762	444	53	157
761	444	57	159
764	442	53	154
764	440	55	153
764	440	57	155
766	445	57	146
769	444	54	143
769	440	54	149
771	438	56	154
768	447	62	145
771	443	60	147
770	446	60	147
772	446	59	145
770	447	61	144
772	444	58	150
773	446	57	143
774	447	56	147
776	448	57	143
777	446	58	149
779	446	54	148
778	448	56	142
780	448	54	142
778	450	56	142
779	450	57	132
780	447	54	138
781	450	54	137
779	452	57	136
784	449	52	138
783	456	54	135
785	456	53	130
788	452	52	136
786	452	55	144
790	454	51	148
789	449	54	153
794	444	51	154
797	460	48	148
795	458	50	143
795	448	52	157
799	457	53	153
800	457	50	148
802	462	51	142
801	459	52	144
800	465	51	133
800	463	57	134
803	460	53	138
803	457	53	140
804	458	53	140
808	455	52	146
808	455	53	147
806	454	54	145
806	455	56	146
806	460	57	136
806	459	57	123
811	460	53	127
810	460	51	129
811	458	54	129
812	456	52	129
812	455	50	128
811	456	53	125
813	455	51	129
814	453	50	131
819	451	47	130
818	452	46	125
820	457	44	119
820	461	47	124
821	456	46	131
822	459	46	132
822	456	47	132
824	459	47	125
826	457	48	131
827	459	46	126
826	455	48	133
829	456	45	132
831	453	50	137
830	457	49	130
835	455	46	129
837	452	48	134
842	450	45	136
845	458	46	128
848	453	46	129
848	451	50	129
850	451	51	131
851	453	52	127
851	452	52	127
855	452	47	129
854	448	51	137
855	452	52	128
855	455	52	131
858	452	53	133
860	447	50	135
862	455	50	129
863	450	55	132
864	454	55	133
867	452	55	131
872	453	50	123
876	453	44	116
880	454	41	119
881	455	45	114
883	460	39	110
884	454	43	120
885	451	42	130
887	453	41	131
889	449	43	132
889	448	41	139
892	451	45	136
890	449	50	135
891	449	54	140
892	448	53	142
897	449	51	136
898	452	47	137
901	448	46	141
898	447	56	142
909	449	45	134
907	447	56	143
910	450	51	139
911	451	53	133
917	453	48	135
921	451	44	144
924	447	45	148
922	446	52	144
921	447	57	147
923	449	67	152
921	455	66	147
925	455	60	146
926	456	59	149
932	458	51	143
931	459	59	145
936	462	55	140
937	460	51	141
940	451	49	156
943	456	47	149
945	455	45	150
948	454	42	149
950	457	42	148
950	459	57	143
949	456	54	140
951	464	49	140
957	461	50	146
955	469	49	139
955	464	53	146
958	462	55	154
960	458	55	159
960	464	55	156
960	474	59	150
961	479	58	142
962	479	55	140
961	476	55	144
960	474	58	149
962	474	59	145
966	486	61	139
968	493	58	132
978	493	48	127
975	486	54	135
978	494	53	127
981	497	54	125
983	494	53	136
988	487	54	144
991	484	69	156
993	486	49	154
994	482	62	158
992	489	61	151
997	483	66	155
996	483	64	166
1002	429	68	196
1003	444	65	202
1004	424	68	218
1008	419	71	223
1009	415	63	217
1014	420	59	212
1017	419	56	206
1019	422	59	199
1022	429	63	194
1019	418	57	206
1022	419	63	195
1021	416	65	197
1023	413	57	214
1029	406	50	223
1030	406	53	212
1029	412	60	203
1029	415	67	207
1016	413	85	207
1027	428	77	201
1035	410	70	213
1033	415	68	213
1035	409	76	222
1033	407	86	223
1038	414	80	215
1039	407	75	227
1042	405	68	233
1041	410	80	223
1045	410	84	218
1040	416	82	219
1044	409	81	219
1040	416	94	215
1040	412	96	218
1065	427	78	208
1080	444	70	193
1089	469	59	177
1059	442	65	189
1087	477	76	164
1090	483	70	154
1097	486	62	152
1097	492	59	147
1097	490	60	144
1101	494	57	141
1108	492	53	141
1108	486	55	148
1107	494	54	142
1111	488	55	149
1117	489	51	150
1120	494	42	139
1127	494	52	128
1124	489	54	136
1132	496	48	133
1132	495	50	142
1131	493	52	144
1126	492	61	155
1134	492	58	152
1129	500	64	143
1139	500	61	144
1143	508	53	142
1142	511	61	140
1144	507	59	147
1145	505	61	148
1149	509	65	144
1143	506	76	152
1149	499	72	154
1157	496	63	155
1168	500	51	161
1166	493	52	166
1175	495	51	160
1175	495	55	161
1178	496	55	165
1186	497	55	165
1180	494	65	170
1177	496	59	172
1172	494	65	174
1184	509	60	156
1187	512	52	163
1194	511	49	167
1190	516	54	159
1198	509	47	169
1207	522	60	155
1200	529	47	154
1209	512	65	161
1208	518	62	151
1212	510	62	160
1208	517	66	152
1218	520	52	153
1225	515	49	158
1229	515	55	162
1230	532	53	147
1230	530	56	151
1236	528	56	148
1239	536	55	151
1243	532	58	157
1243	538	63	155
1248	529	61	165
1245	526	64	174
1250	532	63	173
1247	540	67	164
1259	542	59	166
1250	549	76	157
1255	548	76	161
1259	550	80	162
1265	550	84	164
1268	547	76	161
1273	531	58	169
1272	526	53	174
1275	552	51	160
1275	548	55	151
1276	554	61	162
1276	554	61	162
1298	539	65	170
1283	527	75	186
1281	547	101	185
1286	541	82	194
1287	546	74	187
1286	560	66	184
1290	557	62	181
1306	554	69	179
1309	542	75	194
1306	536	73	201
1303	536	71	184
1307	534	67	188
1315	538	68	173
1313	544	62	172
1324	550	60	167
1328	551	61	167
1329	545	58	173
1333	549	59	174
1331	550	55	177
1329	550	63	176
1331	547	66	185
1332	551	68	178
1336	551	72	183
1339	548	73	187
1333	558	72	173
1337	551	67	178
1343	547	71	175
1339	539	79	189
1339	543	84	180
1349	545	73	172
1344	546	73	169
1358	542	65	184
1360	543	66	182
1357	539	59	197
1359	538	58	178
1355	540	63	173
1357	536	53	191
1352	540	60	184
1346	537	69	184
1345	537	65	190
1335	540	73	181
1339	550	73	170
1334	548	76	167
1336	544	71	171
1333	541	69	170
1333	556	71	169
1337	537	67	183
1339	530	68	186
1335	532	66	170
1342	530	67	178
1338	535	70	185
1348	534	62	178
1346	533	69	172
1348	539	61	173
1345	532	64	168
1354	539	58	165
1349	539	64	167
1352	529	63	175
1356	534	63	168
1355	540	77	161
1359	541	69	164
1368	539	65	163
1364	540	68	157
1367	534	65	165
1356	537	73	159
1366	538	70	161
1383	546	48	153
1389	543	49	157
1386	549	60	148
1393	555	67	142
1393	562	68	137
1391	547	71	149
1393	551	69	144
1395	536	56	155
1391	539	54	166
1388	542	62	156
1395	538	48	156
1392	535	57	162
1390	533	53	164
1393	536	56	164
1391	529	65	173
1395	529	54	168
1395	530	64	158
1400	523	50	167
1407	524	53	161
1408	526	48	158
1409	542	47	153
1415	526	44	165
1413	520	51	177
1412	522	53	172
1417	525	49	166
1421	540	50	163
1414	541	57	150
1415	522	63	172
1415	524	65	169
1414	524	67	171
1417	530	68	169
1423	536	66	152
1426	541	64	142
1436	543	68	148
1416	540	86	147
1426	544	76	133
1428	538	74	127
1449	538	60	122
1458	550	55	111
1450	541	54	128
1448	547	46	136
1449	550	42	143
1453	542	37	139
1457	553	42	143
1469	553	62	151
1456	548	60	162
1460	543	47	152
1453	547	43	160
1469	545	42	153
1464	541	41	158
1479	563	58	162
1446	539	65	179
1477	550	50	186
1487	553	47	190
1483	526	56	206
1487	536	52	196
1483	547	65	198
1484	530	70	189
1493	556	61	172
1498	568	62	148
1498	568	62	148
1498	568	62	148
1504	560	46	144
1501	559	53	138
1501	559	53	138
1501	557	46	129
1601	666	51	122
1601	666	51	122
1512	573	49	131
1510	561	56	123
1540	584	68	112
1540	584	68	112
1524	562	55	126
1513	559	66	129
1512	566	83	129
1516	553	69	131
1516	553	69	131
1520	543	50	142
1520	543	50	142
1518	550	66	138
1518	550	66	138
1520	536	78	131
1641	357	65	109
1646	358	69	100
1647	355	73	102
1651	355	71	103
1653	352	70	105
1656	354	67	97
1655	348	68	101
1657	349	70	99
1656	347	70	102
1658	348	69	99
1661	348	74	99
1661	344	79	103
1658	343	81	98
1658	336	84	104
1660	339	82	103
1662	337	82	100
1664	336	80	105
1666	334	79	105
1670	330	79	107
1672	312	83	123
1674	322	80	115
1673	327	82	109
1675	331	77	103
1677	332	81	103
1677	330	80	104
1678	330	81	105
1680	327	79	107
1682	332	85	104
1679	326	87	109
1685	327	83	111
1687	334	83	106
1685	327	90	108
1691	328	93	105
1692	324	78	115
1698	322	80	117
1699	326	89	109
1702	328	87	107
1708	329	83	103
1708	335	83	99
1708	331	83	103
1708	329	85	105
1712	332	88	103
1711	336	90	100
1713	336	90	96
1716	327	90	112
1716	339	75	96
1720	335	57	100
1731	337	75	101
1727	334	75	101
1729	333	82	101
1735	336	76	107
1738	338	80	106
1742	343	56	99
1747	331	52	105
1753	340	36	98
1757	342	50	95
1756	340	43	106
1759	343	42	104
1760	337	45	103
1764	345	46	102
1766	350	47	100
1772	342	46	111
1772	347	52	108
1772	346	51	109
1778	341	51	120
1787	332	64	127
1787	336	43	118
1788	341	40	118
1789	344	39	108
1835	344	48	117
1782	348	55	112
1780	347	46	107
1775	339	44	110
1771	342	44	107
1763	347	51	111
1753	331	55	124
1728	365	44	119
1750	337	48	117
1751	348	44	102
1752	359	36	93
1742	363	38	95
1788	362	48	101
1708	374	59	94
1706	363	57	101
1709	361	46	101
1702	362	49	111
1695	363	48	109
1692	358	43	118
1684	356	40	117
1673	355	42	123
1666	365	41	111
1656	349	38	112
1649	354	40	110
1639	363	44	110
1630	358	39	105
1683	345	43	113
1671	345	45	109
1605	350	34	112
1593	353	38	109
1582	346	40	110
1575	352	37	102
1566	348	38	100
1554	350	37	93
1548	351	35	97
1534	343	39	97
1529	348	39	100
1523	352	42	95
1518	348	39	91
1512	349	43	90
1510	349	42	94
1509	350	44	90
1507	350	46	92
1504	356	50	98
1508	354	45	97
1510	355	43	99
1515	352	37	96
1516	353	39	94
1517	354	39	93
1519	356	38	96
1520	356	39	97
1523	353	37	104
1523	352	38	110
1524	353	38	110
1524	350	37	112
1523	349	39	119
1525	350	38	119
1526	350	39	114
1525	355	41	112
1525	359	42	108
1528	358	42	113
1529	358	40	105
1531	360	42	106
1533	356	41	112
1532	360	43	108
1535	356	43	110
1538	355	41	110
1541	352	41	121
1542	353	43	118
1542	358	44	114
1543	357	45	116
1542	354	48	125
1542	360	49	122
1542	360	50	118
1541	359	52	117
1544	361	50	113
1544	360	52	120
1545	364	53	111
1545	364	53	107
1547	363	53	112
1547	364	53	115
1547	365	52	113
1547	361	49	121
1548	364	48	110
1548	361	47	121
1545	357	47	126
1543	360	47	123
1542	359	46	120
1540	361	46	127
1541	359	44	125
1539	364	47	120
1540	362	46	127
1538	360	50	136
1537	362	50	137
1539	360	49	132
1539	365	49	127
1540	366	48	126
1542	362	48	115
1544	366	46	112
1546	365	44	116
1545	362	46	120
1544	364	50	118
1543	364	52	117
1549	362	50	125
1549	366	48	113
1549	363	49	120
1547	366	50	121
1548	365	53	119
1548	363	55	120
1547	368	55	122
1554	367	52	118
1555	365	50	118
1556	366	52	116
1559	366	48	123
1562	365	46	118
1564	363	47	122
1565	367	48	116
1567	367	47	121
1569	368	50	129
1570	367	50	133
1571	373	56	130
1575	372	49	130
1577	374	50	120
1578	376	55	123
1579	379	53	126
1581	375	51	128
1583	377	51	125
1588	379	46	111
1587	378	51	111
1590	377	51	117
1592	378	49	110
1595	377	51	107
1594	377	53	117
1597	378	53	112
1599	380	53	107
1599	384	51	108
1599	381	55	119
1601	380	54	133
1599	378	57	141
1599	379	59	145
1600	380	62	140
1600	380	63	134
1605	381	59	136
1605	385	60	135
1605	382	61	139
1605	382	62	141
1607	382	62	147
1615	378	56	142
1618	381	53	126
1619	382	54	129
1618	383	58	124
1621	383	53	133
1619	385	56	149
1619	384	53	160
1614	384	57	162
1611	382	60	147
1611	385	57	154
1607	382	57	137
1595	390	63	137
1592	387	68	138
1582	384	65	141
1578	386	62	134
1573	392	58	126
1561	391	58	124
1553	387	61	122
1547	386	59	113
1538	386	55	111
1529	387	53	109
1514	392	60	119
1507	394	58	107
1501	391	57	106
1493	388	56	110
1483	390	56	108
1474	391	57	107
1465	389	55	110
1454	397	54	97
1441	405	57	108
1549	382	56	113
1543	379	52	128
1531	372	54	141
1406	386	69	143
1405	387	73	141
1391	387	80	132
1382	389	67	127
1367	385	72	126
1372	384	54	115
1367	386	68	124
1356	383	67	114
1360	386	59	106
1362	389	61	120
1351	387	68	110
1360	389	60	109
1364	391	53	113
1367	389	50	114
1367	389	54	114
1368	389	55	109
1366	387	60	109
1371	391	59	102
1375	390	56	106
1378	388	58	107
1372	389	66	113
1377	388	66	119
1388	386	54	133
1392	386	54	135
1394	382	57	128
1396	384	56	129
1400	387	56	124
1402	384	57	122
1406	383	57	133
1409	383	55	138
1412	382	57	141
1416	382	54	148
1414	382	60	154
1419	378	57	163
1419	381	60	169
1421	382	62	161
1424	386	57	150
1430	393	59	149
1430	386	63	147
1435	387	58	137
1437	390	61	142
1442	387	57	149
1444	392	60	145
1443	395	65	147
1448	395	65	150
1451	390	62	139
1451	398	70	144
1457	397	64	155
1458	398	67	162
1464	399	65	164
1467	399	66	142
1472	399	67	148
1473	402	70	155
1480	405	69	148
1481	406	71	146
1486	408	75	158
1491	408	73	154
1496	408	80	169
1500	410	79	169
1501	415	84	160
1503	414	91	154
1509	412	101	146
1509	420	111	160
1519	425	106	143
1527	420	91	141
1531	431	90	163
1534	422	108	193
1541	419	97	183
1542	418	96	180
1548	443	108	188
1552	441	117	181
1563	435	92	186
1563	420	98	204
1567	429	93	193
1573	425	101	208
1571	427	120	239
1580	406	133	242
1595	401	136	257
1599	396	98	275
1603	403	97	247
1603	405	106	225
1599	420	117	205
1605	419	114	186
1604	445	115	195
1606	435	109	225
1610	452	107	203
1620	454	126	188
1621	492	130	162
1624	479	135	172
1627	502	135	153
1642	495	125	173
1642	495	125	173
1642	495	125	173
1658	492	114	186
1659	531	128	156
1582	401	107	149
1582	401	107	149
1582	401	107	149
1582	401	107	149
1582	401	107	149
1582	401	107	149
1700	561	119	143
1715	565	112	152
1716	562	102	126
1733	585	83	140
1732	590	80	140
1732	590	80	140
1732	590	80	140
1732	590	80	140
1732	590	80	140
1732	590	80	140
1732	590	80	140
1732	590	80	140
1732	590	80	140
1732	590	80	140
1732	590	80	140
1732	590	80	140
1732	590	80	140
1732	590	80	140
1732	590	80	140
1732	590	80	140
1732	590	80	140
1732	590	80	140
1732	590	80	140
1732	590	80	140
1732	590	80	140
1732	590	80	140
1732	590	80	140
1732	590	80	140
1732	590	80	140
1732	590	80	140
1732	590	80	140
1732	590	80	140
1732	590	80	140
1732	590	80	140
1732	590	80	140
1732	590	80	140
1732	590	80	140
1732	590	80	140
1732	590	80	140
1732	590	80	140
1732	590	80	140
1732	590	80	140
1732	590	80	140
1732	590	80	140
1732	590	80	140
1732	590	80	140
1732	590	80	140
1732	590	80	140
1732	590	80	140
1732	590	80	140
1732	590	80	140
1732	590	80	140
1732	590	80	140
1732	590	80	140
1732	590	80	140
1732	590	80	140
1732	590	80	140
1732	590	80	140
1732	590	80	140
1732	590	80	140
1732	590	80	140
1732	590	80	140
1732	590	80	140
1732	590	80	140
1732	590	80	140
1732	590	80	140
1732	590	80	140
1732	590	80	140
1732	590	80	140
1732	590	80	140
1732	590	80	140
1732	590	80	140
1732	590	80	140
1732	590	80	140
1732	590	80	140
1732	590	80	140
1732	590	80	140
1732	590	80	140
1590	518	55	134
1590	518	55	134
1594	516	44	117
1594	516	44	117
1594	516	44	117
1594	516	44	117
1594	516	44	117
1594	516	44	117
1594	516	44	117
1594	516	44	117
1594	516	44	117
1594	516	44	117
1594	516	44	117
1594	516	44	117
1594	516	44	117
1594	516	44	117
1594	516	44	117
1594	516	44	117
1594	516	44	117
1594	516	44	117
1594	516	44	117
1594	516	44	117
1594	516	44	117
1594	516	44	117
1594	516	44	117
1594	516	44	117
1594	516	44	117
1594	516	44	117
1594	516	44	117
1594	516	44	117
1594	516	44	117
1594	516	44	117
1594	516	44	117
1594	516	44	117
1594	516	44	117
1594	516	44	117
1594	516	44	117
1594	516	44	117
1594	516	44	117
1594	516	44	117
1594	516	44	117
1594	516	44	117
1594	516	44	117
1594	516	44	117
1594	516	44	117
1594	516	44	117
1594	516	44	117
1594	516	44	117
1594	516	44	117
1594	516	44	117
1594	516	44	117
1594	516	44	117
1594	516	44	117
1594	516	44	117
1594	516	44	117
1594	516	44	117
1594	516	44	117
1594	516	44	117
1594	516	44	117
1594	516	44	117
1594	516	44	117
1594	516	44	117
1594	516	44	117
1594	516	44	117
1594	516	44	117
1594	516	44	117
1594	516	44	117
1594	516	44	117
1594	516	44	117
1594	516	44	117
1594	516	44	117
1594	516	44	117
1594	516	44	117
1594	516	44	117
1594	516	44	117
1594	516	44	117
1594	516	44	117
1594	516	44	117
1594	516	44	117
1594	516	44	117
1594	516	44	117
1594	516	44	117
1594	516	44	117
1594	516	44	117
1594	516	44	117
1594	516	44	117
1594	516	44	117
1594	516	44	117
1594	516	44	117
1594	516	44	117
1594	516	44	117
1594	516	44	117
1594	516	44	117
1594	516	44	117
1594	516	44	117
1594	516	44	117
1594	516	44	117
1594	516	44	117
1594	516	44	117
1594	516	44	117
1594	516	44	117
1594	516	44	117
1594	516	44	117
1594	516	44	117
1594	516	44	117
1594	516	44	117
1594	516	44	117
1594	516	44	117
1594	516	44	117
1594	516	44	117
1594	516	44	117
1594	516	44	117
1594	516	44	117
1594	516	44	117
1594	516	44	117
1594	516	44	117
1594	516	44	117
1594	516	44	117
1594	516	44	117
1594	516	44	117
1594	516	44	117
1594	516	44	117
1594	516	44	117
1594	516	44	117
1594	516	44	117
1594	516	44	117
1594	516	44	117
1594	516	44	117
1594	516	44	117
1594	516	44	117
1594	516	44	117
1594	516	44	117
1594	516	44	117
1594	516	44	117
1594	516	44	117
1594	516	44	117
1594	516	44	117
1594	516	44	117
1594	516	44	117
1594	516	44	117
1594	516	44	117
1594	516	44	117
1594	516	44	117
1594	516	44	117
1594	516	44	117
1594	516	44	117
1594	516	44	117
1594	516	44	117
1594	516	44	117
1594	516	44	117
1594	516	44	117
1594	516	44	117
1594	516	44	117
1594	516	44	117
1594	516	44	117
1594	516	44	117
1594	516	44	117
1594	516	44	117
1594	516	44	117
1594	516	44	117
1594	516	44	117
1594	516	44	117
1594	516	44	117
1594	516	44	117
1594	516	44	117
1594	516	44	117
1594	516	44	117
1594	516	44	117
1594	516	44	117
1594	516	44	117
1594	516	44	117
1594	516	44	117
1594	516	44	117
1594	516	44	117
1594	516	44	117
1594	516	44	117
1594	516	44	117
1594	516	44	117
1594	516	44	117
1594	516	44	117
1594	516	44	117
1594	516	44	117
1594	516	44	117
1594	516	44	117
1594	516	44	117
1594	516	44	117
1594	516	44	117
1594	516	44	117
1594	516	44	117
1594	516	44	117
1594	516	44	117
1594	516	44	117
1594	516	44	117
1594	516	44	117
1594	516	44	117
1594	516	44	117
1594	516	44	117
1594	516	44	117
1594	516	44	117
1594	516	44	117
1594	516	44	117
1594	516	44	117
1594	516	44	117
1594	516	44	117
1594	516	44	117
1594	516	44	117
1594	516	44	117
1594	516	44	117
1594	516	44	117
1594	516	44	117
1594	516	44	117
1594	516	44	117
1594	516	44	117
1594	516	44	117
1594	516	44	117
1594	516	44	117
1594	516	44	117
1594	516	44	117
1594	516	44	117
1594	516	44	117
1594	516	44	117
1594	516	44	117
1594	516	44	117
1594	516	44	117
1594	516	44	117
1594	516	44	117
1594	516	44	117
1594	516	44	117
1594	516	44	117
1594	516	44	117
