849	704	128	371
846	701	135	372
844	694	130	377
838	691	137	368
839	683	138	381
840	682	131	384
841	680	130	383
843	679	127	382
838	677	134	388
836	681	136	389
842	668	130	399
840	675	134	395
843	678	129	399
842	679	127	392
837	679	132	390
841	679	129	389
841	682	131	391
837	681	132	383
841	682	128	384
840	675	126	381
844	679	121	357
842	677	122	370
841	678	124	382
839	675	124	364
831	679	140	377
839	680	128	377
836	676	129	374
835	679	131	394
837	677	128	393
834	689	126	384
834	694	128	381
832	691	123	386
832	698	126	380
828	697	130	378
824	692	131	380
819	701	135	379
819	691	133	377
814	700	138	387
816	694	133	377
814	701	136	380
813	697	134	381
806	705	138	384
802	702	143	371
808	708	137	372
801	710	142	370
801	711	138	372
801	707	138	379
807	718	132	364
802	713	138	367
799	713	139	369
801	716	135	365
803	715	129	367
797	710	136	375
802	706	134	378
798	705	133	375
800	699	132	378
796	696	139	377
796	693	139	385
794	691	143	389
790	690	146	389
786	693	145	389
792	686	137	386
790	688	141	387
789	677	140	398
787	679	145	397
790	665	140	404
785	670	136	410
790	661	135	410
787	654	132	410
785	649	135	425
790	648	133	413
786	641	132	413
786	638	138	431
784	634	130	435
789	635	130	425
788	635	132	420
790	629	134	414
789	628	129	406
791	632	136	407
796	632	123	404
791	633	128	399
799	628	123	382
801	630	115	373
806	630	117	351
804	624	115	358
804	622	116	357
802	620	119	357
809	612	110	348
803	614	118	336
806	609	116	322
808	613	114	315
808	607	114	316
807	609	111	340
807	607	115	349
808	605	121	342
809	600	114	348
811	601	112	349
807	601	118	346
804	598	118	352
807	592	116	350
811	590	105	345
808	588	108	334
808	582	110	340
813	580	103	316
804	576	111	325
808	577	105	325
810	573	104	323
811	580	105	323
812	580	100	319
812	584	105	322
813	589	105	319
811	589	108	324
813	591	108	325
818	590	99	314
817	589	100	317
819	588	100	302
820	586	96	310
819	585	99	303
825	577	91	309
825	579	92	299
822	580	97	287
827	570	95	288
828	568	94	283
827	571	97	279
830	566	93	291
829	561	96	301
833	552	93	308
830	549	95	313
834	552	95	306
833	549	97	307
840	541	88	316
838	545	90	305
838	541	90	309
841	539	86	298
837	543	90	288
837	532	89	286
838	531	92	279
840	528	90	280
841	525	92	282
840	529	93	277
839	528	97	270
843	529	90	283
847	527	86	278
846	524	87	277
849	528	86	272
848	529	93	271
848	528	95	277
852	521	87	270
857	523	79	277
858	527	84	266
861	526	77	266
858	523	87	265
860	525	84	266
863	524	82	257
860	521	87	264
864	522	80	259
865	519	86	264
863	522	87	263
866	524	85	249
866	523	84	258
869	531	86	260
870	528	83	267
868	531	85	267
870	541	83	264
867	537	88	261
868	532	86	270
869	536	84	259
866	534	88	262
870	532	85	258
870	528	80	254
870	530	84	246
867	528	88	246
869	523	84	247
868	526	85	254
870	517	81	262
871	517	82	253
869	521	85	254
871	511	85	256
870	513	85	253
873	517	83	251
875	517	80	242
873	517	82	242
875	513	85	247
882	505	74	254
878	510	82	245
878	511	83	243
880	507	85	240
879	501	86	239
881	499	82	239
878	503	87	236
883	504	81	230
882	509	85	228
881	505	87	236
883	507	86	236
885	505	86	243
890	508	75	248
889	509	82	241
887	509	82	248
889	510	80	249
885	512	84	246
884	507	85	251
891	515	78	250
890	513	81	248
890	511	80	239
894	514	77	245
896	516	73	240
896	519	78	238
895	532	76	241
895	528	78	245
895	530	82	245
895	532	83	259
895	535	83	249
894	534	84	253
897	536	86	253
900	535	80	256
899	536	84	253
899	538	83	246
898	538	86	246
901	536	83	247
900	529	86	252
899	529	88	254
897	530	89	242
908	515	78	247
906	519	79	239
906	516	82	238
906	511	81	241
904	510	84	247
908	500	80	257
911	505	76	243
910	505	77	245
909	500	79	246
912	491	76	257
911	500	75	247
912	498	76	246
909	496	77	245
907	497	78	241
907	496	84	235
908	497	78	229
907	493	81	228
907	493	82	230
908	493	79	227
906	492	84	226
908	495	83	222
910	488	78	229
909	488	80	229
911	498	79	226
912	501	76	220
912	497	77	221
916	491	74	223
914	488	75	230
913	490	77	226
913	490	78	218
914	485	79	216
915	486	76	215
912	481	79	216
917	479	73	209
915	476	75	206
916	473	77	213
919	475	73	208
920	468	72	216
918	479	73	206
920	466	67	219
919	461	72	224
916	462	75	221
915	464	75	219
917	465	70	218
917	461	73	213
919	463	70	210
915	463	74	210
915	462	75	203
915	460	71	203
916	462	69	198
916	462	69	194
915	465	70	193
917	458	68	203
913	456	72	205
914	461	68	200
915	465	71	200
914	460	66	208
911	464	70	204
914	458	69	207
919	460	63	199
915	468	66	197
916	470	63	196
919	467	64	215
918	474	62	206
914	473	72	203
917	471	65	207
919	473	67	204
918	470	65	202
918	465	64	210
920	472	65	203
918	472	64	203
918	470	67	203
919	474	62	198
918	480	63	196
917	477	65	194
918	474	63	199
917	478	62	192
919	473	60	187
919	471	59	191
917	483	59	168
918	476	57	176
915	474	59	178
915	466	58	187
913	466	60	184
911	465	61	183
911	463	60	187
911	460	62	189
911	463	62	189
913	467	63	187
911	463	62	193
911	462	62	194
914	460	56	198
911	465	60	198
913	466	58	198
912	460	56	202
910	469	56	193
911	471	58	189
910	465	56	194
909	466	59	191
911	474	55	182
911	474	58	178
910	474	57	182
909	468	59	192
910	474	55	186
911	479	54	183
912	480	55	184
907	492	62	177
907	489	54	174
906	489	59	185
905	486	58	194
899	494	66	183
905	495	57	177
900	499	63	175
900	499	56	170
898	493	59	180
893	488	59	189
893	493	61	182
890	490	66	190
889	497	64	186
884	499	63	185
890	499	58	189
886	502	56	190
883	495	57	196
882	501	54	201
882	499	52	209
881	506	54	207
879	506	58	206
875	509	60	210
870	507	66	210
867	515	65	204
861	514	72	205
856	512	77	209
854	508	82	211
855	516	75	213
850	514	78	211
850	515	76	214
848	521	80	216
838	526	87	218
834	530	86	216
836	540	85	213
831	541	89	218
828	551	85	206
827	545	99	226
825	558	102	229
822	555	84	219
823	567	77	237
820	566	76	228
807	564	88	226
806	565	86	244
798	564	85	249
796	558	86	250
788	569	93	251
790	574	88	254
785	568	89	261
780	575	94	260
774	578	100	270
767	577	96	267
768	582	96	272
766	593	97	269
763	583	97	277
757	589	100	276
753	590	104	272
752	588	103	273
752	591	100	268
751	588	97	256
750	587	90	249
746	587	97	255
746	580	94	258
742	573	93	262
740	568	96	264
738	571	100	267
740	570	92	261
742	570	90	265
739	559	90	273
739	556	88	274
737	552	93	270
740	546	94	275
741	546	90	268
755	541	88	274
765	543	87	269
780	528	86	268
798	536	77	250
809	525	90	257
818	517	97	249
834	517	90	242
840	512	87	252
844	507	94	248
843	515	105	244
852	506	94	248
861	505	85	249
862	498	92	255
862	495	94	257
867	496	86	261
863	495	92	260
865	494	91	262
868	500	93	247
871	494	92	243
871	493	93	245
873	498	88	239
883	488	87	234
884	488	90	232
900	481	86	228
909	490	84	218
928	487	71	212
941	485	72	217
956	471	75	230
966	472	75	232
973	472	83	235
982	466	77	244
991	469	67	242
998	473	77	230
996	474	82	226
999	469	80	236
1005	465	76	233
1008	462	69	225
1006	461	79	219
1007	459	77	228
1009	462	79	224
1011	465	85	211
1016	462	77	213
1015	464	78	218
1015	462	78	220
1014	456	81	222
1014	465	82	222
1019	459	80	226
1022	463	78	224
1026	462	75	221
1025	466	80	220
1030	466	76	223
1029	468	82	215
1032	465	84	214
1036	460	79	215
1042	461	77	206
1042	461	83	212
1043	457	81	210
1049	460	74	209
1050	463	71	214
1051	460	76	218
1059	459	73	225
1055	457	80	228
1058	463	73	226
1061	461	75	231
1063	466	78	223
1065	470	78	219
1065	465	83	221
1069	468	83	226
1068	465	84	221
1068	469	79	224
1071	469	83	223
1074	479	78	212
1074	477	79	217
1076	479	80	220
1077	478	82	224
1084	479	81	212
1084	482	81	218
1086	485	83	226
1086	491	83	225
1091	488	88	228
1090	508	91	215
1096	498	89	221
1096	493	89	231
1101	489	86	235
1106	504	86	218
1105	507	91	229
1106	507	93	221
1111	498	89	234
1116	493	93	238
1120	494	96	244
1125	494	89	241
1128	501	89	231
1132	498	90	238
1133	515	92	228
1143	530	85	213
1143	519	90	232
1146	509	88	247
1147	513	90	242
1151	516	89	235
1152	527	87	231
1154	527	90	236
1161	518	88	243
1162	531	88	240
1165	527	92	246
1163	529	93	244
1172	528	86	260
1169	531	93	252
1172	528	94	251
1175	525	96	259
1177	521	102	275
1178	526	105	284
1188	526	95	289
1186	527	101	297
1190	533	105	295
1196	529	104	299
1197	525	107	333
1198	522	106	305
1209	552	104	272
1210	546	114	283
1216	548	107	280
1221	548	98	263
1223	548	112	255
1225	551	116	256
1231	552	115	273
1234	560	118	274
1238	555	112	274
1240	560	120	288
1246	564	119	296
1248	564	120	296
1251	559	118	293
1252	566	120	307
1257	556	113	312
1259	562	114	311
1257	561	115	305
1259	557	112	311
1260	568	113	284
1262	559	113	279
1260	562	114	277
1259	553	113	289
1261	549	107	290
1257	546	112	281
1258	552	117	276
1258	542	112	280
1259	547	108	279
1262	546	108	273
1261	545	111	271
1259	541	108	280
1257	539	114	270
1260	526	110	299
1258	537	108	273
1259	523	106	289
1261	521	106	288
1259	509	106	310
1256	516	121	274
1253	534	116	251
1258	532	106	247
1262	524	98	253
1262	513	101	271
1264	506	94	272
1266	506	96	265
1261	515	102	264
1264	505	97	275
1265	504	100	273
1262	511	96	270
1265	512	97	256
1258	506	102	283
1262	510	96	267
1264	508	92	268
1257	511	100	260
1257	502	99	248
1257	500	98	254
1257	495	101	258
1257	499	101	241
1260	500	89	237
1257	497	96	247
1254	498	98	242
1256	490	93	263
1256	486	96	259
1255	490	90	247
1260	495	86	244
1258	497	89	243
1259	499	89	233
1260	493	88	236
1261	493	84	235
1261	491	85	230
1261	492	89	235
1263	485	92	242
1260	485	94	234
1262	492	95	224
1265	491	87	222
1266	486	86	229
1264	485	88	217
1268	478	86	235
1271	479	85	234
1269	479	76	230
1271	483	81	232
1270	481	83	238
1271	481	75	240
1269	483	78	232
1270	481	83	229
1270	480	84	239
1268	479	85	221
1272	478	84	230
1271	473	81	232
1271	471	77	230
1273	471	73	215
1270	474	81	217
1272	473	77	214
1270	465	80	223
1269	468	81	210
1270	466	83	217
1270	476	80	205
1274	468	72	216
1272	470	80	207
1274	469	78	223
1273	465	80	222
1275	464	80	207
1276	469	75	210
1275	464	79	216
1277	461	82	219
1274	461	86	223
1277	455	80	213
1284	459	73	200
1282	458	77	202
1285	459	73	189
1285	458	70	192
1286	459	73	201
1289	456	69	202
1290	456	66	195
1291	456	67	208
1291	456	70	210
1294	456	66	215
1291	458	69	207
1291	457	70	198
1294	455	66	181
1293	458	70	191
1292	454	69	193
1294	449	67	192
1295	452	67	189
1296	449	67	192
1295	459	64	177
1296	457	68	182
1296	452	70	189
1296	451	70	194
1300	450	65	191
1302	449	66	186
1303	448	66	181
1300	454	71	181
1302	459	69	173
1309	453	64	174
1307	451	64	177
1309	455	62	174
1314	455	58	178
1312	456	63	167
1316	452	61	173
1316	454	61	171
1315	450	60	176
1317	452	61	171
1318	448	63	183
1320	451	64	169
1320	444	63	175
1320	444	61	183
1325	442	58	184
1325	444	54	184
1326	448	56	177
1325	441	58	184
1325	443	56	179
1327	440	57	186
1326	446	57	180
1326	442	62	174
1328	447	59	162
1327	448	60	166
1328	443	60	172
1326	430	62	181
1326	437	65	169
1330	452	59	156
1331	456	55	150
1334	445	55	157
1333	446	60	159
1333	446	60	165
1337	448	58	158
1337	450	60	156
1339	448	57	153
1340	443	57	159
1338	444	63	154
1340	450	64	147
1340	445	61	149
1342	442	62	158
1349	437	55	167
1349	442	58	153
1351	433	53	171
1354	433	53	170
1353	427	55	178
1352	429	60	180
1352	432	56	179
1356	432	54	173
1355	437	52	163
1361	429	50	168
1361	431	50	170
1360	434	54	155
1359	432	54	151
1363	432	52	148
1364	432	55	149
1362	429	58	155
1363	422	56	154
1365	423	55	154
1365	422	54	155
1363	423	61	158
1366	422	55	157
1364	423	60	158
1369	423	53	153
1370	429	55	150
1366	431	60	145
1369	432	58	142
1370	424	58	148
1371	423	55	148
1371	429	56	141
1371	426	58	147
1374	428	57	147
1373	428	58	144
1378	425	54	141
1375	419	57	154
1377	417	56	151
1378	411	56	155
1381	413	54	154
1383	410	53	152
1383	417	51	152
1383	415	53	155
1382	415	54	149
1384	413	49	155
1385	413	51	145
1380	409	54	143
1382	414	52	139
1380	409	55	141
1380	410	54	144
1383	413	50	139
1379	409	53	141
1381	412	50	146
1381	408	51	146
1380	403	51	152
1380	401	49	154
1377	405	57	145
1383	407	48	154
1379	404	55	151
1379	406	52	147
1380	406	50	141
1378	409	53	135
1379	403	52	143
1380	409	49	140
1382	412	47	130
1382	406	48	132
1380	405	52	138
1381	397	52	143
1381	395	52	145
1382	403	51	138
1382	407	50	140
1381	408	52	133
1378	402	56	141
1378	403	51	134
1382	398	49	140
1379	401	51	146
1377	403	55	138
1377	401	52	134
1377	405	50	137
1377	401	49	136
1377	396	46	144
1376	400	48	134
1374	402	50	136
1371	398	52	143
1373	402	47	142
1369	397	52	145
1374	408	44	132
1372	408	46	127
1369	408	49	129
1371	409	45	135
1374	402	45	147
1372	410	44	147
1368	405	49	148
1370	407	46	141
1365	412	53	136
1369	415	48	129
1365	418	54	131
1363	410	52	137
1368	419	46	128
1368	414	45	126
1367	409	43	142
1365	397	47	145
1362	418	49	129
1360	406	50	143
1364	408	47	143
1363	400	47	150
1364	402	47	146
1365	414	44	138
1366	412	40	137
1361	417	50	133
1362	423	44	129
1363	420	45	131
1362	416	44	133
1363	421	38	129
1363	400	43	148
1360	404	47	149
1361	413	46	141
1359	421	44	126
1353	417	50	133
1357	422	49	125
1358	420	46	125
1361	414	39	132
1359	430	42	122
1358	425	43	123
1357	420	43	128
1356	420	42	130
1355	421	45	131
1357	423	44	122
1352	429	50	120
1356	434	47	113
1357	434	48	114
1357	419	50	118
1356	425	44	119
1357	421	48	122
1360	416	45	128
1357	418	49	123
1357	416	49	118
1358	418	45	125
1355	424	49	126
1356	426	48	122
1355	422	48	125
1356	430	45	120
1355	426	48	128
1353	429	48	120
1354	432	43	121
1352	440	51	114
1353	438	49	107
1351	441	53	101
1349	434	55	110
1352	432	50	115
1350	433	53	115
1349	435	53	118
1351	433	51	112
1351	432	45	113
1352	434	44	114
1355	431	43	115
1354	428	47	111
1355	427	43	117
1353	423	46	119
1353	426	43	121
1349	423	51	124
1351	423	46	120
1355	428	43	116
1349	434	51	117
1346	441	55	108
1345	430	52	115
1344	429	54	116
1345	427	52	122
1345	429	51	118
1346	426	50	124
1351	422	46	127
1346	427	48	127
1349	425	47	126
1349	429	46	121
1346	431	49	122
1345	427	49	121
1344	428	49	124
1345	425	47	126
1348	423	43	134
1343	426	51	130
1345	424	52	135
1340	430	59	127
1336	434	61	124
1337	427	60	130
1337	433	58	124
1338	423	59	137
1339	427	57	134
1339	430	55	130
1337	427	56	133
1337	428	55	129
1345	432	47	129
1343	428	48	136
1341	425	48	139
1342	423	48	136
1343	428	49	134
1339	423	51	142
1336	427	53	138
1335	423	52	142
1334	425	57	141
1328	431	63	134
1331	433	63	132
1331	433	60	133
1333	433	60	134
1329	433	63	136
1336	433	54	139
1334	433	56	140
1335	433	57	140
1338	429	52	145
1337	431	53	141
1339	424	47	142
1342	426	46	143
1339	428	51	143
1339	428	51	145
1341	432	50	145
1342	432	52	147
1335	436	55	148
1336	437	56	143
1323	443	72	139
1325	438	69	142
1324	441	72	143
1331	441	63	146
1330	443	65	145
1339	438	56	153
1333	441	61	146
1336	440	60	145
1332	443	62	148
1339	441	51	150
1332	441	63	152
1332	444	60	149
1333	442	58	151
1322	446	69	153
1323	447	66	151
1320	449	64	152
1315	449	71	154
1309	451	71	154
1304	451	75	155
1303	455	69	152
1298	460	73	143
1295	452	69	160
1290	455	64	164
1289	453	58	161
1280	462	61	158
1275	459	61	159
1271	453	60	161
1269	457	58	163
1265	461	61	154
1262	460	65	160
1259	461	65	156
1254	459	66	158
1247	461	74	157
1247	467	68	151
1240	462	81	157
1244	463	75	157
1246	461	73	156
1240	461	71	157
1240	458	71	160
1240	458	64	155
1239	450	67	159
1236	449	61	153
1233	440	68	161
1234	436	59	161
1239	431	57	151
1232	424	54	158
1229	420	59	160
1227	413	68	160
1221	409	59	161
1222	410	62	157
1230	402	50	163
1220	399	59	150
1214	399	67	155
1205	400	69	152
1206	398	77	148
1213	390	65	158
1205	389	69	158
1207	386	63	159
1210	382	59	156
1210	382	57	151
1209	384	55	148
1209	384	58	151
1204	379	58	151
1206	376	60	161
1204	382	64	158
1203	386	55	148
1202	382	60	155
1202	384	52	157
1200	388	56	149
1201	381	57	151
1202	382	57	147
1199	384	57	148
1200	381	55	151
1201	378	57	155
1200	380	58	148
1195	377	55	149
1191	369	53	163
1189	367	56	163
1190	375	56	157
1185	380	52	151
1179	384	55	146
1169	393	63	136
1170	390	55	138
1161	378	58	154
1155	381	55	149
1150	387	54	145
1142	390	59	139
1134	392	64	138
1132	394	67	136
1117	387	68	140
1118	383	64	145
1108	383	55	146
1102	381	51	144
1096	384	48	143
1086	387	51	140
1080	375	53	155
1072	378	64	151
1061	392	48	135
1058	396	46	133
1035	406	57	127
1036	391	52	140
1032	382	45	153
1019	388	51	145
1014	394	54	136
1004	398	51	132
993	403	53	131
984	423	54	114
975	401	52	122
970	399	46	135
962	392	49	140
954	396	49	136
947	399	43	136
934	392	56	135
925	390	52	144
916	389	50	150
909	401	45	140
902	404	45	135
888	415	49	127
878	410	57	127
873	406	55	135
863	412	58	129
855	411	54	131
841	412	66	136
832	434	71	117
829	414	55	127
823	412	53	134
809	413	53	129
803	422	48	134
795	407	52	139
794	409	45	143
780	409	53	145
765	416	57	142
764	419	57	139
752	424	50	134
739	425	54	137
733	418	44	148
719	425	51	146
705	426	59	145
702	429	57	138
691	421	48	146
680	429	56	141
670	431	54	139
661	429	50	147
654	434	54	139
642	436	49	134
631	441	50	135
617	443	51	139
607	452	57	134
594	452	72	130
587	473	77	112
575	450	74	130
570	455	64	130
566	450	64	144
565	450	63	142
558	449	68	141
562	451	59	134
561	451	61	136
559	447	53	147
554	447	55	143
554	446	57	142
553	446	55	149
551	439	58	163
545	436	65	159
545	427	65	169
549	437	60	155
546	441	62	164
548	433	61	171
554	441	59	167
551	443	62	162
555	445	51	154
563	464	51	139
561	447	47	152
579	451	49	153
576	476	57	130
579	471	59	136
581	473	60	136
588	461	56	147
593	454	52	154
590	452	60	161
594	449	60	172
596	447	55	170
593	451	58	169
596	447	49	178
590	448	57	173
583	457	62	164
588	458	58	172
583	457	57	173
583	456	55	174
583	460	52	173
582	461	64	173
582	457	54	170
584	459	60	173
588	461	56	173
590	462	53	176
592	463	55	173
595	463	57	175
598	461	62	178
603	456	56	175
605	455	58	180
606	470	61	164
612	469	60	168
614	470	56	161
623	478	57	163
632	478	51	166
635	474	46	164
635	476	58	170
641	475	46	172
644	476	49	169
644	494	49	155
645	477	52	168
648	480	42	168
649	483	43	166
644	476	44	169
643	470	50	176
637	471	58	175
630	468	60	181
632	466	53	184
628	469	58	177
624	467	55	177
622	464	67	179
619	466	65	175
615	462	73	184
618	463	59	177
616	459	58	183
614	460	57	188
614	456	51	193
614	453	49	178
616	456	45	173
620	455	42	180
621	454	40	185
622	452	40	186
622	449	44	189
620	449	42	186
620	452	43	181
621	451	41	179
620	448	44	180
614	447	48	174
616	443	44	175
615	448	46	174
612	444	46	172
612	439	43	173
612	444	43	169
607	444	45	167
603	438	46	167
599	434	47	169
599	433	43	166
595	427	47	167
595	423	37	173
589	422	39	172
584	407	41	179
582	417	33	168
577	407	38	171
576	404	41	171
573	395	48	175
564	398	62	170
545	400	69	163
549	400	69	160
552	395	63	161
544	390	68	173
549	400	64	156
550	396	62	167
544	395	72	168
542	388	70	176
542	395	72	167
539	395	72	165
544	392	68	168
542	392	72	166
540	390	70	168
544	400	66	159
545	396	62	160
