786	376	92	233
784	387	95	211
783	386	101	215
783	387	101	209
788	382	96	214
790	381	95	223
788	388	98	215
785	386	101	220
785	385	101	221
789	384	97	218
790	385	95	218
793	384	92	220
790	381	96	220
791	381	95	233
791	376	95	230
792	372	93	232
795	374	91	228
796	365	90	229
794	361	91	231
797	361	90	236
796	360	91	233
796	357	93	235
797	361	91	230
800	359	85	235
799	359	87	234
800	364	89	238
800	367	89	230
805	373	83	221
806	368	82	225
803	370	87	223
804	364	89	225
811	367	82	225
812	369	84	224
813	364	85	230
820	364	78	226
819	368	79	222
820	371	80	219
824	368	79	219
827	370	77	219
831	369	73	218
830	373	77	216
835	381	73	205
838	375	73	210
844	382	68	206
845	376	72	210
846	371	71	216
851	380	66	209
851	369	70	217
852	373	73	209
853	373	77	209
858	378	73	198
862	370	71	203
866	371	71	205
866	371	76	225
872	367	74	212
874	374	74	214
875	371	78	216
879	367	76	233
880	367	79	234
884	378	79	222
888	374	76	224
894	367	73	233
897	365	73	232
902	367	72	226
901	367	76	228
904	366	76	229
907	370	79	216
910	358	75	228
916	355	69	234
919	358	72	231
921	358	69	227
924	364	67	221
923	376	72	209
930	369	66	217
929	374	68	210
930	373	68	209
933	364	69	219
934	364	63	217
936	367	67	214
936	363	67	219
937	365	69	216
937	364	69	216
936	366	72	215
941	375	65	201
939	374	70	202
940	375	74	201
943	378	67	198
944	376	69	200
946	374	67	202
946	372	67	203
947	363	66	208
950	368	65	204
949	375	63	196
950	365	62	204
952	364	61	206
950	368	65	200
951	371	62	197
951	364	61	201
949	367	60	196
948	366	63	194
948	367	60	192
946	364	63	197
944	374	62	186
944	370	60	189
942	370	60	190
941	375	60	182
940	368	60	186
936	375	60	182
932	369	61	188
929	375	61	180
927	378	58	179
925	372	59	181
922	370	62	182
919	375	61	177
914	368	59	179
912	364	60	183
909	361	60	185
905	357	61	188
905	367	58	178
902	367	59	175
899	369	58	175
895	372	58	171
893	369	58	175
890	375	57	170
887	370	58	176
884	373	57	174
881	369	57	174
878	364	57	181
875	366	60	178
874	364	59	180
870	367	59	174
868	363	61	177
866	355	61	183
864	357	59	183
863	363	58	176
859	367	59	172
859	356	57	186
858	366	53	177
856	368	56	176
853	371	59	173
850	372	58	175
848	372	62	174
850	374	58	174
846	372	61	175
848	372	56	175
847	372	56	171
844	366	57	179
842	364	61	179
844	361	57	185
843	357	56	190
843	368	59	178
840	376	62	171
841	377	62	171
840	374	63	176
841	373	62	177
847	378	60	174
845	372	61	183
846	374	61	184
848	380	62	178
849	377	60	177
851	375	59	180
853	378	56	175
853	371	59	181
857	370	56	180
857	372	56	176
857	373	56	173
860	373	55	176
859	373	56	176
861	374	58	174
859	377	58	173
865	374	54	180
863	376	59	175
863	375	58	183
866	374	59	185
866	372	58	186
866	372	56	187
867	375	62	183
870	373	56	188
870	368	59	195
873	372	58	183
875	370	58	185
872	367	61	189
875	370	65	185
877	367	63	192
880	373	64	183
880	374	64	183
882	377	67	181
886	377	65	184
886	378	64	188
887	374	68	191
892	374	65	192
893	378	65	187
895	375	64	190
900	375	62	190
903	374	61	188
904	372	59	192
909	373	58	188
911	371	59	187
912	373	58	187
915	373	56	187
917	371	56	190
920	375	54	186
920	374	57	193
922	376	56	191
926	372	56	200
926	374	56	198
931	375	53	199
931	375	55	193
934	373	54	196
935	374	57	193
936	375	58	190
938	371	61	197
942	367	61	199
942	364	65	199
943	370	68	194
946	370	67	197
946	366	72	202
949	370	74	201
952	374	74	196
950	379	81	196
955	376	81	198
959	376	77	199
962	373	75	204
964	365	75	215
970	369	72	212
971	363	72	216
972	365	73	212
978	361	66	219
977	357	67	222
982	364	62	211
984	363	59	216
983	366	58	213
984	369	60	212
983	367	59	218
983	367	63	223
986	367	63	223
984	368	60	224
983	369	61	223
982	368	66	224
981	370	59	219
977	369	65	223
972	364	71	226
969	360	76	229
964	360	81	230
954	348	97	241
955	346	91	243
945	341	78	253
941	342	96	256
944	337	86	261
942	350	78	253
939	353	67	255
949	392	50	216
956	398	50	212
950	406	49	207
952	401	48	211
952	401	48	211
952	401	48	211
952	401	48	211
952	401	48	211
952	401	48	211
785	204	67	199
785	204	67	199
785	204	67	199
785	204	67	199
785	204	67	199
870	176	73	176
870	176	73	176
870	176	73	176
870	176	73	176
870	176	73	176
870	176	73	176
870	176	73	176
778	253	71	163
778	253	71	163
778	253	71	163
778	253	71	163
778	253	71	163
778	253	71	163
778	253	71	163
778	253	71	163
778	253	71	163
778	253	71	163
778	253	71	163
907	201	62	167
907	201	62	167
907	201	62	167
907	201	62	167
907	201	62	167
907	201	62	167
907	201	62	167
907	201	62	167
907	201	62	167
907	201	62	167
907	201	62	167
907	201	62	167
907	201	62	167
907	201	62	167
907	201	62	167
907	201	62	167
907	201	62	167
907	201	62	167
773	233	40	173
775	231	36	183
773	239	42	173
768	238	43	157
768	238	43	157
774	237	37	145
774	237	37	145
772	235	46	133
774	253	45	118
772	244	38	122
777	279	37	106
770	274	43	91
776	283	38	79
862	245	27	69
866	251	21	68
867	245	18	72
865	240	21	75
866	248	20	74
868	249	17	71
866	244	18	74
866	249	18	77
866	245	18	75
865	238	16	74
863	237	18	69
864	239	16	65
864	243	16	64
863	246	16	63
864	252	18	66
864	252	19	68
863	252	17	67
865	252	15	69
865	253	16	66
863	251	18	68
863	251	17	67
863	247	18	69
864	246	16	69
862	248	19	74
862	246	18	73
863	248	18	68
863	249	18	70
862	248	18	67
863	249	17	66
863	249	18	66
861	246	21	71
862	247	19	72
864	248	16	71
863	247	17	73
861	245	19	68
860	245	20	67
861	246	19	63
861	246	19	59
861	249	21	66
861	246	18	61
862	246	17	64
861	249	17	66
861	247	19	66
860	243	19	64
860	248	19	67
855	241	25	70
857	245	23	72
859	245	19	74
854	240	25	78
858	241	23	83
857	240	24	92
859	244	19	94
857	238	23	86
859	241	20	89
859	241	22	89
857	242	21	86
856	242	22	86
859	247	18	90
854	245	25	85
858	248	19	84
858	245	18	84
860	248	18	90
856	242	23	85
857	242	20	90
859	246	19	95
857	245	20	92
856	240	22	85
851	242	26	81
855	246	20	80
851	244	24	86
852	242	26	89
855	247	23	85
857	247	20	91
853	237	25	94
854	246	24	95
853	243	26	95
854	244	23	96
856	241	19	99
852	240	24	98
855	244	22	94
856	243	20	94
854	243	23	89
853	246	23	92
852	241	24	86
854	247	22	79
854	246	19	72
854	247	20	70
853	248	21	75
851	249	21	69
853	245	23	69
853	247	23	74
855	246	18	73
853	250	20	67
855	251	18	64
853	251	18	66
851	248	19	68
853	246	19	74
853	248	20	71
853	248	19	70
854	246	19	73
854	248	18	71
853	245	18	74
854	246	17	77
854	248	17	77
852	249	17	71
852	249	19	70
853	248	17	70
852	246	19	73
849	244	20	77
850	245	20	80
849	240	22	89
850	241	20	91
851	241	19	91
849	242	20	89
849	244	20	94
851	245	19	95
851	242	19	96
851	243	18	93
849	237	20	91
852	242	19	91
849	240	21	92
849	243	21	81
851	242	21	88
848	241	23	95
847	238	24	98
844	239	28	99
836	239	36	87
844	241	28	83
842	240	28	83
849	241	24	80
847	240	26	75
849	238	24	75
848	237	24	66
850	242	25	64
854	243	20	71
854	242	24	67
847	240	31	64
850	240	28	72
852	238	27	76
849	237	25	71
855	242	25	76
850	240	28	70
848	238	31	61
850	240	28	58
852	241	26	64
854	244	24	67
858	237	23	65
861	241	18	68
864	244	17	67
864	245	20	66
865	245	21	72
866	242	18	77
864	240	25	77
863	241	25	80
864	240	25	79
863	243	27	75
863	240	26	77
867	241	25	78
864	241	27	72
865	241	28	75
865	240	30	74
868	245	28	75
863	241	33	78
861	235	33	88
863	236	30	86
867	240	27	81
871	241	25	78
875	242	21	74
873	241	25	65
879	250	20	64
874	247	24	60
867	242	28	56
877	239	19	63
872	239	25	59
880	242	19	61
876	246	22	58
884	251	19	57
880	251	22	56
883	253	22	53
881	255	23	53
879	255	25	46
877	256	30	47
878	255	32	52
879	254	29	56
883	253	26	56
886	253	25	58
890	254	20	53
887	252	24	50
887	252	23	54
891	251	18	51
889	249	21	48
889	246	20	50
886	245	25	54
888	246	24	55
887	248	23	49
886	247	25	50
890	244	21	53
891	246	19	48
889	245	18	47
887	245	23	49
886	246	25	46
881	244	29	48
877	241	30	52
890	245	22	51
888	241	23	55
891	239	21	55
891	245	22	59
889	242	24	60
891	244	21	58
888	246	25	56
883	245	28	56
880	242	29	52
882	243	29	51
882	246	29	50
882	246	26	44
891	246	23	47
889	246	22	46
890	250	23	44
887	249	25	44
884	247	27	48
880	244	31	48
877	249	32	55
881	246	30	58
887	248	23	56
884	244	27	59
882	246	28	58
884	242	26	63
880	239	30	72
881	242	28	68
876	241	32	68
882	244	25	65
879	245	25	59
878	245	29	53
880	248	22	52
878	249	25	47
882	249	27	47
881	249	29	53
881	247	36	60
884	244	30	67
883	243	28	64
878	242	32	64
880	242	29	67
883	242	28	67
877	242	35	70
882	243	27	64
882	244	29	67
875	242	36	69
875	246	35	59
877	245	34	67
880	242	30	71
881	244	31	70
881	244	28	68
881	245	27	65
881	245	28	67
877	247	32	60
878	247	33	63
879	245	31	65
879	247	30	60
878	245	30	63
878	242	28	66
879	245	28	63
882	248	27	65
879	243	30	73
878	245	31	68
878	244	30	67
879	246	29	68
880	243	28	70
884	244	25	70
882	246	28	72
880	245	29	67
881	248	25	62
878	247	28	65
879	244	31	70
882	244	29	73
884	247	25	76
881	243	27	75
879	242	28	76
879	242	29	76
879	244	28	75
881	243	28	80
882	242	26	76
880	247	25	70
880	248	27	69
881	246	28	74
883	247	26	81
881	243	27	79
882	246	28	81
881	246	25	77
881	237	26	82
881	240	26	79
880	239	28	85
874	235	33	77
876	249	30	70
878	245	30	77
878	244	30	74
880	247	29	79
879	246	29	73
877	249	31	80
878	240	30	83
877	243	31	84
878	242	31	87
879	247	29	80
879	243	29	85
877	243	29	84
874	241	32	89
874	239	34	91
875	237	33	95
875	242	33	89
870	241	37	89
871	246	35	84
871	244	35	84
875	245	30	75
866	244	37	69
867	246	35	69
875	246	31	78
867	244	38	81
863	244	41	82
867	245	38	81
865	244	38	75
870	246	33	75
866	242	37	79
868	248	36	81
866	244	36	83
866	239	38	91
863	242	40	88
864	247	39	97
863	239	42	88
867	244	35	78
868	244	33	69
863	245	39	69
862	240	36	72
877	245	26	77
872	243	29	82
878	245	25	82
880	245	23	91
877	239	24	93
878	240	22	95
880	244	21	91
877	235	22	93
877	237	23	100
879	236	20	99
877	229	22	102
879	239	19	93
879	233	19	83
876	234	23	78
878	234	19	69
878	248	21	72
878	248	19	73
879	248	18	81
877	238	20	81
878	240	20	84
878	245	20	89
879	239	19	87
877	245	21	90
878	245	20	93
878	241	20	96
875	240	22	92
878	244	20	90
878	242	18	90
876	235	21	89
877	242	21	87
871	238	26	76
875	237	24	75
877	242	20	69
873	239	25	73
876	243	23	73
877	243	23	71
878	247	19	62
879	247	20	57
878	243	20	60
879	244	20	59
880	244	20	59
878	247	26	51
878	246	25	56
879	245	23	58
880	243	24	56
879	246	26	55
881	249	23	55
880	244	24	56
880	246	23	53
878	245	28	60
883	245	23	61
884	245	23	58
882	244	26	61
883	242	25	65
879	244	30	61
883	240	28	71
887	242	24	70
889	243	24	73
879	241	31	63
879	246	29	54
877	241	32	59
891	247	22	59
892	249	22	52
888	247	26	52
893	248	22	50
892	246	24	48
893	244	25	50
893	247	24	48
891	247	29	49
889	246	27	49
892	246	29	47
897	244	22	47
894	247	25	47
890	244	27	48
900	249	24	48
896	244	28	50
892	243	34	58
895	244	31	58
895	243	30	63
895	240	25	62
897	237	29	61
892	237	33	61
896	237	31	66
896	237	30	65
894	239	33	60
903	243	32	63
900	247	32	56
896	249	34	55
908	250	26	49
910	252	24	47
903	249	29	49
907	250	28	52
904	251	31	54
903	251	30	51
901	249	31	53
899	244	30	57
901	240	26	56
907	240	27	57
900	238	34	64
896	238	33	65
892	239	40	59
894	240	40	53
899	238	35	60
900	237	34	68
897	238	35	66
896	234	33	70
898	238	29	61
898	237	27	53
903	236	33	59
897	236	36	62
895	237	30	61
896	236	35	61
891	237	34	61
896	240	37	57
894	239	38	57
899	239	29	58
905	243	25	50
906	246	23	51
908	246	18	53
912	246	24	54
910	245	26	53
910	247	27	51
908	247	28	50
910	250	27	46
911	249	27	46
912	248	24	51
913	250	21	45
912	251	23	45
912	252	23	43
912	253	23	42
911	254	23	40
911	254	22	43
909	252	26	46
910	253	26	42
908	253	26	47
909	254	25	47
902	252	30	50
903	253	26	47
901	249	27	47
901	247	25	46
897	248	29	50
895	246	34	54
900	247	27	53
900	244	26	53
898	246	26	53
897	246	27	52
897	245	26	52
899	248	22	47
898	248	25	50
896	247	24	49
895	242	27	56
894	246	27	52
895	248	27	49
894	246	25	51
894	245	26	48
898	247	22	52
896	246	26	51
893	248	26	50
893	248	27	49
890	249	29	50
896	251	22	47
895	250	26	51
895	252	25	47
895	250	25	50
890	249	29	49
886	247	30	56
883	244	33	64
878	246	38	69
879	247	38	63
881	247	32	62
882	249	32	63
879	246	33	58
886	250	33	58
880	251	36	61
881	250	37	58
876	251	41	59
879	248	37	63
881	249	32	60
882	248	34	64
883	247	35	61
891	249	28	58
895	249	23	59
881	249	31	63
878	249	39	63
879	249	37	57
877	247	32	54
889	248	28	51
883	250	31	46
878	248	35	52
878	248	34	53
878	246	37	58
880	246	35	59
878	244	37	62
880	244	35	58
875	245	39	56
877	244	38	67
880	243	35	66
883	240	32	75
876	241	38	72
877	240	36	63
878	241	36	61
877	238	38	65
877	237	38	78
873	240	42	67
877	241	31	68
887	243	31	72
880	241	37	65
877	239	38	70
880	236	35	74
886	242	30	70
879	240	35	69
873	246	43	67
863	249	53	59
876	242	42	64
880	241	30	67
878	243	34	68
876	242	38	70
878	238	40	74
882	238	37	75
882	238	35	79
881	238	36	74
880	239	39	68
877	242	38	63
879	246	40	60
879	241	35	69
882	240	35	73
882	240	32	76
880	239	34	77
882	239	31	74
884	240	30	75
877	239	36	73
879	239	38	75
878	237	35	79
878	237	36	79
881	239	36	75
879	236	32	73
879	237	33	75
878	233	35	75
873	234	41	79
882	237	37	80
881	237	36	80
880	238	39	76
878	233	39	79
878	234	35	73
879	238	36	64
879	238	36	60
879	240	37	58
880	242	36	56
881	238	39	62
882	239	41	69
878	240	47	61
879	243	43	59
878	246	42	60
874	241	46	66
881	246	43	65
885	244	35	61
882	249	38	53
882	246	39	58
876	246	47	62
871	250	52	56
876	251	47	52
875	249	40	55
894	247	30	57
894	248	29	53
889	246	37	59
889	245	38	63
893	244	32	66
886	243	36	71
880	243	35	66
878	238	36	69
881	237	34	74
887	243	32	64
889	238	29	64
891	238	23	63
891	237	23	65
891	238	24	66
890	240	29	68
894	241	29	68
894	242	33	77
896	247	28	71
896	248	30	62
888	248	25	54
897	250	22	51
895	251	27	51
896	250	24	53
894	248	29	62
897	250	27	60
885	245	29	59
884	242	34	58
891	239	28	59
893	239	20	56
893	238	22	52
895	242	22	56
892	239	29	60
886	239	29	63
891	238	28	58
894	239	21	53
893	237	25	56
895	240	25	54
897	239	28	56
898	242	27	53
897	243	30	51
894	242	34	59
898	243	30	58
898	243	29	57
897	244	30	56
898	247	30	52
896	247	31	56
898	249	31	60
899	250	29	51
897	251	30	49
895	248	24	49
895	250	28	52
893	250	26	50
896	250	20	47
901	255	22	49
897	253	24	53
896	253	22	52
894	253	22	52
900	256	28	52
896	252	35	55
895	251	33	59
892	253	30	51
893	254	26	53
893	253	24	53
893	255	25	47
893	253	24	48
897	255	31	51
892	254	31	53
893	253	31	57
894	255	22	52
890	254	26	54
894	254	31	55
892	255	29	58
891	254	25	53
896	258	30	49
895	259	29	50
892	256	33	51
892	256	35	49
893	254	30	47
893	257	24	44
893	255	24	46
893	258	23	50
892	256	24	53
887	256	28	54
884	257	31	64
891	256	22	63
889	256	24	62
889	258	24	58
887	259	26	58
886	256	28	60
884	251	30	68
882	256	32	64
883	253	31	67
883	254	29	65
879	257	33	64
881	256	31	63
876	254	36	68
878	256	31	61
881	261	30	52
878	257	33	56
879	256	31	54
879	257	31	56
875	258	35	54
875	254	39	62
878	252	36	66
880	256	31	61
879	255	33	58
879	256	29	53
878	251	32	60
878	259	31	55
878	254	34	65
879	254	32	62
878	252	34	67
878	257	35	69
878	255	29	61
879	254	34	63
878	256	34	59
879	254	32	58
882	256	29	55
879	253	32	56
877	257	34	56
879	252	32	62
877	256	35	59
878	255	33	56
879	256	35	59
881	256	32	55
879	255	32	59
878	256	33	54
879	253	29	56
880	254	32	54
881	254	31	52
878	255	31	49
880	255	29	51
881	254	27	52
884	252	26	53
879	255	32	50
884	253	27	55
884	253	28	53
883	253	28	54
881	256	31	50
887	256	27	52
888	256	24	50
888	257	27	50
890	255	25	49
888	255	27	49
892	254	25	49
892	254	25	49
892	252	25	52
892	253	27	50
892	256	27	51
893	256	28	48
891	256	29	50
892	256	30	45
893	253	29	52
896	254	28	52
895	254	29	55
891	254	35	54
892	253	35	53
896	255	30	53
894	255	33	55
890	254	37	53
892	256	35	56
897	255	31	58
895	254	32	62
897	255	30	51
897	255	30	51
895	254	32	57
895	257	34	60
896	258	33	54
902	255	38	55
903	253	28	57
897	253	35	62
902	254	31	61
906	255	25	58
908	256	25	52
907	256	26	54
909	255	26	55
909	254	26	55
909	255	26	50
910	255	24	50
910	257	24	51
909	255	27	48
912	256	24	45
907	257	31	52
909	259	29	50
910	258	27	47
909	257	28	49
913	255	25	48
909	254	29	49
912	255	27	45
913	254	26	47
916	259	24	46
911	255	28	49
912	257	29	46
912	255	28	51
911	257	29	47
912	256	28	45
911	256	29	45
912	257	27	37
912	259	27	41
913	261	26	32
915	260	24	33
912	258	27	37
913	258	25	36
911	257	26	39
913	256	24	39
911	251	25	42
910	256	26	42
910	255	26	41
909	258	26	42
910	258	25	37
911	260	24	37
910	259	23	36
910	258	23	43
909	259	23	40
909	258	24	43
909	260	23	37
905	260	27	41
903	259	30	45
904	256	29	49
907	256	24	51
907	254	24	54
907	255	22	56
906	259	23	48
905	261	24	46
905	263	22	43
905	264	23	42
901	263	28	46
901	264	28	49
900	264	29	47
903	261	25	47
901	260	29	46
899	259	29	48
901	260	27	49
901	259	27	47
902	259	26	48
902	256	27	50
902	257	25	47
902	256	27	45
900	254	28	48
901	255	27	53
900	257	28	49
901	257	28	49
899	255	30	53
899	255	30	49
900	255	28	47
904	256	24	43
902	255	26	44
904	255	24	46
904	256	25	41
904	255	25	41
903	254	27	46
902	254	28	51
904	254	25	52
905	255	26	49
904	256	28	47
904	253	28	52
906	253	25	54
905	254	26	59
905	254	25	61
906	254	26	57
901	254	32	62
903	255	29	73
907	252	26	66
905	256	26	60
909	256	22	58
908	258	24	54
908	253	24	54
907	256	24	54
907	256	25	50
903	255	29	49
899	255	34	50
902	255	29	54
