911	380	54	178
909	372	58	185
902	370	68	190
907	362	64	185
905	359	65	179
900	354	68	176
899	351	67	181
899	350	60	181
895	351	73	163
894	360	82	180
890	347	87	180
893	349	75	149
901	360	61	154
899	348	60	130
896	351	66	132
900	354	58	145
897	346	60	149
896	350	64	151
894	346	74	159
892	341	74	176
892	346	70	158
891	346	72	146
892	345	59	167
890	341	64	154
892	342	65	130
892	353	71	119
887	360	68	111
887	357	68	111
888	357	56	115
889	353	51	115
888	345	49	124
882	354	56	121
883	348	55	127
879	355	57	125
880	352	55	115
879	353	52	122
877	348	54	118
875	345	53	121
874	348	55	127
870	347	58	133
870	346	56	132
870	346	55	135
871	345	51	129
868	344	51	126
867	340	50	134
864	340	52	129
863	341	50	133
864	344	52	129
859	340	52	130
860	341	49	136
857	342	49	131
856	343	51	127
852	344	52	121
851	343	54	122
848	344	55	137
845	344	55	133
844	348	55	127
840	346	56	127
838	343	57	133
835	347	56	129
836	345	55	132
834	343	56	136
830	341	57	148
830	343	52	142
828	341	56	144
825	338	57	140
822	338	60	139
825	337	54	145
821	336	57	156
820	339	57	148
823	339	52	142
820	340	57	147
819	341	57	147
820	343	58	145
820	338	56	152
818	340	59	153
817	337	58	157
818	336	56	151
819	340	54	150
819	333	55	149
820	331	57	161
820	331	56	156
821	331	54	162
819	329	56	161
820	327	55	155
819	329	56	141
820	334	55	135
820	335	57	137
821	336	55	128
822	335	53	137
821	335	57	131
821	334	56	126
821	328	57	139
822	321	55	144
824	330	55	137
824	326	55	139
822	319	59	145
822	329	61	137
823	327	63	139
827	321	56	147
828	327	60	145
826	327	61	143
828	325	60	144
833	315	55	153
832	313	58	159
831	326	59	151
833	326	59	146
834	322	62	150
835	322	57	149
838	320	58	153
836	327	62	151
840	317	61	161
842	311	59	173
843	319	60	162
843	308	58	174
844	314	58	168
845	318	60	166
844	324	60	163
845	315	62	171
847	322	60	172
851	318	54	178
847	324	60	173
847	324	61	171
848	325	59	177
848	321	61	185
849	326	61	184
848	321	60	186
847	329	62	180
848	325	63	184
850	336	62	175
849	327	62	181
849	323	65	192
850	324	63	191
849	318	64	197
850	316	64	209
848	318	68	212
851	315	63	217
848	334	69	201
847	339	72	198
848	340	68	204
848	345	71	200
850	345	68	201
851	344	69	200
848	341	69	208
849	336	70	210
848	345	72	204
849	342	73	213
847	345	70	211
844	347	74	209
845	340	70	225
845	347	72	222
845	343	69	224
846	355	71	216
840	345	74	239
835	351	76	236
836	357	75	220
835	355	77	215
835	353	74	212
831	352	78	216
830	352	76	213
828	349	77	224
828	347	76	224
824	354	76	228
818	361	85	223
822	356	80	238
818	361	87	238
821	360	79	251
817	365	84	251
819	362	84	255
815	364	81	238
813	362	85	256
812	359	84	270
820	354	75	276
814	355	80	280
815	363	80	253
815	360	79	257
811	364	82	248
809	368	85	246
809	372	87	240
807	368	87	261
811	362	81	272
805	371	89	275
800	375	94	267
802	374	92	260
801	379	92	268
801	378	93	272
804	375	88	280
803	379	90	263
803	379	87	263
799	382	94	268
800	382	93	273
804	376	93	285
801	375	100	291
803	377	95	297
804	378	99	308
808	382	99	304
810	383	99	323
807	381	100	347
815	395	97	322
817	395	101	332
825	394	96	345
821	392	103	341
825	392	102	350
829	396	101	360
835	401	103	365
841	398	101	348
844	398	103	332
848	398	103	334
853	409	106	334
858	411	109	353
862	412	115	364
863	425	122	366
870	420	114	382
881	430	114	375
880	430	123	391
885	431	122	391
884	434	126	394
883	436	125	372
899	431	118	378
903	434	114	355
899	433	121	369
900	426	124	379
903	427	129	375
911	423	132	376
912	418	123	379
922	417	115	389
925	413	118	404
922	416	120	410
934	418	117	406
930	419	123	404
930	422	123	399
939	417	113	394
940	416	116	390
938	412	115	398
942	406	112	378
935	409	117	371
941	402	111	379
939	391	111	379
930	397	115	367
930	385	113	377
926	393	109	360
920	392	111	357
916	375	108	379
904	386	116	364
900	391	112	347
892	390	114	346
886	391	108	340
879	385	109	343
872	387	107	336
859	385	117	348
854	383	114	342
845	385	119	328
845	386	111	321
840	378	108	331
836	381	106	320
836	374	102	321
833	369	99	328
837	375	95	308
839	380	93	295
840	377	96	301
838	373	94	305
839	383	95	290
843	376	91	299
846	374	88	299
853	368	84	306
859	372	82	294
862	374	83	291
868	367	78	284
870	363	75	288
875	367	76	281
876	364	79	288
879	368	81	275
882	377	83	268
884	365	84	275
886	364	86	274
881	367	93	270
886	371	87	267
886	376	89	265
894	375	86	260
899	369	86	265
899	372	88	264
899	374	90	266
907	369	87	264
909	371	88	263
920	360	75	268
918	372	83	255
923	374	82	248
930	368	81	251
934	358	79	255
939	360	75	246
945	363	73	247
948	354	78	257
954	358	73	252
955	362	77	244
959	355	75	254
966	362	73	250
972	372	72	237
974	380	77	230
983	373	72	233
989	356	74	247
995	357	72	249
1003	347	69	255
1008	346	70	253
1010	349	73	241
1015	355	77	238
1021	352	74	243
1026	352	75	239
1028	353	79	239
1031	351	73	243
1037	352	73	239
1045	358	69	235
1046	357	72	241
1052	355	74	244
1054	356	76	247
1061	357	75	245
1068	366	70	233
1077	359	62	239
1083	356	63	245
1087	358	63	237
1093	354	60	234
1098	348	59	243
1102	349	61	241
1107	350	59	242
1112	356	58	239
1116	355	61	239
1125	354	56	242
1129	359	55	236
1133	357	56	246
1141	359	55	248
1143	367	59	237
1146	365	64	242
1152	360	62	246
1155	358	70	245
1166	366	66	239
1177	355	56	247
1181	351	56	252
1184	354	59	246
1187	349	60	254
1192	352	62	250
1194	356	68	242
1196	359	73	242
1204	357	68	253
1213	357	64	253
1216	360	72	254
1227	359	67	259
1235	360	62	258
1244	359	58	262
1251	361	58	265
1259	362	58	265
1265	358	61	268
1271	358	58	265
1280	355	57	268
1285	361	57	261
1290	356	59	266
1294	359	62	262
1301	362	69	264
1302	360	76	274
1308	367	80	270
1315	364	82	274
1321	371	85	273
1329	372	85	277
1330	377	93	272
1341	376	92	276
1349	372	92	285
1362	371	92	292
1382	378	81	271
1397	368	73	280
1404	366	78	285
1410	370	86	287
1414	371	97	289
1428	357	95	314
1433	356	109	315
1438	362	109	318
1451	365	116	320
1457	369	114	317
1467	361	120	332
1474	353	122	347
1480	366	123	341
1494	357	133	354
1506	357	118	359
1520	371	114	345
1529	367	115	362
1545	371	117	351
1557	360	116	366
1566	353	116	371
1579	356	112	369
1593	355	108	375
1602	360	112	380
1613	372	111	368
1624	368	117	381
1637	368	112	389
1643	397	128	369
1658	400	134	375
1669	406	135	377
1681	410	141	378
1702	397	135	391
1714	450	141	372
1735	418	136	387
