17	920	268	129
13	895	288	149
10	887	276	130
8	867	301	140
17	854	324	136
7	842	334	137
10	817	321	134
12	805	300	121
17	787	278	115
8	773	274	113
45	754	263	112
57	747	255	113
47	727	252	128
55	717	239	126
60	710	233	134
52	703	253	137
10	706	272	126
14	698	279	133
45	687	310	134
154	715	309	169
15	687	339	127
0	653	311	156
1	644	308	167
13	629	295	149
11	615	294	157
5	599	278	174
10	597	312	178
4	597	288	169
3	583	277	176
5	577	269	189
10	565	294	178
15	543	341	206
9	549	326	191
13	563	337	199
9	542	334	189
2	538	342	186
0	523	331	204
2	518	329	207
5	507	328	197
16	528	311	145
0	518	331	140
3	516	336	132
4	505	338	153
6	482	352	176
7	482	392	180
9	484	397	170
26	472	377	182
30	469	379	191
52	452	354	200
104	444	324	194
108	429	294	222
91	415	307	224
138	419	282	204
91	402	335	225
123	415	326	190
132	418	310	169
120	400	322	177
140	408	292	159
150	399	272	152
165	395	286	161
78	398	315	151
157	385	295	166
166	385	262	177
191	376	245	191
204	377	209	186
206	373	189	189
210	366	198	201
218	367	209	190
227	360	218	193
233	368	193	172
235	367	185	161
242	360	177	147
241	354	201	143
239	354	193	137
246	333	171	146
244	325	170	146
251	319	162	142
245	302	171	165
248	285	173	182
249	290	178	178
241	286	194	181
239	285	232	186
258	271	181	213
259	270	188	192
262	266	187	187
265	255	196	189
268	251	174	183
265	251	169	167
266	249	172	166
273	242	178	148
273	231	158	157
278	231	166	168
285	231	180	164
278	228	165	166
283	210	176	167
287	211	175	176
286	204	193	174
287	195	191	181
297	194	183	181
297	191	217	199
301	187	230	154
309	174	227	159
316	181	209	178
323	176	212	163
315	166	206	160
327	165	207	171
327	167	208	156
324	156	211	175
346	157	176	154
344	157	188	155
337	147	215	178
351	161	192	163
345	150	204	166
362	154	175	149
371	155	165	147
370	154	176	138
376	154	162	146
372	139	166	142
379	139	153	140
413	164	147	134
379	139	150	144
356	108	136	131
350	108	131	129
376	107	118	124
417	141	111	138
363	108	133	112
398	138	143	141
415	135	124	143
407	130	143	152
420	142	153	148
420	128	143	156
433	141	136	161
441	134	128	161
447	136	119	150
454	138	110	163
451	122	113	168
469	146	119	157
455	128	122	162
461	136	119	159
471	140	110	160
467	123	123	166
471	140	125	150
468	129	137	167
475	140	139	159
477	133	164	171
477	134	177	175
478	132	166	171
477	138	177	162
476	136	192	172
478	149	232	173
480	139	282	187
483	135	266	162
476	149	285	164
486	140	263	173
483	144	260	160
489	148	253	165
477	148	264	153
492	150	239	153
490	143	256	183
491	150	247	158
479	158	268	145
472	146	268	160
482	142	263	160
474	149	270	152
478	157	270	151
474	157	270	151
467	163	278	155
472	162	270	149
465	161	292	150
470	157	282	163
465	169	287	156
464	162	286	165
465	174	283	148
466	174	276	155
466	171	275	154
464	170	275	167
472	173	277	156
462	177	281	145
456	180	282	155
458	185	275	162
462	178	272	154
456	190	277	155
446	193	299	156
459	186	283	152
462	201	270	142
455	201	271	140
450	206	280	139
475	207	272	143
459	200	265	151
452	198	277	157
447	209	274	146
446	213	290	133
448	207	284	147
449	209	277	133
447	202	302	146
447	205	294	136
448	213	288	126
451	211	304	145
447	211	297	134
445	208	280	139
447	206	283	136
446	207	283	129
444	215	281	132
452	199	277	146
450	207	277	143
449	209	270	144
442	212	284	140
433	224	302	128
439	222	287	134
441	224	286	132
441	218	281	141
438	223	297	135
445	207	284	147
441	210	280	148
433	225	296	135
432	230	295	126
440	229	296	135
427	233	301	138
443	233	277	123
436	237	277	131
428	239	291	132
439	237	275	130
436	241	281	127
429	238	302	142
429	241	296	138
427	242	287	135
430	252	291	133
418	266	301	123
424	262	309	121
435	252	294	138
433	254	297	146
422	255	311	136
416	258	339	143
425	259	304	139
426	266	288	140
432	261	284	147
429	269	280	135
439	271	268	131
433	267	298	134
428	274	300	131
421	275	312	135
434	259	296	159
448	264	279	151
440	261	279	143
446	281	283	131
441	280	284	133
452	282	289	136
449	271	280	144
456	279	286	137
458	278	280	137
453	289	283	133
447	283	293	131
465	295	268	127
461	289	274	131
468	284	270	134
476	273	257	153
481	269	280	169
485	290	264	151
476	294	269	143
491	275	253	164
496	272	262	166
478	297	279	142
498	292	251	150
498	292	246	138
493	303	260	129
490	307	254	131
513	299	225	138
499	308	247	132
522	304	243	138
502	295	255	156
513	304	240	146
522	298	228	146
510	314	249	148
510	309	256	155
512	314	257	148
524	299	252	181
527	310	229	152
529	335	233	126
523	333	235	135
526	331	234	144
539	335	239	142
537	332	259	168
541	326	239	147
541	331	241	164
558	329	224	160
548	326	236	163
548	362	234	123
546	363	228	130
543	366	226	133
542	384	230	108
558	386	218	112
554	388	232	126
547	384	231	122
552	389	225	118
552	392	226	113
553	396	223	113
558	397	220	118
551	394	230	134
557	385	232	136
551	387	244	131
556	395	230	129
562	405	211	112
553	401	221	111
564	406	207	111
558	413	211	111
552	407	220	110
561	411	212	111
561	413	212	105
556	416	219	120
549	418	222	117
551	415	226	126
560	411	213	122
553	409	237	137
548	404	242	144
551	414	233	112
551	417	249	116
567	416	229	115
544	410	262	131
545	398	256	150
546	402	260	139
546	408	255	160
548	407	249	158
541	409	237	143
526	403	253	167
534	414	250	122
541	413	229	116
532	412	233	119
541	415	216	109
538	410	251	141
531	402	281	142
