755	284	201	637
756	288	186	672
763	296	189	705
757	275	197	729
755	272	197	717
758	305	184	644
760	297	188	610
745	309	191	601
774	325	177	573
752	307	193	604
754	309	205	588
759	321	185	610
752	297	193	625
750	308	181	598
764	298	193	610
756	314	179	594
772	294	180	607
749	298	187	634
757	298	178	614
768	302	188	604
749	317	199	611
751	299	190	617
760	309	189	602
751	311	191	620
765	305	176	605
769	302	181	610
756	315	193	595
753	309	182	599
766	290	193	612
750	319	192	600
764	285	189	621
756	306	191	613
752	305	182	628
761	294	192	608
752	312	188	594
753	299	198	594
764	310	184	620
751	314	193	610
746	291	190	645
765	295	187	631
753	316	185	595
757	300	189	605
759	307	184	609
753	308	197	602
767	303	192	617
746	308	188	610
763	310	187	564
755	301	195	628
775	300	180	598
750	317	197	570
750	309	195	570
756	295	198	587
771	300	188	585
761	319	183	556
774	290	198	602
765	313	190	563
765	316	186	549
763	324	199	522
763	317	205	538
766	323	189	537
771	328	204	502
760	316	208	521
748	313	207	528
764	305	206	541
760	305	201	593
761	284	229	615
745	285	250	618
752	292	266	632
744	292	269	630
732	284	273	625
747	323	288	561
761	311	232	541
779	315	208	550
776	306	214	582
779	304	212	587
776	298	219	612
780	305	219	591
785	303	204	602
775	305	223	606
778	295	214	627
776	287	224	609
773	277	234	642
767	270	234	666
767	251	242	700
768	237	224	718
776	239	225	707
765	212	239	740
761	218	241	748
763	211	226	753
784	202	217	756
770	201	216	818
778	175	211	857
774	206	209	861
776	191	210	868
771	159	208	901
778	171	207	894
772	180	208	873
770	175	207	884
765	207	214	853
766	201	208	869
770	195	215	869
766	165	213	896
758	158	222	898
768	167	211	900
753	187	219	879
766	213	217	851
747	208	230	867
774	203	213	870
753	255	221	826
777	295	208	762
761	300	216	749
758	308	228	753
758	301	226	756
761	309	238	742
758	327	233	701
767	331	221	682
760	327	222	725
764	349	219	700
760	348	214	701
771	355	211	670
763	356	213	708
766	366	196	680
767	371	226	641
755	379	210	679
764	369	204	679
768	374	220	678
758	381	210	657
763	386	204	668
767	399	202	628
748	408	226	636
775	398	192	658
759	415	208	638
759	407	218	632
759	414	209	642
761	414	220	635
754	423	229	602
755	434	228	582
752	444	230	536
765	443	222	586
754	447	234	540
759	450	229	575
754	455	242	546
756	449	233	604
743	464	252	525
755	455	246	570
763	462	238	514
760	457	238	508
758	461	229	500
781	465	215	505
775	464	221	505
777	461	212	525
782	472	191	486
796	483	197	495
794	489	198	468
800	360	199	487
802	401	193	496
801	494	191	440
812	490	194	439
822	499	190	414
818	491	193	427
819	455	188	468
821	422	183	496
837	459	178	507
839	431	179	525
827	421	179	543
844	413	178	538
834	401	188	547
842	483	177	500
850	492	176	492
855	511	175	474
858	518	173	492
853	517	186	482
859	527	181	491
858	537	178	488
862	548	175	463
870	550	163	499
842	537	211	456
857	555	187	497
885	571	162	474
875	576	166	457
886	579	154	459
878	585	166	452
894	584	151	479
894	590	156	472
893	598	150	470
908	575	140	481
901	593	152	469
902	600	157	464
897	576	158	454
914	605	142	445
912	597	165	425
925	614	132	461
913	600	149	471
913	573	156	490
923	621	147	444
931	609	133	431
917	599	176	419
927	620	159	408
928	628	147	384
926	606	166	376
931	625	138	371
933	620	120	383
933	621	129	417
938	607	132	401
947	613	126	423
945	586	133	440
949	598	124	436
949	593	128	388
952	610	105	350
960	603	87	346
961	603	86	357
970	597	70	345
969	600	77	339
970	605	84	337
972	604	85	325
972	603	73	313
980	604	66	323
978	600	65	301
981	603	63	283
984	600	60	281
987	610	60	291
989	601	62	284
993	599	59	298
992	608	59	281
996	603	61	303
993	597	60	304
997	598	58	301
999	610	59	295
1001	604	57	288
1003	612	62	284
1000	619	66	289
1006	617	65	279
1007	634	76	296
1009	639	79	266
1007	639	73	249
1015	626	63	257
1018	656	67	243
1023	647	57	243
1027	615	59	252
1029	661	64	239
1028	658	58	240
1033	665	58	240
1036	665	54	223
1035	662	65	226
1037	666	69	244
1038	678	70	226
1045	673	55	213
1051	677	46	199
1053	678	51	183
1053	684	52	168
1055	685	46	165
1049	685	63	161
1057	687	59	151
1057	700	51	144
1056	688	56	140
1058	698	60	144
1057	689	59	132
1066	694	54	143
1060	691	56	142
1068	691	42	134
1062	693	55	143
1052	697	63	127
1063	697	59	119
1070	681	55	131
1079	671	50	123
1077	688	47	128
1071	696	60	130
1078	682	49	129
1081	670	45	134
1077	677	50	141
1078	665	53	136
1073	666	61	118
1067	671	67	129
1068	664	65	124
1082	668	61	135
1080	662	56	123
1088	659	50	112
1089	667	50	116
1090	665	55	105
1091	670	52	118
1092	660	55	116
1095	668	55	125
1102	663	49	120
1101	666	57	108
1101	678	56	112
1099	676	53	108
1098	674	59	105
1107	677	54	99
1111	687	54	102
1113	681	52	115
1116	679	55	111
1122	673	48	120
1123	681	48	118
1122	681	44	120
1120	681	50	123
1120	683	50	133
1126	683	49	147
1127	682	51	139
1128	684	48	151
1131	682	53	140
1130	687	45	129
1130	681	54	124
1131	712	46	112
1129	701	53	119
1135	689	53	135
1135	682	55	118
1134	689	53	128
1138	694	45	134
1136	698	46	123
1137	697	46	129
1139	697	45	124
1140	694	47	121
1139	711	43	119
1139	715	46	108
1142	709	38	116
1140	707	43	116
1133	711	55	119
1137	710	46	119
1134	720	54	106
1133	709	69	116
1133	715	60	106
1136	716	62	107
1135	716	59	104
1136	726	56	103
1136	714	62	113
1134	717	62	108
1135	719	62	106
1139	717	57	103
1138	723	60	109
1140	711	58	113
1144	725	56	127
1142	717	55	133
1140	718	54	132
1146	721	55	142
1143	715	55	146
1147	720	52	131
1143	717	55	126
1144	725	55	128
1144	729	56	127
1144	728	53	129
1146	728	53	138
1151	724	49	147
1152	733	50	149
1149	732	52	150
1150	733	52	146
1149	731	56	150
1147	727	58	149
1147	737	58	154
1148	738	58	161
1144	741	66	152
1146	751	61	142
1143	740	63	145
