547	389	62	166
545	397	63	152
549	386	57	168
548	393	62	159
549	390	59	157
549	388	60	161
547	395	65	159
547	388	65	163
550	393	59	156
546	389	63	158
544	396	58	164
545	392	64	158
545	389	56	158
543	393	67	149
546	400	64	152
542	399	68	155
548	391	64	164
547	393	65	156
548	401	74	147
555	396	68	147
552	393	71	122
558	392	66	131
570	398	56	120
579	396	51	143
582	396	55	156
593	386	47	152
604	388	49	151
604	388	49	151
612	382	56	144
623	383	53	142
624	392	58	119
634	388	63	120
643	389	55	116
649	388	56	119
657	395	63	134
664	378	64	151
674	383	61	132
684	382	58	134
700	375	50	127
707	380	48	129
717	383	49	147
726	379	54	149
728	386	66	146
732	389	58	150
742	379	55	160
743	381	56	134
754	381	46	134
748	381	55	132
755	384	58	125
762	390	46	114
762	391	50	120
763	387	47	125
762	386	49	125
762	389	48	132
764	388	48	133
762	386	48	131
764	385	45	132
763	389	47	118
761	386	52	132
760	388	53	135
762	383	54	145
763	380	52	143
761	374	55	145
760	373	58	148
760	380	60	127
762	388	60	134
765	373	51	149
766	377	51	137
765	382	55	134
764	378	56	134
769	375	48	138
767	373	56	142
772	369	47	136
768	375	52	130
770	371	51	131
769	370	56	140
770	377	53	134
769	382	55	126
770	376	51	130
768	379	48	138
768	374	47	130
766	380	48	118
770	374	46	115
771	367	45	120
772	375	45	122
771	370	48	123
770	372	50	123
772	367	47	126
771	370	49	127
770	367	50	135
769	360	53	138
770	363	53	134
775	369	45	135
771	373	53	125
770	364	48	143
776	366	44	141
777	368	41	130
771	372	48	130
772	375	49	125
773	372	49	122
774	370	48	125
772	370	51	128
773	372	53	119
775	366	48	129
775	368	49	134
778	365	46	140
778	366	45	133
782	371	41	128
782	362	41	134
781	367	42	128
782	362	43	127
779	367	44	122
781	367	45	123
780	365	48	127
780	366	45	120
781	368	43	119
780	363	45	123
777	368	48	112
776	364	49	111
780	379	42	94
778	390	44	90
776	395	49	87
778	379	43	90
781	374	41	100
779	372	43	118
774	378	53	116
777	379	48	113
779	359	45	114
786	359	32	128
781	362	43	130
780	360	50	132
775	360	58	125
775	369	56	117
780	367	52	119
779	359	51	120
780	368	50	118
783	358	47	117
785	356	52	121
791	367	37	112
787	363	43	111
789	360	39	113
787	359	41	120
785	363	44	115
791	367	35	103
785	369	46	96
787	373	45	92
782	367	50	106
783	367	48	95
785	365	43	99
791	376	36	103
790	369	37	96
789	369	41	97
790	368	44	100
791	368	41	101
789	371	42	104
790	364	41	110
787	365	48	113
789	365	48	121
789	362	48	122
790	366	47	128
789	361	49	137
787	362	57	129
789	373	50	111
790	374	46	102
791	377	45	106
794	370	45	120
792	361	46	119
794	369	46	125
793	367	45	118
797	366	38	123
797	369	38	126
798	363	37	126
796	368	42	125
792	362	49	127
793	368	49	120
793	364	51	124
795	366	48	119
795	369	45	124
793	365	45	121
795	361	45	133
793	363	45	119
791	366	45	118
792	366	45	108
792	368	44	122
793	365	44	127
789	365	47	127
790	362	50	129
790	360	48	131
793	364	46	132
791	360	46	135
793	356	50	126
792	362	51	127
787	360	66	124
787	369	65	127
791	373	52	119
794	373	49	119
794	367	50	123
799	366	46	115
797	367	50	125
802	363	42	136
800	363	53	126
802	364	47	127
801	360	46	133
806	362	43	132
808	362	40	132
804	365	42	133
804	388	48	137
810	364	37	139
810	364	45	130
805	362	53	135
803	361	56	128
805	359	50	133
807	366	46	137
808	366	47	154
811	362	45	146
808	369	44	139
810	370	43	135
808	370	42	127
803	375	48	115
802	377	51	119
806	370	47	135
805	369	45	137
809	372	43	132
804	370	48	137
801	367	50	133
803	365	49	140
807	359	43	143
806	353	50	143
804	355	41	129
809	356	39	136
810	354	38	125
806	358	39	115
807	362	39	112
808	376	36	121
803	358	41	121
803	357	44	124
802	355	44	125
805	356	44	130
807	349	42	136
806	347	43	122
807	352	44	121
805	350	43	123
805	347	47	127
802	348	47	122
804	351	44	117
801	348	48	107
798	354	51	101
802	351	48	104
802	352	46	108
805	351	42	103
797	357	41	115
799	350	52	101
797	361	41	112
805	355	36	106
801	348	36	115
797	358	42	126
785	343	48	111
786	351	49	90
784	361	46	95
786	359	47	106
786	359	47	106
787	359	42	118
786	344	41	130
784	342	42	129
781	341	41	135
785	344	39	129
782	346	40	141
777	345	44	129
777	347	37	123
780	352	44	119
772	337	53	130
772	347	48	138
775	350	40	133
772	349	45	134
769	350	49	119
770	362	52	108
769	358	49	105
767	357	53	98
777	369	49	102
776	362	43	108
775	352	50	120
775	351	51	124
774	346	53	119
776	347	56	121
777	352	57	116
799	349	41	114
798	353	47	118
805	348	41	113
806	346	44	102
799	361	56	99
800	354	55	108
809	356	46	101
810	352	44	86
815	357	39	78
815	358	42	84
817	357	45	79
811	360	49	87
811	363	40	86
810	362	42	91
809	359	44	94
807	354	47	109
808	357	48	109
802	354	58	116
800	348	54	104
801	361	55	112
800	358	54	117
797	349	60	130
785	369	66	117
790	371	77	134
798	363	60	147
795	357	76	156
793	357	60	152
794	358	53	139
794	365	43	122
790	361	50	123
806	364	47	125
793	364	58	120
792	373	45	122
792	352	40	137
791	345	52	141
794	364	37	139
793	352	39	154
789	351	43	152
787	361	47	150
789	367	55	146
791	367	41	143
791	380	43	147
801	354	55	148
787	361	52	155
781	361	48	141
786	370	46	130
784	375	50	114
785	381	46	109
787	377	44	113
792	364	39	115
789	364	42	131
783	360	53	123
780	368	57	130
782	385	51	114
773	360	62	124
778	365	56	134
790	375	43	139
789	364	41	143
788	367	41	149
787	368	45	143
786	382	47	135
789	384	39	121
786	390	40	111
781	396	47	102
792	393	40	102
789	369	43	114
786	362	52	123
788	379	39	125
788	378	37	125
785	372	43	117
783	378	47	120
788	383	36	118
783	385	46	129
783	372	50	126
786	379	44	133
786	377	41	143
785	376	47	133
790	380	34	138
784	380	43	134
783	386	44	132
783	377	47	144
784	374	43	140
782	375	46	140
790	380	33	133
780	381	43	132
785	371	38	146
780	381	43	138
776	383	37	136
774	384	46	123
774	400	44	118
764	404	54	118
764	406	54	111
763	400	53	119
762	400	56	117
765	395	55	119
767	393	56	134
764	386	55	146
761	377	59	154
768	390	50	137
767	391	52	135
765	399	49	128
767	411	48	128
762	411	52	123
760	397	54	137
760	403	51	143
760	390	43	150
758	375	52	162
757	383	50	146
756	390	47	144
755	384	47	135
749	381	61	145
750	393	67	150
754	405	59	141
752	392	54	137
754	409	51	133
749	388	58	127
745	404	62	141
748	402	59	152
740	381	63	138
747	381	56	159
740	390	65	175
741	395	67	165
745	401	57	156
749	405	57	146
744	421	65	140
747	419	58	140
745	408	58	151
745	431	54	151
741	416	61	155
742	386	66	163
740	417	56	163
738	401	60	182
737	397	59	176
733	406	55	164
732	402	60	182
739	405	59	164
735	415	63	180
730	396	62	172
727	409	61	156
743	413	51	150
728	416	63	141
724	415	69	158
712	410	80	161
724	414	65	155
719	414	63	143
716	413	72	145
727	435	63	161
715	420	78	170
711	436	83	161
722	442	67	167
719	450	68	160
711	429	76	161
711	441	72	145
714	435	65	167
710	438	71	162
717	454	62	150
709	423	55	151
708	421	60	136
706	443	63	137
705	428	63	148
703	429	68	153
704	427	73	171
694	433	87	165
696	456	70	148
694	458	68	149
700	457	62	142
694	452	66	144
696	458	67	142
698	432	64	157
691	465	56	144
695	492	51	138
694	525	52	122
698	530	49	130
700	508	57	126
692	505	60	129
692	489	64	127
687	517	74	105
692	500	68	127
699	456	63	135
686	510	69	137
702	464	74	155
690	501	83	166
694	483	72	172
698	456	69	178
696	461	69	189
693	469	71	217
688	461	94	210
692	470	89	201
695	477	83	202
695	484	85	181
696	471	81	183
698	491	81	161
698	478	74	169
698	495	82	149
695	492	90	167
702	479	82	193
703	483	86	196
696	493	91	188
699	497	90	182
705	498	89	200
702	512	97	178
707	509	93	164
700	504	106	186
689	509	114	192
705	517	100	166
703	539	122	193
709	514	117	205
719	510	111	234
728	485	110	251
724	510	124	233
733	499	113	262
728	481	116	274
740	477	105	298
741	482	108	300
744	480	110	262
749	491	96	249
753	490	105	275
753	471	105	279
757	487	107	280
752	506	110	247
751	496	114	250
758	498	107	270
758	477	105	291
759	494	109	288
753	493	119	297
751	496	122	292
749	506	129	297
737	505	143	324
746	505	125	310
757	503	121	313
752	506	123	326
758	499	117	348
744	505	131	327
746	514	130	311
745	520	135	328
749	516	131	356
744	490	130	355
743	506	133	360
746	513	135	351
753	522	128	334
755	533	123	331
752	541	123	311
750	549	137	295
745	551	134	292
738	544	143	319
738	532	137	331
737	526	130	373
748	521	124	386
741	521	123	380
736	526	127	337
734	552	128	316
727	553	137	324
725	548	134	355
703	550	158	339
709	562	135	342
710	538	131	352
687	571	164	352
689	550	155	360
671	560	179	358
682	534	146	395
676	552	149	382
640	574	180	359
631	576	186	376
650	541	166	424
644	561	167	407
637	558	171	420
644	588	160	399
637	561	167	425
632	586	167	416
630	579	164	425
619	554	174	457
612	584	189	467
589	602	209	444
610	588	178	418
617	575	159	417
607	563	176	459
603	536	166	505
599	545	168	490
600	540	163	509
595	542	175	491
605	551	161	501
599	540	175	514
594	540	166	523
588	532	170	550
578	538	182	536
591	521	159	561
591	539	167	533
585	532	159	542
598	521	150	557
587	524	176	555
584	504	169	572
580	504	164	576
597	468	156	611
579	457	168	639
588	443	157	651
599	491	140	603
591	494	151	596
593	489	154	592
590	514	154	569
588	534	153	545
600	494	147	580
587	482	165	604
590	492	143	595
598	497	160	579
587	469	159	622
612	504	129	584
609	492	135	585
595	505	157	562
597	524	159	561
611	515	142	553
608	497	136	573
612	461	139	601
602	482	147	601
610	476	148	616
592	494	169	590
598	471	153	608
604	510	150	578
595	499	169	573
593	504	150	569
603	520	149	569
612	504	144	567
596	496	149	582
582	517	181	562
589	498	169	575
582	526	170	550
598	470	149	607
584	489	164	598
590	509	167	568
598	499	150	576
600	504	154	578
607	510	144	574
619	503	126	581
619	503	126	581
602	493	139	586
605	478	153	579
604	507	145	571
620	446	138	640
612	474	127	611
611	485	128	598
608	461	135	628
591	506	157	581
608	496	143	578
607	480	137	610
616	454	127	625
609	444	152	637
622	453	134	623
613	432	139	645
622	456	132	636
616	429	145	658
614	388	141	648
613	431	131	658
613	402	129	676
607	349	155	707
602	349	152	734
617	420	120	672
616	392	116	656
613	329	124	641
617	445	120	642
617	432	127	616
615	361	131	613
621	408	123	579
604	444	134	640
624	409	127	671
628	343	115	653
637	368	117	624
622	388	124	674
636	415	116	652
634	379	118	635
628	408	129	676
637	429	127	657
645	412	121	640
634	314	125	623
636	328	121	619
650	356	107	584
642	394	115	559
652	301	97	519
659	413	95	467
659	384	88	459
664	414	98	421
665	416	85	368
654	426	97	323
656	434	105	314
654	440	108	276
659	446	103	251
651	441	106	276
662	437	100	262
664	439	94	255
667	430	92	278
662	423	95	290
669	419	89	278
671	431	93	272
671	427	99	283
674	436	95	269
671	437	89	254
680	429	96	270
675	444	98	249
677	434	95	239
682	454	87	220
687	443	84	213
688	434	88	212
691	436	89	220
696	437	82	226
703	430	80	231
703	431	78	220
699	421	82	213
701	435	81	215
702	427	86	221
702	435	84	236
710	421	77	229
709	425	84	229
710	426	84	234
714	426	79	242
712	425	81	228
716	421	76	241
713	422	91	241
711	424	84	225
715	425	84	213
713	431	84	200
713	421	85	219
710	425	90	218
721	426	84	211
719	419	87	232
720	415	79	225
721	419	81	217
719	417	86	224
728	420	80	207
730	419	76	194
731	423	76	196
727	421	79	205
739	422	76	206
732	419	78	212
740	419	77	220
741	418	77	195
743	414	79	177
738	422	85	179
739	423	86	188
740	419	85	194
750	423	75	191
749	419	77	182
748	423	82	184
748	423	83	177
747	421	85	184
743	423	91	185
752	422	84	180
758	423	68	164
759	420	75	162
759	420	69	164
759	418	79	158
758	423	74	155
765	420	67	176
768	430	69	157
770	419	65	171
771	425	68	179
770	418	74	191
770	418	67	191
772	421	64	171
778	420	64	179
776	414	71	178
777	420	70	199
779	420	65	182
777	420	71	171
781	417	70	164
780	422	71	170
780	417	73	165
790	418	62	173
787	416	63	181
786	408	66	184
792	412	62	169
791	413	62	179
789	413	66	183
790	405	65	180
795	409	61	186
791	410	62	164
793	415	61	165
795	414	60	178
794	406	64	186
794	394	64	192
794	384	67	188
794	410	61	193
793	382	72	188
796	382	64	194
797	383	62	180
797	386	60	173
800	391	61	165
801	386	59	165
801	384	58	165
800	398	62	179
799	368	69	187
797	386	64	196
798	362	70	206
799	350	67	219
804	332	66	235
806	358	57	214
810	355	56	208
808	347	59	212
810	353	70	206
808	364	68	199
813	369	61	197
813	375	62	180
812	379	62	184
821	380	62	194
816	367	60	195
819	369	66	193
815	363	69	191
822	364	59	192
823	359	56	192
825	353	56	202
828	356	54	201
824	350	57	206
828	361	59	201
827	359	55	183
826	354	63	171
827	353	58	184
824	366	63	174
829	360	63	176
830	357	58	179
831	349	60	194
830	355	64	181
831	353	58	186
829	346	63	190
832	353	65	174
835	351	66	183
832	343	59	189
832	341	60	201
840	343	55	198
841	355	53	195
839	363	60	181
836	342	82	194
838	344	82	191
839	345	75	181
842	364	67	164
839	344	76	189
841	326	70	203
838	310	87	228
839	328	82	209
838	309	96	220
847	335	70	199
850	335	74	203
840	317	88	225
852	311	82	223
852	314	71	219
853	303	75	230
858	314	69	215
862	321	61	209
865	330	59	202
870	354	50	188
872	352	49	187
870	351	52	167
876	352	49	164
876	352	53	170
874	357	55	165
879	354	51	163
877	357	54	164
877	353	57	164
878	348	58	172
884	347	55	175
877	342	64	179
880	352	70	172
873	337	79	192
885	352	65	181
883	349	68	181
884	349	71	180
886	347	67	185
898	356	57	174
903	337	55	190
908	342	52	187
912	353	51	174
911	358	55	167
912	362	54	161
918	368	54	149
921	372	50	147
920	372	53	140
912	372	67	122
924	377	56	135
924	375	62	137
935	375	51	145
933	375	57	153
937	377	56	154
933	372	62	159
920	368	75	165
928	371	74	166
939	371	66	164
944	372	61	173
954	372	55	164
953	374	58	170
961	377	55	167
964	375	55	166
958	375	65	168
967	379	60	160
960	378	72	163
972	379	63	182
978	379	61	187
984	381	57	180
987	383	57	175
987	383	59	178
993	381	59	180
1000	378	53	188
1006	384	53	178
1009	385	50	172
1013	385	53	169
1016	384	53	171
1020	385	56	170
1020	381	59	180
1025	381	56	193
1029	384	56	201
1031	386	57	195
1036	388	56	181
1038	390	57	178
1040	390	59	188
1042	392	58	186
1048	393	57	183
1050	392	55	172
1055	394	52	182
1055	393	55	187
1057	392	55	197
1058	393	57	196
1060	397	55	200
1063	395	54	197
1062	398	56	203
1062	397	54	202
1065	403	55	197
1064	405	57	189
1066	407	54	185
1069	406	53	195
1071	408	54	197
1073	410	56	201
1075	413	57	193
1078	415	58	186
1081	414	57	190
1086	416	59	195
1090	414	58	200
1093	415	62	197
1098	416	63	196
1100	415	65	198
1102	415	65	205
1110	418	61	201
1111	420	66	204
1114	420	67	209
1116	423	69	199
1119	426	72	207
1122	423	71	213
1126	422	69	218
1128	421	70	224
1132	423	70	224
1134	421	70	228
1139	419	67	230
1140	423	68	227
1147	421	63	224
1145	421	65	231
1147	422	66	236
1150	424	67	236
1151	426	67	232
1152	426	67	228
1153	432	70	229
1158	436	69	229
1160	439	69	241
1165	441	73	258
1168	435	69	250
1171	442	72	242
1175	442	72	236
1178	444	76	239
1184	443	73	235
1187	443	80	246
1187	443	78	234
1194	443	82	255
1199	445	82	241
1205	446	76	234
1211	448	82	239
1213	450	83	238
1217	448	85	248
1222	454	84	248
1230	453	81	246
1229	455	86	257
1235	455	82	260
1237	456	87	262
1243	454	82	265
1247	455	83	281
1252	456	82	280
1255	455	80	268
1258	458	82	254
1259	460	82	258
1263	460	86	262
1267	461	88	290
1273	464	85	278
1276	465	84	281
1277	472	91	295
1278	477	94	275
1285	477	91	282
1291	480	93	300
1289	485	103	292
1296	480	98	290
1301	488	100	285
1306	490	99	288
1314	491	99	285
1315	486	103	301
1324	488	94	283
1325	487	93	283
1328	494	98	279
1327	490	105	285
1330	489	103	288
1329	494	103	288
1330	493	102	286
1329	495	103	286
1326	493	103	302
1327	489	99	305
1325	487	94	308
1322	487	95	303
1316	485	100	312
1315	485	94	298
1316	480	90	297
1310	477	92	298
1315	473	86	298
1313	468	90	299
1308	466	94	295
1309	467	100	298
1313	465	91	292
1314	462	94	296
1311	465	92	283
1307	456	101	299
1312	459	91	281
1307	460	96	286
1304	454	100	285
1302	449	91	285
1298	448	92	291
1293	448	94	285
1288	448	91	277
1279	446	94	270
1275	443	87	269
1270	442	87	267
1260	434	90	265
1250	439	88	261
1244	434	90	254
1234	444	94	254
1232	437	82	254
1223	436	83	269
1212	436	88	271
1204	432	88	272
1195	433	80	267
1186	429	86	271
1176	441	85	256
1170	438	85	246
1163	439	75	242
1155	437	73	233
1145	433	75	243
1138	429	75	241
1129	431	71	238
1119	433	73	233
1109	436	75	228
1101	440	71	216
1096	436	74	226
1091	441	75	218
1089	438	73	221
1089	439	70	220
1085	439	71	221
1085	436	71	222
1086	433	68	229
1085	435	72	221
1083	430	70	224
1083	432	71	215
1087	430	67	214
1086	433	66	214
1090	433	65	214
1091	430	64	221
1090	428	69	225
1093	431	67	216
1094	429	64	222
1092	432	66	226
1092	432	68	224
1091	432	72	230
1091	430	71	230
1093	432	67	225
1097	434	63	224
1095	436	65	217
1096	439	64	220
1095	436	67	209
1098	438	64	216
1095	441	69	213
1098	434	64	224
1095	437	71	221
1100	438	67	217
1099	437	64	219
1100	438	65	220
1099	435	68	225
1098	442	70	217
1100	444	71	223
1099	444	72	219
1099	442	76	218
1098	444	76	219
1101	443	76	221
1100	446	72	216
1102	448	77	219
1102	447	72	221
1108	444	66	230
1110	443	64	227
1112	449	64	217
1115	452	63	211
1116	446	66	223
1117	448	64	226
1112	451	69	222
1115	453	71	227
1117	453	69	223
1117	454	70	227
1118	451	74	233
1116	458	82	227
1117	453	75	231
1118	455	77	232
1118	458	80	232
1121	459	81	234
1122	457	77	238
1122	458	77	238
1125	454	74	242
1127	452	73	250
1129	453	71	249
1136	459	71	232
1134	460	70	237
1134	466	75	242
1139	467	71	238
1139	460	77	239
1139	462	79	240
1138	459	82	242
1141	466	82	239
1142	461	84	235
1144	472	87	233
1146	467	82	235
1148	464	82	239
1154	466	77	233
1154	467	74	232
1156	454	71	234
1159	455	69	235
1162	457	69	225
1162	450	72	236
1162	447	74	239
1168	450	68	231
1169	445	70	241
1170	450	75	233
1172	451	66	233
1173	448	67	239
1172	447	69	238
1170	446	74	242
1172	448	71	234
1167	451	73	228
1168	447	71	228
1167	450	71	228
1162	454	74	223
1157	447	71	226
1152	450	75	220
1145	443	75	224
1142	444	75	222
1134	441	73	223
1130	448	71	216
1123	448	68	215
1115	446	69	226
1108	450	71	218
1104	444	66	214
1096	448	69	217
1087	450	73	214
1078	440	77	227
1073	441	75	220
1064	442	75	221
1060	440	69	226
1047	442	74	216
1036	438	84	220
1029	442	80	209
1017	435	86	220
1013	439	84	212
1012	436	76	211
1007	434	70	214
1001	437	75	215
999	445	74	207
998	443	72	207
995	441	71	217
994	439	73	217
998	445	67	209
994	444	67	210
996	443	69	213
991	440	71	209
990	443	74	203
994	440	71	210
996	441	69	210
997	440	65	207
995	436	69	199
993	430	69	211
993	436	73	203
999	434	63	212
997	436	66	214
998	433	66	210
1002	435	65	212
999	435	68	211
1001	438	67	208
1002	436	64	211
1003	436	65	208
1004	439	69	204
1005	435	68	204
1006	433	67	207
1008	432	71	210
1008	430	67	208
1009	428	66	194
1009	425	67	200
1008	426	74	197
1009	421	69	195
1011	417	70	197
1011	416	69	205
1012	416	69	199
1011	411	68	208
1014	413	62	213
1011	415	68	204
1010	406	69	197
1014	406	64	198
1013	401	61	206
1016	397	63	201
1016	397	61	194
1017	395	61	187
1016	386	64	187
1017	387	62	189
1020	382	61	193
1016	382	65	193
1023	381	58	190
1020	380	61	187
1021	379	59	188
1022	379	62	189
1026	377	60	190
1024	376	59	192
1026	378	55	188
1024	380	59	182
1024	376	64	189
1025	376	64	183
1025	372	62	187
1030	368	58	193
1031	369	59	187
1032	367	57	186
1030	368	63	186
1032	366	63	185
1037	365	59	184
1037	362	57	182
1038	367	63	179
1040	364	56	185
1040	366	64	191
1042	363	57	192
1047	361	55	189
1045	365	58	175
1047	365	54	173
1049	363	55	173
1044	364	62	177
1049	362	57	173
1051	361	54	164
1051	364	57	170
1053	361	56	172
1054	363	54	176
1056	361	56	171
1057	358	58	171
1057	364	55	167
1058	365	58	173
1059	362	61	171
1061	360	58	174
1063	362	60	171
1064	364	56	171
1067	364	57	171
1067	364	64	173
1069	365	66	170
1072	373	59	163
1073	364	58	163
1077	368	56	164
1078	367	58	162
1082	368	55	164
1084	366	54	169
1084	366	55	171
1087	367	54	169
1091	369	55	170
1089	370	56	164
1094	370	52	164
1094	372	52	167
1092	374	60	165
1094	371	60	165
1099	371	56	178
1103	368	56	172
1107	372	56	160
1109	373	55	162
1113	373	55	154
1114	372	59	160
1115	378	58	154
1122	370	55	166
1123	373	59	160
1125	380	59	163
1126	376	60	163
1132	377	60	156
1135	387	63	157
1140	384	66	151
1145	380	61	163
1149	382	62	152
1156	383	64	154
1164	379	61	159
1172	376	60	161
1178	382	53	155
1183	373	57	165
1188	382	60	151
1193	377	56	158
1198	374	56	159
1200	375	61	158
1201	377	63	154
1201	381	71	161
1217	383	63	161
1224	384	64	159
1228	382	62	168
1237	381	66	161
1241	384	67	159
1250	387	62	149
