1220	926	85	152
1220	919	80	161
1214	917	86	159
1210	912	89	160
1205	906	94	168
1202	898	92	169
1199	892	90	177
1197	887	88	184
1198	885	72	182
1195	882	67	184
1188	870	71	189
1186	873	70	188
1182	857	68	197
1177	843	74	207
1174	836	70	206
1165	825	80	205
1167	828	74	184
1166	836	66	164
1158	844	74	146
1155	827	72	164
1151	813	72	177
1146	809	72	173
1141	796	69	180
1135	799	71	169
1132	791	70	173
1127	787	76	168
1121	772	78	172
1117	775	75	163
1116	776	69	151
1109	781	70	141
1107	769	67	150
1108	768	62	150
1103	758	59	156
1099	751	62	160
966	922	80	179
965	915	83	168
965	912	78	168
963	908	81	171
964	905	77	175
964	897	78	181
962	888	78	187
966	877	75	191
967	866	72	206
967	859	74	213
968	854	75	210
968	847	75	214
969	845	77	204
968	840	77	183
976	840	69	179
979	835	65	176
981	828	62	181
981	813	61	190
978	811	65	190
981	802	63	194
979	796	60	187
978	796	61	178
977	791	62	178
976	790	61	161
971	790	67	157
964	786	75	158
966	787	71	154
967	777	65	158
967	766	66	168
967	759	61	173
965	759	64	167
967	749	63	168
965	754	65	151
966	755	65	136
969	750	60	135
971	747	55	139
971	729	54	154
970	732	53	152
967	719	54	165
967	719	54	161
966	709	50	150
962	708	52	143
959	708	52	140
955	706	55	137
953	702	59	142
954	712	57	131
948	704	62	137
947	705	57	134
947	698	55	139
938	697	60	135
939	696	57	124
938	695	55	123
939	688	53	123
935	695	54	107
934	690	51	108
935	680	44	122
932	686	48	117
929	686	47	112
927	678	49	121
922	677	54	114
921	672	47	110
911	660	55	118
908	664	51	108
895	661	63	111
900	663	55	106
897	666	58	105
894	662	55	104
887	660	60	107
885	661	60	102
877	657	64	101
876	651	59	92
871	644	62	108
759	653	47	126
872	634	53	119
756	672	49	121
756	672	49	121
756	672	49	121
861	625	47	115
857	622	44	111
758	667	46	113
850	622	47	108
848	626	44	107
759	667	47	114
840	627	42	102
836	626	42	99
828	629	49	98
826	624	48	102
821	623	49	98
818	614	50	112
814	614	47	106
812	613	45	93
808	612	45	92
804	616	44	91
800	613	45	95
796	617	45	93
793	613	44	101
792	616	39	92
787	610	39	94
784	607	44	97
778	610	47	90
776	613	43	76
770	603	44	87
766	609	49	89
759	608	54	87
660	543	67	99
658	523	73	113
654	518	78	123
652	520	86	125
652	520	86	125
703	565	85	123
700	563	85	127
704	565	76	124
631	546	56	112
631	549	46	106
626	556	45	96
622	559	49	92
620	562	44	88
614	561	47	93
614	558	43	96
611	557	42	96
610	558	38	94
607	557	39	98
603	556	43	101
600	559	41	94
595	559	44	96
590	560	47	100
590	561	43	98
586	564	43	95
581	563	45	100
579	561	44	104
577	560	44	110
574	562	44	106
572	560	46	107
570	560	43	115
567	562	44	106
646	584	49	99
645	588	46	99
642	589	46	96
642	590	41	93
640	590	38	96
638	586	38	99
634	584	43	104
631	585	42	102
627	584	46	106
625	585	45	103
621	586	51	106
618	586	50	103
616	591	47	104
614	594	44	102
610	593	46	105
604	593	50	108
599	593	52	117
596	591	53	113
592	589	54	115
592	592	50	109
590	592	51	110
589	595	49	105
589	599	48	102
588	600	45	107
589	602	41	99
588	602	41	98
587	602	40	99
584	600	40	105
580	598	40	103
577	599	42	101
573	603	44	101
571	602	43	108
566	604	47	105
563	608	49	101
560	611	47	98
560	612	45	100
556	615	46	98
552	614	46	101
548	614	51	106
545	612	51	106
547	613	50	112
545	615	53	112
545	617	50	104
547	616	46	111
544	616	49	110
469	769	62	109
544	619	46	108
546	618	42	115
544	623	44	107
543	625	44	110
543	626	44	110
542	628	44	105
542	624	41	112
541	623	40	111
541	626	40	107
538	625	41	109
536	627	41	109
536	630	43	105
533	631	44	106
534	632	44	107
532	632	46	108
531	631	47	110
531	630	46	108
531	627	46	109
530	629	48	106
530	627	48	107
529	625	48	102
529	626	47	95
528	631	45	96
528	626	44	96
527	624	44	95
527	621	41	98
526	617	37	99
526	618	35	96
523	617	38	101
523	619	36	96
521	619	37	93
519	618	38	97
518	615	38	97
518	613	35	99
516	609	36	101
514	601	40	109
516	603	39	109
520	603	35	109
525	601	33	110
530	604	33	106
536	602	31	109
546	594	35	109
551	600	38	107
559	594	40	114
578	593	36	105
592	599	32	104
606	598	32	106
623	596	31	111
635	587	35	112
651	586	36	112
665	593	37	101
681	586	36	105
694	585	36	101
707	592	35	93
713	586	42	100
718	587	44	96
706	587	58	100
708	590	68	98
715	585	65	106
713	593	61	103
714	596	68	100
719	598	65	99
721	591	71	106
725	589	58	112
730	590	52	108
730	592	56	108
730	591	51	112
729	590	53	115
737	590	47	115
737	598	44	107
743	599	40	106
747	595	34	110
748	601	34	106
749	599	35	108
749	599	35	108
749	590	38	117
751	593	39	119
751	609	38	105
752	602	43	110
752	598	45	113
752	600	47	115
751	593	50	120
749	593	55	118
751	603	57	110
750	598	58	116
748	595	64	118
748	597	67	114
748	592	68	119
752	593	66	122
753	602	69	113
751	601	74	113
754	607	75	106
750	603	81	112
749	599	86	116
760	612	78	103
782	621	70	93
767	618	72	97
756	613	81	100
756	606	99	109
751	603	91	106
755	604	89	109
752	603	66	104
759	600	47	109
818	613	34	105
819	624	36	94
822	618	36	98
820	626	44	92
820	628	49	90
822	625	51	92
821	630	55	86
824	626	51	91
827	637	49	80
830	639	47	78
828	638	48	80
836	636	40	79
837	639	39	78
844	637	33	79
848	634	33	80
852	636	30	78
854	633	30	81
857	637	30	79
857	634	31	81
858	633	32	82
858	628	39	88
858	629	38	87
858	633	47	81
859	633	50	80
861	630	47	85
860	627	49	90
864	623	45	93
863	621	47	95
868	622	44	93
870	622	44	95
875	623	39	95
878	621	38	95
880	621	37	94
882	624	35	88
886	623	33	91
890	623	32	93
892	620	30	98
891	617	34	101
893	616	34	102
894	618	35	100
892	622	41	94
896	620	36	95
895	626	38	90
900	626	34	90
899	624	36	93
902	626	37	94
907	627	33	90
905	626	36	94
909	621	34	93
913	619	32	87
914	618	31	82
917	622	32	76
918	617	32	79
919	625	33	92
919	621	33	80
921	624	32	78
923	624	30	77
924	625	31	77
926	623	27	77
925	616	30	81
925	612	33	84
925	617	34	83
926	617	34	77
927	616	35	80
928	614	35	80
926	610	39	83
930	610	35	81
931	612	37	84
931	611	39	80
930	613	39	77
931	615	39	76
929	611	43	81
931	610	41	82
931	613	43	77
930	613	41	76
932	614	39	79
932	613	38	77
931	616	37	73
930	619	34	69
929	617	38	70
928	619	36	67
928	619	34	68
927	617	37	68
929	619	30	65
924	620	35	63
924	619	34	68
