886	233	31	33
887	233	31	30
887	234	30	29
888	234	29	30
889	233	27	30
889	231	28	31
894	230	25	31
892	230	28	31
892	229	26	30
891	229	27	30
892	228	25	31
892	228	26	31
894	231	25	26
894	231	25	26
894	231	25	26
894	231	25	26
894	231	25	26
894	231	25	26
894	231	25	27
894	231	25	27
894	231	25	27
894	231	25	27
894	231	25	27
894	231	25	27
894	231	25	27
894	231	25	27
894	231	25	27
894	231	25	27
895	237	26	27
895	237	26	27
895	237	26	27
895	237	26	27
895	237	26	27
895	237	26	27
895	247	26	28
896	249	23	25
896	249	23	25
896	249	23	25
896	249	23	25
896	249	23	25
896	249	23	25
896	249	23	25
896	249	23	25
896	249	23	25
896	249	23	25
896	249	23	25
896	249	23	25
896	249	23	25
896	249	23	25
896	249	23	25
896	249	23	25
896	249	23	25
896	249	23	25
896	249	23	25
896	249	23	25
900	254	25	30
898	252	27	33
898	252	27	33
898	252	27	33
898	252	27	33
898	252	27	33
898	252	27	33
898	252	27	33
899	255	27	33
899	255	27	33
899	255	27	33
899	255	27	33
899	255	27	33
898	255	30	35
898	255	30	35
899	259	29	32
899	257	29	32
899	257	29	32
898	260	30	29
898	260	30	29
898	260	30	29
898	260	30	29
898	260	30	29
898	260	30	29
900	260	29	30
904	261	26	29
904	261	26	28
901	262	25	27
900	259	28	30
901	259	28	29
900	263	28	26
901	262	27	27
901	262	27	27
901	262	27	27
901	262	27	27
901	262	27	27
901	262	27	27
901	262	27	27
903	256	24	28
903	256	24	28
903	256	24	28
903	256	24	28
903	256	24	28
903	256	24	28
903	256	24	28
903	256	24	28
903	256	24	28
903	256	24	28
903	256	24	28
903	256	24	28
903	256	24	28
904	248	24	28
906	248	23	29
904	248	24	28
904	248	24	28
904	248	24	28
906	242	23	33
907	242	23	30
904	241	26	32
904	241	27	30
904	241	27	30
904	241	27	30
904	241	27	30
904	241	27	30
904	241	27	30
904	241	27	30
904	241	27	30
904	241	27	30
903	237	24	33
902	239	24	30
901	236	27	32
901	237	29	31
902	235	28	30
904	233	29	33
904	233	29	33
903	238	26	29
903	238	26	29
903	238	26	29
903	238	26	29
903	238	26	29
903	238	26	29
903	238	26	29
903	238	26	29
903	238	26	29
903	238	26	29
903	238	26	29
903	238	26	29
903	238	26	29
903	238	26	29
903	238	26	29
903	238	26	29
903	238	26	29
903	238	26	29
903	238	26	29
903	238	26	29
903	238	26	29
903	238	26	29
900	230	26	34
900	230	26	34
900	230	26	34
900	230	26	34
900	230	26	34
900	230	26	34
900	230	26	34
900	230	26	34
900	230	26	34
900	230	26	34
900	230	26	34
900	230	26	34
900	230	26	34
900	230	26	34
900	230	26	34
900	230	26	34
900	230	26	34
900	230	26	34
900	230	26	34
900	230	26	34
900	230	26	34
900	230	26	34
900	230	26	34
900	230	26	34
900	230	26	34
900	230	26	34
900	230	26	34
900	230	26	34
900	230	26	34
900	230	26	34
900	230	26	34
900	230	26	34
900	230	26	34
895	237	26	33
895	237	26	33
895	237	26	33
895	237	26	33
895	237	26	33
895	237	26	33
895	237	26	33
891	241	26	31
893	241	26	31
893	241	26	31
893	242	21	31
893	242	21	31
893	242	21	31
893	242	21	31
893	242	21	31
893	242	21	31
893	242	21	31
893	244	27	32
893	244	27	32
893	244	27	32
895	248	28	33
894	251	33	31
894	251	33	31
894	251	33	31
894	251	33	31
895	250	25	29
899	247	24	29
899	247	24	29
899	247	24	29
899	247	24	29
899	247	24	29
899	247	24	29
899	247	24	29
899	247	24	29
899	247	24	29
899	247	24	29
899	247	24	29
899	247	24	29
899	247	24	29
899	247	24	29
899	247	24	29
899	247	24	29
899	247	24	29
899	247	24	29
899	247	24	29
899	247	24	29
899	247	24	29
899	247	24	29
899	247	24	29
899	247	24	29
899	247	24	29
906	257	25	25
906	257	25	25
906	257	25	25
906	257	25	25
906	257	25	25
909	246	24	29
909	246	24	29
909	246	24	29
909	246	24	29
909	246	24	29
908	245	27	28
907	247	29	30
909	247	27	28
909	247	27	28
909	247	27	28
909	247	27	28
909	247	27	28
909	247	27	28
909	247	27	28
909	247	27	28
909	247	27	28
909	247	27	28
909	247	27	28
909	247	27	28
909	247	27	28
909	247	27	28
909	247	27	28
909	247	27	28
909	247	27	28
909	247	27	28
909	247	27	28
909	247	27	28
909	247	27	28
909	247	27	28
909	247	27	28
909	247	27	28
909	247	27	28
909	247	27	28
909	247	27	28
909	247	27	28
909	247	27	28
909	247	27	28
909	247	27	28
909	247	27	28
909	247	27	28
909	247	27	28
909	247	27	28
909	247	27	28
909	247	27	28
909	247	27	28
909	247	27	28
909	247	27	28
909	247	27	28
909	247	27	28
909	247	27	28
909	247	27	28
909	247	27	28
909	247	27	28
909	247	27	28
909	247	27	28
909	247	27	28
909	247	27	28
909	247	27	28
909	247	27	28
909	247	27	28
909	247	27	28
909	247	27	28
909	247	27	28
909	247	27	28
909	247	27	28
926	236	28	35
927	234	33	38
924	234	36	39
925	233	38	41
924	233	38	41
925	231	36	43
924	232	39	40
924	231	38	41
924	230	39	41
925	229	38	45
925	230	38	43
925	229	39	45
926	229	40	42
926	228	39	43
925	228	39	42
926	227	41	42
925	227	41	41
926	226	40	42
926	225	40	41
927	226	39	41
927	224	40	42
927	219	40	46
927	220	41	45
927	220	41	45
926	222	38	41
926	222	38	41
928	219	38	41
928	219	38	41
928	219	38	41
928	219	38	41
928	219	38	41
926	216	38	40
926	216	38	40
926	216	38	40
926	216	38	40
926	216	38	40
926	216	38	40
926	216	38	40
926	216	38	40
926	216	38	40
926	216	38	40
926	216	38	40
926	216	38	40
926	216	38	40
926	216	38	40
926	216	38	40
985	239	32	44
985	239	32	44
985	239	32	44
985	239	32	44
985	239	32	44
973	232	36	43
973	232	36	43
973	232	36	43
973	232	36	43
973	232	36	43
973	232	36	43
973	232	36	43
973	232	36	43
973	232	36	43
973	232	36	43
973	232	36	43
973	232	36	43
973	232	36	43
1003	155	37	45
1003	155	37	45
1003	155	37	45
1003	155	37	45
1003	155	37	45
1003	155	37	45
1003	155	37	45
1003	155	37	45
1003	155	37	45
1003	155	37	45
1003	155	37	45
931	232	38	40
931	232	38	40
931	232	38	40
931	232	38	40
931	232	38	40
931	232	38	40
931	229	40	43
931	229	40	43
932	228	39	44
932	228	39	44
932	228	39	44
932	228	39	44
932	228	39	44
932	228	39	44
932	228	39	44
932	228	39	44
932	228	39	44
932	228	39	44
932	228	39	44
932	228	39	44
932	228	39	44
932	228	39	44
932	228	39	44
932	228	39	44
932	228	39	44
932	228	39	44
932	228	39	44
932	228	39	44
932	228	39	44
932	228	39	44
932	228	39	44
932	228	39	44
932	228	39	44
929	234	39	39
929	234	45	38
930	232	42	41
929	232	39	41
928	229	41	44
928	230	39	43
928	231	39	42
927	229	41	44
927	230	41	42
929	230	41	42
926	230	43	42
929	230	41	40
927	231	43	41
927	230	42	41
926	230	41	41
926	230	41	40
922	231	47	38
924	228	46	39
926	231	44	35
926	231	44	35
927	229	44	39
927	229	44	39
927	229	44	39
927	229	44	39
928	229	40	39
928	229	40	39
928	229	40	39
928	229	40	39
928	229	40	39
928	229	40	39
928	230	41	41
931	228	34	42
931	228	34	42
931	228	34	42
931	228	34	42
931	228	34	42
931	228	34	42
931	228	34	42
931	228	34	42
931	228	34	42
931	228	34	42
931	228	34	42
931	228	34	42
931	228	34	42
928	232	37	39
928	232	37	39
928	232	37	39
926	238	39	38
926	238	39	38
926	238	39	38
926	238	39	38
926	238	39	38
926	238	39	38
925	251	42	33
925	251	42	33
926	248	43	39
926	250	43	41
926	250	43	41
926	250	43	41
926	250	43	41
927	263	39	36
928	265	38	38
929	268	40	38
927	271	41	37
928	274	41	38
927	279	42	34
928	279	41	38
927	280	43	40
927	282	44	39
927	286	41	40
928	289	41	40
927	291	42	40
927	293	42	44
927	300	42	39
927	301	40	39
927	301	41	41
927	303	39	41
927	305	40	41
926	307	41	42
926	308	39	41
926	310	39	39
926	310	40	41
925	309	40	45
924	311	41	45
924	312	43	45
925	313	42	40
926	312	40	41
927	313	38	40
927	315	38	42
925	315	40	42
924	315	41	44
926	316	39	41
926	316	38	41
925	317	40	42
925	316	40	42
925	317	40	42
923	319	41	40
924	320	41	41
926	321	39	40
924	319	39	40
923	320	42	41
923	320	41	41
923	321	41	41
924	321	40	41
924	319	40	44
924	323	40	40
923	322	39	43
924	324	41	41
923	324	42	40
923	323	40	43
923	325	41	41
923	324	40	43
923	323	39	43
924	324	39	43
923	326	40	41
924	327	38	41
923	328	40	40
924	329	39	39
924	329	39	38
920	327	43	43
920	329	43	39
921	329	42	41
923	330	39	39
923	330	40	38
922	331	41	39
923	331	38	40
922	330	39	41
924	331	40	40
922	332	40	38
923	331	40	40
921	330	42	43
923	332	41	40
924	331	39	40
924	330	41	43
924	329	40	44
924	331	39	39
924	330	39	41
924	330	40	41
924	331	39	42
924	329	39	44
924	331	40	42
924	331	41	41
923	330	42	41
925	330	39	42
925	332	38	39
925	330	40	41
926	329	41	43
926	331	39	41
926	331	40	38
927	330	40	39
928	329	40	40
928	328	40	40
929	328	39	41
928	329	41	39
928	328	42	39
929	326	41	42
929	327	40	39
929	329	42	38
930	328	40	40
931	329	40	38
931	329	39	36
929	326	42	41
929	326	45	42
931	327	40	43
931	327	39	39
931	326	40	42
930	325	42	42
931	325	41	42
932	323	40	42
932	325	40	40
932	324	41	42
933	323	40	40
933	325	41	39
933	324	41	39
933	322	42	43
934	321	41	42
932	321	42	42
932	322	44	41
936	321	39	42
933	322	41	41
936	321	40	41
935	321	43	43
935	320	45	41
936	318	47	42
937	318	48	42
938	320	44	42
939	321	41	39
940	320	44	40
940	319	43	43
941	321	42	38
943	316	42	44
945	316	41	44
944	317	41	42
945	318	41	42
946	318	39	43
947	317	42	42
946	315	42	45
948	315	42	45
946	316	43	45
948	315	42	45
948	316	43	46
950	316	42	43
950	314	47	45
953	317	40	41
954	314	41	45
952	311	52	50
954	313	47	48
956	315	44	43
956	311	44	47
958	313	44	44
956	310	48	50
960	311	44	47
961	310	44	44
959	310	53	50
962	310	54	51
961	310	53	49
960	308	56	52
961	312	51	46
960	313	51	44
963	316	48	45
961	314	50	49
960	308	54	57
962	308	51	54
959	305	53	58
959	307	52	55
950	306	51	58
942	310	52	55
929	315	60	51
903	315	57	51
882	320	53	44
863	319	50	42
845	315	45	47
824	315	42	42
812	316	40	40
797	318	41	40
785	317	44	39
777	316	49	43
768	318	44	37
764	317	43	38
762	317	42	39
758	317	43	39
756	317	45	38
754	317	46	37
754	317	43	36
753	315	44	39
754	315	41	38
754	314	42	41
754	314	45	40
753	313	44	40
752	312	43	40
752	312	41	41
751	311	42	40
753	311	40	38
752	312	41	39
753	311	40	38
753	311	40	40
751	310	41	40
751	310	42	40
752	309	40	39
750	309	43	39
750	308	43	41
751	309	42	38
750	305	42	42
749	305	43	43
750	306	41	39
750	307	42	40
751	305	40	42
751	305	40	39
752	305	39	40
750	302	41	42
751	304	40	39
750	304	41	38
750	304	43	39
751	303	41	39
751	304	41	40
752	304	41	38
752	305	43	37
755	304	42	38
759	304	42	38
771	303	41	39
784	303	44	39
797	304	48	38
821	303	50	39
844	301	48	41
871	302	52	40
905	302	50	39
933	301	50	40
964	299	44	44
987	301	43	43
1012	301	42	41
1028	301	42	41
1043	301	42	41
1054	302	42	41
1063	301	40	40
1070	301	40	39
1075	301	39	40
1077	301	40	40
1078	302	41	39
1077	302	44	40
1081	301	40	41
1081	302	41	40
1078	303	46	40
1079	304	44	39
1081	303	43	40
1080	303	43	40
1082	305	40	37
1081	304	41	39
1081	303	41	39
1081	304	42	41
1082	305	39	40
1081	304	40	38
1081	305	40	39
1080	304	43	42
1081	303	42	42
1080	304	42	39
1077	305	43	40
1074	304	42	41
1065	305	42	40
1052	304	42	41
1031	306	44	39
1001	308	43	40
969	307	45	39
930	306	45	37
891	306	52	44
849	305	47	42
809	306	43	42
754	303	47	46
702	304	49	45
654	306	48	42
600	304	44	45
550	307	44	42
495	307	47	44
442	309	51	43
405	310	53	44
367	309	51	47
337	308	47	47
314	311	49	45
296	310	49	46
283	311	50	44
272	310	50	46
265	312	50	45
262	312	50	44
257	311	50	47
255	312	52	46
253	312	52	48
253	312	51	47
253	313	51	47
253	314	49	47
254	314	50	46
254	314	50	46
253	315	51	46
254	315	52	47
254	315	53	46
255	316	51	47
254	315	52	48
255	316	52	48
255	316	51	48
257	318	49	47
257	317	51	47
261	319	49	46
268	319	51	45
283	319	51	48
299	318	53	48
323	315	57	51
361	319	52	45
391	319	54	45
430	318	55	46
472	317	51	45
514	319	53	44
559	317	53	44
600	317	56	44
660	317	46	41
699	317	48	42
743	318	50	41
790	321	46	40
827	318	39	40
862	320	40	40
886	318	43	42
907	320	41	41
921	317	45	43
938	319	40	41
946	322	45	38
955	323	41	39
959	322	41	39
963	320	41	41
966	322	42	40
966	322	43	40
966	323	43	40
968	324	42	40
967	323	46	40
966	322	46	42
968	322	46	45
967	324	44	42
966	324	45	43
967	322	45	42
969	323	43	44
966	326	45	43
970	326	43	41
968	325	42	42
969	325	40	40
967	325	44	39
967	328	45	40
968	325	45	43
967	325	42	42
969	325	41	41
967	325	45	43
966	323	45	45
969	326	45	40
968	325	43	43
966	326	45	43
964	326	49	43
965	323	48	44
967	322	48	46
969	326	41	43
971	326	38	41
968	324	45	44
967	318	47	51
964	319	48	52
968	323	45	48
967	321	48	47
967	324	47	45
966	324	51	47
966	319	50	50
968	324	46	44
969	322	43	45
968	318	46	50
966	324	54	45
970	327	45	38
970	324	43	41
971	324	40	42
970	323	44	46
971	323	43	45
972	322	43	44
972	321	42	45
971	320	44	46
970	319	48	46
969	317	49	50
968	319	50	50
966	320	52	53
969	321	52	49
967	323	52	50
967	323	50	46
969	321	48	48
966	321	50	47
971	326	51	41
973	325	48	41
972	326	48	39
972	324	46	45
972	324	45	42
971	322	46	44
970	322	49	45
972	323	47	46
969	323	49	47
972	319	48	49
970	319	50	49
967	314	52	53
967	318	56	51
966	321	57	51
965	318	60	55
971	323	48	50
965	318	55	56
959	323	61	54
964	329	53	50
968	330	52	46
975	329	45	48
973	328	46	47
974	329	46	44
973	328	47	46
973	328	48	45
972	325	48	50
973	327	48	46
974	326	45	44
974	326	47	48
972	325	47	46
973	324	47	46
974	323	47	48
973	323	47	48
973	323	47	47
973	325	48	43
973	321	48	46
972	322	50	45
972	318	52	46
973	319	49	45
971	320	49	44
975	318	46	45
973	316	50	49
975	316	48	47
976	316	48	46
975	317	48	46
974	316	53	46
974	318	52	45
973	326	51	38
975	318	49	41
974	315	51	49
975	311	49	45
970	309	52	49
976	309	47	49
976	307	49	49
980	306	45	49
979	308	43	47
982	306	45	50
973	307	51	47
973	303	53	50
975	303	53	51
978	302	44	51
975	303	45	48
977	298	45	50
977	299	47	53
978	299	46	52
979	302	47	43
977	301	47	52
979	304	43	49
979	297	46	49
974	295	50	48
978	299	47	45
975	293	52	50
977	291	49	53
976	291	51	50
975	290	53	49
973	288	53	48
972	290	53	47
971	291	57	49
971	291	53	46
972	289	55	48
970	290	54	48
973	289	52	51
973	289	49	47
971	289	53	48
974	289	47	45
975	288	50	47
969	285	57	52
971	287	54	49
972	283	52	55
970	286	53	53
969	285	54	54
972	284	51	54
971	286	49	53
974	286	47	54
970	285	54	53
972	286	45	49
969	288	49	49
969	290	45	50
973	289	45	49
964	288	51	50
965	290	52	50
965	286	54	53
964	286	52	55
962	290	58	53
960	281	65	62
956	287	68	67
957	288	72	64
958	290	67	59
958	291	66	60
954	290	68	58
952	293	68	59
947	294	81	68
950	299	72	60
950	302	64	49
949	304	62	48
946	308	67	43
943	307	64	45
944	307	48	46
943	311	49	42
941	310	51	44
940	309	54	48
936	309	58	49
933	313	57	50
931	316	53	49
929	317	49	47
928	316	47	47
926	317	50	48
923	317	50	49
922	319	47	47
921	318	48	49
920	319	48	48
919	320	47	46
919	317	46	49
917	319	49	48
917	317	49	50
916	318	48	50
915	317	48	49
914	317	51	51
912	317	51	51
913	318	50	50
911	317	51	50
912	317	50	50
912	318	50	50
911	318	49	48
912	319	48	47
912	319	50	48
911	318	49	49
913	317	48	52
913	318	47	51
912	319	50	50
912	318	48	50
912	320	49	49
912	320	51	48
913	320	53	48
918	322	55	45
932	320	52	46
954	322	45	44
967	322	50	46
983	322	48	45
994	322	54	48
1014	321	49	47
1025	318	49	51
1034	319	47	49
1044	320	46	49
1049	321	47	48
1051	320	50	49
1054	322	49	47
1057	322	48	47
1060	321	48	49
1060	323	48	45
1062	322	47	47
1063	323	46	46
1063	326	46	44
1062	325	51	46
1061	325	51	45
1062	325	52	44
1061	324	51	46
1064	323	49	47
1063	325	47	45
1064	324	47	48
1062	326	47	45
1063	323	47	51
1061	323	47	51
1063	323	48	49
1061	325	47	48
1060	325	48	50
1058	324	50	50
1058	325	53	47
1057	324	51	50
1057	326	48	45
1055	325	49	50
1055	325	49	47
1054	325	48	48
1054	325	47	47
1053	324	49	48
1052	326	49	50
1051	325	48	51
1047	326	50	50
1047	325	49	49
1046	328	49	49
1044	327	51	49
1040	327	51	49
1042	327	50	49
1040	325	51	52
1039	327	49	49
1037	328	49	50
1038	328	47	49
1035	329	51	48
1035	330	49	47
1034	328	50	49
1032	330	51	45
1035	330	50	46
1038	328	47	48
1038	330	50	46
1039	329	50	50
1042	331	50	50
1041	331	53	48
1044	332	48	48
1042	332	52	47
1040	332	51	47
1040	332	51	48
1040	332	51	47
1039	332	51	50
1037	333	50	47
1036	332	50	49
1034	333	52	49
1033	332	56	50
1030	332	56	52
1029	333	53	50
1030	333	50	51
1028	333	50	50
1028	333	49	50
1028	332	48	51
1027	333	49	51
1026	334	50	49
1025	334	50	49
1026	334	51	50
1025	334	50	50
1026	333	50	51
1026	333	48	52
1027	334	47	51
1026	333	48	51
1024	332	53	53
1025	331	50	54
1026	334	48	51
1024	332	50	55
1026	333	50	53
1026	332	49	52
1026	334	47	50
1027	334	48	50
1024	333	51	52
1025	333	51	52
1026	334	50	52
1026	333	48	52
1025	333	52	52
1025	335	51	52
1026	335	50	52
1026	335	51	51
1026	336	52	51
1025	336	51	50
1027	335	49	48
1025	334	51	52
1026	335	48	49
1025	333	52	52
1026	333	51	52
1024	334	51	52
1025	334	51	52
1027	335	48	50
1028	333	48	49
1028	334	49	52
1028	333	49	53
1028	334	48	50
1027	335	48	50
1029	335	49	49
1028	334	47	52
1028	334	47	49
1026	334	48	50
1030	335	46	49
1028	335	49	48
1027	333	49	53
1027	334	47	51
1027	333	48	52
1025	332	50	52
1026	334	48	50
1025	333	51	51
1026	334	51	52
1027	334	50	51
1029	335	48	51
1031	333	46	52
1026	332	51	54
1028	331	50	56
1031	330	45	55
1031	332	43	54
1028	335	49	51
1027	335	49	49
1026	335	49	51
1026	335	48	51
1025	336	51	51
1026	335	50	50
1026	335	49	51
1025	333	52	52
1025	333	50	53
1025	333	50	51
1026	333	51	52
1025	331	52	53
1027	331	50	51
1026	330	52	53
1026	331	52	52
1027	330	52	54
1026	330	52	51
1028	327	48	52
1029	328	48	54
1029	327	48	54
1028	326	49	54
1028	326	50	55
1028	326	49	52
1029	325	49	53
1034	326	43	55
1031	325	44	53
1029	325	48	52
1027	325	51	56
1027	325	49	56
1030	324	47	54
1027	324	49	54
1026	324	53	53
1028	325	52	51
1029	325	48	49
1028	325	51	49
1027	325	49	51
1026	324	50	52
1028	325	48	49
1028	324	47	52
1028	326	49	50
1029	325	50	52
1027	325	50	51
1028	325	49	52
1026	325	53	55
1028	323	52	58
1027	325	51	53
1030	324	48	55
1028	326	50	56
1029	327	49	54
1027	325	52	57
1027	327	51	57
1026	326	54	57
1029	329	48	53
1028	329	52	56
1028	328	48	58
1028	332	49	54
1028	332	48	52
1028	331	48	53
1026	331	52	54
1025	331	52	54
1031	332	44	54
1026	332	49	55
1026	334	47	52
1025	334	50	54
1023	336	49	54
1023	334	49	55
1021	335	51	55
1023	336	49	52
1023	338	46	50
1024	336	46	54
1020	338	47	54
1017	338	50	52
1016	336	51	57
1014	339	52	55
1012	340	51	53
1007	336	59	58
1007	339	53	58
1008	339	50	55
1006	343	51	53
1003	341	51	57
1000	337	53	56
999	338	57	58
995	337	54	56
991	336	60	60
991	340	56	58
991	339	54	58
990	344	51	53
988	342	51	57
988	344	52	56
987	341	51	55
992	347	46	53
984	347	50	54
982	348	47	52
987	345	37	56
987	349	39	54
981	351	42	52
975	354	49	49
972	352	50	49
970	351	51	50
968	349	53	53
971	350	52	52
970	350	51	52
966	350	55	53
969	348	53	55
968	348	51	54
967	349	52	54
965	350	54	54
964	348	56	55
966	347	53	55
965	347	53	55
965	348	55	53
965	345	56	59
967	349	56	53
967	352	56	53
968	347	59	62
969	348	59	57
970	349	58	55
971	346	59	57
973	346	59	55
975	342	57	60
977	344	54	57
975	342	60	58
975	341	60	58
975	339	62	59
977	340	60	56
976	339	61	56
977	337	61	58
976	336	60	57
978	333	59	59
980	332	56	59
979	330	58	58
976	330	62	59
978	329	58	57
978	329	59	58
976	327	62	58
976	325	61	61
977	325	61	60
976	327	62	57
978	324	60	58
977	323	60	58
979	323	57	60
980	321	56	61
978	319	59	60
979	321	59	59
980	321	56	59
979	323	58	58
979	321	56	59
979	321	58	58
979	321	58	60
981	321	58	57
982	320	59	61
992	322	56	58
998	322	57	60
1010	321	55	61
1021	322	57	61
1033	322	58	63
1050	322	53	64
1061	325	56	59
1069	325	61	66
1080	324	59	62
1084	325	62	62
1094	325	59	64
1100	327	58	57
1103	326	60	61
1105	326	61	62
1106	325	62	64
1109	326	62	64
1106	325	64	65
1110	326	63	65
1108	327	66	66
1108	326	68	66
1108	327	65	62
1112	327	62	64
1110	327	65	64
1112	327	64	64
1112	329	62	62
1111	328	63	63
1112	330	62	61
1115	330	59	63
1112	331	62	61
1112	332	62	59
1111	332	65	61
1110	332	64	65
1112	332	64	63
1112	334	62	62
1111	334	58	62
1107	334	58	62
1095	336	60	62
1078	336	62	62
1061	336	56	62
1033	334	61	67
999	336	64	65
967	338	60	64
924	338	62	62
890	339	56	61
847	341	57	58
807	339	58	65
780	338	60	66
750	339	60	64
728	341	58	63
713	342	58	62
698	343	62	61
689	342	61	63
677	341	66	65
675	342	62	65
669	341	65	64
668	343	63	63
668	346	60	59
666	344	62	62
665	344	63	63
665	345	63	61
666	343	63	65
666	346	62	60
666	344	62	63
664	345	66	61
665	345	63	63
665	345	63	62
667	345	62	62
666	344	64	64
666	344	62	64
667	344	63	64
668	346	61	62
668	346	63	62
668	346	61	62
667	346	65	62
667	347	65	63
668	347	63	62
667	347	63	62
668	347	62	61
668	348	63	61
668	347	63	63
667	349	64	61
668	349	63	61
669	349	62	61
670	349	60	62
669	349	63	63
669	349	62	65
670	350	60	60
669	349	62	63
670	349	62	64
666	348	65	64
667	347	64	65
668	350	64	61
670	350	62	63
671	349	60	62
670	349	61	63
672	350	60	60
671	349	61	63
671	348	61	62
671	348	61	62
671	348	62	62
671	349	62	61
672	348	61	62
671	349	64	60
673	349	60	60
673	347	62	62
671	345	64	65
673	346	63	63
674	346	63	62
675	345	61	62
675	345	62	61
676	345	62	62
676	343	62	62
678	343	61	61
679	343	60	59
678	341	60	62
678	342	63	59
679	339	61	63
679	339	62	61
680	339	64	59
681	341	63	57
684	339	61	59
682	338	64	61
684	338	61	58
686	337	60	60
687	337	61	60
688	337	62	59
688	337	62	59
690	335	60	60
691	334	60	60
692	335	60	62
693	334	60	62
695	336	59	59
695	335	60	60
696	335	60	60
695	333	64	63
697	334	61	62
700	333	59	62
701	333	59	62
701	333	60	62
702	333	60	60
704	334	58	56
706	334	58	55
706	334	58	56
707	333	57	55
706	334	59	55
706	335	58	54
709	334	57	53
708	333	57	53
707	334	57	53
707	334	59	54
708	334	57	54
708	336	58	50
706	334	58	51
707	334	56	53
706	335	58	51
706	335	54	51
704	335	56	53
705	336	54	50
702	334	56	53
702	335	55	52
701	335	55	53
699	335	53	53
696	337	53	50
692	335	58	54
690	337	58	52
688	337	58	51
687	337	56	52
684	338	58	51
682	338	58	53
679	339	60	53
677	339	59	51
677	339	53	50
674	339	53	49
670	338	54	51
668	339	51	51
664	339	51	51
661	338	51	53
659	337	53	54
655	338	53	51
651	339	50	51
648	339	48	52
643	338	50	53
639	343	51	46
639	343	51	46
630	338	56	52
623	335	52	58
622	332	46	65
622	332	46	65
622	332	46	65
622	332	46	65
622	332	46	65
622	332	46	65
622	332	46	65
622	332	46	65
622	332	46	65
622	332	46	65
622	332	46	65
622	332	46	65
622	332	46	65
622	332	46	65
622	332	46	65
622	332	46	65
622	332	46	65
622	332	46	65
622	332	46	65
622	332	46	65
622	332	46	65
622	332	46	65
622	332	46	65
622	332	46	65
622	332	46	65
622	332	46	65
622	332	46	65
