1749	156	139	86
1752	157	139	85
1752	160	143	78
1755	159	140	79
1759	157	134	82
1753	153	152	83
1754	155	145	85
1753	155	146	90
1755	154	138	86
1757	156	137	85
1758	158	135	82
1757	154	144	84
1759	155	141	84
1762	155	139	86
1759	157	146	84
1754	154	158	87
1763	154	140	83
1759	157	148	83
1761	156	147	83
1771	154	135	86
1769	159	137	83
1771	153	135	88
1773	153	130	87
1773	155	133	82
1775	155	130	84
1772	152	142	84
1773	157	140	80
1775	155	139	85
1778	153	134	86
1773	154	138	84
1794	152	122	89
1789	153	124	84
1780	153	134	86
1778	155	132	84
1787	154	120	81
1789	157	121	78
1791	156	123	78
1785	156	131	81
1786	151	127	86
1786	153	113	84
1788	151	118	91
1788	154	111	84
1788	151	125	88
1789	150	128	83
1791	156	124	82
1787	151	127	86
1785	158	128	80
1784	156	117	83
1791	154	114	84
1790	151	119	89
1789	145	129	92
1786	146	126	96
1784	152	132	95
1778	153	136	87
1784	155	132	83
1781	154	135	88
1786	153	127	90
1784	154	127	88
1789	154	128	85
1784	153	132	88
1795	154	123	85
1788	151	128	90
1792	148	123	93
1785	145	129	98
1791	145	123	95
1786	147	129	92
1778	149	136	90
1779	148	131	86
1762	148	144	90
1745	150	152	84
1721	148	137	85
1712	152	128	79
1696	150	125	85
1682	152	131	86
1676	151	130	82
1673	152	119	83
1661	148	130	84
1656	148	133	89
1653	151	123	87
1648	150	129	89
1649	151	128	85
1650	150	128	84
1649	151	122	83
1649	148	123	83
1648	150	122	81
1648	150	122	81
1646	153	122	82
1646	150	126	84
1646	152	125	83
1643	152	129	82
1638	153	126	82
1631	154	121	82
1617	153	123	84
1601	154	125	79
1585	155	127	80
1555	157	132	78
1543	155	126	86
1513	159	114	79
1497	162	115	70
1441	162	133	80
1427	159	123	86
1425	161	107	79
1402	160	105	80
1389	162	102	77
1385	163	99	76
1377	164	99	73
1370	163	99	76
1365	164	93	76
1358	164	95	71
1356	166	98	72
1354	163	96	77
1353	166	100	75
1347	164	105	83
1326	160	122	84
1338	160	109	91
1360	162	95	82
1360	166	91	71
1356	165	95	73
1356	164	92	75
1349	163	95	78
1335	163	107	84
1332	166	102	75
1329	165	106	69
1325	166	100	74
1311	176	97	63
1309	173	100	70
1289	169	112	68
1290	169	116	69
1281	167	113	69
1277	168	111	73
1274	167	109	74
1266	167	108	74
1277	171	96	69
1269	166	105	76
1271	168	98	73
1275	167	92	74
1270	170	94	73
1272	167	97	78
1274	168	99	74
1274	169	91	79
1274	169	91	71
1273	169	97	69
1267	170	108	69
1264	171	109	70
1261	168	110	73
1259	170	114	74
1239	170	132	73
1266	169	104	79
1264	169	106	77
1271	171	95	73
1276	170	96	73
1274	171	92	76
1277	174	93	67
1274	171	100	71
1269	171	102	77
1269	168	94	79
1275	168	93	78
1277	168	81	73
1275	170	90	73
1268	171	96	75
1240	166	108	79
1240	168	91	85
1212	171	105	77
1191	174	99	75
1169	173	95	70
1144	174	96	63
1109	171	100	77
1085	170	92	75
1074	173	93	72
1054	176	91	65
1054	173	78	67
1039	174	72	68
1037	176	77	67
1041	178	63	69
1039	173	63	70
1042	176	58	69
1019	174	74	69
1011	175	89	73
1011	175	91	69
998	172	98	75
1012	180	83	65
1014	177	87	68
1018	173	73	78
1008	171	83	75
1008	168	86	80
1012	172	91	78
1023	176	77	61
1023	177	78	62
1016	174	86	73
1014	174	83	72
1009	177	90	73
1015	178	88	73
1011	176	90	72
1004	175	99	78
1005	171	88	78
999	173	89	79
1013	173	88	72
1005	174	88	75
1005	175	92	71
1004	175	97	76
1008	170	90	86
1001	171	98	77
1006	171	92	83
1011	171	81	73
1010	172	91	74
1008	175	96	69
1012	175	91	68
1011	173	93	75
1010	169	94	82
1012	171	87	76
1005	170	96	88
1012	170	84	74
1012	170	87	79
1014	168	88	73
1013	172	89	70
1015	170	89	68
1013	170	90	71
1014	172	92	72
1011	172	96	69
1015	169	91	76
1008	169	94	77
1013	171	93	69
1011	167	94	80
1008	170	94	75
1018	170	90	78
1017	172	88	72
1012	172	84	67
1019	172	85	74
1011	168	88	78
1012	169	92	74
1017	170	81	77
1019	165	85	77
1021	170	83	71
1015	170	90	71
1011	165	94	75
1011	167	92	76
1016	169	84	71
1017	169	85	73
1018	168	88	74
1016	169	82	71
1019	170	81	73
1020	169	80	73
1018	171	84	72
1011	169	89	72
1016	170	85	70
1023	166	82	73
1024	171	78	72
1020	171	83	70
1024	171	77	70
1017	170	85	68
1017	170	88	69
1012	171	94	68
1009	171	98	71
1012	171	95	72
1015	171	92	71
1013	173	93	67
1019	172	86	73
1017	173	88	70
1013	175	92	70
1012	173	87	66
1018	171	85	69
1017	171	80	70
1016	169	86	73
1021	169	84	73
1021	172	82	72
1014	169	89	76
1024	176	74	66
1023	171	83	74
1022	174	82	74
1021	175	83	73
1024	175	78	69
1034	172	76	72
1044	168	59	74
1044	175	61	69
1046	175	56	68
1049	171	60	74
1042	171	65	73
1033	173	73	74
1027	172	76	70
1025	175	81	69
1025	171	83	77
1016	173	92	75
1019	172	88	73
1014	174	92	70
1012	172	89	70
1014	172	89	69
1020	175	82	62
1015	172	91	73
1014	174	93	75
1015	175	92	71
1011	174	92	69
1016	178	89	70
1021	171	86	82
1023	175	81	71
1013	176	92	69
1023	176	82	70
1018	172	90	71
1020	174	86	70
1008	174	98	69
1013	172	94	72
1018	173	88	70
1017	174	91	75
1019	171	83	74
1019	171	90	72
1014	171	95	72
1012	169	99	79
1016	170	94	78
1020	171	85	72
1021	170	87	76
1013	166	90	76
1020	169	87	79
1016	166	91	74
1019	167	86	75
1024	165	82	79
1019	164	89	77
1013	164	92	79
1015	159	86	78
1015	162	93	76
1015	164	90	73
1011	164	100	70
1014	162	96	73
1014	165	94	71
1018	160	93	70
1020	162	88	72
1017	162	93	75
1016	164	91	69
1015	165	94	71
1024	162	87	71
1022	164	87	74
1021	164	88	66
1020	163	91	71
1019	165	89	67
1018	163	91	71
1017	161	91	71
1020	163	88	74
1018	164	90	71
1021	163	86	75
1012	164	93	73
1015	159	90	74
1014	159	92	73
1018	160	90	75
1018	159	93	85
1010	161	92	72
1017	158	89	76
1018	160	91	75
1015	160	95	76
1015	160	87	74
1021	160	85	72
1021	157	90	79
1012	158	95	75
1011	158	97	72
1013	156	99	75
1019	158	91	67
1014	158	93	71
1019	156	88	80
1022	157	85	78
1018	157	94	77
1022	154	86	74
1018	157	92	74
1011	154	100	76
1011	154	101	74
1018	157	91	73
1020	156	89	76
1017	154	91	75
1019	154	91	75
1018	156	86	72
1031	156	78	74
1026	153	87	77
1016	154	93	79
1012	158	93	73
1016	155	91	74
1014	154	97	72
1014	156	92	71
1016	152	91	76
1016	154	92	71
1020	156	86	72
1017	153	89	72
1009	155	93	79
1011	154	96	73
1023	152	84	77
1013	151	95	79
1013	158	92	75
1015	149	92	78
1022	152	87	77
1030	148	78	78
1032	149	78	83
1034	152	71	73
1046	152	59	73
1044	150	63	76
1046	149	62	80
1036	153	70	77
1043	149	66	78
1020	147	87	84
1021	148	90	79
1013	152	94	71
1010	153	97	72
1011	151	98	76
1013	147	93	77
1011	150	97	76
1013	150	91	71
1008	150	100	75
1008	148	100	75
1008	148	102	76
1012	149	94	78
1010	150	96	82
1005	146	104	82
1008	148	100	73
1011	151	100	75
1011	156	100	71
1012	151	99	72
1014	146	98	78
1012	150	99	77
1007	147	104	74
1013	152	94	74
1009	152	100	74
1006	149	103	77
1007	151	101	77
1007	150	102	77
1006	150	103	77
1012	149	98	75
1013	146	95	79
1011	151	97	74
1009	153	99	76
1011	152	97	75
1007	153	103	76
1008	149	103	76
1004	150	105	80
1011	152	98	76
1007	154	102	72
1004	154	102	73
1004	150	102	77
1005	153	102	75
999	149	109	81
1006	154	100	76
1003	153	104	77
1001	152	106	79
1006	149	97	82
1009	148	100	86
1009	151	100	77
1013	152	96	75
1008	152	98	80
1003	150	104	84
1005	152	100	82
1009	155	97	80
1003	152	100	79
1012	153	93	82
1011	156	94	86
1011	152	92	89
1014	152	88	83
1010	147	96	93
996	147	110	104
999	155	101	89
999	144	104	91
1000	148	101	86
1006	152	100	81
1003	156	105	75
1002	158	101	75
1007	153	96	80
1002	157	101	78
1007	156	97	80
1001	157	101	78
1003	157	100	79
1001	153	104	81
1006	157	99	83
1006	157	97	81
1012	155	89	78
1003	154	105	76
1012	154	92	74
1003	154	101	75
1002	154	105	80
1001	152	106	79
1003	148	104	88
1009	150	93	87
1010	153	95	90
1001	149	106	85
999	150	108	85
1000	148	110	86
1007	153	102	77
1007	152	101	82
1007	154	103	78
1006	157	102	76
1002	152	106	82
1000	160	104	78
1005	158	100	78
1004	157	102	78
1002	158	104	82
1002	157	108	85
998	159	110	83
993	158	114	95
1001	159	107	87
1004	161	102	86
1003	159	107	86
1001	164	107	80
1011	165	95	75
1002	162	106	83
1008	168	97	74
1004	169	104	76
1005	167	101	78
1010	168	94	78
1006	162	101	86
1000	167	106	84
1006	162	99	82
1005	165	101	83
1003	165	102	80
1005	167	98	78
1010	166	93	79
1003	167	101	75
1002	162	103	78
1003	165	101	81
1009	163	96	85
1006	163	99	84
1005	168	99	77
1003	163	103	83
1007	166	97	76
1005	165	100	78
1001	164	103	76
1001	164	102	81
999	163	106	81
1006	165	100	81
1004	162	102	83
1002	167	103	78
1003	167	102	79
1007	163	98	84
1001	164	100	84
1008	160	97	88
1002	165	104	81
1003	164	99	82
1000	162	104	90
998	163	108	80
1001	165	104	78
1003	165	101	79
1000	164	105	83
999	165	106	85
996	166	112	88
996	166	114	82
995	165	112	82
1002	166	103	84
996	168	114	87
999	165	111	89
995	172	115	81
998	173	111	78
999	176	104	82
998	175	107	82
1001	179	104	75
999	179	109	74
999	182	105	76
1000	179	108	79
1000	180	108	79
1007	186	98	74
1001	187	105	70
1000	187	105	70
1000	185	101	76
997	191	108	70
1000	192	103	72
1001	193	103	74
999	194	104	84
997	193	107	76
999	195	104	83
998	193	102	79
998	191	105	82
995	188	108	99
1009	190	96	85
1003	186	104	101
1003	190	106	88
1006	195	101	78
1006	194	98	82
1000	194	100	76
997	195	106	84
1000	195	105	85
996	195	110	90
1001	191	106	92
1000	194	108	86
1000	195	104	83
1004	194	99	76
1000	195	104	77
1003	191	100	82
1006	195	96	78
1003	194	100	79
1003	198	99	77
999	199	105	75
1006	201	95	71
1003	196	100	79
998	195	104	88
1002	199	97	76
1001	195	98	78
1001	198	103	79
1009	194	94	83
1005	194	98	83
1006	197	96	76
1003	192	96	85
1007	195	96	87
1002	196	100	81
1007	196	95	89
1012	195	90	83
1013	198	90	78
1010	199	94	79
1012	198	89	80
1015	200	86	74
1012	198	90	74
1008	198	96	79
1008	200	90	77
1002	198	101	77
1013	196	89	80
1013	195	87	80
1017	196	82	86
1013	201	84	72
1000	197	99	80
998	196	102	81
998	200	103	86
995	196	106	85
998	194	100	82
1012	195	87	82
1007	201	89	80
1005	198	92	75
1003	200	95	76
1003	196	98	86
998	197	99	78
995	191	104	93
1000	197	101	81
999	196	101	83
996	192	105	91
996	196	103	83
995	193	108	79
997	196	104	85
996	195	104	81
997	195	102	81
993	196	109	88
995	194	104	89
991	194	109	85
995	196	103	88
1000	195	100	84
998	193	104	86
1003	191	94	87
999	195	97	85
991	194	104	89
993	193	105	104
995	191	107	116
985	194	116	93
987	196	113	124
986	190	111	113
983	192	115	134
980	188	117	139
971	185	127	111
980	195	117	95
985	193	114	95
985	193	109	92
988	191	106	83
987	193	110	96
981	197	118	88
983	199	110	82
982	197	105	87
990	197	100	89
985	196	108	82
987	193	107	89
991	194	96	92
989	194	104	93
988	191	100	93
985	189	108	89
988	192	104	90
982	191	105	87
986	195	99	88
982	194	106	82
987	191	100	86
979	189	108	92
973	190	113	93
968	193	115	92
961	192	123	99
971	194	114	103
977	194	99	93
980	197	100	98
986	200	94	78
975	196	107	80
971	197	106	82
970	198	105	77
974	198	101	81
970	196	104	81
969	196	107	78
971	193	103	84
970	194	105	84
972	194	98	82
972	198	100	79
973	197	98	79
969	193	109	83
970	193	106	81
973	194	112	83
981	191	113	82
981	197	120	81
996	192	112	84
1007	187	107	84
1010	189	112	89
1011	188	112	86
1013	187	117	89
1022	187	109	86
1027	188	104	87
1037	188	95	83
1031	184	105	93
1032	188	104	87
1035	187	103	87
1035	191	104	82
1049	188	90	85
1044	186	97	88
1043	189	96	90
1043	189	95	90
1039	187	99	88
1040	185	101	87
1035	189	105	82
1034	187	104	87
1037	189	103	79
1035	181	110	92
1038	185	107	83
1036	190	112	84
1041	185	110	87
1041	183	109	89
1045	183	107	89
1042	186	109	84
1046	185	102	86
1051	186	101	82
1050	186	100	81
1054	189	99	82
1050	184	100	86
1055	186	97	86
1048	182	103	88
1052	184	94	84
1052	186	99	83
1038	186	111	82
1044	186	106	92
1049	183	99	91
1051	184	102	90
1060	185	92	85
1060	184	89	86
1057	185	96	82
1061	187	90	81
1059	184	92	82
1053	185	94	83
1047	189	100	82
1056	189	94	83
1058	189	92	81
1062	188	89	84
1048	183	101	86
1044	187	106	82
1054	189	98	79
1056	186	93	82
1063	188	88	82
1065	186	84	83
1062	189	83	80
1066	187	82	80
1054	186	90	84
1054	186	93	87
1048	185	98	88
1050	184	95	86
1036	188	111	86
1042	183	107	92
1035	184	109	93
1036	188	109	87
1036	187	110	89
1042	189	100	84
1051	187	90	87
1060	186	84	84
1060	186	80	84
1064	189	77	84
1063	187	75	85
1059	188	82	82
1054	189	82	84
1046	186	94	86
1039	188	101	85
1037	184	101	88
1046	190	94	86
1059	191	84	84
1050	195	99	78
1057	192	109	82
1064	190	114	81
1078	189	121	83
1111	192	112	74
1135	190	113	83
1166	187	104	85
1190	188	110	83
1212	193	111	78
1222	187	91	89
1262	189	97	83
1262	185	109	85
1267	187	117	86
1274	184	119	90
1272	185	126	90
1284	185	118	86
1281	183	126	91
1280	184	124	88
1285	188	125	88
1278	190	129	85
1286	186	123	86
1287	191	120	82
1291	188	117	81
1292	186	118	85
1289	188	118	86
1295	190	111	82
1289	187	122	84
1296	189	113	82
1297	188	112	82
1293	187	115	85
1297	183	110	85
1294	185	114	88
1290	188	119	82
1285	186	119	89
1291	189	119	84
1289	191	119	83
1292	193	115	86
1290	190	117	85
1289	189	119	80
1289	187	115	85
1291	188	115	87
1286	186	119	87
1288	190	115	82
1286	188	117	84
1285	187	116	86
1282	191	114	82
1278	189	115	85
1264	188	116	90
1269	195	94	78
1228	192	110	86
1187	195	112	81
1161	193	92	82
1126	192	96	76
1068	190	105	84
1027	187	102	96
969	192	118	83
924	199	114	84
884	195	113	80
853	195	103	84
814	189	106	88
787	190	109	82
760	193	107	84
745	193	108	86
735	191	110	93
723	196	107	86
714	196	113	82
710	190	109	85
714	194	105	84
711	200	103	76
705	191	110	86
713	199	100	83
710	193	104	89
705	194	105	84
703	197	109	78
707	197	104	79
711	196	100	80
708	195	105	80
707	197	107	79
710	197	102	84
708	198	107	79
707	195	106	82
706	196	106	84
708	192	105	87
710	196	103	81
710	196	102	80
708	194	108	80
715	202	100	77
713	196	99	83
710	194	103	82
712	193	99	82
711	193	103	81
716	195	97	80
713	197	98	76
710	195	106	93
715	193	99	90
708	193	106	84
711	197	105	84
713	195	95	81
711	194	107	83
709	195	109	81
712	198	106	80
709	196	106	81
714	196	105	82
713	198	105	79
713	200	106	77
713	203	106	72
713	198	106	79
711	197	109	78
713	198	108	78
713	193	108	85
720	202	101	77
719	200	98	75
720	198	96	73
718	200	100	76
714	197	108	80
715	196	105	80
715	201	105	73
716	196	106	80
721	199	98	76
721	203	95	76
720	203	99	78
715	196	106	81
712	201	110	75
719	197	106	80
719	197	107	80
713	197	111	80
718	197	104	81
722	201	104	78
717	193	110	86
723	197	105	79
721	197	105	82
719	195	103	81
722	195	105	84
721	197	106	79
717	194	111	83
722	198	107	82
724	196	106	83
724	195	106	82
724	197	106	81
722	197	108	79
723	196	106	80
721	197	111	82
723	194	110	85
724	197	106	78
727	196	107	80
734	195	102	76
729	196	104	80
731	195	101	79
727	191	112	82
734	192	103	83
738	195	93	83
733	190	101	83
734	191	106	83
741	194	102	80
734	189	108	84
737	192	105	83
737	193	108	83
735	187	112	91
740	194	103	81
744	191	101	84
742	194	106	82
740	190	110	85
744	202	103	74
741	197	101	81
739	192	110	87
741	192	110	86
739	191	110	88
745	193	100	85
749	192	103	86
754	197	100	80
750	201	106	75
748	190	106	86
744	195	110	79
748	196	111	79
749	197	101	79
740	194	104	83
733	196	106	80
707	190	111	85
695	193	117	82
671	189	119	86
646	188	111	85
615	183	105	91
577	191	124	87
547	189	113	87
513	187	121	84
473	189	129	83
453	186	125	90
432	189	120	87
415	190	121	83
390	186	133	88
385	187	127	90
381	187	123	91
377	185	123	90
373	184	124	94
370	184	127	92
370	185	125	91
365	186	129	89
365	187	127	88
372	187	120	86
373	189	123	85
373	188	121	86
372	188	123	92
371	186	125	90
367	185	131	87
363	186	135	91
376	185	123	92
378	187	121	89
374	186	125	88
374	186	123	87
368	186	130	90
377	185	120	86
377	189	121	87
378	187	122	85
379	183	120	91
370	185	133	91
370	183	132	93
373	184	125	90
372	187	128	86
378	186	123	85
372	185	129	87
371	186	129	86
371	183	130	87
371	179	129	92
376	181	125	86
376	183	127	87
383	183	117	85
377	185	124	84
368	180	136	85
373	185	130	85
369	181	132	92
367	182	133	84
374	184	128	87
371	185	130	85
368	179	132	90
373	187	126	88
367	181	137	85
367	184	129	90
366	182	132	84
368	185	130	91
362	183	136	86
371	186	129	84
374	183	126	87
368	184	130	88
372	185	125	87
374	184	125	92
376	184	123	88
376	181	128	88
387	188	125	83
399	183	125	87
421	187	126	87
442	182	134	90
464	181	139	95
479	181	161	109
520	183	159	107
558	183	159	101
584	182	167	96
617	188	157	92
643	187	146	88
664	185	150	92
696	185	132	92
723	190	117	89
727	202	108	76
749	196	106	79
757	194	105	81
758	195	107	81
756	197	111	77
757	196	108	76
761	195	106	81
753	193	112	82
764	205	93	69
761	202	109	72
764	210	105	61
765	200	99	72
764	199	100	79
760	197	99	79
760	197	105	77
754	194	104	80
754	196	108	81
755	200	96	80
759	201	107	81
758	206	103	70
758	204	92	73
754	201	104	74
756	200	107	77
755	203	104	74
755	200	91	76
760	201	99	75
756	196	104	79
754	198	103	80
759	200	100	80
754	192	103	87
752	194	99	89
755	197	107	85
753	207	103	71
752	202	107	76
753	202	97	75
755	201	84	76
746	200	89	75
754	197	95	77
752	196	104	83
755	200	102	79
751	195	103	84
755	201	85	77
752	201	91	75
750	203	100	69
750	201	95	71
750	202	101	74
750	202	110	74
753	209	100	68
752	204	96	70
749	195	107	83
751	201	105	79
751	200	100	82
756	200	95	77
748	207	88	70
750	200	83	76
753	195	93	85
745	193	107	87
745	192	103	93
739	194	118	85
746	196	102	83
740	192	105	84
734	192	106	83
754	203	86	79
750	197	100	87
749	196	96	84
747	194	106	85
742	191	113	90
741	194	108	94
737	194	114	88
743	195	112	88
743	191	108	88
749	193	106	84
748	194	109	83
746	187	111	93
749	191	95	92
739	190	113	87
738	190	110	88
744	191	111	93
743	191	105	92
743	192	106	92
737	192	113	95
740	192	112	91
734	192	117	88
735	194	120	85
736	190	113	101
741	191	110	91
737	189	113	89
745	194	108	89
738	190	118	94
731	187	117	96
733	194	123	92
732	187	122	110
732	189	125	100
742	200	110	85
740	193	114	90
742	196	110	86
739	196	113	89
743	195	111	84
740	193	114	86
739	193	112	85
742	196	111	84
742	194	107	84
744	194	107	83
740	195	110	82
742	194	111	83
742	192	110	85
742	193	108	84
739	192	111	83
742	192	109	83
736	192	118	83
740	192	113	81
743	190	110	81
742	190	110	85
742	192	110	80
742	191	112	84
738	189	116	85
743	189	111	82
741	190	114	82
736	188	119	83
745	187	110	84
744	190	111	80
743	188	112	82
748	190	109	83
749	187	110	84
746	188	109	79
753	190	102	85
748	188	110	86
756	187	103	83
752	189	107	83
751	187	110	86
759	186	103	86
756	190	106	79
756	188	105	81
754	189	111	83
753	189	111	80
758	185	107	84
759	188	105	83
761	186	105	86
752	183	114	93
756	193	113	84
763	191	111	79
761	188	98	85
763	184	92	86
763	190	104	89
768	192	90	80
762	186	86	87
763	188	89	87
764	183	107	96
764	189	95	84
763	188	110	88
762	191	114	87
759	186	117	96
761	178	114	127
773	180	102	119
767	179	99	134
771	184	99	135
770	176	98	140
764	183	104	134
767	189	102	123
773	194	88	126
772	182	93	140
766	170	100	146
769	179	94	136
769	183	93	139
764	186	96	116
773	191	85	108
770	191	82	108
766	190	98	114
764	185	94	101
769	196	102	88
765	206	91	74
768	200	100	81
766	202	110	81
766	204	108	79
765	199	109	85
756	198	113	84
768	203	103	78
764	197	108	85
750	203	118	76
753	208	115	70
747	200	127	80
757	204	116	78
761	202	110	85
759	201	106	81
767	207	104	77
764	207	106	72
760	205	110	74
769	204	99	84
764	207	98	76
763	206	103	79
762	205	102	79
764	208	101	79
759	208	104	80
760	209	105	76
759	209	106	76
756	211	105	76
755	207	107	78
752	209	109	80
755	207	100	86
751	208	109	79
764	206	92	80
757	207	100	80
751	205	104	82
755	208	100	84
756	207	105	82
756	213	111	81
762	223	113	70
771	218	111	72
771	211	112	80
756	204	128	82
770	206	129	88
799	210	111	81
805	207	107	85
806	216	110	81
810	211	101	81
816	208	96	83
817	204	100	92
816	208	98	84
819	208	92	94
819	206	98	91
824	209	91	90
817	205	99	86
815	206	101	82
813	205	106	87
812	204	111	91
816	208	103	79
826	210	105	83
831	213	101	75
842	213	88	68
851	210	82	76
862	205	90	85
870	202	105	91
887	205	98	90
907	203	85	84
923	207	88	80
921	207	91	81
936	203	103	87
936	208	102	83
941	207	101	84
944	204	115	89
955	204	102	93
954	201	89	111
957	201	94	95
958	200	107	85
958	198	110	104
942	195	124	117
954	195	107	107
962	199	96	97
965	199	85	99
961	197	99	93
961	199	103	88
961	204	94	79
962	203	107	83
963	208	100	79
965	206	101	79
969	208	96	76
971	204	93	90
964	202	100	84
954	202	106	79
961	202	104	86
966	205	88	82
967	205	94	82
965	204	97	85
959	201	91	87
960	197	92	95
961	200	100	87
966	203	86	78
965	207	95	81
962	201	92	83
957	202	98	78
959	201	94	76
957	199	98	84
961	200	99	83
957	202	105	80
952	201	108	82
958	200	105	80
953	201	111	89
957	202	103	86
960	203	102	92
965	204	97	81
965	204	103	81
963	205	108	79
971	201	113	82
979	203	113	76
1005	205	101	82
1026	197	109	82
1053	200	100	81
1075	200	89	77
1115	199	98	83
1130	204	100	73
1149	197	91	78
1169	199	90	77
1180	200	107	81
1190	199	112	77
1197	197	107	78
1194	198	115	80
1203	198	111	79
1209	199	114	80
1208	199	115	84
1212	200	112	83
1210	198	117	80
1211	201	119	78
1215	198	107	77
1212	204	120	78
1215	201	116	80
1212	198	117	80
1214	200	109	81
1213	198	114	76
1216	198	110	78
1217	196	104	79
1213	198	109	77
1211	201	111	78
1213	198	104	77
1210	199	115	80
1211	199	108	76
1221	194	102	82
1216	195	108	82
1212	198	112	77
1212	194	112	82
1211	195	107	78
1205	197	118	80
1214	194	109	83
1215	196	103	76
1215	198	96	78
1219	198	97	80
1214	200	91	75
1211	196	98	83
1211	195	109	80
1214	196	110	77
1212	198	112	78
1204	198	117	81
1210	197	107	79
1216	197	106	79
1213	198	102	79
1211	197	89	82
1213	198	86	77
1214	199	79	75
1212	197	92	80
1214	202	98	73
1208	201	109	79
1207	201	108	76
1205	200	107	83
1211	202	101	80
1210	200	109	81
1201	200	111	77
1206	200	115	79
1207	201	114	82
1211	202	97	73
1207	199	102	79
1209	198	107	81
1206	198	110	78
1207	200	109	80
1206	198	110	82
1209	197	106	83
1210	201	106	80
1207	203	108	79
1207	203	107	76
1208	201	106	77
1207	200	109	79
1214	200	101	79
1211	201	103	79
1208	198	110	81
1205	199	114	79
1212	200	106	76
1210	198	105	83
1207	200	110	78
1208	195	110	76
1207	198	105	78
1205	200	109	78
1210	199	104	76
1209	199	102	79
1208	198	106	77
1207	198	107	79
1208	197	111	83
1199	198	116	82
1196	201	115	79
1197	198	118	80
1198	197	107	79
1195	193	97	83
1199	193	97	77
1199	194	99	77
1192	196	98	79
1197	190	106	90
1204	194	97	79
1200	194	103	81
1198	193	110	87
1195	196	113	79
1203	197	106	71
1206	199	101	77
1200	200	111	82
1204	201	111	77
1202	190	106	92
1202	196	110	87
1201	199	106	83
1199	196	111	82
1199	201	103	72
1197	203	107	72
1203	198	108	79
1205	198	102	82
1201	195	97	81
1201	196	91	80
1202	195	91	84
1201	194	103	84
1201	193	100	83
1196	196	111	78
1195	196	103	81
1193	196	109	81
1201	195	109	80
1193	192	115	81
1197	192	110	78
1194	191	111	78
1195	189	113	77
1193	189	115	74
1194	188	115	76
1194	185	114	81
1199	185	108	79
1197	191	109	72
1199	185	102	80
1205	184	100	81
1202	185	101	77
1206	187	100	79
1210	187	98	75
1217	190	92	76
1207	188	101	77
1205	188	104	76
1197	186	112	79
1205	187	106	76
1202	184	106	77
1206	186	103	79
1208	183	101	82
1205	184	103	82
1204	182	108	83
1200	186	106	80
1204	184	98	81
1201	186	104	80
1199	185	108	76
1201	184	108	78
