1172	328	31	50
1170	329	33	50
1164	332	38	45
1169	336	33	42
1162	334	39	46
1166	339	35	41
1170	333	31	46
1169	336	33	42
1169	338	33	40
1170	340	30	40
1170	337	30	43
1168	337	31	44
1169	340	30	40
1168	345	33	36
1168	339	34	40
1167	342	33	38
1169	344	33	35
1169	344	32	34
1169	343	30	36
1169	345	32	35
1169	336	31	43
1169	341	31	40
1168	346	31	36
1165	337	36	43
1168	335	32	48
1164	332	36	51
1167	339	31	44
1165	340	34	43
1163	344	36	37
1164	347	34	35
1165	343	35	38
1164	344	36	38
1163	349	37	35
1162	343	40	41
1163	345	36	39
1169	347	27	39
1169	341	26	45
1166	344	32	40
1167	346	32	37
1164	351	33	35
1165	351	35	36
1166	342	32	44
1168	348	31	40
1164	349	35	35
1162	337	39	39
1157	332	45	46
1156	332	48	52
1157	323	46	63
1164	336	36	47
1167	336	34	47
1166	332	33	53
1168	340	30	45
1169	342	29	50
1167	346	31	45
1165	334	34	52
1168	333	31	54
1167	331	32	54
1166	334	35	53
1168	333	32	54
1169	330	33	49
1162	336	36	52
1162	330	39	58
1165	339	33	54
1164	334	36	53
1163	331	37	56
1164	339	34	52
1165	329	36	57
1167	338	34	55
1163	329	38	62
1162	324	39	63
1161	328	39	63
1163	322	37	64
1165	332	30	59
1165	325	34	64
1164	332	33	59
1164	328	35	57
1164	333	37	56
1162	332	36	61
1163	330	36	59
1164	328	34	59
1159	340	35	50
1162	335	34	53
1160	333	36	52
1161	333	33	58
1160	333	36	56
1154	330	40	58
1151	323	46	62
1148	320	47	65
1148	332	48	54
1154	333	38	50
1159	331	36	52
1157	331	39	49
1155	331	39	53
1148	329	45	56
1151	323	42	60
1147	322	47	66
1142	313	53	72
1142	326	47	63
1146	316	43	70
1146	324	45	60
1152	323	38	63
1147	321	38	67
1142	323	48	61
1139	316	50	68
1141	312	47	74
1137	305	53	80
1133	322	46	64
1130	319	55	69
1127	318	61	68
1131	311	56	75
1132	302	57	84
1127	310	59	74
1131	306	55	81
1130	300	53	86
1130	310	46	76
1129	325	45	66
1131	325	43	68
1132	333	33	63
1135	330	30	52
1133	334	30	49
1131	344	33	41
1132	341	30	47
1134	340	29	49
1131	345	30	52
1131	343	30	58
1129	345	32	56
1131	346	28	58
1132	342	28	62
1133	346	27	60
1133	349	24	58
1133	350	24	52
1134	355	26	47
1131	348	30	45
1131	351	29	45
1130	352	28	55
1133	346	23	55
1132	345	26	59
1132	332	30	58
1130	335	33	54
1131	346	29	60
1127	338	33	68
1128	334	31	71
1128	338	31	66
1127	342	31	65
1125	344	33	62
1127	345	31	60
1127	343	31	63
1126	345	31	56
1126	346	28	61
1126	345	29	66
1125	337	28	72
1123	333	31	76
1117	337	38	75
1116	339	38	63
1120	340	34	61
1120	341	32	59
1119	341	33	54
1117	344	32	56
1110	346	39	56
1115	345	35	55
1113	345	33	56
1112	345	35	55
1108	347	40	53
1112	342	33	57
1109	344	33	55
1109	344	33	56
1105	349	34	53
1105	350	31	49
1104	352	31	55
1103	342	32	54
1100	348	37	53
1096	351	41	45
1098	350	37	45
1098	352	30	41
1098	353	28	39
1097	358	29	36
1095	358	30	38
1097	353	29	42
1094	358	32	38
1098	356	30	42
1101	349	34	48
1106	347	29	51
1113	350	31	45
1128	351	24	44
1140	347	28	49
1155	348	30	47
1170	347	33	48
1183	347	35	49
1197	346	32	48
1209	350	30	44
1218	349	31	48
1226	341	33	50
1231	338	33	53
1233	349	34	47
1239	355	34	44
1239	351	35	47
1241	350	35	49
1243	353	35	46
1241	348	38	49
1242	344	37	54
1242	345	37	52
1242	344	36	53
1239	347	40	47
1241	344	37	49
1241	348	38	55
1240	346	39	53
1240	344	38	56
1240	345	39	54
1240	345	40	55
1239	342	41	57
1239	346	41	54
1242	349	35	52
1241	349	35	53
1241	348	36	55
1242	348	35	54
1240	350	39	50
1239	349	38	53
1241	347	35	53
1239	346	37	53
1241	353	32	51
1239	359	35	45
1241	356	32	45
1236	354	37	48
1238	356	39	47
1237	352	36	48
1242	357	31	43
1238	354	34	48
1237	351	35	51
1236	349	37	53
1236	349	35	54
1233	352	37	52
1233	355	37	47
1234	350	35	52
1235	349	35	54
1233	350	37	52
1229	351	38	53
1228	351	39	53
1231	350	36	55
1230	347	38	57
1230	346	43	58
1240	345	40	57
1249	350	37	54
1261	351	39	53
1274	348	35	59
1291	345	35	60
1310	346	36	57
1326	341	35	50
1346	351	33	56
1359	348	32	64
1371	350	36	54
1382	352	36	54
1388	350	38	58
1394	352	38	56
1396	351	40	59
1399	354	37	50
1401	353	38	52
1402	352	37	58
1401	353	39	57
1404	352	34	56
1404	348	34	57
1403	342	34	60
1399	355	37	49
1396	354	36	50
1394	353	37	54
1392	350	40	54
1390	352	49	42
1382	366	41	46
1384	351	39	49
1383	353	40	57
1379	353	40	59
1375	357	41	55
1378	361	35	51
1382	360	32	47
1381	361	31	42
1382	364	33	47
1385	357	34	47
1387	359	34	48
1388	357	35	51
1389	352	35	56
1391	351	33	57
1388	349	38	58
1389	349	36	60
1389	349	35	65
1388	348	36	64
1388	348	32	67
1385	352	34	61
1380	351	40	63
1376	353	38	59
1378	358	36	49
1376	350	35	58
1375	352	35	56
1378	359	35	52
1387	359	36	49
1391	361	39	51
1406	348	36	61
1423	349	38	59
1441	349	38	63
1464	347	42	61
1485	350	39	62
1508	342	44	69
1534	347	41	68
1554	349	38	65
1572	344	45	70
1584	342	51	60
1588	349	53	62
1607	344	44	69
1613	341	50	63
1613	349	52	68
1619	347	45	68
1618	346	47	71
1620	345	46	73
1616	344	48	75
1616	345	45	71
1616	347	44	69
1612	345	45	71
1611	345	42	72
1609	345	41	75
1606	342	44	79
1603	342	43	77
1601	344	42	73
1599	351	43	68
1597	347	42	69
1596	344	44	73
1591	348	48	68
1591	349	44	67
1587	348	45	71
1585	344	49	73
1585	343	48	78
1584	342	47	75
1581	342	48	77
1581	341	45	77
1580	346	45	73
1579	349	47	67
1578	345	49	67
1577	344	48	69
1578	345	44	75
1575	344	45	72
1574	347	49	71
1574	344	46	77
1572	348	46	69
1569	345	49	73
1567	342	51	66
1569	340	51	62
1567	348	52	62
1565	345	51	64
1567	341	47	78
1566	343	45	78
1558	346	54	73
1564	350	47	69
1567	346	45	76
1564	348	47	75
1566	349	43	74
1567	349	43	75
1560	349	49	74
1563	348	47	78
1560	353	49	76
1557	352	49	74
1556	354	48	71
1555	351	50	75
1556	350	47	64
1551	361	53	68
1550	354	52	73
1548	357	52	69
1549	357	49	59
1546	362	51	54
1545	361	49	55
1542	358	54	59
1542	361	50	63
1540	363	48	58
1538	360	50	58
1531	366	55	63
1528	363	55	59
1526	368	55	58
1524	367	53	64
1524	363	47	63
1518	367	57	55
1515	367	56	55
1511	374	57	55
1509	371	59	59
1507	373	54	56
1503	374	56	53
1500	368	55	64
1493	374	55	56
1489	373	56	59
1486	376	56	62
1483	374	55	58
1483	376	50	57
1475	375	53	62
1471	378	55	60
1467	381	55	58
1459	374	59	69
1455	378	52	66
1446	379	61	67
1438	388	57	55
1437	384	54	56
1430	395	55	55
1422	391	61	61
1416	392	56	67
1407	389	62	75
1407	391	57	69
1398	402	61	78
1392	389	61	87
1388	387	60	88
1381	386	66	93
1371	365	77	90
1374	390	69	79
1363	389	76	73
1359	382	82	75
1360	381	71	80
1357	375	69	87
1356	370	65	89
1355	373	71	83
1359	382	67	78
1366	388	64	76
1374	387	65	71
1386	384	68	68
1398	377	65	78
1411	377	68	68
1424	393	61	80
1432	376	66	73
1440	379	68	70
1449	385	65	72
1451	385	71	63
1456	384	66	67
1459	388	69	67
1462	389	65	73
1464	387	66	68
1462	387	73	61
1463	387	75	67
1466	386	69	75
1467	387	69	78
1466	387	73	75
1466	388	72	73
1467	386	69	73
1465	385	71	65
1463	388	75	63
1464	388	71	64
1466	384	66	69
1466	387	69	69
1465	387	71	78
1465	388	68	70
1466	388	68	61
1467	388	68	60
1466	391	65	61
1465	389	72	60
1466	394	71	55
1462	391	75	58
1464	392	71	57
1462	392	74	64
1463	394	74	58
1464	397	72	53
1467	399	69	57
1467	395	70	61
1467	393	72	64
1469	394	70	64
1467	396	73	57
1470	388	66	70
1472	393	64	72
1471	393	66	72
1469	392	69	76
1469	390	70	78
1470	394	69	73
1472	396	68	71
1472	398	70	64
1468	398	73	69
1473	397	70	77
1471	395	69	75
1477	397	64	71
1473	398	68	61
1472	397	69	64
1474	397	66	63
1474	398	65	67
1471	401	70	69
1475	399	66	69
1474	396	65	73
1471	398	71	70
1473	396	68	62
1469	401	69	64
1470	401	68	63
1466	399	72	55
1467	401	72	56
1463	398	78	58
1463	395	81	59
1464	391	78	67
1459	384	90	69
1461	401	76	61
1460	398	77	62
1457	390	80	65
1455	381	91	66
1461	414	75	69
1456	391	84	79
1451	383	88	83
1453	388	79	72
1450	389	84	68
1451	385	80	66
1449	397	70	67
1448	389	68	75
1451	395	66	67
1448	412	69	86
1449	394	71	86
1451	392	62	89
1448	394	61	87
1448	394	63	72
1446	392	66	80
1447	390	60	88
1451	386	51	90
1444	392	61	81
1448	395	48	87
1450	393	52	82
1432	399	61	73
1432	399	61	73
1425	398	55	77
1425	398	55	77
1425	398	55	77
1425	398	55	77
1425	398	55	77
1425	398	55	77
1425	398	55	77
1425	398	55	77
1425	398	55	77
1425	398	55	77
1425	398	55	77
1425	398	55	77
1425	398	55	77
1425	398	55	77
1425	398	55	77
1425	398	55	77
1425	398	55	77
1396	418	43	77
1387	404	56	78
1361	400	71	72
1357	423	83	85
1352	409	73	100
1344	410	77	106
1343	413	74	98
1339	411	75	103
1333	412	76	104
1327	419	78	92
1321	417	78	88
1318	421	77	101
1313	417	76	107
1307	417	79	105
1306	415	74	122
1299	412	74	120
1293	421	81	111
1291	427	71	112
1477	459	83	85
1469	461	88	79
1461	456	78	65
1451	473	82	45
1447	481	73	47
1436	478	75	50
1436	478	75	50
1422	484	78	59
1406	486	79	47
1406	480	76	56
1394	481	84	53
1390	475	74	59
1380	469	78	71
1380	469	78	71
1503	425	85	53
1503	425	85	53
1503	425	85	53
1503	425	85	53
1503	425	85	53
1503	425	85	53
1503	425	85	53
1503	425	85	53
1503	425	85	53
1503	425	85	53
1503	425	85	53
1503	425	85	53
1503	425	85	53
1545	456	74	55
1558	459	87	53
1545	452	76	61
1545	452	76	61
1545	452	76	61
1545	452	76	61
1545	452	76	61
1545	452	76	61
1545	452	76	61
1545	452	76	61
1545	452	76	61
1545	452	76	61
1545	452	76	61
1630	317	80	67
1557	299	88	74
1547	299	101	74
1546	297	104	97
1546	299	102	79
1545	293	103	81
1543	289	106	93
1542	288	105	104
1544	289	109	103
1547	296	108	89
1549	294	113	88
1557	284	111	97
1564	288	111	91
1571	294	116	80
1576	297	119	73
1580	295	129	80
1597	294	118	85
1604	296	113	90
1615	297	110	82
1613	296	115	92
1618	298	114	92
1615	304	126	93
1618	299	118	114
1615	274	124	136
1611	293	139	138
1616	276	127	121
1622	290	120	129
1625	269	120	114
1627	282	116	91
1624	286	118	83
1628	297	119	71
1632	298	114	67
1631	301	124	61
1641	302	122	60
1650	296	123	66
1673	311	118	52
1687	304	129	62
1709	296	129	70
1731	295	128	73
1751	301	131	70
1765	307	141	64
1785	309	137	65
1792	312	133	58
1801	306	118	70
1814	298	106	78
1819	296	97	71
1824	293	92	91
1832	291	84	84
1853	297	63	74
1843	293	73	80
1838	295	77	77
1849	295	69	82
1841	299	76	78
1860	310	57	71
1851	295	63	55
1852	311	66	68
1848	309	70	66
1846	308	72	66
1846	295	71	73
1864	299	52	77
1858	304	58	70
1847	296	69	75
1839	301	77	71
1832	302	85	68
1847	304	69	67
1840	305	78	66
1839	305	78	66
1835	307	83	68
1838	303	81	73
1835	303	83	73
1841	313	77	65
1857	318	59	56
1860	321	54	63
1837	313	65	67
1849	314	65	62
1841	307	73	74
1833	304	81	76
1833	304	84	79
1833	305	78	69
1833	306	83	72
1835	308	80	66
1833	311	83	68
1838	314	78	83
1840	294	73	74
1844	315	69	79
1840	316	72	99
1844	306	70	92
1836	311	73	104
1829	291	84	118
1821	305	94	121
1811	282	104	118
1807	287	107	138
1805	292	112	136
1810	305	104	132
1813	282	102	112
1796	286	118	107
1803	287	111	133
1805	306	108	139
1799	282	113	161
1797	290	115	161
1826	292	85	171
1805	281	104	158
1811	302	101	142
1803	295	105	132
1800	307	106	139
1815	279	98	151
1807	291	105	136
1830	288	88	143
1826	298	88	130
1847	312	73	120
1847	312	73	120
1847	312	73	120
1847	312	73	120
1847	312	73	120
1847	312	73	120
1847	312	73	120
1847	312	73	120
1847	312	73	120
1847	312	73	120
1847	312	73	120
1847	312	73	120
1847	312	73	120
1847	312	73	120
1847	312	73	120
1847	312	73	120
1847	312	73	120
1847	312	73	120
1847	312	73	120
1847	312	73	120
1847	312	73	120
1847	312	73	120
1847	312	73	120
1847	312	73	120
1847	312	73	120
1847	312	73	120
1847	312	73	120
1847	312	73	120
1847	312	73	120
1847	312	73	120
1847	312	73	120
1869	315	49	128
1883	297	38	125
1888	294	37	127
1883	298	36	127
1883	306	34	135
1881	299	35	127
1878	302	37	121
1878	308	37	123
1878	300	36	126
1878	289	38	114
1872	302	42	103
1872	300	40	92
1876	301	38	75
1870	308	36	73
1867	321	39	68
1866	323	38	59
1859	334	42	53
1869	314	50	55
1863	313	55	57
1861	304	58	65
1861	300	58	58
1855	308	61	57
1854	300	66	48
1853	309	68	56
1853	309	68	56
1853	309	68	56
1853	309	68	56
1853	309	68	56
1853	309	68	56
1853	309	68	56
1853	309	68	56
1853	309	68	56
1853	309	68	56
1853	309	68	56
1853	309	68	56
1853	309	68	56
1853	309	68	56
1853	309	68	56
1853	304	64	65
1854	307	62	77
1842	301	74	83
1843	303	71	77
1834	294	82	82
1832	292	83	61
1827	321	92	55
1827	321	92	55
1827	321	92	55
1827	321	92	55
1827	321	92	55
1827	321	92	55
1827	321	92	55
1827	321	92	55
1827	321	92	55
1819	310	95	61
1833	300	87	66
1841	294	80	62
1861	285	74	68
1865	311	57	76
1800	288	52	72
1826	312	54	60
1834	314	46	53
1833	313	41	46
1831	314	42	36
1885	295	35	35
1882	303	36	39
1886	296	32	44
1886	296	27	40
1885	295	20	37
1890	293	21	40
1887	299	28	39
1819	324	20	43
1820	315	17	36
1818	315	17	35
1817	315	15	33
1816	316	15	31
1814	319	14	28
1813	318	16	28
1812	319	16	25
1811	322	15	22
1808	322	14	22
1807	320	14	24
1807	320	14	24
1807	326	16	24
1805	318	15	26
1802	316	17	28
1800	315	18	29
1801	315	17	29
1797	313	18	32
1799	313	16	32
1796	313	17	33
1795	309	16	35
1794	308	16	35
1794	307	14	37
1790	304	18	39
1790	304	17	41
1789	304	17	37
1787	303	16	37
1785	304	20	39
1784	304	18	38
1784	303	16	39
1783	305	16	36
1782	304	16	37
1781	304	16	34
1780	304	16	35
1778	307	17	33
1776	308	17	32
1775	309	18	30
1773	308	17	30
1772	306	17	33
1769	305	19	36
1767	307	17	34
1765	305	18	33
1765	305	17	34
1763	307	18	35
1762	306	18	36
1761	307	18	32
1760	308	16	31
1757	306	18	33
1755	307	18	32
1753	307	18	31
1751	308	18	33
1750	309	17	32
1749	308	19	33
1748	309	18	31
1749	311	15	29
1749	311	18	29
1754	313	16	30
1767	309	16	27
1783	309	17	24
1800	311	18	27
1800	311	18	27
1800	311	18	27
1800	311	18	27
1759	310	21	30
1792	309	19	36
1792	309	19	36
1792	309	19	36
1792	309	19	36
1792	309	19	36
1792	309	19	36
1792	309	19	36
1792	309	19	36
1792	309	19	36
1792	309	19	36
1792	309	19	36
1792	309	19	36
1792	309	19	36
1792	309	19	36
1792	309	19	36
1792	309	19	36
1792	309	19	36
1792	309	19	36
1792	309	19	36
1792	309	19	36
1792	309	19	36
1792	309	19	36
1792	309	19	36
1792	309	19	36
1792	309	19	36
1792	309	19	36
1792	309	19	36
1792	309	19	36
1792	309	19	36
1792	309	19	36
1792	309	19	36
1792	309	19	36
1792	309	19	36
1792	309	19	36
1770	302	26	34
1770	302	26	34
1763	259	22	30
1763	259	22	30
1763	259	22	30
1706	280	25	29
1653	269	26	30
1662	267	27	22
1662	272	25	19
1666	269	22	19
1666	271	21	20
1669	270	22	22
1669	268	22	22
1670	272	24	18
1671	271	23	18
1666	269	26	20
1669	268	25	21
1671	269	24	19
1670	271	23	20
1672	269	22	19
1672	270	21	18
1671	270	23	19
1672	270	23	19
1672	269	24	19
1666	270	26	19
1670	270	24	20
1673	271	20	18
1673	270	20	20
1672	269	23	21
1673	270	22	23
1673	272	22	20
1673	270	23	23
1672	269	23	19
1670	271	25	20
1674	269	22	21
1671	268	24	22
1672	268	24	24
1675	268	22	21
1674	270	22	21
1675	271	21	19
1676	271	21	19
1675	270	22	19
1676	269	22	21
1674	266	23	22
1674	269	24	20
1675	267	22	22
1677	269	22	19
1677	270	21	20
1677	272	21	20
1678	272	21	18
1678	271	23	19
1679	273	19	22
1679	271	18	23
1679	270	21	25
1678	270	23	24
1679	270	24	22
1679	270	24	22
1680	269	20	23
1679	269	24	22
1679	268	24	22
1680	268	23	22
1678	268	27	22
1678	269	26	22
1679	267	24	22
1679	269	23	22
1680	268	24	23
1679	267	29	23
1678	266	29	23
1679	271	27	24
1680	270	27	20
1680	268	31	22
1680	266	26	26
1680	267	24	24
1680	269	23	20
1679	268	24	22
1678	268	27	22
1681	270	24	21
1681	269	23	21
1681	268	22	20
1682	270	23	19
1683	270	22	19
1682	269	22	20
1681	269	27	21
1681	267	25	23
1682	271	23	21
1681	270	25	20
1681	271	25	19
1680	270	24	22
1680	268	25	25
1681	268	25	24
1682	267	26	27
1684	270	25	26
1683	269	26	24
1684	268	28	24
1684	268	25	21
1684	271	25	20
1685	272	25	18
1685	271	24	20
1686	271	22	20
1685	270	24	20
1685	269	26	20
1682	268	28	20
1683	267	26	22
1682	265	27	25
1685	266	26	26
1686	269	24	25
1687	270	24	22
1686	267	24	21
1685	268	24	26
1688	269	21	20
1688	272	18	19
1688	270	20	19
1688	269	20	19
1688	269	22	20
1688	268	22	20
1687	269	22	20
1686	266	24	25
1685	262	24	28
1687	265	22	25
1686	263	25	26
1686	268	26	23
1688	270	23	19
1688	270	22	19
1688	269	21	20
1689	268	22	22
1688	268	22	20
1689	268	22	23
1689	268	21	22
1687	270	24	22
1688	269	22	25
1689	270	22	24
1688	270	23	19
1688	270	22	19
1688	270	23	19
1689	271	23	20
1690	270	22	19
1690	269	20	20
1691	269	21	20
1691	271	20	20
1692	271	19	22
1691	271	19	26
1688	269	23	26
1689	267	24	24
1691	269	22	21
1691	271	21	22
1690	270	22	21
1690	269	22	23
1689	267	23	25
1689	267	23	25
1691	264	23	27
1687	264	25	26
1687	264	27	26
1690	265	25	25
1690	262	24	29
1690	265	23	26
1691	263	24	27
1690	265	23	26
1690	263	24	28
1691	269	23	21
1692	266	22	23
1691	264	25	27
1691	263	26	29
1691	261	26	32
1691	259	25	35
1693	258	25	34
1690	259	30	38
1692	257	26	42
1689	259	24	39
1685	259	26	35
1718	266	29	32
1718	266	29	32
1679	270	34	32
1642	270	36	32
1608	272	40	27
1570	272	43	24
1535	274	47	32
1535	274	47	32
1535	274	47	32
1535	274	47	32
1535	274	47	32
1535	274	47	32
1535	274	47	32
1535	274	47	32
1535	274	47	32
1535	274	47	32
1535	274	47	32
1535	274	47	32
1535	274	47	32
1535	274	47	32
1535	274	47	32
1535	274	47	32
1535	274	47	32
1535	274	47	32
1535	274	47	32
1535	274	47	32
1535	274	47	32
1535	274	47	32
1535	274	47	32
1535	274	47	32
1535	274	47	32
1535	274	47	32
1535	274	47	32
1535	274	47	32
1535	274	47	32
1535	274	47	32
1535	274	47	32
1535	274	47	32
1535	274	47	32
1535	274	47	32
1535	274	47	32
1535	274	47	32
1535	274	47	32
1535	274	47	32
1535	274	47	32
1535	274	47	32
1535	274	47	32
1535	274	47	32
1535	274	47	32
1535	274	47	32
1535	274	47	32
1535	274	47	32
1535	274	47	32
1535	274	47	32
1535	274	47	32
1535	274	47	32
1535	274	47	32
1535	274	47	32
1535	274	47	32
1535	274	47	32
1535	274	47	32
1535	274	47	32
1535	274	47	32
1535	274	47	32
1535	274	47	32
1535	274	47	32
1535	274	47	32
1535	274	47	32
1535	274	47	32
1535	274	47	32
1535	274	47	32
1535	274	47	32
1535	274	47	32
1535	274	47	32
1535	274	47	32
1535	274	47	32
1535	274	47	32
1535	274	47	32
1535	274	47	32
1535	274	47	32
1535	274	47	32
1535	274	47	32
1535	274	47	32
1535	274	47	32
1535	274	47	32
1535	274	47	32
1535	274	47	32
1535	274	47	32
1535	274	47	32
1535	274	47	32
1535	274	47	32
1535	274	47	32
1535	274	47	32
1535	274	47	32
1535	274	47	32
1535	274	47	32
1535	274	47	32
1535	274	47	32
1535	274	47	32
1535	274	47	32
1535	274	47	32
1535	274	47	32
1473	230	39	40
1473	230	39	40
1501	158	47	40
1501	158	47	40
1501	158	47	40
1501	158	47	40
1501	158	47	40
1501	158	47	40
1501	158	47	40
1501	158	47	40
1501	158	47	40
1501	158	47	40
1501	158	47	40
1501	158	47	40
1501	158	47	40
1501	158	47	40
1501	158	47	40
1501	158	47	40
1501	158	47	40
1501	158	47	40
1501	158	47	40
1501	158	47	40
1501	158	47	40
1501	158	47	40
1501	158	47	40
1501	158	47	40
1501	158	47	40
1411	59	45	49
1411	59	45	49
1316	10	42	40
1316	10	42	40
1316	10	42	40
1316	10	42	40
1235	20	45	47
1235	15	51	53
1239	27	47	51
1239	27	47	51
1239	27	47	51
1239	27	47	51
1239	27	47	51
1239	27	47	51
1239	27	47	51
1287	11	43	42
1287	11	43	42
1287	11	43	42
1287	11	43	42
1287	11	43	42
1287	11	43	42
1287	11	43	42
1287	11	43	42
1287	11	43	42
1287	11	43	42
1287	11	43	42
1287	11	43	42
1287	11	43	42
1353	2	38	50
1355	4	41	54
1359	5	47	49
1358	4	38	52
1358	8	33	47
1358	8	33	47
1377	-11	43	53
1377	-11	43	53
1310	16	43	45
1310	16	43	45
1310	16	43	45
1310	16	43	45
1310	16	43	45
1310	16	43	45
1310	16	43	45
1310	16	43	45
1310	16	43	45
1310	16	43	45
1310	16	43	45
1310	16	43	45
1222	49	38	51
1222	49	38	51
1222	49	38	51
1222	49	38	51
1222	49	38	51
1222	49	38	51
1241	10	43	54
1228	14	37	52
1228	14	37	52
1228	14	37	52
1228	14	37	52
1228	14	37	52
1228	14	37	52
1224	4	40	46
1223	4	38	46
1223	4	38	46
1223	4	38	46
1223	4	38	46
1223	4	38	46
1223	4	38	46
1223	4	38	46
1223	4	38	46
1223	4	38	46
1223	4	38	46
1223	4	38	46
1223	4	38	46
1223	4	38	46
1223	4	38	46
1223	4	38	46
1213	0	36	46
1279	1	35	49
1247	-2	29	45
1248	0	32	48
1248	0	32	48
1285	0	32	50
1285	0	32	50
1245	45	34	52
1244	45	36	52
1244	45	36	52
1244	45	36	52
1158	32	32	55
1158	32	32	55
1158	32	32	55
1158	32	32	55
1158	32	32	55
1117	0	36	51
1117	0	36	51
1127	7	39	56
1127	7	39	56
1127	7	39	56
1127	7	39	56
1127	7	39	56
1177	13	40	50
1177	13	40	50
1177	13	40	50
1126	16	48	55
1068	14	60	64
1068	14	60	64
1030	20	54	55
1031	14	67	56
1035	11	63	57
1035	11	63	57
1035	11	63	57
991	76	69	69
991	76	69	69
999	89	59	72
999	89	59	72
999	89	59	72
995	70	48	81
991	70	53	93
