1631	470	222	282
1588	453	205	275
1525	445	203	281
1473	444	185	269
1429	443	169	259
1380	440	170	254
1342	438	165	237
1309	428	167	258
1275	435	161	264
1261	424	155	246
1245	417	164	254
1238	429	152	232
1230	431	151	233
1232	419	146	246
1227	422	155	243
1226	425	161	242
1227	423	154	263
1234	415	157	254
1238	420	153	233
1244	411	166	256
1249	417	158	232
1251	417	169	244
1261	421	156	239
1263	415	167	245
1268	410	162	235
1274	415	156	230
1278	415	162	229
1282	417	191	230
1293	422	168	230
1299	425	162	228
1303	425	153	235
1300	426	163	226
1298	422	162	242
1293	428	177	209
1279	424	186	230
1269	418	160	282
1254	421	160	280
1224	411	174	249
1209	407	151	294
1174	388	145	291
1143	402	148	273
1114	405	136	261
1075	407	151	233
1048	408	151	208
1034	408	131	211
1010	411	140	203
999	408	140	223
983	412	160	249
982	406	127	232
974	413	132	245
967	415	139	268
974	406	130	236
970	412	138	260
970	413	143	257
973	413	152	235
972	423	146	224
975	421	144	234
993	411	125	245
985	383	137	258
990	393	148	290
992	379	138	286
996	402	131	261
996	389	140	266
998	392	136	252
999	394	134	255
996	408	138	239
996	401	141	251
999	393	136	274
1005	378	135	299
999	395	142	295
1003	370	135	309
1006	388	132	289
1003	393	134	258
1006	390	131	267
1006	400	136	265
997	358	137	278
997	375	143	290
997	375	148	305
991	375	150	303
997	375	141	294
996	376	140	308
986	352	158	331
994	356	141	317
997	366	142	310
993	368	146	321
985	359	147	321
981	342	156	341
979	351	151	330
973	341	159	341
987	362	137	312
976	369	143	296
982	371	133	287
976	383	133	270
972	379	138	271
967	373	142	281
960	379	166	287
960	371	146	293
955	381	145	279
955	385	132	264
945	367	146	286
938	382	138	275
932	388	134	266
922	380	130	267
899	387	153	269
885	391	150	255
856	382	161	271
841	379	160	276
827	386	145	266
808	387	147	264
799	399	151	254
785	393	149	260
772	389	150	265
760	397	163	260
751	404	151	250
750	395	139	257
744	381	143	267
739	378	143	272
732	381	142	266
730	361	126	286
727	372	121	267
720	383	125	251
717	378	125	257
709	373	136	270
705	378	120	258
699	365	120	264
691	378	121	246
687	387	120	238
680	376	121	251
680	385	118	238
674	388	125	236
667	387	120	230
660	375	123	239
657	373	118	244
651	378	120	239
644	372	123	239
640	369	119	238
635	376	119	232
627	386	120	224
619	393	122	211
615	390	114	213
610	374	112	228
604	382	112	220
597	392	111	209
589	387	114	212
587	389	110	208
580	385	108	210
577	383	109	209
571	389	107	203
561	378	118	220
558	385	111	209
556	383	109	209
551	385	109	207
546	389	109	207
541	383	113	211
535	385	118	207
534	381	114	210
533	379	109	215
525	385	112	209
524	391	108	198
517	388	118	204
520	391	106	198
513	390	112	201
511	385	110	202
510	393	110	197
507	390	109	200
505	394	112	195
502	396	112	191
501	389	108	200
499	385	111	201
493	384	120	202
491	393	121	193
493	394	114	190
491	391	113	201
492	389	112	203
490	377	115	216
490	392	110	200
494	387	104	204
490	392	112	193
492	388	110	200
488	375	115	215
489	385	112	202
487	369	115	210
488	366	116	218
486	371	117	213
483	374	121	205
484	371	113	203
489	378	113	198
482	378	117	193
488	379	114	187
488	370	111	192
490	375	114	189
491	362	112	197
489	375	111	183
488	369	115	188
491	360	112	194
491	374	116	174
496	381	108	163
494	367	116	182
493	373	114	167
493	377	116	163
488	369	124	169
491	360	119	179
493	364	119	171
496	365	114	174
498	359	113	171
503	356	106	169
505	354	104	168
510	355	99	167
506	358	102	160
504	351	110	172
506	358	105	161
516	356	98	162
510	357	105	159
511	355	105	160
514	358	103	153
514	356	105	156
513	354	103	160
516	358	103	154
520	359	99	151
524	357	93	152
523	355	95	157
529	361	91	149
531	358	88	147
530	358	88	148
533	358	86	149
532	361	94	144
536	367	92	138
539	359	86	145
539	360	90	146
541	358	89	144
546	355	88	144
551	360	91	136
561	365	92	128
584	363	81	135
596	363	85	132
612	365	79	128
621	368	82	122
637	363	80	127
644	359	81	128
653	356	88	126
662	357	76	130
667	358	69	125
666	359	74	125
668	361	82	121
675	361	77	120
676	360	77	120
681	361	71	119
681	358	70	120
679	362	78	117
678	361	83	116
685	364	67	114
685	360	69	113
685	361	76	117
685	365	73	110
686	363	72	112
686	363	69	114
689	362	69	112
688	362	66	113
691	357	64	115
689	357	69	111
693	356	66	117
696	359	61	111
696	357	67	111
702	359	80	106
703	357	87	106
703	352	108	108
716	354	105	111
724	356	106	108
741	356	85	103
753	355	89	104
759	352	95	105
769	352	104	105
777	358	102	97
783	359	103	94
737	350	124	103
789	347	105	106
792	352	104	103
748	350	121	104
790	351	112	97
797	354	102	89
802	351	100	90
803	347	92	96
804	345	87	103
808	341	63	110
811	339	57	108
811	340	61	106
809	342	71	105
811	339	73	106
807	335	96	106
808	335	83	105
811	326	79	112
820	319	61	118
830	334	71	131
834	329	79	116
853	326	78	116
870	333	83	113
883	330	68	109
907	333	49	108
918	323	50	110
934	341	65	106
936	331	64	109
941	317	58	121
942	318	67	114
954	328	81	109
953	325	84	116
951	331	87	108
954	323	87	113
953	323	86	118
957	326	84	112
959	324	71	112
954	318	66	117
958	320	69	120
960	322	73	119
962	317	63	122
960	322	73	119
965	329	73	112
960	328	83	114
952	322	92	119
960	319	83	130
961	314	80	131
959	327	85	111
964	325	76	116
966	320	65	118
969	321	59	107
971	325	52	99
971	322	50	114
978	317	57	125
966	318	56	122
965	317	59	120
969	320	56	121
965	321	56	116
973	321	65	117
974	314	48	121
973	320	53	118
973	314	52	115
976	325	66	113
967	323	76	115
973	322	71	121
977	328	74	116
975	328	71	114
970	330	79	111
974	325	57	103
983	334	59	92
984	334	50	79
984	331	49	73
992	346	59	86
980	336	69	89
983	328	49	86
986	333	65	78
987	321	56	85
980	333	59	87
983	330	54	85
975	335	58	97
989	316	50	103
989	319	49	115
990	317	48	124
982	324	56	114
982	320	57	124
978	316	59	130
983	317	55	137
984	320	57	133
989	321	53	131
987	321	51	140
988	327	49	135
988	337	53	134
987	337	60	132
987	333	54	133
986	330	57	139
990	327	56	151
993	324	56	156
990	332	60	153
991	336	50	142
989	336	55	144
989	343	55	137
994	333	54	131
987	338	69	148
985	343	70	144
990	344	51	132
994	333	55	136
987	341	64	138
990	339	63	147
999	327	46	146
1000	331	46	136
997	328	47	145
996	333	58	140
1000	327	42	141
1002	326	44	142
999	325	49	142
1005	337	31	144
1003	324	37	134
1001	336	43	120
1000	340	43	108
1000	338	45	102
992	343	52	90
990	346	55	75
995	345	51	72
996	342	48	69
1002	346	57	65
1000	341	46	71
1000	347	46	74
999	343	47	76
1003	342	43	72
1001	347	44	63
1003	338	42	60
1003	338	42	60
1003	338	42	60
1003	344	44	63
1002	342	44	67
1004	338	44	73
1005	336	45	74
1003	346	41	76
1003	340	44	69
1003	340	51	78
1003	338	47	72
1005	338	45	76
1003	338	48	80
1002	339	47	76
1002	343	48	82
1002	340	50	87
1003	341	50	83
999	339	56	88
1001	343	50	88
1004	340	46	92
1005	341	48	83
1004	341	46	88
1002	338	50	88
1005	340	46	78
1003	336	48	82
1002	336	44	89
1005	335	41	86
1003	335	43	90
1006	336	42	79
1001	338	47	88
1006	333	42	90
1007	333	42	89
1008	329	40	79
1003	329	45	85
1004	336	43	76
1005	338	40	76
1005	336	41	81
1004	332	41	88
1004	331	42	85
1003	331	44	87
1005	332	41	88
1005	331	40	93
1004	332	40	91
1006	329	42	91
1006	330	43	90
1005	329	44	86
1006	330	40	87
1009	329	38	83
1009	332	37	75
1005	334	39	73
1006	330	39	79
1003	332	43	80
1006	334	40	74
1006	333	39	76
1005	330	40	84
1006	333	40	75
1004	332	42	77
1004	332	40	83
1004	332	42	84
1004	331	39	82
1004	330	40	84
1006	331	38	87
1006	328	40	86
1006	329	37	95
1006	331	41	92
1005	330	39	84
1006	328	37	84
1005	330	38	81
1006	331	37	78
1006	331	36	83
1005	333	38	83
1007	332	37	78
1004	332	39	80
1007	329	37	85
1004	334	39	76
1005	332	37	84
1004	331	37	89
1002	331	41	94
1002	331	40	95
1002	331	42	95
1003	333	42	87
1006	332	38	90
1005	330	41	87
1004	333	45	88
1001	335	43	84
1004	333	41	89
1002	332	46	89
1001	332	45	85
1006	333	39	77
1006	332	37	77
1004	330	40	77
1005	332	37	87
1005	334	36	85
1005	326	37	85
1003	331	41	87
1005	328	40	90
1003	329	40	90
1004	331	40	92
1003	332	39	88
1005	329	37	91
1005	331	41	84
1007	330	36	85
1006	329	38	84
1004	332	42	83
1006	331	44	92
1004	330	39	88
1005	329	39	84
1005	332	39	79
1005	331	44	84
1005	328	44	86
1006	328	42	83
1006	325	37	90
1007	323	41	96
1007	322	47	103
1008	323	41	93
1008	322	41	88
1009	320	43	92
1007	323	41	86
1008	321	38	89
1009	323	35	87
1009	321	36	85
1007	319	39	97
1004	322	43	100
1007	324	44	91
1010	322	35	89
1010	321	36	89
1007	323	37	90
1008	322	36	90
1008	319	38	86
1006	322	39	80
1009	320	43	91
1012	319	40	94
1008	318	49	95
1006	322	46	89
1012	323	38	73
1010	323	39	76
1009	320	39	85
1009	319	44	80
1010	322	48	75
1009	318	48	78
1010	319	48	77
1012	318	43	76
1010	319	41	70
1008	320	48	68
1010	319	45	71
1012	321	44	69
1009	317	46	74
1011	317	46	75
1013	319	44	74
1010	319	43	75
1010	319	43	77
1006	320	46	76
1003	320	44	75
989	319	46	75
970	318	56	74
943	316	63	68
907	316	70	74
885	319	61	80
851	317	47	73
801	318	49	74
770	320	45	65
726	318	35	70
686	356	35	73
630	315	31	69
575	302	29	62
531	336	32	55
484	392	34	55
430	319	30	49
394	343	39	45
361	329	41	45
336	320	38	47
318	318	36	52
301	317	38	54
291	324	43	55
283	323	45	57
275	318	37	57
276	319	40	55
273	322	42	58
276	324	36	54
279	323	29	45
277	322	30	49
275	326	35	56
281	320	35	55
278	318	34	53
282	313	33	45
282	316	32	46
284	315	29	46
282	315	33	40
284	317	31	44
285	318	33	43
284	316	36	47
283	318	45	44
286	319	35	41
287	318	34	43
287	323	33	41
287	325	35	44
290	323	36	43
290	319	35	46
294	322	29	42
298	319	24	46
296	323	28	44
296	325	30	45
294	325	30	41
297	323	26	45
297	323	26	44
297	324	26	43
294	322	28	46
295	324	26	42
297	324	27	41
297	323	26	40
294	324	33	40
295	320	29	42
296	321	25	41
295	323	25	41
296	321	25	43
294	320	26	44
292	318	28	46
291	318	31	50
292	317	30	50
293	318	41	48
295	317	47	45
284	321	43	45
285	321	35	43
292	321	28	43
289	321	34	45
290	321	35	48
287	319	32	54
288	308	26	55
290	312	23	47
289	313	23	43
287	315	25	43
285	311	27	48
283	314	29	46
283	313	26	43
284	316	22	43
279	315	30	42
277	313	33	45
280	315	29	44
282	317	23	44
281	317	23	43
278	314	26	48
274	310	30	51
275	314	29	45
276	317	29	47
276	314	28	47
274	318	27	44
274	316	29	47
276	317	25	51
277	317	24	50
275	320	27	48
274	322	27	44
275	322	27	46
274	319	28	51
274	322	27	45
273	320	28	48
273	321	28	42
274	318	26	46
273	318	26	48
269	317	31	50
272	319	25	45
269	319	25	46
268	319	32	47
268	318	28	47
268	317	27	47
268	319	31	49
267	317	35	49
271	317	40	47
295	317	30	43
320	318	23	45
337	317	27	44
365	319	31	47
398	318	25	45
428	316	23	41
463	312	24	46
494	313	30	46
534	313	25	43
573	313	21	41
573	313	21	41
573	313	21	41
617	280	28	40
617	280	28	40
599	278	23	35
640	273	16	37
640	273	16	37
640	273	16	37
677	268	16	36
652	268	21	36
652	268	21	36
652	268	21	36
652	268	21	36
652	268	21	36
652	268	21	36
652	268	21	36
652	268	21	36
652	268	21	36
652	268	21	36
652	301	20	33
652	301	20	33
633	253	26	33
571	251	26	36
571	251	26	36
571	251	26	36
571	251	26	36
571	251	26	36
571	251	26	36
571	251	26	36
571	251	26	36
