655	316	93	87
647	318	100	85
642	317	98	90
644	318	102	89
645	318	96	88
646	314	98	95
641	317	106	88
645	317	101	89
641	319	107	87
644	317	98	90
640	319	97	92
636	320	98	93
635	316	97	99
635	320	93	95
632	321	92	95
631	317	103	98
629	314	105	101
629	320	99	95
628	320	95	99
621	320	97	102
620	320	97	100
619	318	104	102
618	319	104	100
615	320	106	100
611	320	108	100
610	320	107	102
607	321	108	101
604	323	107	98
601	323	107	99
602	323	109	97
601	320	102	103
597	321	105	105
596	324	109	100
595	320	114	101
588	322	115	102
588	322	114	101
586	320	119	107
583	321	125	107
578	319	132	106
576	320	127	106
574	320	134	108
573	319	140	108
571	316	140	116
567	316	154	117
571	319	144	115
578	323	134	110
584	325	136	106
599	329	136	103
612	333	135	97
633	334	135	97
656	343	130	87
686	341	126	93
715	342	127	91
736	346	138	85
773	332	128	105
808	334	136	102
838	329	133	108
868	331	143	105
895	330	142	111
927	324	153	119
954	325	147	124
973	324	146	127
982	335	145	116
1032	316	137	116
1008	326	151	127
1009	317	150	137
1010	324	153	130
1049	324	152	120
1061	316	128	126
1002	335	150	123
999	337	156	125
991	337	169	124
996	331	161	132
990	340	156	130
987	333	168	133
985	328	164	142
978	338	167	136
980	329	164	142
975	335	168	140
972	332	167	144
971	330	171	143
967	339	168	136
962	338	170	140
960	347	168	129
956	334	172	139
955	334	179	143
953	332	176	148
946	327	187	150
932	343	187	140
932	334	186	148
930	330	185	156
928	342	184	150
919	345	193	147
916	334	197	153
914	328	199	162
904	334	202	157
899	344	215	151
900	346	213	151
901	338	215	161
902	335	221	163
899	318	229	183
898	342	233	162
902	346	227	160
905	326	233	181
908	332	243	182
912	336	241	183
913	342	235	176
907	333	249	182
902	344	247	172
903	351	247	171
908	337	243	188
900	326	262	197
882	323	276	203
888	336	270	192
879	337	274	196
866	313	293	207
860	314	292	217
857	317	301	220
854	327	285	211
854	340	279	200
837	340	307	201
827	356	296	191
819	352	301	193
811	386	277	165
815	365	294	187
801	365	304	193
790	364	316	194
793	372	309	186
772	360	330	207
768	366	326	198
764	367	321	197
762	375	322	192
742	370	346	194
752	376	346	193
749	383	357	193
752	380	353	204
769	361	364	230
780	366	363	214
784	361	400	226
794	352	395	241
806	341	406	250
830	326	420	267
841	325	411	281
856	328	430	295
859	331	443	298
876	323	446	314
894	312	465	320
908	309	458	325
946	313	466	339
963	349	490	291
988	347	488	289
994	324	509	323
1009	311	534	348
1022	351	559	326
1041	370	568	300
1074	343	564	335
1078	312	538	388
1103	356	564	355
1085	401	601	306
1117	384	573	331
1099	347	609	384
1115	376	610	366
1074	355	650	370
1058	351	680	395
1046	347	658	386
1046	398	625	343
1031	401	629	333
1016	414	619	327
992	388	649	373
966	378	664	375
954	360	655	393
922	338	689	443
916	408	673	372
894	420	676	363
878	424	703	365
860	408	717	381
836	418	744	394
829	431	735	378
822	384	706	469
820	417	732	444
798	426	742	432
777	397	754	488
785	408	786	476
789	417	778	452
766	433	799	462
757	430	808	492
787	440	797	412
763	439	851	413
754	449	874	373
768	452	883	362
766	462	904	365
765	454	906	392
779	455	887	440
770	457	921	377
793	449	928	398
787	443	916	428
784	475	1004	335
772	479	1080	341
812	469	1002	385
832	489	997	350
841	474	1048	406
832	472	1072	389
790	473	1134	376
850	481	1078	381
850	486	1088	393
880	484	1028	376
883	489	1053	369
867	489	1077	371
874	480	1073	398
917	466	1010	413
888	462	1035	424
867	465	1038	395
895	469	1032	390
859	460	1041	378
778	451	1106	372
779	459	1092	353
783	450	1015	418
797	430	962	414
851	429	869	497
816	432	871	454
893	450	772	362
865	466	779	351
889	452	713	396
870	472	715	323
876	467	696	354
863	447	691	375
849	459	687	345
830	451	719	330
853	449	647	348
844	440	663	370
856	453	662	369
855	433	682	352
832	456	718	340
809	439	734	414
779	451	795	332
805	448	828	341
807	445	811	341
830	436	764	348
849	436	774	372
854	430	798	386
939	460	722	352
942	454	765	358
980	454	724	337
989	437	744	389
987	443	779	389
1046	453	756	355
1060	456	783	360
1079	461	771	346
1115	461	766	364
1123	447	771	371
1140	497	754	316
1136	495	774	312
1118	422	788	373
1114	437	809	384
1125	444	780	353
1123	411	780	360
1118	405	800	363
1107	388	761	377
1096	371	769	410
1056	395	822	361
1059	379	763	358
1051	407	733	324
1049	403	733	323
1048	384	690	354
1060	371	659	341
1046	359	659	356
1055	367	597	339
1040	368	528	364
1075	371	497	355
1061	385	541	323
1078	384	515	338
1081	383	565	333
1089	370	513	343
1094	374	546	333
1115	384	499	324
1132	381	458	318
1122	375	452	304
1125	371	463	312
1140	369	452	312
1143	376	444	311
1143	371	424	313
1129	374	407	283
1140	377	396	279
1133	367	394	276
1120	380	411	274
1116	368	393	267
1115	366	364	279
1118	364	368	269
1110	358	407	289
1107	362	362	272
1103	361	382	252
1113	359	399	285
1106	358	410	264
1119	361	427	277
1147	350	401	302
1158	357	400	259
1161	353	392	280
1164	355	415	275
1176	359	407	267
1174	353	407	268
1184	348	396	286
1191	353	372	280
1186	353	398	255
1194	353	381	278
1196	350	361	270
1196	355	365	253
1196	352	363	239
1195	355	357	236
1186	358	359	221
1175	352	370	228
1173	351	365	234
1170	344	348	238
1175	336	341	267
1173	334	348	314
1173	320	325	384
1163	315	328	375
1159	319	323	367
1171	291	304	398
1161	303	297	372
1158	301	294	369
1156	311	301	348
1148	320	301	329
1148	316	291	319
1155	314	282	321
1141	322	287	306
1126	325	294	279
1128	325	289	272
1125	330	301	251
1123	329	294	246
1132	349	264	200
1135	338	269	222
1149	330	254	238
1132	329	267	246
1121	331	273	232
1119	339	269	210
1125	326	260	211
1120	332	262	206
1110	331	270	204
1119	338	260	196
1139	349	237	184
1119	335	262	201
1134	344	255	188
1142	332	255	194
1152	337	249	193
1145	351	260	177
1157	351	250	172
1161	347	245	173
1162	351	255	175
1164	345	253	178
1164	344	248	176
1152	353	266	160
1139	354	299	158
1151	355	273	151
1146	348	292	158
1138	353	281	154
1145	359	263	143
1140	354	259	148
1137	354	259	149
1142	366	231	132
1133	357	240	143
1123	354	250	144
1125	360	266	134
1116	360	257	135
1116	358	243	132
1120	355	238	138
1123	355	229	138
1121	361	232	126
1120	359	227	129
1122	361	232	126
1116	353	222	132
1116	355	224	130
1118	359	219	126
1115	360	215	124
1111	373	212	110
1108	382	207	100
1108	361	213	118
1106	353	211	126
1107	373	202	106
1104	369	208	107
1106	390	190	87
1100	398	194	74
1102	397	188	76
1101	399	184	72
1095	400	191	69
1097	399	187	68
1091	400	191	67
1087	396	193	70
1090	397	185	69
1091	396	181	71
1092	399	184	65
1084	400	184	66
1086	397	181	68
1091	396	175	69
1094	394	180	68
1096	386	192	75
1115	391	188	69
1126	393	185	64
1138	390	177	69
1152	394	176	65
1166	393	186	63
1192	396	162	61
1192	397	170	58
1192	395	188	63
1201	394	183	60
1203	388	175	65
1208	391	176	65
1212	393	177	63
1210	390	181	62
1213	386	175	67
1215	385	176	67
1216	389	169	65
1221	393	162	57
1215	389	164	62
1213	388	166	62
1208	387	171	60
1208	382	170	65
1204	380	180	65
1211	380	161	65
1209	370	150	74
1209	376	150	65
1207	376	153	63
1201	379	158	62
1204	378	153	61
1206	379	150	61
1202	378	153	59
1197	375	154	63
1202	377	151	57
1202	382	149	52
1199	383	150	52
1195	380	151	53
1194	379	149	52
1186	375	157	57
1188	370	151	63
1192	373	146	58
1193	373	141	59
1187	363	147	70
1183	372	148	57
1187	375	143	54
1188	372	140	53
1187	371	140	54
1190	377	134	49
1188	374	132	48
1184	373	135	54
1184	373	134	54
1184	373	133	48
1181	374	134	49
1177	369	137	50
1181	373	130	47
1178	367	134	51
1176	362	135	59
1175	363	136	56
1174	364	129	54
1167	361	130	59
1155	353	136	64
1145	346	136	70
1130	350	132	65
1108	339	132	72
1078	353	134	59
1050	351	127	61
1012	354	125	57
984	357	119	54
934	353	124	55
894	356	125	53
841	346	127	61
791	345	128	62
745	341	129	63
694	351	122	58
645	352	126	57
582	351	131	58
520	353	139	59
463	351	144	62
399	351	150	63
331	354	158	63
273	357	159	62
212	355	162	66
160	356	173	68
118	354	168	74
74	362	176	67
52	377	165	49
28	379	166	53
6	367	176	65
