1039	362	130	112
1034	355	137	121
1027	358	145	119
1029	357	138	123
1025	362	146	114
1025	360	148	120
1026	363	141	110
1023	365	117	123
1024	366	112	125
1018	366	118	130
1010	366	127	143
1006	366	133	148
1004	369	140	122
1002	364	142	128
1000	364	129	147
998	368	126	133
992	370	142	127
989	368	131	129
993	367	124	140
987	368	126	128
978	370	133	131
979	369	135	131
983	370	129	130
980	372	125	127
973	373	135	125
966	373	138	132
971	376	128	126
960	373	136	137
957	373	138	136
953	376	135	128
953	375	135	132
952	376	138	133
961	375	125	132
952	374	130	137
964	371	118	138
956	373	127	139
955	369	120	144
966	378	105	134
966	378	105	134
944	383	124	131
940	382	125	138
942	375	122	146
945	377	116	146
939	380	135	145
907	383	142	142
902	388	159	136
884	387	166	139
885	389	167	142
878	393	165	140
879	386	172	143
873	387	173	146
868	399	174	137
860	421	196	113
862	409	197	122
859	392	188	144
853	392	191	147
843	387	194	155
843	387	194	155
836	399	203	144
787	420	221	142
804	441	227	114
818	443	212	106
818	451	203	94
814	458	209	87
809	460	207	84
807	461	200	89
789	448	215	105
793	446	212	109
794	448	212	103
784	443	210	108
774	443	211	121
765	440	190	137
768	437	184	156
764	436	192	183
762	425	162	180
766	423	165	178
762	422	176	211
759	420	178	215
754	415	178	214
750	422	192	212
743	423	192	211
738	421	200	214
730	424	206	213
727	419	206	220
726	420	210	209
723	410	206	228
716	413	215	223
710	416	221	228
706	409	224	225
699	414	230	218
703	417	226	210
690	418	241	191
686	423	245	182
686	422	243	172
681	425	252	182
673	422	266	203
662	424	277	213
662	426	277	219
660	426	283	214
654	422	277	222
648	430	222	212
644	428	244	204
639	433	223	217
640	420	259	229
629	421	260	226
622	432	240	217
622	434	253	215
620	435	250	208
634	438	236	208
623	437	249	213
631	437	262	212
635	438	247	213
637	434	248	216
650	436	283	214
659	430	279	220
665	433	321	220
674	426	287	227
680	441	290	217
691	436	280	222
702	432	265	225
715	433	278	228
740	436	295	215
763	427	283	235
766	439	288	221
779	438	282	209
791	438	276	217
796	437	282	215
812	438	309	234
802	442	327	222
815	435	311	229
833	438	290	228
816	444	319	217
812	437	315	230
806	442	325	227
803	434	340	246
804	439	339	232
800	435	331	244
802	442	327	239
793	440	343	238
791	443	350	231
757	446	375	238
753	449	376	244
753	442	365	248
751	448	360	243
744	446	373	239
749	462	355	222
723	456	373	217
722	461	372	213
714	454	387	228
732	446	348	241
711	457	385	221
688	462	396	210
693	460	380	220
695	465	368	216
673	464	392	224
675	454	447	243
655	459	448	240
665	468	429	224
680	470	394	225
677	471	394	224
669	462	445	242
670	465	433	240
674	473	416	237
682	467	397	238
713	474	356	224
681	469	395	230
669	476	413	227
672	478	412	225
673	487	414	221
672	483	400	228
643	475	429	244
652	489	409	221
652	482	402	229
634	491	421	227
614	487	435	231
628	490	415	215
607	495	439	220
595	494	444	223
594	495	451	228
579	504	474	220
561	474	489	273
587	483	453	246
575	491	463	239
577	493	475	242
577	500	458	239
574	497	479	238
582	490	480	273
586	479	508	258
592	541	466	217
604	490	468	269
614	504	479	251
616	506	504	238
611	508	532	227
602	530	546	216
641	541	485	193
642	562	516	177
641	516	539	219
645	517	533	232
642	527	534	224
668	514	512	243
701	531	509	229
730	554	515	189
749	550	518	199
768	550	511	196
783	540	514	204
789	558	525	192
796	565	548	188
803	546	534	196
821	552	521	194
821	488	511	260
816	487	537	279
826	469	546	289
821	468	548	307
819	462	547	299
827	478	552	291
821	516	540	245
813	547	563	217
814	512	529	268
774	554	582	228
791	533	563	243
798	577	541	201
767	569	576	206
752	586	596	186
742	554	589	216
746	511	564	271
739	496	586	282
745	500	568	290
736	496	560	297
752	523	524	276
744	504	546	289
734	503	577	298
737	505	582	290
733	511	572	281
740	514	568	275
689	539	473	287
731	563	408	288
747	582	358	239
745	602	353	183
751	582	358	213
749	602	365	216
750	597	409	254
744	623	421	226
758	547	366	261
776	541	285	247
794	572	329	239
789	558	282	228
810	568	335	246
807	547	371	298
793	550	397	305
792	589	421	276
809	574	394	281
806	567	400	285
809	543	398	292
801	575	414	284
783	620	437	225
782	650	442	196
789	613	399	187
782	648	433	170
770	591	397	198
761	625	455	184
768	640	438	196
751	578	419	230
755	611	442	236
739	626	445	225
720	577	468	238
725	610	449	235
722	618	457	220
694	657	492	179
684	594	462	195
689	638	459	153
673	591	450	193
678	596	396	188
679	629	424	146
684	569	422	199
680	570	429	207
673	586	448	189
675	559	481	222
677	557	494	220
688	550	477	221
702	599	542	176
686	597	539	186
714	642	543	144
708	630	528	144
749	640	557	128
737	634	582	153
753	653	552	123
721	593	540	160
773	614	547	164
741	636	584	154
802	644	567	136
791	617	538	173
821	653	556	134
750	572	582	198
781	621	627	177
807	636	632	215
676	537	677	271
778	595	716	245
833	600	613	292
803	470	629	389
652	478	768	420
1021	524	746	421
791	540	712	388
850	567	628	369
839	584	606	379
728	517	590	310
739	582	642	277
792	592	637	311
688	459	659	407
774	504	627	410
573	467	722	407
501	513	844	350
454	528	946	370
677	544	1086	368
397	494	1125	426
310	500	1114	406
315	301	1013	548
255	457	1053	451
387	480	963	414
527	478	837	399
489	481	851	398
32	477	976	398
480	482	882	356
562	512	827	352
631	473	768	382
555	503	840	337
652	534	740	279
652	509	750	340
602	519	809	309
630	516	817	298
692	512	755	311
663	494	794	344
701	496	756	344
787	524	689	312
937	562	543	294
986	560	505	281
1014	527	458	313
1023	511	475	313
1028	544	468	259
1038	508	455	290
1023	515	466	288
1026	528	480	282
1029	564	471	250
1031	515	471	291
1036	496	454	321
1036	492	436	332
1031	521	432	291
1021	591	463	239
1016	498	460	310
985	506	428	304
1023	494	434	284
1018	500	437	279
978	503	440	265
1025	508	389	256
984	499	405	259
920	492	400	262
985	509	398	252
985	494	413	261
992	488	408	257
890	482	492	317
908	482	500	326
852	482	560	364
821	470	616	425
841	482	605	437
851	449	601	413
866	462	605	457
903	344	560	478
966	331	470	537
966	303	558	632
1023	365	469	613
1036	462	439	541
1053	295	455	661
1068	234	424	804
1115	240	359	834
1131	224	361	847
1131	224	386	845
1169	215	382	861
1201	210	401	845
1208	278	398	792
1253	226	358	833
1272	232	363	826
1254	212	402	795
1234	225	454	849
1216	256	490	810
1259	334	443	717
1336	208	398	631
1213	242	520	648
1319	227	429	567
1250	424	447	517
1297	249	466	472
1170	425	509	413
1123	440	534	386
1062	351	603	361
1060	448	582	282
1008	443	634	294
1023	440	615	289
1151	423	484	262
1133	419	483	237
1168	434	439	178
1221	439	400	170
1248	433	355	188
1227	436	363	189
1238	435	349	196
1242	439	351	171
1228	437	319	173
1228	438	304	160
1238	429	271	172
1235	433	263	150
1227	433	266	156
1214	430	287	156
1213	434	279	149
1227	428	251	167
1213	425	264	172
1236	424	238	184
1201	427	268	173
1206	427	266	162
1232	426	236	150
1215	418	249	179
1189	427	255	149
1211	427	233	162
1214	424	224	158
1230	420	208	151
1207	420	212	157
1216	420	195	168
1223	415	178	169
1213	418	190	135
1210	414	192	144
1186	411	210	139
1185	417	202	129
1189	413	192	146
1181	411	197	136
1195	415	168	157
1190	414	171	154
1184	411	171	150
1178	408	185	149
1172	403	181	146
1168	410	168	129
1164	409	174	130
1155	406	183	132
1157	407	172	131
1151	405	172	129
1149	403	176	128
1149	403	161	125
1151	404	147	121
1145	404	159	116
1145	401	148	119
1142	401	143	124
1138	399	152	122
1138	397	142	126
1137	392	162	136
1132	395	158	128
1128	397	136	120
1124	397	139	116
1124	396	128	118
1122	393	138	114
1119	390	141	123
1118	392	135	117
1116	392	122	120
1112	389	129	114
1108	389	107	114
1111	385	88	117
1110	389	94	111
1107	388	111	116
1101	388	125	111
1098	382	112	117
1098	393	111	106
1095	388	112	106
1086	381	113	111
1086	381	114	109
1083	379	108	113
1083	379	119	108
1079	383	137	106
1076	380	137	114
1073	379	128	114
1072	379	140	109
1071	378	144	110
1069	381	151	103
1049	385	151	98
1061	375	148	110
1064	375	148	111
1064	375	142	119
1064	378	135	105
1062	377	136	101
1060	375	131	102
1059	371	129	107
1057	373	132	99
1053	368	131	105
1052	374	131	100
1051	371	131	95
1052	371	131	92
1042	371	143	99
1047	366	128	106
1047	369	124	104
1041	369	132	92
992	370	147	102
1022	366	138	119
1038	369	122	96
1041	362	119	104
1040	360	118	104
1040	367	119	96
1042	357	115	105
1044	360	116	112
1046	360	118	127
1059	361	108	104
1068	374	110	88
1072	365	115	90
1077	364	120	87
1084	362	110	92
1089	366	115	84
1091	362	113	90
1092	358	112	92
1099	359	106	90
1097	354	108	101
1095	359	120	115
1100	359	113	118
1099	381	102	107
1101	351	106	112
1103	353	107	135
1099	370	113	127
1100	352	111	124
1100	366	115	123
1100	349	112	134
1101	364	113	128
1106	355	105	120
1109	359	104	119
1110	358	110	132
1112	348	106	126
1112	354	105	131
1126	346	90	136
1124	355	89	131
1126	348	95	137
1123	361	95	134
1118	357	102	132
1120	351	94	133
1125	350	86	121
1117	345	96	117
1113	352	101	133
1116	336	96	128
1115	355	100	129
1116	347	96	132
1110	361	108	121
1119	353	97	129
1123	348	91	128
1118	364	97	113
1120	365	95	107
1122	364	95	111
1122	354	92	119
1117	353	96	119
1125	345	82	124
1119	360	92	107
1121	352	89	113
1117	368	93	101
1119	370	88	94
1120	356	85	107
1120	358	82	105
1117	366	89	95
1117	349	79	114
1119	354	72	108
1118	349	75	112
1116	356	73	105
1116	343	72	104
1114	348	69	110
1111	356	74	98
1108	368	73	88
1112	369	69	85
1110	359	68	95
1111	366	66	86
1109	363	68	88
1108	364	64	86
1107	366	67	84
1104	365	72	84
1104	364	64	82
1102	364	68	81
1103	369	77	75
1099	366	65	72
1099	366	63	76
1099	363	60	78
1100	367	59	75
1097	363	61	80
1097	361	58	80
1096	359	58	83
1094	366	61	74
1092	364	61	73
1090	364	62	74
1090	364	63	72
1089	363	65	74
1085	363	63	72
1084	363	60	72
1087	362	54	77
1088	361	54	74
1087	363	56	70
1085	364	57	69
1084	364	53	70
1083	364	50	68
1083	363	47	69
1081	363	53	68
1081	366	55	66
1079	364	49	64
1078	366	52	63
1075	365	56	66
1076	370	67	60
1076	366	66	62
1074	366	66	61
1072	368	62	60
1073	366	60	60
1071	366	56	62
1070	368	59	57
1070	368	62	59
1057	370	62	57
1065	370	68	55
1067	368	55	55
1067	365	55	59
1062	366	63	58
1062	364	61	59
1061	364	48	60
1061	362	44	60
1060	359	46	62
1060	356	45	66
1058	355	43	65
1057	357	46	62
1058	358	42	62
1057	354	42	67
1056	353	42	66
1055	354	50	64
1055	355	62	66
1047	353	58	70
1054	357	54	62
1050	358	43	63
1052	358	38	61
1052	357	36	62
1052	352	36	66
1051	355	37	63
1048	352	40	63
1047	356	38	61
1047	358	40	54
1045	357	48	55
1045	356	42	54
1044	353	48	55
1044	353	53	55
1042	353	46	52
1042	350	35	54
1042	351	32	52
1040	347	34	55
1039	346	35	56
1038	345	34	57
1037	341	35	59
1038	342	34	57
1036	341	35	57
1035	341	34	57
1034	340	34	56
1034	339	32	55
1031	343	36	51
1030	342	35	49
1029	340	34	51
1030	343	33	49
1026	340	38	51
1026	340	35	51
1026	339	32	51
1026	342	30	46
1024	343	30	45
1025	341	32	48
