1430	363	400	228
1407	358	381	235
1377	367	364	228
1351	356	369	239
1327	369	359	220
1313	370	367	216
1296	370	367	223
1275	369	381	221
1280	374	350	207
1275	377	339	205
1265	376	343	204
1265	379	338	208
1263	378	315	200
1256	382	328	198
1260	380	321	197
1254	388	329	183
1241	373	375	212
1242	370	327	206
1232	376	338	210
1227	373	338	203
1231	373	330	199
1219	375	317	185
1214	375	323	184
1210	376	333	194
1217	369	316	193
1212	374	309	187
1206	366	306	187
1209	361	297	194
1209	358	284	198
1197	363	295	191
1195	355	304	190
1196	357	286	181
1189	365	310	172
1191	359	288	174
1177	354	285	176
1175	351	286	170
1173	353	283	165
1167	349	272	162
1171	346	259	168
1163	345	267	163
1156	341	261	160
1162	334	260	168
1165	338	245	159
1167	335	262	159
1149	335	267	160
1150	326	262	168
1146	328	268	163
1141	329	276	147
1130	335	289	140
1135	333	317	153
1122	324	308	156
1127	318	275	158
1136	314	245	157
1138	312	201	151
1129	304	184	150
1131	310	177	146
1131	311	175	141
1129	305	165	139
1130	305	158	142
1127	306	149	138
1120	308	152	136
1121	303	157	139
1112	303	160	139
1112	304	159	140
1115	301	149	140
1112	305	149	135
1113	302	139	126
1109	301	137	129
1109	301	132	130
1110	299	126	135
1110	301	125	127
1098	295	132	133
1088	296	151	133
1085	296	145	136
1086	289	143	136
1091	298	125	127
1081	286	141	140
1074	295	148	126
1079	298	140	127
1083	292	129	131
1113	297	110	126
1104	297	115	126
1115	293	108	128
1139	298	98	125
1141	298	111	124
1169	286	105	138
1190	292	115	130
1211	284	112	137
1247	294	108	130
1277	293	96	123
1293	296	107	136
1300	292	116	130
1313	286	119	138
1340	282	106	141
1352	284	111	140
1341	281	124	146
1345	284	115	137
1356	277	112	142
1351	281	117	138
1360	276	119	143
1353	272	116	152
1354	263	116	165
1354	265	111	160
1351	253	110	173
1348	241	127	190
1358	230	105	201
1360	241	108	192
1364	231	111	212
1370	210	102	240
1379	191	105	249
1377	218	107	247
1376	187	126	256
1386	179	120	253
1360	197	150	272
1417	179	113	284
1405	184	129	255
1390	180	134	246
1368	199	169	260
1410	178	201	275
1408	168	211	285
1388	185	243	255
1349	190	281	254
1365	191	260	267
1361	187	271	241
1386	184	244	243
1405	180	228	263
1430	177	200	260
1362	190	187	229
1443	182	192	252
1385	177	175	245
1364	176	195	257
1435	175	160	261
1416	162	158	267
1397	166	176	267
1390	169	194	265
1398	209	184	269
1386	176	209	287
1394	173	201	265
1390	256	203	223
1411	268	216	177
1391	285	250	149
1360	288	224	137
1388	294	186	130
1383	289	195	134
1384	288	166	135
1396	290	151	130
1389	291	154	128
1403	290	134	129
1406	288	124	132
1410	292	125	118
1387	287	130	129
1398	289	110	132
1382	289	102	118
1387	283	92	124
1484	190	98	136
1361	282	94	125
1358	281	103	131
1355	284	133	127
1350	280	148	126
1471	182	139	131
1480	183	110	143
1399	279	108	139
1395	275	108	140
1394	274	106	146
1399	275	95	142
1409	279	84	134
1337	270	91	116
1338	275	86	107
1335	277	92	107
1335	276	92	110
1335	274	91	117
1397	280	72	133
1331	270	93	126
1388	282	80	126
1328	271	92	118
1326	273	91	118
1321	270	108	125
1322	274	103	116
1321	274	88	119
1317	275	105	120
1315	275	113	125
1307	274	122	123
1305	272	142	133
1307	270	150	138
1304	274	148	128
1302	282	153	124
1299	274	153	130
1302	269	121	124
1297	276	123	118
1291	275	131	116
1293	280	126	109
1289	280	131	107
1281	279	135	109
1257	271	153	119
1273	277	139	117
1278	276	141	122
1268	280	140	112
1269	272	142	123
1262	278	153	117
1266	279	150	117
1258	282	152	109
1259	281	156	117
1257	281	159	121
1251	263	164	140
1241	267	166	133
1253	274	154	126
1249	281	162	116
1250	283	164	122
1256	283	156	119
1249	287	161	111
1248	289	158	113
1251	293	150	108
1250	295	157	103
1243	286	158	118
1243	291	152	107
1247	290	134	117
1251	280	113	129
1255	284	127	131
1251	288	113	119
1268	290	124	133
1252	288	117	133
1250	273	105	145
1243	265	126	157
1249	260	103	168
1249	263	98	167
1250	272	102	158
1245	269	98	153
1245	273	102	158
1245	282	122	155
1242	265	99	167
1250	280	117	166
1242	266	101	173
1265	308	117	147
1241	312	121	125
1255	309	135	133
1240	299	125	139
1238	295	100	137
1250	316	114	133
1233	304	137	135
1231	279	123	162
1248	309	140	149
1228	296	159	161
1228	275	137	177
1229	263	107	178
1233	263	99	171
1241	290	123	176
1229	288	136	153
1222	285	122	150
1228	276	110	157
1233	280	92	150
1227	273	89	158
1231	273	88	160
1232	285	86	146
1225	279	95	152
1227	294	85	131
1226	299	86	125
1225	303	87	117
1222	307	92	111
1220	309	93	104
1221	306	89	103
1218	306	90	102
1220	306	87	101
1219	306	90	111
1219	304	87	110
1223	306	79	100
1219	304	80	100
1220	305	80	102
1216	304	81	104
1218	301	81	113
1215	301	78	110
1218	303	77	111
1213	301	79	111
1223	297	72	115
1223	298	73	117
1225	302	66	108
1226	298	63	116
1224	294	66	126
1221	298	66	116
1217	300	70	111
1214	298	72	113
1218	299	67	111
1230	293	52	127
1225	289	55	127
1223	292	59	122
1217	297	65	118
1213	294	68	119
1215	304	67	102
1218	298	63	110
1218	302	62	107
1213	302	66	100
1205	302	75	103
1204	301	76	104
1220	299	59	111
1223	303	55	106
1222	306	55	105
1219	308	59	100
1208	310	68	89
1199	308	77	93
1197	306	76	92
1201	304	71	101
1200	306	72	100
1197	305	75	96
1195	306	72	94
1197	310	73	88
1195	308	76	95
1192	308	77	90
1193	308	76	89
1194	307	75	87
1192	309	75	82
1194	306	74	83
1194	304	72	86
1193	307	71	83
1192	308	70	79
1193	308	70	73
1192	307	73	89
1187	307	76	85
1191	306	71	82
1190	309	72	82
1191	309	71	82
1191	308	72	82
1192	311	71	79
1192	312	70	82
1191	312	71	82
1191	316	74	83
1191	310	75	88
1188	310	78	81
1187	312	79	77
1187	312	77	84
1188	312	79	82
1187	310	79	86
1187	312	82	90
1187	308	79	89
1184	304	76	88
1196	301	75	102
1188	306	81	94
1187	308	83	95
1190	297	82	116
1192	276	78	132
1195	260	77	152
1195	261	72	173
1238	284	64	183
1209	266	72	189
1126	264	75	177
1229	267	59	177
1204	263	39	175
1206	258	51	160
1213	264	39	168
1213	264	39	168
1213	264	39	168
1239	252	38	168
1239	250	54	165
1317	253	64	169
1121	275	85	159
1140	281	92	143
1119	281	119	139
1111	275	133	146
1112	285	139	137
1115	290	136	124
1112	288	140	129
1259	266	135	160
1122	273	132	147
1267	264	152	161
1276	266	137	195
1286	256	150	219
1312	253	146	224
1263	245	161	220
1571	319	181	263
1240	190	222	283
1526	336	239	244
1533	312	238	255
1546	299	233	261
1571	257	217	310
1577	291	223	314
1594	252	184	315
1580	254	202	323
1591	244	204	327
1600	238	197	326
1597	283	196	313
1605	260	204	312
1614	233	201	336
1619	216	199	362
1623	224	204	365
1610	226	223	352
1624	232	213	353
1626	226	220	356
1636	227	265	370
1632	242	232	339
1628	220	223	358
1637	226	211	366
1640	238	203	366
1652	220	192	371
1647	233	194	366
1647	240	192	362
1651	235	187	364
1659	242	175	352
1657	238	188	365
1652	230	189	372
1659	249	179	349
1668	244	166	350
1667	239	173	365
1682	237	158	368
1687	237	159	366
1682	230	217	389
1699	215	214	395
1685	221	228	407
1687	220	226	407
1694	220	218	408
1709	219	201	424
1717	211	194	424
1716	208	197	433
1722	238	190	408
1721	222	195	420
1725	208	189	444
1736	220	177	432
1742	231	173	427
1740	233	176	415
1746	244	169	411
1733	269	181	386
1738	258	172	390
1729	258	179	391
1735	244	164	395
1745	227	163	412
1747	239	164	411
1749	242	163	415
1751	222	160	424
1752	233	161	426
1751	220	161	426
1752	208	160	439
1753	209	158	446
1747	209	165	432
1746	191	168	461
1739	209	172	438
1748	206	166	441
1753	196	159	447
1755	204	154	445
1755	214	161	438
1758	196	154	451
1757	218	158	427
1755	221	159	425
1753	211	162	428
1746	210	167	441
1743	179	171	451
1744	198	168	446
1741	209	171	437
1741	205	172	437
1749	189	161	458
1746	171	170	472
1728	193	184	438
1738	197	176	427
1734	202	180	435
1738	184	175	441
1740	205	172	437
1746	172	167	456
1742	190	173	450
1738	215	178	411
1736	199	178	431
1751	187	164	438
1751	208	165	431
1749	191	166	426
1738	202	175	434
1741	203	173	421
1745	192	170	441
1747	215	168	420
1739	211	172	411
1747	212	162	411
1751	197	159	430
1751	176	161	462
1751	171	160	470
1745	186	169	455
1745	200	171	436
1746	212	172	436
1747	211	169	424
1749	200	165	444
1744	219	171	416
1740	225	176	404
1743	222	170	421
1741	240	169	395
1751	220	162	411
1751	223	164	422
1742	246	176	391
1739	240	175	394
1742	233	170	400
1750	223	166	426
1745	237	171	410
1742	251	171	384
1733	253	178	392
1740	236	169	405
1759	234	153	404
1750	235	170	419
1747	257	160	386
1742	234	170	405
1743	230	173	430
1743	221	175	434
1747	233	169	421
1750	234	167	415
1745	245	174	405
1742	236	177	412
1744	247	175	408
1745	255	172	397
1734	249	182	398
1744	247	168	402
1747	225	167	433
1745	243	171	430
1739	227	178	434
1738	226	180	443
1736	216	182	439
1738	229	179	443
1737	230	176	434
1744	241	168	415
1744	231	167	421
1743	244	172	410
1743	238	171	421
1744	233	171	421
1741	209	177	464
1743	225	175	438
1746	228	169	441
1746	202	173	465
1748	212	171	463
1737	231	182	442
1748	236	167	434
1738	242	176	429
1739	248	175	426
1735	240	179	425
1733	252	183	416
1737	243	178	420
1739	247	176	414
1733	242	179	414
1730	241	178	418
1732	248	174	415
1734	236	176	424
1729	255	187	421
1727	260	187	409
1731	250	182	418
1731	247	180	422
1737	247	174	430
1733	248	179	425
1731	256	181	414
1724	243	190	432
1732	242	180	429
1732	236	180	435
1731	245	181	422
1728	246	184	417
1724	236	184	428
1732	244	177	429
1729	235	184	447
1724	230	190	446
1721	241	191	428
1723	240	189	430
1725	241	185	426
1730	232	179	436
1723	256	188	409
1726	246	179	426
1724	253	183	416
1711	263	202	414
1722	254	189	420
1719	256	190	415
1719	248	189	415
