1483	444	32	70
1464	440	35	76
1452	446	36	72
1442	443	42	78
1437	432	41	86
1433	431	40	91
1429	436	43	86
1429	436	39	82
1428	433	43	88
1424	431	50	89
1420	427	50	94
1421	430	46	91
1423	433	43	85
1422	429	45	92
1423	427	41	90
1422	427	43	96
1421	426	43	103
1422	427	44	103
1424	428	42	99
1426	428	43	92
1429	427	43	89
1429	423	43	98
1430	422	43	100
1431	421	42	99
1432	425	42	93
1432	427	42	94
1435	428	40	90
1436	428	40	90
1440	427	38	87
1442	425	36	87
1445	425	35	89
1446	427	35	90
1447	426	35	93
1449	428	35	92
1453	429	34	91
1455	429	34	93
1456	429	34	93
1460	431	31	90
1460	430	32	89
1461	430	33	92
1462	430	33	96
1462	432	33	94
1463	429	31	98
1464	428	32	98
1464	428	33	100
1465	430	33	93
1467	430	29	89
1468	429	28	89
1466	429	31	92
1464	427	33	98
1464	432	32	92
1463	432	33	92
1461	428	36	95
1459	428	38	95
1460	429	37	94
1458	428	41	95
1456	429	43	92
1450	428	47	94
1443	436	53	85
1448	432	50	90
1446	432	50	91
1445	428	52	98
1446	422	52	100
1446	426	49	99
1444	430	48	94
1445	430	43	91
1445	430	38	92
1444	429	40	91
1444	432	37	86
1444	432	34	82
1444	428	33	90
1444	430	33	88
1444	426	33	93
1444	429	32	88
1445	430	33	88
1446	427	34	91
1447	432	33	85
1447	427	35	92
1448	433	34	87
1449	432	34	86
1452	428	33	93
1451	431	37	94
1455	436	35	84
1453	437	42	87
1455	437	40	86
1457	433	40	94
1457	435	43	94
1465	428	36	98
1470	430	33	93
1477	431	27	87
1481	427	27	89
1486	430	25	88
1491	431	25	85
1496	431	25	88
1499	432	26	89
1502	431	25	92
1504	434	26	88
1506	435	26	83
1509	436	24	85
1511	438	25	82
1513	438	24	80
1514	437	24	81
1516	436	23	81
1518	435	21	82
1518	434	23	85
1519	435	22	88
1519	437	24	87
1521	438	24	82
1521	441	24	77
1521	440	25	81
1523	437	24	84
1523	437	25	82
1523	437	25	80
1525	438	25	79
1525	440	26	77
1525	437	27	81
1526	439	28	78
1525	441	30	76
1525	442	31	79
1527	437	30	83
1528	438	30	84
1531	435	29	87
1535	436	27	84
1535	441	30	80
1534	440	36	82
1532	441	42	82
1531	439	48	87
1531	436	51	91
1529	437	49	89
1528	440	51	87
1526	439	47	85
1525	444	54	80
1523	444	57	80
1523	446	54	77
1520	446	50	75
1516	446	48	74
1514	447	46	76
1512	448	49	74
1512	444	47	77
1511	446	47	72
1509	441	50	78
1510	443	47	73
1513	437	49	79
1513	433	44	83
1513	430	43	86
1515	431	39	83
1516	429	34	84
1516	426	31	82
1517	426	30	81
1516	422	31	81
1516	418	29	83
1516	418	28	81
1516	417	26	82
1516	419	26	78
1516	419	25	77
1515	424	25	72
1515	426	26	71
1514	429	32	70
1513	430	37	71
1514	431	37	72
1511	435	39	76
1512	434	41	82
1513	434	41	84
1515	433	41	81
1518	431	42	83
1519	434	41	81
1520	434	44	82
1521	436	45	80
1522	436	45	77
1523	435	44	80
1524	434	43	86
1524	433	43	87
1525	434	43	84
1526	431	42	88
1527	430	41	89
1528	431	38	86
1524	430	39	87
1517	430	42	88
1510	432	40	86
1499	433	41	87
1487	432	41	86
1475	429	37	87
1453	429	37	91
1434	424	36	90
1414	428	33	84
1385	431	34	79
1354	429	34	82
1327	431	39	80
1298	418	34	88
1262	423	38	90
1230	420	38	92
1199	425	34	86
1199	425	34	86
1199	425	34	86
1250	421	29	84
1250	421	29	84
1167	413	29	88
1136	416	29	82
1105	419	31	83
1078	412	32	87
1060	408	33	92
1042	401	33	103
1031	401	34	108
1022	396	36	118
1015	393	34	115
1010	398	36	123
1006	393	37	126
1003	393	37	122
1002	391	40	118
1000	418	36	114
999	414	33	108
999	421	28	104
999	427	30	96
998	426	30	103
998	426	30	99
997	427	29	99
999	428	28	98
998	429	29	92
998	429	30	93
999	429	29	88
999	428	29	93
1000	428	29	94
999	428	30	91
998	428	30	91
997	428	31	91
997	429	30	87
995	428	32	94
993	428	34	96
990	430	37	91
986	430	43	94
984	431	48	101
982	430	48	104
986	431	44	103
984	431	46	102
983	431	47	100
982	432	49	97
980	433	53	91
978	437	58	85
977	438	60	83
975	439	63	82
975	439	63	80
972	439	63	77
971	439	61	81
970	438	55	78
970	437	48	78
967	438	44	74
970	438	32	74
969	438	31	75
967	436	29	78
965	435	28	80
962	434	29	87
963	434	28	88
960	434	28	86
957	434	31	86
954	433	34	87
948	430	39	94
945	431	42	105
942	428	43	108
943	430	39	111
942	423	39	120
941	428	41	117
940	425	42	122
940	425	40	123
940	424	38	124
940	422	40	130
940	418	38	133
940	423	37	128
943	424	36	126
945	423	35	127
952	425	33	126
962	420	31	127
975	419	30	132
989	420	32	130
1008	410	30	140
1030	420	33	136
1055	408	33	146
1081	424	33	139
1110	472	36	132
1142	432	32	132
1174	469	39	140
1212	427	34	140
1246	426	34	147
1285	429	32	147
1328	428	33	146
1365	431	32	152
1410	440	34	145
1452	442	36	148
1497	441	39	157
1544	447	41	154
1581	450	43	156
1620	450	46	163
1652	450	47	167
1672	448	46	175
1693	457	50	172
1704	464	58	168
1727	474	54	158
1724	475	65	161
1738	477	59	154
1735	476	67	163
1747	476	58	163
1748	480	64	162
1757	477	58	164
1762	476	51	169
1767	477	46	172
1767	477	48	174
1770	479	45	174
1770	476	45	178
1769	480	48	176
1767	479	49	170
1766	481	50	175
1769	480	47	173
1768	484	50	174
1769	477	47	179
1771	479	47	182
1767	486	53	175
1769	485	53	175
1769	488	53	173
1770	487	53	177
1773	483	51	180
1776	486	49	186
1778	482	48	186
1781	487	47	179
1781	485	49	187
1781	488	49	189
1781	490	53	188
1779	495	59	187
1779	502	63	179
1778	503	69	178
1780	498	70	188
1780	506	69	179
1783	506	71	188
1784	505	71	189
1787	511	69	189
1793	508	66	194
1800	509	60	197
1809	512	53	198
1811	509	48	201
1813	516	49	204
1813	517	51	201
1811	524	58	199
1810	528	62	195
1812	528	63	192
1813	529	66	200
1815	530	66	200
1817	535	67	191
1818	535	69	197
1821	534	71	203
1827	534	69	205
1834	535	63	208
1836	535	61	202
1844	537	52	199
1847	533	54	212
1852	532	51	213
1855	533	49	209
1857	531	51	208
1857	535	50	194
1856	537	54	190
1855	541	60	178
1853	550	63	162
1853	552	65	156
1852	557	70	152
1853	555	70	157
1856	562	67	153
1859	561	64	141
1860	566	63	139
1864	567	60	137
1874	579	49	142
1876	579	48	145
1891	579	34	136
1897	583	24	133
1897	583	24	133
1897	583	24	133
1897	583	24	133
1897	583	24	133
1897	583	24	133
1897	583	24	133
1897	583	24	133
1897	583	24	133
1897	583	24	133
1891	437	25	123
1886	432	28	123
1878	439	37	113
1878	435	39	118
1879	435	37	117
1879	436	38	117
1879	436	38	113
1878	435	40	113
1879	436	39	115
1878	437	40	110
1875	437	39	109
1870	442	40	101
1862	443	43	98
1846	444	39	92
1828	443	38	91
1812	444	33	89
1783	440	39	87
1758	436	38	88
1727	438	35	84
1690	435	36	81
1658	433	38	78
1618	433	35	75
1578	429	32	78
1537	426	35	67
1490	423	36	76
1455	423	33	73
1409	420	32	67
1367	421	31	66
1339	420	27	64
1308	418	26	66
1282	414	27	69
1265	411	25	73
1251	414	26	72
1240	412	25	74
1231	412	25	70
1225	410	25	75
1221	410	23	72
1218	410	23	71
1216	413	24	70
1214	411	25	69
1213	415	25	67
1213	413	25	71
1213	409	25	74
1212	412	25	73
1211	409	27	74
1211	413	27	69
1211	411	26	72
1211	410	26	75
1211	412	26	74
1211	415	25	72
1212	415	25	71
1212	418	24	68
1212	417	24	69
1211	417	25	71
1211	417	25	71
1211	419	25	72
1211	418	24	73
1210	414	24	81
1209	415	25	79
1210	417	25	74
1209	419	25	75
1208	425	27	72
1209	422	25	75
1209	425	25	75
1209	426	24	76
1209	427	24	75
1209	428	25	75
1209	431	24	72
1209	430	24	70
1209	429	24	75
1207	432	26	68
1209	431	23	69
1209	430	23	69
1209	429	24	72
1209	429	24	68
1209	426	23	70
1209	425	24	76
1208	424	25	76
1209	424	25	77
1209	425	25	76
1208	425	25	75
1208	425	26	75
1208	424	26	75
1208	426	25	73
1209	424	25	71
1208	424	26	73
1208	427	25	67
1209	426	26	67
1209	425	26	68
1209	426	25	66
1208	426	26	66
1208	426	26	66
1209	424	26	73
1209	426	25	70
1208	427	26	67
1209	428	26	66
1208	429	27	66
1209	429	26	65
1210	429	25	64
1209	429	28	65
1209	427	28	71
1209	427	26	70
1211	422	24	76
1210	424	26	75
1211	421	26	78
1211	426	25	73
1210	427	26	71
1211	426	25	73
1211	428	26	72
1212	429	26	70
1212	428	27	71
1213	428	26	74
1213	428	26	73
1213	426	27	73
1213	428	27	72
1214	430	28	72
1214	428	28	73
1215	428	27	74
1215	430	26	72
1215	429	27	72
1216	425	27	76
1216	428	28	74
1217	429	28	72
1216	427	30	75
1217	429	29	73
1217	432	29	69
1218	434	28	68
1218	432	29	69
1219	431	30	71
1220	430	30	74
1221	428	31	75
1221	430	31	73
1222	433	30	69
1223	429	31	76
1223	431	32	72
1224	429	31	77
1226	429	32	77
1227	428	30	77
1228	430	32	77
1228	431	33	75
1231	432	30	73
1231	431	31	75
1233	431	29	76
1235	435	30	72
1236	429	29	80
1238	431	28	76
1238	431	29	77
1239	433	27	77
1241	434	28	74
1242	434	28	75
1245	433	27	78
1247	435	29	77
1247	437	28	76
1248	437	28	74
1249	437	28	76
1252	440	27	73
1254	438	27	74
1255	436	28	78
1257	435	28	80
1260	435	26	83
1262	435	27	82
1265	438	25	77
1267	436	26	82
1271	440	26	76
1273	437	26	83
1273	439	30	76
1278	440	27	79
1281	438	27	80
1283	438	28	85
1287	436	27	86
1289	438	26	84
1291	440	29	80
1293	441	29	82
1297	441	30	81
1301	443	29	78
1303	444	29	75
1306	442	31	81
1309	448	35	79
1311	446	35	87
1319	446	33	84
1325	446	33	82
1328	444	36	86
1332	446	36	83
1336	448	32	80
1340	449	29	78
1344	448	31	81
1348	447	29	84
1352	444	29	86
1356	446	28	87
1360	445	29	91
1362	447	32	86
1364	448	34	86
1370	446	31	88
1375	445	31	94
1379	446	31	92
1383	446	31	92
1386	446	32	93
1390	445	31	96
1392	450	32	91
1397	451	31	90
1401	451	30	90
1405	451	30	93
1408	451	32	95
1413	453	31	88
1418	452	32	94
1422	453	32	94
1426	454	31	92
1430	454	31	92
1434	453	32	95
1437	453	32	97
1441	449	33	104
1445	451	32	103
1448	454	35	96
1453	458	34	94
1458	458	33	97
1463	462	32	92
1466	461	33	90
1470	460	32	97
1475	459	32	101
1478	458	34	101
1483	463	34	95
1486	463	34	97
1489	463	34	98
1494	464	34	97
1498	467	35	95
1503	467	33	95
1506	466	35	97
1511	468	35	95
1514	468	35	98
1518	468	35	99
1523	471	34	98
1527	470	35	103
1531	471	36	100
1535	473	35	98
1539	471	36	104
1543	474	35	97
1546	476	36	97
1549	479	38	98
1553	480	38	98
1557	477	37	100
1562	478	37	97
1566	480	36	94
1571	483	36	87
1574	482	35	87
1579	482	37	86
1582	485	36	86
1586	486	36	81
1591	490	37	79
1594	486	37	87
1599	491	41	85
1606	492	39	90
1611	494	37	89
1615	495	37	88
1619	502	39	88
1623	501	38	87
1628	502	37	92
1632	503	37	93
1635	507	38	87
1637	506	36	90
1638	505	39	91
1640	507	41	88
1643	506	40	87
1644	502	42	92
1646	501	41	95
1647	495	40	99
1648	497	40	92
1647	498	42	93
1649	492	40	90
1648	495	41	87
1648	495	41	88
1647	489	43	95
1648	489	41	95
1649	488	43	91
1647	486	42	94
1648	485	40	93
1648	488	42	89
1648	487	42	89
1648	487	42	90
1649	487	40	89
1649	488	40	87
1648	485	42	91
1647	488	42	88
1647	487	42	87
1646	488	41	84
1647	488	42	85
1645	485	42	91
1644	483	43	90
1644	485	41	89
1644	488	42	84
1643	487	43	88
1643	486	41	88
1642	488	41	87
1640	487	42	95
1638	487	43	91
1637	489	42	94
1637	490	42	91
1636	489	42	94
1635	490	42	92
1634	489	40	98
1633	489	40	99
1631	490	40	95
1627	486	42	99
1621	489	43	97
1616	489	42	92
1606	488	40	92
1594	491	40	85
1581	493	37	81
1559	489	38	79
1536	490	40	71
1516	488	38	67
1489	486	38	63
1463	483	37	65
1435	482	37	64
1408	480	35	62
1384	478	35	70
1364	474	34	72
1348	474	33	64
1337	470	31	67
1326	474	34	63
1319	471	32	65
1312	475	33	71
1308	471	35	77
1306	468	34	86
1304	468	33	91
1304	472	32	85
1304	472	32	84
1303	472	32	85
1305	471	32	85
1304	470	34	86
1304	469	34	88
1306	470	32	86
1306	470	34	89
1307	473	34	84
1309	471	33	90
1309	474	33	84
1311	474	33	84
1313	478	31	83
1313	480	34	82
1314	480	34	79
1314	486	36	78
1314	488	38	72
1311	487	45	76
1317	490	40	72
1325	493	34	61
1334	495	34	54
1343	498	43	56
1356	500	39	54
1380	501	35	52
1403	505	37	51
1437	505	39	47
1475	508	32	49
1507	513	37	51
1507	513	37	51
1598	543	46	53
1655	533	42	65
1655	533	42	65
1572	568	42	70
1636	574	45	73
1704	583	46	77
1704	583	46	77
1822	599	59	93
1860	601	62	112
