1306	310	25	57
1304	308	24	58
1304	305	21	65
1302	305	22	65
1300	305	24	67
1296	307	28	66
1295	306	27	68
1295	308	25	66
1294	313	23	63
1294	311	22	66
1291	314	22	64
1288	321	23	57
1288	319	23	59
1284	319	26	60
1284	322	24	59
1282	323	23	57
1280	325	24	54
1275	327	28	54
1272	326	30	56
1268	323	35	58
1264	321	39	61
1263	321	37	63
1260	323	39	61
1260	324	36	59
1261	324	30	60
1259	325	29	60
1259	322	28	62
1255	320	28	65
1257	320	25	65
1258	323	23	64
1255	323	24	64
1254	324	25	63
1252	327	26	61
1251	325	26	61
1250	327	26	60
1248	327	28	61
1247	327	28	61
1247	328	27	59
1247	330	26	57
1246	330	24	57
1245	329	25	58
1245	327	25	59
1245	328	22	58
1244	324	22	61
1243	324	22	63
1242	322	22	65
1241	324	23	61
1241	324	21	64
1240	327	20	62
1239	328	22	58
1240	331	20	56
1239	330	21	58
1239	329	21	61
1238	332	20	57
1236	329	22	60
1236	329	20	61
1236	328	21	62
1235	331	20	59
1234	332	21	57
1234	333	19	57
1234	332	20	60
1232	332	21	59
1231	334	21	58
1230	334	21	58
1229	334	22	58
1228	333	24	60
1227	333	24	61
1225	334	25	58
1225	334	25	59
1223	334	26	59
1223	336	24	58
1222	334	24	61
1222	333	24	63
1222	334	23	59
1221	332	23	61
1222	332	21	62
1221	332	23	62
1221	333	21	62
1221	332	21	62
1220	334	21	61
1219	333	22	62
1218	331	22	65
1219	331	20	65
1219	333	20	63
1219	332	21	64
1217	332	22	65
1219	331	20	66
1219	332	21	64
1219	333	21	63
1219	331	20	65
1219	332	20	66
1219	333	20	64
1219	334	20	63
1219	334	20	62
1219	333	21	66
1219	333	21	65
1219	332	20	65
1219	334	21	63
1219	334	21	62
1218	333	22	62
1218	333	21	63
1217	332	21	64
1218	333	21	62
1217	332	22	66
1216	333	22	65
1216	331	21	65
1216	332	22	66
1215	330	22	68
1215	330	21	71
1215	331	21	69
1215	331	21	66
1215	333	21	64
1215	332	21	68
1214	332	21	67
1214	332	20	66
1213	333	23	65
1214	333	21	64
1214	333	20	67
1215	332	21	67
1215	334	19	69
1213	333	22	71
1215	333	21	72
1215	334	20	66
1214	338	21	64
1214	337	21	66
1214	338	20	65
1214	339	21	64
1213	338	22	63
1215	338	20	61
1215	338	20	65
1213	337	21	64
1213	337	20	67
1215	337	18	64
1214	336	20	64
1213	336	21	63
1214	335	19	62
1215	335	18	63
1215	336	19	63
1214	335	20	61
1216	336	19	63
1215	336	20	63
1217	336	19	62
1217	337	19	61
1215	338	20	60
1217	338	19	60
1217	338	18	58
1217	339	18	59
1217	339	19	60
1217	339	19	58
1217	339	18	58
1217	339	18	59
1217	339	19	58
1217	338	18	60
1215	337	20	61
1215	335	20	62
1214	337	22	60
1214	336	21	61
1213	333	20	65
1212	332	18	66
1211	333	18	65
1210	333	19	65
1209	332	19	64
1208	333	17	64
1207	332	17	65
1206	333	17	63
1205	334	17	62
1204	335	18	62
1203	336	18	61
1201	338	18	58
1201	339	16	58
1199	340	16	58
1197	338	17	59
1196	339	16	57
1194	336	17	60
1191	334	20	65
1189	334	20	63
1187	334	21	62
1185	334	21	59
1183	329	22	62
1181	329	23	61
1178	330	23	60
1176	332	24	56
1173	328	24	60
1171	331	25	58
1168	333	25	57
1164	332	27	59
1160	332	28	61
1157	335	30	56
1150	338	32	57
1144	338	35	57
1140	339	35	55
1135	339	38	55
1132	339	39	55
1130	339	40	54
1126	338	42	54
1125	338	40	54
1125	338	39	54
1124	336	39	57
1125	334	37	59
1126	329	34	64
1125	330	33	64
1126	332	30	62
1124	330	31	65
1125	328	30	69
1125	329	27	66
1125	329	28	64
1126	332	25	61
1123	329	28	65
1125	329	22	65
1124	328	22	69
1125	333	20	65
1123	330	22	68
1124	331	18	69
1124	330	18	67
1121	329	21	68
1120	327	21	73
1119	329	21	67
1118	329	23	65
1116	329	24	62
1115	328	25	64
1114	331	25	61
1112	330	25	61
1111	332	26	61
1111	333	26	61
1109	333	24	60
1109	331	21	63
1108	333	21	58
1107	331	20	58
1107	331	18	60
1106	329	18	62
1105	332	19	59
1104	331	19	61
1102	331	22	59
1101	331	20	56
1100	331	24	58
1100	332	21	57
1099	330	23	56
1098	331	20	58
1097	331	21	56
1097	331	21	54
1096	332	19	53
1095	333	19	51
1094	333	20	51
1093	331	21	54
1092	327	22	59
1091	325	21	63
1091	326	24	60
1089	330	23	57
1089	328	20	59
1088	331	20	56
1087	331	21	54
1086	329	19	58
1085	328	18	61
1084	329	18	57
1083	330	18	58
1081	329	18	57
1080	328	19	56
1079	329	18	55
1077	328	19	56
1076	325	20	60
1074	324	21	61
1072	322	25	63
1070	325	24	62
1067	325	31	60
1067	326	28	60
1065	324	27	60
1063	321	27	64
1062	321	27	65
1061	325	25	56
1060	321	25	61
1059	317	26	64
1058	316	27	65
1058	315	27	66
1057	317	26	64
1057	317	26	64
1058	314	26	66
1058	315	29	66
1059	317	26	66
1060	317	24	65
1060	317	25	65
1059	313	26	71
1059	309	26	76
1059	313	24	76
1060	313	25	72
1059	311	25	74
1059	306	25	80
1058	306	26	82
1059	303	23	85
1057	306	27	83
1057	302	27	87
1056	301	31	86
1053	298	33	87
1054	301	32	88
1054	301	33	87
1054	304	33	82
1054	304	33	80
1053	304	33	80
1056	308	30	79
1061	310	24	76
1059	313	27	70
1060	318	26	68
1061	318	25	66
1062	319	25	65
1063	320	25	64
1062	317	28	70
1064	317	25	66
1065	320	24	61
1066	320	23	61
1066	319	25	65
1067	320	25	63
1068	319	27	68
1069	317	25	69
1069	318	25	69
1068	318	25	68
1068	319	28	68
1069	320	25	68
1069	319	27	68
1068	318	29	68
1070	317	26	68
1070	318	24	70
1071	318	24	77
1072	319	23	84
1074	313	23	84
1074	313	26	87
1073	309	31	92
1076	307	30	92
1071	311	33	83
1074	318	29	77
1070	320	32	74
1069	320	31	69
1067	323	31	65
1065	322	28	64
1058	325	33	61
1055	325	30	61
1049	324	31	60
1045	327	27	55
1035	322	29	60
1026	318	34	63
1020	319	32	62
1011	321	34	61
1003	317	36	64
996	318	35	62
983	323	44	60
976	319	40	64
971	319	36	63
965	317	34	62
956	317	32	64
948	315	34	66
943	316	27	62
936	315	28	66
929	317	23	59
922	315	18	63
913	316	17	60
905	317	20	62
896	318	19	58
889	318	18	57
880	317	17	60
871	318	17	58
863	324	19	54
854	319	17	56
843	321	22	57
837	318	21	61
827	316	20	61
820	317	19	60
811	318	20	59
802	321	19	56
796	319	18	56
786	319	18	57
778	319	20	57
769	319	20	60
760	319	19	58
752	319	20	61
741	321	24	58
733	320	24	57
724	322	25	56
715	320	28	57
708	322	28	57
703	320	28	59
698	320	26	58
696	321	25	58
693	321	28	61
693	319	24	62
691	323	24	58
691	320	23	58
691	316	22	61
691	315	23	63
691	315	22	62
691	314	23	63
690	315	25	62
690	313	25	64
690	310	28	70
691	310	25	69
690	310	25	68
691	308	23	70
692	309	22	71
691	306	22	73
692	305	21	74
692	310	23	69
692	309	22	70
693	315	24	65
689	314	28	66
690	309	26	69
686	307	30	74
685	303	31	78
687	305	29	77
687	308	29	73
688	308	26	72
688	303	26	77
687	301	29	80
687	298	28	83
688	305	28	79
686	303	27	80
687	306	25	74
690	310	23	76
690	309	22	79
690	307	23	77
687	305	27	81
688	302	28	84
689	306	27	81
689	307	27	81
690	308	25	78
689	311	27	74
688	307	27	78
687	307	29	78
686	303	32	84
686	300	31	84
683	298	33	87
682	301	36	84
679	295	37	91
677	298	35	85
678	300	30	82
678	301	27	82
674	297	30	85
673	295	30	90
671	294	30	90
668	302	29	82
666	302	28	82
665	306	26	77
661	309	26	75
658	312	26	71
652	309	28	74
650	312	25	72
647	313	27	71
642	313	27	71
639	314	25	70
633	315	28	69
629	316	27	68
624	318	27	66
619	319	27	65
614	318	28	67
608	319	31	67
603	313	28	74
600	317	28	70
592	320	30	67
586	314	32	74
583	314	30	75
577	312	29	78
571	311	29	79
566	310	27	80
560	318	26	73
554	318	25	73
549	320	26	72
542	322	25	69
536	325	26	65
529	326	26	64
524	328	26	64
517	328	26	63
510	328	26	64
504	326	26	66
497	326	25	67
489	327	28	65
482	326	28	66
475	329	28	64
466	328	31	65
458	327	30	65
450	329	31	64
443	330	31	65
433	330	31	65
424	331	32	64
416	332	32	65
408	330	32	68
398	329	34	69
389	330	34	68
380	331	32	68
372	332	34	69
361	330	33	70
352	333	37	69
340	330	39	72
329	333	41	72
320	336	41	67
309	333	38	71
299	332	36	70
289	334	38	71
276	333	39	73
266	335	43	72
253	336	46	71
241	335	43	70
228	337	50	71
215	337	56	72
203	337	60	75
192	336	61	76
180	336	57	76
169	336	61	78
157	338	58	77
146	338	59	77
135	339	50	74
120	341	60	74
111	339	57	78
97	341	63	77
86	338	53	77
75	341	51	78
61	342	47	76
47	343	42	73
34	345	42	72
20	342	40	75
5	341	40	79
