1060	891	55	117
1064	890	52	122
1065	891	54	124
1066	892	54	126
1069	891	51	126
1071	893	51	124
1074	894	51	129
1078	894	51	130
1083	896	45	129
1090	897	38	129
1094	898	38	130
1099	901	36	128
1100	897	37	129
1102	901	39	127
1106	900	39	128
1107	901	47	127
1112	902	47	115
1113	904	47	116
1112	906	40	133
1116	906	39	136
1116	908	42	134
1114	909	47	131
1109	909	58	131
1111	910	66	131
1114	912	76	126
1124	910	72	127
1122	912	72	126
1133	905	61	132
1141	908	52	131
1144	908	47	128
1149	909	44	128
1150	909	40	130
1153	910	40	126
1157	910	41	126
1159	910	40	127
1158	910	47	130
1162	910	48	127
1163	914	49	122
1169	912	46	125
1174	914	43	124
1178	912	42	130
1182	912	42	137
1181	913	45	129
1188	912	39	128
1193	914	36	121
1197	915	36	120
1199	916	36	122
1200	914	40	130
1202	917	41	126
1203	918	43	133
1203	919	48	133
1205	917	49	129
1206	918	51	126
1207	917	53	131
1216	917	46	124
1223	915	40	128
1228	916	39	125
1233	915	36	114
1238	917	34	108
1241	916	36	114
1244	917	35	121
1246	917	39	118
1248	917	40	120
1251	917	40	121
1252	916	41	123
1255	916	44	128
1259	916	46	127
1260	918	48	122
1261	920	49	120
1262	921	52	119
1269	919	45	124
1272	919	46	124
1269	920	49	127
1275	914	44	138
1276	914	47	130
1278	914	49	114
1288	917	41	108
1291	916	44	113
1299	915	37	125
1302	916	38	129
1302	917	41	124
1302	917	45	126
1304	916	49	127
1305	916	57	132
1307	918	58	137
1305	919	68	136
1308	920	69	137
1311	926	71	131
1314	930	72	138
1318	930	76	135
1325	939	75	137
1336	939	57	134
1343	943	56	127
1348	946	47	131
1353	949	41	127
1355	952	40	125
1357	956	41	124
1360	960	41	120
1362	965	44	115
1366	967	44	114
1369	971	43	109
1371	975	43	105
1378	977	37	103
1384	981	34	98
1388	983	32	96
1391	986	31	94
1393	986	33	94
1394	988	35	93
1395	991	38	90
1398	990	37	92
1401	992	36	94
1404	992	36	89
1405	998	38	85
1408	1009	38	71
1407	999	44	80
1412	1009	50	70
1414	999	46	81
1420	997	39	81
1422	998	39	84
1426	994	37	86
1428	994	38	87
1429	996	41	85
1431	994	41	87
1432	994	42	88
1432	992	44	90
1432	991	48	92
1434	990	49	91
1425	989	58	94
1430	988	58	93
1437	987	52	91
1430	985	60	97
1429	985	65	95
1435	985	61	93
1432	985	65	96
1440	985	59	94
1434	977	66	100
1438	980	62	100
1436	977	62	102
1445	979	55	98
1441	979	59	99
1436	978	63	100
1436	980	65	99
1437	978	64	103
1437	980	64	100
1435	975	68	104
1442	977	60	104
1444	973	60	108
1438	976	67	104
1444	974	61	106
1448	969	58	109
1440	968	69	113
1443	968	67	112
1448	965	62	114
1456	963	55	115
1456	963	54	117
1449	959	62	120
1450	957	63	123
1458	955	49	124
1452	953	56	125
1455	952	52	124
1455	949	51	129
1455	948	48	129
1453	947	51	131
1453	945	49	132
1448	950	54	126
1449	947	50	129
1447	943	51	133
1447	940	51	139
1443	939	56	136
1441	940	58	136
1442	936	58	140
1443	934	56	142
1443	931	54	142
1443	929	53	142
1444	929	52	140
1444	928	49	141
1443	926	49	142
1443	925	48	138
1441	926	52	138
1442	921	48	138
1444	921	44	136
1441	921	48	135
1440	917	49	137
1435	917	53	139
1433	914	55	137
1429	916	58	135
1426	915	60	137
1426	912	60	136
1421	912	64	136
1422	912	63	133
1422	909	60	135
1424	911	57	129
1425	911	55	123
1424	906	54	128
1423	904	54	129
1423	904	52	132
1421	900	52	134
1421	898	50	135
1418	897	53	132
1422	899	47	127
1420	896	47	132
1420	894	47	129
1422	893	41	126
1419	894	43	126
1414	892	48	127
1413	890	48	121
1405	889	55	128
1405	890	55	124
1413	889	44	116
1412	886	43	121
1407	885	47	121
1396	884	57	125
1396	885	56	123
1399	882	53	122
1388	882	62	123
1388	879	60	123
1390	877	56	124
1380	878	65	124
1381	873	62	128
1384	873	58	124
1377	873	62	121
1378	870	61	126
1377	869	59	120
1374	869	62	119
1372	868	61	120
1375	867	57	120
1377	867	52	116
1377	868	50	118
1378	864	51	120
1380	865	46	119
1381	862	42	120
1381	861	41	119
1383	860	37	119
1385	861	34	115
1383	858	32	116
1383	860	31	109
1379	857	36	109
1381	857	34	109
1378	856	36	107
1377	854	38	110
1375	853	39	110
1373	852	41	109
1372	851	43	111
1371	851	43	110
1370	850	38	112
1368	849	39	112
1368	848	38	114
1366	847	37	115
1365	844	36	116
1364	843	37	115
1362	841	36	116
1361	841	36	111
1360	842	36	111
1359	840	35	107
1356	839	37	108
1356	838	35	105
1353	838	36	105
1351	837	35	105
1349	836	36	105
1346	836	38	109
1346	834	36	108
1346	834	35	108
1345	834	34	105
1345	834	33	106
1342	833	36	103
1340	832	36	102
1338	831	40	100
1343	833	31	93
1341	831	35	96
1338	830	35	100
1337	829	36	101
1336	828	36	102
1337	827	33	101
1337	828	33	101
1338	828	32	98
1339	829	31	97
1339	830	33	94
1338	828	36	97
1340	827	36	96
1339	827	40	99
1342	827	38	95
1342	828	38	95
1340	824	43	103
1338	826	46	102
1337	826	47	104
1336	825	48	97
1336	824	48	101
1338	824	46	96
1337	824	50	95
1342	823	44	94
1338	823	48	101
1340	823	48	96
1342	822	46	100
1341	822	47	99
1339	822	51	100
1341	821	50	102
1340	821	51	101
1348	821	44	102
1348	822	44	103
1348	821	45	103
1351	822	43	98
1342	823	53	96
1339	821	57	103
1340	822	55	105
1339	822	56	107
1339	823	57	106
1338	824	57	106
1339	824	57	105
1340	827	56	96
1343	825	52	103
1343	825	52	104
1345	826	48	102
1347	826	45	103
1350	827	40	101
1351	823	37	106
1351	825	37	107
1354	825	34	108
1351	825	38	107
1350	825	38	106
1349	825	38	110
1346	827	39	109
1344	826	38	107
1341	831	41	102
1344	834	36	98
1343	831	35	99
1342	831	34	101
1342	829	35	104
1340	827	36	107
1338	823	38	112
1337	817	39	117
1336	812	40	123
1339	811	37	124
1341	816	36	122
1342	817	36	123
1343	818	33	121
1343	816	35	126
1344	819	34	122
1342	816	38	125
1343	819	37	122
1342	824	38	119
1343	826	40	116
1342	830	44	115
1346	835	38	106
1345	835	40	108
1343	835	40	106
1340	834	42	109
1330	833	47	111
1324	833	51	114
1323	829	43	111
1317	826	42	112
1311	825	40	110
1299	824	41	109
1289	823	40	108
1275	821	41	111
1263	819	39	111
1249	817	42	109
1234	814	42	111
1220	812	39	107
1208	810	37	107
1189	809	36	105
1174	807	33	107
1153	803	34	106
1129	803	39	110
1114	800	39	113
1099	799	39	117
1097	799	33	111
1093	796	29	110
1086	796	31	113
1080	796	32	109
1077	798	32	106
1074	797	34	104
1073	797	33	104
1073	795	31	106
1074	794	28	110
1072	793	30	105
1070	793	33	105
1070	793	32	110
1070	792	33	106
1068	792	34	105
1068	792	32	102
1070	790	30	107
1070	791	30	109
1066	789	36	110
1066	789	38	115
1064	790	41	115
1063	789	42	114
1064	789	41	116
1062	788	41	118
1060	790	41	117
1059	791	46	114
1058	793	45	113
1061	793	41	112
1061	792	41	113
1067	794	34	105
1068	795	31	109
1059	796	38	117
1058	795	38	118
1062	794	33	114
1063	796	31	111
1062	794	31	111
1060	795	32	112
1060	794	30	117
1056	794	33	124
1053	793	33	125
1049	794	34	123
1047	793	34	120
1043	795	33	117
1037	792	32	116
1031	795	31	120
1020	794	31	123
1012	794	30	121
998	793	33	122
985	793	32	120
972	793	32	123
959	793	31	120
944	794	30	117
928	795	29	110
905	795	36	115
888	797	37	117
868	798	43	118
849	798	44	120
835	798	39	113
813	801	38	109
793	802	42	106
770	808	41	101
748	811	40	101
726	813	43	102
703	816	46	114
687	820	44	122
676	820	35	123
662	824	34	112
653	828	35	106
641	833	35	105
637	839	34	106
631	839	37	112
628	840	34	109
626	850	33	106
623	843	32	112
619	846	37	126
617	848	37	127
616	847	35	128
615	848	38	121
614	849	37	125
612	850	36	127
610	852	36	135
611	851	39	129
609	854	39	133
607	856	40	138
605	859	43	127
601	859	44	132
596	860	52	134
594	863	54	145
592	863	56	141
595	867	57	136
595	869	54	142
593	873	57	134
591	874	56	147
592	877	56	145
591	878	56	147
592	880	52	147
592	879	51	154
593	880	48	149
593	883	47	142
595	884	45	146
593	887	44	153
596	891	39	144
596	891	41	152
593	892	40	153
593	896	41	159
587	899	44	163
585	905	47	163
582	903	47	171
580	908	50	168
578	915	53	162
582	918	48	155
583	921	47	153
584	921	46	149
584	932	46	145
583	932	46	149
584	935	44	143
585	936	43	141
587	938	41	138
585	940	42	137
587	940	41	136
584	941	47	141
588	940	42	138
591	941	39	135
590	943	41	135
587	945	46	130
586	944	48	128
581	943	55	136
586	945	53	132
582	946	56	130
582	946	57	133
580	944	61	132
586	942	56	136
587	942	57	134
589	940	56	134
586	939	63	133
589	934	60	136
595	932	57	134
604	927	48	134
607	924	50	135
602	922	58	135
610	919	54	137
615	910	51	146
610	906	55	150
613	898	55	153
619	886	53	160
623	877	52	166
624	873	57	170
630	879	66	153
632	874	69	158
633	866	75	161
639	866	70	156
646	858	63	160
649	860	64	151
655	856	58	154
663	854	50	154
667	854	48	150
665	855	49	150
671	852	42	146
674	850	38	148
677	849	37	154
678	849	38	149
677	847	41	146
673	846	49	149
671	847	52	149
675	843	48	151
680	844	46	148
680	840	46	148
674	841	56	151
676	835	56	151
686	834	50	149
693	833	43	151
697	834	40	147
698	832	42	142
696	833	47	147
699	834	45	148
703	832	44	145
703	832	45	146
707	830	41	144
708	829	42	140
707	830	45	141
704	827	51	143
705	825	51	144
709	823	45	139
709	824	48	139
710	822	45	141
714	822	40	135
714	822	40	137
715	820	40	141
716	820	40	138
715	820	43	139
717	819	43	137
715	819	45	141
714	818	46	138
712	816	48	137
720	817	39	133
719	818	42	135
722	815	38	135
723	812	37	137
726	810	36	136
722	807	39	138
724	810	40	131
721	805	44	137
721	806	45	138
723	806	44	133
722	803	46	132
723	802	45	128
719	799	49	132
716	797	53	133
715	800	54	129
717	797	52	129
720	797	50	129
721	795	48	130
725	794	45	131
725	795	46	123
727	793	45	129
728	793	45	128
729	791	44	129
726	790	48	129
727	789	48	131
731	788	45	126
731	787	45	124
733	787	44	125
734	786	44	126
733	786	45	123
734	784	47	124
734	783	49	126
740	781	43	123
739	782	47	122
742	781	45	122
744	780	46	120
750	778	41	122
754	777	37	119
757	778	36	118
759	777	35	122
761	778	35	122
763	776	33	118
766	777	33	119
765	775	38	124
767	777	38	120
768	776	42	119
773	776	39	115
773	776	43	116
774	774	46	120
773	774	53	119
778	774	49	115
783	773	47	115
784	771	48	116
785	772	49	116
787	770	49	117
788	770	50	118
790	769	51	116
796	770	45	118
799	767	41	117
803	768	40	118
805	769	40	113
809	767	37	113
811	767	38	118
812	768	38	117
818	768	35	118
822	767	34	115
827	767	32	111
830	766	33	113
829	766	37	114
833	766	36	114
837	766	36	112
838	766	36	113
842	765	35	111
847	765	32	106
851	767	31	103
854	765	30	106
857	764	30	105
861	763	28	105
862	762	30	104
865	762	30	105
868	762	31	101
872	762	30	102
876	760	30	105
879	760	30	103
878	762	38	116
887	762	32	115
893	764	31	114
900	763	29	116
902	763	29	114
904	761	29	113
905	762	31	114
908	760	31	113
908	760	33	109
907	762	36	110
904	760	41	110
906	758	39	113
907	759	38	115
908	758	36	113
910	757	35	114
907	759	36	116
906	757	39	118
908	757	36	119
908	757	36	119
907	753	36	123
902	755	42	119
906	754	38	119
906	752	39	120
908	751	38	114
906	751	40	114
907	750	39	113
911	751	37	111
912	752	35	113
912	752	35	111
909	751	39	109
909	754	42	110
904	752	45	111
900	754	51	109
891	753	59	108
888	752	63	110
887	754	65	113
889	755	61	110
889	758	62	108
894	758	58	108
888	757	64	113
891	760	61	108
890	756	63	112
895	760	57	111
897	756	54	113
900	759	51	113
899	757	50	110
902	758	50	113
911	761	39	114
911	759	38	116
915	763	36	116
917	763	33	116
915	762	36	116
915	764	36	114
914	763	38	116
910	764	40	114
913	765	36	117
914	767	32	119
913	766	34	124
910	766	37	127
909	768	36	122
906	769	41	122
902	768	46	126
906	764	39	131
903	757	43	139
902	749	44	159
902	743	43	168
903	757	41	154
899	755	49	159
903	757	44	158
905	756	43	159
903	757	44	159
901	759	48	158
901	760	49	154
905	763	46	156
903	764	47	149
909	769	41	144
904	772	46	141
909	778	42	129
913	780	39	123
915	780	36	124
911	781	39	121
911	782	40	120
910	781	43	122
911	781	42	122
914	779	39	124
915	780	37	123
917	779	35	124
920	778	32	125
921	777	33	124
922	779	33	125
922	777	32	126
922	777	34	129
922	776	34	122
922	778	35	122
921	777	37	119
919	776	39	120
917	775	41	124
918	775	37	120
916	773	39	122
915	773	39	121
918	770	35	122
916	769	38	124
917	771	35	125
917	768	36	127
915	765	36	129
918	766	33	126
914	762	36	127
915	763	34	129
915	763	35	125
911	758	37	126
914	762	33	124
911	759	36	120
909	757	38	122
915	755	31	113
908	752	39	119
910	752	36	112
910	751	36	104
910	752	35	100
907	751	37	106
909	749	35	104
904	748	39	110
903	746	40	113
904	742	38	116
906	743	36	113
908	743	33	114
910	744	31	107
910	746	31	103
912	742	29	108
913	743	27	105
912	742	28	107
912	741	27	105
913	740	28	106
912	739	28	106
912	737	30	113
915	736	28	107
914	736	29	111
913	735	30	110
916	734	28	108
913	733	31	112
914	734	31	109
916	734	31	105
915	732	32	108
916	733	32	106
914	731	34	109
916	731	31	107
917	732	32	104
916	732	34	102
915	732	37	102
917	731	37	105
916	728	37	103
915	726	39	105
913	722	40	108
915	722	40	106
915	720	41	107
915	717	39	107
918	717	37	106
916	715	40	103
918	714	38	106
919	712	37	105
915	710	43	109
917	709	41	107
920	709	38	104
917	707	41	107
916	705	43	107
915	705	44	108
915	705	45	108
916	702	42	108
917	704	43	107
916	701	44	106
917	702	42	106
918	699	42	105
918	699	42	103
917	696	43	105
919	696	41	105
919	695	41	103
918	694	41	104
918	691	42	107
918	695	43	107
919	690	41	106
921	692	39	109
923	689	35	105
926	690	31	105
924	691	31	104
925	689	31	105
924	689	32	104
923	687	33	107
921	688	35	104
922	688	35	104
921	687	35	102
917	686	38	100
917	684	35	106
915	684	36	108
917	685	34	107
912	683	38	111
913	682	36	109
913	679	36	112
912	676	38	116
911	671	40	122
909	663	40	132
904	654	48	150
911	650	38	156
915	661	36	146
916	663	34	141
917	662	34	139
914	662	38	145
917	663	36	140
920	664	33	134
922	667	32	129
922	670	33	123
921	674	33	122
921	678	34	120
919	681	36	115
917	681	38	112
921	681	34	109
919	682	35	104
916	681	39	108
917	679	37	109
918	679	38	112
920	679	34	113
923	679	32	111
924	677	30	114
926	677	28	112
924	677	31	114
924	676	31	112
926	677	30	110
924	675	32	113
925	676	32	110
925	676	34	111
921	675	38	111
921	674	39	112
919	675	42	112
919	673	41	115
919	674	41	112
921	675	39	113
924	676	35	109
921	677	38	113
923	676	36	114
923	675	36	116
922	675	37	116
922	675	37	114
924	675	35	115
921	677	38	110
922	675	37	111
922	673	36	110
923	675	36	112
923	677	37	112
923	676	38	110
923	680	40	108
924	684	41	103
925	686	38	101
924	687	41	97
924	687	41	92
922	686	42	101
920	685	43	99
920	686	42	93
918	686	45	93
916	686	46	89
912	687	49	93
909	689	49	91
905	691	48	87
902	695	42	82
898	695	45	90
895	695	42	91
893	695	43	94
888	696	47	96
885	698	48	93
884	699	47	94
883	698	46	94
877	700	48	89
872	700	37	86
870	702	33	83
867	703	33	82
863	704	32	79
862	705	32	82
858	702	34	89
850	698	41	97
846	695	45	100
841	696	49	101
832	698	50	99
832	699	46	95
830	700	35	97
825	705	39	93
818	707	44	94
817	707	38	89
816	708	33	89
811	706	36	89
805	709	40	85
801	718	43	81
797	711	48	87
797	711	48	87
797	711	48	87
797	711	48	87
797	711	48	87
797	711	48	87
797	711	48	87
797	711	48	87
797	711	48	87
797	711	48	87
797	711	48	87
797	711	48	87
797	711	48	87
797	711	48	87
797	711	48	87
797	711	48	87
797	711	48	87
797	711	48	87
797	711	48	87
737	727	34	86
738	725	30	82
738	725	30	82
738	725	30	82
738	725	30	82
738	725	30	82
738	725	30	82
738	725	30	82
717	738	27	85
713	738	26	84
710	743	28	88
705	742	32	88
701	744	24	89
701	749	16	79
697	747	19	76
697	747	19	76
697	747	19	76
697	747	19	76
697	747	19	76
697	747	19	76
697	747	19	76
697	747	19	76
652	758	27	77
639	753	37	76
636	756	40	84
624	756	46	82
620	757	42	83
616	756	42	87
613	757	41	84
608	757	42	93
605	758	40	93
597	760	46	94
590	762	47	101
584	764	50	97
583	769	48	95
582	770	43	96
579	773	42	89
575	774	43	90
570	774	46	88
566	773	47	86
560	772	49	90
556	770	48	88
550	768	50	90
547	766	48	86
545	764	47	93
541	762	48	99
539	761	45	91
539	759	41	96
537	759	41	101
535	761	42	92
535	762	40	90
534	762	40	95
532	763	39	97
532	762	38	101
532	760	38	100
532	761	39	104
532	757	39	107
529	755	43	104
525	755	44	103
522	755	44	100
520	754	44	103
524	752	41	106
525	750	41	107
525	749	43	107
524	748	41	107
523	745	47	109
522	747	52	106
525	745	49	104
523	745	54	104
523	742	55	114
521	742	62	111
524	741	60	105
531	743	53	99
537	738	49	98
542	741	47	94
546	737	49	94
548	739	44	96
554	739	40	96
555	734	45	100
556	735	48	98
560	734	44	98
564	733	44	101
569	734	36	98
570	733	37	100
574	735	36	91
579	733	34	89
583	733	32	95
584	732	31	90
585	730	36	92
586	730	36	94
588	730	38	95
591	728	39	94
594	730	39	88
597	730	38	88
601	731	37	82
604	731	35	88
606	731	34	89
610	729	33	89
614	730	31	83
616	728	33	88
617	728	37	92
620	728	38	89
622	728	40	92
625	728	37	90
626	725	40	97
628	727	42	94
631	727	35	95
633	729	41	95
636	730	42	95
638	732	38	91
640	732	36	94
643	730	34	96
644	728	47	103
645	726	46	98
646	723	40	104
647	718	35	108
649	716	31	100
651	716	33	103
650	716	28	97
652	716	27	96
650	716	35	100
649	713	38	107
648	707	46	114
648	707	46	114
648	707	46	114
648	707	46	114
648	707	46	114
648	707	46	114
648	707	46	114
648	707	46	114
648	707	46	114
648	707	46	114
648	707	46	114
648	707	46	114
648	707	46	114
648	707	46	114
648	707	46	114
648	707	46	114
648	707	46	114
648	707	46	114
648	707	46	114
648	707	46	114
648	707	46	114
648	707	46	114
648	707	46	114
648	707	46	114
648	707	46	114
648	707	46	114
648	707	46	114
648	707	46	114
648	707	46	114
648	707	46	114
648	707	46	114
648	707	46	114
648	707	46	114
648	707	46	114
648	707	46	114
648	707	46	114
648	707	46	114
648	707	46	114
648	707	46	114
648	707	46	114
648	707	46	114
648	707	46	114
648	707	46	114
667	727	49	104
685	726	53	109
679	726	60	104
684	728	58	100
682	727	48	99
689	730	33	87
690	728	37	92
689	731	44	96
693	730	34	99
694	730	37	98
694	730	38	101
699	732	34	97
702	730	34	97
705	731	34	93
708	731	30	96
709	732	30	91
702	732	38	88
712	732	38	94
702	731	45	99
698	732	53	98
695	735	60	97
716	734	43	97
718	734	41	93
724	733	37	95
725	735	36	97
727	738	36	94
730	735	35	88
729	737	31	86
731	736	33	76
731	738	38	82
731	738	41	93
732	735	38	83
729	735	41	77
738	737	37	63
738	737	37	63
738	737	37	63
738	737	37	63
738	737	37	63
738	737	37	63
738	737	37	63
738	737	37	63
738	737	37	63
738	737	37	63
738	737	37	63
738	737	37	63
738	737	37	63
738	737	37	63
738	737	37	63
738	737	37	63
738	737	37	63
738	737	37	63
738	737	37	63
738	737	37	63
738	737	37	63
738	737	37	63
738	737	37	63
738	737	37	63
738	737	37	63
738	737	37	63
738	737	37	63
738	737	37	63
810	776	40	52
801	776	47	52
804	778	47	48
802	779	42	56
804	780	38	53
