658	306	234	289
666	315	229	294
671	310	219	301
680	316	206	282
675	310	213	300
679	322	208	293
675	318	210	309
678	325	208	300
670	332	214	297
686	343	193	295
677	348	203	297
694	359	193	272
711	366	169	277
708	369	171	269
708	377	173	267
711	384	167	270
708	393	175	267
712	381	175	285
696	382	185	308
686	385	206	302
688	395	205	305
690	397	203	313
700	403	188	296
692	405	209	297
715	422	176	291
729	424	158	288
719	436	178	273
723	432	167	282
727	440	168	270
744	437	145	271
741	444	157	269
718	448	181	285
722	453	177	281
724	454	174	272
726	455	168	301
745	472	148	270
747	473	148	259
746	474	146	275
756	474	141	267
763	490	130	256
765	489	138	278
765	491	132	240
768	501	129	230
764	501	130	248
756	506	139	246
764	508	136	240
762	512	138	243
765	514	137	235
758	516	153	276
763	515	144	249
770	523	130	243
777	531	124	236
777	534	133	256
773	533	135	240
784	536	130	250
775	538	143	257
791	544	120	238
791	551	123	211
782	554	133	217
795	551	121	236
798	559	129	214
798	562	124	229
790	562	129	237
806	570	119	230
811	569	110	242
817	573	115	231
805	580	127	248
797	580	142	240
807	583	125	228
824	585	114	223
819	590	120	232
823	595	117	220
830	598	110	214
820	601	118	222
827	604	115	228
837	607	118	221
831	608	116	211
838	610	108	206
840	608	103	215
845	614	100	199
839	622	114	211
851	622	105	195
842	625	117	203
836	625	116	231
842	627	118	250
846	631	111	228
849	631	112	217
841	633	126	244
853	634	109	223
856	642	121	188
855	644	104	199
846	645	125	231
863	647	110	223
859	649	118	237
866	646	106	241
865	652	110	218
875	656	101	221
873	658	101	238
876	657	95	239
875	655	112	261
876	659	108	257
880	666	102	246
878	664	107	265
880	666	105	278
881	673	119	266
884	669	113	277
889	674	106	257
887	680	117	234
896	680	105	232
893	682	111	241
893	681	116	244
905	681	106	255
907	682	109	246
909	680	101	228
900	686	118	227
912	680	106	226
904	681	127	233
905	680	121	223
894	682	131	219
897	680	121	216
910	681	108	216
900	680	121	215
912	675	103	212
907	676	104	198
899	675	109	204
896	677	101	190
892	674	104	194
890	672	101	198
876	670	110	212
877	672	102	180
867	673	98	194
856	668	98	193
853	666	98	181
853	664	91	176
846	667	89	175
836	663	89	180
831	662	90	176
820	663	91	180
815	662	89	180
811	658	80	173
803	661	83	192
795	661	85	181
789	660	84	183
778	660	91	189
773	660	88	192
762	658	95	209
754	655	102	233
751	648	100	239
743	652	109	261
739	656	114	263
733	651	121	278
719	655	136	267
729	656	133	272
725	651	134	268
732	650	129	246
734	649	128	237
731	651	133	254
733	651	138	262
736	645	141	268
733	646	142	261
730	645	159	290
728	645	160	309
721	639	171	299
712	640	188	303
714	634	195	346
719	640	188	415
715	618	200	434
715	636	207	433
738	617	175	439
710	630	218	423
704	622	223	429
733	641	191	406
765	684	152	374
790	637	125	377
800	682	116	351
795	684	123	324
795	688	120	314
794	683	120	324
792	681	123	316
790	681	123	304
784	678	127	301
787	679	126	298
798	677	117	289
799	678	114	286
797	673	118	282
803	672	113	276
805	672	111	271
802	666	118	274
803	668	125	274
820	662	108	278
818	663	117	267
830	663	114	259
839	658	104	262
840	657	111	258
853	655	104	251
846	657	117	247
856	652	113	247
877	647	100	245
880	651	98	239
887	647	101	236
897	643	98	239
899	640	105	237
908	644	99	232
907	641	101	231
918	638	94	233
919	636	98	228
919	632	98	229
923	636	93	218
923	632	89	213
924	631	92	212
923	628	89	214
924	625	87	213
923	624	89	212
929	623	81	205
927	619	84	206
929	621	76	206
934	619	74	203
932	620	77	204
932	621	77	196
939	622	72	194
937	621	73	191
942	624	67	193
948	621	62	189
948	623	64	188
949	624	65	187
952	627	62	180
952	625	63	184
955	626	59	182
958	625	57	182
958	624	57	178
958	623	56	177
956	622	59	177
956	621	61	174
962	619	52	178
960	620	54	173
960	616	53	168
960	619	53	168
962	616	53	170
961	617	51	164
959	617	53	168
958	617	53	162
957	616	51	164
961	616	47	162
956	617	53	160
957	617	51	162
956	619	52	159
956	617	51	160
955	618	51	160
955	620	52	160
955	618	51	161
956	619	52	155
957	619	50	155
959	622	49	150
959	625	48	145
960	622	47	144
959	621	49	149
962	620	46	149
962	619	47	147
964	618	46	145
963	617	47	147
962	615	48	143
961	615	47	143
961	615	47	141
962	611	45	140
960	610	46	139
960	609	46	136
958	608	46	135
960	607	44	134
956	607	47	134
957	603	47	136
957	606	47	137
956	606	47	130
956	607	46	133
956	605	45	134
956	606	45	131
955	607	45	131
954	606	46	131
953	603	47	130
949	606	51	125
953	605	46	124
952	603	45	125
949	605	47	119
949	601	46	121
948	601	44	123
947	599	44	122
948	599	43	122
944	598	47	121
945	594	44	121
943	596	45	116
940	595	47	116
941	595	44	116
941	591	45	118
939	591	45	115
937	586	47	119
935	588	49	115
935	586	47	117
939	586	46	113
937	585	47	114
942	585	45	110
944	582	47	112
949	581	44	112
953	580	46	111
957	580	46	109
963	578	43	113
965	579	44	110
967	579	45	107
969	576	45	107
971	576	47	107
972	576	44	105
972	575	45	104
969	574	49	102
972	574	45	103
972	572	45	104
971	572	45	104
971	571	43	99
968	569	46	103
967	569	47	101
965	567	46	99
964	569	46	99
967	564	43	101
963	561	43	103
962	564	45	97
965	562	41	99
964	562	42	99
960	559	47	98
963	561	43	98
964	559	43	99
966	556	42	101
966	557	42	97
967	558	43	96
970	553	42	100
973	554	42	99
974	555	45	96
976	553	43	94
980	548	39	101
981	549	39	100
983	545	39	102
985	545	37	98
982	542	40	100
984	544	40	102
986	542	38	101
986	541	38	100
987	536	35	103
984	529	42	111
983	535	40	103
985	535	37	104
986	538	35	98
985	539	38	97
982	531	39	104
984	528	40	103
986	534	37	99
987	535	38	95
989	530	38	98
992	523	39	107
1000	525	36	107
1004	512	35	114
1008	514	36	111
1013	511	38	112
1017	525	38	96
1026	517	42	105
1031	509	40	111
1037	515	39	104
1046	518	41	101
1052	522	38	92
1063	528	38	84
1067	524	39	90
1074	524	39	89
1078	519	41	91
1081	532	39	80
1087	548	38	66
1091	540	36	68
1095	539	34	72
1096	529	34	78
1098	530	36	77
1097	528	38	80
1098	514	39	89
1099	521	42	84
1099	520	37	86
1098	520	38	85
1096	520	43	84
1096	522	42	81
1101	521	33	84
1097	516	39	82
1102	515	34	83
1101	512	38	83
1101	514	38	80
1095	505	42	87
1099	502	38	89
1103	509	34	83
1098	508	39	77
1101	509	37	79
1104	511	32	78
1098	520	35	72
1097	509	41	76
1100	508	36	81
1096	502	42	87
1098	498	40	88
1092	496	43	88
1094	501	44	83
1095	495	41	90
1095	488	47	93
1093	488	45	97
1096	495	45	92
1095	503	44	83
1095	507	38	79
1092	503	43	81
1099	494	38	86
1096	500	39	84
1098	506	37	75
1092	504	46	81
1097	494	40	90
1098	497	38	80
1096	495	39	80
1099	493	37	80
1102	498	32	70
1100	504	38	68
1100	494	36	77
1105	493	30	81
1103	491	30	81
1099	485	34	83
1099	480	36	86
1091	478	43	89
1089	500	44	78
1090	486	42	77
1089	481	40	83
1091	479	40	84
1089	479	41	82
1088	478	44	79
1088	481	41	75
1087	476	48	80
1090	471	40	86
1088	481	51	74
1089	476	45	78
1093	477	34	75
1089	482	39	77
1086	478	49	79
1090	481	36	69
1088	477	42	75
1088	481	48	71
1086	478	40	80
1090	480	44	70
1091	482	48	68
1083	480	45	74
1078	478	49	78
1073	469	54	80
1080	471	45	81
1083	476	47	75
1084	476	47	70
1083	478	44	71
1083	475	44	72
1082	472	43	74
1082	470	56	70
1083	475	44	67
1086	471	37	73
1080	476	40	69
1076	477	43	64
1074	476	40	66
1087	465	46	71
1086	465	36	80
1080	466	42	84
1082	467	42	78
1077	474	45	75
1082	471	43	69
1081	472	44	65
1080	475	41	65
1079	477	39	63
1075	476	43	62
1077	476	44	67
1076	475	42	62
1081	466	39	71
1076	466	47	75
1072	471	54	70
1083	463	45	71
1082	472	49	71
1086	466	41	76
1083	474	45	66
1081	476	48	63
1080	475	51	67
1087	466	36	76
1086	471	38	70
1088	480	40	60
1091	476	32	60
1093	473	31	68
1094	474	32	68
1093	464	31	73
1091	472	31	66
1094	474	28	62
1089	470	34	62
1093	476	33	58
1088	478	35	61
1084	481	38	65
1084	478	38	78
1082	469	40	66
1082	469	40	66
1083	473	40	58
1081	479	41	48
1074	478	37	51
1078	465	27	53
1078	460	27	59
1072	456	31	56
1076	454	32	60
1078	464	29	62
1067	460	40	67
1066	459	39	60
1062	464	42	60
1062	462	33	59
1064	462	37	59
1060	461	33	62
1059	458	47	61
1050	457	54	65
1054	458	59	59
1043	461	48	60
1050	460	41	58
1056	444	33	69
1057	446	35	71
1049	455	39	71
1044	453	46	72
1048	459	53	64
1032	552	60	57
1032	552	60	57
1032	552	60	57
1043	455	63	63
1043	455	63	63
1043	455	63	63
1043	455	63	63
1043	455	63	63
1043	455	63	63
1043	455	63	63
1043	455	63	63
1043	455	63	63
1043	455	63	63
1044	449	51	58
1049	455	45	63
1049	455	45	63
1043	460	42	56
1041	457	41	63
1053	463	31	50
1055	468	33	44
1052	472	31	39
1051	471	35	40
1053	478	35	37
1050	475	36	33
1049	480	39	39
1048	475	39	35
1051	467	33	35
1041	459	30	36
1041	459	30	36
1041	459	30	36
1046	458	32	44
1048	463	29	44
1050	465	25	46
1050	459	24	42
1054	459	25	41
1050	458	23	42
1080	477	24	45
1093	500	21	44
1087	486	23	41
1113	448	25	39
1113	448	25	39
1175	452	24	44
1174	451	28	45
1209	484	28	46
1209	484	28	46
1209	484	28	46
1209	484	28	46
1209	484	28	46
1209	484	28	46
1270	531	30	45
1305	531	29	47
1310	539	24	52
1310	539	24	52
1310	539	24	52
1298	498	32	54
1295	497	38	53
1308	487	42	52
1315	544	33	50
1315	544	33	50
1304	503	36	54
1302	501	41	58
1313	502	43	58
1316	504	39	56
1315	506	37	52
1317	510	32	49
1324	507	35	52
1320	509	38	49
1319	512	38	50
1323	510	38	51
1332	511	34	51
1329	512	33	53
1337	512	32	51
1336	513	34	48
1336	513	36	52
1347	516	29	54
1343	515	36	52
1351	519	37	46
1348	520	36	49
1375	452	32	53
1353	522	37	54
1358	521	34	59
1365	521	32	64
1365	521	32	64
1371	520	34	62
1384	523	41	63
1370	527	41	69
1371	524	43	69
1384	514	53	71
1382	518	55	73
1382	518	55	73
1404	490	55	87
1411	455	47	87
1410	486	57	98
1418	474	53	118
1415	469	61	130
1420	454	60	142
1423	455	63	142
1423	452	68	147
1425	450	67	157
1429	451	70	159
1431	454	72	149
1441	452	66	155
1442	451	69	156
1443	450	75	160
1444	452	75	156
1452	450	72	166
1453	454	76	157
1452	457	80	151
1459	452	78	155
1464	452	73	155
1463	456	78	157
1465	453	80	159
1470	456	76	151
1470	457	82	159
1473	453	83	158
1479	456	78	157
1487	457	75	152
1491	457	74	166
1486	459	84	153
1483	465	91	159
1491	462	95	167
1495	462	91	159
1498	460	92	157
1499	458	90	163
1506	462	86	174
1509	468	82	158
1514	462	83	164
1515	468	86	156
1515	471	88	156
1520	467	87	169
1520	468	94	175
1525	467	95	171
1526	471	96	169
1533	469	87	182
1537	470	89	179
1540	471	87	162
1540	474	93	159
1545	470	90	170
1542	473	96	177
1542	481	91	163
1547	477	90	167
1551	475	87	169
1552	474	86	173
1548	481	94	168
1552	474	95	178
1557	475	88	177
1555	476	94	168
1556	478	89	176
1560	480	86	167
1561	476	91	180
1554	478	100	205
1556	475	100	212
1558	472	95	216
1557	473	95	222
1555	475	98	206
1548	478	103	184
1552	478	96	176
1552	480	91	173
1554	480	90	173
1550	483	96	164
1547	480	97	169
1551	480	94	173
1545	481	101	179
1549	482	86	172
1541	482	96	170
1541	480	93	187
1536	484	96	178
1533	491	98	174
1536	481	94	185
1540	478	82	196
1536	482	84	192
1530	482	95	204
1527	480	94	197
1525	479	96	189
1523	476	96	189
1519	485	103	188
1520	480	100	200
1517	479	97	205
1514	483	96	193
1516	488	98	187
1516	483	90	186
1514	484	90	192
1508	485	87	180
1509	486	91	188
1502	494	90	177
1500	493	94	177
1499	490	103	188
1500	494	98	179
1498	496	96	189
1496	496	92	188
1493	492	97	186
1489	493	102	183
1490	500	93	178
1487	498	99	191
1486	499	96	187
1484	504	103	184
1481	503	97	186
1483	497	98	201
1480	505	93	190
1477	503	98	194
1475	508	100	190
1474	504	96	190
1474	515	93	189
1476	514	87	180
1473	516	96	180
1474	512	97	185
1473	519	93	172
1474	515	94	183
1468	512	105	185
1466	518	104	185
1471	511	98	202
1468	512	92	188
1463	521	95	181
1465	520	89	177
1462	516	92	177
1460	513	95	183
1460	513	98	184
1462	510	92	183
1460	507	95	184
1463	509	95	185
1466	509	97	178
1466	505	98	181
1466	509	100	179
1463	512	95	180
1466	508	91	186
1463	509	94	183
1462	514	97	183
1465	512	97	181
1462	519	98	176
1462	521	98	175
1465	524	94	174
1473	515	90	181
1472	518	94	176
1471	517	98	181
1473	522	99	177
1481	515	97	188
1482	513	100	194
1485	518	101	193
1494	514	98	193
1495	515	103	194
1499	521	100	182
1508	516	96	207
1513	517	100	193
1512	528	101	178
1516	521	105	188
1530	515	92	205
1531	523	97	193
1534	523	106	195
1538	528	100	186
1543	524	102	184
1550	526	100	189
1553	526	102	188
1560	525	103	200
1564	531	104	189
1570	528	103	192
1570	534	115	191
1576	534	110	198
1583	527	112	203
1590	531	112	195
1603	538	105	194
1602	540	111	191
1607	544	113	190
1619	540	114	195
1624	541	114	218
1626	541	122	207
1629	550	124	192
1632	561	125	185
1646	550	130	196
1659	550	123	207
1667	548	128	211
1668	554	138	211
1678	552	143	209
1693	552	134	209
1700	556	138	210
1704	561	148	210
1708	575	146	206
1721	571	147	233
1731	578	156	206
1738	576	162	222
1758	569	157	250
1769	568	149	237
1765	582	156	217
1780	598	146	194
1792	623	132	184
1759	639	159	182
1804	641	161	218
1797	612	140	238
1821	620	129	240
1819	618	99	239
1833	636	113	224
1833	636	113	224
1833	636	113	224
1833	636	113	224
1833	636	113	224
1833	636	113	224
1744	868	123	212
1744	868	123	212
1744	868	123	212
1744	868	123	212
1744	893	132	182
1744	893	132	182
1744	893	132	182
1744	893	132	182
1744	893	132	182
1821	682	116	182
1834	652	128	183
1809	652	111	188
1819	667	141	177
1797	683	153	155
1787	682	128	157
1772	691	135	139
1768	656	151	168
1745	663	170	168
1749	630	173	193
1725	636	196	200
1745	625	178	204
1749	605	174	234
1763	591	160	249
1786	592	146	294
1751	570	173	272
1753	587	175	309
1776	596	144	353
1720	563	171	333
1750	588	179	342
1776	592	150	378
1731	538	182	404
1746	577	180	408
1735	594	187	482
1736	587	181	484
1712	550	208	544
1706	556	216	536
1687	552	235	543
1588	573	325	509
1593	584	336	479
1582	582	352	480
1616	579	319	486
1611	606	312	472
1623	584	302	472
1588	614	332	460
1634	578	284	474
1645	588	275	477
1632	593	284	479
1634	586	289	483
1623	594	290	482
1590	581	347	487
1606	602	298	480
1599	580	316	475
1591	595	341	471
1587	609	332	481
1574	570	349	486
1534	595	398	483
1559	574	360	473
1554	587	364	492
1563	582	366	497
1564	590	361	463
1541	586	391	485
1561	588	366	480
1548	587	374	478
1570	582	349	482
1589	601	333	455
1572	590	348	473
1572	586	348	473
1585	588	344	487
1561	571	371	481
1592	586	333	483
1592	606	328	479
1582	571	341	475
1583	590	341	491
1569	578	352	479
1567	611	361	466
1535	594	388	462
1561	596	363	469
1589	597	337	461
1560	588	377	482
1559	595	363	470
1550	589	365	463
1605	607	317	483
1621	592	289	448
1589	620	331	452
1587	609	338	452
1636	598	290	468
1601	614	322	464
1602	605	324	455
1620	618	313	457
1632	609	278	453
1621	626	296	459
1603	629	323	450
1575	637	356	452
1541	614	389	454
1570	650	359	431
1555	644	363	431
1575	655	343	436
1561	638	355	439
1608	622	314	447
1629	660	301	425
1565	631	356	447
1584	635	340	444
1615	642	310	454
1577	660	342	422
1588	654	327	419
1581	654	333	441
1563	657	352	417
1643	627	278	453
1626	661	294	410
1576	640	349	443
1608	669	312	407
1593	688	329	385
1691	704	282	353
1669	706	260	365
1663	695	276	379
1627	727	308	344
1646	741	289	322
1625	770	296	300
1698	699	244	354
1686	721	226	364
1645	741	276	338
1641	798	275	289
1705	744	246	314
1677	743	236	326
1738	740	191	328
1716	750	189	335
1704	779	209	290
1753	732	164	260
1758	760	138	306
1759	755	146	312
1760	732	147	343
1759	736	152	335
1763	738	146	327
1765	721	150	360
1775	724	143	355
1766	710	151	366
1765	704	152	373
1770	716	147	352
1766	712	152	361
1773	706	145	369
1773	702	141	370
1763	692	155	388
1762	693	158	377
1763	697	158	371
1749	717	170	356
1773	724	148	353
1752	682	166	396
1763	689	157	378
1766	690	156	386
1760	682	158	391
1767	687	150	378
1767	696	153	382
1764	673	153	400
1758	688	164	396
1767	682	155	395
1757	690	167	388
1779	692	143	379
1778	692	139	376
1775	682	139	395
1786	691	137	399
1785	692	138	376
1775	694	144	383
1773	704	146	376
1783	691	132	387
1793	707	126	375
1787	701	134	376
1786	699	136	382
1793	711	132	371
1786	723	136	354
1800	722	120	358
1794	723	126	362
1814	725	103	364
1817	734	101	340
1823	736	94	344
1808	743	110	335
1808	746	106	330
1822	748	96	333
1812	795	110	289
1828	795	92	282
1834	776	83	298
1837	764	83	313
1837	776	80	301
1844	779	67	282
1848	813	69	268
1851	805	66	275
1854	792	61	285
1861	803	57	274
1862	798	54	279
1860	793	60	286
1857	799	60	271
1857	799	60	271
1857	799	60	271
1857	799	60	271
1857	799	60	271
1857	799	60	271
1857	799	60	271
1857	799	60	271
1714	701	64	263
1711	716	79	233
1711	716	79	233
1711	716	79	233
1711	716	79	233
1711	716	79	233
1711	716	79	233
1711	716	79	233
1711	716	79	233
1711	716	79	233
1711	716	79	233
1806	765	62	206
1814	793	60	196
1818	797	59	178
1836	804	65	172
1827	845	81	156
1832	831	79	126
1835	869	77	110
1845	865	73	91
1851	874	61	78
1859	874	54	77
1860	876	55	78
1860	877	56	73
1865	874	52	80
1870	875	40	78
1875	871	30	80
1878	871	27	75
1876	868	30	78
1875	868	28	76
1880	865	37	72
1868	865	36	77
1874	866	28	76
1872	864	30	75
1872	862	27	76
1873	860	27	75
1871	858	26	74
1869	856	25	70
1868	855	26	73
1866	851	26	76
1864	851	25	75
1858	851	33	77
1856	847	31	78
1857	847	27	76
1855	847	29	74
1852	845	28	76
1852	843	28	76
1850	844	28	76
1848	843	28	76
1848	845	27	72
1845	844	27	72
1843	844	28	71
1840	841	28	74
1839	841	27	72
1838	840	29	72
1838	841	26	70
1835	842	27	68
1834	839	27	70
1831	839	30	72
1831	839	28	71
1831	840	26	69
1828	838	27	71
1827	835	29	76
1827	835	30	74
1825	832	29	75
1823	832	32	74
1824	833	30	75
1822	831	31	75
1820	830	34	75
1820	829	37	77
1822	830	31	75
1818	829	33	73
1824	828	29	73
1823	828	31	74
1825	828	30	73
1828	827	29	73
1828	826	30	76
1831	827	31	73
1833	827	32	71
1838	826	36	74
1844	828	32	74
1848	828	31	74
1859	828	25	76
1861	829	27	74
1868	831	27	73
1873	832	30	73
1876	834	30	73
1882	834	34	76
1887	837	33	76
1886	836	33	75
1890	842	30	73
1886	839	33	76
1885	838	32	78
1885	838	32	78
1885	838	32	78
1885	838	32	78
1885	838	32	78
1885	838	32	78
1885	838	32	78
1885	838	32	78
1885	838	32	78
1885	838	32	78
1885	838	32	78
1885	838	32	78
1885	838	32	78
1885	838	32	78
1885	838	32	78
1885	838	32	78
1885	838	32	78
1885	838	32	78
1885	838	32	78
1885	838	32	78
1885	838	32	78
1885	838	32	78
1885	838	32	78
1885	838	32	78
1885	838	32	78
1884	834	34	78
1884	834	34	78
1773	867	42	63
1763	886	53	50
1763	886	53	50
1763	886	53	50
1763	886	53	50
1763	886	53	50
1763	886	53	50
1763	886	53	50
1763	886	53	50
1763	886	53	50
1763	886	53	50
1762	926	59	46
1762	926	59	46
1762	926	59	46
1762	926	59	46
1762	926	59	46
1762	926	59	46
1762	926	59	46
1762	926	59	46
1771	946	72	44
1771	946	72	44
1771	946	72	44
1772	954	85	45
1768	954	88	48
1763	956	93	47
1763	956	93	47
1759	960	94	47
1755	962	96	47
1747	965	99	44
1835	920	103	53
1742	969	97	44
1742	969	97	44
1742	969	97	44
1737	970	88	47
1737	970	88	47
1721	974	96	43
1721	974	96	43
1710	975	94	46
1697	975	102	47
1697	975	102	47
1683	979	102	45
1683	979	102	45
1676	981	101	46
1676	981	101	46
1676	981	101	46
1654	990	114	44
1654	990	114	44
1654	990	114	44
1654	990	114	44
1654	990	114	44
1654	990	114	44
1654	990	114	44
1654	990	114	44
1654	990	114	44
1654	990	114	44
1654	990	114	44
1654	990	114	44
1654	990	114	44
1654	990	114	44
1654	990	114	44
1619	1032	130	44
1619	1032	130	44
1619	1032	130	44
1619	1032	130	44
1619	1032	130	44
1619	1032	130	44
1619	1032	130	44
1619	1032	130	44
1619	1032	130	44
1619	1032	130	44
1619	1032	130	44
1619	1032	130	44
1619	1032	130	44
1619	1032	130	44
1619	1032	130	44
1619	1032	130	44
1619	1032	130	44
1619	1032	130	44
1619	1032	130	44
1619	1032	130	44
1619	1032	130	44
1619	1032	130	44
1619	1032	130	44
1619	1032	130	44
1619	1032	130	44
1619	1032	130	44
1619	1032	130	44
1619	1032	130	44
1619	1032	130	44
1619	1032	130	44
1619	1032	130	44
1619	1032	130	44
1619	1032	130	44
1619	1032	130	44
1619	1032	130	44
1619	1032	130	44
1619	1032	130	44
1619	1032	130	44
1619	1032	130	44
1619	1032	130	44
1619	1032	130	44
1619	1032	130	44
1619	1032	130	44
1619	1032	130	44
1619	1032	130	44
1619	1032	130	44
1619	1032	130	44
1619	1032	130	44
1619	1032	130	44
1653	1029	116	49
1653	1029	116	49
1653	1029	116	49
1636	1022	117	52
1640	1019	102	55
1642	1013	93	63
1639	1006	87	73
1634	1001	91	76
1624	995	92	79
1620	989	84	85
1616	980	80	93
1609	975	73	88
1607	970	60	85
1603	964	55	85
1594	954	59	91
1588	949	59	86
1583	945	51	80
1576	935	49	82
1569	928	43	81
1562	921	42	81
1555	914	42	78
1545	899	45	84
1541	892	43	82
1533	880	44	83
1525	868	43	81
1518	856	42	83
1511	840	42	83
1503	828	42	81
1499	817	38	81
1490	803	42	81
1485	791	41	80
1479	777	42	84
1468	765	43	82
1460	751	44	82
1453	740	51	81
1448	727	44	83
1442	716	42	80
1436	704	48	82
1424	694	48	81
1423	682	43	79
1418	673	38	79
1410	659	39	78
1403	649	44	79
1394	640	47	78
1386	627	46	80
1385	618	45	76
1373	605	44	80
1365	592	46	81
1361	583	44	83
1356	572	43	82
1349	565	45	78
1344	556	43	81
1337	545	44	77
1332	536	42	76
1326	526	43	78
1319	519	44	73
1318	510	40	73
1309	499	43	73
1307	493	42	71
1296	483	42	72
1290	475	41	69
1289	465	41	69
1282	453	40	73
1278	447	36	74
1274	440	34	70
1269	432	35	70
1261	424	38	68
1256	415	38	65
1255	407	34	67
1252	401	32	66
1247	393	30	67
1243	386	29	65
1236	379	32	66
1232	371	33	71
1225	354	35	75
1219	350	36	78
1216	346	34	79
1208	347	41	70
1207	345	35	71
1204	347	32	64
1201	348	30	61
1197	343	36	62
1194	341	31	58
1189	340	31	56
1186	335	34	64
1179	333	35	63
1179	334	29	57
1175	331	28	57
1170	328	33	55
1167	327	32	51
1163	327	33	47
1160	325	33	49
1158	323	31	50
1156	322	31	49
1152	320	34	48
1151	319	31	49
1147	318	32	48
1149	317	27	51
1146	317	27	49
1145	317	26	49
1143	317	25	48
1140	317	28	47
1137	316	30	43
1136	315	28	47
1132	315	29	44
1130	315	29	44
1129	312	28	48
1125	313	30	52
1122	314	32	45
1121	315	31	43
1120	316	31	41
1120	317	28	42
1119	316	28	46
1119	318	27	43
1115	319	28	39
1118	320	26	42
1114	319	27	45
1113	318	30	49
1115	320	28	48
1115	321	28	44
1115	321	26	54
1116	323	24	48
1117	325	24	45
1113	326	28	44
1113	325	28	42
1111	325	30	43
1115	323	26	47
1112	325	31	42
1115	324	25	47
1114	325	28	40
1113	326	29	41
1111	324	30	42
1112	323	29	42
1112	321	30	45
1111	321	32	43
1114	323	28	41
1115	321	26	45
1113	321	29	43
1114	320	26	50
1113	320	29	47
1115	319	26	44
1111	319	31	45
1113	319	29	43
1114	318	28	43
1112	319	29	41
1111	317	31	41
1111	318	31	40
1113	318	29	41
1115	319	26	44
1116	316	27	49
1113	318	26	46
1113	316	27	40
1112	315	27	42
1113	313	28	41
1113	310	27	45
1114	305	27	45
1112	302	29	47
1111	300	30	39
1113	295	29	43
1113	292	30	43
1112	288	31	44
1113	286	29	40
1113	279	29	45
1111	275	33	45
1112	271	32	42
1114	269	30	41
1114	264	29	44
1115	262	28	41
1112	256	31	46
1116	256	29	43
1113	255	33	43
1114	254	32	44
1112	252	34	44
1113	251	30	42
1116	249	27	46
1114	248	28	51
1113	247	29	55
1106	243	35	58
1118	247	40	53
1112	246	37	47
1111	246	38	47
1115	248	35	43
1116	246	31	44
1119	245	26	50
1117	246	30	46
1116	244	31	44
1113	241	33	47
1116	241	29	47
1119	240	26	46
1118	239	27	44
1115	238	30	44
1115	238	30	43
1115	236	30	40
1115	235	30	43
1115	234	29	43
1115	233	30	42
1115	230	30	49
1119	230	26	44
1119	230	26	46
1118	227	28	51
1117	227	29	46
1116	225	31	46
1117	224	30	47
1116	224	30	47
1116	223	33	46
1118	224	30	44
1116	223	31	44
1116	223	33	46
1116	224	33	41
1113	224	36	40
1115	223	37	43
1110	223	44	40
1120	223	49	42
1114	222	50	41
1125	222	40	44
1139	222	34	46
1150	224	27	42
1159	224	26	43
1164	224	30	42
1170	224	36	40
1176	224	39	41
1183	225	47	40
1191	226	47	38
1199	224	48	42
1208	226	51	39
1218	225	49	41
1227	228	52	38
1237	229	55	37
1250	227	49	40
1255	230	56	37
1273	229	56	39
1283	230	51	39
1292	230	51	38
1303	232	49	37
1313	231	46	38
1322	232	51	37
1334	230	49	39
1342	234	51	36
1354	232	48	38
1363	231	51	39
1374	233	48	36
1382	232	50	38
1394	234	49	36
1403	235	51	36
1413	233	59	37
1423	234	55	37
1433	234	49	37
1443	234	50	36
1455	236	49	35
1461	236	53	36
1472	237	56	35
1480	237	57	35
1491	237	54	36
1504	236	52	35
1512	237	52	35
1522	237	50	35
1535	237	55	34
1542	238	53	34
1552	237	49	34
1561	238	55	33
1567	238	58	34
1581	236	52	36
1594	238	49	34
1605	239	47	32
1614	233	49	38
1624	236	49	35
1633	238	50	35
1642	238	51	33
1654	236	52	32
1665	237	51	32
1673	237	53	33
1685	237	50	33
1696	237	48	34
1702	236	54	32
1713	236	51	32
1723	237	53	33
1734	236	50	33
1744	237	49	33
1751	237	57	32
1762	237	56	32
1771	237	51	32
1782	233	51	36
1793	223	57	45
1802	221	51	48
1817	219	49	49
1816	233	54	45
1829	235	62	33
1838	234	59	34
1851	235	51	33
1862	232	54	36
1873	236	46	32
1881	236	38	32
1887	235	44	32
1870	236	48	35
1874	234	44	41
1874	238	45	44
1877	236	42	46
1881	235	38	50
1882	234	36	51
1883	227	34	62
1879	230	37	52
1878	231	39	51
1873	230	43	57
1873	230	43	57
1866	230	38	59
1866	230	38	59
1894	203	26	62
1895	216	23	54
1894	215	24	52
1886	220	34	43
1883	230	35	35
1878	229	39	34
1874	224	44	38
1872	220	46	44
1870	222	45	42
1865	224	52	40
1864	228	47	36
1860	231	43	33
1859	232	43	34
1861	231	48	31
1853	238	44	28
1856	237	40	30
1857	234	40	32
1854	239	46	27
1852	239	43	29
1852	238	44	29
1852	237	44	28
1852	239	41	30
1853	239	39	29
1853	238	46	29
1849	240	43	32
1849	242	44	29
1850	241	43	28
1850	244	40	28
1849	245	42	27
1849	240	44	32
1850	239	48	34
1850	240	43	33
1851	241	39	31
1850	244	40	30
1853	238	36	35
1855	238	30	35
1855	238	33	35
1853	240	37	33
1851	242	41	31
1849	244	39	28
1850	246	37	26
1850	243	38	30
1849	242	41	30
1849	237	42	36
1850	240	39	32
1852	243	36	27
1853	239	30	31
1852	240	33	30
1852	241	34	29
1851	240	36	29
1851	240	36	30
1850	239	38	29
1848	240	41	29
1846	241	43	29
1847	241	42	28
1849	240	38	29
1849	237	39	31
1849	240	40	28
1848	240	42	27
1846	240	43	29
1847	239	41	29
1850	239	37	29
1849	238	38	30
1848	239	38	29
1849	238	38	30
1849	239	37	28
1847	238	39	30
1845	236	42	31
1840	237	45	28
1835	239	41	28
1827	239	43	28
1821	240	42	27
1813	239	44	28
1810	239	39	26
1806	239	34	27
1801	239	37	28
1798	239	37	28
1797	240	42	27
1796	240	36	27
1797	240	35	27
