424	500	125	121
420	501	127	118
411	502	127	117
405	492	128	127
402	493	128	128
398	502	127	118
392	502	128	121
386	499	126	122
379	508	133	121
374	506	128	123
369	504	131	123
366	509	124	124
357	506	129	126
350	509	133	128
343	514	134	118
344	511	122	122
331	513	135	128
327	508	131	135
323	512	131	132
316	515	130	130
305	513	138	137
299	518	137	137
294	517	134	142
281	522	142	131
283	521	135	138
270	520	131	144
264	528	141	138
253	528	146	135
254	533	128	131
246	536	140	140
235	539	139	132
229	537	142	140
221	539	150	165
212	539	146	157
212	542	140	168
207	547	140	146
193	544	149	166
190	543	147	160
178	549	156	148
168	553	156	147
164	553	157	170
156	551	152	160
150	552	154	152
140	548	157	159
135	550	155	158
132	550	155	167
122	548	153	165
111	549	161	177
109	547	160	172
114	545	148	181
95	539	159	200
94	541	149	180
84	539	157	193
91	538	135	158
73	535	142	168
69	540	151	167
55	540	153	153
40	543	166	153
35	541	163	157
44	538	152	153
30	539	157	150
37	540	143	146
14	538	151	146
12	537	148	155
1	540	149	140
-2	542	135	147
-9	556	134	134
-31	555	130	140
-28	578	117	132
-19	602	96	117
37	810	113	113
37	810	113	113
37	810	113	113
56	875	127	113
56	875	127	113
56	875	127	113
56	875	127	113
46	816	132	115
46	816	132	115
46	816	132	115
46	816	132	115
46	816	132	115
46	816	132	115
46	816	132	115
46	816	132	115
46	816	132	115
46	816	132	115
46	816	132	115
46	816	132	115
46	816	132	115
46	816	132	115
46	816	132	115
46	816	132	115
46	816	132	115
46	816	132	115
2	567	137	133
28	557	144	131
74	556	140	132
123	538	124	139
159	542	121	125
197	530	125	134
229	535	131	143
270	533	131	149
316	515	108	147
354	522	110	144
412	514	90	133
435	517	92	120
463	514	96	113
492	510	92	118
517	511	88	118
543	509	93	119
549	507	104	131
567	506	103	124
571	503	114	117
589	505	99	102
598	494	82	98
617	498	72	88
604	482	90	97
617	493	98	108
621	487	103	127
617	472	110	147
627	455	105	168
629	440	104	181
622	463	113	190
631	439	114	212
621	430	134	237
607	410	162	271
609	401	171	274
625	403	160	263
636	400	154	263
642	409	145	226
649	405	145	237
647	414	142	255
656	402	140	267
657	403	144	260
631	419	118	243
638	442	126	221
643	449	99	198
645	470	101	171
635	458	101	141
637	476	96	115
643	475	87	118
644	475	76	112
653	477	72	104
650	475	70	110
652	477	66	103
654	472	72	110
653	473	74	102
657	471	74	104
662	466	70	112
655	471	81	106
665	472	77	107
670	464	74	115
669	468	75	107
669	470	74	105
671	471	73	103
675	469	62	104
675	472	67	102
672	463	63	105
673	465	63	110
665	461	69	109
651	462	86	106
641	466	99	106
642	466	96	102
647	462	87	106
648	464	80	103
646	459	85	108
646	458	82	108
641	460	79	107
637	462	80	109
639	464	78	103
634	462	74	104
632	467	76	100
627	468	83	98
625	468	78	101
619	468	81	101
620	463	72	107
622	466	71	106
622	466	71	106
611	468	84	109
604	468	90	107
601	476	88	101
606	475	85	105
596	475	92	105
599	472	91	106
597	474	102	106
590	470	104	116
575	473	115	107
569	473	122	106
569	473	120	110
554	459	135	117
513	454	135	117
517	453	127	121
520	452	122	119
514	462	130	113
517	456	119	119
522	458	104	119
529	454	89	120
516	449	92	126
512	445	97	135
516	448	92	134
513	441	87	139
507	456	106	124
506	469	103	111
505	458	87	120
496	451	90	132
500	436	72	147
499	429	74	156
495	443	73	143
483	451	76	124
487	455	70	131
471	459	83	130
460	459	90	131
465	459	82	123
450	467	93	109
455	467	78	101
450	466	72	113
442	467	76	99
447	468	70	95
431	471	82	107
419	469	90	94
426	469	80	97
416	467	86	98
413	466	85	106
416	468	77	107
416	468	63	101
405	463	68	110
405	468	68	108
389	469	75	103
375	465	75	109
370	464	75	111
362	456	89	118
356	474	85	111
350	469	83	113
360	470	59	116
350	468	67	114
334	474	78	104
333	466	75	106
334	456	76	116
321	472	91	110
314	470	90	119
307	464	88	116
296	485	85	93
293	480	79	106
276	481	88	107
269	479	84	110
270	484	87	107
262	483	100	106
253	484	107	101
249	481	107	105
245	485	101	100
242	486	101	99
238	485	101	96
225	487	109	96
220	480	107	103
224	479	99	104
229	482	94	101
225	475	103	111
232	478	107	100
244	476	106	101
254	471	102	100
261	470	108	100
285	469	88	94
297	468	85	93
303	465	85	92
316	466	76	85
318	464	78	88
320	464	81	91
321	462	96	88
324	460	77	92
323	462	96	93
324	463	90	88
320	460	92	91
314	458	94	95
311	461	99	96
308	458	101	95
301	461	100	87
296	461	102	91
291	459	105	92
283	464	106	93
279	463	114	96
278	466	114	95
271	462	104	98
267	464	106	95
266	464	105	96
258	466	108	94
253	473	110	90
258	472	99	91
248	474	105	89
246	471	103	92
241	476	104	89
244	471	102	94
236	474	111	92
243	471	107	93
246	462	102	101
264	475	96	93
262	477	105	84
267	474	106	86
291	470	96	90
301	470	97	87
314	469	95	86
324	469	97	88
334	470	97	83
339	466	103	88
346	470	101	84
345	473	107	84
347	464	104	92
347	473	106	85
347	471	105	85
350	461	97	95
348	470	99	86
338	471	107	87
331	470	110	85
333	467	105	90
327	465	113	92
327	469	112	88
344	467	102	88
345	468	102	90
362	464	100	91
389	462	91	96
403	464	79	90
424	461	86	92
437	452	96	95
449	454	95	93
469	459	95	89
481	463	93	88
492	470	80	77
499	457	79	89
499	452	97	94
500	457	95	92
496	461	92	88
492	456	98	92
493	461	92	87
493	454	87	94
494	461	88	84
503	463	80	87
504	459	65	82
502	457	55	72
500	464	64	80
496	462	73	80
496	459	73	92
473	447	86	106
463	445	100	109
450	460	108	97
447	451	111	106
455	453	104	103
437	449	109	108
434	470	95	92
437	464	94	93
428	467	109	93
426	465	101	96
423	465	98	96
417	457	94	104
415	456	99	108
412	464	99	98
409	463	101	102
413	463	93	104
403	468	104	95
413	469	83	97
411	472	86	94
401	468	93	100
392	473	96	94
398	473	94	96
391	467	88	102
392	468	80	93
387	465	79	105
388	469	78	106
384	470	86	104
379	471	84	96
381	471	67	89
383	469	66	90
384	468	65	94
376	460	64	100
374	454	67	119
372	462	69	107
367	460	67	105
368	470	66	93
364	481	69	83
365	480	61	81
366	471	63	94
365	474	64	98
361	483	68	87
364	485	58	88
365	480	59	90
367	477	47	92
368	470	48	96
367	477	51	87
365	477	57	87
365	468	55	97
366	455	63	110
367	464	54	101
367	461	58	102
369	458	57	106
368	450	54	116
370	465	49	106
370	462	55	98
375	462	53	97
377	457	53	102
379	482	50	96
380	468	55	103
387	477	48	100
388	479	50	101
392	488	48	92
407	492	46	82
415	491	51	73
423	511	63	74
429	494	58	77
432	497	56	86
440	503	64	84
447	514	60	76
458	507	60	82
469	508	62	79
471	519	72	74
477	522	71	74
476	525	79	78
485	515	67	85
483	485	69	91
496	526	59	79
504	529	53	78
505	523	59	85
506	511	71	95
513	508	79	104
509	523	86	93
521	513	80	101
525	535	84	92
527	555	72	96
533	532	76	97
536	518	67	103
543	548	80	88
548	554	98	78
552	552	99	77
555	541	97	93
563	565	103	76
579	573	92	64
579	573	92	64
583	573	85	57
583	573	85	57
602	584	88	69
602	584	88	69
578	559	101	89
602	594	106	72
611	589	106	70
614	606	101	59
630	595	95	70
641	597	87	79
607	577	93	94
641	601	99	77
640	602	109	77
636	598	102	78
642	607	111	79
649	606	104	89
658	618	108	77
654	618	115	76
678	633	105	68
686	638	96	63
701	632	90	72
708	641	87	70
705	631	86	80
732	647	76	71
726	636	86	81
726	642	90	81
724	628	84	95
735	639	88	91
745	643	88	89
753	651	88	82
748	640	91	95
753	645	93	91
754	661	97	78
770	661	83	84
768	666	92	83
777	660	91	97
787	661	80	98
787	666	89	93
786	664	99	104
790	673	106	96
802	670	102	99
795	673	117	100
811	676	105	102
814	678	108	99
822	677	103	103
837	678	92	101
840	683	89	102
833	685	105	101
844	688	101	101
841	687	104	101
843	683	108	105
849	685	101	104
847	686	114	103
855	688	102	103
854	686	108	103
857	690	101	98
857	688	108	99
855	690	118	103
866	691	102	100
865	689	112	102
872	686	109	106
871	690	114	108
882	689	99	105
881	691	102	105
880	692	102	110
877	693	104	109
880	694	97	110
867	697	104	107
855	696	109	114
846	698	105	107
837	705	102	105
814	706	107	106
793	708	117	107
780	709	108	107
765	710	103	109
745	713	104	113
723	716	102	107
706	716	102	118
689	719	105	122
666	725	110	111
654	729	107	114
641	733	106	116
629	736	116	122
626	734	111	116
621	742	114	119
614	744	122	116
615	746	117	114
617	748	116	121
619	751	115	114
621	752	121	120
627	749	113	120
632	751	110	126
638	754	111	125
642	753	111	125
641	755	116	128
644	758	124	125
648	763	121	124
656	761	118	122
661	762	120	128
664	766	124	127
667	765	120	123
671	768	126	125
680	769	125	127
679	771	130	128
696	773	115	130
699	772	115	125
703	774	119	134
700	778	129	127
706	779	124	133
696	782	144	134
689	781	148	139
696	782	141	133
697	787	149	133
689	789	165	147
697	791	145	129
701	793	151	137
696	794	166	143
697	793	166	140
699	798	165	135
702	803	165	137
700	801	169	138
710	806	157	137
716	805	153	133
717	806	156	133
719	809	151	135
725	809	150	138
727	810	148	136
733	812	146	138
736	813	140	136
743	816	139	139
741	816	141	140
737	821	152	136
748	822	141	141
751	823	139	134
756	824	136	140
755	824	136	143
754	826	136	141
759	826	127	135
759	827	129	138
759	829	119	134
767	831	116	134
767	832	116	126
769	831	114	138
770	829	123	144
768	834	116	136
767	833	124	144
770	833	111	145
768	834	120	143
769	836	119	143
767	836	127	138
766	835	123	137
765	834	123	139
755	833	127	142
749	832	135	149
757	832	118	147
752	831	133	148
748	836	134	141
749	821	140	154
745	834	148	145
746	820	140	157
743	834	143	150
739	851	162	129
742	847	160	139
743	844	152	142
747	831	157	151
752	817	143	164
749	804	137	177
755	817	141	164
748	794	164	189
751	774	136	194
760	765	124	199
762	802	146	197
762	802	146	197
762	802	146	197
776	791	156	182
776	791	156	182
752	776	183	193
752	776	183	193
752	785	199	179
770	790	187	181
779	791	181	168
771	794	161	173
776	801	128	175
772	801	106	169
775	817	94	161
779	827	95	146
767	847	121	129
750	829	131	133
728	832	149	144
719	828	155	161
709	860	182	153
698	831	204	153
662	812	225	174
662	812	225	174
953	549	196	188
664	825	217	196
615	809	256	192
580	800	291	228
573	801	294	248
575	806	297	195
555	805	316	212
559	803	313	233
553	805	326	201
550	799	323	192
552	808	320	206
599	806	271	224
642	805	223	217
643	818	224	211
659	825	203	193
652	833	222	205
655	842	223	197
672	845	204	169
707	844	185	166
712	852	176	149
734	853	165	140
739	845	169	156
736	845	182	190
756	838	169	189
763	840	171	182
770	842	169	167
782	845	173	164
788	845	169	152
781	848	193	179
776	845	205	200
802	843	188	182
810	846	187	181
838	849	164	177
843	844	168	179
849	846	173	163
858	846	176	150
867	848	173	168
872	850	180	163
872	846	192	198
884	847	180	210
893	848	184	212
913	845	173	203
909	842	194	207
921	844	185	213
928	843	183	216
940	840	184	226
949	835	183	232
957	832	183	230
970	831	178	223
982	830	179	226
990	832	183	210
997	823	186	215
1005	820	187	209
1014	820	188	205
1026	815	185	222
1036	813	184	210
1049	810	183	209
1053	810	191	204
1064	807	186	215
1073	799	189	208
1087	795	182	203
1098	796	185	200
1104	793	188	210
1120	789	187	213
1129	786	182	200
1132	781	199	200
1148	775	195	198
1162	776	195	202
1167	771	198	211
1180	768	204	213
1189	763	201	216
1199	764	202	210
1210	755	213	231
1217	751	215	220
1231	748	211	215
1245	738	209	264
1250	740	206	211
1266	731	199	204
1276	730	196	195
1286	723	195	195
1298	714	194	206
1306	701	201	211
1311	700	225	203
1327	699	239	218
1326	694	235	202
1339	691	230	200
1354	681	211	200
1365	679	208	203
1370	681	207	188
1380	673	199	191
1388	679	206	182
1390	669	212	185
1396	666	223	201
1386	664	234	181
1403	669	245	189
1403	664	240	203
1383	669	258	182
1340	675	254	225
1335	664	260	245
1336	665	248	249
1270	672	248	269
1272	671	225	277
1272	672	215	284
1276	667	200	285
1314	664	148	262
1315	657	124	255
1317	668	100	254
1317	665	79	252
1288	645	98	250
1249	668	110	251
1202	663	137	260
1197	659	125	262
1183	654	134	264
1138	656	151	268
1115	651	142	263
1082	653	154	264
1060	654	132	255
1030	645	134	267
1000	648	142	260
970	648	149	275
943	641	143	275
912	637	147	290
879	637	147	298
858	641	110	282
824	644	120	286
792	641	112	293
756	640	115	304
728	644	118	296
697	650	110	291
662	648	111	295
628	654	119	313
598	653	122	321
571	658	121	323
538	657	129	312
518	663	122	316
508	662	127	299
471	668	141	273
446	667	148	296
440	665	125	278
416	664	110	281
400	670	99	273
384	665	95	286
365	665	92	286
345	669	100	284
329	673	101	293
308	674	106	299
281	677	120	284
269	682	115	256
248	684	123	251
228	685	128	245
209	682	125	243
185	684	137	248
177	681	119	243
162	679	108	248
144	678	103	247
119	675	106	250
99	674	101	238
90	676	83	224
68	678	91	227
43	675	95	226
20	675	106	231
3	673	108	238
0	683	95	225
-2	683	85	220
191	758	113	220
191	758	113	220
191	758	113	220
191	758	113	220
191	758	113	220
191	758	113	220
191	758	113	220
191	758	113	220
191	758	113	220
191	758	113	220
191	758	113	220
191	758	113	220
191	758	113	220
191	758	113	220
191	758	113	220
191	758	113	220
191	758	113	220
191	758	113	220
191	758	113	220
191	758	113	220
191	758	113	220
191	758	113	220
191	758	113	220
191	758	113	220
191	758	113	220
191	758	113	220
191	758	113	220
191	758	113	220
191	758	113	220
191	758	113	220
191	758	113	220
191	758	113	220
528	785	125	217
531	798	84	234
518	789	87	256
505	777	92	258
497	772	88	243
478	790	89	219
478	799	83	213
478	799	83	213
451	765	76	178
443	797	75	155
438	783	79	143
420	803	92	135
420	819	83	152
420	819	83	152
419	782	70	159
415	764	65	150
414	776	66	166
408	757	69	182
405	770	77	187
401	751	76	201
394	744	79	204
388	746	85	217
386	736	91	236
391	731	87	232
395	726	81	227
396	731	75	227
399	733	75	219
398	730	82	230
403	724	74	247
401	722	76	244
395	719	88	240
392	713	97	244
395	708	96	260
399	720	86	250
400	719	84	243
407	727	80	250
407	715	80	270
395	704	90	267
399	710	91	253
386	706	100	247
394	711	99	244
403	718	84	255
399	709	86	242
395	715	84	247
389	716	86	250
378	719	89	235
369	724	94	242
352	729	81	239
326	727	85	253
300	739	92	239
282	735	95	250
253	737	92	262
226	742	93	258
196	749	99	272
170	767	101	273
144	759	99	293
113	753	101	324
88	770	99	307
28	792	128	281
28	792	128	281
28	792	128	281
28	792	128	281
28	792	128	281
253	526	134	289
213	503	155	293
213	503	155	293
213	503	155	293
213	503	155	293
213	503	155	293
213	503	155	293
213	503	155	293
213	503	155	293
213	503	155	293
213	503	155	293
213	503	155	293
213	503	155	293
213	503	155	293
213	503	155	293
213	503	155	293
213	503	155	293
213	503	155	293
213	503	155	293
213	503	155	293
213	503	155	293
213	503	155	293
213	503	155	293
213	503	155	293
213	503	155	293
213	503	155	293
213	503	155	293
213	503	155	293
689	818	160	254
671	831	205	233
