1659	454	258	267
1645	454	246	282
1623	462	256	270
1609	455	254	283
1599	444	249	304
1580	437	256	307
1564	456	258	287
1546	448	259	298
1527	463	255	276
1504	456	260	298
1493	441	262	307
1470	461	273	287
1448	448	283	301
1438	446	276	303
1423	450	271	301
1412	453	263	286
1394	478	264	253
1380	467	258	262
1364	461	253	270
1349	465	259	278
1329	456	269	301
1302	447	288	325
1301	454	265	286
1277	439	289	340
1274	455	281	309
1253	471	294	293
1249	462	278	279
1244	459	265	280
1227	469	270	271
1208	465	283	280
1194	461	282	287
1187	454	264	278
1173	459	264	286
1170	452	262	297
1155	450	273	297
1133	451	288	306
1134	447	275	287
1136	453	249	278
1131	448	253	288
1118	442	250	291
1103	443	268	305
1096	452	262	302
1071	437	285	319
1060	448	280	304
1043	444	304	311
1044	440	277	306
1026	464	262	294
1016	457	268	291
1006	451	262	305
986	451	267	296
965	440	283	306
956	457	278	289
947	463	262	276
942	453	258	297
912	452	269	302
908	455	262	291
902	468	227	279
880	454	255	291
868	446	250	301
829	435	280	315
807	439	278	315
787	427	286	319
776	435	286	317
758	458	288	288
748	453	287	292
734	451	281	291
726	446	277	301
713	453	288	282
693	449	296	289
681	444	300	291
656	428	317	304
631	429	297	316
630	407	258	331
609	432	287	315
585	449	308	293
589	426	265	315
556	450	315	292
552	440	275	300
531	459	296	285
519	462	283	287
508	454	291	287
492	448	299	303
480	441	303	308
458	437	315	324
455	436	277	311
442	430	293	324
432	435	283	314
412	437	303	314
408	447	264	299
401	447	286	304
386	450	286	300
378	453	272	296
375	456	294	297
356	460	313	294
353	454	312	307
340	466	297	292
343	467	294	298
327	452	309	312
324	471	303	299
310	458	311	316
300	445	309	323
276	470	320	299
265	468	326	298
246	445	336	320
226	453	333	321
214	439	339	329
194	447	344	333
196	440	316	331
174	474	320	300
146	438	340	333
143	439	328	328
115	456	341	316
91	428	352	348
70	432	350	343
53	424	355	356
45	419	348	371
13	438	374	346
4	418	365	369
0	443	342	343
4	447	328	336
-2	444	335	349
0	429	335	360
9	434	331	354
13	425	334	360
31	436	343	339
66	399	316	377
108	399	312	368
160	351	296	401
196	335	272	418
258	335	255	407
308	345	253	386
342	349	256	378
403	365	253	358
442	391	250	325
499	402	230	304
542	416	226	277
588	416	213	276
636	411	211	282
685	415	209	274
721	407	216	283
767	417	209	264
800	432	211	242
845	422	204	249
881	413	206	261
901	413	218	263
929	406	212	267
952	416	202	263
967	415	209	256
969	412	217	260
974	410	216	262
973	411	222	254
979	411	215	254
978	403	205	259
984	404	193	248
981	391	196	269
976	389	195	268
975	388	187	265
967	389	195	258
970	382	179	264
959	390	195	259
957	382	187	267
958	378	177	263
951	383	180	256
942	393	189	246
944	373	178	267
948	359	166	277
941	372	167	256
937	372	170	254
932	386	170	234
934	366	165	257
927	357	172	266
919	342	173	277
908	351	184	265
916	348	168	267
917	346	163	269
905	348	177	266
903	338	175	275
902	358	173	259
898	360	170	252
898	350	165	262
903	351	156	263
899	362	154	246
897	365	150	245
891	370	153	240
891	365	149	243
885	365	143	244
880	369	151	237
883	369	137	236
881	372	132	237
873	372	131	236
874	372	124	239
875	364	117	246
860	372	129	236
863	364	120	241
851	366	129	245
850	363	123	247
853	367	115	240
848	370	111	230
847	365	110	230
841	364	109	227
841	367	103	225
836	366	106	223
829	368	112	223
827	371	103	220
825	369	98	220
815	368	107	219
807	367	107	220
810	375	97	216
800	370	103	215
803	375	91	214
799	369	89	214
794	372	87	205
785	370	95	208
781	370	95	208
774	369	101	207
775	370	97	206
774	362	104	211
787	364	96	209
795	363	103	209
813	360	106	210
826	363	112	208
865	352	99	208
898	355	89	203
923	352	102	209
959	348	100	214
989	344	99	220
1017	336	103	226
1035	320	109	236
1053	310	103	258
1066	323	103	239
1078	316	96	251
1078	309	99	260
1078	315	99	248
1078	313	103	252
1076	319	103	243
1074	314	99	250
1070	315	104	249
1073	316	105	247
1064	320	120	242
1063	329	131	237
1072	323	134	233
1073	331	136	234
1084	333	141	230
1097	340	124	221
1127	338	110	227
1150	339	108	229
1166	333	105	234
1193	339	101	227
1205	346	108	222
1218	347	105	228
1231	345	99	223
1232	343	101	227
1236	343	99	230
1241	352	93	221
1239	367	92	213
1231	368	101	212
1232	362	99	218
1226	371	96	209
1218	364	100	222
1212	367	101	216
1209	363	98	227
1203	374	98	218
1199	379	93	216
1187	381	96	216
1181	384	100	215
1181	390	94	213
1176	397	93	209
1172	398	92	207
1168	401	91	207
1165	403	90	204
1160	406	89	206
1160	412	88	202
1158	413	85	200
1158	411	83	200
1155	413	82	203
1155	418	79	191
1152	421	83	198
1156	417	75	195
1157	423	73	189
1157	419	73	184
1157	423	71	180
1155	417	73	189
1156	419	72	186
1153	416	72	185
1150	419	76	182
1150	417	74	179
1148	417	77	176
1144	419	82	170
1152	417	70	165
1152	415	72	172
1148	413	76	169
1150	413	72	166
1153	414	69	161
1151	413	73	164
1150	411	71	162
1150	411	73	161
1147	408	74	164
1151	405	69	162
1150	407	72	160
1152	404	68	158
1150	403	72	159
1155	400	64	158
1159	401	63	151
1158	400	66	151
1159	395	64	153
1164	396	61	153
1166	395	60	150
1169	397	59	146
1172	397	58	142
1170	395	59	147
1172	393	58	144
1173	394	59	143
1178	391	58	143
1179	387	55	145
1179	388	57	144
1182	387	53	139
1179	386	55	145
1183	385	52	135
1184	383	49	136
1182	383	54	138
1183	386	50	127
1184	384	50	128
1185	384	50	132
1185	377	49	141
1184	380	50	133
1185	375	51	138
1183	377	51	132
1183	372	52	137
1183	364	52	140
1185	369	50	140
1186	366	50	138
1185	366	47	137
1185	369	49	132
1184	369	49	129
1186	370	45	128
1184	371	48	122
1185	364	49	128
1188	362	51	128
1192	369	51	121
1199	369	52	116
1215	361	47	118
1223	368	54	104
1243	359	51	114
1258	359	51	118
1274	364	48	117
1293	363	48	117
1303	363	50	116
1313	360	51	121
1321	358	51	119
1327	358	50	119
1334	361	48	113
1338	364	47	107
1342	365	44	104
1345	364	43	100
1347	362	45	105
1348	361	44	102
1349	361	44	101
1347	357	47	111
1349	358	45	99
1348	353	46	109
1349	350	46	114
1349	343	47	122
1344	332	55	129
1343	340	54	118
1344	339	54	122
1344	338	53	116
1345	338	50	116
1345	336	50	121
1343	334	53	122
1344	332	50	121
1344	332	50	119
1344	325	50	121
1342	336	43	112
1344	337	43	111
1344	337	43	111
1342	334	46	113
1342	323	49	121
1345	333	51	105
1341	317	58	115
1346	324	56	95
1348	334	49	100
1354	331	43	88
1353	322	52	92
1351	320	60	96
1354	326	59	86
1354	329	67	82
1353	321	60	94
1356	320	57	94
1360	319	52	99
1361	318	49	102
1362	319	52	95
1363	322	64	94
1363	319	57	95
1365	316	59	97
1367	325	54	87
1371	315	52	97
1369	312	57	102
1370	311	57	99
1368	314	61	92
1369	316	57	93
1378	311	55	93
1377	312	62	92
1379	312	64	90
1384	314	54	86
1388	313	50	85
1387	312	53	87
1393	310	49	85
1398	308	43	86
1394	310	48	85
1388	308	59	88
1401	306	58	90
1397	310	55	85
1396	309	62	85
1394	305	62	87
1410	304	67	79
1407	309	58	83
1404	306	61	86
1415	305	65	84
1418	309	53	82
1415	311	56	81
1421	309	48	83
1427	309	49	77
1424	307	58	78
1424	302	71	82
1431	301	87	77
1411	306	108	68
1422	304	103	64
1422	304	103	64
1395	318	110	67
1391	306	128	65
1391	306	128	65
1391	306	128	65
1391	306	128	65
1393	304	130	59
1373	305	144	77
1380	304	145	73
1380	304	145	73
1390	302	135	58
1390	302	135	58
1390	302	135	58
1390	302	135	58
1390	302	135	58
1390	302	135	58
1390	302	135	58
1390	302	135	58
1390	302	135	58
1390	302	135	58
1390	302	135	58
1390	302	135	58
1390	302	135	58
1390	302	135	58
1390	302	135	58
1390	302	135	58
1390	302	135	58
1390	302	135	58
1390	302	135	58
1390	302	135	58
1390	302	135	58
1390	302	135	58
1390	302	135	58
1390	302	135	58
1377	249	130	81
1377	249	130	81
1377	249	130	81
1377	249	130	81
1391	281	131	95
1391	281	131	95
1391	281	131	95
1391	281	131	95
1391	281	131	95
1391	281	131	95
1364	202	112	117
1364	202	112	117
1364	202	112	117
1364	202	112	117
1364	202	112	117
1364	202	112	117
1364	202	112	117
1364	202	112	117
1364	202	112	117
1364	202	112	117
1364	202	112	117
1364	202	112	117
1364	202	112	117
1374	320	126	107
1374	320	126	107
1374	320	126	107
1358	215	112	122
1372	215	93	126
1372	215	93	126
1372	215	93	126
1372	215	93	126
1372	215	93	126
1372	215	93	126
1379	213	81	146
1379	213	81	146
1386	201	76	142
1386	201	76	142
1386	201	76	142
1386	201	76	142
1386	201	76	142
1386	201	76	142
1386	201	76	142
1386	201	76	142
1386	201	76	142
1386	201	76	142
1386	201	76	142
1386	201	76	142
1386	201	76	142
1386	201	76	142
1386	201	76	142
1386	201	76	142
1386	201	76	142
1386	201	76	142
1386	201	76	142
1386	201	76	142
1386	201	76	142
1386	201	76	142
1386	201	76	142
1386	201	76	142
1386	201	76	142
1386	201	76	142
1386	201	76	142
1386	201	76	142
1386	201	76	142
1386	201	76	142
1386	201	76	142
1386	201	76	142
1386	201	76	142
1386	201	76	142
1386	201	76	142
1386	201	76	142
1386	201	76	142
1386	201	76	142
1386	201	76	142
1386	201	76	142
1386	201	76	142
1386	201	76	142
1386	201	76	142
1386	201	76	142
1386	201	76	142
1386	201	76	142
1386	201	76	142
1386	201	76	142
1526	424	98	149
1514	457	114	155
1506	447	115	169
1500	444	115	171
1493	441	117	172
1477	447	127	156
1487	441	115	156
1485	440	110	154
1479	445	112	144
1473	449	110	137
1466	445	115	139
1460	436	110	147
1462	438	105	143
1459	430	104	146
1448	426	107	147
1439	425	106	143
1425	434	118	131
1400	434	134	125
1404	422	124	138
1413	427	112	122
1418	424	98	116
1416	420	96	117
1411	421	93	115
1410	419	90	113
1407	413	85	117
1400	410	85	113
1394	412	86	107
1388	410	86	104
1388	409	80	107
1378	407	86	104
1369	407	92	102
1368	402	87	105
1366	393	86	114
1360	394	84	109
1354	392	86	111
1353	385	81	114
1352	387	77	110
1349	387	75	107
1342	391	75	101
1338	391	77	99
1332	389	76	100
1329	384	74	102
1326	383	77	100
1320	384	76	98
1321	381	74	100
1311	380	76	100
1308	378	73	102
1303	377	73	101
1303	372	67	103
1302	372	66	102
