212	288	1130	772
186	292	1178	782
202	284	1147	769
173	293	1163	774
182	321	1142	758
170	291	1176	760
190	261	1141	801
177	281	1160	792
156	295	1159	765
142	289	1176	783
154	316	1175	729
140	272	1208	795
152	311	1133	740
128	306	1186	777
84	311	1246	773
151	316	1163	731
131	282	1200	800
110	277	1233	782
94	294	1217	770
98	318	1188	766
136	323	1139	721
134	335	1156	731
106	302	1227	789
92	291	1197	764
106	325	1197	733
135	305	1149	768
94	314	1215	793
86	325	1195	740
87	357	1205	715
95	327	1205	702
79	309	1227	752
108	278	1226	798
93	290	1232	811
74	296	1233	740
45	332	1250	736
70	313	1232	755
91	324	1201	765
97	320	1215	750
129	314	1159	751
121	337	1155	727
92	340	1203	735
78	319	1242	759
37	294	1287	776
89	315	1220	758
89	289	1206	792
80	272	1225	813
137	303	1139	770
121	340	1169	736
121	333	1166	707
114	321	1153	756
106	306	1172	749
118	268	1146	805
126	326	1147	746
100	320	1175	751
133	306	1131	767
119	335	1153	750
114	297	1194	778
118	311	1166	762
141	334	1120	752
172	337	1082	734
164	343	1097	725
175	326	1086	724
170	347	1081	718
182	352	1070	714
169	330	1062	726
168	358	1086	714
189	332	1060	716
171	367	1091	710
159	369	1111	690
89	329	1172	732
131	335	1153	731
71	346	1215	730
107	370	1158	712
180	311	1052	766
180	342	1085	714
199	354	1033	698
187	370	1047	696
175	346	1070	695
149	367	1073	687
144	322	1095	736
149	337	1106	727
140	357	1094	707
140	339	1106	689
189	371	1059	723
153	356	1084	721
108	344	1153	705
115	338	1141	728
175	355	1067	682
129	354	1119	719
140	365	1104	672
203	354	992	713
184	374	1018	671
177	408	1053	656
204	338	974	723
189	400	1034	680
160	363	1041	707
161	380	1060	676
179	380	1037	673
167	375	1015	676
185	394	1026	664
180	412	990	661
167	371	1025	689
183	368	1016	667
217	367	951	704
208	342	963	710
152	361	1042	713
167	405	1007	658
157	422	1009	633
164	398	998	658
162	390	985	662
207	395	955	660
216	381	932	673
199	389	937	656
200	417	944	647
195	404	928	636
211	417	905	643
202	376	933	672
213	363	928	705
209	391	929	712
202	370	929	689
196	395	928	680
183	377	929	668
207	397	888	671
228	411	862	639
202	384	897	680
199	399	927	677
188	404	923	649
168	416	943	669
181	356	934	739
198	402	912	679
196	391	882	663
248	391	838	666
206	421	855	632
219	430	849	630
202	399	865	661
189	403	867	652
173	399	894	664
211	383	830	670
176	421	900	633
205	393	838	667
208	420	821	638
210	417	823	632
196	421	839	646
233	438	799	608
221	398	798	665
202	398	775	666
221	379	772	690
198	378	785	670
233	423	756	635
218	402	778	674
206	385	780	675
220	361	770	697
199	411	784	680
236	374	731	682
195	401	785	663
192	453	796	599
228	403	740	655
208	389	739	667
224	441	736	618
231	466	732	592
198	437	782	610
219	446	732	605
223	460	751	607
223	458	731	598
209	420	762	629
214	397	732	655
212	469	739	566
218	448	731	593
213	423	740	617
235	411	700	635
202	399	740	652
233	444	712	594
215	420	713	630
253	435	689	602
233	414	680	628
252	425	653	599
231	442	672	594
218	417	711	615
232	423	680	606
249	432	653	595
249	422	643	595
257	412	624	609
246	407	632	623
255	408	644	616
231	409	674	638
250	408	658	630
245	429	652	600
254	414	631	613
231	398	623	635
252	438	622	565
238	439	623	579
249	411	617	578
277	401	550	596
257	424	592	550
261	418	597	550
261	447	601	499
286	403	563	574
273	427	586	520
282	421	568	542
289	443	554	481
291	419	551	521
279	448	588	503
304	456	529	481
298	462	565	474
311	437	496	488
288	466	554	474
306	466	545	465
318	450	524	494
322	431	500	511
309	432	538	519
319	427	527	528
310	399	520	556
318	433	514	509
312	435	515	492
309	422	528	504
304	430	520	485
297	424	523	500
305	394	498	530
324	458	501	456
331	438	482	475
313	433	512	489
332	421	490	499
313	433	518	481
302	425	527	501
319	431	505	483
301	448	519	463
331	431	477	488
354	446	457	463
341	439	472	457
352	440	444	454
340	442	474	469
355	444	463	460
350	464	464	442
334	463	486	418
338	453	476	441
349	458	467	431
366	455	446	446
367	446	445	440
356	458	450	432
366	443	435	449
363	449	451	444
366	457	454	431
368	465	451	440
354	460	456	413
372	454	434	435
363	455	452	417
367	443	447	443
374	465	444	426
378	458	434	419
391	484	418	392
368	478	435	386
380	465	424	398
373	465	426	414
383	461	418	406
370	465	436	418
376	476	424	407
382	468	418	413
388	474	408	393
370	467	427	407
385	464	413	408
388	475	413	402
378	473	421	404
412	477	380	381
395	473	394	402
382	476	412	390
400	489	396	376
397	466	393	404
405	497	394	354
390	502	405	349
392	486	397	361
396	484	389	366
400	476	383	381
407	484	376	373
407	490	381	352
390	463	393	402
400	473	386	369
405	489	376	347
410	495	370	332
413	499	366	343
392	483	398	361
401	483	385	357
415	497	361	343
381	484	409	356
410	488	370	346
404	502	378	334
422	490	354	343
411	494	369	332
427	492	351	335
426	495	354	337
425	483	355	346
431	479	346	359
426	481	352	352
434	498	347	324
429	498	354	334
416	486	369	345
417	473	376	358
434	500	357	318
428	495	356	315
439	497	344	325
426	495	367	330
446	497	341	312
441	490	345	332
462	496	316	322
446	502	333	325
434	505	352	309
458	506	334	311
448	500	344	314
436	493	350	320
432	488	351	320
437	495	348	328
460	503	328	306
465	514	323	291
457	519	333	281
454	497	327	309
466	502	313	304
477	500	305	298
469	490	307	301
476	504	299	293
466	492	322	303
467	494	321	302
474	510	317	284
462	513	333	292
472	512	319	274
467	490	322	303
497	489	279	299
494	499	288	291
473	507	313	280
478	527	315	265
473	509	317	272
499	501	286	288
511	497	275	284
497	501	298	278
503	506	291	284
499	505	297	274
520	507	269	270
513	505	277	270
514	501	274	279
506	500	284	282
516	508	279	277
500	500	297	274
508	512	290	260
502	505	299	265
514	504	280	268
517	501	278	264
502	512	304	257
511	511	293	266
528	491	272	286
526	490	273	283
530	507	278	260
536	499	266	269
543	502	256	259
531	508	273	257
540	497	261	272
529	510	280	259
552	503	255	254
543	509	268	248
544	502	263	255
551	509	262	260
545	498	270	268
543	500	281	270
544	496	281	272
553	500	275	267
558	510	272	248
566	505	265	261
578	513	256	267
580	515	242	242
574	516	258	240
557	504	277	252
568	514	265	239
585	499	246	265
582	514	259	240
594	516	246	234
592	510	247	242
591	506	252	252
598	511	244	250
600	511	247	247
611	513	232	237
616	513	223	232
610	510	232	234
620	517	226	231
620	507	231	238
637	516	207	231
621	517	232	225
620	516	234	232
620	523	238	218
625	524	233	219
616	516	245	228
616	507	243	245
630	516	233	228
636	520	226	222
631	518	234	221
647	528	214	208
639	514	225	221
655	523	211	216
643	519	223	224
649	525	216	212
656	525	209	209
650	515	218	221
668	516	198	218
659	508	206	228
658	514	213	227
671	522	198	220
659	514	206	223
667	526	204	207
657	507	210	227
665	516	202	219
664	509	196	228
664	529	204	205
667	514	193	219
669	532	192	198
664	511	189	222
665	522	195	207
674	527	184	206
664	522	186	208
670	525	185	204
654	512	199	219
658	518	197	217
659	531	201	203
656	518	196	211
663	520	194	214
652	549	206	186
669	536	182	199
658	521	191	213
668	535	184	203
656	517	188	225
661	514	185	228
659	537	194	202
663	546	188	186
662	545	186	192
659	529	189	211
666	536	189	197
660	522	181	210
676	546	173	184
667	540	184	191
656	543	195	194
659	544	197	192
668	539	184	192
664	532	187	199
675	532	174	203
675	537	173	198
671	530	178	199
671	542	182	190
668	538	187	188
666	538	188	195
678	532	178	196
679	524	171	202
683	531	169	193
681	531	171	193
688	529	162	198
689	532	162	192
690	547	165	176
684	539	172	186
687	553	173	175
685	541	171	186
685	536	169	191
694	543	165	187
693	546	168	178
688	537	169	183
699	541	161	181
697	539	163	180
698	544	163	178
700	539	160	182
704	548	162	172
705	537	154	182
705	545	159	171
703	541	165	176
706	549	164	169
709	545	160	173
717	552	147	165
708	538	160	181
711	541	160	176
718	543	147	175
723	548	145	169
717	536	146	184
726	550	142	168
714	545	153	172
710	548	163	170
720	553	153	164
717	545	156	171
723	555	153	161
724	552	149	166
722	552	152	166
728	556	146	163
720	542	152	175
728	544	144	173
732	548	141	170
729	547	140	168
731	556	141	158
728	545	143	172
728	550	148	165
728	558	149	160
725	554	154	163
719	552	160	171
723	555	157	165
722	553	156	166
731	546	143	171
730	546	142	172
727	549	146	170
726	558	148	163
729	558	147	159
725	555	154	165
729	543	146	174
734	544	142	173
740	560	133	157
738	554	136	163
736	560	140	159
732	554	144	163
737	556	137	164
728	554	146	167
737	563	142	157
733	559	145	161
737	562	141	155
739	557	134	160
735	557	143	161
740	554	136	161
743	555	132	161
738	557	139	161
745	562	129	154
743	553	131	163
741	563	137	156
741	557	135	165
745	558	130	162
748	558	125	160
747	550	124	166
747	554	129	164
748	557	123	158
749	560	128	154
750	562	122	149
746	559	128	157
748	563	131	150
752	562	121	153
755	568	120	145
751	557	122	160
756	552	116	161
747	549	126	166
748	561	126	150
754	569	120	145
748	561	124	153
748	557	125	155
745	558	129	155
750	566	122	149
739	569	138	145
744	561	131	152
748	565	124	151
738	557	139	158
742	571	132	146
744	563	129	153
747	555	124	160
749	571	123	144
750	565	124	150
752	568	119	150
742	565	132	152
749	572	128	147
755	568	115	150
745	567	128	156
749	564	122	156
753	561	119	161
744	567	131	152
750	570	124	152
747	565	128	155
754	569	119	153
751	568	124	153
748	577	128	146
754	571	123	148
761	582	116	140
748	568	128	157
752	566	126	158
762	568	111	155
765	572	108	149
750	564	126	165
755	570	125	162
767	568	103	152
759	571	119	160
770	581	105	150
765	574	116	164
769	570	110	155
769	576	107	147
770	574	104	154
765	576	110	148
761	578	120	163
763	574	114	159
761	566	113	175
765	573	110	154
766	577	110	151
756	582	124	153
752	577	136	163
754	581	158	175
757	581	158	175
761	580	160	173
763	578	159	179
765	576	160	173
758	577	174	183
765	561	171	210
757	588	162	182
765	585	155	174
765	578	120	168
760	575	143	177
764	582	145	183
758	580	163	179
761	572	153	184
764	576	143	179
767	578	164	195
763	571	170	203
760	578	174	190
765	574	164	202
770	569	164	202
755	578	174	201
754	570	188	209
763	575	172	189
772	572	160	183
766	575	172	191
767	564	173	203
756	582	171	185
772	582	157	174
763	577	173	191
778	566	169	205
767	572	175	202
763	569	179	199
765	571	169	200
766	572	177	199
766	569	165	203
775	565	165	210
776	573	165	197
770	585	168	190
773	569	175	208
774	574	166	204
778	585	161	182
780	577	161	183
776	578	173	188
770	563	186	210
782	568	170	212
779	567	172	215
781	572	170	209
775	573	177	209
781	577	176	203
782	580	174	204
779	576	182	206
790	581	170	197
776	590	183	182
788	588	176	192
778	584	188	198
786	584	183	186
780	583	192	185
789	579	187	190
805	577	163	196
785	582	183	182
795	582	179	187
806	572	164	206
804	571	169	207
808	566	170	210
795	579	184	196
811	568	166	208
808	589	160	178
802	590	168	174
813	590	161	173
814	588	161	166
811	591	161	170
812	587	174	178
824	574	161	192
816	581	173	184
819	581	165	183
822	581	166	185
823	587	167	176
825	579	167	174
832	580	155	180
828	582	158	177
831	585	153	171
827	586	164	165
828	576	158	179
829	585	152	168
829	572	153	182
841	566	140	182
839	581	144	168
837	575	154	172
836	583	167	186
841	572	152	192
838	581	144	179
849	580	132	167
850	574	107	158
855	578	97	149
857	582	89	130
861	583	89	128
863	579	86	130
862	585	88	123
862	582	90	126
863	580	87	131
866	578	82	130
863	579	91	131
867	580	87	126
867	587	89	119
870	582	85	124
870	581	85	125
872	586	84	122
867	587	93	119
868	585	91	119
875	591	85	115
865	586	105	125
863	585	128	147
871	578	121	160
870	584	113	145
870	585	120	146
862	582	138	165
870	588	127	151
867	586	139	159
861	581	145	165
859	567	148	181
862	582	146	167
860	575	154	173
865	578	149	177
860	582	153	164
867	582	139	164
865	563	149	191
870	572	140	170
865	590	142	148
875	580	124	160
870	574	134	160
875	577	130	158
869	581	139	150
870	580	139	154
874	577	131	157
867	578	143	155
872	582	127	145
873	582	121	137
869	581	125	141
874	580	125	152
883	572	115	157
887	578	105	138
887	572	83	144
891	575	74	122
883	580	83	111
884	576	83	117
885	577	80	116
886	581	81	113
889	579	79	118
887	579	80	116
891	578	75	115
892	579	72	113
892	576	72	116
892	576	73	116
893	577	73	114
892	578	72	113
892	579	72	110
884	579	82	111
886	583	81	104
886	578	82	109
888	575	78	115
890	577	74	112
891	575	71	113
889	575	77	114
890	577	75	110
890	578	76	109
891	574	75	115
894	576	71	111
894	573	71	114
895	574	70	115
897	573	69	116
892	573	75	115
894	578	73	112
893	575	73	111
893	578	73	109
893	576	76	108
896	572	73	115
897	573	71	114
898	573	69	112
898	571	70	113
901	574	67	108
892	566	75	118
896	573	70	110
896	572	71	108
895	573	73	105
896	577	70	103
898	573	70	107
899	573	67	107
900	568	65	112
901	567	65	112
900	574	67	105
902	572	64	108
900	572	65	108
901	571	65	107
901	569	67	110
901	574	67	105
900	574	69	104
901	571	67	106
898	570	70	107
898	573	69	103
899	569	72	108
897	568	72	108
898	572	70	102
897	572	73	103
899	572	71	105
898	571	71	104
899	568	71	106
897	569	73	104
899	565	72	110
901	563	70	110
899	565	70	107
899	568	71	104
901	567	70	102
899	569	73	101
900	565	74	106
901	565	72	109
901	562	71	110
903	563	69	108
902	561	71	111
905	563	67	107
905	562	67	110
905	561	67	109
905	561	66	108
907	560	63	110
905	556	66	115
905	560	68	109
904	563	67	106
903	558	71	110
903	561	71	108
903	554	71	114
902	560	72	109
906	561	68	106
906	565	69	104
905	557	71	112
908	559	67	108
907	557	69	112
909	556	68	112
910	561	65	105
909	558	67	107
911	562	67	102
909	559	72	106
908	560	73	105
906	556	75	107
913	561	66	102
914	556	67	106
912	557	69	105
909	561	75	100
910	555	72	106
915	556	67	104
917	559	63	100
916	557	66	102
920	558	60	102
918	558	62	101
918	555	65	105
920	555	63	105
922	556	60	102
922	555	60	103
918	556	64	103
920	548	61	112
921	551	62	105
921	553	61	104
922	555	60	103
920	555	62	103
921	548	61	112
921	555	62	103
922	552	61	105
922	558	62	100
921	557	65	100
921	561	64	94
922	556	64	100
923	556	62	100
923	562	61	92
923	563	61	91
922	555	64	98
923	556	63	98
924	553	62	104
923	550	63	104
922	553	66	100
925	552	61	102
925	549	64	107
926	548	62	109
928	549	60	107
927	549	62	104
928	550	64	102
926	556	67	98
920	554	75	105
928	549	66	114
934	550	61	107
936	552	58	101
939	545	55	108
937	550	60	103
936	555	63	96
939	554	62	98
940	551	60	101
940	551	62	99
940	553	61	97
940	551	65	101
942	554	62	97
942	548	64	105
943	547	64	107
947	548	60	105
944	548	63	102
950	548	57	102
950	551	60	98
953	545	57	105
953	546	57	103
953	549	58	100
954	546	57	107
957	547	53	102
957	544	55	106
955	551	59	97
957	555	61	90
959	552	60	95
961	549	56	98
963	550	54	96
964	547	55	100
966	546	52	101
966	548	56	97
968	547	56	98
971	544	53	100
970	546	57	99
972	550	55	95
973	547	55	97
974	550	56	94
975	550	56	94
975	547	60	98
976	550	59	93
981	546	52	99
980	545	54	99
982	548	52	95
981	543	54	101
982	548	54	95
982	545	54	98
982	545	53	98
980	546	57	97
982	550	54	94
981	545	55	97
980	547	56	95
981	549	54	93
979	544	55	100
981	548	53	95
981	542	52	101
981	545	52	98
982	548	49	94
982	541	49	101
981	542	52	100
980	542	52	99
977	551	56	89
977	545	54	95
977	543	55	103
975	542	57	106
976	543	53	101
978	540	49	101
976	540	52	101
974	543	54	97
972	541	56	99
972	542	54	97
970	543	56	95
971	545	55	92
970	545	55	93
970	541	54	97
969	545	54	92
964	546	60	90
964	545	58	91
964	542	57	93
965	542	55	94
965	543	56	92
965	539	57	96
963	541	55	93
963	541	53	93
963	540	52	94
964	539	49	93
962	540	50	92
961	541	49	93
961	536	49	96
958	541	50	93
958	539	51	95
958	541	48	92
959	536	47	96
956	540	49	92
955	539	49	93
954	535	48	97
954	536	48	95
953	535	46	97
951	541	47	89
949	537	47	95
948	540	50	90
946	539	51	93
945	535	52	96
944	539	50	91
942	541	52	89
942	540	50	90
944	533	46	97
943	533	47	98
944	534	46	95
942	532	45	98
941	530	45	100
941	530	46	100
940	532	44	97
937	534	47	96
937	531	45	97
937	528	43	102
935	534	46	95
934	531	46	97
933	536	47	92
933	532	44	97
930	532	44	97
931	534	43	94
927	534	48	93
927	534	47	94
925	530	47	99
926	533	45	95
924	530	46	100
926	534	44	94
922	531	45	97
922	529	45	101
922	529	46	101
920	529	46	99
919	531	45	97
918	528	46	100
915	528	49	98
915	532	46	97
915	528	45	99
916	526	44	102
915	522	45	106
914	526	44	102
915	523	42	106
911	521	47	107
913	519	45	110
911	519	47	109
910	521	47	107
911	517	45	110
909	514	48	115
908	508	50	122
908	525	50	125
909	509	47	137
906	505	55	130
906	497	64	140
910	509	90	143
879	499	120	152
878	494	145	160
901	489	124	164
909	488	115	167
898	482	121	177
912	488	107	176
889	477	132	188
899	487	122	171
913	478	108	183
911	464	106	192
894	443	124	212
907	436	110	212
905	421	117	232
902	451	128	232
905	435	140	250
913	463	123	268
913	463	123	268
923	433	87	272
913	424	106	270
912	475	115	283
857	485	149	295
857	485	149	295
857	485	149	295
857	485	149	295
857	485	149	295
857	485	149	295
857	485	149	295
857	485	149	295
857	485	149	295
857	485	149	295
857	485	149	295
857	485	149	295
857	485	149	295
853	427	165	332
831	460	200	334
831	460	200	334
831	460	200	334
830	523	205	407
1021	276	270	435
971	289	347	450
947	269	448	542
920	291	511	476
915	291	527	520
899	290	580	589
863	261	611	744
877	282	625	751
859	244	648	791
823	257	669	782
850	272	643	758
861	268	637	778
871	271	625	750
848	264	637	762
867	268	626	773
825	272	665	753
848	300	648	730
869	253	593	740
914	275	571	765
873	272	607	763
900	270	572	768
854	265	613	771
834	299	644	751
853	265	623	774
858	286	607	736
840	288	640	746
896	283	573	752
834	275	631	747
828	281	638	762
834	283	643	758
830	285	638	754
814	273	661	757
859	282	611	729
880	262	571	761
859	277	610	756
837	278	627	764
841	291	605	735
867	263	584	756
871	302	588	727
802	306	657	720
850	295	605	723
849	289	616	740
817	272	633	749
814	284	651	766
863	285	586	741
899	285	553	738
939	298	510	732
928	294	526	745
943	287	497	740
949	281	501	739
858	299	582	731
834	294	612	732
897	310	546	722
833	293	607	740
827	295	618	737
858	295	591	732
868	295	563	753
904	297	542	748
929	297	498	734
948	295	476	749
900	294	522	715
849	298	576	732
836	301	590	726
859	302	561	734
902	299	502	716
807	266	607	755
782	306	642	731
839	317	593	719
887	300	525	728
948	306	471	731
958	268	442	779
942	296	465	728
902	296	498	729
950	302	453	736
914	282	482	755
928	298	463	723
860	305	525	716
867	296	537	742
940	289	436	721
936	308	442	721
907	289	470	725
925	310	466	714
937	297	441	737
943	267	430	753
942	284	424	742
940	302	426	701
936	296	436	746
936	291	429	734
934	302	416	724
935	289	428	726
929	283	416	732
932	295	430	732
915	275	432	745
922	303	439	718
926	287	413	729
923	291	417	739
929	288	400	718
900	289	442	741
