433	632	138	157
437	633	131	156
438	644	135	147
441	641	130	146
443	627	127	164
436	642	134	148
441	631	131	157
441	637	133	152
441	635	133	150
439	646	135	138
442	636	129	145
444	637	132	149
444	637	135	146
439	637	141	150
452	623	127	166
445	646	132	137
448	644	134	142
439	642	146	142
444	639	145	142
446	639	141	142
449	636	136	145
452	641	136	146
449	632	141	149
444	651	152	130
454	638	137	142
447	647	147	139
443	635	150	156
449	641	148	138
444	646	152	140
452	626	139	153
447	651	157	132
448	636	154	146
449	642	150	146
452	633	148	158
452	638	151	144
451	635	151	157
450	616	154	176
449	631	148	157
456	638	150	143
457	639	147	147
462	632	141	152
463	645	137	141
458	622	150	165
461	638	142	153
465	627	146	158
459	625	151	165
457	636	153	146
467	644	143	139
465	644	145	140
466	646	146	140
465	639	151	145
467	637	148	149
468	631	145	156
471	620	145	161
468	637	151	149
467	637	148	147
467	636	151	149
462	646	157	146
473	641	148	141
469	644	148	144
467	646	153	140
469	634	154	153
471	644	152	142
469	646	156	138
465	636	162	150
468	649	157	139
467	653	163	134
462	645	166	141
466	650	154	142
465	640	162	152
469	636	157	156
459	636	169	151
465	641	156	154
468	622	155	170
466	647	156	149
468	638	156	155
469	623	157	166
470	633	151	161
470	626	151	168
468	625	155	180
463	626	165	172
467	628	156	168
469	618	156	176
466	632	156	175
468	630	156	164
465	638	159	161
470	636	155	165
470	646	149	149
469	625	150	173
470	639	151	165
468	631	153	166
470	621	150	181
465	630	154	176
467	635	156	172
465	637	158	165
465	647	155	157
462	643	160	158
461	634	166	171
467	639	162	164
461	642	165	164
464	636	158	170
463	628	161	184
461	631	167	184
459	640	167	167
457	645	168	161
461	645	161	166
458	644	162	165
460	649	161	159
460	659	159	152
460	645	162	168
453	652	168	160
460	640	158	176
459	646	164	174
462	639	168	178
445	656	181	157
448	653	175	159
447	662	173	153
447	661	177	152
439	670	181	145
448	649	177	170
441	642	187	177
435	670	197	144
433	680	186	138
439	663	182	156
439	653	178	162
433	662	187	160
434	660	184	161
443	665	169	166
444	648	174	178
440	657	171	167
440	652	170	167
437	658	177	167
435	651	180	172
431	658	183	165
434	656	179	164
434	663	179	158
434	668	181	154
434	668	179	153
444	659	165	166
441	650	168	173
426	660	184	171
432	674	180	152
423	675	190	151
429	651	182	177
432	660	177	174
426	662	180	167
422	669	184	155
425	658	180	169
424	673	182	159
421	660	186	170
421	671	180	155
414	666	193	162
412	672	189	155
422	679	179	152
412	666	193	166
422	671	183	159
424	668	177	164
416	676	184	161
404	665	203	170
410	675	193	161
414	666	187	166
407	675	189	160
408	669	193	168
404	679	202	158
406	682	198	154
400	681	196	153
405	664	189	173
410	687	181	157
421	664	165	181
403	676	184	167
401	683	183	157
419	663	164	178
401	685	187	165
384	692	213	153
384	683	212	167
406	673	185	178
390	684	203	166
385	688	206	160
379	696	214	152
386	687	210	162
405	676	184	173
395	692	193	156
388	693	203	154
376	686	214	165
399	684	192	164
386	689	196	156
404	671	178	181
393	680	195	171
385	696	211	151
376	695	222	157
387	671	211	181
384	684	212	164
378	693	216	152
373	686	225	168
379	679	219	172
373	678	226	183
384	686	223	161
388	697	215	158
386	690	221	159
381	687	222	168
390	697	212	157
379	679	228	175
379	679	227	168
391	675	214	182
380	689	220	172
380	674	227	185
389	677	214	178
386	691	223	165
380	681	228	179
384	684	226	169
389	691	220	165
387	679	220	181
388	682	219	186
401	673	213	186
388	675	217	193
385	675	228	188
390	677	220	183
400	668	205	196
415	665	185	201
404	679	200	190
391	694	219	171
389	680	232	184
380	688	235	178
386	694	234	172
389	706	232	160
388	708	231	161
392	704	228	163
380	703	238	168
383	707	236	162
383	711	241	156
378	718	248	150
384	706	248	161
384	706	248	165
388	701	240	171
384	708	248	167
383	706	250	165
385	697	249	181
389	699	250	178
388	701	248	171
405	706	229	171
393	708	245	165
383	714	255	163
392	712	249	164
407	712	239	163
402	705	240	176
412	710	233	173
395	709	250	172
396	713	247	162
391	720	256	159
410	719	239	160
395	717	253	167
405	715	241	168
399	699	250	189
426	692	221	196
390	700	252	191
405	727	244	155
384	714	262	176
392	713	257	174
382	714	265	173
384	711	264	179
395	709	252	183
383	693	262	203
376	721	273	170
399	722	253	171
382	723	271	173
397	729	255	165
385	723	264	178
383	724	266	172
372	729	278	168
391	729	262	167
362	732	288	162
374	735	281	161
369	733	287	160
361	739	291	163
366	729	285	175
370	739	283	158
372	735	284	158
368	731	279	171
381	730	277	173
368	734	285	175
372	733	285	168
367	732	285	168
366	738	291	160
367	738	292	165
364	744	296	160
353	743	302	163
355	744	294	165
356	747	303	165
355	747	297	162
346	746	310	169
