913	344	333	146
908	344	329	152
911	342	336	156
916	344	325	147
908	344	338	148
908	347	338	146
913	343	337	144
915	346	320	147
916	350	321	141
928	348	317	143
926	344	313	156
925	344	309	148
914	344	325	146
916	346	325	149
924	339	310	166
907	348	322	151
906	346	334	137
911	342	330	145
907	346	325	146
916	339	319	158
913	342	314	161
909	342	334	150
909	338	322	155
906	344	324	150
907	342	322	152
910	340	323	157
905	343	321	152
906	341	331	147
906	341	318	148
904	345	319	149
903	345	323	142
898	346	318	152
913	343	321	148
900	349	322	137
900	347	323	146
901	341	324	156
897	339	333	150
899	341	318	153
895	343	321	145
898	339	318	153
891	344	329	139
895	340	322	151
891	345	311	144
893	339	325	146
896	337	316	156
891	334	323	161
894	334	324	158
888	338	326	159
900	336	314	155
894	340	313	153
899	336	314	149
887	336	319	157
892	337	315	163
883	342	322	145
885	335	329	154
880	339	317	156
909	335	300	162
889	341	302	157
886	337	319	152
878	338	314	156
891	337	309	152
879	337	318	154
891	339	309	157
883	340	305	160
879	337	320	160
875	343	314	140
878	337	309	144
886	337	300	161
876	336	309	163
887	337	305	160
875	339	302	160
886	334	306	167
875	341	309	144
869	331	318	170
879	334	299	161
878	334	306	156
874	338	301	162
873	335	304	163
874	335	305	152
865	336	309	168
874	342	303	147
863	335	301	164
871	334	302	160
861	335	301	165
874	336	299	156
866	340	298	164
865	329	309	161
855	338	303	143
866	333	297	146
864	338	297	148
856	336	307	156
863	339	299	145
855	339	303	145
848	341	311	139
856	334	310	162
857	336	295	164
862	332	296	166
852	338	295	165
861	335	296	165
851	337	298	172
858	332	294	174
838	341	301	140
844	338	306	137
837	336	313	148
852	336	295	158
849	334	295	165
852	331	299	176
848	334	278	175
857	333	288	168
848	338	283	165
841	341	294	143
837	336	305	153
840	335	294	156
843	340	289	130
837	339	303	146
835	339	292	147
827	343	308	121
835	339	307	133
830	340	297	128
836	337	305	136
832	337	294	136
828	339	304	135
835	336	302	145
829	338	307	134
836	341	301	138
836	337	293	150
835	338	294	138
829	341	301	144
828	340	299	139
831	341	306	142
834	344	309	129
835	340	308	156
855	337	303	162
872	339	298	150
888	337	287	175
905	335	287	184
915	331	291	187
934	342	296	144
943	343	304	144
961	344	309	136
983	343	297	182
989	337	319	176
1021	334	309	184
1032	333	317	191
1057	338	316	190
1067	344	328	162
1102	343	325	170
1118	338	329	181
1141	343	324	180
1160	343	340	196
1192	337	327	198
1211	342	332	206
1226	344	350	193
1241	343	355	199
1262	343	368	192
1291	341	355	208
1315	344	367	192
1327	353	379	186
1350	348	382	191
1359	353	386	168
1369	353	391	195
1374	349	403	201
1378	352	407	195
1388	350	413	190
1390	347	405	214
1400	351	397	202
1406	349	411	198
1400	351	406	194
1403	350	414	193
1410	349	408	201
1409	351	401	205
1412	355	414	199
1409	355	407	197
1418	356	419	202
1415	353	404	213
1423	350	415	212
1417	353	403	219
1417	356	415	214
1421	351	418	211
1418	358	415	205
1415	357	417	209
1416	352	427	214
1437	347	409	215
1412	358	426	207
1415	353	444	213
1420	354	427	209
1412	351	450	213
1403	355	439	213
1435	351	421	218
1417	351	433	198
1419	355	422	199
1417	351	435	200
1408	356	441	201
1427	351	427	208
1415	355	428	214
1417	352	427	193
1423	349	428	204
1421	355	428	204
1421	354	429	195
1419	350	428	187
1428	350	414	201
1429	344	423	203
1428	347	416	204
1424	350	422	204
1420	356	429	185
1421	350	428	195
1415	351	434	206
1418	345	428	227
1419	340	426	216
1410	354	430	200
1428	350	424	199
1417	353	429	198
1409	357	434	185
1426	351	421	203
1421	350	424	218
1419	353	420	221
1424	350	423	214
1422	362	423	191
1425	353	423	202
1412	355	434	198
1409	360	435	205
1415	356	435	201
1409	362	432	207
1434	361	417	216
1406	365	437	194
1418	358	444	200
1419	368	420	203
1432	358	421	213
1414	361	426	214
1422	362	428	201
1418	369	425	195
1420	364	417	199
1416	361	427	205
1413	360	430	210
1411	360	433	204
1409	365	426	211
1419	359	424	229
1423	362	427	215
1425	374	419	194
1425	361	421	202
1419	364	416	214
1420	360	431	213
1410	366	431	219
1419	371	429	187
1422	369	417	204
1411	372	427	213
1418	360	422	223
1403	369	447	209
1422	364	433	202
1417	370	423	208
1405	370	437	208
1405	371	438	205
1406	369	442	214
1415	367	421	224
1424	371	429	207
1420	371	412	213
1432	367	417	206
1424	377	418	197
1429	373	423	205
1413	369	427	212
1413	365	425	213
1405	373	432	207
1412	368	434	208
1400	375	422	211
1410	371	433	215
1415	371	413	226
1414	365	426	217
1401	368	437	214
1401	375	431	209
1413	368	430	213
1408	369	430	212
1405	365	429	218
1402	376	418	214
1407	369	432	218
1400	369	437	212
1400	370	437	213
1401	375	421	206
1404	363	425	226
1400	372	422	229
1411	375	428	224
1399	374	434	201
1401	374	415	212
1394	374	431	198
1400	374	425	199
1395	375	414	194
1400	369	430	209
1388	370	429	222
1392	370	431	222
1402	375	420	209
1383	368	435	216
1397	377	420	206
1402	370	403	214
1389	378	430	196
1391	376	419	203
1393	374	420	204
1380	373	422	220
1383	367	423	239
1377	374	431	223
1388	365	423	230
1384	375	420	212
1368	373	437	223
1387	372	413	218
1382	370	422	223
1390	380	396	224
1383	369	413	223
1367	377	431	226
1369	371	429	232
1374	370	418	240
1375	376	414	231
1368	366	428	247
1371	369	421	231
1383	374	403	238
1373	367	403	251
1378	374	404	234
1364	372	422	232
1380	375	400	229
1358	379	416	212
1371	375	411	211
1357	371	415	236
1347	374	437	222
1353	375	416	226
1358	377	418	217
1345	372	422	226
1350	372	419	241
1347	378	417	221
1334	369	439	228
1346	371	410	232
1334	372	427	239
1337	369	422	235
1334	369	411	251
1349	373	400	239
1350	375	401	238
1345	371	406	235
1347	380	395	226
1329	370	423	227
1325	374	416	238
1337	372	404	233
1324	375	411	215
1327	368	405	233
1322	372	404	247
1326	372	403	250
1316	366	413	264
1321	361	411	268
1319	373	409	233
1315	364	405	262
1310	368	412	255
1319	374	400	227
1298	369	411	243
1308	367	405	255
1324	365	385	256
1303	369	400	258
1305	362	402	267
1302	369	400	270
1303	362	399	258
1291	370	402	256
1297	368	403	243
1291	372	389	236
1290	370	408	237
1297	363	386	255
1279	373	407	216
1278	376	421	200
1277	370	416	213
1278	371	399	234
1279	370	397	233
1277	364	405	258
1278	359	397	261
1271	360	400	250
1278	370	393	237
1264	365	410	251
1270	354	397	292
1268	365	402	270
1274	371	395	255
1272	366	405	266
1273	364	406	243
1275	362	398	267
1273	367	411	250
1289	369	393	251
1286	363	418	247
1297	363	399	279
1295	363	407	263
1295	363	418	266
1302	357	409	292
1317	360	417	283
1323	362	423	275
1328	350	421	288
1341	350	406	305
1347	356	427	267
1361	352	429	291
1362	349	442	276
1372	357	437	283
1383	358	432	299
1394	355	432	290
1396	345	441	306
1399	354	440	295
1409	352	435	293
1412	351	443	304
1412	357	463	279
1406	353	452	287
1413	354	459	286
1418	353	450	284
1419	353	441	271
1425	351	436	265
1425	355	441	265
1425	353	453	266
1417	356	461	292
1415	350	452	285
1415	367	478	238
1417	357	449	280
1415	358	462	281
1422	360	445	263
1429	352	433	292
1427	357	435	277
1425	355	442	283
1427	345	442	288
1414	351	444	304
1413	352	464	278
1415	348	454	306
1415	343	448	311
1416	358	446	283
1413	357	461	267
1408	360	461	288
1397	359	480	297
1408	356	457	292
1411	357	456	252
1403	360	454	258
1418	358	446	264
1411	354	454	266
1408	355	446	290
1414	351	447	302
1405	358	441	288
1405	359	449	298
1414	348	428	308
1417	354	418	310
1410	348	434	311
1409	355	452	278
1399	360	438	301
1401	366	455	270
1406	364	447	256
1391	367	460	256
1401	362	451	257
1403	363	435	268
1404	355	434	298
1400	359	434	301
1396	353	438	307
1397	361	450	290
1396	361	438	305
1392	353	437	322
1389	361	436	302
1384	353	426	314
1394	348	426	319
1379	364	424	296
1391	362	424	302
1377	364	434	304
1380	370	439	259
1390	362	427	291
1388	354	423	314
1373	357	431	318
1385	361	404	312
1371	359	432	326
1377	359	433	312
1374	359	419	318
1360	361	444	312
1363	362	430	316
1368	362	423	308
1367	368	424	303
1356	353	426	327
1356	362	424	338
1360	355	411	324
1350	355	422	330
1358	348	396	334
1357	356	407	319
1353	359	414	329
1347	359	421	326
1353	354	401	340
1345	348	410	348
1350	353	396	345
1338	355	397	336
1341	347	406	350
1334	355	411	331
1329	357	409	343
1332	357	410	333
1319	355	421	338
1322	353	403	349
1326	348	400	347
1333	350	380	353
1326	348	388	347
1329	345	380	349
1331	345	388	344
1324	354	385	338
1319	361	393	304
1321	353	377	332
1313	348	374	360
1313	345	385	357
1306	340	383	355
1297	359	394	340
1300	348	390	352
1299	344	387	345
1300	344	373	345
1296	348	379	337
1280	347	399	350
1289	353	395	340
1282	352	384	346
1286	360	378	339
1289	351	368	347
1269	353	391	343
1287	348	374	348
1279	349	367	353
1272	356	368	345
1273	345	375	351
1269	347	365	345
1276	357	349	353
1276	345	361	347
1263	348	369	349
1256	353	372	343
1249	345	377	355
1248	351	372	346
1256	347	366	349
1238	336	375	351
1254	345	350	350
1248	338	364	352
1241	345	366	344
1236	341	364	359
1243	344	349	346
1240	351	364	349
1226	345	374	352
1227	337	370	355
1223	334	373	357
1222	341	365	352
1232	344	367	348
1230	338	358	349
1237	342	355	347
1231	338	361	349
1227	343	357	344
1222	344	369	351
1230	337	359	354
1229	331	362	354
1238	341	361	332
1222	338	362	357
1226	343	366	351
1230	340	362	347
1235	343	350	352
1234	338	364	349
1216	334	377	360
1229	336	359	350
1225	333	354	354
1239	343	344	346
1221	337	371	337
1228	336	372	337
1226	335	368	343
1238	345	349	333
1225	339	368	345
1223	337	362	342
1227	335	356	349
1220	339	363	343
1226	342	357	351
1232	340	356	346
1228	339	360	332
1216	342	362	342
1213	337	357	362
1220	332	357	346
1228	340	343	348
1217	338	357	350
1219	337	354	349
1204	340	370	341
1219	343	353	344
1216	339	359	341
1215	344	359	340
1200	345	367	334
1210	347	357	354
1221	346	348	345
1193	345	365	353
1200	346	358	346
1192	353	359	355
1204	351	361	347
1197	348	358	352
1196	354	359	351
1192	354	358	349
1201	360	344	344
1190	369	356	338
1193	356	355	358
1193	359	348	360
1181	360	368	348
1192	362	346	351
1185	354	356	351
1193	361	344	335
1190	356	341	358
1189	356	344	364
1172	363	356	348
1172	360	355	350
1174	360	345	363
1179	357	344	366
1150	359	365	363
1172	362	355	366
1168	340	340	389
1147	371	362	360
1164	357	343	357
1171	361	341	351
1176	355	334	361
1155	359	346	376
1158	353	333	370
1146	359	348	356
1127	365	363	377
1091	375	405	357
1114	363	377	362
1158	350	337	387
1164	353	327	376
1157	367	332	334
1155	354	331	365
1161	360	330	357
1158	355	335	359
1174	354	325	364
1170	368	333	334
1172	371	349	324
1152	379	358	301
1193	381	336	236
1199	381	335	256
1201	376	340	288
1211	379	343	267
1212	372	340	294
1208	363	343	344
1223	384	341	269
1224	376	351	262
1227	385	344	261
1226	379	346	273
1227	382	348	251
1233	377	343	286
1226	382	350	252
1235	380	343	273
1231	375	340	283
1227	377	340	309
1223	377	334	265
1211	372	356	315
1219	381	337	259
1218	383	345	276
1214	380	351	271
1211	378	343	287
1224	387	316	247
1216	379	330	273
1211	376	316	327
1206	369	313	345
1208	375	325	290
1206	377	333	277
1211	385	317	279
1200	375	322	289
1204	369	303	339
1208	377	321	280
1201	382	321	253
1206	388	326	257
1215	389	322	256
1211	380	333	269
1218	377	333	273
1219	379	333	262
1229	385	330	275
1244	387	329	251
1247	382	328	263
1251	379	336	264
1260	379	330	280
1271	376	332	276
1267	377	315	282
1269	380	301	282
1266	386	313	279
1259	382	342	287
1276	385	312	274
1269	388	330	253
1271	386	306	266
1272	383	311	267
1269	391	303	263
1267	388	317	255
1272	388	296	263
1262	383	298	287
1262	387	300	250
1269	390	290	262
1272	385	282	274
1271	384	290	271
1285	387	275	269
1268	376	288	293
1274	381	292	281
1283	379	276	286
1285	376	270	300
1280	380	275	286
1280	383	276	277
1270	385	280	286
1274	377	262	315
1265	370	262	328
1271	380	263	301
1276	377	259	296
1299	393	226	263
1273	384	251	276
1302	391	212	235
1302	395	206	251
1300	394	205	257
1296	393	206	258
1288	384	202	273
1286	388	213	269
1280	391	214	258
1251	382	236	274
1271	390	208	257
1242	379	231	284
1239	385	244	272
1225	383	256	275
1234	390	245	268
1225	378	244	279
1210	379	263	293
1230	382	238	284
1246	379	217	272
1250	382	206	250
1228	380	236	254
1243	385	225	225
1241	393	232	222
1237	400	248	162
1245	417	231	182
1245	399	234	208
1245	401	238	187
1251	394	229	180
1246	402	237	202
1242	393	228	232
1250	387	213	246
1251	388	213	216
1245	395	216	214
1238	398	219	190
1239	411	218	177
1234	399	212	198
1231	394	208	206
1227	391	204	219
1216	395	216	213
1207	397	221	218
1211	398	211	184
1205	406	218	176
1202	405	209	178
1193	400	215	208
1183	400	213	224
1187	390	200	269
1188	390	201	260
1166	391	219	290
1156	393	213	272
1157	388	212	261
1150	393	212	283
1143	396	212	272
1146	392	208	270
1139	390	219	304
1134	392	223	279
1128	390	220	292
1130	399	218	279
1127	388	217	306
1128	389	217	290
1127	400	223	248
1131	406	216	213
1119	422	237	184
1123	422	235	181
1123	423	234	167
1119	422	237	203
1118	401	220	236
1117	409	222	239
1110	408	220	273
1115	410	219	235
1097	408	225	292
1104	406	222	285
1098	406	215	292
1089	403	220	316
1082	395	216	335
1079	403	218	327
1070	397	225	336
1058	395	231	351
1065	396	223	319
1068	403	223	306
1072	396	210	299
1062	404	223	314
1061	402	223	336
1061	403	224	361
1068	406	229	352
1078	400	222	320
1077	409	238	309
1076	402	237	348
1086	416	240	317
1101	411	238	319
1101	395	251	370
1132	408	234	350
1140	409	246	331
1150	406	247	338
1138	424	277	323
1161	424	278	316
1182	414	264	329
1195	416	256	313
1204	417	253	284
1218	435	252	225
1226	440	250	216
1232	436	238	225
1216	442	250	225
1230	431	238	234
1217	442	247	229
1215	436	253	234
1207	442	251	236
1210	441	238	248
1214	435	226	248
1215	428	213	279
1202	436	228	239
1199	444	224	239
1192	437	227	257
1184	434	228	276
1165	443	245	266
1202	425	197	260
1196	443	192	234
1189	435	198	278
1153	442	228	253
1131	443	240	281
1125	437	246	342
1107	428	271	374
1111	428	268	371
1128	419	246	380
1126	420	250	366
1099	429	272	370
1104	419	270	389
1102	431	274	384
1108	427	272	388
1121	425	248	384
1114	438	261	380
1101	442	279	370
1107	435	275	370
1081	444	304	369
1085	444	299	378
1071	451	314	374
1102	444	273	391
1108	443	254	395
1096	456	281	367
1071	457	312	386
1102	457	273	349
1051	458	303	404
1073	460	296	400
1073	470	283	366
1056	453	289	375
1015	447	335	400
1042	450	316	384
997	477	341	382
975	465	350	403
979	472	342	405
1004	469	308	422
1006	475	336	400
952	470	366	405
979	468	331	410
1000	471	297	396
1008	474	259	384
1006	476	267	375
991	470	278	398
974	477	265	393
977	476	317	354
973	474	307	379
995	478	264	323
990	486	259	294
1005	487	236	280
1008	488	232	283
997	488	250	267
1001	486	246	282
991	479	243	297
