1414	536	308	114
1402	535	316	113
1393	541	328	114
1385	539	331	110
1378	542	339	110
1368	539	338	114
1363	537	336	111
1367	544	313	110
1357	538	313	111
1348	535	314	114
1338	536	312	115
1334	535	331	113
1327	541	312	117
1316	538	330	114
1308	544	323	106
1303	545	326	110
1297	542	322	113
1281	544	336	104
1284	538	322	118
1262	541	335	114
1261	539	335	116
1259	542	329	111
1253	540	329	113
1247	543	324	112
1237	541	329	116
1244	541	315	113
1237	544	313	115
1220	538	323	120
1215	543	335	113
1205	538	331	117
1196	539	338	115
1190	542	342	113
1177	545	338	112
1179	539	330	121
1180	540	323	120
1170	530	324	127
1160	541	330	120
1155	535	327	118
1145	544	343	115
1136	534	351	125
1131	535	343	124
1131	539	339	122
1125	534	344	126
1123	541	339	128
1112	536	340	125
1114	539	328	124
1108	536	328	126
1103	536	340	126
1092	539	343	123
1105	541	334	125
1099	545	337	123
1109	546	332	124
1110	546	344	127
1116	546	339	127
1124	547	347	124
1117	553	362	115
1129	551	359	122
1142	553	362	129
1153	556	363	122
1162	554	361	121
1161	555	372	128
1166	552	378	133
1166	563	383	118
1161	556	379	124
1151	563	397	123
1162	561	380	125
1166	557	361	128
1131	556	401	136
1129	550	405	136
1122	572	410	130
1122	559	399	130
1130	561	384	124
1124	562	381	127
1108	560	388	130
1095	565	398	135
1063	556	437	129
1054	565	442	135
1029	561	463	129
1056	558	429	143
1058	546	428	141
1073	574	410	130
1072	560	421	121
1071	559	428	136
1090	565	411	137
1083	555	436	142
1099	567	435	139
1100	564	455	133
1101	573	467	133
1120	565	463	143
1144	564	441	133
1157	571	425	134
1158	565	434	143
1167	573	425	141
1153	570	452	138
1163	559	441	148
1157	578	446	129
1174	559	420	141
1172	583	418	133
1166	575	420	142
1163	564	435	143
1153	572	428	132
1169	575	407	128
1161	567	409	146
1160	568	404	135
1144	572	429	134
1152	567	412	129
1156	568	404	138
1143	578	416	131
1142	566	414	133
1130	573	422	138
1140	564	416	134
1128	573	430	133
1132	566	419	128
1116	576	437	135
1125	563	420	135
1109	579	433	131
1125	565	417	143
1115	571	424	140
1108	573	437	137
1119	567	413	137
1114	576	424	132
1112	569	422	127
1098	568	445	142
1106	574	433	137
1105	564	434	128
1094	574	445	135
1112	568	422	137
1106	577	435	139
1107	564	420	132
1106	576	428	128
1108	576	418	138
1113	566	423	133
1113	578	414	134
1112	569	416	136
1096	577	435	130
1102	581	421	119
1102	573	424	134
1101	573	421	139
1101	575	422	134
1099	566	421	136
1102	578	417	127
1098	576	422	124
1086	568	442	137
1104	574	416	127
1107	576	409	135
1106	573	414	135
1102	573	417	139
1109	569	393	128
1103	574	413	138
1108	570	410	135
1111	571	395	134
1098	574	416	133
1097	573	416	131
1106	572	396	138
1102	573	401	131
1098	571	414	135
1092	572	421	134
1101	570	407	135
1095	574	415	133
1098	576	412	128
1090	569	418	139
1088	565	426	140
1079	567	443	144
1090	568	429	129
1082	578	427	133
1089	567	416	133
1094	574	415	136
1104	565	412	136
1091	587	435	116
1100	576	435	130
1116	577	429	141
1113	574	451	131
1136	583	446	131
1145	580	452	141
1149	569	476	148
1185	584	456	138
1202	578	458	149
1223	583	462	139
1241	603	465	132
1245	591	465	133
1256	583	474	149
1265	586	485	154
1277	591	469	147
1259	587	502	152
1279	588	481	145
1269	595	515	144
1268	586	499	146
1284	591	481	146
1293	590	465	151
1295	590	456	153
1282	590	471	140
1292	592	461	141
1271	586	478	132
1258	591	496	140
1254	584	473	148
1259	592	449	134
1247	582	464	140
1238	590	466	137
1236	584	460	135
1242	588	441	134
1230	583	467	134
1235	589	445	135
1211	579	469	139
1218	588	458	135
1222	577	448	145
1231	588	454	134
1227	576	444	142
1226	580	445	139
1218	579	455	133
1221	589	457	135
1217	584	445	128
1212	579	472	134
1220	582	452	138
1232	571	429	150
1233	577	427	143
1226	586	447	140
1225	574	442	144
1214	586	460	141
1232	574	430	134
1211	581	467	139
1206	567	463	148
1214	585	452	133
1207	584	468	131
1207	577	479	131
1204	581	465	142
1208	575	457	139
1219	582	450	133
1202	592	470	139
1205	577	466	130
1204	585	463	133
1202	575	464	138
1191	589	483	134
1209	574	456	140
1209	586	446	133
1211	571	445	152
1210	576	442	137
1192	586	476	140
1186	567	481	144
1199	584	467	134
1205	574	447	146
1188	583	472	134
1196	584	462	141
1196	575	449	141
1190	582	461	135
1199	578	449	142
1199	587	432	141
1198	581	423	135
1193	579	438	148
1188	575	447	141
1184	581	451	146
1194	573	428	151
1183	573	451	141
1175	587	454	137
1180	577	448	149
1158	592	471	140
1162	567	479	143
1156	589	470	138
1158	574	473	129
1154	591	470	135
1161	577	455	137
1157	581	456	143
1159	578	442	150
1161	579	447	144
1158	573	434	147
1146	585	467	140
1136	581	472	134
1138	587	474	138
1147	580	446	136
1153	583	434	142
1147	582	437	141
1145	590	438	131
1144	581	440	144
1138	586	442	134
1128	585	452	135
1124	585	453	132
1119	579	452	144
1106	581	475	141
1094	582	494	142
1122	597	448	135
1116	582	454	136
1110	588	454	136
1096	586	465	145
1101	589	451	132
1104	587	429	141
1103	583	429	148
1094	591	436	136
1095	588	431	145
1099	590	421	146
1083	586	444	139
1064	594	480	144
1073	595	438	140
1063	589	460	147
1070	604	437	137
1068	603	446	142
1059	602	432	139
1050	596	461	153
1056	602	469	151
1050	598	447	155
1052	595	441	152
1054	597	448	160
1053	601	441	156
1041	597	449	156
1039	597	471	159
1035	600	483	160
1032	594	484	159
1020	601	481	167
1029	598	471	167
1013	603	492	158
1007	598	480	160
1019	595	454	172
1018	594	457	167
1008	588	463	163
1011	596	451	166
1017	591	457	163
1028	605	431	151
1018	608	472	148
1031	596	429	148
1025	591	446	161
1037	601	430	150
1044	602	419	151
1053	604	416	141
1055	599	420	146
1064	602	416	143
1055	608	442	145
1063	603	459	148
1078	610	455	146
1091	616	444	154
1103	604	458	155
1111	619	467	149
1135	610	461	159
1158	618	455	157
1150	617	501	164
1169	618	507	162
1182	626	476	160
1198	629	480	154
1212	635	471	161
1218	630	490	158
1235	638	482	155
1235	633	500	162
1261	646	492	159
1255	644	525	165
1268	654	523	167
1285	649	515	156
1291	655	516	159
1294	655	554	163
1319	669	533	152
1312	663	547	157
1336	669	530	156
1332	661	549	162
1342	669	521	162
1336	662	524	162
1331	668	546	158
1335	663	549	167
1330	663	534	164
1333	672	547	160
1333	669	535	158
1328	669	548	161
1321	674	559	153
1321	664	546	165
1323	669	552	159
1328	659	535	169
1339	668	494	162
1332	667	509	158
1333	670	493	158
1330	667	504	160
1330	664	507	158
1326	669	500	156
1320	668	509	159
1325	669	491	159
1318	674	509	153
1318	666	508	159
1306	674	512	156
1321	673	497	160
1312	670	507	158
1310	670	507	158
1315	666	486	166
1305	678	507	153
1310	666	493	160
1310	676	494	154
1309	675	491	154
1307	676	478	158
1307	671	481	157
1309	672	468	155
1305	670	475	159
1298	672	485	156
1299	673	479	156
1288	670	496	164
1286	673	493	160
1289	675	481	156
1279	668	491	159
1278	670	484	160
1272	674	494	154
1278	673	467	152
1283	673	461	153
1268	673	471	159
1255	673	487	160
1267	667	465	161
1252	670	482	153
1242	667	495	157
1244	671	476	161
1254	664	454	163
1237	663	474	160
1232	664	472	163
1229	661	478	164
1227	674	475	159
1248	663	460	171
1253	666	441	164
1263	664	451	169
1271	665	466	168
1279	667	479	176
1291	682	482	168
1324	673	482	177
1341	688	490	167
1363	699	495	160
1383	696	521	168
1412	702	503	165
1424	701	497	166
1466	698	470	178
1479	699	444	178
1506	701	419	186
1526	700	399	177
1540	705	384	185
1564	704	367	177
1566	706	358	185
1569	708	357	173
1569	706	354	176
1574	703	351	187
1573	701	345	193
1574	702	348	185
1560	700	356	188
1557	701	364	177
1551	699	365	187
1543	702	371	183
1537	697	376	186
1538	698	379	189
1532	696	380	186
1527	700	387	183
1527	701	387	177
1525	697	393	176
1520	700	396	180
1527	697	394	181
1518	699	396	178
1519	700	402	180
1499	694	423	187
1497	692	428	182
1497	689	419	185
1486	694	427	184
1485	694	432	178
1474	691	437	182
1469	691	451	186
1453	690	465	190
1458	692	444	188
1450	686	470	189
1436	691	475	183
1430	691	482	178
1416	691	504	183
1408	691	505	185
1396	685	528	177
1396	687	517	188
1381	687	528	185
1383	677	533	189
1366	674	541	189
1360	670	539	195
1357	675	537	185
1359	685	522	169
1357	677	486	179
1354	683	474	173
1337	670	476	183
1333	671	466	183
1317	664	478	184
1316	666	470	189
1305	665	472	189
1300	661	467	183
1285	666	481	178
1274	655	473	184
1285	647	456	193
1267	642	451	200
1262	644	451	196
1256	647	442	187
1249	640	444	195
1239	636	457	192
1233	639	451	190
1221	640	453	184
1216	639	437	185
1208	637	442	182
1188	638	465	178
1185	633	437	180
1177	629	435	188
1169	629	436	182
1167	625	430	182
1161	630	423	180
1156	628	422	171
1141	625	418	180
1136	624	420	177
1135	625	409	173
1124	623	413	170
1114	623	413	169
1106	619	417	169
1091	613	425	168
1095	617	411	170
1090	613	411	168
1075	621	411	160
1075	623	410	153
1076	616	401	159
1064	616	386	161
1050	619	394	153
1060	612	377	158
1055	616	369	151
1046	613	370	152
1036	613	382	154
1033	608	372	161
1020	608	381	153
1012	607	385	153
1009	603	377	157
1003	606	382	151
993	609	407	145
979	594	403	158
972	599	392	153
960	598	391	156
963	599	378	157
960	599	379	150
958	596	372	148
960	597	362	147
959	597	352	146
960	596	342	148
953	599	344	141
954	595	337	149
958	590	327	152
938	586	349	159
937	590	337	150
941	593	333	145
936	592	327	151
935	588	326	153
933	589	319	148
926	586	324	150
919	586	320	149
918	587	320	145
919	588	309	143
910	588	312	140
902	585	323	146
904	587	313	139
892	582	317	144
889	577	314	147
884	580	310	142
882	588	304	139
885	586	306	136
872	586	302	139
871	592	300	124
862	592	301	125
859	590	299	129
851	590	300	127
845	590	301	123
843	592	300	120
847	590	289	122
831	593	301	116
833	589	294	121
825	586	299	120
820	582	293	124
808	585	300	120
807	586	294	118
801	582	294	120
805	582	277	121
792	581	289	121
784	586	294	115
784	579	289	119
769	575	296	120
759	569	303	125
761	572	298	126
754	568	303	126
758	574	281	120
762	573	279	124
757	572	278	118
764	579	265	112
751	574	275	117
745	573	278	118
744	572	269	119
740	571	271	120
734	568	269	125
736	569	265	119
738	570	270	121
746	574	266	118
752	574	260	112
755	570	277	115
769	576	271	113
790	589	268	101
814	575	263	109
830	560	261	124
855	570	251	115
878	576	259	109
909	572	236	111
949	579	230	105
980	586	223	100
994	586	232	98
1023	584	231	98
1040	578	236	103
1060	565	246	115
1085	563	249	124
1111	553	251	130
1147	582	246	103
1178	590	233	96
1203	589	231	98
1227	593	233	102
1243	590	236	104
1250	584	251	112
1264	580	250	114
1262	566	261	124
1269	544	265	153
1279	559	261	133
1283	575	250	114
1287	583	250	109
1293	588	239	105
1292	597	240	96
1297	590	233	103
1292	584	237	109
1300	592	229	100
1281	557	255	132
1295	555	243	131
1315	580	231	108
1310	581	246	105
1320	557	236	127
1320	541	248	142
1332	547	234	135
1337	551	232	129
1345	580	231	99
1343	579	232	95
1342	586	236	91
1349	581	224	96
1349	577	220	100
1346	578	222	92
1338	579	226	89
1338	573	218	94
1336	556	211	112
1328	542	213	118
1339	565	196	94
1324	543	203	114
1317	533	207	121
1319	528	200	123
1317	530	195	128
1305	527	205	124
1302	529	203	113
1307	528	194	114
1307	532	187	109
1303	539	187	102
1294	532	190	107
1288	519	194	116
1283	514	193	120
1272	511	201	121
1275	518	193	109
1269	511	195	114
1270	511	191	114
1264	511	190	114
1261	516	189	104
1259	510	187	111
1261	514	182	102
1249	512	193	104
1246	504	191	111
1248	507	182	106
1246	515	180	97
1247	506	173	104
1243	507	175	99
1239	505	174	101
1239	513	169	90
1233	505	170	100
1235	505	168	97
1222	496	178	101
1217	512	179	83
1219	501	169	94
1228	519	156	75
1225	513	159	81
1221	505	157	88
1220	511	153	77
1207	498	162	86
1205	489	159	96
1200	489	166	95
1200	491	159	90
1197	490	156	92
1194	485	157	95
1193	491	157	87
1190	488	154	92
1190	489	152	86
1187	481	152	93
1186	484	150	92
1184	483	149	94
1183	483	148	91
1178	479	149	94
1180	481	141	91
1176	477	139	89
1172	480	146	91
1172	480	141	89
1171	474	138	95
1169	477	140	89
1169	480	134	82
1160	482	143	83
1164	481	135	83
1161	479	135	81
1153	476	142	84
1157	479	132	82
1152	475	139	85
1153	476	135	79
1150	473	140	82
1152	474	130	81
1142	472	141	79
1148	474	129	77
1146	471	129	80
1143	470	131	79
1144	473	128	78
1141	469	128	78
1141	467	125	78
1131	469	133	75
1131	470	130	74
1131	465	126	78
1131	465	124	75
1132	468	121	71
1131	464	122	76
1128	464	124	75
1130	466	120	72
1133	462	117	75
1130	467	113	68
1129	466	114	71
1127	460	115	75
1131	466	109	68
1129	466	109	69
1125	462	110	69
1115	458	118	73
1113	459	117	68
1109	455	121	72
1111	453	119	72
1110	458	118	66
1112	460	114	61
1113	458	111	65
1113	452	109	71
1113	451	109	74
1114	454	107	69
1113	457	107	63
1116	458	105	59
1115	457	100	65
1115	453	99	66
1115	451	98	68
1116	456	96	63
1119	457	91	63
1119	455	90	64
1116	450	93	67
1123	456	87	60
1126	458	76	60
1126	458	75	57
1103	441	78	40
1120	453	82	52
1126	451	76	61
1138	455	62	54
1117	442	74	48
1120	451	80	56
1104	445	94	60
1103	442	95	62
1105	440	97	68
1101	436	100	68
1099	438	104	63
1108	439	99	63
1109	435	106	63
1114	437	103	58
1123	436	107	46
1138	442	107	57
1145	435	100	57
1160	434	101	57
1182	435	94	51
1191	430	96	52
1216	442	87	50
1218	440	98	47
1226	435	102	54
1239	429	96	61
1246	435	95	53
1251	431	95	55
1257	434	101	54
1260	435	95	58
1261	434	100	55
1266	431	95	60
1267	424	92	67
1264	423	96	67
1263	424	98	67
1267	431	96	59
1260	420	102	71
1264	424	99	65
1265	427	97	63
1265	431	100	61
1265	426	94	65
1266	427	95	62
1266	428	94	61
1261	431	98	59
1268	429	94	59
1271	427	89	62
1266	425	93	60
1268	428	92	56
1266	429	91	54
1267	427	88	55
1268	426	88	57
1267	427	88	55
1266	425	90	54
1263	429	92	51
1264	422	88	58
1266	423	83	57
1263	420	87	58
1263	425	85	54
1265	421	83	55
1262	421	84	52
1260	415	87	59
1262	417	84	57
1262	418	81	53
1260	417	83	54
1257	414	87	56
1251	414	89	59
1249	418	91	53
1254	417	88	54
1254	415	88	54
1253	412	85	55
1256	414	81	53
1256	411	82	54
1255	411	81	54
1252	411	85	53
1253	410	84	53
1257	414	77	50
1257	413	78	50
1257	413	74	50
1254	412	79	48
1255	413	77	50
1256	412	74	49
1255	410	76	48
1255	412	78	48
1255	411	79	49
1254	410	75	47
1252	411	76	45
1250	410	81	45
1254	411	79	43
1251	410	76	44
1255	409	74	42
1249	407	79	43
1252	405	91	47
1243	407	81	43
1248	403	75	46
1251	402	69	48
1252	404	69	44
1252	406	78	43
1247	401	79	45
1248	401	86	45
1249	399	91	46
1243	399	77	44
1247	397	70	47
1245	396	72	47
1255	401	65	42
1261	401	55	43
1268	396	50	46
1271	399	46	42
1276	399	39	42
1270	397	44	42
1271	397	46	43
1263	396	51	42
1265	392	49	46
1272	397	45	37
1269	396	46	39
1273	392	42	42
1266	391	47	42
1275	393	39	40
1268	392	45	40
1271	391	41	42
1275	391	35	41
1270	392	38	39
1277	389	34	44
1272	390	38	41
1265	387	43	45
1263	383	47	48
1263	378	47	50
1257	376	51	51
1249	378	61	49
1246	379	63	48
1245	379	63	48
1246	374	64	54
1247	374	61	54
1248	379	66	49
1247	380	62	45
1248	381	62	46
1247	380	58	48
1249	383	60	43
1247	382	60	43
1246	382	58	44
1248	380	56	44
1249	381	59	42
1249	379	58	43
1249	381	57	43
1249	377	53	44
1249	378	53	45
1250	379	52	43
1251	379	54	41
1252	379	48	41
1252	379	47	40
1254	379	44	40
1253	377	46	43
1255	378	45	41
1255	377	45	41
1255	378	45	42
1256	378	45	41
1258	378	42	41
1256	376	44	43
1258	378	42	41
1260	377	41	45
1259	375	42	44
1257	374	45	47
1261	373	41	47
1263	374	36	44
1262	373	39	43
1261	372	44	44
1261	372	44	43
1264	369	42	47
1264	369	43	45
1264	372	42	40
1268	372	43	37
1265	367	46	46
1265	368	48	43
1263	368	50	43
1263	367	49	44
1265	367	47	44
1266	367	44	42
1267	367	47	42
1267	369	48	40
1267	368	49	41
1266	366	51	41
1267	366	50	42
1266	366	51	43
1267	366	51	39
1267	367	52	37
1270	371	49	42
1271	366	47	43
1271	373	51	52
1276	369	41	66
1274	365	44	74
1272	363	44	72
1268	365	51	79
1274	365	45	74
1267	368	53	70
1271	366	50	68
1266	365	55	72
1266	366	55	74
1268	367	55	71
1263	365	57	74
1265	366	56	71
1265	364	58	74
1265	365	54	75
1268	363	57	78
1268	362	55	82
1273	366	49	77
1271	366	49	74
1271	367	54	73
1279	372	46	68
1279	361	48	73
1275	366	50	75
1270	366	60	76
1277	363	46	79
1271	364	52	78
1272	363	52	81
1276	366	52	73
1278	356	47	73
1280	361	45	69
1281	362	36	78
1290	353	44	73
1277	364	52	83
1280	361	44	77
1282	365	34	71
1280	362	39	76
1279	364	41	76
1277	364	54	75
1280	362	46	70
1285	363	44	66
1289	361	40	68
1282	361	42	70
1279	362	45	73
1282	360	45	74
1285	357	51	76
1279	356	60	79
1286	357	54	71
1284	357	58	69
1281	372	56	70
1283	353	62	59
1288	355	56	48
1288	361	58	47
1279	368	48	50
1297	361	48	44
1283	365	43	53
1297	364	47	43
1288	367	48	47
1296	366	50	43
1280	371	59	50
1281	350	67	51
1284	346	69	54
1287	354	64	50
1286	348	66	53
1288	349	68	60
1280	360	61	68
1288	354	60	67
1286	353	60	59
1288	350	57	59
1292	364	53	54
1293	352	55	59
1286	348	67	54
1292	358	68	52
1286	348	66	59
1287	347	74	61
1287	346	80	62
1279	347	68	56
1287	359	57	44
1291	357	55	43
1291	360	50	42
1290	360	52	40
1295	359	47	41
1296	358	45	38
1298	360	42	39
1297	361	42	37
1294	359	48	38
1294	356	48	41
1295	358	48	40
1297	358	45	39
1298	362	44	35
1296	360	45	42
1297	359	45	40
1293	357	50	38
1292	360	50	38
1298	360	46	48
1301	360	41	43
1302	358	41	41
1305	359	36	37
1309	359	31	38
1310	356	32	39
1311	359	30	38
1312	360	31	36
1313	362	32	33
1314	359	27	38
1309	356	32	39
1310	352	28	45
