1208	517	597	207
1204	523	574	205
1183	522	598	204
1174	517	593	208
1176	515	573	215
1151	521	584	192
1135	515	606	209
1129	520	583	193
1127	512	586	213
1114	519	595	201
1122	521	575	193
1113	515	579	200
1114	514	565	217
1098	515	599	209
1091	510	597	215
1099	511	579	223
1083	509	565	215
1081	513	572	214
1072	522	561	199
1059	518	560	197
1044	517	551	199
1043	523	570	209
1021	510	565	198
1015	522	551	189
1005	516	565	206
990	514	558	198
973	509	567	206
966	511	562	210
951	513	575	201
935	510	558	201
934	511	537	202
926	508	564	211
925	505	556	211
931	511	542	214
928	506	527	203
921	521	552	204
900	520	566	192
912	516	529	207
904	518	543	199
898	513	541	210
895	518	536	198
889	525	556	187
887	522	554	191
878	516	562	195
881	512	564	206
891	514	531	197
900	521	537	214
882	511	563	210
890	524	540	211
885	527	554	198
884	529	549	197
880	523	559	204
893	520	551	204
890	518	528	192
899	529	532	192
888	529	559	185
885	537	547	182
876	524	541	191
876	524	534	191
870	514	514	193
864	526	508	195
847	514	530	201
831	519	530	198
828	516	522	201
814	521	519	191
808	517	502	192
794	514	510	194
777	513	518	196
786	517	493	191
770	515	495	188
754	515	512	189
747	519	511	185
739	519	501	184
733	516	498	194
725	509	503	205
722	516	496	191
737	524	463	184
716	510	482	193
709	513	489	181
703	506	480	192
706	518	477	181
694	510	490	192
684	511	493	196
689	498	483	203
689	508	482	195
686	508	488	201
689	507	474	193
670	505	493	191
682	507	468	197
680	497	479	201
683	500	456	201
688	508	465	190
687	510	470	176
680	503	460	181
696	511	450	172
682	506	471	190
694	513	453	172
681	502	469	183
679	501	472	186
696	499	449	192
682	497	462	213
681	500	465	206
684	500	450	180
685	500	451	169
677	500	461	193
691	493	449	176
696	497	438	198
681	494	457	222
652	493	496	268
633	487	512	265
631	497	511	254
649	484	492	246
650	495	488	230
687	495	451	178
712	492	429	152
711	494	435	154
716	489	426	198
710	485	427	216
684	482	461	251
706	478	435	238
701	482	438	254
719	469	437	258
694	480	451	248
678	481	469	263
651	487	504	276
660	476	495	302
680	476	474	303
695	473	459	318
164	584	515	309
670	474	498	306
759	455	394	295
749	472	413	225
751	466	431	286
769	454	406	274
805	469	347	230
811	471	371	184
827	467	353	181
831	471	363	136
837	476	373	123
848	474	367	119
848	474	367	119
848	474	367	119
848	474	367	119
873	467	354	113
873	467	354	113
873	467	354	113
873	467	354	113
873	467	354	113
873	467	354	113
911	462	350	110
911	462	350	110
911	462	350	110
911	462	350	110
911	462	350	110
911	462	350	110
911	462	350	110
911	462	350	110
911	462	350	110
911	462	350	110
911	462	350	110
911	462	350	110
911	462	350	110
911	462	350	110
697	662	394	142
690	645	436	187
670	621	480	218
679	611	495	231
685	586	530	261
681	556	570	300
718	535	559	317
750	538	526	306
746	541	554	301
777	537	541	313
779	507	551	349
798	540	536	314
817	526	545	323
821	488	566	386
835	517	561	353
856	537	545	336
865	538	540	322
874	514	548	347
869	476	580	406
879	425	577	452
866	482	594	402
883	505	548	376
878	542	567	340
878	523	560	361
846	563	603	300
838	545	612	323
881	548	572	300
882	526	561	358
874	522	580	349
878	507	590	375
844	557	617	303
870	547	590	321
888	519	569	357
905	495	570	388
813	551	679	344
860	544	612	345
839	564	620	322
863	537	607	361
867	514	612	387
851	568	622	327
858	580	611	315
889	565	576	354
893	522	574	404
870	568	595	341
883	582	570	331
852	577	611	351
878	600	581	320
865	582	601	344
875	540	594	413
865	584	611	361
853	567	632	385
878	600	601	342
851	601	626	384
874	606	616	366
851	603	625	371
874	599	605	386
836	580	668	423
871	619	626	374
836	589	662	416
854	592	648	401
860	615	649	406
871	571	638	461
882	607	622	435
863	593	650	452
859	609	652	437
868	611	646	449
860	607	655	463
863	662	639	399
836	669	660	390
856	654	656	409
842	736	669	341
828	695	677	373
858	743	633	322
867	768	644	298
871	791	636	275
864	770	598	298
846	783	691	283
864	729	659	350
841	662	737	412
820	696	730	376
822	709	708	367
815	723	741	357
795	725	798	357
788	709	837	366
815	707	814	367
826	640	828	435
843	657	784	402
865	651	827	406
766	674	926	385
797	700	900	354
715	716	1000	346
739	689	982	376
798	695	900	372
689	686	968	393
809	700	939	392
734	709	1015	381
610	734	1138	339
709	743	1049	332
799	738	953	325
777	731	1015	346
745	734	1045	338
833	706	940	371
783	774	965	303
706	722	1085	348
582	802	1174	279
643	743	1191	321
532	712	1315	378
588	705	1314	362
512	764	1357	334
627	717	1280	355
479	698	1399	405
514	671	1400	402
528	733	1386	359
541	716	1383	358
404	704	1495	395
299	427	1617	525
194	389	1706	648
34	415	1844	631
458	325	1517	709
585	351	1357	651
533	522	1445	587
547	664	1421	417
465	790	1472	285
465	747	1478	318
482	752	1439	314
502	746	1416	317
496	769	1440	314
246	592	1493	420
524	561	1425	530
502	631	1457	467
523	554	1420	540
517	490	1469	592
522	750	1432	419
267	521	1593	536
183	479	1710	603
492	346	1521	701
414	285	1489	739
550	575	1381	532
510	464	1442	638
593	343	1363	681
565	485	1412	587
558	662	1401	572
571	557	1416	562
583	437	1404	637
383	378	1522	667
371	261	1526	781
316	532	1522	599
248	383	1681	683
313	448	1638	621
370	330	1586	734
409	338	1522	738
348	317	1560	734
423	339	1488	686
413	601	1494	520
390	485	1549	583
390	387	1557	685
275	314	1666	749
35	251	1818	808
284	124	1641	969
40	115	1771	947
230	101	1652	974
117	154	1717	944
-3	209	1910	855
205	144	1699	921
15	118	1817	948
230	102	1667	962
10	88	1796	1024
-24	210	1933	822
203	232	1791	791
-10	128	1918	949
1	106	1813	953
-9	148	1868	902
5	153	1886	893
42	144	1843	892
12	109	1868	996
33	154	1861	925
43	116	1814	965
42	149	1872	923
6	118	1894	939
39	155	1661	869
51	143	1740	930
34	141	1838	915
-1	135	1896	929
-2	215	1904	825
-14	132	1908	939
-13	180	1906	898
-18	210	1924	846
186	276	1720	806
456	271	1459	804
343	213	1564	845
243	175	1670	889
108	220	1749	828
0	152	1907	899
18	169	1844	891
-7	334	1946	724
89	190	1800	881
50	144	1864	946
15	163	1903	922
4	108	1894	986
-10	183	1940	891
-12	130	1904	958
-54	210	1937	845
-12	130	1885	951
-37	252	1957	806
1	203	1868	866
66	166	1796	913
50	146	1828	912
22	181	1899	857
-9	209	1945	846
39	227	1880	827
43	249	1863	803
-50	377	2027	691
4	324	1966	743
-7	300	1930	783
23	380	1901	704
156	326	1783	762
126	154	1796	718
146	260	1754	718
57	320	1840	791
-11	271	1926	819
3	192	1914	897
41	157	1811	913
19	253	1934	779
16	280	1897	773
16	154	1857	945
-22	236	1970	809
12	174	1888	875
18	270	1947	764
-14	236	1984	795
-9	130	1910	973
-25	246	1989	809
-76	374	2026	632
-32	186	1988	524
175	351	1929	689
208	318	1766	756
-20	156	1941	622
131	290	1792	382
138	290	1783	391
153	290	1797	427
34	292	1837	392
107	323	1847	409
115	311	1829	368
168	325	1803	352
40	316	1825	338
100	303	1873	412
5	425	1942	641
91	242	1845	537
201	324	1740	395
395	593	1589	386
218	316	1650	394
41	284	1757	454
45	326	1905	424
167	311	1756	460
205	321	1738	414
295	479	1627	613
335	310	1583	576
76	304	1597	431
74	263	1561	483
99	307	1770	399
78	289	1847	336
44	293	1852	335
12	285	1897	344
51	277	1837	350
16	362	1941	441
37	336	1874	405
3	336	1922	423
-22	289	1926	404
2	329	1892	367
43	289	1888	526
96	298	1799	466
28	302	1895	380
-3	297	1920	405
-7	301	1914	380
0	314	1883	362
7	316	1910	433
70	279	1822	393
14	287	1907	389
-16	307	1958	446
-6	306	1944	361
-17	286	1954	432
-15	305	1905	371
-9	323	1926	422
0	270	1851	427
17	300	1870	454
-9	308	1891	369
-38	310	1927	433
-14	290	1867	373
-19	327	1887	437
130	316	1787	554
27	269	1856	669
1	261	1894	744
-44	243	1948	764
1	198	1910	817
9	257	1870	726
-34	270	1919	702
10	267	1856	731
-3	261	1877	784
26	257	1837	767
23	211	1806	795
-25	289	1916	739
-40	366	1922	664
-19	327	1913	710
60	327	1792	697
-17	316	1888	714
9	293	1761	749
23	310	1747	704
