774	352	33	20
771	352	36	19
769	352	36	20
768	353	37	20
766	352	38	22
765	354	34	22
763	353	36	19
761	354	39	18
761	353	36	20
758	354	40	20
755	353	42	26
754	354	42	25
753	355	40	24
754	355	38	22
753	356	36	22
751	357	37	20
750	357	38	20
750	358	35	18
747	358	36	19
747	357	36	21
744	358	38	20
743	358	38	21
742	361	36	19
740	360	38	20
738	361	41	20
737	363	43	19
735	365	40	18
735	367	38	14
733	365	39	18
731	366	40	17
730	366	39	18
727	366	43	20
728	364	39	21
726	366	41	22
722	369	45	17
721	366	44	20
721	368	44	22
719	368	45	21
718	369	49	21
717	370	45	21
717	372	44	19
715	370	44	23
713	371	47	23
711	372	46	22
711	373	45	22
708	375	46	22
710	372	42	26
708	374	42	25
713	373	38	25
718	375	33	28
725	377	27	25
731	377	23	24
722	377	25	23
719	382	26	19
719	382	22	18
719	382	22	18
719	382	22	18
699	386	21	20
698	390	21	19
693	388	19	20
693	388	19	20
723	389	21	19
723	389	21	19
723	389	21	19
723	389	21	19
694	393	19	24
696	394	20	22
696	394	20	22
696	394	20	22
696	394	20	22
702	391	25	27
702	391	25	27
701	390	27	35
695	388	33	39
688	389	39	40
680	390	47	42
674	396	52	36
670	402	56	29
665	404	62	28
666	405	59	28
662	406	60	27
661	406	61	26
660	406	59	28
660	404	60	31
656	407	64	29
660	403	62	36
659	408	64	31
661	413	61	28
659	414	65	27
661	415	63	28
661	416	62	30
659	419	66	30
658	423	66	27
657	428	66	21
661	427	62	25
659	429	64	25
656	430	68	26
659	429	62	30
654	434	68	25
655	433	67	29
656	436	66	27
655	433	66	34
658	434	66	37
658	433	65	39
658	437	64	36
662	443	63	35
658	445	65	35
660	452	65	33
661	455	63	33
655	454	70	37
656	447	69	51
655	465	68	38
650	468	73	41
651	475	71	39
649	476	70	38
645	481	74	45
644	475	71	55
641	482	72	52
639	475	78	65
635	478	81	69
632	505	75	49
627	513	76	42
622	525	77	33
619	533	78	28
612	540	79	27
608	546	80	31
604	551	79	32
595	556	82	37
588	561	86	35
586	572	83	33
578	578	82	34
570	588	83	29
560	592	84	31
544	598	90	36
543	607	90	30
529	620	94	31
523	623	95	34
511	632	89	33
497	644	97	34
481	651	103	32
470	666	100	25
454	676	105	26
435	677	109	38
426	691	104	38
404	705	117	30
398	718	114	28
381	726	122	38
381	738	120	32
370	748	129	33
379	758	130	35
390	766	132	37
398	769	131	43
420	782	125	37
441	787	127	43
458	806	125	38
477	814	125	33
491	817	127	39
514	825	122	43
536	833	124	42
564	860	116	32
512	842	103	39
593	863	109	40
609	884	102	38
621	908	107	26
638	920	99	28
628	908	91	31
628	908	91	31
628	908	91	31
660	949	84	44
660	949	84	44
660	949	84	44
660	949	84	44
654	1002	71	34
654	1002	71	34
654	1002	71	34
654	1002	71	34
654	1002	71	34
654	1002	71	34
654	1002	71	34
654	1002	71	34
707	923	71	41
707	923	71	41
707	923	71	41
707	923	71	41
707	923	71	41
707	923	71	41
707	923	71	41
707	923	71	41
707	923	71	41
707	923	71	41
707	923	71	41
645	849	69	50
748	811	70	40
748	811	70	40
825	798	74	33
825	798	74	33
825	798	74	33
825	798	74	33
825	798	74	33
825	798	74	33
825	798	74	33
825	798	74	33
825	798	74	33
825	798	74	33
825	798	74	33
825	798	74	33
825	798	74	33
825	798	74	33
825	798	74	33
825	798	74	33
825	798	74	33
825	798	74	33
825	798	74	33
825	798	74	33
825	798	74	33
825	798	74	33
825	798	74	33
825	798	74	33
825	798	74	33
825	798	74	33
825	798	74	33
825	798	74	33
825	798	74	33
825	798	74	33
825	798	74	33
825	798	74	33
825	798	74	33
825	798	74	33
825	798	74	33
825	798	74	33
825	798	74	33
825	798	74	33
825	798	74	33
825	798	74	33
825	798	74	33
825	798	74	33
825	798	74	33
825	798	74	33
825	798	74	33
825	798	74	33
825	798	74	33
825	798	74	33
825	798	74	33
825	798	74	33
825	798	74	33
825	798	74	33
825	798	74	33
825	798	74	33
825	798	74	33
825	798	74	33
825	798	74	33
825	798	74	33
825	798	74	33
825	798	74	33
825	798	74	33
825	798	74	33
825	798	74	33
825	798	74	33
825	798	74	33
825	798	74	33
825	798	74	33
825	798	74	33
825	798	74	33
825	798	74	33
825	798	74	33
825	798	74	33
825	798	74	33
825	798	74	33
825	798	74	33
825	798	74	33
825	798	74	33
825	798	74	33
825	798	74	33
825	798	74	33
825	798	74	33
825	798	74	33
825	798	74	33
825	798	74	33
825	798	74	33
825	798	74	33
825	798	74	33
825	798	74	33
825	798	74	33
825	798	74	33
825	798	74	33
825	798	74	33
825	798	74	33
825	798	74	33
825	798	74	33
825	798	74	33
825	798	74	33
825	798	74	33
825	798	74	33
825	798	74	33
825	798	74	33
825	798	74	33
825	798	74	33
825	798	74	33
825	798	74	33
825	798	74	33
825	798	74	33
825	798	74	33
825	798	74	33
825	798	74	33
825	798	74	33
825	798	74	33
825	798	74	33
825	798	74	33
825	798	74	33
825	798	74	33
825	798	74	33
825	798	74	33
825	798	74	33
825	798	74	33
825	798	74	33
825	798	74	33
825	798	74	33
825	798	74	33
825	798	74	33
825	798	74	33
825	798	74	33
825	798	74	33
825	798	74	33
825	798	74	33
825	798	74	33
825	798	74	33
825	798	74	33
825	798	74	33
825	798	74	33
825	798	74	33
825	798	74	33
825	798	74	33
825	798	74	33
825	798	74	33
825	798	74	33
825	798	74	33
825	798	74	33
825	798	74	33
825	798	74	33
825	798	74	33
825	798	74	33
825	798	74	33
825	798	74	33
825	798	74	33
825	798	74	33
825	798	74	33
825	798	74	33
825	798	74	33
825	798	74	33
825	798	74	33
825	798	74	33
825	798	74	33
825	798	74	33
825	798	74	33
825	798	74	33
825	798	74	33
825	798	74	33
825	798	74	33
825	798	74	33
825	798	74	33
825	798	74	33
825	798	74	33
825	798	74	33
825	798	74	33
825	798	74	33
825	798	74	33
825	798	74	33
825	798	74	33
825	798	74	33
825	798	74	33
825	798	74	33
825	798	74	33
825	798	74	33
825	798	74	33
825	798	74	33
825	798	74	33
825	798	74	33
825	798	74	33
825	798	74	33
825	798	74	33
825	798	74	33
825	798	74	33
825	798	74	33
825	798	74	33
825	798	74	33
825	798	74	33
825	798	74	33
825	798	74	33
825	798	74	33
825	798	74	33
825	798	74	33
825	798	74	33
825	798	74	33
825	798	74	33
825	798	74	33
825	798	74	33
825	798	74	33
825	798	74	33
825	798	74	33
825	798	74	33
825	798	74	33
825	798	74	33
825	798	74	33
825	798	74	33
825	798	74	33
825	798	74	33
825	798	74	33
825	798	74	33
825	798	74	33
825	798	74	33
825	798	74	33
825	798	74	33
825	798	74	33
825	798	74	33
825	798	74	33
825	798	74	33
825	798	74	33
825	798	74	33
825	798	74	33
825	798	74	33
825	798	74	33
825	798	74	33
825	798	74	33
825	798	74	33
825	798	74	33
825	798	74	33
825	798	74	33
825	798	74	33
825	798	74	33
825	798	74	33
825	798	74	33
825	798	74	33
825	798	74	33
825	798	74	33
825	798	74	33
825	798	74	33
825	798	74	33
825	798	74	33
825	798	74	33
825	798	74	33
825	798	74	33
825	798	74	33
825	798	74	33
825	798	74	33
825	798	74	33
825	798	74	33
825	798	74	33
825	798	74	33
825	798	74	33
825	798	74	33
825	798	74	33
825	798	74	33
825	798	74	33
825	798	74	33
825	798	74	33
825	798	74	33
825	798	74	33
825	798	74	33
825	798	74	33
825	798	74	33
825	798	74	33
825	798	74	33
825	798	74	33
825	798	74	33
825	798	74	33
825	798	74	33
825	798	74	33
825	798	74	33
825	798	74	33
825	798	74	33
825	798	74	33
825	798	74	33
825	798	74	33
825	798	74	33
825	798	74	33
825	798	74	33
825	798	74	33
825	798	74	33
825	798	74	33
825	798	74	33
825	798	74	33
825	798	74	33
825	798	74	33
825	798	74	33
825	798	74	33
825	798	74	33
825	798	74	33
825	798	74	33
825	798	74	33
825	798	74	33
825	798	74	33
825	798	74	33
825	798	74	33
825	798	74	33
825	798	74	33
825	798	74	33
825	798	74	33
825	798	74	33
825	798	74	33
825	798	74	33
825	798	74	33
825	798	74	33
825	798	74	33
825	798	74	33
825	798	74	33
825	798	74	33
825	798	74	33
825	798	74	33
825	798	74	33
825	798	74	33
825	798	74	33
825	798	74	33
825	798	74	33
825	798	74	33
825	798	74	33
825	798	74	33
825	798	74	33
825	798	74	33
825	798	74	33
825	798	74	33
825	798	74	33
825	798	74	33
825	798	74	33
825	798	74	33
825	798	74	33
825	798	74	33
825	798	74	33
825	798	74	33
