724	336	30	21
722	335	31	20
723	336	31	20
724	335	29	21
725	334	30	21
722	335	32	21
724	334	30	21
723	336	30	19
723	336	34	20
724	335	30	19
723	336	33	19
725	335	29	19
725	334	29	20
724	334	30	21
725	334	29	21
725	334	29	21
724	335	30	19
725	335	29	18
726	335	29	19
726	334	28	20
725	333	30	22
724	334	31	19
725	335	29	18
725	335	29	19
725	333	32	20
725	333	31	20
724	334	34	20
725	334	31	19
725	332	31	21
726	334	31	20
726	332	29	20
726	332	30	21
727	333	28	20
726	332	30	21
726	333	30	21
726	333	32	20
726	332	32	21
726	333	32	19
725	332	30	20
726	332	30	21
727	330	30	23
727	331	30	20
726	331	30	22
726	331	30	22
726	331	31	21
725	330	31	22
726	332	31	21
726	331	31	20
726	329	30	23
725	328	31	24
725	329	31	23
725	329	31	23
727	331	31	20
730	331	29	19
733	332	29	18
737	331	30	18
743	331	29	19
749	331	30	19
756	331	29	21
761	330	29	20
767	330	28	20
771	331	28	19
776	331	27	18
778	331	26	19
780	331	28	19
782	331	27	18
783	331	29	19
783	330	28	20
785	329	28	21
785	329	29	23
785	329	29	22
786	330	29	20
786	329	27	21
785	329	29	22
784	330	30	21
785	331	29	20
784	332	29	18
785	328	29	22
785	329	28	21
785	329	29	22
784	330	30	22
784	331	30	20
785	329	29	22
786	329	27	22
784	331	29	21
784	331	30	19
784	332	29	19
784	331	29	20
784	332	30	20
784	331	31	21
784	331	32	19
784	331	29	20
784	331	29	21
785	332	29	20
784	332	29	20
784	330	28	20
783	330	29	21
784	330	29	22
783	330	31	23
784	330	29	21
785	330	29	21
785	332	30	19
786	333	28	19
786	331	29	20
785	330	30	21
785	332	29	20
785	331	28	20
784	331	30	21
784	330	30	21
784	330	30	22
784	331	30	21
784	331	30	22
783	332	31	21
784	331	31	21
784	333	31	20
785	332	29	20
784	330	30	22
785	330	29	22
783	332	30	21
784	332	30	20
784	332	31	19
783	332	30	21
784	331	29	23
785	332	29	20
784	332	29	20
784	332	29	19
784	331	31	21
785	331	30	20
785	332	28	18
786	332	29	20
786	332	29	20
789	332	28	20
790	333	31	19
794	331	29	21
798	333	31	18
800	332	31	19
805	330	29	22
808	332	28	19
812	332	28	18
814	331	29	20
815	330	31	22
817	330	30	23
818	331	29	20
818	330	29	22
818	331	30	20
821	330	27	22
819	331	28	21
820	332	27	21
821	331	27	19
821	331	27	20
820	331	29	21
820	331	28	20
820	328	27	24
820	329	27	22
819	331	30	20
820	331	28	19
820	330	27	19
820	331	28	20
819	330	29	22
820	331	26	20
819	330	29	22
818	331	29	21
820	331	27	21
819	330	29	22
819	331	29	22
820	330	28	22
819	329	28	22
818	331	29	22
819	330	29	21
819	330	28	21
819	330	28	22
819	329	29	23
818	329	28	22
819	331	27	20
819	329	29	22
819	330	29	21
818	329	30	22
818	330	29	21
819	331	28	21
818	329	29	23
819	331	27	20
819	330	28	23
818	330	28	23
818	330	28	23
818	330	29	22
818	331	28	23
818	330	29	22
818	329	29	23
817	330	30	21
817	331	30	21
818	331	29	21
818	330	29	22
819	330	28	21
819	330	29	21
818	329	28	22
818	329	29	21
818	330	30	20
817	332	29	19
817	332	31	19
818	331	28	19
818	331	29	19
818	332	29	20
817	331	30	21
818	331	30	21
818	331	29	20
817	331	31	20
818	328	31	22
818	329	30	21
818	332	29	19
818	331	30	20
818	329	29	22
817	331	30	21
818	332	30	20
819	331	28	22
818	331	30	21
817	331	30	21
817	330	31	23
818	332	30	20
818	331	30	21
818	333	29	19
818	332	29	20
818	333	29	18
819	333	28	18
818	333	29	17
818	332	30	19
818	334	30	19
819	333	29	21
817	333	31	20
818	333	31	18
817	334	31	18
818	334	29	18
819	335	29	18
819	334	29	20
820	333	28	20
819	334	30	17
819	335	30	17
819	335	29	17
819	335	29	18
819	335	30	18
819	335	30	18
820	335	29	19
820	335	29	17
821	336	28	18
821	335	28	18
821	336	28	18
822	336	28	19
821	336	29	19
822	336	28	18
822	336	29	19
821	337	31	18
822	337	30	19
822	337	29	18
822	337	29	18
821	337	31	18
821	337	31	19
821	337	33	19
821	337	33	20
822	338	32	20
822	336	33	22
821	337	34	20
822	337	32	21
822	338	33	21
822	338	33	21
822	337	33	21
823	338	33	19
824	339	32	18
823	339	34	20
824	340	33	21
823	338	33	22
824	340	31	20
824	339	32	20
824	340	32	20
824	341	33	20
823	340	32	21
823	341	33	21
823	341	35	20
824	341	34	20
824	342	30	20
824	342	33	20
825	342	32	19
824	342	34	20
824	343	30	21
824	342	31	23
823	343	34	21
824	343	31	20
824	344	32	21
824	344	34	22
824	344	35	21
824	344	35	22
825	343	32	21
824	344	32	24
824	345	32	23
824	344	34	22
824	345	36	21
823	346	35	21
824	346	35	21
825	346	32	21
825	346	33	22
825	349	34	19
824	346	36	24
825	348	34	24
825	348	36	20
825	349	33	20
825	349	33	19
826	350	31	18
824	350	32	21
824	349	32	23
825	351	34	20
825	351	34	21
825	351	34	21
825	351	34	21
825	350	34	22
826	350	32	24
826	350	32	24
826	350	32	26
825	351	34	23
825	352	35	24
825	352	33	25
825	352	36	25
825	352	35	25
825	353	37	22
825	353	36	23
826	354	37	23
825	355	36	21
826	357	37	19
826	358	38	19
825	358	40	20
824	358	39	20
825	357	38	22
824	357	38	24
825	358	36	26
825	358	38	25
826	358	37	25
824	359	38	25
823	357	40	27
824	358	39	26
823	358	40	27
824	357	40	27
823	359	38	27
823	358	39	25
823	358	40	28
823	359	39	27
823	359	39	27
823	359	41	28
823	360	42	26
823	360	40	27
822	361	41	26
823	361	40	29
822	361	41	28
823	362	42	29
822	361	41	29
821	363	44	25
822	363	44	23
823	365	42	23
822	365	42	25
823	366	42	25
823	365	43	29
821	366	45	27
821	366	46	25
823	365	44	26
823	367	43	25
824	367	42	26
821	367	45	31
820	368	46	30
823	369	45	28
824	370	45	29
823	368	46	32
824	369	48	33
824	369	44	33
823	371	46	30
824	373	48	30
827	373	47	29
826	374	50	27
826	375	44	26
824	377	49	24
827	377	47	24
826	378	44	28
824	378	48	33
822	378	50	30
825	379	49	30
824	379	50	31
825	382	50	26
826	382	49	26
825	383	50	26
826	383	48	28
829	383	45	30
827	383	47	30
828	385	49	29
828	385	50	31
827	386	50	30
828	387	50	28
828	389	51	27
828	390	49	28
828	392	50	25
828	394	52	25
828	395	52	25
825	393	56	34
826	394	55	31
826	396	53	32
830	396	51	33
829	397	50	31
828	398	52	30
829	400	51	30
827	402	53	27
827	401	54	30
827	400	54	33
829	399	52	35
830	401	52	35
830	401	52	36
829	403	52	36
830	406	50	33
830	406	53	31
830	407	50	34
830	412	53	28
828	413	54	28
828	415	57	26
823	414	60	28
827	416	57	27
828	417	54	29
828	416	57	31
829	414	55	33
831	416	52	33
832	417	52	32
832	417	52	35
832	415	52	37
833	415	52	38
834	415	52	39
834	414	51	43
834	416	53	41
835	416	53	42
834	415	53	44
835	416	55	45
835	416	56	46
838	417	50	47
835	418	56	47
835	418	55	48
833	419	59	48
835	420	59	48
837	423	56	47
838	421	56	51
838	425	57	49
837	424	58	49
838	425	57	50
838	429	57	48
839	426	57	51
839	428	57	51
838	431	60	50
840	431	57	52
838	430	61	53
839	430	61	54
841	432	57	54
841	430	56	56
839	432	62	56
841	434	60	56
841	434	61	56
842	435	61	57
841	435	62	58
843	436	61	58
843	437	64	58
842	439	65	58
842	437	68	61
845	437	62	64
844	437	65	63
844	440	66	65
846	441	64	63
846	440	64	65
847	443	64	66
847	445	66	64
847	445	69	63
846	449	70	65
846	449	72	65
849	448	68	65
846	453	74	63
850	451	69	66
850	455	72	65
850	455	74	64
850	457	75	68
850	456	75	71
850	459	74	65
850	463	76	67
852	463	75	68
851	465	77	67
852	465	78	70
852	468	76	69
854	468	74	68
854	470	78	71
855	471	77	72
854	474	79	71
853	473	82	77
857	475	77	64
854	478	83	66
855	479	81	69
854	479	87	69
857	480	82	70
857	480	85	72
857	482	88	70
856	483	84	69
859	485	83	71
862	487	82	71
859	488	86	69
860	488	87	70
861	489	88	74
864	491	83	74
862	492	88	71
863	494	86	71
863	494	87	73
866	495	85	79
865	498	88	78
864	499	92	79
865	500	95	79
869	500	87	76
864	501	94	80
861	504	100	77
862	507	102	79
862	504	102	82
864	504	100	84
864	506	102	86
863	508	102	84
861	510	108	84
864	510	106	86
864	509	108	90
869	512	103	89
863	512	114	91
869	519	106	87
869	517	110	89
875	517	102	89
874	519	110	89
875	518	110	93
879	521	105	94
881	522	100	93
884	523	96	92
880	524	102	94
887	527	101	94
881	525	108	97
885	528	104	95
889	531	99	96
888	532	104	98
886	531	107	100
887	532	106	102
885	534	109	104
883	534	114	108
877	536	120	105
876	537	128	108
882	537	116	110
880	536	128	113
877	538	129	116
876	534	133	121
877	538	130	119
878	536	127	124
880	543	126	120
882	536	122	130
880	537	127	133
881	537	125	132
880	536	131	138
881	540	133	138
878	545	139	138
884	536	135	146
881	543	141	144
881	544	138	144
883	541	134	152
883	541	140	157
880	544	148	156
884	546	144	156
882	550	151	156
882	544	150	162
882	549	148	160
885	552	153	162
880	561	156	157
885	548	152	167
883	556	157	168
882	551	163	172
882	557	163	175
883	552	161	177
883	554	164	182
883	556	167	184
883	556	172	187
886	556	169	187
884	559	176	192
882	561	176	191
888	559	177	196
885	561	179	201
888	567	177	193
888	562	176	202
887	560	184	203
883	562	191	209
889	566	187	209
889	556	187	217
890	555	189	224
888	567	195	221
889	556	201	227
889	565	202	229
897	555	191	235
891	566	201	238
894	563	202	228
894	558	198	245
896	562	207	245
898	557	205	250
892	564	215	246
899	563	215	247
896	565	220	254
902	558	210	262
896	558	232	265
899	555	231	267
898	567	229	265
905	555	233	274
899	564	241	273
898	566	246	281
905	559	244	279
897	559	246	290
906	555	250	297
900	561	248	279
901	562	253	297
904	567	246	273
901	564	251	300
910	557	246	291
908	556	257	317
907	555	270	325
909	554	252	316
910	564	259	323
913	563	256	336
918	559	256	330
918	556	259	345
923	557	246	330
918	560	292	365
917	559	292	364
918	554	315	378
921	552	318	392
929	552	313	383
926	550	318	394
927	549	314	387
922	545	308	376
924	551	301	308
927	557	300	305
923	555	321	296
923	553	335	322
935	558	323	342
943	541	314	342
940	560	332	343
944	547	331	336
934	549	367	384
949	546	370	408
957	550	374	388
937	545	398	362
950	548	394	436
959	535	394	448
970	537	398	431
947	541	437	408
952	550	430	368
983	559	417	418
945	527	456	403
942	541	482	398
931	539	517	395
948	543	509	438
971	561	487	407
964	560	513	440
947	556	549	439
940	548	576	442
943	555	588	487
941	558	605	456
951	555	613	476
955	553	636	482
959	573	653	473
956	556	666	477
960	586	685	470
958	567	702	494
956	566	728	499
978	586	684	464
980	592	748	473
991	568	748	491
986	584	716	438
992	605	709	358
990	598	658	333
996	608	681	322
1011	610	680	324
1008	609	695	338
998	623	726	339
1003	618	716	358
989	612	740	378
979	622	769	388
973	616	769	396
961	627	775	386
955	636	783	385
950	642	792	380
949	638	721	351
939	638	642	339
931	635	621	358
918	635	619	355
911	636	649	398
913	627	637	416
886	641	658	388
878	643	661	370
875	642	667	387
878	643	657	372
844	648	683	394
981	662	572	341
909	642	598	372
877	645	645	376
847	649	687	381
828	652	702	300
856	661	670	314
886	657	639	213
861	706	656	252
856	660	703	284
832	659	729	258
835	656	712	276
872	660	679	206
879	679	687	271
874	670	681	220
880	667	690	211
855	655	721	241
826	685	707	284
869	660	743	251
862	647	754	241
866	649	723	205
870	674	661	254
925	643	649	227
923	686	655	268
903	674	685	223
900	637	650	212
994	696	712	220
977	697	756	176
920	676	798	176
875	659	833	171
858	641	851	193
852	652	823	164
848	649	826	165
848	726	857	203
798	697	914	278
777	663	926	335
757	652	929	352
752	636	918	369
760	603	880	400
758	621	861	347
755	591	860	398
737	548	843	460
719	591	905	396
733	551	895	465
711	590	949	398
711	570	934	426
677	584	839	363
692	590	880	378
670	581	889	381
675	566	839	394
672	565	822	382
663	565	814	361
655	555	810	382
639	536	731	390
618	567	736	347
622	550	746	356
592	553	654	344
597	543	564	338
593	528	543	347
588	529	539	337
552	537	552	331
562	531	520	330
534	514	508	345
516	532	521	318
523	529	478	323
499	520	480	326
489	510	480	324
481	520	453	316
472	513	447	316
470	506	429	319
462	515	434	305
465	506	410	310
460	507	413	301
466	510	389	292
472	509	385	285
472	506	379	289
476	520	347	264
483	509	349	272
492	500	348	276
493	497	326	272
505	500	327	263
509	493	336	267
507	497	309	265
506	493	321	266
510	491	324	264
511	487	307	265
519	489	301	260
532	487	290	257
521	489	297	253
522	481	300	257
550	481	265	254
522	488	296	238
523	481	297	243
529	476	291	244
528	477	284	239
525	477	296	240
529	478	286	236
533	477	282	231
528	477	291	235
532	475	281	233
534	480	277	224
541	474	266	230
540	474	265	219
537	470	269	221
536	472	272	212
545	466	262	224
538	470	276	213
543	468	259	222
547	466	255	222
542	468	255	217
546	470	254	216
543	467	252	213
545	469	253	214
545	468	251	209
542	466	251	215
541	465	253	225
546	467	248	214
542	468	251	216
540	468	254	220
537	471	267	213
537	473	257	207
538	471	252	235
533	474	263	233
531	474	264	230
535	477	252	205
533	478	250	241
528	484	261	219
529	486	255	197
527	485	265	232
527	484	257	226
544	489	233	197
537	489	244	200
536	490	244	211
531	493	254	247
530	495	252	246
529	496	254	237
522	498	266	219
532	492	248	214
522	492	264	246
522	495	263	231
523	493	259	227
530	494	252	200
539	491	237	186
537	493	240	199
537	491	238	203
534	492	245	221
534	492	242	185
532	494	247	198
528	491	248	226
524	495	250	193
530	496	247	208
523	498	257	229
524	495	252	234
532	496	243	216
534	499	241	169
531	496	246	169
536	499	239	172
525	499	250	183
531	497	239	178
535	497	237	167
532	495	237	173
530	496	240	176
533	498	238	174
535	498	238	177
535	500	239	173
528	500	248	183
534	503	244	187
523	501	251	204
528	503	241	156
526	501	247	187
525	504	247	171
524	502	250	179
529	507	244	153
528	511	242	140
529	505	230	142
531	517	233	175
513	511	259	179
524	507	246	164
522	509	243	154
517	511	243	143
515	512	244	157
512	511	253	166
517	510	245	158
521	529	249	183
514	514	253	178
514	512	254	175
520	512	234	146
532	524	227	168
512	516	256	181
515	515	246	172
511	520	249	150
511	518	251	150
508	516	255	152
506	519	258	163
506	520	252	156
504	520	255	150
505	520	264	179
505	520	264	177
504	520	264	167
500	522	266	165
494	526	275	177
503	526	266	165
499	527	263	150
488	533	296	174
488	530	298	187
494	527	292	212
485	529	309	251
483	528	311	271
476	529	317	280
464	534	329	289
467	537	335	294
476	536	317	305
463	541	337	295
474	542	326	304
452	547	346	293
476	546	328	298
441	544	364	304
466	549	343	300
444	546	365	299
451	550	367	304
455	548	363	307
441	556	381	293
442	556	382	294
445	551	374	302
448	549	383	310
456	552	379	313
440	566	404	288
435	562	409	290
430	558	424	302
430	572	429	273
441	555	408	305
436	560	439	307
438	563	430	295
422	566	446	292
431	566	434	285
434	552	446	318
430	560	453	294
425	564	464	285
425	563	461	301
432	564	461	285
426	559	464	299
429	570	473	274
420	558	481	295
432	567	485	281
423	572	488	280
431	569	501	282
426	576	506	269
433	570	510	288
434	578	505	273
441	587	509	263
439	581	519	270
438	590	529	264
448	589	528	267
447	594	528	258
455	592	538	258
454	593	538	265
465	592	536	262
465	594	534	263
470	599	535	249
485	606	519	247
485	617	535	233
489	609	537	243
497	611	530	242
505	605	537	247
509	608	520	251
510	615	533	245
514	610	532	246
524	626	539	235
521	618	550	237
531	623	529	224
537	632	531	215
532	634	537	223
547	640	542	216
551	642	539	210
549	640	545	213
561	639	530	223
563	642	543	221
570	648	536	212
566	651	543	206
580	655	536	211
576	657	547	220
576	659	561	222
583	666	559	222
586	677	562	216
583	679	560	226
587	684	567	229
602	692	565	229
610	692	546	244
607	696	563	233
606	702	571	231
613	705	574	251
619	714	566	238
629	714	553	243
625	723	563	238
622	725	574	242
629	733	573	241
638	740	552	241
636	742	564	240
635	739	570	241
640	743	563	235
645	753	557	214
646	744	567	243
647	747	564	252
645	749	574	234
665	748	562	245
652	755	583	253
663	751	560	220
666	750	579	247
670	750	581	258
670	757	592	242
675	755	572	245
687	763	561	217
671	762	581	227
687	761	584	242
687	764	583	234
693	763	582	260
691	765	593	238
698	768	586	254
698	776	592	228
709	775	595	234
698	765	601	249
715	770	587	232
704	764	601	246
718	766	575	199
711	767	595	198
714	769	594	187
721	768	575	180
701	769	590	197
699	771	589	182
690	774	587	174
672	784	595	179
660	777	612	188
664	774	599	200
630	777	615	196
625	784	613	178
604	788	621	178
585	786	616	175
563	789	619	166
551	803	630	160
547	794	620	166
522	810	637	159
507	797	639	168
493	800	637	175
462	807	654	162
455	808	646	159
427	812	674	175
414	814	650	161
402	824	669	167
377	819	683	165
366	826	683	173
352	826	681	171
333	830	696	185
316	819	684	187
293	840	705	180
283	829	713	184
290	846	686	173
272	846	705	180
278	842	680	188
248	851	700	184
258	849	684	178
259	845	685	196
220	859	731	188
244	851	707	182
223	859	732	192
241	862	722	183
214	858	748	189
224	858	745	189
226	867	748	186
209	857	770	191
212	866	782	192
193	859	804	186
223	866	780	196
239	864	773	175
239	864	775	193
252	855	767	192
250	866	780	186
276	849	755	192
276	855	766	194
291	854	758	182
288	844	764	209
319	843	734	193
309	850	768	199
298	841	779	197
318	847	771	195
321	837	776	196
350	848	765	183
382	833	723	186
345	841	773	198
369	825	751	202
377	844	768	186
378	830	763	185
381	824	770	194
405	830	748	174
421	820	730	185
444	826	725	184
464	819	706	182
449	808	732	192
441	821	761	193
466	816	725	186
499	809	701	184
497	813	726	232
485	797	744	258
502	803	742	259
500	798	746	269
520	801	737	270
530	801	723	265
562	793	703	243
553	786	697	263
567	783	702	279
584	784	691	273
570	780	712	277
590	788	700	250
608	785	698	249
606	768	685	270
624	771	683	256
630	765	685	256
619	752	694	271
649	752	675	264
664	757	660	258
667	752	669	243
671	746	664	258
686	757	650	251
697	757	647	239
689	747	664	257
700	756	656	232
702	742	662	255
717	748	649	248
715	744	659	251
736	742	643	249
718	744	659	243
742	741	646	252
741	739	644	261
738	744	661	257
750	736	654	242
767	737	648	248
748	738	653	253
774	743	654	253
776	739	638	251
788	742	650	257
777	733	650	268
791	740	639	241
800	733	653	264
807	741	632	235
800	744	660	249
815	738	640	253
815	737	651	262
830	742	642	241
810	741	649	253
836	745	660	242
829	739	647	261
844	751	642	241
841	752	668	242
856	747	634	248
874	748	627	245
849	746	645	253
872	746	644	255
878	747	627	250
882	745	644	257
869	747	643	249
889	752	645	245
890	750	621	251
901	745	627	261
909	749	619	245
919	752	613	243
914	743	625	264
917	749	619	252
928	755	633	237
907	744	647	261
930	751	602	252
942	746	628	261
957	751	613	240
932	755	624	253
952	748	622	255
963	749	603	269
966	752	605	261
967	757	617	257
981	755	602	237
966	758	637	243
981	751	625	257
986	753	627	264
995	753	610	260
1003	751	598	269
1007	752	605	262
1014	748	598	267
1012	747	591	273
1004	754	608	268
1020	753	589	267
1022	750	608	258
1030	756	594	260
1036	752	596	261
1030	756	620	247
1050	753	592	250
1055	753	585	252
1061	745	578	266
1054	750	591	259
1062	749	588	254
1074	748	585	260
1075	753	581	251
1082	748	572	262
1081	752	599	253
1092	753	591	246
1104	753	572	239
1102	754	588	248
1102	754	590	246
1104	753	591	254
1113	753	566	235
1118	755	561	246
1118	751	553	246
1112	748	571	245
1118	746	541	254
1109	733	529	276
1093	741	536	254
1091	738	512	258
1081	740	492	250
1072	734	507	251
1057	727	492	264
1047	726	490	253
1035	725	477	257
1016	713	481	274
995	714	488	262
986	716	471	273
976	707	437	255
955	713	455	262
946	707	444	252
927	705	451	259
913	701	445	256
900	701	435	266
884	701	437	279
880	700	432	257
869	699	421	274
861	700	415	268
858	692	419	279
853	704	420	265
856	698	411	269
855	689	422	288
851	702	427	259
855	699	394	277
856	699	398	274
860	704	422	255
849	698	435	266
861	701	398	278
862	703	418	266
860	703	402	273
864	700	413	261
862	705	407	265
863	703	408	264
866	698	378	275
863	704	418	267
865	699	376	280
864	699	375	271
869	701	366	283
863	706	405	269
873	707	401	268
865	703	405	277
865	697	418	272
864	702	400	266
866	702	399	278
868	703	416	263
872	703	384	265
863	703	419	272
866	705	398	281
871	717	394	249
865	709	389	274
866	716	400	257
864	702	435	275
864	705	407	268
872	707	387	282
868	708	402	277
859	712	424	263
867	712	397	270
869	711	395	267
866	708	403	281
867	714	358	271
867	710	369	280
864	713	405	268
861	714	422	262
854	715	423	272
856	714	444	265
858	712	400	282
858	714	450	273
859	714	416	276
857	710	435	288
861	705	416	282
858	709	415	278
858	720	420	264
854	714	410	269
853	704	412	285
858	718	413	274
855	709	420	288
861	705	400	283
856	710	414	282
853	713	406	279
855	711	400	278
856	712	430	284
854	708	429	274
842	706	432	275
848	710	432	273
846	707	449	270
856	707	409	271
854	706	395	276
852	708	440	280
849	693	425	288
851	704	429	279
850	702	448	284
844	701	445	283
850	704	415	275
849	706	427	271
844	706	426	279
852	704	393	286
851	704	392	289
851	708	430	271
850	703	404	263
855	704	389	273
852	706	412	266
