170	692	623	383
164	693	630	371
214	676	589	390
234	664	567	384
225	660	589	386
232	642	602	427
225	634	610	426
247	620	592	449
275	625	560	425
245	622	610	451
247	616	613	454
241	597	618	473
266	590	604	476
256	594	613	476
250	579	630	481
253	579	627	470
256	565	630	469
292	563	593	456
319	563	569	451
316	561	571	449
375	567	503	423
361	568	532	402
398	561	497	394
403	559	503	396
397	557	505	386
411	555	494	371
425	549	487	372
437	551	467	363
452	557	459	352
451	554	460	352
485	548	429	351
486	550	429	340
490	554	437	332
508	554	420	332
511	547	405	332
507	555	416	314
523	548	413	319
518	552	421	306
539	553	400	319
539	549	400	306
543	546	400	309
553	545	387	313
559	552	391	300
570	557	381	304
567	552	387	294
586	546	375	307
585	552	371	296
597	556	369	298
589	569	374	294
599	565	377	299
605	563	374	299
614	569	372	297
626	571	365	306
628	578	367	297
635	586	367	298
633	593	373	281
640	590	357	289
634	588	368	283
641	585	375	288
650	588	363	280
664	588	350	284
666	590	348	283
671	587	358	279
682	580	342	288
696	571	326	277
686	569	331	280
698	571	324	272
713	571	315	272
701	556	322	279
714	565	318	265
728	566	300	268
731	564	303	259
745	564	292	257
737	563	302	259
740	557	314	272
741	561	310	265
749	559	303	263
752	560	309	268
762	558	296	266
779	563	278	259
773	579	276	256
794	563	258	259
798	581	258	257
778	581	274	270
788	573	270	264
803	571	248	267
800	569	256	296
787	572	262	279
779	559	276	256
756	559	298	292
751	565	309	288
743	553	316	295
741	564	317	335
747	548	305	376
747	548	305	376
747	548	305	376
747	548	305	376
747	548	305	376
747	548	305	376
747	548	305	376
747	548	305	376
747	548	305	376
747	548	305	376
747	548	305	376
747	548	305	376
747	548	305	376
747	548	305	376
747	548	305	376
747	548	305	376
747	548	305	376
747	548	305	376
747	548	305	376
747	548	305	376
747	548	305	376
747	548	305	376
747	548	305	376
747	548	305	376
747	548	305	376
747	548	305	376
747	548	305	376
747	548	305	376
834	340	302	356
834	340	302	356
834	340	302	356
834	340	302	356
834	340	302	356
834	340	302	356
834	340	302	356
864	348	292	297
864	348	292	297
864	348	292	297
864	348	292	297
864	348	292	297
864	348	292	297
864	348	292	297
864	348	292	297
864	348	292	297
864	348	292	297
864	348	292	297
864	348	292	297
864	348	292	297
864	348	292	297
864	348	292	297
864	348	292	297
864	348	292	297
864	348	292	297
864	348	292	297
864	348	292	297
864	348	292	297
864	348	292	297
864	348	292	297
864	347	343	230
788	378	347	259
792	367	381	207
819	341	416	217
726	394	415	216
735	396	421	162
750	383	409	181
784	348	429	225
802	351	417	264
818	354	412	184
782	355	441	204
816	359	435	182
800	365	437	172
754	362	476	185
781	349	476	203
730	352	515	197
757	359	482	194
784	366	459	184
734	369	487	206
738	363	493	193
783	355	446	184
714	367	498	190
759	372	468	197
787	369	444	185
739	367	456	215
764	363	456	206
785	364	449	199
724	368	461	197
786	363	438	218
708	365	490	201
740	374	490	185
795	374	428	164
763	374	405	176
797	384	362	147
776	379	341	160
807	374	320	160
808	374	331	160
806	374	333	161
808	378	334	151
776	376	329	153
807	373	327	156
775	373	318	177
807	368	316	163
802	369	334	164
808	373	332	154
772	364	356	163
805	375	328	150
808	373	334	144
788	372	332	154
809	369	320	156
804	373	331	142
805	370	336	150
801	376	363	140
801	367	399	155
751	360	424	182
795	359	421	164
739	365	449	158
795	359	428	178
736	365	456	165
793	352	433	197
757	355	441	200
793	356	432	185
779	356	435	182
788	361	447	172
742	360	446	163
787	347	443	196
786	358	425	182
793	365	408	180
791	362	426	176
797	360	414	175
795	362	416	170
784	363	434	173
788	354	425	191
782	355	433	198
787	355	432	197
783	358	430	187
782	351	434	204
791	352	421	203
783	361	433	184
777	362	434	153
776	361	437	105
739	364	440	88
778	362	436	90
767	356	443	96
786	355	415	92
767	353	404	97
729	353	391	96
786	352	373	95
746	359	359	91
767	356	354	91
790	360	334	88
759	362	361	83
771	357	382	91
779	356	355	96
791	371	334	75
776	364	349	82
777	356	363	92
791	371	332	96
776	372	325	78
781	367	340	83
775	372	317	80
755	367	352	83
770	372	352	82
753	366	356	85
768	359	352	95
767	354	341	101
771	363	351	92
766	355	346	98
774	355	347	99
777	355	345	98
782	361	338	92
780	359	343	94
772	358	348	95
774	356	338	99
777	366	337	99
781	366	318	95
749	359	346	99
751	360	364	104
769	365	322	103
770	361	305	106
771	374	290	96
768	378	261	93
764	371	260	91
766	369	259	91
759	366	272	98
763	367	264	98
769	365	259	95
765	367	259	97
771	376	248	86
768	369	254	94
749	367	268	95
751	360	264	96
759	363	260	104
749	356	275	104
757	363	264	95
758	364	282	91
752	363	300	94
743	359	301	97
754	364	282	85
751	354	300	101
769	360	311	98
814	356	319	103
830	352	299	97
849	345	291	109
860	350	286	102
891	346	265	108
908	346	258	112
916	353	265	99
935	353	259	99
941	351	257	98
950	354	255	90
947	356	265	100
936	357	276	93
950	355	269	91
960	354	256	94
956	358	251	93
954	348	261	103
950	354	263	101
947	350	279	106
945	348	294	115
998	363	339	122
948	372	396	95
974	388	384	78
930	337	427	104
947	354	445	107
932	369	453	87
912	363	458	84
911	358	472	94
932	364	452	83
922	363	463	80
928	351	463	90
923	353	478	87
925	356	466	81
929	345	468	94
926	337	476	94
916	338	480	87
922	335	468	90
927	329	470	90
931	334	467	103
932	339	448	140
939	340	422	192
936	335	436	203
936	337	441	205
935	333	468	204
934	329	499	209
940	314	478	215
931	311	505	232
923	313	490	219
926	309	496	224
910	248	516	286
924	311	537	227
933	313	497	217
929	311	482	218
931	303	472	219
925	307	470	222
922	311	483	213
910	306	476	219
918	313	505	216
921	312	499	209
926	305	487	220
926	294	458	229
926	301	475	225
1004	325	541	215
929	316	513	215
938	308	437	221
929	323	458	219
1032	328	392	213
1044	330	348	200
1045	334	347	203
1033	344	346	198
1033	339	376	202
1030	351	339	191
1049	351	333	179
1061	350	316	190
1055	334	324	205
1059	348	321	189
1060	329	325	200
1066	324	330	177
1066	326	319	187
1066	309	321	212
1074	312	296	185
1073	331	238	161
1054	319	237	178
1093	322	276	144
1079	326	298	172
1081	324	309	178
1079	325	306	174
1068	331	314	171
1078	325	305	168
1084	328	317	175
1090	334	299	165
1095	338	296	165
1083	340	308	166
1088	334	317	175
1092	339	310	180
1100	337	298	191
1103	338	304	186
1088	333	323	185
1099	345	298	122
1102	355	297	103
1111	354	295	96
1116	365	286	86
1118	370	287	89
1117	380	299	69
1116	376	294	80
1121	369	300	87
1116	373	311	84
1119	374	314	86
1115	357	333	98
1121	355	313	110
1115	361	313	106
1118	359	324	110
1121	358	328	110
1118	354	344	114
1110	354	349	116
1112	357	356	116
1116	360	350	115
1122	355	347	116
1114	353	372	124
1110	348	385	129
1113	344	385	138
1113	347	396	137
1106	345	408	141
1109	346	388	141
1095	354	407	133
1058	357	417	134
1076	357	417	137
1077	352	420	146
1039	354	450	143
1050	354	454	153
1047	352	454	153
1056	352	452	164
1054	349	462	165
1064	353	470	167
1075	351	447	170
1076	348	470	182
1055	351	496	178
1069	364	496	179
1056	357	524	182
1064	363	526	183
1065	361	542	189
1080	361	541	199
1070	358	569	208
1063	364	598	205
1075	363	613	213
1029	362	654	221
1080	353	644	234
1104	350	654	253
1064	351	709	259
1016	353	694	257
1060	338	782	289
1110	356	800	283
1029	355	728	290
1073	357	654	295
1096	371	643	307
1082	356	646	325
1112	366	610	336
1124	377	556	348
1061	402	593	338
999	427	618	327
1057	392	591	389
994	377	579	416
937	423	596	386
1033	387	491	442
996	376	470	471
966	418	439	444
949	437	455	440
903	440	504	463
683	351	597	565
753	442	608	498
