364	859	259	218
376	864	255	198
389	850	245	207
405	837	236	208
415	836	242	185
429	828	229	187
422	826	243	180
445	814	224	172
446	805	223	175
463	797	210	172
476	792	204	171
478	779	211	175
494	774	206	162
498	762	198	162
500	751	204	171
526	751	188	156
527	743	190	151
534	738	186	152
543	732	180	144
557	731	169	133
564	721	175	128
570	716	176	132
583	710	162	132
586	703	160	130
588	701	170	120
603	692	157	126
601	689	152	122
613	686	148	115
616	684	148	110
620	672	151	119
628	670	148	111
635	664	156	113
637	658	151	113
647	655	140	111
654	655	123	104
662	650	122	105
664	648	127	102
665	649	120	95
672	641	125	98
674	639	134	97
682	635	123	97
684	632	122	94
685	626	118	95
690	629	116	94
696	627	129	86
699	624	114	86
703	623	115	84
701	619	121	89
707	618	116	84
714	622	104	71
714	614	102	78
716	610	116	77
719	601	99	80
719	601	102	78
718	598	102	78
719	593	100	81
721	595	100	79
726	593	102	76
726	588	108	82
720	586	109	74
736	579	107	83
740	581	94	76
739	576	91	83
744	577	87	81
759	574	73	73
753	583	80	67
768	565	94	80
761	567	102	88
766	566	90	91
766	569	100	86
767	571	93	79
771	561	91	80
773	561	84	73
774	562	82	70
778	551	84	69
769	556	90	79
781	547	87	79
774	547	95	79
780	550	85	76
779	548	93	67
783	547	89	69
783	546	90	67
781	546	91	71
779	544	95	71
778	544	91	71
787	545	81	62
791	543	80	64
790	543	86	60
792	542	80	63
790	544	84	58
798	546	78	59
797	543	83	54
798	542	79	57
798	542	79	57
793	534	83	62
793	534	83	62
793	534	83	62
793	534	83	62
811	535	80	63
811	535	80	63
811	535	80	63
836	529	80	68
862	520	74	77
882	521	62	74
888	527	52	61
895	526	58	62
906	524	59	64
920	523	61	61
930	524	68	62
949	525	71	58
969	523	76	60
983	527	76	54
994	526	76	57
994	526	76	57
1028	524	67	60
1028	524	67	60
1040	524	76	55
1040	524	76	55
1054	515	91	64
1054	515	91	64
1054	515	91	64
1054	515	91	64
1054	515	91	64
1054	515	91	64
1054	515	91	64
1054	515	91	64
1058	513	104	62
1058	513	104	62
1058	513	104	62
1061	494	84	60
1056	504	79	61
1057	499	79	66
1055	496	84	78
1049	495	89	85
1052	491	90	98
1056	487	86	107
1055	476	105	124
1043	480	101	122
1043	480	101	122
1043	480	101	122
1043	480	101	122
1050	481	97	151
1051	473	104	159
1043	463	117	164
1043	463	117	164
1036	462	142	156
1023	463	169	177
1023	463	169	177
1011	449	189	172
1011	449	189	172
1000	422	215	188
1000	446	180	186
1050	424	188	187
1031	429	220	229
1038	441	225	266
1033	375	288	314
1033	375	288	314
1069	442	265	281
1050	430	289	315
999	358	294	348
999	358	294	348
999	358	294	348
999	358	294	348
999	358	294	348
999	358	294	348
999	358	294	348
981	414	325	336
1063	430	284	354
1063	430	284	354
1063	430	284	354
1063	430	284	354
1063	430	284	354
1063	430	284	354
995	282	281	407
1007	289	280	441
1007	289	280	441
1007	289	280	441
1007	289	280	441
1007	289	280	441
1007	289	280	441
1007	289	280	441
1007	289	280	441
1007	289	280	441
1007	289	280	441
1007	289	280	441
1007	289	280	441
1044	331	328	422
1067	264	289	485
1067	264	289	485
1067	264	289	485
1067	264	289	485
967	227	291	433
967	227	291	433
967	227	291	433
967	227	291	433
967	227	291	433
967	227	291	433
995	258	382	427
995	258	382	427
1052	265	340	502
1052	265	340	502
1052	265	340	502
1052	265	340	502
1055	275	356	499
519	248	413	461
1069	276	346	491
1069	276	346	491
1069	276	346	491
1069	276	346	491
1081	243	335	542
1081	243	335	542
1092	260	304	514
1092	260	304	514
1092	260	304	514
1092	260	304	514
1092	260	304	514
1092	260	304	514
1092	260	304	514
1092	260	304	514
1092	260	304	514
1101	258	316	510
516	211	267	463
1090	267	315	488
1092	244	320	443
1115	254	299	498
1101	263	314	509
1089	287	337	495
1094	292	315	491
1109	259	291	522
1120	267	279	484
1121	271	285	453
1108	285	291	450
1098	367	304	388
1102	380	257	348
1096	381	270	334
1096	377	269	338
1105	327	282	360
1099	385	270	333
1099	385	270	333
1099	385	270	333
1099	385	270	333
1099	385	270	333
1099	385	270	333
1099	385	270	333
1099	385	270	333
1099	385	270	333
1099	385	270	333
1099	385	270	333
1099	385	270	333
1099	385	270	333
1099	385	270	333
1099	385	270	333
1099	385	270	333
1099	385	270	333
1099	385	270	333
1099	385	270	333
1099	385	270	333
1099	385	270	333
1099	385	270	333
1099	385	270	333
1099	385	270	333
1099	385	270	333
1099	385	270	333
1099	385	270	333
1099	385	270	333
1099	385	270	333
1099	385	270	333
1099	385	270	333
1099	385	270	333
1099	385	270	333
1099	385	270	333
1099	385	270	333
1099	385	270	333
1099	385	270	333
1099	385	270	333
1099	385	270	333
1125	352	255	336
1125	352	255	336
1125	352	255	336
1191	535	220	337
1211	614	223	349
1138	359	233	330
1156	252	248	380
1156	327	264	394
1162	370	272	420
1170	357	297	419
1183	447	259	429
1166	351	312	374
1159	529	282	457
1147	368	240	414
1216	546	198	426
1186	323	219	397
1172	319	239	367
1184	354	298	357
1171	341	327	364
1160	357	338	331
1195	371	291	303
1191	350	299	318
1174	522	294	400
1189	291	217	450
1191	253	238	424
1210	235	211	444
1193	269	220	471
1206	269	214	426
1181	303	254	392
1210	319	199	365
1201	327	209	354
1203	337	241	316
1208	349	275	282
1199	352	278	271
1220	363	252	267
1221	363	252	258
1241	356	248	273
1263	529	202	285
