1157	558	148	95
1134	558	150	98
1117	560	149	95
1106	564	146	97
1095	572	153	95
1092	571	154	99
1094	579	153	97
1099	582	155	101
1103	586	154	102
1106	590	159	102
1113	595	163	106
1119	596	165	110
1123	603	178	108
1131	606	185	115
1143	612	187	112
1148	618	183	116
1160	621	185	119
1170	623	194	124
1182	630	193	124
1192	632	201	133
1202	640	206	131
1209	645	223	132
1221	652	224	134
1233	659	228	135
1242	665	235	140
1253	672	237	142
1255	675	237	148
1253	683	250	155
1251	688	248	157
1238	693	262	157
1227	698	265	162
1211	704	264	162
1191	703	273	166
1171	712	270	168
1140	717	286	162
1119	720	285	174
1087	724	291	164
1055	726	297	171
1034	737	297	162
998	741	302	166
974	742	312	175
938	746	321	181
918	751	309	184
890	755	326	179
879	763	317	185
858	771	321	180
827	783	331	178
790	789	351	175
774	795	346	181
744	796	364	183
724	803	364	192
695	811	376	180
682	820	378	187
679	821	373	188
673	823	382	193
662	830	390	194
665	836	404	193
669	845	410	187
692	849	414	187
711	846	418	189
750	849	416	189
778	852	425	188
812	854	409	203
843	856	429	197
874	849	444	205
917	841	431	214
949	848	427	204
982	855	441	203
1029	836	441	227
1061	823	439	239
1102	799	444	268
1116	795	464	250
1140	825	473	251
1202	866	449	201
1263	856	432	215
1252	848	461	214
1279	843	446	218
1295	840	443	215
1312	816	441	239
1320	836	447	210
1323	830	429	218
1329	816	419	219
1332	800	408	231
1337	811	392	214
1329	811	391	190
1328	801	387	183
1321	793	366	175
1309	794	371	160
1292	773	361	172
1282	755	337	176
1274	750	324	176
1250	737	313	178
1222	730	309	171
1210	711	295	179
1183	707	281	167
1167	697	270	158
1139	683	267	149
1111	680	261	136
1088	664	237	146
1051	660	241	134
1027	652	225	137
997	641	204	132
962	639	207	126
934	634	203	122
900	621	191	125
865	614	188	121
839	614	181	114
810	614	178	106
792	602	169	107
776	601	167	105
762	588	165	108
759	589	153	106
758	581	151	103
756	582	150	96
763	572	141	98
763	570	151	90
771	567	143	92
782	564	133	89
791	556	130	90
802	548	129	94
808	547	128	85
818	542	124	85
827	542	117	82
836	534	113	82
846	528	113	83
854	530	109	78
860	528	113	77
868	523	103	77
874	519	104	75
881	514	118	73
890	513	104	68
893	511	118	64
901	505	109	69
907	506	103	63
914	499	97	68
922	496	88	65
930	494	86	65
938	491	75	63
941	489	81	59
946	485	81	58
952	482	89	57
955	481	86	57
962	479	88	58
965	476	82	53
972	472	75	56
973	469	81	55
980	468	76	52
984	467	77	50
988	465	68	50
992	463	76	49
993	462	79	47
999	459	73	49
1006	455	68	48
1008	453	67	48
1010	451	60	50
1014	448	56	53
1015	446	52	53
1021	443	50	55
1028	441	61	58
1028	441	63	51
1029	442	73	48
1030	441	76	52
1036	434	65	55
1039	434	62	56
1043	431	53	47
1048	430	47	46
1052	428	52	46
1051	430	49	39
1055	427	47	42
1057	426	44	41
1061	425	47	42
1063	421	47	45
1066	419	43	43
1077	418	44	43
1074	416	47	42
1071	415	47	43
1080	413	49	39
1078	412	52	42
1081	410	49	43
1083	408	41	44
1086	407	40	42
1087	407	47	41
1089	402	45	42
1093	399	43	43
1095	402	52	40
1095	400	58	40
1097	398	52	37
1099	398	49	38
1103	397	46	39
1104	397	46	36
1108	394	43	36
1109	392	41	36
1111	393	36	34
1113	392	37	34
1115	390	34	36
1117	387	36	36
1119	388	31	34
1121	387	38	35
1122	384	34	35
1123	383	35	36
1126	382	35	34
1128	382	37	33
1129	380	35	35
1131	381	33	32
1133	380	33	31
1135	378	32	33
1136	378	32	31
1137	378	31	31
1137	376	35	31
1138	376	37	29
1140	375	35	28
1140	373	36	29
1143	372	38	31
1144	369	41	36
1144	370	41	34
1144	369	40	38
