1375	803	353	273
1375	808	366	262
1379	808	365	263
1380	812	365	266
1395	793	343	273
1400	789	354	276
1404	792	344	273
1400	780	360	280
1413	783	364	278
1425	780	354	258
1419	777	358	263
1423	768	356	271
1435	765	350	269
1445	762	342	251
1455	754	332	257
1449	753	357	245
1453	754	335	227
1464	753	328	232
1472	757	315	231
1484	750	312	237
1485	746	309	237
1486	743	319	214
1492	734	314	231
1501	734	309	215
1504	737	304	212
1512	732	302	212
1509	727	305	214
1514	722	283	218
1508	717	301	202
1525	704	280	231
1529	702	274	225
1523	703	286	217
1525	701	288	201
1542	696	262	203
1547	689	238	212
1558	688	234	196
1556	686	240	204
1551	687	248	194
1558	681	243	197
1555	674	244	194
1565	675	225	201
1563	671	227	200
1567	673	219	185
1571	670	225	180
1570	666	215	189
1577	658	203	189
1574	660	225	176
1579	656	214	177
1594	652	194	179
1586	651	194	186
1593	644	186	186
1595	638	184	195
1590	642	195	189
1594	638	199	191
1598	637	198	188
1585	631	195	202
1590	633	200	194
1598	632	183	180
1590	628	196	182
1597	631	188	174
1593	629	209	173
1606	625	184	171
1608	622	182	176
1608	616	176	180
1614	620	169	164
1614	617	177	174
1610	618	187	156
1615	617	193	150
1615	613	168	143
1617	611	167	145
1615	608	177	163
1614	605	168	154
1615	606	158	144
1611	605	171	146
1604	602	174	141
1603	600	172	142
1605	598	170	144
1601	595	180	149
1591	593	182	146
1592	591	185	140
1592	589	186	152
1589	587	185	155
1593	585	178	155
1598	585	175	154
1602	581	171	156
1598	579	165	148
1602	581	159	147
1596	577	166	153
1579	572	177	147
1567	569	193	128
1569	563	187	163
1559	561	194	158
1550	560	217	148
1544	559	202	133
1549	557	192	156
1543	552	196	143
1532	550	209	150
1531	546	206	169
1533	544	203	159
1524	538	199	169
1516	537	218	179
1515	537	207	168
1512	534	205	179
1509	536	198	156
1503	536	201	159
1492	539	204	154
1483	536	216	167
1465	533	223	181
1468	524	224	189
1460	525	216	176
1471	526	205	165
1474	528	193	161
1484	526	180	180
1440	518	211	198
1417	521	243	203
1400	514	260	210
1394	506	260	230
1397	501	260	240
1386	499	261	245
1394	503	243	238
1390	501	239	235
1391	496	233	246
1390	488	232	257
1383	488	240	271
1383	481	232	268
1382	482	229	266
1384	485	221	270
1377	484	212	271
1367	483	219	271
1361	483	226	273
1353	481	226	284
1350	473	219	295
1347	474	214	307
1336	450	213	303
1338	479	208	296
1333	431	205	350
1330	476	195	306
1314	450	213	321
1323	474	197	322
1317	440	200	338
1329	479	179	312
1313	475	187	292
1317	485	169	308
1314	470	163	330
1318	476	154	323
1321	473	143	323
1325	466	133	345
1269	460	183	331
1275	478	175	323
1305	476	140	335
1260	439	173	366
1290	478	146	343
1298	467	133	354
1249	426	173	379
1225	453	203	395
1212	444	230	372
1210	460	230	366
1227	460	215	367
1244	415	206	417
1266	457	183	386
1275	436	192	402
1298	460	175	402
1317	478	167	384
1255	430	204	366
1256	443	250	385
1252	438	269	440
1237	435	293	445
1257	411	300	475
1238	421	319	487
1259	414	308	480
1252	407	311	485
1261	387	314	526
1280	411	294	497
1264	407	314	501
1261	417	320	499
1252	406	355	525
1275	386	321	527
1261	367	322	572
1254	394	328	530
1243	359	389	572
1232	335	447	594
1255	322	480	606
1248	349	508	589
1256	406	524	520
1265	400	555	539
1214	375	518	595
1278	299	461	670
1275	308	514	662
1269	354	614	642
1190	266	526	756
1246	201	570	821
1294	267	507	739
1303	233	540	784
1206	188	533	794
1265	404	643	639
1338	375	585	709
1226	333	692	742
1090	269	725	754
1286	351	638	731
1295	380	615	668
1304	365	607	704
1357	395	571	693
1231	328	679	748
1282	358	642	694
1335	350	578	733
1295	327	625	757
1305	352	630	734
1304	258	624	793
1303	302	620	773
1299	281	632	810
1260	266	672	808
1325	201	616	854
1325	187	589	884
1237	192	689	871
1279	216	661	872
1305	160	630	927
1294	154	647	938
1260	154	682	922
965	145	869	892
954	191	898	765
1229	229	701	820
1254	171	684	908
1233	142	701	943
1219	111	731	973
1273	167	649	918
1259	203	666	872
1226	279	704	795
1284	197	637	868
1209	235	724	840
1254	237	665	845
1286	180	634	908
1304	152	615	925
1188	129	755	948
1162	188	774	885
1100	320	826	721
1192	273	745	804
1208	277	711	780
1184	246	740	825
1114	275	817	818
1124	268	788	797
1163	185	746	871
1137	253	792	831
1126	260	782	798
1147	247	750	788
1168	191	734	884
1160	277	766	783
1140	264	785	787
1110	275	804	792
1120	260	817	807
1098	337	824	707
1092	337	858	732
1088	316	848	752
1102	267	840	794
1055	303	870	751
1087	310	853	750
998	338	927	732
906	322	1035	751
771	271	1164	803
1024	226	915	868
1143	357	763	716
1125	361	811	708
1105	320	804	764
1043	345	886	728
1015	309	944	768
995	292	929	764
989	349	943	731
1055	355	891	723
1035	344	913	734
1019	312	912	750
1018	285	912	805
983	337	939	749
1004	280	931	796
1011	321	899	753
1040	268	897	821
1061	343	848	736
977	294	960	780
1005	357	945	715
928	338	992	764
810	408	1113	640
943	383	948	686
986	344	941	717
902	276	1051	807
842	337	1112	730
799	356	1131	722
1008	295	943	795
958	392	948	688
993	389	941	681
884	349	1059	727
855	364	1072	739
794	364	1129	736
758	331	1162	726
977	446	993	630
991	387	946	702
904	322	1041	764
803	327	1137	753
750	344	1185	751
960	370	1047	711
797	392	1121	702
732	414	1193	642
757	320	1167	744
997	292	927	806
891	341	1027	769
808	368	1105	703
744	364	1178	715
748	374	1165	679
822	398	1146	698
865	317	1072	750
723	354	1213	731
744	388	1173	676
795	394	1139	698
776	393	1164	667
780	416	1146	660
756	399	1176	662
756	415	1155	680
721	351	1226	715
728	355	1219	758
797	364	1132	694
805	419	1118	653
868	328	1062	757
809	407	1124	679
787	352	1159	733
847	367	1092	722
728	418	1207	637
753	429	1180	621
773	409	1194	653
777	426	1158	651
733	371	1214	687
815	410	1111	671
833	409	1077	654
829	352	1089	725
811	368	1121	709
838	424	1098	673
790	403	1149	664
782	407	1152	662
800	444	1155	649
804	381	1120	670
855	424	1086	660
793	377	1138	683
769	329	1165	757
817	329	1106	762
780	361	1151	718
809	383	1118	698
823	286	1114	813
813	351	1122	735
836	414	1104	651
777	319	1157	755
794	344	1145	733
807	365	1101	709
916	417	1028	658
958	420	984	654
989	379	941	696
784	381	769	661
957	377	975	714
996	370	948	721
830	345	884	728
811	319	819	742
832	322	681	744
1093	397	548	666
899	387	571	611
1100	336	448	732
944	356	561	688
890	339	626	727
833	345	673	689
1092	352	655	732
1113	414	707	659
874	399	697	629
828	323	730	713
1048	368	719	732
1101	420	722	673
978	347	562	709
960	341	534	718
986	327	497	748
804	331	611	734
1068	361	468	685
905	387	541	669
803	330	660	741
804	330	676	657
1004	361	655	705
1063	380	570	709
841	370	635	625
780	393	693	581
782	327	725	677
780	351	745	618
779	381	701	625
760	324	722	752
1004	327	819	753
788	343	716	715
1052	351	589	704
795	327	689	677
743	317	736	759
1019	396	635	681
1026	447	552	626
796	393	682	650
762	320	765	707
772	344	724	671
961	308	874	769
1025	384	906	711
864	324	1038	753
996	374	943	710
818	319	1144	775
859	351	1108	719
920	468	1037	592
748	439	1194	619
919	463	1051	590
773	365	1188	692
933	386	1028	704
734	415	1234	644
904	430	1042	620
679	333	1285	749
773	369	1165	685
841	431	1114	624
663	325	1167	748
543	240	1389	814
405	162	1523	896
377	145	1563	874
378	149	1545	886
317	104	1628	961
294	94	1636	897
134	225	1806	706
173	214	1775	740
130	166	1809	859
433	201	1515	818
327	161	1631	888
351	177	1586	845
298	130	1652	962
392	91	1540	938
300	214	1660	747
208	164	1740	779
360	122	1665	896
340	154	1588	897
211	190	1717	759
166	147	1738	803
60	154	1881	841
50	217	1887	820
18	179	1928	853
329	173	1684	810
238	189	1680	849
114	195	1832	880
175	192	1799	850
270	209	1702	834
369	166	1577	867
382	127	1546	811
367	142	1581	909
329	112	1612	958
343	168	1604	850
303	163	1652	853
196	185	1759	853
32	156	1936	873
12	254	1961	766
-8	226	1952	816
267	163	1745	839
400	109	1523	894
375	129	1570	889
416	108	1530	887
425	127	1521	919
432	107	1513	909
378	274	1553	708
360	220	1605	807
192	156	1754	891
314	134	1657	883
317	205	1614	722
244	224	1706	842
152	252	1820	790
240	208	1745	840
141	204	1844	754
27	216	1910	846
24	133	1918	912
30	176	1948	846
1	230	1962	804
6	190	1943	845
71	127	1891	913
6	196	1993	807
-24	112	1975	918
13	217	1966	818
-57	116	2024	916
-44	143	1995	872
-2	100	1961	928
43	237	1915	767
51	181	1884	842
59	163	1890	858
41	146	1896	944
58	317	1936	739
2	302	1961	751
-2	167	1954	895
69	163	1926	855
-21	198	1999	770
-29	146	1978	835
2	118	1931	822
49	151	1900	764
116	157	1832	795
177	202	1776	765
159	140	1796	799
122	135	1821	847
62	288	1912	726
-16	220	2004	804
41	230	1905	814
71	257	1892	786
136	225	1804	821
72	219	1865	846
3	177	1962	866
35	136	1914	894
38	195	1928	837
12	125	1947	895
24	208	1952	832
45	170	1891	860
-9	108	1982	917
39	150	1909	886
28	177	1955	852
54	206	1894	824
123	183	1811	860
76	184	1855	855
81	219	1860	832
55	212	1922	845
17	182	1953	874
34	271	1945	763
87	220	1861	839
59	177	1911	877
23	161	1936	879
67	176	1916	874
23	168	1936	866
92	169	1890	857
15	197	1970	850
-17	184	1986	868
-14	199	1929	852
11	142	1957	904
19	180	1951	835
16	194	1950	825
12	209	1950	818
86	183	1874	827
15	254	1944	766
67	175	1859	880
45	251	1930	780
116	200	1844	833
-1	183	1949	871
12	225	1949	816
30	252	1933	815
-33	237	1975	832
10	164	1951	899
34	186	1944	865
24	218	1967	821
137	206	1816	824
159	202	1801	829
224	188	1752	848
