1710	674	209	76
1656	667	216	73
1599	664	200	68
1557	657	190	72
1510	651	183	72
1466	646	187	73
1431	645	187	72
1396	648	180	69
1368	646	182	68
1342	641	185	74
1321	643	182	72
1299	641	183	72
1277	646	184	70
1259	641	185	77
1245	641	187	77
1229	644	177	74
1210	645	175	77
1195	646	178	75
1179	649	176	77
1157	649	182	73
1137	651	185	73
1126	652	181	70
1105	650	181	77
1093	652	180	73
1075	653	179	76
1055	653	183	76
1042	658	178	72
1026	659	184	70
1016	660	183	69
1006	662	184	68
998	661	185	71
1002	659	178	75
999	662	183	72
999	660	186	75
1004	663	184	69
999	665	190	72
1006	666	193	72
1009	664	187	74
1009	666	198	81
1016	668	201	82
1024	667	193	80
1032	667	198	79
1038	667	196	82
1044	668	199	82
1053	670	199	82
1057	670	200	74
1067	669	198	78
1079	671	200	77
1084	671	198	73
1093	669	200	74
1102	669	195	76
1114	668	194	78
1123	668	202	74
1131	665	195	81
1137	665	201	79
1153	664	194	87
1154	668	209	77
1173	663	198	86
1174	664	203	78
1179	663	213	79
1203	664	198	79
1203	659	208	82
1216	661	208	83
1229	659	215	84
1243	658	206	84
1266	660	202	80
1271	655	206	84
1279	657	210	79
1298	650	209	85
1314	648	199	86
1324	650	208	79
1341	648	208	83
1352	644	209	81
1372	644	202	84
1387	637	202	91
1404	638	204	89
1422	638	202	85
1436	638	200	87
1450	634	199	87
1453	630	197	87
1457	632	197	84
1462	630	192	85
1461	628	182	82
1457	624	178	79
1442	620	184	78
1435	617	177	77
1423	612	174	80
1411	606	172	73
1398	603	173	71
1393	596	162	73
1379	592	163	76
1373	589	155	77
1355	582	158	77
1343	581	158	72
1333	581	153	66
1322	578	150	63
1310	577	148	63
1302	572	144	68
1291	568	143	68
1285	565	138	66
1293	559	119	69
1282	562	121	58
1285	561	102	56
1285	558	91	53
1283	555	83	54
1288	563	70	45
1290	561	55	52
1284	558	53	47
1284	558	53	47
1284	558	53	47
1284	558	53	47
1284	558	53	47
1284	558	53	47
1284	558	53	47
1284	558	53	47
1284	558	53	47
1284	558	53	47
1284	558	53	47
1284	558	53	47
1284	558	53	47
1284	558	53	47
1284	558	53	47
1284	558	53	47
1284	558	53	47
1284	558	53	47
1284	558	53	47
1284	558	53	47
1284	558	53	47
1284	558	53	47
1284	558	53	47
1284	558	53	47
1284	558	53	47
1284	558	53	47
1284	558	53	47
1284	558	53	47
1284	558	53	47
1284	558	53	47
1284	558	53	47
1284	558	53	47
1284	558	53	47
1284	558	53	47
1284	558	53	47
1284	558	53	47
1284	558	53	47
1284	558	53	47
1284	558	53	47
1387	466	50	35
1402	468	55	30
1402	468	55	30
1402	468	55	30
1402	468	55	30
1402	468	55	30
1402	468	55	30
1402	468	55	30
1437	490	53	37
1437	490	53	37
1437	490	53	37
1437	490	53	37
1437	490	53	37
1437	490	53	37
1437	490	53	37
1437	490	53	37
1437	490	53	37
1437	490	53	37
1437	490	53	37
1437	490	53	37
1437	490	53	37
1437	490	53	37
1437	490	53	37
1422	472	55	28
1422	472	55	28
1422	472	55	28
1422	472	55	28
1422	472	55	28
1422	472	55	28
1419	477	53	39
1419	477	53	39
1419	477	53	39
1419	477	53	39
1419	477	53	39
1419	477	53	39
1428	469	54	47
1428	469	54	47
1428	469	54	47
1428	469	54	47
1428	469	54	47
1428	469	54	47
1439	471	46	45
1439	471	46	45
1439	471	46	45
1439	471	46	45
1439	471	46	45
1439	471	46	45
1439	471	46	45
1439	471	46	45
1439	471	46	45
1439	471	46	45
1439	471	46	45
1439	471	46	45
1439	471	46	45
1453	464	50	51
1486	467	59	40
1459	468	66	46
1464	468	76	43
1464	468	76	43
1464	468	76	43
1464	468	76	43
1499	468	82	40
1498	470	81	33
1475	470	93	35
1474	470	106	37
1476	470	108	41
1483	471	108	32
1482	470	108	34
1487	471	102	32
1490	469	106	30
1488	471	104	24
1488	471	104	24
1500	470	112	31
1500	470	112	31
1507	472	122	34
1507	473	121	36
1505	475	126	36
1501	474	136	34
1499	476	139	36
1509	475	134	40
1501	473	125	45
1510	471	121	53
1514	468	104	55
1524	471	99	57
1523	475	106	42
1523	477	106	42
1524	476	104	48
1528	474	101	59
1532	474	99	56
1534	477	101	52
1558	482	97	45
1538	482	101	42
1546	481	117	45
1542	484	122	44
1542	482	120	49
1545	482	103	43
1555	480	118	50
1543	483	130	47
1534	483	143	46
1539	483	123	38
1544	485	133	37
1532	485	144	43
1535	488	153	33
1550	488	136	40
1542	485	139	45
1538	487	133	48
1537	486	144	56
1536	485	131	41
1532	487	129	43
1508	484	137	44
1485	481	134	39
1463	479	134	40
1435	480	133	40
1412	477	127	40
1392	477	115	32
1364	475	115	35
1334	473	113	34
1307	474	111	34
1273	471	101	28
1244	468	93	28
