1062	914	400	163
1060	909	374	165
1058	906	358	168
1055	903	380	171
1055	897	369	176
1047	895	372	177
1047	888	364	183
1052	885	360	183
1053	885	362	194
1051	867	359	208
1045	866	368	204
1042	877	375	203
1037	861	385	209
1039	855	374	218
1049	856	364	214
1041	836	361	226
1041	836	361	228
1046	841	376	223
1043	828	365	222
1046	824	359	226
1039	824	369	225
1041	821	371	221
1033	815	364	230
1044	808	347	240
1042	812	340	231
1040	813	348	215
1035	810	360	213
1035	807	347	215
1035	808	348	213
1037	805	345	213
1032	802	349	213
1027	802	362	217
1036	792	356	224
1036	793	347	217
1026	800	366	211
1031	792	349	210
1031	797	345	215
1028	802	340	203
1031	799	346	207
1023	797	366	206
1021	792	357	215
1019	799	348	201
1023	797	360	207
1018	794	355	206
1022	792	352	208
1016	801	375	203
1009	790	378	204
1009	797	363	203
1013	795	364	205
1015	788	343	213
1010	792	348	209
1013	791	332	204
1006	791	353	213
1008	789	347	207
1011	789	329	217
1005	787	336	204
1003	789	338	213
1001	785	339	203
1002	784	347	220
994	779	355	222
992	789	358	210
994	783	363	215
994	786	350	212
992	788	347	208
998	784	340	216
992	786	336	205
1000	785	324	218
995	782	337	219
986	785	348	209
982	785	361	209
987	785	344	214
981	783	352	218
983	791	373	212
973	789	365	207
983	779	345	227
983	780	345	223
976	785	361	218
979	778	359	226
982	782	366	216
971	786	372	217
975	791	385	207
969	787	375	209
971	788	368	214
967	795	411	200
962	796	420	208
967	790	397	216
962	787	410	213
960	790	408	213
956	789	426	215
954	792	439	214
952	789	420	216
953	788	418	217
954	790	430	218
948	789	434	213
953	792	450	220
949	786	443	224
949	793	449	221
943	793	450	213
946	781	400	228
959	783	345	235
945	794	378	220
948	791	424	230
940	790	448	224
929	794	470	215
934	796	452	218
933	800	457	212
938	794	433	212
934	793	436	228
930	797	454	221
933	786	442	235
924	794	446	213
927	797	426	228
924	796	442	227
925	790	454	226
920	793	470	233
917	795	463	227
922	793	446	235
919	797	456	225
917	795	439	226
920	787	419	236
909	793	444	239
909	797	435	227
907	800	428	223
909	792	419	230
901	798	444	239
907	793	424	234
901	798	417	237
901	796	435	233
898	795	428	240
895	799	430	238
899	798	401	237
901	797	398	237
896	806	407	237
893	795	414	236
898	791	418	246
894	795	405	246
890	796	406	249
888	799	406	247
890	808	394	241
884	802	396	248
886	805	400	250
889	808	403	243
882	801	404	250
871	803	420	244
884	806	401	250
876	810	401	244
873	814	408	243
864	810	423	249
876	807	402	249
870	823	404	236
867	817	409	237
867	815	408	246
877	815	391	253
866	813	399	245
865	814	399	244
857	816	432	254
857	808	416	262
868	814	393	249
851	817	413	254
856	813	390	245
858	821	393	246
853	817	396	243
853	824	396	255
849	816	396	252
845	820	402	240
837	833	414	247
843	821	400	245
840	829	404	244
843	823	394	251
840	822	399	247
837	834	406	241
828	828	415	244
830	839	398	229
840	824	382	245
834	827	393	245
817	836	408	235
826	832	395	237
835	834	383	243
820	831	397	247
813	831	408	242
817	831	406	244
811	841	409	235
818	830	394	242
805	843	401	239
811	834	399	234
814	835	391	242
807	830	405	252
802	840	406	236
807	837	394	236
814	838	384	250
803	836	397	241
812	841	382	246
804	832	388	244
799	841	393	238
802	841	389	235
800	844	397	229
797	837	397	244
803	847	386	232
794	840	396	233
790	840	399	238
780	845	410	227
784	850	401	227
777	849	402	229
789	840	389	233
785	847	390	236
778	844	391	224
777	853	385	236
783	847	380	231
784	844	374	240
772	845	391	230
771	850	391	229
770	849	392	225
776	854	377	233
767	850	383	227
765	850	387	238
767	852	375	229
761	849	390	231
762	858	386	230
760	854	394	223
759	854	401	230
758	847	386	231
753	858	387	228
749	855	387	224
753	859	384	224
758	853	375	227
749	863	384	224
742	863	390	220
760	862	365	226
746	860	376	221
750	864	376	214
745	861	371	222
754	859	360	221
742	858	379	230
737	863	385	221
737	865	381	221
751	862	351	223
735	863	369	227
738	875	370	211
727	876	392	206
732	871	374	219
728	876	385	215
727	869	382	217
735	869	365	222
729	872	370	215
724	874	382	215
722	880	383	204
723	875	372	212
741	873	351	212
724	871	363	204
719	880	383	216
714	875	373	213
720	875	368	212
722	873	371	214
711	876	380	212
713	871	381	214
712	871	370	217
713	871	365	222
705	870	377	223
710	868	367	215
713	870	359	217
704	871	376	214
710	870	367	222
695	871	391	214
713	869	354	223
701	866	370	221
701	860	375	225
708	863	360	216
704	858	354	234
705	854	357	228
711	864	357	228
696	857	362	230
704	849	352	242
703	844	359	236
699	842	360	252
697	834	356	244
705	848	349	247
697	842	356	243
701	833	344	252
699	817	340	252
700	831	349	255
691	825	359	251
703	819	342	259
697	815	345	266
703	807	328	273
695	813	347	273
690	806	344	267
692	808	349	272
688	802	341	266
696	805	327	264
692	797	326	274
694	791	335	278
695	793	334	275
694	789	339	274
694	782	325	291
700	776	323	295
699	774	327	295
701	774	321	294
702	768	318	297
701	768	308	289
709	762	316	293
708	748	315	315
707	757	306	297
710	755	297	295
706	748	315	294
706	740	312	294
711	747	306	287
714	742	293	295
711	742	297	260
720	741	294	255
718	731	289	258
718	732	292	256
721	742	285	218
721	708	281	266
715	715	281	261
718	714	282	246
714	712	284	241
712	713	288	235
718	704	280	243
719	703	284	236
721	705	271	239
723	704	268	241
718	706	283	229
718	703	270	231
718	703	277	225
718	702	281	227
719	704	277	222
717	699	280	225
722	697	277	229
719	700	280	221
718	700	269	224
724	703	267	221
725	701	271	218
723	703	266	219
728	706	275	217
730	697	267	232
729	700	259	230
722	703	272	223
723	702	271	225
727	701	262	224
727	703	270	223
727	705	264	221
725	701	275	229
723	703	269	218
728	699	275	225
727	702	270	226
728	705	268	222
729	702	264	222
728	707	266	220
730	705	270	218
729	706	275	216
728	706	267	214
726	708	271	213
727	706	272	219
725	704	267	217
729	705	270	220
731	702	276	231
726	704	283	223
727	701	269	228
729	703	264	223
729	702	277	224
727	701	281	223
727	702	269	218
725	699	275	226
724	705	280	211
726	702	279	219
731	699	268	223
734	699	265	228
731	702	269	224
734	702	261	228
732	702	263	225
730	695	265	233
729	701	271	224
728	704	281	221
732	702	267	224
730	704	268	217
734	702	267	221
736	699	260	234
735	704	268	232
735	710	262	215
731	710	272	212
731	709	267	212
737	704	257	223
736	701	264	226
735	705	271	222
734	707	264	223
738	702	266	227
733	707	263	219
738	706	270	225
735	700	267	228
738	702	274	223
739	698	259	234
737	704	264	221
739	701	261	223
737	702	252	222
742	701	259	229
741	699	250	226
740	703	262	228
742	701	257	226
739	705	259	218
743	708	255	215
749	706	259	218
746	708	251	215
751	704	248	219
747	707	247	218
753	707	247	214
753	706	236	218
758	708	238	209
753	704	245	217
755	704	241	217
756	704	242	217
757	704	241	215
758	706	240	217
757	705	247	219
764	704	241	217
759	706	239	214
766	710	235	213
768	702	233	228
761	704	238	221
773	705	233	218
765	705	229	219
776	711	224	205
772	712	227	207
770	709	232	205
770	707	229	215
774	708	225	211
778	714	227	201
778	709	226	217
781	713	221	210
776	709	228	211
783	710	220	211
782	707	221	212
787	713	213	211
782	712	219	208
788	709	218	214
785	712	219	208
791	714	210	206
789	714	217	207
786	711	217	209
795	714	210	204
793	720	211	200
793	714	209	202
791	713	210	209
797	715	207	207
794	714	213	207
794	721	211	201
798	723	207	196
799	720	203	201
800	712	211	205
795	717	208	204
798	716	201	204
803	716	205	200
798	721	212	195
804	716	208	201
799	717	216	206
804	720	211	199
804	716	215	202
800	721	208	202
809	723	210	190
804	710	206	208
803	715	209	202
805	720	214	201
806	722	213	193
804	722	210	194
810	716	207	200
805	720	205	193
810	716	207	200
807	716	212	201
810	720	202	196
811	719	198	194
814	718	203	195
812	722	207	191
810	716	209	203
815	721	209	192
814	719	205	191
814	719	204	195
816	723	211	188
816	718	205	198
819	724	206	184
822	727	203	177
818	721	199	184
820	729	206	174
814	717	208	192
820	719	204	186
816	720	208	183
823	719	201	181
823	724	200	173
823	724	209	172
822	720	199	179
827	716	198	175
825	733	200	161
827	713	200	183
826	717	198	176
834	735	195	164
833	728	190	162
827	721	206	170
832	730	194	168
829	722	199	171
829	727	203	174
833	724	206	165
826	727	200	172
833	721	194	174
834	718	195	171
823	726	203	168
836	714	197	179
827	712	193	177
828	712	205	176
828	712	192	174
829	710	199	170
827	716	192	168
826	717	200	152
826	698	201	167
825	707	199	156
828	701	202	161
826	702	193	157
824	702	197	163
826	698	196	161
824	695	196	163
827	689	192	160
826	694	194	159
825	687	197	160
828	689	186	160
828	684	194	160
826	693	192	153
828	689	191	153
826	686	186	154
830	685	189	153
825	685	191	154
831	691	191	146
826	685	192	150
832	686	184	146
828	682	189	150
830	683	186	149
826	682	193	147
826	682	190	145
828	681	188	144
832	679	180	150
827	683	188	146
834	680	179	145
829	677	185	144
828	679	185	143
833	676	179	142
831	679	176	143
837	676	182	141
829	673	173	146
839	678	178	137
836	678	172	140
831	676	179	140
837	678	171	135
831	680	180	130
832	671	182	145
839	675	173	134
832	678	181	131
831	676	177	129
835	673	179	134
834	671	177	137
833	667	182	139
831	675	175	133
836	667	175	137
831	675	173	130
834	671	173	131
837	670	170	134
839	669	172	131
833	674	173	128
839	668	175	131
834	671	171	131
832	667	178	133
837	664	162	135
835	666	169	132
838	664	166	134
833	668	172	131
841	664	164	128
836	665	170	132
832	664	177	131
836	667	169	126
838	672	171	121
838	670	169	122
836	672	172	120
839	665	172	125
841	669	170	118
837	661	163	127
843	663	164	123
836	666	164	121
840	661	168	121
838	664	170	121
842	662	162	118
841	653	168	130
838	658	161	131
841	658	160	124
841	661	163	123
838	658	166	125
842	652	163	127
838	650	161	125
840	647	165	130
841	649	160	124
840	656	161	119
844	656	157	119
843	656	156	118
840	654	161	122
844	651	153	122
844	652	161	118
846	649	149	119
846	649	158	116
843	649	159	120
844	647	155	123
843	642	161	124
843	646	156	123
846	644	151	118
845	643	153	120
842	639	158	124
843	637	159	121
844	641	154	122
843	642	154	117
843	640	156	120
845	637	158	120
842	639	161	120
844	639	154	116
844	641	156	117
845	636	153	116
846	636	152	119
844	633	153	120
843	631	148	121
845	629	146	121
842	632	154	119
846	628	150	120
842	625	150	123
846	627	144	122
846	629	149	117
846	626	143	119
843	627	155	116
845	628	144	114
844	627	145	114
847	626	150	113
847	623	140	119
844	620	148	119
845	629	151	107
848	629	142	108
849	626	144	111
849	620	147	113
848	621	145	112
848	621	142	110
849	621	144	111
845	620	149	108
846	616	134	113
847	614	105	112
854	615	111	114
849	613	116	114
848	613	117	113
846	614	130	111
845	612	125	111
847	612	118	111
848	610	114	112
849	612	110	113
849	614	114	108
846	612	105	107
854	612	116	112
849	609	105	112
854	611	123	111
849	609	129	111
846	607	126	111
846	609	104	108
848	602	122	116
848	602	116	115
846	602	104	112
849	599	100	116
849	601	102	111
847	608	114	109
846	606	114	107
847	604	116	106
846	601	106	109
848	603	106	105
846	604	107	106
849	606	104	99
847	601	100	106
844	601	112	107
848	598	104	111
847	597	101	110
847	596	104	111
846	595	101	111
848	592	100	111
844	595	111	109
844	594	116	111
845	595	130	108
844	592	121	107
843	593	104	105
846	590	102	111
845	589	107	111
846	593	98	106
847	597	97	101
846	596	101	104
847	594	98	105
845	592	106	104
846	593	104	106
843	592	111	106
845	591	98	105
845	588	100	109
845	589	97	109
845	589	101	108
844	589	100	103
846	590	98	104
844	592	98	103
845	592	98	100
842	589	100	105
844	590	99	106
845	588	100	106
843	590	101	106
846	590	99	104
845	588	100	103
844	592	102	100
845	590	95	105
844	593	98	103
844	591	103	104
844	588	97	107
845	585	96	111
843	587	94	110
846	586	94	108
842	586	102	107
844	586	102	109
845	586	99	104
846	585	93	109
846	587	91	108
845	588	95	109
845	584	95	112
845	589	101	105
842	591	103	108
843	593	98	101
844	591	100	105
846	591	96	109
843	592	100	104
846	593	94	103
848	590	94	106
845	593	95	106
846	591	95	109
843	594	99	107
844	595	99	99
846	590	90	110
845	588	91	112
839	593	103	104
842	592	99	105
840	599	98	100
840	600	104	103
841	599	105	101
841	598	97	102
845	595	97	103
848	597	97	107
854	598	95	108
865	607	92	101
883	611	92	86
898	618	94	72
919	616	99	83
944	620	97	74
976	620	98	76
1009	623	98	70
1038	627	98	78
1065	631	103	74
1096	606	97	88
1113	609	95	93
1132	620	88	85
1144	619	90	79
1153	613	95	86
1161	608	101	97
1164	618	97	85
1166	628	100	69
1172	628	90	69
1172	628	94	67
1171	626	95	69
1170	629	100	66
1171	621	101	79
1170	606	104	98
1172	606	128	107
1167	609	124	106
1164	626	130	89
1164	623	118	85
1161	611	118	101
1162	601	113	104
1158	599	112	108
1160	598	103	107
1158	604	112	105
1158	616	122	91
1155	603	123	108
1156	605	146	126
1151	607	147	122
1150	613	145	100
1146	611	148	120
1144	610	158	128
1142	616	166	120
1142	626	167	108
1133	599	165	118
1138	619	157	95
1112	616	169	100
1135	614	169	116
1137	625	149	89
1120	620	140	98
1136	599	115	101
1130	601	115	95
1125	608	121	93
1124	602	111	95
1123	610	114	90
1125	610	106	91
1124	606	110	100
1129	590	126	116
1125	591	152	121
1122	589	156	115
1124	592	158	119
1124	590	173	115
1123	584	182	120
1124	583	163	126
1124	586	161	108
1124	585	164	104
1127	588	171	97
1100	592	181	101
1125	586	170	100
1119	586	164	118
1127	584	156	94
1130	580	155	102
1131	581	139	113
1131	579	146	103
1132	577	145	100
1136	575	147	100
1133	579	153	103
1134	577	152	108
1137	572	140	103
1137	573	154	105
1136	574	159	107
1136	579	156	102
1138	581	141	104
1142	583	146	96
1139	586	142	99
1140	587	149	96
1145	590	142	81
1140	586	127	97
1143	585	140	83
1146	587	149	77
1128	586	140	83
1148	585	139	80
1145	587	137	80
1149	585	147	83
1130	585	152	87
1146	585	163	87
1151	582	156	90
1156	583	133	87
1157	586	137	86
1157	583	144	87
1159	583	137	89
1162	582	129	86
1162	583	140	87
1162	581	148	97
1164	585	149	92
1168	583	141	92
1170	579	123	96
1170	580	128	90
1172	585	137	88
1176	583	146	85
1173	589	139	77
1177	587	118	88
1182	595	99	68
1184	593	104	68
1182	588	118	83
1185	590	116	74
1191	598	114	66
1188	595	113	68
1195	588	100	76
1192	585	96	80
1193	587	86	74
1201	596	101	68
1202	589	112	74
1200	588	129	80
1203	591	110	75
1204	587	102	84
1205	588	82	76
1213	585	93	83
1211	594	103	75
1212	589	91	74
1211	597	93	66
1216	607	76	58
1224	608	73	58
1227	609	63	54
1226	616	54	45
1228	613	51	49
1233	618	50	46
1235	610	54	53
1237	618	51	47
1238	619	54	46
1239	619	57	50
1244	620	54	49
1250	626	48	43
1251	616	45	49
1258	613	46	59
1278	604	36	58
1279	607	46	61
1276	605	42	70
1270	608	51	67
1280	614	59	68
1272	621	62	63
1283	623	74	63
1288	625	68	67
1288	634	56	65
1283	640	58	59
1293	642	61	70
1293	642	61	70
1293	642	61	70
1293	642	61	70
1293	642	61	70
1293	642	61	70
1293	642	61	70
1293	642	61	70
1293	642	61	70
1293	642	61	70
1293	642	61	70
1293	642	61	70
1293	642	61	70
1293	642	61	70
1293	642	61	70
1293	642	61	70
1293	642	61	70
1293	642	61	70
1293	642	61	70
1293	642	61	70
1293	642	61	70
1365	708	68	60
1365	712	77	58
1362	711	83	73
1362	711	83	73
1362	711	83	73
1362	711	83	73
1362	711	83	73
1362	711	83	73
1362	711	83	73
1362	711	83	73
1362	711	83	73
1362	711	83	73
1362	711	83	73
1362	711	83	73
1362	711	83	73
1362	711	83	73
1362	711	83	73
1362	711	83	73
1362	711	83	73
1362	711	83	73
1362	711	83	73
1362	711	83	73
1362	711	83	73
1362	711	83	73
1362	711	83	73
1362	711	83	73
1390	762	83	61
1390	762	83	61
1283	744	75	56
1256	747	63	56
1256	747	63	56
1200	747	65	67
1200	747	65	67
1200	747	65	67
1200	747	65	67
1200	747	65	67
1200	747	65	67
1200	747	65	67
1200	747	65	67
1200	747	65	67
1200	747	65	67
1200	747	65	67
1200	747	65	67
1200	747	65	67
1200	747	65	67
1200	747	65	67
1200	747	65	67
1200	747	65	67
1163	705	56	79
1163	705	56	79
1163	705	56	79
1163	705	56	79
1142	704	57	83
1139	699	48	88
1139	699	48	88
1139	699	48	88
1139	699	48	88
1139	699	48	88
1139	699	48	88
1139	699	48	88
1139	699	48	88
1139	699	48	88
1139	699	48	88
1139	699	48	88
1139	699	48	88
1139	699	48	88
1139	699	48	88
1139	699	48	88
1139	699	48	88
1139	699	48	88
1139	699	48	88
1139	699	48	88
1139	699	48	88
1139	699	48	88
1139	699	48	88
1139	699	48	88
1139	699	48	88
1139	699	48	88
1139	699	48	88
1139	699	48	88
1139	699	48	88
1139	699	48	88
1139	699	48	88
1139	699	48	88
1139	699	48	88
1139	699	48	88
1139	699	48	88
1139	699	48	88
1139	699	48	88
1139	699	48	88
1139	699	48	88
1139	699	48	88
1139	699	48	88
1139	699	48	88
1139	699	48	88
1139	699	48	88
1139	699	48	88
1139	699	48	88
1139	699	48	88
1139	699	48	88
1139	699	48	88
1139	699	48	88
1139	699	48	88
1139	699	48	88
1139	699	48	88
1139	699	48	88
1139	699	48	88
1139	699	48	88
1139	699	48	88
1139	699	48	88
1139	699	48	88
1139	699	48	88
1139	699	48	88
1139	699	48	88
1139	699	48	88
1139	699	48	88
1139	699	48	88
1139	699	48	88
1139	699	48	88
1139	699	48	88
1139	699	48	88
1139	699	48	88
1139	699	48	88
1139	699	48	88
1139	699	48	88
1139	699	48	88
1139	699	48	88
1139	699	48	88
1139	699	48	88
1139	699	48	88
1152	726	52	97
1152	726	52	97
1152	726	52	97
1152	726	52	97
1152	726	52	97
1152	726	52	97
1152	726	52	97
1152	726	52	97
1152	726	52	97
1152	726	52	97
1152	726	52	97
1152	726	52	97
1152	726	52	97
1152	726	52	97
1152	726	52	97
1152	726	52	97
1152	726	52	97
1152	726	52	97
1152	726	52	97
1152	726	52	97
1152	726	52	97
1152	726	52	97
1152	726	52	97
1152	726	52	97
1052	702	61	104
1030	703	69	105
1025	703	91	95
984	687	120	107
949	689	147	108
921	680	154	113
897	673	152	115
892	721	143	84
868	696	149	97
860	715	152	76
859	732	147	59
836	707	156	80
836	707	146	83
837	728	150	67
826	690	160	102
827	683	156	112
812	660	172	137
803	650	174	150
800	634	179	170
791	625	186	176
801	627	180	175
807	635	181	179
808	633	185	174
810	634	177	174
804	632	193	171
805	638	198	165
801	631	200	170
798	637	213	180
793	629	213	180
782	627	230	169
778	628	218	170
759	628	241	163
761	629	224	183
735	627	270	209
706	628	269	167
706	628	236	181
643	629	274	167
634	631	268	181
617	629	265	172
605	634	232	156
577	632	230	191
562	637	226	164
548	638	231	135
530	649	243	97
521	656	247	90
510	654	253	88
509	658	232	85
511	658	220	88
512	657	213	89
518	656	213	87
523	649	194	92
523	650	205	93
533	651	193	91
531	647	194	98
532	647	222	100
534	652	227	94
541	648	232	100
547	649	230	96
552	645	224	110
554	649	217	91
559	652	215	90
565	644	211	116
569	639	202	118
573	643	201	94
574	644	201	98
578	644	204	96
583	636	190	100
591	635	181	99
593	635	184	99
596	636	179	103
603	626	169	106
606	631	166	99
610	631	166	102
615	629	167	104
620	628	161	104
620	626	154	103
626	628	154	104
630	634	145	92
633	641	141	79
634	640	149	84
640	641	145	82
643	639	144	87
645	638	149	81
650	638	134	76
654	643	119	80
656	637	114	80
658	635	110	80
661	640	108	74
665	642	100	67
669	641	94	70
673	641	85	73
678	639	84	74
679	640	89	75
684	640	88	74
686	638	86	74
690	639	77	75
694	641	70	74
696	639	71	76
699	642	66	71
704	639	65	72
706	639	58	68
708	637	51	77
712	637	54	74
715	641	65	70
718	644	53	65
719	642	56	63
719	643	47	73
726	644	44	65
728	640	37	67
741	645	40	63
741	648	43	60
752	650	33	59
753	648	31	60
757	640	36	63
754	646	38	60
755	647	44	55
752	650	49	52
752	634	49	59
755	649	50	58
762	634	59	66
760	627	71	77
764	633	64	70
765	633	67	65
769	636	62	61
769	637	53	63
775	634	59	64
776	636	57	66
780	635	51	72
784	637	49	63
785	638	47	58
785	638	50	58
791	641	51	59
792	638	50	63
795	638	50	63
797	638	50	63
798	637	52	66
802	646	53	57
803	644	60	59
806	644	55	66
808	642	51	62
809	640	54	75
817	635	69	74
818	630	79	79
824	626	77	88
821	631	83	77
824	639	71	78
826	636	69	79
826	639	79	75
830	640	68	75
836	634	63	82
835	644	60	73
835	644	56	71
839	645	53	68
844	645	53	70
843	647	50	67
848	648	50	68
846	646	56	77
851	642	66	82
851	639	56	85
848	640	55	87
856	641	64	90
855	641	59	83
861	642	53	77
864	647	59	79
864	647	64	71
868	645	56	64
870	650	57	64
870	650	60	66
877	644	56	74
878	648	54	73
882	650	54	67
881	646	58	75
883	653	69	72
884	654	75	68
885	655	73	68
886	656	69	75
893	655	62	68
896	658	63	75
898	659	61	74
903	667	71	70
906	665	69	78
914	669	59	67
917	669	58	65
924	673	63	63
929	677	61	64
930	674	61	62
940	680	57	60
943	682	55	59
947	680	63	64
946	678	61	65
953	681	59	65
959	684	57	64
959	686	57	68
964	685	61	64
965	686	58	67
967	685	54	75
975	683	60	78
975	693	70	70
978	687	62	73
978	686	60	66
982	688	60	70
979	690	67	67
988	697	63	57
991	690	59	65
990	691	62	70
992	693	62	76
997	689	62	73
992	690	65	68
1005	693	74	70
1006	692	77	75
1007	692	67	73
1007	697	64	72
1007	695	64	70
1025	710	67	68
1026	701	71	78
1023	704	62	63
1026	703	61	66
1026	702	62	72
1028	707	60	66
1031	704	58	74
1038	706	55	65
1040	705	49	66
1040	701	57	76
1037	704	56	82
1047	705	68	80
1046	705	71	78
1051	704	75	71
1046	706	85	71
1046	706	85	71
1065	708	100	64
1067	705	101	63
1069	706	93	66
1074	707	91	60
1082	708	83	55
1089	707	75	57
1099	708	75	62
1105	704	66	54
1105	705	63	53
1108	702	62	58
1104	699	66	59
1106	693	68	66
1108	687	72	68
1117	691	65	57
1118	686	65	65
1122	685	63	64
1125	685	65	72
1131	687	64	65
1133	686	67	74
1129	687	67	70
1141	692	79	66
1139	690	75	60
1141	688	76	62
1145	693	71	61
1155	700	64	59
1163	704	66	50
1161	701	75	57
1159	701	90	61
1162	693	81	70
1165	686	70	72
1170	687	68	69
1170	691	75	70
1166	687	79	77
1183	690	89	73
1183	690	75	70
1187	686	72	77
1180	684	77	64
1193	685	87	73
1197	681	67	70
1196	685	77	68
1199	683	74	60
1195	679	81	57
1199	677	76	60
1216	683	85	68
1214	682	96	72
1219	677	85	73
1216	675	75	84
1219	677	73	76
1214	674	77	81
1218	675	74	74
1215	673	70	80
1207	674	89	80
1194	673	84	75
1177	671	88	75
1156	668	79	83
1132	663	69	80
1106	662	66	70
1080	658	68	78
1052	654	81	81
1025	653	89	82
1001	656	92	79
980	656	112	67
966	655	112	62
949	651	119	67
942	649	112	71
937	651	107	72
930	648	104	73
934	650	94	64
929	649	92	61
930	649	88	63
932	649	84	69
930	644	93	76
932	642	77	78
934	643	80	72
940	640	91	74
938	642	92	78
946	645	81	68
948	642	85	68
954	642	86	67
964	649	96	53
941	640	93	67
963	637	98	63
967	626	105	76
973	614	118	80
973	616	135	77
962	617	154	79
943	403	147	96
964	610	155	88
943	410	159	89
943	410	159	89
943	410	159	89
943	410	159	89
943	410	159	89
943	410	159	89
943	410	159	89
943	410	159	89
943	410	159	89
943	410	159	89
1025	605	129	96
1036	599	110	84
1014	593	125	88
1019	602	128	77
1012	599	137	81
1008	604	142	78
1021	603	138	75
1025	602	135	73
1039	593	126	82
1050	598	117	75
1052	596	119	76
1051	593	115	77
1040	593	130	77
1044	595	137	73
1047	597	136	69
1053	597	133	71
1060	593	128	75
1054	585	136	81
1058	589	136	77
1069	590	125	72
1071	589	119	73
1087	579	110	80
1097	574	100	85
1099	563	91	95
1099	563	95	93
1100	564	92	90
1100	568	93	87
1104	571	93	82
1098	572	103	83
1103	563	95	92
1104	563	82	91
1104	564	88	91
1099	568	105	83
1097	582	111	71
1096	581	105	72
1101	575	94	80
1102	571	106	83
1102	570	125	86
1102	575	123	79
1105	576	121	79
1096	573	119	80
1105	577	123	77
1102	577	131	77
1101	582	128	72
1100	583	130	70
1112	586	124	70
1115	593	129	63
1111	591	133	65
1111	591	147	64
1107	593	147	62
1102	593	148	63
1128	591	130	68
1137	595	126	62
1140	589	118	69
1143	595	115	62
1144	597	113	59
1146	599	114	56
1148	599	107	58
1145	601	121	53
1147	597	118	61
1145	600	119	56
1145	602	128	54
1144	608	129	52
1149	605	125	55
1160	604	116	66
1166	602	120	65
1165	612	126	51
1165	606	123	56
1175	604	110	57
1160	607	115	62
1152	607	131	66
1167	602	114	70
1181	603	95	57
1182	609	88	53
1182	609	88	53
1182	609	88	53
1187	602	89	55
1199	602	87	55
1198	602	73	56
1198	602	73	56
1208	604	90	56
1209	604	96	52
1222	609	92	46
1203	614	101	43
1213	615	91	37
1198	613	81	43
1200	607	85	49
1195	609	82	45
1205	603	84	51
1198	608	91	45
1200	606	94	44
1203	606	84	45
1203	605	92	46
1207	606	90	44
1208	606	86	43
1211	605	94	44
1208	604	98	45
1210	603	99	46
1217	605	99	44
1216	603	94	45
1216	603	90	42
1230	600	83	49
1227	601	83	45
1221	604	87	42
1222	604	87	40
1229	603	85	43
1231	603	76	42
1231	601	74	40
1232	601	68	44
1238	605	65	38
1240	607	58	35
1240	604	56	38
1243	606	64	36
1241	605	50	35
1244	609	46	33
1245	609	41	32
1245	609	41	32
1276	595	38	35
1275	599	36	35
1275	597	32	37
1277	593	27	41
1280	591	26	44
1280	597	20	36
1281	596	24	32
1279	598	21	30
1283	601	24	30
1281	600	21	32
1281	600	21	32
1278	598	22	29
1277	598	20	26
1277	598	20	26
1277	598	20	26
1277	598	20	26
1277	598	20	26
1277	598	20	26
1277	598	20	26
1277	598	20	26
1309	590	18	31
1309	588	17	29
1303	587	23	31
1311	587	24	32
1300	591	27	28
1300	591	27	28
1300	591	27	28
1300	591	27	28
1300	591	27	28
1300	591	27	28
1300	591	27	28
1300	591	27	28
1300	591	27	28
1327	577	27	31
1324	578	23	31
1319	574	27	34
1323	576	28	34
1323	574	33	34
1324	573	33	33
1324	573	32	32
1324	573	36	31
1327	570	34	34
1324	566	36	38
1327	570	43	37
1311	564	47	42
1328	569	49	37
1325	573	53	30
1317	572	59	33
1315	569	64	39
1329	563	56	42
1329	566	51	37
1322	564	56	42
1322	561	59	46
1312	556	63	50
1322	554	73	56
1315	556	86	48
1311	554	93	50
1315	557	93	52
1320	556	86	52
1327	557	75	46
1320	557	81	46
1342	553	63	52
1346	558	60	49
1347	558	52	42
1347	562	46	35
1353	566	40	31
1350	564	41	32
1352	556	40	38
1352	558	48	37
1357	556	42	37
1350	564	42	31
1354	564	40	28
1354	564	40	28
1361	553	40	34
1360	550	41	40
1362	550	32	44
1366	547	29	44
1368	551	26	37
1370	552	23	32
1346	541	28	38
1384	531	26	46
1375	539	26	53
1376	542	23	52
1374	542	24	50
1358	543	29	44
1353	543	37	47
1375	547	29	47
1378	548	33	43
1377	548	35	39
1381	545	33	41
1383	544	28	40
1381	547	29	42
1387	548	22	35
1390	548	20	36
1392	546	24	38
1393	542	24	40
1392	544	20	41
1392	543	22	43
1373	540	28	42
1390	540	21	45
1390	540	21	45
1399	543	24	41
1399	541	30	41
1401	545	28	35
1405	548	25	31
1405	548	27	30
1408	547	24	31
1408	545	23	38
1413	547	17	35
1416	543	23	35
1414	544	23	36
1414	545	26	34
1414	545	26	34
1414	545	26	34
1414	545	26	34
1411	543	31	39
1423	542	21	35
1426	541	21	33
1424	540	24	32
1429	541	26	33
1427	540	29	38
1430	535	27	43
1432	535	25	43
1436	535	21	42
1438	537	25	40
1441	542	20	38
1441	542	25	41
1440	543	32	38
1442	545	26	39
1440	545	29	37
1441	544	30	37
1441	542	33	39
1446	541	27	38
1443	542	30	32
1445	541	29	34
1447	539	25	37
1449	535	23	42
1447	530	24	42
1447	530	24	42
1447	530	24	42
1447	530	24	42
1447	530	24	42
1455	522	27	45
1455	522	27	45
1455	522	27	45
1453	518	25	48
1453	519	19	44
1452	525	17	44
1452	525	17	44
1452	525	17	44
1452	525	17	44
1452	525	17	44
1452	525	17	44
1452	525	17	44
1452	525	17	44
1452	525	17	44
1452	525	17	44
1452	525	17	44
1460	522	15	41
1460	522	15	41
1460	522	15	41
1460	522	15	41
1455	517	20	40
1456	518	17	43
1460	512	21	44
1440	542	25	41
1440	542	25	41
1443	539	29	44
1480	515	26	48
1486	515	21	47
1488	513	20	50
1487	512	23	46
1489	512	23	47
1488	514	23	45
1488	517	27	40
1487	514	32	43
1486	514	33	42
1488	509	37	45
1488	513	43	37
1487	512	43	40
1493	512	43	40
1491	512	46	37
1489	508	49	42
1490	505	50	46
1487	505	54	47
1490	503	52	46
1490	505	49	45
1492	504	49	44
1489	505	52	40
1494	503	48	43
1492	503	50	42
1499	503	43	42
1497	503	46	42
1500	505	40	40
1499	503	44	41
1502	507	44	34
1504	507	40	35
1507	508	35	33
1507	509	28	32
1507	509	24	35
1509	508	23	35
1510	509	28	32
1511	506	31	35
1512	506	30	34
1510	506	38	34
1516	510	32	29
1515	510	33	28
1505	506	33	33
1518	507	31	30
1519	509	26	27
1522	506	28	32
1518	504	33	34
1521	503	35	34
1510	503	44	33
1508	499	51	37
1506	501	53	36
1502	497	55	40
1502	496	61	41
1502	498	57	40
1502	500	59	35
1500	496	62	41
1501	497	61	40
1503	499	59	38
1503	499	61	36
1503	497	63	38
1503	495	61	40
1503	494	61	42
1503	497	67	37
1503	494	63	42
1503	496	64	40
1502	495	65	39
1503	494	61	39
1505	493	59	39
1507	493	63	41
1507	490	63	43
1506	494	64	37
1508	493	61	39
1507	491	61	40
1511	493	61	36
1511	492	65	40
1508	493	68	36
1508	491	66	38
1526	494	60	36
1530	492	66	40
1528	491	69	47
1533	493	70	40
1528	489	63	49
1534	486	46	48
1535	487	43	50
1535	486	45	46
1539	487	43	44
1537	487	42	37
1534	489	51	35
1533	486	49	40
1541	486	42	36
1536	486	46	40
1534	485	47	45
1538	485	39	39
1539	484	40	34
1539	484	44	35
1539	484	49	43
1539	483	47	45
1539	483	49	37
1546	482	40	34
1546	482	38	35
1549	483	37	34
1547	482	40	35
1547	483	36	35
1546	482	37	35
1546	481	39	35
1548	479	36	37
1549	480	35	35
1548	480	40	36
1552	481	38	40
1548	479	40	41
1552	480	38	37
1547	480	47	37
1551	480	39	39
1553	479	40	40
1555	480	41	40
1555	479	37	40
1556	479	38	41
1554	477	41	42
1552	478	45	37
1553	478	45	36
1554	477	43	43
1546	477	53	43
1546	476	55	41
1545	477	57	40
1545	475	56	41
1542	476	63	44
1542	473	55	45
1542	476	58	39
1543	475	57	39
1545	473	55	43
1546	474	53	38
1550	474	53	44
1548	471	53	39
1551	473	52	38
1549	471	54	44
1549	470	52	46
1551	470	51	43
1553	469	58	45
1550	470	58	37
1551	469	58	45
1554	469	57	39
1549	467	60	45
1554	469	56	41
1553	468	58	41
1551	468	60	45
1549	467	64	45
1552	467	62	44
1557	468	59	42
1557	466	58	42
1558	469	57	38
1557	467	59	36
1558	467	56	42
1559	467	56	41
1559	467	54	39
1560	468	58	42
1564	466	52	45
1562	467	55	42
1567	467	52	38
1565	466	53	43
1565	467	52	38
1567	465	53	42
1567	466	55	42
1569	465	50	42
1571	463	50	41
1569	464	51	45
1570	466	53	39
1567	466	56	41
1571	466	53	40
1569	465	52	41
1569	464	52	41
1570	465	55	44
1569	464	55	38
1569	462	49	37
1569	461	52	44
1572	462	48	35
1572	461	49	38
1573	460	48	34
1573	460	54	37
1574	461	50	36
1574	460	50	35
1573	460	50	36
1576	460	49	37
1575	460	54	37
1576	460	53	32
1577	460	50	36
1577	460	50	36
1578	460	50	33
1580	460	52	32
1582	462	51	34
1582	461	49	34
1583	460	48	33
1583	461	49	32
1585	459	48	32
1586	461	50	32
1586	462	52	31
1588	461	52	30
1587	462	54	32
1590	460	50	31
1590	460	50	33
1592	460	51	31
1592	460	50	32
1593	462	52	30
1594	462	53	31
1595	462	51	31
1596	462	51	30
1598	461	54	32
1600	461	53	31
1600	460	49	32
1602	461	49	34
1603	462	47	31
1605	461	49	31
1606	461	49	30
1608	461	52	34
1608	461	49	30
1609	461	50	30
1611	459	47	32
1612	459	49	31
1613	460	47	32
1615	460	46	28
1617	460	49	31
1617	460	49	33
1618	459	47	32
1620	459	47	30
1622	459	51	33
1623	460	51	32
1625	460	52	31
1626	458	49	31
1627	458	49	32
1629	459	51	32
1631	458	49	33
1632	458	47	31
1633	459	47	31
1634	459	47	32
1636	458	45	32
1639	457	43	31
1640	456	48	34
1644	456	43	32
1644	456	45	32
1645	458	46	30
1647	456	44	30
1648	457	47	30
1649	457	47	32
1651	458	46	34
1652	457	45	30
1654	457	52	30
1656	459	50	28
1657	459	50	30
1660	458	49	30
1662	458	49	29
1663	457	46	32
1664	457	47	31
1666	457	50	31
1668	458	52	28
1667	456	56	32
1670	458	50	30
1674	458	50	29
1676	458	52	30
1678	459	46	28
1681	457	45	33
1681	458	46	30
1683	457	45	30
1677	458	44	30
1667	456	48	30
1653	453	48	36
1624	452	55	41
1594	452	51	39
1556	449	50	35
1517	447	54	38
1467	444	53	33
1419	442	51	30
1375	442	48	38
1322	434	49	34
1279	434	45	32
1225	434	49	35
1174	431	44	38
1130	431	42	34
1083	431	45	44
1042	427	42	33
1009	428	46	32
981	430	44	34
961	431	47	36
943	429	40	36
931	429	39	35
923	430	35	37
914	429	41	44
910	428	41	45
910	428	36	43
909	428	36	36
907	427	40	40
909	424	32	42
910	424	30	34
912	427	31	31
913	428	27	31
908	429	33	33
914	426	34	36
914	426	30	41
912	426	36	44
915	426	31	42
917	428	31	41
914	428	35	34
917	427	37	36
923	425	30	37
922	426	29	37
920	427	35	41
924	426	37	44
923	426	39	46
927	425	36	50
925	424	41	59
928	422	36	60
928	423	41	59
930	422	40	57
930	423	43	62
930	419	48	67
931	421	48	74
938	416	43	75
936	419	45	82
935	416	41	82
935	416	41	82
915	418	48	86
896	418	50	93
875	412	49	98
836	410	58	92
806	419	56	96
766	415	60	100
719	418	59	94
673	422	54	85
623	425	49	91
582	423	63	88
523	428	50	96
477	432	43	94
431	435	35	93
380	427	42	102
323	435	43	93
303	446	50	91
255	441	53	88
232	445	55	79
201	448	61	65
194	450	63	63
185	449	64	65
181	448	61	65
173	444	63	72
173	443	59	70
171	446	59	69
170	445	65	75
175	443	52	82
176	445	49	75
184	445	56	67
181	446	47	76
185	443	47	76
190	438	48	75
195	442	39	67
195	446	42	63
198	451	43	61
198	455	51	63
197	456	57	52
201	457	56	56
201	455	50	66
202	453	54	70
202	456	61	84
202	458	73	74
204	454	59	66
205	457	61	70
204	454	61	73
205	453	66	81
199	452	74	86
207	453	59	74
205	451	64	76
206	451	62	68
208	449	60	75
209	448	62	79
211	447	61	83
212	447	61	98
212	444	58	92
213	444	63	91
216	446	57	82
212	445	62	67
208	446	67	63
209	444	67	65
205	444	78	70
212	441	69	85
208	440	63	85
210	441	67	79
208	438	72	93
209	441	76	81
212	440	69	81
210	439	67	77
200	436	76	83
204	438	77	94
211	441	76	105
213	437	68	99
216	441	61	91
215	440	57	98
215	441	58	90
217	442	60	90
218	441	60	90
214	445	63	86
217	442	56	104
218	444	63	114
214	440	68	108
212	443	62	107
214	445	70	112
212	445	70	104
216	449	64	99
215	447	63	86
211	448	64	77
212	447	67	92
210	446	69	100
213	449	67	104
210	450	69	101
218	445	59	99
216	448	65	99
216	449	69	103
212	449	72	113
215	448	59	110
217	445	64	104
221	448	63	103
222	450	69	107
217	449	68	109
216	447	72	117
216	443	67	118
220	445	49	115
217	449	53	110
213	445	58	99
215	449	64	82
217	450	64	79
216	451	61	66
216	454	63	56
218	454	55	50
218	454	56	46
220	456	48	33
220	455	43	30
222	457	44	34
220	455	41	29
221	455	43	30
217	457	45	35
222	456	49	34
220	455	40	28
220	454	43	31
220	453	41	30
219	455	43	30
217	453	41	30
221	452	39	31
221	452	39	29
219	452	41	30
219	452	44	29
219	452	41	29
219	453	42	32
218	451	43	32
219	452	42	29
219	452	43	29
219	451	41	30
220	450	40	31
220	452	39	32
219	452	41	28
218	450	40	28
219	451	42	28
218	451	44	32
219	450	40	29
219	449	41	30
219	449	41	32
220	449	43	31
219	449	42	30
218	448	43	29
219	447	44	30
218	448	42	29
220	447	40	27
221	447	41	28
221	447	38	28
221	448	40	27
221	447	40	28
220	447	40	27
221	446	41	28
224	447	41	28
222	446	42	29
221	446	43	31
220	446	45	28
221	447	45	26
220	445	44	28
220	445	47	29
222	447	45	29
223	447	43	27
224	444	46	30
222	443	45	30
224	443	43	30
225	444	46	29
224	445	48	28
223	444	48	30
223	445	50	29
223	441	47	30
223	437	49	37
225	440	47	32
222	443	46	26
224	440	48	33
226	441	47	30
224	439	48	32
225	441	51	30
226	444	50	26
225	444	45	28
225	442	50	28
223	443	52	27
223	440	56	36
224	440	56	29
227	441	54	28
224	441	55	28
225	441	53	29
225	441	55	29
224	441	58	28
225	442	55	26
228	441	53	29
229	442	51	29
227	442	52	30
228	442	51	27
227	439	52	30
226	440	55	28
226	441	55	27
226	442	55	25
225	441	58	35
226	441	54	26
228	442	54	25
222	442	63	29
227	442	57	33
228	441	55	37
227	441	54	36
228	441	55	28
228	443	55	26
227	444	57	29
226	444	60	27
225	445	60	32
228	443	56	34
226	444	56	37
227	443	51	34
227	444	55	34
225	443	59	40
226	438	56	39
225	436	64	42
225	435	73	43
223	435	72	45
225	436	70	35
221	436	64	35
225	440	67	33
223	439	73	34
222	442	66	33
223	445	65	32
225	443	63	40
223	440	66	36
220	442	62	33
221	447	59	27
217	446	55	28
217	445	56	29
215	445	59	31
217	438	61	37
218	438	62	37
214	442	65	38
215	448	68	32
211	449	69	28
211	446	63	32
213	446	58	30
211	448	61	33
209	452	60	30
210	452	63	31
207	447	66	35
208	443	65	40
205	447	68	35
206	449	65	33
204	454	56	30
204	449	57	43
204	447	49	46
204	446	42	47
202	446	50	51
202	449	53	49
202	455	62	43
205	451	67	48
198	454	68	35
198	453	65	38
199	455	62	36
197	458	67	31
199	458	64	30
197	455	66	34
196	452	68	40
196	447	62	40
196	449	64	39
194	452	65	38
198	449	58	37
194	446	64	42
197	451	61	38
195	456	74	33
193	454	74	34
195	449	80	41
195	448	72	40
194	447	79	43
196	448	77	43
195	441	87	50
193	439	91	49
195	445	83	40
188	448	84	37
198	450	85	35
196	451	79	37
198	448	78	38
199	446	80	39
200	449	78	36
200	448	88	39
202	450	89	39
198	453	86	30
197	449	75	38
197	447	78	40
203	449	88	38
199	449	98	37
201	450	94	40
196	451	77	36
202	450	90	39
201	450	93	38
201	452	83	38
202	448	83	42
201	451	87	38
201	451	89	40
203	456	91	32
200	455	84	33
202	452	84	38
202	455	87	35
196	456	74	34
198	449	72	40
203	451	64	39
202	448	65	42
202	452	67	38
201	457	66	33
201	457	68	36
201	463	65	29
202	458	64	38
201	459	69	34
199	452	65	39
201	449	65	42
199	449	70	46
199	455	74	38
198	451	84	43
199	459	80	33
201	456	86	37
196	456	97	36
196	454	96	37
198	457	97	34
195	455	88	38
198	456	83	39
197	455	76	36
197	454	71	38
196	454	76	39
195	459	76	35
196	457	85	42
195	455	81	41
195	458	84	39
194	457	86	39
196	458	73	40
196	456	77	43
195	457	79	34
195	454	69	37
194	457	76	36
195	456	72	33
195	457	72	37
195	454	76	40
192	462	76	32
193	461	76	29
193	460	74	35
194	456	82	44
195	453	80	41
194	458	71	36
193	457	78	39
193	459	81	33
191	457	76	36
192	453	80	38
193	458	72	34
193	456	77	35
191	451	73	41
193	449	70	43
192	455	81	39
193	454	75	40
192	456	75	40
190	460	83	33
190	461	75	32
189	459	75	33
189	459	77	35
188	453	79	41
185	456	78	38
184	453	88	41
183	450	83	48
184	452	76	39
184	450	75	37
182	451	74	37
184	457	72	32
181	460	77	26
178	457	87	31
183	458	87	29
180	459	82	28
180	460	77	28
184	459	78	28
182	458	78	30
185	457	74	30
187	460	76	30
185	458	74	29
185	458	79	32
190	457	81	32
184	456	81	38
189	459	83	28
189	458	77	30
193	459	69	31
194	459	78	36
195	459	81	34
195	459	76	31
196	457	73	34
197	458	79	32
195	458	83	28
198	458	78	30
200	457	74	35
200	458	80	34
199	459	87	30
200	458	87	34
197	458	97	34
200	458	100	36
200	456	101	34
208	457	89	35
208	459	95	32
208	461	98	31
213	458	94	33
213	460	97	32
213	458	97	34
217	457	100	37
219	458	95	36
221	459	99	32
222	457	96	34
221	461	101	32
224	460	98	32
226	461	98	31
230	459	95	32
230	457	90	34
232	460	95	33
231	460	99	31
232	459	101	32
234	461	99	35
237	459	98	33
238	461	99	36
240	460	94	35
240	459	99	31
241	460	96	33
245	460	91	30
248	460	86	32
247	459	87	32
251	461	82	33
253	461	81	30
254	460	89	32
254	459	90	33
256	461	89	30
256	461	81	28
264	460	76	31
259	462	79	28
263	461	76	26
266	461	77	29
269	463	75	26
269	461	71	28
276	464	71	26
273	463	68	27
275	462	69	27
277	463	75	27
282	462	74	29
290	460	75	34
281	462	81	28
285	461	86	29
282	461	85	26
289	459	94	29
287	460	95	31
293	462	106	25
290	458	109	30
293	458	113	30
295	462	105	24
298	459	111	28
298	460	111	26
303	460	107	27
302	461	96	27
309	459	105	28
309	457	100	30
309	460	102	26
311	458	109	28
315	458	114	26
312	459	115	27
318	459	114	25
317	458	105	30
318	459	102	28
325	458	101	35
332	455	109	32
337	453	98	33
350	446	101	46
342	454	117	38
339	457	112	35
366	456	103	39
371	461	92	37
376	460	86	40
372	457	94	41
366	457	100	41
362	465	106	33
370	461	108	36
369	464	106	34
361	464	117	32
359	465	123	31
376	460	114	36
363	455	120	43
375	453	117	46
360	451	129	43
381	446	124	49
383	441	115	53
366	446	124	47
367	448	132	42
367	451	122	41
368	457	122	30
371	458	117	29
374	457	114	30
372	460	114	26
373	457	122	31
377	456	120	32
373	457	120	34
374	458	126	31
378	458	117	31
382	459	115	32
379	451	127	39
382	459	129	32
380	461	119	30
382	462	119	30
384	460	118	31
384	464	114	28
385	462	114	30
387	461	107	31
385	463	118	30
388	463	114	34
384	464	118	29
386	461	119	33
388	464	114	31
388	464	115	30
388	464	113	31
390	463	116	32
389	464	120	32
392	465	114	30
390	466	113	30
391	467	111	29
393	465	114	31
392	463	116	34
393	465	116	35
392	466	115	34
393	466	115	32
395	467	115	32
394	468	117	32
394	469	115	30
396	469	115	31
395	467	112	31
397	468	112	33
395	470	114	30
394	469	119	29
395	470	116	33
397	472	112	29
395	471	113	34
395	473	119	29
395	471	117	32
397	473	114	32
397	475	112	31
394	477	112	29
395	475	116	30
395	475	112	31
393	476	103	32
394	476	104	31
391	478	87	30
400	474	72	41
412	475	58	35
406	475	63	33
412	476	58	35
409	479	60	33
402	479	67	37
407	481	62	35
398	481	70	34
400	482	67	33
406	483	63	32
399	481	68	33
404	481	61	33
404	480	61	35
397	481	65	33
404	479	59	36
395	478	66	38
390	481	72	35
386	483	77	32
393	483	69	33
388	484	75	32
382	487	78	30
391	486	69	34
383	488	75	30
393	487	66	35
392	488	64	32
390	488	65	31
390	489	67	33
384	492	74	31
378	490	80	30
385	489	72	35
380	492	79	34
376	496	80	38
377	494	79	33
377	491	79	33
377	494	80	35
380	493	75	32
372	493	83	33
372	496	85	30
371	496	87	33
371	498	85	33
373	495	83	36
373	496	82	34
371	497	84	31
371	500	84	31
370	502	85	29
370	501	86	28
369	500	88	31
368	502	86	32
368	503	87	29
368	501	84	30
369	501	86	33
367	500	87	32
366	501	88	32
367	505	86	29
367	502	87	31
370	502	83	32
369	502	87	31
369	502	86	32
368	502	86	32
367	504	89	33
368	502	89	33
369	502	86	36
422	498	70	45
429	494	69	44
432	492	81	47
420	484	84	62
433	494	71	53
437	496	62	50
386	515	77	42
385	511	81	40
382	512	90	39
381	513	90	35
381	516	90	33
382	516	93	32
381	517	89	33
384	515	87	35
382	515	89	35
383	513	90	35
381	514	90	35
385	515	87	34
383	513	88	34
382	513	91	34
382	514	92	33
379	512	93	35
381	512	91	35
383	512	88	34
380	514	92	33
380	513	94	34
382	513	90	32
379	512	92	34
382	507	87	40
382	505	90	43
443	501	78	44
377	501	91	46
376	506	90	43
390	510	86	38
377	509	92	43
375	505	92	40
375	506	90	41
373	507	92	37
375	507	88	36
372	507	92	35
373	506	92	39
375	509	89	34
372	509	92	36
374	510	89	34
373	510	89	37
369	510	94	35
370	510	93	36
372	509	93	36
377	512	86	34
375	513	88	34
371	510	94	36
371	512	93	34
372	511	91	34
371	511	91	34
373	512	90	36
370	513	94	37
370	514	94	36
369	513	94	34
372	512	91	35
371	513	90	37
372	513	89	35
373	513	89	35
370	514	93	37
371	514	91	36
368	516	95	34
370	515	93	37
370	516	92	36
367	515	94	36
370	518	91	33
367	517	96	32
366	516	96	33
366	518	94	32
367	518	93	33
365	517	94	35
368	518	90	39
364	516	94	36
365	517	93	36
362	519	96	33
362	517	93	34
364	518	92	34
361	520	92	31
361	517	91	35
365	519	89	42
360	517	90	39
354	519	96	36
357	517	94	37
355	518	95	37
357	518	91	37
352	518	95	39
356	519	90	39
354	519	94	44
353	519	93	36
350	514	96	43
349	522	96	36
348	520	99	36
348	520	95	38
347	523	96	35
346	522	96	42
348	522	102	36
355	521	101	34
368	519	96	36
391	517	95	40
410	512	96	40
446	512	91	37
482	511	92	34
510	509	100	34
560	506	92	36
599	505	90	36
648	501	87	34
693	501	88	34
729	500	87	32
765	499	86	32
796	497	84	33
814	497	86	34
832	498	85	32
845	497	83	33
856	497	81	33
863	497	82	32
867	498	83	32
870	497	83	31
871	497	86	30
872	495	85	34
874	496	82	32
871	496	85	33
876	495	77	33
871	495	81	35
870	495	83	32
868	495	83	31
867	494	80	36
866	496	80	32
863	495	83	32
864	496	80	32
866	496	77	32
860	496	82	32
864	494	75	33
862	496	75	32
865	495	72	33
860	494	74	34
859	494	76	35
857	494	73	36
852	494	81	35
850	495	81	34
852	494	78	36
854	495	76	33
848	495	80	35
848	492	81	37
845	493	80	35
846	494	80	36
844	495	81	38
849	495	72	35
857	494	63	43
862	495	56	37
858	496	60	39
841	492	74	38
837	492	80	39
837	494	86	38
838	492	78	42
836	491	78	42
832	495	81	38
836	495	77	40
837	490	73	43
838	493	72	42
845	497	64	38
845	499	65	41
844	498	62	40
842	499	65	39
844	499	62	35
841	500	62	37
831	498	70	40
841	500	60	41
844	501	58	39
837	495	59	46
836	500	62	44
839	505	58	41
839	504	56	38
839	504	55	41
836	503	63	44
836	505	69	41
834	507	77	39
843	508	78	41
862	508	73	36
872	507	75	40
878	501	81	48
892	498	85	50
907	495	90	54
928	496	85	53
941	497	84	52
952	493	83	57
962	489	84	63
966	492	84	59
974	494	76	60
976	494	79	61
980	495	77	60
982	494	78	63
983	494	81	65
983	494	79	66
982	494	78	66
986	495	74	66
983	496	76	68
983	495	76	67
981	498	81	65
978	496	79	68
980	497	74	69
985	497	71	72
982	498	69	70
982	495	69	78
983	496	70	74
981	499	70	74
979	498	71	75
982	498	67	75
981	496	68	80
982	501	65	76
983	498	72	81
986	502	66	79
989	498	68	80
1004	496	66	86
1022	498	61	86
1033	495	66	88
1056	495	69	91
1079	507	73	82
1101	506	78	84
1138	504	71	86
1175	508	69	87
1191	509	72	88
1212	511	73	88
1233	511	69	89
1250	506	68	96
1268	506	63	100
1285	524	59	104
1286	512	58	97
1295	514	51	98
1292	513	55	102
1294	517	57	98
1292	516	63	99
1291	514	67	101
1303	518	78	97
1297	518	64	100
1294	517	64	104
1299	515	60	107
1304	539	54	90
1317	533	57	92
1331	535	46	92
1343	561	56	82
1367	570	55	64
1390	574	49	60
1409	572	48	65
1431	590	57	63
1444	585	60	72
1454	588	69	71
1473	592	71	66
1473	581	64	79
1477	580	76	87
1476	589	58	76
1483	592	52	72
1487	600	53	68
1487	599	53	73
1483	605	58	65
1483	608	62	63
1485	601	59	70
1485	604	60	69
1488	600	52	73
1490	605	53	71
1494	605	50	71
1493	605	47	70
1494	599	49	76
1493	599	51	79
1487	606	61	71
1490	597	56	81
1489	598	58	81
1488	599	62	81
1487	594	63	88
1484	598	67	84
1485	608	67	72
1487	608	65	75
1484	616	71	64
1486	608	70	71
1486	615	67	69
1490	607	65	78
1487	614	63	72
1488	609	63	79
1487	612	67	77
1486	618	66	71
1488	623	64	68
1489	620	63	70
1486	623	66	68
1494	614	56	79
1495	609	57	85
1490	618	64	77
1490	623	64	76
1490	623	63	75
1491	627	61	72
1488	629	65	71
1488	624	67	78
1488	628	66	75
1491	625	66	80
1494	627	64	78
1499	627	62	81
1501	634	62	74
1502	630	65	77
1502	633	67	78
1505	631	68	82
1507	631	66	84
1511	631	65	82
1510	637	69	79
1510	634	69	83
1512	639	67	79
1512	639	67	79
1513	636	67	85
1514	635	66	88
1514	640	68	80
1515	640	66	85
1513	637	71	87
1513	644	71	82
1512	645	74	81
1514	641	71	86
1513	645	71	85
1513	642	73	84
1513	646	72	86
1513	646	72	83
1515	647	70	84
1515	644	70	88
1514	648	70	87
1514	645	73	88
1514	649	73	88
1513	647	74	89
1513	650	74	88
1513	646	72	90
1514	647	72	91
1514	647	75	92
1513	646	71	95
1515	646	71	93
1514	649	72	92
1514	649	74	90
1515	650	72	93
1515	649	74	94
1514	650	75	97
1514	652	74	95
1514	654	75	93
1515	656	76	91
1515	655	78	94
1517	653	73	94
1516	660	74	92
1516	656	76	96
1515	660	76	94
1517	656	75	98
1516	656	75	102
1517	658	77	98
1516	657	77	100
1517	659	74	98
1516	663	78	95
1518	661	75	98
1516	663	78	97
1517	662	77	101
1517	663	77	98
1518	664	76	102
1519	662	76	104
1517	664	79	103
1518	665	76	102
1518	670	80	102
1518	670	78	100
1518	667	79	104
1519	668	76	104
1519	671	80	102
1519	669	78	105
1519	672	78	104
1519	672	78	104
1520	672	75	104
1518	672	81	105
1516	677	84	104
1517	674	80	109
1518	676	79	108
1519	675	81	110
1519	678	80	108
1518	679	80	109
1520	685	81	103
1519	680	80	110
1517	682	83	107
1521	681	81	110
1519	683	78	113
1519	685	85	110
1518	684	84	112
1518	687	84	112
1518	687	83	112
1518	687	84	112
1517	691	80	114
1518	690	83	114
1518	691	81	115
1517	691	87	117
1518	692	80	117
1518	694	87	114
1516	694	82	119
1518	697	83	115
1519	697	85	116
1518	700	82	115
1516	697	83	120
1516	700	84	124
1518	702	84	123
1516	703	86	122
1517	705	85	123
1516	707	83	123
1516	707	85	122
1515	708	88	125
1516	711	85	126
1515	710	87	125
1516	711	85	126
1519	712	78	124
1516	714	84	125
1516	715	86	128
1516	717	85	126
1516	719	85	126
1516	724	86	125
1516	725	85	123
1517	725	82	124
1515	727	86	126
1514	731	86	122
1517	728	86	128
1513	743	90	125
1515	729	84	135
1515	740	87	125
1514	743	90	125
1514	739	87	131
1514	739	88	132
1514	738	83	138
1513	739	89	135
1512	741	87	139
1510	743	91	139
1512	741	90	142
1511	744	88	141
1509	747	90	140
1510	750	89	139
1506	745	88	145
1510	745	88	146
1505	753	94	138
1507	751	87	141
1506	747	91	148
1504	750	89	144
1506	752	90	141
1503	750	89	145
1503	753	89	145
1501	760	92	137
1500	755	91	146
1500	756	91	146
1498	757	94	146
1496	757	93	148
1495	759	91	148
1493	761	90	147
1493	765	91	148
1489	756	97	158
1491	757	94	155
1495	756	86	156
1493	756	89	158
1488	761	94	155
1488	760	97	153
1484	764	101	151
1484	765	97	148
1486	766	93	151
1482	769	95	147
1481	771	97	147
1479	767	97	155
1479	761	93	161
1484	759	88	162
1481	764	91	157
1480	765	91	159
1474	768	96	155
1475	760	94	160
1476	760	90	171
1470	767	100	161
1470	768	94	161
1467	765	99	166
1466	758	99	172
1467	764	97	167
1468	758	91	157
1461	764	97	171
1459	758	97	174
1460	759	94	170
1455	761	101	172
1450	763	101	164
1451	766	101	163
1447	761	103	171
1451	765	98	161
1445	759	107	169
1442	761	108	163
1440	757	104	151
1440	760	105	153
1438	761	102	150
1434	761	103	158
1434	758	102	162
1431	761	102	152
1431	755	105	152
1429	754	105	156
1430	753	100	165
1426	752	102	148
1423	750	102	175
1418	757	106	163
1418	756	107	161
1413	762	105	149
1410	757	111	154
1410	757	112	145
1408	754	108	147
1407	751	107	148
1408	750	112	156
1404	754	111	156
1404	753	106	153
1400	753	105	148
1394	751	109	153
1390	751	113	152
1398	748	104	158
1389	746	108	159
1387	749	111	153
1387	747	107	153
1388	744	99	149
1383	747	110	151
1382	746	118	154
1384	746	108	156
1382	740	110	160
1379	740	110	161
1381	740	112	159
1376	738	108	168
1373	737	111	159
1373	737	118	158
1372	737	130	152
1364	738	116	144
1369	740	103	142
1373	734	98	150
1372	733	106	139
1366	736	103	143
1365	734	101	142
1366	734	95	130
1362	732	108	130
1357	736	109	118
1349	735	113	118
1355	734	106	112
1351	733	105	111
1344	736	119	102
1341	745	126	94
1338	762	131	76
1342	772	113	63
1338	762	115	67
1337	767	106	68
1339	766	98	59
1333	763	114	67
1335	759	107	57
1329	764	111	54
1325	762	108	67
1321	757	114	65
1325	749	112	68
1320	763	108	52
1322	748	111	62
1315	760	119	62
1320	738	114	79
1315	742	124	77
1315	736	110	86
1315	735	109	91
1319	729	98	95
1313	742	112	81
1311	748	101	85
1311	741	107	91
1312	738	113	90
1314	738	99	107
1314	731	109	98
1316	732	100	105
1313	739	96	98
1313	733	100	104
1310	739	102	95
1308	740	104	96
1306	740	99	101
1306	737	105	107
1301	737	109	126
1300	739	114	133
1298	742	112	124
1302	742	105	109
1299	744	107	132
1298	742	117	140
1298	745	109	130
1293	744	113	139
1294	744	117	135
1294	742	111	137
1293	748	117	139
1289	748	114	136
1292	749	116	139
1289	753	115	134
1291	754	109	132
1288	751	112	130
1287	754	110	129
1288	753	107	127
1286	754	112	128
1285	757	107	124
1283	753	114	130
1282	757	113	129
1281	756	111	128
1280	758	112	128
1281	758	109	123
1278	762	111	126
1281	755	105	131
1279	759	109	126
1275	762	105	127
1274	769	109	123
1269	770	109	121
1260	787	129	103
1261	775	120	118
1257	782	125	114
1259	781	111	115
1255	782	121	118
1251	789	118	112
1253	783	118	117
1247	800	126	103
1246	798	131	104
1246	789	127	113
1244	792	125	116
1244	786	123	127
1245	789	119	124
1243	788	123	129
1243	791	123	130
1249	799	125	128
1259	795	126	130
1270	799	130	134
1286	801	129	138
1312	806	128	139
1339	810	129	142
1365	820	139	141
1403	825	141	147
1446	834	145	153
1485	846	149	156
1534	859	158	160
1580	871	166	168
1635	884	171	173
1701	914	194	167
