1003	865	156	212
1001	866	173	214
997	868	172	208
999	864	166	207
997	866	164	211
995	858	172	209
996	855	170	220
997	855	165	214
1004	857	156	213
996	855	166	215
995	861	172	206
999	859	164	202
1004	857	158	212
998	857	156	206
996	856	167	199
994	855	165	201
995	858	166	195
992	852	172	200
998	847	156	204
997	847	162	191
1002	853	152	194
1003	844	147	194
1000	845	151	192
994	843	153	188
1006	842	151	182
995	836	154	186
1000	833	154	186
1003	837	144	187
1004	839	144	179
998	837	146	175
1005	830	145	179
1001	830	148	178
1000	833	145	177
1006	827	136	176
1005	829	141	179
1004	827	139	176
1010	825	130	178
1008	828	134	172
1006	827	138	172
1005	833	142	166
1003	835	141	161
1006	826	131	166
1005	827	137	162
1006	824	133	168
1008	834	130	157
1006	826	130	158
1005	835	131	148
1002	856	139	124
1000	859	141	116
1007	858	134	114
1004	852	130	121
1005	851	130	117
1003	858	134	108
1003	850	131	116
1005	861	131	97
1000	853	139	106
1002	859	131	98
1000	852	135	102
1001	814	139	136
1001	790	141	159
1005	785	127	167
1006	782	122	168
1002	786	136	161
1002	779	129	168
1006	783	126	160
1003	781	133	160
1002	778	126	163
1006	783	127	155
1001	779	131	157
1001	775	129	164
1007	778	121	157
1005	778	121	155
1006	774	125	158
1002	774	124	156
1001	772	127	158
1002	770	124	156
1003	771	125	156
1003	770	124	157
999	766	127	156
1001	770	121	151
1002	767	122	153
1002	764	120	155
1000	763	122	153
1001	762	121	152
1001	760	117	156
999	758	119	156
1000	760	120	157
1003	761	113	153
1002	770	115	142
998	764	122	148
1001	765	121	147
998	767	119	149
997	762	125	150
996	763	120	147
999	759	116	152
998	759	124	156
998	761	119	147
998	760	118	152
996	762	123	147
994	755	122	153
996	757	125	147
995	754	120	149
994	757	125	149
991	753	127	147
991	758	130	145
994	753	129	149
994	752	128	150
993	745	124	151
991	751	125	154
991	743	130	153
990	743	124	161
991	734	125	161
994	737	124	158
993	737	121	161
990	747	122	150
991	749	124	139
988	743	129	147
988	743	124	156
985	739	129	150
984	744	125	150
983	735	134	162
985	742	129	152
985	739	129	152
986	738	126	157
981	736	134	156
989	739	118	151
984	737	125	146
986	736	123	144
987	734	122	148
987	732	128	152
987	736	119	145
980	748	135	138
984	734	130	143
982	734	131	148
979	738	134	149
980	741	137	142
983	741	128	140
981	746	120	135
975	754	143	126
977	747	146	131
972	753	143	124
974	758	147	125
976	749	138	130
975	753	139	131
974	748	130	135
975	748	134	138
976	752	138	133
979	751	129	133
972	744	131	137
971	742	140	140
976	748	123	129
978	747	126	128
977	751	124	132
977	745	131	135
973	749	134	135
974	741	129	141
975	748	130	138
968	747	140	134
970	748	136	135
973	741	136	146
969	745	139	135
973	748	136	129
974	744	128	136
973	744	131	145
977	741	122	140
974	744	125	137
970	745	131	139
972	743	127	140
973	738	127	139
975	745	123	137
972	740	135	144
974	743	130	139
972	743	135	141
970	746	137	139
971	745	130	134
973	741	129	140
973	738	130	144
973	741	129	144
971	737	129	147
970	739	133	138
971	744	130	136
974	743	126	138
971	742	121	138
970	737	121	135
968	735	117	142
973	736	113	142
971	738	115	138
972	739	117	137
969	738	124	145
970	738	121	142
970	747	123	133
972	741	116	143
970	741	119	145
973	741	117	150
971	745	119	147
973	744	115	148
969	743	118	153
970	747	119	149
972	747	118	158
972	749	119	158
967	749	127	161
973	754	122	152
973	753	118	164
970	760	123	159
969	762	125	161
970	769	126	156
969	769	127	160
972	770	122	158
971	773	119	157
968	779	129	156
973	779	124	163
972	781	123	168
971	782	122	167
973	786	121	164
973	786	119	166
972	790	123	167
972	795	119	159
971	798	120	159
972	797	118	163
969	799	127	167
974	799	121	169
974	801	120	171
973	804	127	169
974	802	123	177
973	803	126	173
974	803	126	171
974	802	129	181
979	801	116	174
974	805	125	171
974	802	123	177
979	804	114	177
980	807	110	168
979	808	110	170
982	808	111	168
978	809	116	169
981	813	113	159
981	812	108	164
983	813	104	172
984	812	106	165
985	813	106	174
984	814	112	169
984	813	110	164
985	817	111	172
983	820	116	167
981	825	121	166
985	824	117	167
987	828	115	159
987	829	117	156
985	832	118	160
990	829	116	164
991	832	112	163
993	830	109	159
989	834	115	158
992	833	109	158
991	833	116	165
994	835	113	161
996	838	109	160
997	833	106	169
994	840	113	162
995	835	114	168
997	838	111	167
999	836	109	167
998	836	109	170
1001	840	107	163
1000	839	107	169
1001	841	110	171
1000	847	110	163
999	848	113	166
999	848	116	163
1002	845	115	172
1003	850	115	168
1002	850	120	168
1000	850	119	168
1006	854	116	163
1008	851	109	169
1009	853	110	174
1005	853	117	174
1008	853	112	175
1008	851	117	182
1011	857	118	177
1006	857	121	174
1006	859	123	180
1004	853	129	185
1015	856	113	184
1010	859	121	182
1011	857	126	183
1008	859	129	192
1006	859	137	188
1010	856	121	188
1007	854	130	199
1011	853	131	207
1012	854	127	213
1012	858	129	206
1017	867	124	197
1015	868	128	194
1012	871	140	197
1013	869	132	197
1016	875	133	191
1017	876	136	193
1013	879	139	188
1016	875	141	191
1017	878	135	190
1019	875	135	192
1014	875	137	192
1018	871	136	191
1017	872	134	196
1019	873	136	191
1022	870	133	193
1015	871	136	194
1024	867	134	196
1020	867	137	188
1019	863	135	192
1021	859	136	196
1020	852	136	204
1021	850	132	208
1024	847	131	214
1022	840	131	217
1021	841	128	199
1019	836	129	204
1018	838	133	200
1017	833	136	194
1017	829	133	201
1016	828	133	202
1021	830	130	194
1017	828	130	197
1020	826	130	200
1015	822	129	201
1015	823	135	202
1015	823	131	198
1014	822	134	197
1015	819	133	194
1017	821	129	190
1016	820	131	189
1012	822	130	181
1012	819	136	183
1019	818	125	183
1015	816	130	187
1017	813	125	187
1016	814	126	184
1015	813	128	185
1012	813	130	182
1019	814	126	182
1011	813	135	176
1010	810	131	178
1019	813	128	174
1016	810	123	177
1012	817	131	168
1009	819	131	164
1018	809	123	173
1013	818	130	172
1014	824	129	163
1015	821	129	165
1014	825	128	154
1021	818	123	167
1011	812	129	166
1019	810	130	166
1018	811	124	161
1016	811	128	166
1013	808	130	161
1012	809	132	156
1015	805	123	156
1012	802	133	159
1014	802	126	156
1010	802	132	153
1008	798	129	152
1016	792	125	157
1014	791	124	154
1012	786	126	156
1014	785	126	153
1012	786	122	149
1014	778	121	153
1017	779	117	147
1012	778	124	145
1011	774	119	146
1014	770	122	150
1012	766	120	150
1013	769	126	150
1011	768	121	145
1011	769	121	143
1013	766	122	144
1014	767	119	139
1015	763	118	143
1016	760	118	141
1013	760	115	144
1014	764	119	136
1010	758	120	138
1011	760	127	140
1012	757	118	139
1013	758	118	137
1012	760	122	133
1010	757	121	136
1017	756	117	136
1014	756	112	137
1013	756	118	134
1010	755	119	130
1010	759	123	136
1011	758	118	134
1012	755	115	130
1011	761	121	131
1011	761	120	127
1012	759	117	129
1009	759	120	129
1013	757	112	126
1011	759	117	131
1011	756	116	128
1008	756	116	130
1013	757	114	134
1009	759	118	131
1011	755	115	131
1012	754	112	133
1008	758	116	133
1010	761	120	132
1008	757	117	134
1008	761	120	129
1012	759	113	132
1011	756	112	134
1013	758	112	132
1008	758	120	135
1010	761	117	131
1007	758	119	135
1012	758	111	130
1007	761	117	131
1009	762	116	124
1009	763	115	127
1009	757	117	132
1007	759	124	130
1009	760	116	129
1011	760	115	130
1008	757	118	134
1007	761	118	125
1012	759	114	132
1008	762	115	126
1009	763	117	128
1011	764	114	126
1011	757	112	135
1010	758	111	131
1009	759	118	134
1014	763	109	130
1009	765	117	127
1009	762	117	127
1007	767	118	127
1009	765	114	126
1011	762	113	131
1005	763	118	129
1009	764	117	130
1008	765	116	132
1005	763	119	129
1005	767	123	130
1011	767	113	127
1007	766	114	131
1004	766	121	130
1005	767	118	133
1013	761	111	137
1015	763	112	143
1011	771	113	137
1015	768	106	132
1015	767	110	146
1008	778	118	132
1008	775	115	134
1008	773	120	140
1006	779	116	130
1007	777	120	132
1005	777	121	135
1011	778	115	126
1003	775	120	131
1002	776	120	127
1003	776	120	127
1003	773	117	130
1009	770	111	131
1009	772	107	129
1007	768	114	129
1014	767	112	128
1014	767	107	126
1012	758	107	133
1012	755	106	128
1005	759	112	128
1009	756	113	126
1006	760	111	119
1010	758	112	122
1011	754	106	121
1011	755	109	118
1014	749	101	122
1012	749	108	120
1009	753	111	120
1014	751	103	118
1010	752	111	117
1012	751	107	114
1010	749	105	118
1012	749	105	117
1017	748	103	118
1013	751	106	113
1012	749	109	114
1016	749	105	112
1019	744	100	118
1015	750	104	111
1012	745	108	115
1014	750	107	111
1013	748	109	114
1012	747	109	111
1013	745	108	113
1014	749	106	111
1015	744	107	115
1019	745	102	114
1015	742	110	112
1021	746	102	110
1022	741	98	116
1017	745	107	112
1014	741	109	115
1016	745	107	110
1019	747	104	105
1021	742	103	111
1015	741	107	115
1015	739	111	115
1017	741	107	112
1018	741	102	114
1020	742	99	110
1022	746	100	107
1021	743	99	109
1019	741	102	113
1019	745	102	109
1017	741	103	112
1018	742	106	110
1021	742	99	108
1024	739	98	116
1024	743	99	110
1022	744	103	109
1024	745	101	107
1022	745	99	108
1020	741	103	112
1023	745	103	107
1025	743	96	111
1024	741	100	111
1022	742	100	113
1024	742	102	112
1024	744	102	111
1027	744	93	113
1028	743	93	113
1029	744	91	113
1027	740	94	118
1027	748	94	112
1025	746	100	111
1025	745	101	114
1024	743	101	118
1026	745	100	113
1024	744	103	114
1026	744	98	116
1026	745	98	117
1027	741	97	125
1029	745	96	123
1029	743	96	126
1027	743	96	120
1027	749	99	116
1025	752	102	115
1026	744	103	122
1026	742	102	127
1025	749	98	107
1025	749	99	111
1025	755	101	100
1023	751	102	106
1022	754	103	106
1018	747	114	107
1023	748	105	109
1024	758	105	97
1024	746	105	105
1025	749	102	104
1023	746	107	107
1025	748	104	109
1027	742	101	112
1025	741	103	113
1027	739	98	118
1024	737	103	120
1023	740	110	115
1026	743	103	112
1027	734	100	121
1027	740	101	117
1026	739	107	112
1026	739	104	114
1025	735	106	120
1029	740	102	114
1028	741	103	109
1029	739	101	112
1027	756	104	98
1026	753	106	93
1026	748	106	96
1026	742	102	104
1023	743	110	109
1025	738	112	106
1026	739	109	109
1029	739	104	115
1028	737	104	112
1027	731	106	115
1024	729	110	122
1027	725	106	122
1027	732	107	114
1027	721	105	132
1022	734	113	119
1028	734	106	114
1027	732	106	114
1028	741	104	109
1027	733	106	113
1019	748	116	104
1024	736	107	117
1028	733	102	117
1027	730	104	125
1026	736	105	117
1025	735	104	115
1024	739	105	120
1026	732	104	126
1022	735	107	121
1024	738	107	118
1022	732	109	125
1023	739	108	122
1021	738	111	122
1020	742	109	114
1021	747	109	118
1024	740	108	123
1024	744	107	121
1022	750	108	116
1021	745	110	120
1022	757	109	109
1020	770	110	103
1023	782	105	87
1021	791	109	76
1022	791	107	81
1019	794	113	78
1020	784	111	83
1021	790	108	81
1021	791	106	82
1020	786	109	87
1019	791	109	83
1020	791	107	88
1020	795	106	85
1019	790	109	88
1020	798	111	78
1019	795	110	82
1017	796	115	82
1017	792	118	89
1019	796	117	85
1015	798	119	88
1019	795	112	92
1015	804	115	89
1018	810	109	87
1020	818	104	73
1019	814	109	80
1018	812	111	80
1018	810	110	80
1015	808	115	92
1020	804	106	97
1019	809	109	92
1017	817	114	78
1020	815	111	75
1019	811	111	75
1018	809	115	79
1018	813	111	83
1019	818	106	76
1016	820	110	77
1020	818	102	91
1020	788	109	114
1021	785	110	116
1013	803	127	100
1016	804	118	101
1016	812	118	95
1016	815	121	86
1016	817	120	82
1017	812	116	85
1018	817	113	75
1019	815	115	74
1021	818	108	72
1018	807	113	89
1018	802	115	88
1018	809	111	75
1020	791	107	90
1019	803	106	77
1015	804	113	74
1019	801	105	79
1018	803	104	74
1017	794	105	85
1020	796	101	68
1018	794	104	68
1018	797	105	70
1020	795	104	61
1022	789	99	74
1020	783	102	81
1018	776	101	90
1019	775	100	82
1019	778	100	70
1019	777	101	68
1021	772	96	75
1019	773	99	65
1020	771	98	69
1021	771	97	67
1020	769	97	64
1016	770	102	68
1018	770	98	63
1017	767	102	65
1017	765	102	60
1020	766	96	57
1020	765	97	57
1015	763	101	59
1016	760	103	62
1020	756	97	67
1020	758	99	64
1018	760	101	57
1019	759	96	55
1020	757	100	60
1016	755	101	62
1015	756	101	56
1014	750	102	64
1017	751	92	67
1015	746	103	65
1018	746	97	67
1018	749	95	57
1020	750	90	55
1019	746	90	54
1020	748	88	54
1018	749	95	55
1021	747	89	60
1021	745	88	63
1015	742	93	70
1012	741	98	65
1009	743	98	68
1013	706	94	86
1012	739	90	63
1013	737	92	70
1015	701	89	87
1015	698	89	94
1006	698	99	102
1011	696	94	100
1008	697	98	99
1008	693	95	104
1010	694	95	108
1012	691	95	110
1011	689	94	116
1011	689	94	118
1013	688	90	115
1009	688	94	109
1011	688	97	107
1010	686	96	107
1010	685	95	106
1013	682	92	104
1015	683	88	104
1015	680	86	104
1011	679	91	102
1011	679	90	106
1009	676	93	103
1012	679	89	100
1005	677	98	102
1011	675	92	102
1009	675	93	100
1007	676	96	98
1012	674	89	99
1009	672	93	99
1011	671	90	101
1013	670	87	100
1012	669	89	99
1008	670	94	97
1011	669	91	98
1012	666	88	101
1010	664	92	100
1009	665	93	98
1010	666	91	95
1011	664	90	95
1013	663	85	96
1012	665	89	94
1009	664	91	95
1013	661	86	94
1012	660	88	95
1014	660	84	94
1010	658	90	94
1012	657	87	93
1013	655	84	95
1012	657	85	91
1013	657	85	90
1012	656	83	90
1013	653	84	91
1011	651	87	93
1010	650	86	91
1014	649	84	90
1011	646	86	93
1010	645	87	93
1011	647	85	87
1014	648	80	87
1013	642	82	91
1014	642	82	91
1015	642	82	87
1013	640	81	90
1013	639	83	87
1012	639	83	87
1016	639	79	85
1013	636	81	87
1014	635	81	87
1015	635	79	86
1012	634	80	84
1014	632	80	83
1015	631	78	84
1015	632	78	85
1019	627	75	85
1020	629	73	84
1019	628	76	86
1016	630	80	82
1017	628	79	83
1015	629	81	82
1016	628	80	81
1016	628	77	82
1013	627	81	80
1013	625	83	80
1012	624	82	80
1015	622	79	78
1016	621	79	80
1014	621	79	76
1018	618	75	78
1017	617	73	78
1019	613	73	79
1016	615	76	76
1018	613	75	77
1014	607	80	81
1016	602	76	84
1013	604	79	80
1017	595	73	80
1015	596	75	77
1014	595	74	77
1012	596	75	72
1011	597	75	72
1012	593	74	76
1011	593	76	74
1014	593	72	72
1010	593	76	70
1014	593	73	71
1012	593	75	69
1016	589	70	74
1015	591	71	71
1012	591	74	72
1016	590	71	71
1014	591	72	70
1016	590	70	71
1021	588	64	70
1018	590	67	70
1018	590	67	68
1019	587	67	70
1015	589	71	68
1017	588	69	70
1014	588	72	67
1018	587	67	69
1017	588	69	67
1017	587	69	66
1016	585	69	67
1018	582	67	68
1018	580	68	73
1018	578	65	70
1019	579	64	67
1018	579	66	67
1018	573	66	68
1015	575	68	67
1015	576	69	66
1015	574	68	67
1020	574	62	64
1018	574	63	66
1019	573	62	66
1015	574	66	66
1014	573	68	64
1014	574	67	63
1015	573	67	64
1015	572	65	63
1019	575	63	64
1018	571	65	65
1016	573	66	63
1015	574	66	62
1018	572	64	65
1017	571	63	66
1017	570	64	64
1016	570	66	62
1017	570	65	63
1014	570	68	63
1014	571	68	60
1016	568	65	64
1013	569	67	64
1017	569	64	62
1016	569	62	62
1016	569	64	62
1017	568	64	63
1017	569	64	61
1018	567	62	64
1016	569	66	61
1014	569	66	62
1017	568	64	61
1014	569	66	62
1013	569	68	62
1015	568	65	62
1014	570	68	61
1013	570	70	61
1016	569	66	60
1016	568	65	63
1018	569	63	61
1017	569	65	62
1015	570	67	62
1016	570	67	62
1016	570	66	62
1015	572	66	61
1013	573	69	59
1012	573	72	59
1014	573	69	60
1016	573	67	60
1016	572	67	61
1016	572	68	60
1015	574	67	60
1017	572	66	63
1014	574	70	60
1013	574	71	61
1013	575	73	61
1017	573	67	63
1013	575	71	61
1016	574	69	62
1014	575	72	61
1016	575	68	61
1015	575	71	60
1019	575	68	61
1022	575	63	64
1023	575	63	63
1022	576	64	62
1022	577	63	62
1022	577	64	61
1023	576	65	62
1022	578	65	62
1022	580	66	61
1020	580	68	61
1019	579	70	62
1020	580	68	62
1016	578	74	64
1019	581	73	66
1020	580	71	69
1023	581	70	72
1024	585	70	72
1021	584	75	71
1023	589	73	62
1027	591	68	67
1028	592	69	63
1027	594	71	62
1030	595	66	62
1029	595	68	61
1029	595	71	62
1028	595	71	62
1030	595	69	61
1029	595	71	59
1029	593	72	64
1025	592	74	62
1026	593	74	61
1026	592	74	62
1025	593	76	62
1025	591	75	62
1025	589	77	63
1022	585	76	69
1026	585	71	68
1028	583	68	69
1023	579	75	71
1030	588	67	59
1030	583	69	60
1027	582	72	62
1029	580	67	65
1027	579	71	62
1026	579	74	62
1027	581	71	62
1028	579	71	61
1026	579	72	62
1025	579	74	60
1023	581	76	60
1022	580	75	61
1025	581	72	61
1022	581	75	61
1021	580	74	62
1020	580	77	63
1019	581	79	60
1022	581	75	61
1020	581	77	62
1020	580	79	62
1023	580	74	61
1022	581	74	65
1023	583	73	60
1027	583	68	60
1025	585	73	60
1025	584	70	61
1025	586	70	59
1025	585	70	58
1024	585	71	59
1024	585	71	60
1022	586	76	59
1023	586	74	60
1023	586	75	60
1023	586	74	62
1021	586	75	61
1020	587	76	62
1018	588	82	60
1017	588	84	60
1020	589	78	60
1020	589	78	61
1023	588	76	64
1024	592	75	60
1023	590	78	63
1024	592	74	61
1022	591	75	60
1021	593	79	59
1022	592	77	61
1024	590	77	62
1024	592	78	61
1023	593	80	61
1022	594	81	60
1023	595	79	59
1024	594	78	62
1021	592	84	63
1019	593	88	63
1020	592	84	66
1022	596	86	60
1024	595	83	61
1024	595	79	63
1021	595	81	63
1024	597	79	60
1023	596	80	62
1023	596	80	63
1024	595	82	64
1023	596	85	62
1025	600	78	59
1024	601	81	60
1026	600	80	63
1024	605	82	59
1021	604	86	60
1022	605	84	62
1019	604	87	63
1020	604	91	65
1021	605	88	64
1020	607	84	63
1020	609	84	63
1023	611	80	65
1023	612	81	63
1022	611	79	64
1021	609	80	70
1022	616	80	61
1023	615	80	61
1024	612	77	66
1023	613	85	68
1023	614	85	70
1020	615	83	70
1021	618	82	68
1020	618	83	68
1022	618	78	71
1020	619	83	69
1024	617	76	77
1020	620	82	71
1020	626	83	67
1021	628	82	64
1020	626	84	70
1019	631	84	64
1018	628	86	70
1019	630	83	68
1018	630	86	69
1018	630	85	73
1019	631	84	73
1017	631	89	73
1019	633	78	72
1016	641	86	68
1018	639	84	71
1018	643	81	65
1017	641	84	67
1017	645	84	64
1016	642	85	76
1009	641	94	78
1009	642	92	78
1007	642	95	79
1004	645	94	79
1003	646	94	80
1005	646	93	79
1007	652	89	73
1001	651	97	74
1005	655	94	71
1005	653	96	75
1004	659	99	70
1003	657	97	76
1003	657	93	74
1003	657	94	81
1005	662	90	79
1002	666	92	75
1003	674	92	69
1003	680	88	65
1006	689	81	57
1009	692	77	59
1007	692	82	61
1007	694	84	65
1008	699	84	61
1008	706	79	52
1009	704	80	56
1006	707	84	55
1004	705	85	60
1000	699	95	66
999	693	94	76
994	686	96	83
999	694	86	82
992	686	96	88
987	685	99	90
994	684	93	90
992	686	101	90
992	686	98	88
990	683	101	93
989	686	101	88
996	692	91	83
993	699	99	77
994	710	99	67
992	712	95	62
994	715	89	54
995	715	90	56
994	711	90	56
992	708	93	63
991	713	87	54
987	708	100	58
989	703	96	63
990	706	95	58
990	703	98	63
990	700	93	61
990	698	97	59
989	699	95	57
988	697	96	57
988	694	100	58
991	695	94	54
990	696	92	53
988	694	92	55
988	686	98	69
988	692	86	57
988	690	93	56
988	684	88	62
987	686	92	62
985	688	93	60
983	689	91	57
983	692	89	53
986	689	88	53
985	687	88	56
986	687	92	52
987	684	86	60
986	687	87	57
983	683	93	58
986	685	88	58
980	682	94	64
986	682	90	59
987	685	85	57
985	686	87	57
986	687	85	54
986	690	79	50
991	689	68	54
1000	686	76	55
999	682	85	62
1005	688	84	50
1019	687	82	50
1022	681	89	61
1036	686	86	53
1055	688	81	51
1066	689	82	53
1081	687	84	54
1094	687	82	54
1112	691	83	48
1125	692	84	47
1138	691	84	48
1151	692	81	52
1161	692	85	54
1168	693	81	51
1172	691	87	57
1182	691	80	58
1184	691	83	55
1185	690	84	53
1190	691	86	53
1188	691	84	53
1185	692	88	51
1189	688	87	58
1185	689	90	53
1185	688	94	64
1184	684	87	62
1184	685	82	59
1185	685	79	61
1184	677	72	64
1184	676	79	63
1184	679	82	60
1182	676	77	60
1181	678	84	63
1183	679	79	55
1182	677	82	60
1181	675	85	59
1180	680	83	56
1180	676	75	62
1179	676	79	64
1182	678	78	52
1181	677	79	54
1182	681	80	50
1182	681	82	45
1182	679	78	51
1183	679	79	57
1180	675	83	62
1180	680	84	51
1179	673	82	57
1175	670	86	60
1169	666	92	66
1173	665	89	65
1182	674	80	58
1182	676	81	58
1180	676	84	61
1188	677	77	57
1186	678	75	58
1190	681	77	54
1183	681	79	54
1185	680	75	55
1187	675	70	64
1186	680	72	62
1184	684	81	51
1184	685	78	50
1185	680	76	56
1183	680	69	56
1187	678	63	61
1188	674	69	64
1182	674	79	54
1185	675	78	51
1181	674	82	57
1185	675	78	57
1185	669	81	58
1189	671	80	51
1198	667	69	58
1196	668	76	59
1195	668	80	57
1203	668	69	57
1200	667	74	57
1200	667	75	59
1203	671	73	53
1203	667	75	56
1201	669	67	52
1211	666	65	54
1205	668	66	52
1203	663	73	57
1204	665	70	56
1203	662	62	53
1203	663	64	50
1202	662	62	54
1200	663	66	55
1199	664	69	48
1199	662	66	52
1198	663	68	52
1198	660	68	50
1200	658	65	51
1198	659	67	48
1199	660	65	51
1200	658	60	53
1200	658	61	52
1199	659	58	48
1196	657	63	52
1198	658	60	53
1199	655	57	56
1190	657	63	52
1193	656	62	53
1191	657	62	49
1192	656	62	50
1190	654	61	51
1188	654	63	44
1187	653	61	53
1185	652	61	52
1188	652	58	56
1183	649	61	58
1186	649	60	56
1185	648	59	55
1185	648	58	54
1181	647	60	54
1181	646	62	56
1182	647	53	55
1185	645	51	58
1183	646	52	58
1182	643	56	62
1183	644	50	61
1186	644	49	59
1179	646	53	57
1183	644	49	56
1182	645	49	54
1180	646	49	52
1177	645	49	53
1174	645	55	54
1177	646	50	49
1173	643	54	53
1170	643	57	52
1169	641	60	60
1164	640	64	55
1166	644	63	50
1166	647	57	51
1172	648	50	48
1169	647	50	53
1168	645	53	57
1169	648	51	52
1164	647	54	55
1164	644	56	57
1157	643	59	58
1153	643	62	59
1152	644	65	59
1154	644	62	59
1155	642	61	60
1151	644	62	57
1151	645	62	56
1152	649	58	52
1154	649	55	47
1151	649	59	51
1153	649	55	54
1150	647	57	56
1158	649	49	52
1152	648	52	58
1148	650	56	56
1149	653	53	54
1152	652	50	55
1149	653	50	56
1145	649	53	60
1146	655	50	53
1143	655	54	59
1138	652	61	59
1143	654	55	58
1141	653	56	53
1138	654	58	53
1139	653	55	54
1141	657	51	49
1140	656	53	52
1134	658	56	53
1137	658	53	46
1133	659	54	51
1137	659	51	49
1129	657	59	58
1130	655	57	59
1125	650	62	70
1133	656	52	64
1133	656	52	61
1135	658	50	53
1134	663	49	52
1134	665	49	53
1136	664	45	54
1125	664	53	59
1127	666	50	51
1123	665	54	51
1124	667	53	53
1124	670	50	54
1124	670	51	54
1129	672	48	51
1124	672	47	53
1120	674	52	54
1121	675	49	52
1120	679	51	49
1123	677	46	50
1120	677	47	49
1117	679	49	52
1121	677	45	58
1118	680	47	57
1116	682	49	53
1116	683	46	55
1117	685	45	50
1113	685	47	55
1118	690	42	49
1111	687	49	54
1104	685	54	63
1106	681	49	67
1104	690	52	63
1102	688	53	64
1104	690	50	61
1110	692	44	66
1111	701	37	59
1115	704	34	58
1113	707	29	60
1109	704	39	60
1110	704	42	64
1101	708	46	65
1109	699	38	73
1109	699	38	73
1103	718	39	64
1097	718	43	54
1094	723	49	51
1098	721	42	49
1101	725	34	45
1094	721	37	46
1091	721	40	46
1090	725	43	40
1088	721	45	45
1089	723	45	43
1089	723	45	43
1089	723	45	43
1089	723	45	43
1089	723	45	43
1102	706	36	45
1102	706	36	45
1102	706	36	45
1102	700	28	42
1102	700	28	42
1102	700	28	42
1083	714	27	35
1077	715	27	33
1072	717	30	30
1072	717	30	30
1072	717	30	30
1072	717	30	30
1072	717	30	30
1071	714	29	26
1069	718	33	21
1071	712	32	24
1071	712	32	24
1071	712	32	24
1054	719	34	26
1052	719	33	30
1060	719	29	33
1052	719	32	35
1054	720	30	33
1054	727	21	32
1062	720	19	36
1062	720	17	35
1055	727	19	39
1054	725	23	44
1053	722	27	48
1047	792	25	52
1048	792	24	56
1040	792	32	56
1036	796	37	64
1037	797	35	65
1037	800	36	65
1035	796	35	64
1030	797	40	68
1032	797	36	67
1027	794	42	71
1022	796	50	68
1022	792	44	75
1027	789	41	64
1024	791	43	54
1035	795	35	47
1036	795	33	43
1035	797	35	40
1032	796	42	40
1036	795	48	39
1038	794	51	43
1037	794	57	54
1055	792	53	51
1058	794	50	42
1068	793	41	41
1067	781	46	38
1067	781	46	38
1066	787	41	39
1058	724	32	30
1051	725	29	30
1054	727	28	26
1056	727	22	25
1054	733	20	22
1054	733	20	22
1054	733	20	22
1054	733	20	22
1054	733	20	22
1054	733	20	22
1054	733	20	22
1054	733	20	22
1054	733	20	22
1054	733	20	22
1029	782	17	23
1031	792	18	25
1034	794	15	22
1034	794	15	22
1007	820	18	21
1037	793	18	24
1036	789	20	28
1036	789	20	28
1086	765	22	23
1086	765	22	23
1086	765	22	23
1102	800	25	23
1101	798	20	24
1099	798	24	23
1098	798	24	24
1101	806	23	21
1094	799	27	22
1094	799	27	22
1099	812	24	20
1099	812	24	20
1099	812	24	20
1099	812	24	20
1114	823	23	25
1114	823	23	25
1114	823	23	25
1114	823	23	25
1114	823	23	25
1114	823	23	25
1114	823	23	25
1114	823	23	25
1114	823	23	25
1114	823	23	25
1114	823	23	25
1114	823	23	25
1114	823	23	25
1114	823	23	25
1114	823	23	25
1114	823	23	25
1114	823	23	25
1114	823	23	25
1114	823	23	25
1114	823	23	25
1114	823	23	25
1114	823	23	25
1114	823	23	25
1114	823	23	25
1114	823	23	25
1114	823	23	25
1114	823	23	25
1114	823	23	25
1114	823	23	25
1114	823	23	25
1114	823	23	25
1114	823	23	25
1114	823	23	25
1114	823	23	25
1114	823	23	25
1114	823	23	25
1114	823	23	25
1114	823	23	25
1114	823	23	25
1114	823	23	25
1114	823	23	25
1114	823	23	25
1114	823	23	25
1114	823	23	25
1114	823	23	25
1114	823	23	25
1114	823	23	25
1114	823	23	25
1114	823	23	25
1114	823	23	25
1114	823	23	25
1114	823	23	25
1114	823	23	25
1114	823	23	25
1068	868	21	27
1068	868	21	27
1078	825	17	29
1078	825	17	29
1078	878	13	25
1078	878	13	25
1078	878	13	25
1079	873	16	23
1079	873	16	23
1079	873	16	23
1079	873	16	23
1079	873	16	23
1052	878	15	20
1052	878	15	20
1052	878	15	20
1052	878	15	20
1052	878	15	20
1052	878	15	20
1052	878	15	20
1052	878	15	20
1052	878	15	20
1052	878	15	20
1052	878	15	20
1052	878	15	20
1052	878	15	20
1052	878	15	20
1052	878	15	20
1052	878	15	20
1052	878	15	20
1052	878	15	20
1052	878	15	20
1052	878	15	20
1094	853	11	19
1081	847	13	17
1080	846	15	19
1079	847	18	17
1079	850	17	21
1079	850	17	21
1079	850	17	21
1086	846	17	19
1088	849	16	15
1088	852	14	18
1089	851	12	21
1086	863	13	24
1089	863	14	25
1090	861	13	30
1090	869	15	35
1086	876	17	30
1087	878	16	31
1088	883	15	29
1088	888	15	30
1085	882	20	30
1083	878	22	34
1083	878	22	34
1083	878	22	34
1087	876	25	36
1087	876	25	36
1087	876	25	36
1080	856	20	32
1080	856	20	32
1080	856	20	32
1080	856	20	32
1080	856	20	32
1080	856	20	32
1080	856	20	32
1086	858	18	33
1087	881	16	30
1086	879	18	26
1087	880	17	22
1087	880	17	20
1086	880	18	21
1094	860	18	18
1096	856	16	18
1106	862	16	17
1117	863	16	18
1131	864	15	17
1151	865	16	19
1167	875	17	22
1198	892	16	20
1219	872	15	18
1245	878	16	20
1274	880	19	17
1302	884	19	19
1341	911	17	17
1375	897	17	18
1407	922	19	21
1444	929	21	22
1478	936	18	24
1514	943	17	24
1547	952	17	24
1569	957	16	24
1595	963	18	22
1614	968	15	23
1628	971	12	23
1639	976	12	23
1647	977	14	24
1652	979	14	23
1655	981	15	26
1658	980	15	28
1661	981	13	26
1662	981	15	26
1662	982	17	28
1662	982	14	27
1662	982	16	26
1661	982	15	26
1661	983	13	25
1662	982	14	26
1659	983	14	25
1654	961	17	25
1660	976	21	31
1659	974	21	33
1656	973	24	35
1652	959	19	39
1655	974	21	38
1648	963	23	44
1648	957	23	40
1648	975	22	36
1650	971	22	39
1648	956	23	39
1646	975	26	34
1646	962	23	40
1648	958	21	43
1648	957	17	49
1647	952	18	47
1646	955	18	43
1646	958	22	37
1649	957	22	38
1648	957	23	40
1646	958	29	38
1646	960	26	39
1653	960	23	35
1654	960	26	32
1654	963	25	32
1651	964	29	30
1656	962	25	31
1656	972	27	26
1661	973	29	27
1664	978	23	27
1664	983	19	22
1670	985	15	21
1669	988	18	20
1674	990	19	18
1677	993	17	22
1678	998	17	25
1679	999	20	28
1683	1006	20	23
1672	1050	22	20
1678	1056	19	18
1683	1061	18	17
1685	1063	19	17
1702	1030	17	18
1704	1006	15	20
1709	1008	12	21
1707	1025	16	21
1703	1038	21	20
1708	1042	21	18
1712	1050	22	17
1720	1058	20	19
1726	1065	17	15
1726	1065	17	15
1726	1065	17	15
1726	1065	17	15
1726	1065	17	15
1692	1059	20	19
1692	1059	20	19
1692	1059	20	19
1692	1059	20	19
1692	1059	20	19
1692	1059	20	19
1692	1059	20	19
1692	1059	20	19
1692	1059	20	19
1692	1059	20	19
1692	1059	20	19
1662	1054	16	21
1662	1054	16	21
1664	1053	18	24
1664	1053	18	24
1664	1053	18	24
1664	1053	18	24
1664	1053	18	24
1664	1053	18	24
1622	1046	22	28
1622	1046	22	28
1622	1046	22	28
1622	1046	22	28
1622	1046	22	28
1622	1046	22	28
1622	1046	22	28
1597	1057	19	24
1565	1054	19	24
1564	1047	21	27
1564	1047	21	27
1550	1036	20	21
1549	1053	18	24
1549	1053	18	24
1549	1053	18	24
1549	1053	18	24
1549	1053	18	24
1549	1053	18	24
1549	1053	18	24
1549	1053	18	24
1549	1053	18	24
1549	1053	18	24
1549	1053	18	24
1549	1053	18	24
1581	1054	20	22
1581	1054	20	22
1581	1054	20	22
1598	1039	20	27
1598	1039	20	27
1598	1039	20	27
1549	1037	24	30
1549	1037	24	30
1549	1037	24	30
1549	1037	24	30
1496	986	26	29
1496	986	26	29
1496	986	26	29
1496	986	26	29
1496	986	26	29
1545	967	26	34
1545	967	26	34
1547	968	29	33
1547	968	29	33
1547	968	29	33
1547	968	29	33
1547	968	29	33
1547	968	29	33
1547	968	29	33
1547	1006	27	38
1548	1002	27	44
1548	1002	27	44
1548	1002	27	44
1548	1002	27	44
1548	1002	27	44
1548	1002	27	44
1548	1002	27	44
1548	1002	27	44
1548	1002	27	44
1548	1002	27	44
1602	1026	30	37
1602	1026	30	37
1602	1026	30	37
1602	1026	30	37
1565	989	31	43
1565	989	31	43
1565	989	31	43
1565	989	31	43
1565	989	31	43
1565	989	31	43
1565	989	31	43
1565	989	31	43
1565	989	31	43
1565	989	31	43
1629	998	37	48
1629	998	37	48
1629	998	37	48
1629	998	37	48
1629	998	37	48
1629	998	37	48
1629	998	37	48
1656	1024	32	49
1656	1024	32	49
1656	1024	32	49
1656	1024	32	49
1656	1024	32	49
1656	1024	32	49
1656	1024	32	49
1656	1024	32	49
1656	1024	32	49
1656	1024	32	49
1656	1024	32	49
1656	1024	32	49
1656	1024	32	49
1656	1024	32	49
1656	1024	32	49
1656	1024	32	49
1656	1024	32	49
1656	1024	32	49
1656	1024	32	49
1656	1024	32	49
1656	1024	32	49
1656	1024	32	49
1656	1024	32	49
1656	1024	32	49
1656	1024	32	49
1656	1024	32	49
1656	1024	32	49
1656	1024	32	49
1656	1024	32	49
1656	1024	32	49
1656	1024	32	49
1656	1024	32	49
1656	1024	32	49
1656	1024	32	49
1656	1024	32	49
1656	1024	32	49
1656	1024	32	49
1656	1024	32	49
1656	1024	32	49
1656	1024	32	49
1595	1022	39	50
1595	1022	39	50
1595	1022	39	50
1595	1022	39	50
1595	1022	39	50
1595	1022	39	50
1595	1022	39	50
1595	1022	39	50
1680	978	39	55
1617	893	34	57
1617	893	34	57
1525	960	34	63
1525	960	34	63
1525	960	34	63
1533	966	31	69
1533	966	31	69
1533	966	31	69
1532	988	21	70
1532	988	21	70
1532	988	21	70
1532	988	21	70
1532	988	21	70
1597	952	21	67
1646	911	18	63
1646	911	18	63
1646	911	18	63
1646	911	18	63
1646	911	18	63
1645	890	18	70
1645	890	18	70
1645	890	18	70
1645	890	18	70
1645	890	18	70
1645	890	18	70
1645	890	18	70
1645	890	18	70
1645	890	18	70
1645	890	18	70
1645	890	18	70
1645	890	18	70
1645	890	18	70
1645	890	18	70
1645	890	18	70
1645	890	18	70
1645	890	18	70
1645	890	18	70
1645	890	18	70
1645	890	18	70
1645	890	18	70
1645	890	18	70
1614	885	20	63
1614	885	20	63
1614	885	20	63
1614	885	20	63
1614	885	20	63
1614	885	20	63
1614	885	20	63
1631	857	24	59
1631	857	24	59
1631	857	24	59
1631	857	24	59
1631	857	24	59
1631	857	24	59
1631	857	24	59
1631	857	24	59
1631	857	24	59
1631	857	24	59
1631	857	24	59
1600	930	37	64
1600	930	37	64
1600	930	37	64
1535	987	27	54
1535	987	27	54
1535	987	27	54
1535	987	27	54
1535	987	27	54
1535	987	27	54
1535	987	27	54
1535	987	27	54
1535	987	27	54
1535	987	27	54
1535	987	27	54
1535	987	27	54
1535	987	27	54
1500	956	22	54
1500	953	27	55
1500	953	27	55
1500	953	27	55
1505	962	33	55
1505	962	33	55
1505	962	33	55
1513	961	33	56
1513	961	33	56
1513	961	33	56
1513	961	33	56
1513	961	33	56
1513	961	33	56
1513	961	33	56
1513	961	33	56
1513	961	33	56
1513	961	33	56
1513	961	33	56
1513	961	33	56
1513	961	33	56
1513	961	33	56
1513	961	33	56
1513	961	33	56
1513	961	33	56
1513	961	33	56
1513	961	33	56
1513	961	33	56
1513	961	33	56
1513	961	33	56
1513	961	33	56
1513	961	33	56
1513	961	33	56
1513	961	33	56
1513	961	33	56
1513	961	33	56
1513	961	33	56
1513	961	33	56
1513	961	33	56
1513	961	33	56
1513	961	33	56
1513	961	33	56
1513	961	33	56
1513	961	33	56
1513	961	33	56
1513	961	33	56
1513	961	33	56
1513	961	33	56
1513	961	33	56
1513	961	33	56
1513	961	33	56
1513	961	33	56
1513	961	33	56
1513	961	33	56
1513	961	33	56
1469	895	41	58
1467	907	53	53
1467	907	53	53
1467	907	53	53
1467	907	53	53
1467	907	53	53
1467	907	53	53
1467	907	53	53
1467	907	53	53
1467	907	53	53
1467	907	53	53
1467	907	53	53
1467	907	53	53
1467	907	53	53
1467	907	53	53
1467	907	53	53
1467	907	53	53
1467	907	53	53
1467	907	53	53
1467	907	53	53
1467	907	53	53
1467	907	53	53
1467	907	53	53
1467	907	53	53
1467	907	53	53
1467	907	53	53
1467	907	53	53
1467	907	53	53
1467	907	53	53
1467	907	53	53
1467	907	53	53
1467	907	53	53
1467	907	53	53
1467	907	53	53
1467	907	53	53
1467	907	53	53
1467	907	53	53
1467	907	53	53
1467	907	53	53
1467	907	53	53
1467	907	53	53
1467	907	53	53
1467	907	53	53
1467	907	53	53
1467	907	53	53
1467	907	53	53
1467	907	53	53
1467	907	53	53
1467	907	53	53
1467	907	53	53
1467	907	53	53
1467	907	53	53
1467	907	53	53
1467	907	53	53
1467	907	53	53
1467	907	53	53
1467	907	53	53
1467	907	53	53
1467	907	53	53
1467	907	53	53
1467	907	53	53
1467	907	53	53
1467	907	53	53
1467	907	53	53
1467	907	53	53
1467	907	53	53
1467	907	53	53
1467	907	53	53
1467	907	53	53
1467	907	53	53
1467	907	53	53
1467	907	53	53
1467	907	53	53
1467	907	53	53
1467	907	53	53
1467	907	53	53
1467	907	53	53
1467	907	53	53
1467	907	53	53
1467	907	53	53
1467	907	53	53
1467	907	53	53
1467	907	53	53
1467	907	53	53
1492	828	46	63
1492	828	46	63
1492	828	46	63
1492	828	46	63
1492	828	46	63
1492	828	46	63
1492	828	46	63
1492	828	46	63
1492	828	46	63
1492	828	46	63
1492	828	46	63
1492	828	46	63
1492	828	46	63
1492	828	46	63
1492	828	46	63
1492	828	46	63
1492	828	46	63
1492	828	46	63
1492	828	46	63
1492	828	46	63
1492	828	46	63
1492	828	46	63
1492	828	46	63
1492	828	46	63
1492	828	46	63
1492	828	46	63
1492	828	46	63
1492	828	46	63
1492	828	46	63
1492	828	46	63
1492	828	46	63
1492	828	46	63
1492	828	46	63
1492	828	46	63
1492	828	46	63
1492	828	46	63
1492	828	46	63
1492	828	46	63
1492	828	46	63
1492	828	46	63
1492	828	46	63
1492	828	46	63
1492	828	46	63
1492	828	46	63
1569	822	35	55
1569	822	35	55
1569	822	35	55
1569	822	35	55
1569	822	35	55
1569	822	35	55
1569	822	35	55
1569	822	35	55
1569	822	35	55
1569	822	35	55
1569	822	35	55
1569	822	35	55
1569	822	35	55
1569	822	35	55
1569	822	35	55
1569	822	35	55
1569	822	35	55
1569	822	35	55
1569	822	35	55
1569	822	35	55
1569	822	35	55
1569	822	35	55
1569	822	35	55
1569	822	35	55
1569	822	35	55
1569	822	35	55
1569	822	35	55
1577	829	29	52
1579	843	24	40
1555	861	31	45
1555	861	31	45
1555	861	31	45
1594	826	27	43
1594	826	27	43
1594	826	27	43
1594	826	27	43
1594	826	27	43
1594	826	27	43
1594	826	27	43
1594	826	27	43
1594	826	27	43
1594	826	27	43
1594	826	27	43
1594	826	27	43
1594	826	27	43
1594	826	27	43
1594	826	27	43
1594	826	27	43
1594	826	27	43
1594	826	27	43
1556	766	30	39
1556	766	30	39
1556	766	30	39
1556	766	30	39
1556	766	30	39
1556	766	30	39
1556	766	30	39
1556	766	30	39
1556	766	30	39
1556	766	30	39
1556	766	30	39
1556	766	30	39
1556	766	30	39
1556	766	30	39
1556	766	30	39
1556	766	30	39
1556	766	30	39
1556	766	30	39
1556	766	30	39
1556	766	30	39
1556	766	30	39
1556	766	30	39
1556	766	30	39
1556	766	30	39
1556	766	30	39
1556	766	30	39
1556	766	30	39
1556	766	30	39
1556	766	30	39
1556	766	30	39
1556	766	30	39
1556	766	30	39
1556	766	30	39
1556	766	30	39
1556	766	30	39
1556	766	30	39
1556	766	30	39
1556	766	30	39
1556	766	30	39
1556	766	30	39
1556	766	30	39
1556	766	30	39
1556	766	30	39
1556	766	30	39
1556	766	30	39
1556	766	30	39
1556	766	30	39
1556	766	30	39
1556	766	30	39
1556	766	30	39
1556	766	30	39
1556	766	30	39
1556	766	30	39
1556	766	30	39
1556	766	30	39
1556	766	30	39
1556	766	30	39
1556	766	30	39
1556	766	30	39
1556	766	30	39
1556	766	30	39
1556	766	30	39
1556	766	30	39
1503	710	33	39
1503	710	33	39
1503	710	33	39
1503	710	33	39
1503	710	33	39
1503	710	33	39
1503	710	33	39
1503	710	33	39
1503	710	33	39
1503	710	33	39
1503	710	33	39
1503	710	33	39
1459	756	28	45
1459	756	28	45
1459	756	28	45
1459	756	28	45
1459	756	28	45
1459	756	28	45
1459	756	28	45
1459	756	28	45
1459	756	28	45
1459	756	28	45
1459	756	28	45
1459	756	28	45
1452	772	22	41
1457	770	27	44
1457	770	27	44
1457	770	27	44
1457	770	27	44
1522	751	34	40
1522	751	34	40
1522	751	34	40
1522	751	34	40
1515	776	27	37
1515	826	21	35
1515	826	21	35
1515	826	21	35
1515	826	21	35
1515	826	21	35
1515	826	21	35
1515	826	21	35
1515	826	21	35
