1044	518	47	41
1043	519	51	39
1045	519	48	39
1046	518	50	39
1046	520	47	39
1048	518	50	40
1048	519	49	39
1050	519	45	38
1050	518	45	38
1051	518	50	36
1050	516	50	40
1051	516	50	40
1051	515	50	39
1051	516	51	36
1053	515	48	38
1053	516	48	40
1055	513	49	40
1053	515	51	39
1055	514	49	41
1054	513	50	41
1055	513	48	41
1056	513	46	39
1056	517	50	37
1058	517	47	36
1057	513	49	40
1056	514	52	39
1057	513	50	39
1058	513	53	40
1058	512	56	41
1058	512	54	42
1060	512	51	41
1061	510	49	43
1058	512	53	42
1060	513	54	41
1061	512	54	40
1062	513	55	39
1061	515	53	37
1063	514	52	37
1063	514	51	39
1065	513	49	40
1065	513	52	38
1062	514	56	39
1063	513	53	40
1061	513	50	40
1060	510	51	42
1057	516	47	37
1051	513	53	42
1046	514	48	40
1042	516	47	37
1037	517	51	35
1033	515	54	38
1031	514	50	39
1029	516	54	39
1029	513	49	41
1027	514	48	41
1024	517	51	37
1025	517	49	39
1025	518	47	38
1024	517	51	39
1025	515	47	40
1025	518	47	37
1024	516	50	39
1024	518	50	37
1025	517	53	40
1025	517	53	38
1026	517	50	40
1026	517	49	39
1025	517	52	41
1029	516	49	39
1027	516	51	41
1029	517	46	40
1030	517	51	38
1031	518	49	38
1030	517	50	39
1031	519	48	38
1031	518	52	38
1030	519	52	39
1031	519	51	37
1031	518	53	38
1031	518	52	37
1032	518	46	38
1033	518	51	38
1033	518	49	38
1034	518	45	39
1035	518	46	40
1036	520	45	38
1036	519	46	40
1036	519	49	40
1033	520	52	39
1037	519	51	39
1038	519	49	39
1038	519	53	42
1039	519	48	39
1040	520	50	40
1040	524	46	37
1041	524	48	36
1041	523	51	37
1041	522	49	40
1042	520	50	39
1043	520	50	40
1041	520	53	39
1042	520	57	40
1042	519	54	39
1044	520	51	40
1044	519	50	41
1045	519	50	39
1045	519	51	40
1047	519	48	40
1045	519	50	40
1045	520	50	40
1047	522	47	38
1048	520	46	39
1048	520	47	40
1045	520	53	39
1044	519	54	40
1042	519	53	41
1041	519	55	40
1041	519	52	40
1040	520	51	38
1036	519	51	40
1031	519	52	40
1024	519	49	39
1017	518	49	41
1009	520	50	38
997	519	50	39
988	519	50	39
975	519	54	40
962	518	52	41
953	519	48	39
940	521	48	36
927	519	50	40
917	519	53	41
910	519	50	40
904	519	49	38
897	519	52	39
893	518	52	40
891	518	48	41
887	519	50	39
885	518	49	39
884	519	50	39
883	519	51	38
883	521	51	38
882	520	49	36
882	519	48	38
883	519	45	40
881	520	51	37
882	520	52	39
880	520	55	38
882	519	50	40
882	519	49	41
881	519	52	40
882	520	52	38
883	520	50	38
881	520	55	39
881	519	52	39
881	521	52	39
881	520	53	38
880	519	54	41
880	520	53	40
881	520	52	38
881	520	50	38
880	521	51	39
880	520	50	39
881	521	48	40
880	520	50	38
879	521	52	38
880	522	52	38
879	521	52	39
880	522	53	38
879	522	51	38
880	522	50	39
880	523	49	39
880	522	53	37
881	522	51	37
881	522	49	39
880	522	49	40
880	522	50	40
879	523	50	39
879	524	51	36
881	524	49	37
880	524	49	37
881	524	51	39
880	522	50	37
879	524	51	38
879	524	54	38
880	524	52	39
878	525	52	39
878	525	52	40
878	525	54	37
879	525	54	37
880	525	52	39
879	526	52	38
880	526	51	37
879	526	53	38
879	526	56	38
880	526	53	40
879	527	53	38
878	527	55	38
878	527	53	39
880	527	51	38
880	527	50	37
880	528	49	38
879	528	51	36
878	528	50	38
878	527	54	39
877	527	53	39
875	526	56	40
877	528	55	39
877	527	53	38
879	528	50	40
878	528	49	39
878	528	47	39
879	528	50	39
878	529	50	38
878	529	51	39
877	529	54	38
879	529	52	40
877	528	53	39
877	529	54	37
877	528	52	40
876	529	52	40
878	529	50	39
878	529	51	40
876	529	54	41
877	529	53	40
877	529	52	40
877	529	51	39
877	529	51	38
878	530	52	39
877	530	53	39
877	532	53	39
876	530	57	41
877	531	56	40
876	530	53	43
875	531	57	43
876	531	55	41
875	531	54	41
876	531	53	42
875	531	57	41
875	532	53	40
876	533	51	39
876	533	53	37
877	534	51	38
876	533	50	40
874	534	54	40
876	533	52	41
874	532	54	41
874	532	55	39
873	532	56	41
874	532	54	42
874	534	53	39
874	534	54	39
875	533	52	40
873	534	53	39
873	534	55	37
873	535	55	38
873	533	53	40
872	535	55	37
873	534	52	38
874	533	54	39
873	532	53	40
872	532	56	41
872	533	57	39
872	531	55	40
871	533	57	40
870	532	57	42
872	534	55	38
871	532	55	40
872	532	55	41
873	531	52	40
872	532	52	40
871	532	59	41
871	532	60	40
870	532	57	39
870	534	58	38
867	533	63	37
868	532	58	40
869	532	56	40
869	532	54	38
871	534	52	37
870	533	57	39
869	532	57	40
869	532	58	40
870	533	53	39
870	532	54	41
871	531	54	43
869	532	58	40
869	532	61	41
868	531	60	41
869	532	57	41
868	531	55	42
868	532	55	40
869	532	53	42
866	532	56	41
866	532	58	42
867	532	56	41
867	534	58	38
867	533	55	40
867	533	57	39
868	533	54	41
867	534	55	39
867	533	55	41
866	535	58	38
868	533	53	41
868	535	56	37
867	534	55	40
868	536	53	38
867	534	52	39
867	533	52	40
867	534	53	41
866	534	52	42
865	536	49	41
866	534	51	41
866	535	49	40
866	535	51	39
866	534	49	42
865	535	53	40
865	536	53	42
864	536	55	40
867	535	50	40
867	535	53	42
866	535	50	43
865	536	50	41
867	536	46	40
867	536	50	39
865	537	51	40
866	536	52	40
864	536	55	38
864	536	53	41
863	536	52	39
865	537	50	39
865	537	49	39
866	537	50	37
864	537	51	38
866	536	48	40
865	536	49	41
866	537	51	40
864	537	49	41
865	537	48	40
864	538	53	40
864	538	54	41
864	538	52	39
864	537	53	40
864	538	52	41
864	539	51	37
864	539	51	38
864	538	52	39
864	538	50	41
865	537	48	39
864	537	49	38
864	538	49	41
863	539	50	39
862	538	56	39
863	539	53	39
863	539	52	39
862	539	51	38
860	539	54	40
862	537	48	41
861	538	48	41
861	538	52	40
861	538	52	39
860	538	55	40
861	538	51	38
861	538	52	38
861	537	47	41
861	538	48	40
862	537	47	43
861	537	49	44
862	537	47	40
862	536	46	41
860	537	50	41
860	537	48	39
861	537	48	41
862	539	45	38
861	537	49	42
860	537	48	40
859	536	49	41
861	536	45	42
860	537	48	41
860	537	47	39
861	536	44	43
859	536	48	42
859	537	49	40
859	537	50	42
860	537	47	40
860	535	50	44
858	536	52	40
857	537	51	43
858	538	50	39
859	537	50	41
858	537	50	39
858	536	51	40
858	537	48	41
858	537	46	42
859	536	49	42
858	537	47	40
858	537	48	42
858	537	48	38
858	537	49	43
859	536	45	41
860	537	45	42
858	537	47	42
858	537	49	41
858	537	49	40
857	537	48	42
858	536	49	44
858	536	47	42
857	536	52	42
856	536	52	41
855	536	51	41
856	537	50	40
855	536	52	42
856	536	50	41
856	536	52	40
855	536	57	42
855	536	51	40
854	537	52	42
856	537	49	43
855	537	50	42
855	537	48	41
855	538	49	39
855	537	51	43
853	537	53	41
851	537	58	41
853	537	56	39
852	536	56	42
852	538	54	41
853	537	52	42
854	538	50	41
853	538	50	41
855	538	46	41
854	538	44	45
854	539	50	43
854	539	47	42
854	539	45	42
854	538	46	40
854	538	48	43
852	539	50	38
852	539	48	43
853	539	48	41
853	540	48	38
852	540	50	39
852	539	52	39
852	538	50	43
853	539	48	41
853	539	50	42
851	540	51	43
853	540	46	42
853	539	49	43
853	539	48	43
852	539	48	42
851	539	51	42
851	539	50	43
850	540	54	43
850	540	49	42
849	540	49	41
849	540	49	40
851	540	46	42
852	541	45	41
852	540	47	44
853	543	48	39
856	543	48	37
860	542	47	37
863	543	46	37
866	541	52	38
871	542	52	39
877	540	49	44
880	544	48	36
882	542	50	38
883	543	52	33
888	547	46	30
890	547	46	32
890	540	46	35
893	539	47	40
894	539	45	40
893	539	46	42
893	538	48	42
893	538	46	42
894	538	44	41
894	540	46	39
894	539	48	40
893	539	48	40
893	539	47	38
894	538	47	41
894	538	46	42
894	539	46	40
892	537	48	40
894	537	45	39
892	539	49	40
893	542	50	37
891	541	52	35
891	540	51	37
892	538	47	40
892	539	46	40
892	538	46	39
892	538	45	39
891	534	45	44
892	536	43	43
891	538	41	40
892	538	45	40
892	535	45	41
890	535	44	41
891	534	43	40
891	534	43	42
891	534	44	40
890	533	44	41
890	531	43	42
889	531	46	43
889	531	48	40
890	530	45	41
889	531	47	41
888	532	49	39
889	530	45	39
889	530	45	40
888	530	49	41
888	529	46	41
888	529	45	42
889	529	49	41
888	530	46	38
887	531	46	38
887	529	47	41
890	530	43	39
888	530	44	39
887	528	45	41
887	529	44	39
888	529	44	41
887	529	46	39
887	529	45	40
888	527	43	41
887	528	46	38
888	526	44	38
888	527	45	40
886	527	47	37
887	526	44	40
886	526	48	39
887	526	44	40
888	526	44	40
886	525	48	42
887	527	46	38
887	527	46	40
886	527	49	38
887	526	47	38
887	525	46	39
885	523	48	39
886	526	48	39
886	526	49	37
885	524	48	39
886	524	46	40
887	526	45	39
886	524	46	38
885	525	47	37
886	525	44	37
886	527	47	35
885	523	46	43
886	522	45	41
886	523	43	39
886	524	44	38
885	527	45	35
885	525	47	36
885	523	45	38
887	523	43	39
885	526	43	35
886	523	42	40
886	523	45	39
887	524	43	37
885	524	46	38
885	524	45	40
885	525	43	36
886	524	46	39
885	526	46	36
886	521	43	41
886	524	43	37
886	525	44	37
886	526	46	37
886	523	44	40
886	522	44	42
885	523	46	39
884	523	46	41
886	522	44	40
886	522	43	41
885	522	43	42
885	522	42	40
885	521	44	42
884	522	45	37
884	523	47	40
884	523	45	40
885	526	44	36
885	522	42	40
886	522	41	40
885	521	43	44
885	522	42	40
886	522	40	42
885	522	44	40
884	523	45	40
885	523	43	39
885	521	43	40
885	522	43	40
885	522	43	39
884	523	43	39
884	523	47	38
884	523	47	38
884	522	44	41
884	523	43	39
884	522	46	39
883	523	46	38
883	521	43	41
884	521	46	41
882	522	48	39
882	521	47	40
881	523	47	37
883	520	46	41
882	522	48	39
882	521	46	38
882	520	45	40
882	520	45	39
882	520	45	41
882	519	46	40
881	520	48	41
882	519	44	42
882	520	43	40
883	523	43	36
882	518	46	43
881	519	46	42
881	519	45	41
880	521	46	39
880	520	48	38
880	520	45	38
879	520	49	39
879	521	46	39
880	521	45	41
879	518	47	44
880	518	47	42
880	520	44	41
878	520	48	40
878	521	48	40
878	521	48	40
880	521	45	39
879	519	48	40
880	520	44	41
879	520	47	42
878	520	48	43
877	520	52	40
879	520	48	43
878	520	45	41
879	520	46	42
878	521	47	41
879	522	47	42
878	524	47	39
879	521	43	41
879	522	41	43
878	523	42	42
877	524	44	39
877	523	43	43
877	523	45	44
877	525	45	40
877	524	45	41
877	526	45	41
876	525	50	41
875	526	51	41
876	526	47	41
874	527	49	41
875	527	49	42
875	527	50	41
875	527	49	42
875	526	48	45
874	527	46	44
875	528	45	45
874	529	49	42
874	529	50	42
875	528	46	44
875	529	46	43
874	530	46	43
875	531	45	43
874	531	48	43
873	531	51	44
873	532	51	42
873	532	50	42
873	532	51	43
872	532	51	43
872	532	51	44
871	533	53	43
871	533	50	42
871	534	50	43
871	534	50	44
872	534	53	43
870	535	50	44
872	535	47	43
871	535	46	44
871	536	45	43
870	536	45	44
870	537	52	43
869	537	52	43
869	538	52	42
871	538	48	42
870	538	47	41
869	538	47	44
871	538	46	44
871	539	46	43
869	538	50	45
870	539	46	43
870	540	49	43
870	540	45	44
870	539	43	45
870	540	47	45
869	541	47	43
869	540	49	47
869	540	51	45
870	541	47	44
868	543	55	42
867	542	53	44
868	542	50	46
867	543	49	45
868	544	46	44
868	544	50	46
866	543	54	45
865	544	54	45
866	544	50	45
866	544	49	45
866	546	48	45
867	546	47	44
865	545	50	45
866	545	49	43
865	546	48	44
865	545	53	45
865	546	50	47
866	548	51	43
867	548	48	42
866	547	53	45
869	547	48	44
867	548	51	44
869	547	48	45
869	548	47	43
869	548	48	44
870	549	48	43
871	548	44	43
871	547	46	43
873	549	46	42
872	548	51	43
873	550	47	41
874	551	49	39
874	550	50	41
873	551	51	40
875	549	53	41
876	551	51	39
876	550	52	41
878	549	49	42
880	549	47	41
879	547	49	44
880	551	48	40
880	547	48	44
881	548	48	42
882	549	48	40
881	548	51	42
883	547	50	43
884	547	48	44
886	545	48	43
886	548	49	40
889	547	48	41
887	546	50	42
889	547	51	41
891	547	49	40
891	546	53	40
894	544	48	41
894	544	49	44
896	546	49	40
896	545	54	41
898	544	50	42
897	544	53	41
898	544	58	42
900	543	52	44
902	542	52	43
904	544	51	41
905	543	51	43
908	541	49	44
909	540	49	44
909	539	51	44
911	541	50	41
911	541	51	43
914	541	48	43
915	540	48	42
915	539	52	43
914	540	53	42
916	538	54	44
918	540	51	44
918	539	55	44
918	541	53	41
922	540	55	43
922	539	52	43
925	540	51	41
926	540	50	40
927	540	51	43
928	539	50	43
929	539	49	44
928	541	54	43
931	540	53	42
931	540	52	43
932	541	55	40
934	540	53	40
935	540	53	40
932	541	56	41
933	540	59	40
935	540	58	42
938	541	53	39
941	540	53	42
940	539	54	41
942	541	54	42
942	540	53	40
944	540	54	41
945	540	58	41
946	540	54	42
946	541	53	42
946	541	56	41
948	541	58	41
949	540	57	42
952	540	54	43
950	540	56	43
950	539	58	44
953	539	57	43
955	539	53	44
953	540	57	42
957	543	54	40
957	542	53	42
959	541	53	42
957	542	57	42
958	541	58	44
961	541	53	43
958	541	58	42
961	540	57	43
962	544	54	40
961	543	58	41
961	541	61	40
963	541	59	41
961	542	60	41
964	541	60	42
963	540	61	44
963	542	61	43
967	541	59	43
966	543	62	39
971	541	55	42
971	542	55	44
970	541	59	43
972	544	58	40
974	545	55	39
976	543	54	41
975	544	52	42
973	543	58	42
974	543	61	42
980	543	53	42
978	543	55	43
979	543	56	43
977	543	59	44
981	543	54	45
978	545	60	42
982	547	58	41
981	546	56	43
981	544	58	43
981	544	60	44
980	545	62	44
985	547	57	42
984	547	58	43
986	546	58	43
983	549	63	41
984	547	65	44
986	548	60	44
988	547	58	44
987	548	64	43
985	549	67	43
988	550	63	44
985	549	64	42
986	549	64	44
983	550	67	41
986	551	67	43
990	551	64	41
991	550	61	44
994	548	58	44
989	551	65	43
993	550	63	42
993	551	61	44
997	550	62	45
990	549	70	46
991	553	68	43
997	552	60	43
998	551	61	47
999	554	57	42
1000	552	59	45
998	552	64	47
999	552	59	46
1000	553	62	44
999	553	66	46
990	556	76	40
991	556	76	41
996	555	73	43
997	557	69	42
993	555	75	45
1001	556	72	45
997	555	73	45
1005	559	64	43
1008	557	60	44
1008	557	59	46
1007	557	64	45
1010	559	62	45
1004	558	65	47
1009	563	62	40
1010	559	63	45
1013	564	56	42
1013	561	58	44
1010	563	61	41
1010	565	61	41
1011	564	61	42
1010	562	65	45
1009	561	70	45
1011	567	70	41
1014	567	64	40
1016	568	60	42
1017	569	59	40
1016	572	61	38
1016	567	62	41
1017	568	62	43
1020	570	58	40
1017	570	63	42
1015	566	61	51
1019	569	61	43
1019	569	59	46
1019	570	60	46
1018	568	65	49
1017	571	65	47
1017	570	65	47
1021	573	63	45
1021	573	63	44
1021	573	61	44
1016	572	67	48
1013	571	70	49
1018	573	69	49
1021	576	63	44
1021	578	66	44
1022	575	61	45
1015	575	70	46
1016	575	72	49
1015	573	72	48
1015	577	72	46
1012	577	74	48
1015	581	70	41
1020	576	64	48
1019	575	66	49
1015	578	67	49
1020	578	61	46
1018	583	68	40
1016	583	69	42
1016	581	64	44
1016	578	65	47
1019	579	64	46
1018	581	63	43
1012	580	71	45
1014	580	66	48
1014	580	62	46
1011	581	68	46
1012	581	66	47
1010	580	68	48
1012	586	63	43
1008	582	69	44
1008	580	68	46
1011	583	61	43
1010	586	61	38
1007	585	64	39
1008	585	61	40
1009	586	60	37
1007	587	61	36
1006	584	60	41
1006	583	61	42
1004	585	65	41
1004	582	63	43
1002	582	64	45
998	580	71	45
1000	581	65	43
997	586	73	39
996	583	70	42
996	583	71	41
990	579	69	46
993	578	66	48
995	576	58	51
992	576	63	49
993	577	61	50
990	578	64	47
992	577	63	48
985	578	71	47
990	576	63	49
989	577	63	47
990	577	62	50
989	577	63	48
988	576	65	49
989	577	64	50
990	577	60	49
987	577	64	49
986	576	66	47
988	575	61	51
988	578	61	48
988	576	60	49
988	577	60	49
985	575	65	51
983	577	65	49
986	584	60	43
985	588	61	37
985	588	59	39
985	586	58	48
984	590	61	44
983	587	62	46
984	586	61	48
982	586	69	45
982	586	68	45
981	585	65	47
979	587	72	45
980	594	72	36
982	592	64	38
980	592	62	35
982	591	60	37
980	585	63	42
979	585	61	39
981	586	58	37
980	582	58	42
977	578	64	44
975	580	66	42
974	583	64	37
978	575	60	44
976	575	61	44
976	572	60	51
974	571	64	47
973	571	64	48
974	570	62	48
976	572	60	49
975	570	63	53
974	570	63	52
971	570	68	49
969	571	69	51
971	571	65	52
971	573	62	48
976	573	60	49
976	572	59	52
975	580	61	43
976	576	62	45
973	576	65	47
975	579	63	48
973	579	64	46
975	580	62	45
976	580	62	45
975	579	63	46
973	578	65	47
972	581	66	44
974	579	65	45
976	577	59	49
976	577	60	50
975	577	62	49
976	579	61	50
973	579	66	49
973	578	65	50
972	579	66	50
974	578	62	49
973	578	62	49
973	578	63	50
973	579	63	51
970	580	65	46
970	581	64	47
970	580	62	48
966	581	69	46
966	580	70	48
968	577	62	49
965	578	67	49
964	578	65	52
967	579	60	48
966	578	61	48
963	578	68	50
963	579	65	47
964	579	62	53
961	586	66	41
964	586	61	39
964	579	60	48
964	580	58	46
962	584	62	43
961	586	63	40
960	589	59	37
960	590	61	36
962	587	58	38
961	591	62	36
960	589	60	39
960	587	61	43
959	588	60	39
959	582	57	46
959	580	61	55
959	583	57	50
960	585	57	47
959	584	61	49
957	584	64	46
957	586	64	44
958	586	62	48
958	586	60	48
957	586	58	49
956	588	60	49
958	587	59	48
955	585	63	51
953	586	66	52
957	586	63	51
955	586	62	51
955	586	63	51
953	587	63	51
952	591	65	47
953	594	64	45
954	593	64	47
954	596	65	44
954	591	65	48
953	594	61	46
952	593	70	47
952	594	72	46
953	593	66	47
952	590	70	50
952	589	74	54
952	590	71	53
950	590	74	50
951	589	69	53
951	589	69	53
951	592	64	50
951	591	66	51
949	591	67	54
951	591	65	52
950	591	64	53
952	593	61	50
948	592	63	51
950	593	71	52
946	592	74	51
949	600	68	45
946	593	75	54
948	595	70	51
954	607	58	40
949	601	66	46
950	602	64	47
949	604	67	41
949	603	64	46
945	600	71	50
945	602	70	48
945	601	70	48
940	605	73	44
941	603	74	48
943	602	71	50
947	608	66	45
948	604	64	47
944	605	65	47
938	607	75	44
935	605	79	44
946	606	71	46
946	609	65	44
943	604	69	51
938	607	74	45
944	605	68	48
943	603	71	52
939	605	69	51
937	599	71	56
944	606	68	48
943	602	64	54
943	603	62	54
942	602	65	54
947	613	59	44
946	619	62	38
943	614	65	42
941	617	65	40
943	622	64	35
948	623	57	32
948	622	55	32
946	617	55	37
946	622	61	35
947	622	55	36
945	622	58	37
946	625	55	35
947	625	59	35
948	623	54	36
947	624	57	39
944	625	61	39
945	626	56	38
945	626	60	41
944	625	58	40
945	625	55	39
943	627	58	38
942	626	57	40
943	628	55	40
945	627	57	41
944	627	55	41
939	626	58	43
942	626	59	47
945	629	52	42
942	632	52	39
944	636	48	31
943	631	50	33
942	632	52	35
942	629	51	39
942	633	46	36
942	629	50	35
941	627	50	37
938	626	52	36
937	626	52	39
935	626	52	35
935	622	56	38
935	623	52	36
933	622	50	34
934	621	50	36
933	620	47	36
931	621	49	34
932	621	50	33
932	619	45	35
929	620	49	35
931	620	46	34
929	619	47	35
928	619	47	36
925	618	48	38
927	618	47	40
927	619	46	35
927	618	46	36
927	617	47	37
925	620	44	32
928	620	44	33
926	614	42	36
926	615	44	36
923	614	45	37
922	615	47	38
922	614	43	37
924	611	42	42
923	612	41	39
923	612	41	43
923	615	41	39
922	615	41	33
920	612	40	39
915	614	46	40
919	614	44	40
913	613	45	39
918	610	42	42
919	612	39	39
913	609	46	43
917	611	43	41
917	612	42	38
917	611	40	39
912	610	46	43
912	612	43	38
914	611	44	34
912	612	40	35
912	610	38	37
914	609	39	38
913	611	36	37
909	609	39	39
914	612	35	38
914	611	33	36
913	609	31	40
913	614	31	37
911	613	33	37
910	612	35	37
906	613	36	40
905	614	39	38
906	615	40	34
908	616	36	37
904	615	40	37
903	616	41	38
900	615	46	38
903	614	43	38
899	614	45	41
906	618	41	35
911	614	36	36
908	615	37	39
906	617	40	36
909	617	39	35
911	618	32	32
910	618	32	33
909	617	37	37
908	616	36	34
906	614	36	38
903	615	40	38
901	616	41	39
901	613	40	43
901	612	40	44
901	615	40	40
900	615	41	39
900	614	35	37
897	616	39	37
896	615	38	36
895	616	38	38
897	616	38	35
893	615	40	40
893	615	39	39
895	615	35	37
893	617	39	39
890	615	38	37
890	615	37	40
888	614	37	38
886	616	37	35
885	616	38	35
883	615	41	36
879	614	41	38
881	615	38	36
879	616	38	36
876	614	41	40
876	611	39	42
873	613	41	44
866	611	45	45
861	612	46	42
861	611	42	41
860	611	36	41
857	609	39	40
855	610	41	41
860	609	35	35
856	610	36	37
858	610	38	38
855	608	36	41
859	609	36	39
858	609	37	40
855	610	40	38
858	611	36	39
854	610	41	39
859	611	35	36
857	611	39	38
858	611	39	38
855	611	42	41
849	613	49	41
851	612	46	41
856	615	42	39
856	612	40	39
858	614	38	39
861	614	35	38
858	612	38	43
857	612	38	39
856	611	37	39
856	609	39	42
857	609	37	40
855	611	39	39
855	610	40	40
856	611	37	37
851	610	41	39
849	609	41	40
848	609	41	39
845	608	42	39
846	609	39	38
846	608	40	38
842	607	40	38
839	606	41	39
842	608	40	37
842	606	40	37
838	606	43	40
836	605	45	39
839	608	41	38
836	607	45	38
838	608	41	37
840	607	39	37
836	608	43	38
839	606	39	38
841	607	37	39
836	608	43	39
836	606	44	40
836	608	45	39
838	609	42	37
842	608	38	38
843	609	37	37
841	611	40	36
839	611	41	36
843	611	39	38
844	611	36	37
842	613	38	37
844	612	40	40
841	614	41	42
842	615	38	40
844	616	40	37
843	616	39	39
842	619	44	36
845	622	39	34
846	619	36	38
846	620	37	37
845	621	38	37
848	626	35	33
848	624	33	36
845	623	37	40
843	624	40	38
846	624	37	35
848	626	35	35
848	624	37	37
846	625	35	35
847	624	39	36
846	625	39	37
846	625	38	38
847	624	37	38
847	626	36	36
845	625	40	39
843	625	43	42
846	627	39	40
843	625	42	40
847	627	40	36
848	629	38	35
844	627	39	39
845	627	41	38
847	629	39	35
851	630	35	37
849	628	35	36
848	629	38	38
850	627	36	43
850	630	38	39
849	631	36	36
848	630	37	36
847	630	39	40
851	630	37	37
852	630	35	33
854	627	34	37
852	629	36	39
853	631	37	35
855	630	33	35
854	629	34	37
851	629	37	38
854	628	35	39
857	630	31	35
854	630	34	37
854	632	37	37
848	630	44	39
851	630	39	39
847	627	45	43
852	631	40	38
857	629	36	38
855	630	37	36
852	631	41	40
853	631	41	39
855	633	39	38
851	632	42	39
850	632	42	38
849	630	43	42
850	630	41	38
851	627	42	39
853	623	42	43
859	629	36	34
863	631	31	34
864	628	31	41
862	627	32	41
856	625	38	44
859	626	36	44
860	625	37	44
862	628	35	37
863	628	32	40
865	625	32	40
865	626	32	35
865	631	33	31
861	627	35	37
862	629	36	35
866	630	33	35
865	630	33	38
869	629	28	36
867	628	31	39
867	628	33	38
865	628	35	39
864	625	36	40
867	625	34	39
872	627	30	36
874	625	30	34
873	626	31	37
877	628	27	32
878	628	28	34
878	627	28	35
878	629	30	30
876	627	31	36
876	630	32	33
878	629	33	33
874	629	37	37
880	626	30	37
877	626	35	41
879	626	31	36
881	627	32	33
880	629	32	30
882	627	30	37
882	627	30	37
878	626	34	37
880	631	32	32
882	631	31	33
883	629	31	31
885	627	30	35
881	629	30	38
880	631	31	39
880	635	29	33
879	638	31	33
878	629	32	32
880	631	28	39
880	619	31	43
868	632	36	39
873	636	38	35
877	628	32	28
879	634	30	24
873	632	29	24
878	632	32	25
877	631	27	27
879	631	27	27
879	633	28	31
878	632	32	38
877	638	34	33
874	623	35	41
879	627	30	41
880	632	27	42
878	627	33	42
877	628	35	40
880	629	31	38
878	625	32	41
875	628	36	43
878	636	33	36
886	630	32	33
882	627	29	33
879	627	33	34
887	631	27	30
895	635	26	26
891	637	22	27
897	639	23	25
896	636	20	21
895	638	23	18
896	640	22	15
893	640	19	16
896	639	15	16
895	638	16	18
896	632	15	22
894	634	17	22
895	636	14	20
893	637	16	18
926	638	19	18
926	638	19	18
926	638	19	18
926	638	16	18
926	638	16	18
926	638	16	18
926	638	16	18
926	638	16	18
926	638	16	18
895	640	17	15
895	640	17	15
895	640	17	15
895	640	17	15
895	640	17	15
895	640	17	15
895	640	17	15
895	640	17	15
895	640	17	15
895	640	17	15
895	640	17	15
895	640	17	15
895	640	17	15
895	640	17	15
926	658	17	15
926	658	17	15
926	658	17	15
926	658	17	15
926	658	17	15
926	658	17	15
926	658	17	15
926	658	17	15
926	658	17	15
912	639	16	15
911	640	16	15
911	640	16	15
909	639	17	15
905	639	22	16
903	637	23	19
904	634	21	23
904	634	22	23
903	637	24	20
901	635	25	23
901	637	26	23
897	637	31	27
895	628	32	32
894	628	33	28
892	625	35	34
891	625	36	39
894	623	31	45
895	628	30	40
882	629	31	36
889	628	31	34
893	628	27	27
892	625	28	30
892	625	28	30
892	625	28	30
892	625	28	30
892	625	28	30
892	625	28	30
892	625	28	30
892	625	28	30
892	625	28	30
892	625	28	30
892	625	28	30
892	625	28	30
892	625	28	30
892	625	28	30
892	625	28	30
892	625	28	30
892	625	28	30
892	625	28	30
892	625	28	30
892	625	28	30
892	625	28	30
892	625	28	30
892	625	28	30
892	625	28	30
892	625	28	30
892	625	28	30
892	625	28	30
892	625	28	30
860	625	25	33
860	625	25	33
860	625	25	33
860	625	25	33
860	625	25	33
860	625	25	33
860	625	25	33
860	625	25	33
860	625	25	33
860	625	25	33
860	625	25	33
860	625	25	33
860	625	25	33
860	625	25	33
860	625	25	33
860	625	25	33
860	625	25	33
860	625	25	33
860	625	25	33
860	625	25	33
860	625	25	33
860	625	25	33
860	625	25	33
860	625	25	33
860	625	25	33
860	625	25	33
860	625	25	33
860	625	25	33
860	625	25	33
860	625	25	33
860	625	25	33
860	625	25	33
860	625	25	33
860	625	25	33
860	625	25	33
860	625	25	33
860	625	25	33
860	625	25	33
860	625	25	33
860	625	25	33
860	625	25	33
860	625	25	33
860	625	25	33
860	625	25	33
860	625	25	33
860	625	25	33
860	625	25	33
860	625	25	33
860	625	25	33
860	625	25	33
860	625	25	33
860	625	25	33
860	625	25	33
860	625	25	33
860	625	25	33
877	683	19	32
877	683	19	32
877	683	19	32
877	683	19	32
877	683	19	32
877	683	19	32
877	683	19	32
877	683	19	32
877	683	19	32
877	683	19	32
877	683	19	32
877	683	19	32
877	683	19	32
877	683	19	32
877	683	19	32
877	683	19	32
877	683	19	32
877	683	19	32
877	683	19	32
877	683	19	32
877	683	19	32
877	683	19	32
877	683	19	32
877	683	19	32
877	683	19	32
877	683	19	32
877	683	19	32
877	683	19	32
877	683	19	32
877	683	19	32
877	683	19	32
877	683	19	32
877	683	19	32
877	683	19	32
843	711	19	25
845	712	19	23
845	712	19	23
845	712	19	23
845	712	19	23
845	712	19	23
845	712	19	23
845	712	19	23
845	712	19	23
845	712	19	23
845	712	19	23
845	712	19	23
845	712	19	23
845	712	19	23
845	712	19	23
845	712	19	23
845	712	19	23
845	712	19	23
845	712	19	23
845	712	19	23
845	712	19	23
845	712	19	23
845	712	19	23
845	712	19	23
845	712	19	23
845	712	19	23
845	712	19	23
845	712	19	23
845	712	19	23
845	712	19	23
845	712	19	23
845	712	19	23
845	712	19	23
845	712	19	23
845	712	19	23
845	712	19	23
845	712	19	23
845	712	19	23
845	712	19	23
845	712	19	23
845	712	19	23
845	712	19	23
845	712	19	23
845	712	19	23
845	712	19	23
845	712	19	23
845	712	19	23
863	686	19	23
862	687	21	20
862	687	21	20
862	687	21	20
862	687	21	20
862	687	21	20
862	687	21	20
862	687	21	20
862	687	21	20
862	687	21	20
862	687	21	20
862	687	21	20
862	687	21	20
862	687	21	20
862	687	21	20
862	687	21	20
862	687	21	20
862	687	21	20
862	687	21	20
862	687	21	20
815	661	18	18
816	662	20	19
818	669	23	17
825	670	21	17
830	673	18	14
831	672	16	15
834	672	19	16
833	675	22	19
838	671	24	21
840	672	22	23
841	672	23	21
842	672	22	22
842	671	20	23
842	676	21	27
846	678	18	24
846	673	19	22
847	681	18	23
846	674	18	22
847	679	20	21
845	676	19	18
846	678	18	16
844	678	19	15
845	678	19	16
845	678	18	18
845	684	16	20
846	678	16	19
846	682	18	21
846	676	17	24
847	682	17	21
845	681	19	19
846	683	18	19
847	689	17	19
847	684	18	17
848	687	18	15
848	687	18	15
848	688	20	16
849	687	19	17
850	695	19	15
851	692	17	14
851	689	18	17
850	694	22	16
853	690	20	19
852	690	21	21
852	698	19	21
851	690	23	23
849	691	27	25
852	690	25	26
853	690	27	27
854	693	25	27
853	694	21	25
855	695	17	23
856	694	16	22
855	693	19	21
858	696	17	17
857	695	17	18
859	701	16	17
859	695	17	17
859	695	20	19
859	695	20	22
861	696	18	22
861	695	18	24
861	694	20	26
861	697	19	22
862	703	18	20
863	703	16	18
863	704	16	18
863	703	19	20
863	703	19	21
865	707	19	20
864	703	21	23
866	707	17	22
866	707	18	21
868	713	16	21
867	713	17	19
868	717	16	16
869	720	15	14
868	720	16	16
870	722	15	13
871	724	15	12
871	726	14	12
871	726	15	12
870	724	17	14
870	723	17	16
870	720	19	19
870	725	17	17
872	722	16	18
872	725	17	18
872	725	16	16
872	727	17	16
874	729	16	13
874	729	16	12
874	728	16	13
873	727	18	16
875	728	17	15
874	727	18	14
873	726	18	16
875	727	18	15
875	728	17	14
875	724	18	16
877	724	16	17
877	725	15	16
877	726	17	14
877	728	16	13
875	723	18	16
877	726	18	13
879	728	16	12
879	726	16	14
879	726	15	13
878	723	17	15
879	724	16	15
880	724	15	13
880	724	15	14
879	721	16	14
879	720	17	15
879	720	17	15
880	719	17	15
880	718	17	15
880	717	17	16
881	717	17	15
882	718	15	14
882	713	16	16
881	713	17	16
882	711	16	17
882	711	16	16
881	712	18	19
881	709	16	17
883	709	15	16
882	710	15	16
881	706	16	15
881	706	17	18
881	704	18	16
884	706	16	13
883	704	18	16
883	702	18	17
885	701	17	15
885	701	16	16
885	697	17	16
886	697	16	16
885	698	17	17
886	693	18	19
886	691	17	21
887	692	16	20
887	688	17	19
887	690	16	17
888	690	16	21
887	686	17	22
888	687	17	24
889	683	17	23
889	678	17	26
888	682	17	24
888	679	17	24
889	673	22	26
889	676	22	24
888	671	24	29
889	670	26	32
888	664	30	34
889	665	33	35
880	656	41	43
887	657	40	44
887	656	39	43
888	655	37	45
878	646	40	48
881	646	40	45
885	647	39	44
891	646	38	49
893	637	30	52
893	637	31	51
893	640	38	54
892	641	36	48
892	643	33	41
891	642	33	38
891	640	31	39
891	639	29	38
891	637	32	42
891	639	35	37
891	638	36	37
892	640	36	38
893	639	35	41
892	636	38	49
892	637	35	45
894	638	34	44
893	639	37	41
893	637	37	40
894	638	37	41
895	638	37	35
896	635	33	40
896	640	34	48
896	639	32	42
896	646	39	35
898	650	31	34
900	654	31	31
901	653	28	34
901	654	28	36
900	654	30	39
900	654	32	39
903	652	30	42
902	655	28	38
903	653	31	39
903	654	39	36
903	655	36	41
903	653	33	47
905	652	31	47
905	654	36	44
904	653	34	46
906	652	33	43
903	651	35	46
904	655	38	42
905	653	36	45
906	653	34	44
909	651	32	46
906	650	32	41
906	651	30	43
907	652	32	41
905	651	31	39
906	651	31	40
906	651	31	40
906	650	32	41
906	649	33	43
906	650	31	43
907	649	32	40
908	648	32	41
908	650	33	38
909	644	32	44
908	648	34	41
908	645	35	41
909	642	32	46
909	638	33	50
908	639	33	47
910	641	31	46
908	647	33	39
910	641	31	39
911	644	29	37
910	638	32	41
911	636	34	44
910	634	32	45
913	632	31	43
912	633	31	42
912	632	31	42
911	634	31	41
911	631	33	40
910	629	33	43
912	627	33	44
913	621	34	50
914	621	34	49
914	620	33	47
914	623	35	42
917	620	29	47
916	621	34	46
917	622	34	44
917	618	35	46
918	618	36	42
917	617	30	41
917	613	31	38
916	608	30	41
917	608	29	39
917	606	29	36
918	605	31	41
917	602	33	43
918	601	34	43
916	598	34	48
918	600	35	41
917	598	31	43
916	599	32	42
916	597	32	43
916	598	32	42
918	597	36	45
920	595	31	47
919	595	32	51
919	593	34	49
920	598	31	44
922	600	32	42
922	600	33	39
921	599	32	40
920	597	34	44
922	595	36	47
922	591	33	50
924	592	31	49
922	597	34	43
923	596	35	46
924	593	35	49
925	591	35	49
925	591	35	49
928	591	36	51
927	592	34	50
928	593	34	50
928	590	35	52
928	591	35	53
928	592	36	47
928	589	34	50
928	591	35	49
929	590	36	51
930	588	36	50
929	587	37	51
930	590	36	47
930	586	35	47
932	584	34	51
931	587	36	49
932	587	35	51
930	585	38	51
932	582	35	52
935	579	33	56
933	581	37	55
933	579	37	54
935	582	35	51
934	580	37	52
936	584	37	49
934	583	39	51
936	580	36	52
935	580	38	52
937	576	37	55
936	578	38	52
936	576	38	52
937	572	36	55
938	573	37	51
938	574	37	49
938	570	37	54
940	571	36	52
939	573	38	50
939	570	36	54
941	567	35	56
942	567	34	57
942	569	36	54
942	569	36	54
943	568	35	56
944	566	35	58
944	561	35	63
945	560	34	64
946	563	35	61
947	565	35	58
946	565	36	59
947	567	36	57
947	568	35	57
949	563	34	64
948	567	36	58
948	566	37	62
950	568	35	61
949	569	37	61
951	570	36	62
953	569	36	62
951	572	39	62
951	572	41	64
954	574	38	63
954	575	39	62
954	575	40	63
953	574	41	66
956	574	39	67
958	575	38	68
959	578	38	65
960	578	38	67
960	579	39	68
960	581	39	65
960	582	39	66
961	583	40	68
960	586	42	64
964	586	37	68
965	584	36	68
964	586	40	68
961	587	43	70
959	591	44	66
959	587	44	72
958	590	47	70
958	594	44	69
960	591	43	74
960	590	42	74
960	593	42	71
958	593	45	74
960	594	43	75
955	595	45	74
957	598	43	75
953	601	47	72
954	600	45	73
954	600	45	75
951	603	47	75
947	605	50	72
945	605	51	72
944	605	47	75
941	605	51	76
939	606	51	77
938	609	49	74
936	610	47	73
936	607	47	80
931	604	50	85
930	608	49	83
929	611	50	80
929	612	50	82
930	611	47	85
927	613	51	85
924	616	53	83
925	618	52	81
926	617	49	84
927	616	50	87
924	621	52	84
921	622	55	84
925	621	51	90
925	627	53	83
924	630	53	83
922	634	54	80
923	636	52	80
923	630	54	90
922	632	55	88
920	632	56	92
920	632	55	95
923	633	55	95
922	635	54	94
919	634	58	96
920	638	55	97
921	643	55	93
917	648	57	88
920	643	53	98
922	644	53	95
923	645	53	95
918	650	57	90
922	644	54	102
922	646	53	108
920	650	56	97
918	646	57	103
917	650	59	104
915	652	60	105
918	659	58	101
916	662	61	100
916	659	59	102
916	660	60	101
919	665	58	101
914	665	64	103
916	663	61	106
920	663	56	106
919	663	60	107
915	665	66	106
915	670	64	103
915	676	63	101
916	675	63	101
911	674	67	104
919	666	61	113
921	667	60	112
922	666	58	115
922	664	60	119
921	669	62	115
920	672	61	114
919	675	62	107
921	672	62	115
922	680	59	110
923	678	61	112
924	676	60	116
924	672	61	120
926	668	60	125
925	669	62	127
924	676	63	118
926	676	62	122
927	678	60	117
925	681	62	117
925	679	64	122
930	677	59	125
927	682	61	120
926	684	65	115
928	684	60	118
929	680	63	125
934	685	60	121
929	688	64	116
931	687	62	115
935	688	61	120
934	685	59	125
935	684	62	128
935	688	61	121
935	685	63	128
936	691	60	117
928	695	69	120
931	695	69	114
937	688	63	123
938	693	65	121
939	694	61	116
939	691	63	120
941	685	62	127
941	687	62	116
941	686	64	118
942	685	62	129
943	682	64	118
947	682	58	114
938	684	69	107
950	677	60	115
951	677	60	123
948	674	65	126
948	674	63	118
954	671	57	98
956	675	56	79
959	673	51	77
962	666	44	72
960	666	49	80
964	653	42	81
963	657	50	87
963	656	51	73
963	655	50	68
966	652	50	72
965	652	49	75
963	645	50	72
966	651	50	67
968	650	53	68
970	644	49	66
973	644	44	63
970	643	48	65
973	640	50	64
972	639	54	68
975	639	48	71
977	641	35	70
976	635	38	82
979	635	46	81
979	636	52	70
981	631	49	73
983	637	43	69
984	639	43	63
982	625	47	61
976	629	55	62
978	625	51	65
984	630	51	65
990	629	51	58
992	627	46	62
990	626	50	63
992	624	51	67
993	622	53	77
994	619	50	80
994	617	52	86
995	615	55	82
997	617	50	76
994	611	56	73
998	608	55	79
1001	608	48	74
1001	607	53	71
1001	607	53	61
1002	604	57	66
1003	601	57	61
1004	598	51	65
1005	597	48	70
1007	597	49	62
1009	598	43	73
1009	585	46	83
1010	587	45	78
1013	593	44	66
1012	586	49	62
1015	585	49	67
1017	587	48	60
1018	586	45	55
1019	584	50	54
1019	581	45	55
1020	582	50	60
1023	574	44	60
1021	573	50	60
1023	573	50	52
1025	572	53	50
1026	566	42	58
1026	564	47	56
1026	562	47	60
1024	560	50	64
1026	547	51	69
1029	556	43	59
1029	548	45	54
1029	549	46	48
1030	547	48	42
1031	545	47	46
1033	543	44	46
1035	541	44	49
1035	536	47	54
1033	528	50	60
1035	525	52	67
1035	522	51	59
1034	518	50	64
1036	513	62	74
1039	509	53	72
1035	506	56	72
1038	506	59	68
1039	496	60	70
1039	487	59	78
1041	505	56	69
1039	506	65	73
1041	508	63	68
1041	505	66	83
1041	492	69	97
1041	497	70	101
1043	499	67	98
1047	506	65	97
1045	509	74	94
1043	504	66	96
1045	510	66	86
1047	515	69	72
1051	512	56	83
1052	497	67	88
1049	505	70	86
1050	510	60	76
1045	504	76	86
1043	508	75	76
1047	512	64	80
1049	517	57	70
1047	512	53	72
1046	514	57	75
1042	510	60	66
1045	516	55	58
1038	510	60	69
1040	514	52	74
1037	508	64	85
1032	509	67	78
1027	511	69	80
1024	505	71	83
1024	510	70	80
1020	511	71	80
1010	514	69	79
1018	510	62	81
1010	511	67	81
1009	511	64	75
1011	513	61	75
999	515	75	67
1003	514	63	62
997	522	67	67
992	517	72	69
983	517	82	75
984	515	85	88
976	512	91	91
974	511	86	93
973	514	87	95
937	518	103	87
951	516	94	88
961	521	79	83
964	526	86	81
946	520	85	83
963	529	74	87
961	530	88	77
957	538	84	66
961	537	72	67
957	530	80	79
959	529	89	92
962	531	73	89
960	548	72	76
962	539	75	84
959	542	76	82
956	538	89	93
959	544	89	85
955	550	99	81
956	547	77	91
956	536	88	100
955	544	88	97
955	542	92	97
954	548	84	97
956	548	83	95
955	552	88	90
956	550	80	86
952	546	82	98
952	545	83	97
954	544	82	103
956	543	86	106
952	543	100	108
953	540	88	107
958	544	83	110
975	544	63	108
979	547	62	110
958	552	76	102
957	551	74	103
955	548	77	107
956	553	80	104
959	540	72	113
977	545	58	111
956	551	71	106
963	546	80	114
963	553	80	103
958	549	83	113
962	560	78	95
959	546	83	105
969	543	73	109
981	545	54	109
957	545	72	111
950	545	86	116
953	540	86	119
952	543	83	106
963	540	78	109
954	537	88	116
951	534	90	116
964	528	73	130
970	523	59	134
980	529	55	126
956	529	72	123
970	529	71	123
962	524	75	127
977	533	62	115
952	526	78	118
949	515	97	128
947	519	98	128
956	517	87	125
963	499	77	141
980	502	60	135
957	514	73	128
950	516	88	109
950	513	98	120
957	507	88	126
960	491	88	135
964	498	77	131
955	495	90	133
966	500	78	125
956	491	91	132
977	495	70	127
987	496	49	128
985	504	56	117
986	495	60	128
987	490	55	130
991	484	55	127
959	492	63	123
993	471	52	143
966	468	65	144
962	461	85	149
968	453	80	161
978	448	69	165
989	442	58	171
988	449	64	166
994	447	67	171
965	456	85	165
960	461	96	161
965	458	97	162
983	449	78	181
990	434	69	195
992	459	65	169
987	458	72	178
996	438	64	194
991	451	69	186
982	464	76	175
996	462	68	175
991	449	70	190
1000	456	61	186
997	461	63	190
1004	461	64	174
971	489	88	162
964	492	101	164
969	480	99	174
965	490	105	168
974	479	91	187
985	473	85	189
987	468	77	195
987	463	80	208
998	471	66	202
1007	470	63	201
1011	486	56	194
1017	481	48	201
1017	481	54	199
1016	486	53	194
1020	503	51	188
1023	505	48	188
1023	511	49	178
1024	513	47	179
1028	526	51	169
1027	533	51	162
1032	530	45	154
1033	533	51	146
1038	533	51	132
1038	535	50	125
1003	566	60	120
1040	537	55	123
1042	547	57	131
1045	540	52	131
1051	541	48	125
1050	546	51	139
1053	544	50	129
1059	560	44	125
1061	548	45	133
1062	545	47	153
1066	540	46	158
1066	539	54	163
1064	540	64	168
1056	544	76	156
1050	546	83	162
1038	554	95	151
1031	545	106	166
1038	554	127	155
1037	548	114	155
1046	556	110	154
1048	544	122	176
1046	540	118	170
1058	540	95	177
1057	544	108	178
1063	546	97	161
1078	546	108	156
1069	546	112	155
1074	547	105	166
1077	547	100	158
1083	552	90	153
1086	542	113	161
1095	520	101	183
1099	526	102	186
1100	517	104	186
1107	520	101	181
1109	507	93	199
1115	505	88	204
1126	503	77	205
1126	499	79	211
1122	506	92	198
1128	510	89	189
1133	504	85	183
1137	492	84	206
1138	495	95	200
1145	505	87	181
1144	509	94	168
1149	511	83	169
1156	523	81	154
1155	529	81	144
1157	523	81	151
1164	532	73	139
1183	514	78	122
1173	523	81	114
1175	524	89	107
1183	536	86	90
1182	527	83	82
1187	531	77	71
1193	528	82	78
