857	402	792	421
870	390	788	452
866	412	757	439
875	412	737	458
854	419	737	465
849	441	724	444
854	459	723	421
854	470	703	419
849	488	710	389
836	495	699	387
830	494	696	411
854	504	672	418
832	514	678	399
835	526	661	398
817	530	650	400
843	552	630	387
822	555	630	404
817	543	634	438
828	557	598	419
819	573	602	421
814	568	609	414
810	575	594	426
805	599	585	394
807	598	585	396
816	613	579	409
806	622	576	389
796	626	571	382
806	645	546	377
798	640	567	385
794	642	544	389
789	648	531	373
795	652	540	392
786	646	543	396
790	643	527	392
781	654	519	389
782	662	519	391
765	660	534	389
770	678	523	371
774	678	524	369
773	676	524	365
774	683	491	355
772	679	488	363
777	683	473	354
778	680	467	347
761	677	488	359
773	676	469	354
767	655	480	379
758	666	469	363
766	679	456	330
766	667	461	346
759	661	454	355
760	687	460	312
772	664	430	343
758	662	433	333
755	663	430	340
744	649	447	350
734	651	446	346
729	662	438	325
721	659	424	323
697	666	421	309
675	660	411	307
645	651	418	330
609	667	427	308
586	660	414	311
549	652	425	308
519	657	428	319
515	650	418	323
482	667	424	297
468	657	425	308
470	658	409	312
465	655	409	310
449	659	407	301
440	656	416	303
435	655	410	312
434	661	402	305
430	654	407	315
415	647	411	323
413	657	410	307
422	652	383	309
413	642	399	323
413	648	380	309
402	642	393	307
399	655	384	292
398	647	394	293
391	633	385	303
390	643	370	294
384	636	377	312
379	639	369	296
382	643	372	283
387	643	351	281
388	635	357	285
399	629	360	281
415	614	355	286
441	613	342	281
464	610	351	267
498	602	330	272
528	606	330	239
577	607	331	234
604	596	311	249
639	590	303	245
666	588	305	242
690	581	297	241
716	587	295	225
726	576	297	230
742	575	281	234
746	572	281	235
743	575	276	228
748	575	281	223
750	573	273	219
746	564	273	229
747	569	266	231
755	567	260	228
749	557	266	233
743	559	261	219
745	564	261	216
742	559	252	202
739	565	258	223
740	559	254	219
752	560	240	202
743	560	249	195
734	561	254	204
743	556	248	202
729	556	262	205
722	554	257	209
731	549	249	208
752	553	224	198
733	553	241	194
728	556	233	197
735	557	234	203
727	560	244	196
723	556	240	196
738	558	228	197
733	557	230	183
737	566	225	181
732	559	230	183
734	567	225	192
746	566	213	187
737	566	221	179
738	565	219	199
727	570	228	187
733	570	222	197
740	573	210	178
741	575	209	203
732	577	218	190
737	577	212	173
730	580	213	171
734	579	217	172
738	580	203	173
737	585	203	164
727	587	214	181
720	588	217	175
722	585	218	186
730	583	212	194
717	585	220	190
725	589	204	181
722	590	214	203
726	594	206	182
731	597	200	170
728	600	200	160
733	598	203	184
734	599	192	169
725	598	196	179
732	602	189	178
718	602	201	177
726	603	192	168
725	603	200	185
721	601	194	175
727	601	183	167
726	603	186	188
723	598	189	177
726	602	185	159
726	597	181	174
720	598	191	187
726	598	180	177
718	592	190	182
713	593	191	177
724	595	182	173
728	593	172	174
716	594	189	172
706	591	198	168
713	593	186	170
724	591	175	170
712	587	187	183
718	589	176	178
712	589	187	176
724	586	171	173
719	588	175	163
718	588	176	169
711	581	182	173
716	585	179	161
716	584	176	159
719	579	171	165
722	580	167	161
726	578	159	165
707	578	178	164
705	578	177	161
711	578	174	160
705	580	179	153
716	580	170	148
703	579	177	152
708	576	176	157
708	576	170	161
700	574	177	164
711	575	164	159
706	572	171	160
698	573	176	154
708	573	166	156
710	568	162	153
707	569	166	160
700	567	172	163
691	571	176	158
692	572	178	150
686	570	181	148
691	566	176	158
689	567	175	158
682	566	182	162
687	570	175	148
687	565	176	151
692	565	169	151
693	562	166	153
694	568	164	139
691	565	164	144
696	563	158	157
690	563	160	158
693	563	159	149
688	563	164	149
678	564	173	150
681	562	166	152
691	560	155	152
681	562	167	149
679	562	164	167
681	559	156	174
678	560	163	156
678	559	164	157
678	558	163	182
676	555	166	192
684	557	156	183
684	556	160	184
678	559	169	174
679	560	168	161
684	560	161	150
690	558	162	154
687	558	165	157
691	559	159	161
687	560	166	164
693	561	159	159
698	563	149	152
694	559	162	161
687	562	166	162
687	563	163	162
690	560	159	162
688	564	161	153
694	565	155	156
686	563	164	166
691	561	156	157
681	560	165	161
690	562	154	165
679	562	165	166
678	565	162	163
679	566	160	162
672	566	165	163
670	564	165	169
677	559	159	181
673	563	165	180
655	567	183	170
657	568	179	176
651	571	180	172
664	574	165	168
651	577	179	168
659	574	167	163
657	574	171	162
653	572	170	160
647	573	178	160
654	572	172	163
656	570	165	165
655	565	167	168
647	564	175	176
628	565	191	169
643	558	177	173
654	564	164	166
651	555	167	169
647	556	168	168
649	555	163	165
634	556	180	164
640	554	176	167
634	550	186	172
631	554	182	158
625	555	190	147
631	555	184	150
644	554	169	148
644	551	169	155
638	552	176	151
614	550	202	155
640	543	177	169
645	546	171	158
639	545	182	164
637	545	184	156
634	546	187	155
644	545	179	152
634	547	188	153
645	546	178	156
651	544	173	161
650	549	176	144
656	543	171	156
667	544	164	157
663	544	167	153
661	545	176	151
667	546	167	147
674	547	165	151
660	550	176	147
673	555	163	147
667	556	174	153
658	559	186	147
669	557	180	151
679	560	166	154
688	563	156	151
686	569	161	139
674	568	171	148
681	568	164	148
671	571	175	147
675	571	169	145
676	568	170	152
695	572	149	151
690	569	155	155
669	577	175	144
663	575	177	143
674	574	168	144
672	576	175	147
666	574	173	149
667	579	172	146
665	580	172	144
661	582	179	141
665	582	173	141
673	583	166	140
670	583	163	140
690	583	146	137
684	588	152	136
675	589	158	137
678	587	158	143
661	591	174	141
677	593	159	138
677	590	158	139
668	592	168	137
681	592	155	140
680	596	152	133
684	598	150	134
679	600	155	132
683	602	148	131
687	599	148	136
677	603	156	131
676	600	154	130
677	603	152	132
680	603	152	129
670	605	158	137
675	604	152	135
654	606	172	134
647	612	184	125
652	616	177	128
652	611	176	129
652	611	179	128
655	613	169	128
655	616	167	122
664	616	160	125
670	616	151	123
665	619	157	129
667	617	159	130
675	623	154	120
672	621	157	123
668	625	159	121
666	624	166	127
675	625	151	129
677	625	147	122
675	629	146	120
667	633	152	120
661	633	154	123
658	638	163	121
651	641	166	118
663	639	155	119
661	637	154	128
664	640	154	126
670	642	151	121
669	646	138	114
673	637	139	128
663	643	146	126
654	645	159	125
644	652	169	118
632	650	185	121
640	648	178	129
643	650	164	132
651	650	154	125
642	658	165	121
651	653	157	124
641	658	163	125
635	657	184	129
647	653	166	135
647	653	165	133
661	661	135	127
648	662	151	125
647	667	152	125
655	661	143	126
638	669	166	123
634	669	158	127
649	666	150	124
642	671	151	122
643	672	151	127
632	671	154	126
620	679	167	117
629	677	151	123
636	680	145	125
626	679	157	128
630	677	151	135
621	686	164	123
623	683	162	129
630	685	162	125
627	690	147	121
636	685	142	127
630	692	147	126
639	692	145	124
629	692	151	137
641	689	143	132
641	697	145	130
627	692	156	135
633	696	157	134
648	700	142	127
646	701	141	125
648	705	150	126
644	708	160	123
641	702	156	134
634	707	169	130
644	709	151	130
639	713	163	134
645	714	161	132
625	713	183	138
617	723	196	128
631	723	185	126
613	724	206	123
637	717	192	134
628	725	194	128
649	732	175	131
649	729	176	129
665	731	167	126
655	732	166	131
650	736	174	139
644	730	180	143
654	727	165	151
647	726	190	156
655	731	192	148
669	716	177	167
685	724	167	163
673	737	173	154
688	747	158	145
688	739	153	147
700	747	126	144
702	747	95	147
708	752	101	147
708	772	100	133
723	767	102	135
729	777	117	130
723	757	111	150
720	757	125	143
774	762	120	139
731	764	108	144
743	764	85	134
748	764	82	143
751	771	81	140
751	775	87	138
760	768	84	142
763	774	79	150
763	774	79	150
766	786	80	144
768	784	80	133
769	808	82	120
777	799	83	133
772	799	95	136
775	807	87	138
779	795	107	143
771	792	122	152
780	799	127	150
793	799	126	148
804	800	124	145
813	802	118	151
817	803	112	149
793	808	128	153
818	809	104	154
820	815	107	149
824	815	106	156
832	817	100	158
827	823	116	154
830	822	113	164
825	822	125	161
824	823	128	164
825	829	136	155
831	829	119	163
831	831	123	160
835	828	121	170
832	832	120	164
827	834	130	164
830	835	129	159
834	833	123	169
833	837	125	164
835	847	118	156
840	843	124	163
830	838	128	170
840	845	114	166
839	849	119	163
831	851	123	166
831	852	125	162
834	849	124	170
836	853	121	171
836	856	121	167
832	861	124	169
835	865	129	166
839	862	120	171
839	861	119	171
839	865	119	170
832	865	129	168
836	866	125	177
825	872	134	167
832	875	125	170
831	876	126	174
825	875	139	176
830	881	131	165
834	881	122	172
832	891	126	162
829	892	144	168
825	899	137	162
822	912	144	150
828	915	137	146
831	908	133	155
824	917	130	153
833	906	131	161
838	899	119	167
831	904	127	171
835	891	127	182
835	902	127	172
827	904	136	172
819	913	146	161
811	908	157	166
811	921	144	155
817	917	150	163
812	933	149	148
807	946	158	131
788	962	174	114
761	976	200	98
806	974	184	101
810	975	158	100
799	985	165	89
797	978	173	96
817	977	153	97
822	996	145	80
823	966	143	110
818	974	151	102
820	980	145	94
825	952	150	125
806	953	162	124
790	969	175	104
793	976	176	97
801	962	169	109
816	951	158	123
805	960	161	113
789	964	177	108
781	960	182	111
782	963	186	107
763	969	200	101
803	968	178	102
811	973	157	96
815	978	149	88
814	978	152	93
811	953	164	104
796	961	174	99
784	964	184	97
828	943	175	111
807	947	163	115
818	938	152	120
827	935	143	118
821	910	152	139
824	915	147	144
836	924	134	115
841	938	126	98
836	955	140	84
828	943	148	95
836	951	138	84
830	950	149	85
836	923	141	104
832	930	145	93
833	925	141	102
832	916	148	111
834	922	139	94
835	915	138	100
831	912	144	103
828	911	144	93
817	897	166	114
830	904	141	101
834	913	140	93
828	912	145	92
831	881	153	121
828	866	154	127
837	849	148	140
838	838	149	150
843	843	137	147
827	844	144	151
832	835	142	152
833	833	143	151
834	832	148	143
835	821	149	157
831	820	144	155
825	826	152	147
835	842	143	127
828	826	151	142
837	808	136	150
837	812	138	144
831	805	142	147
839	808	137	140
836	815	136	127
834	810	141	133
843	804	136	132
835	802	140	135
834	808	148	126
843	805	139	133
841	801	147	135
829	809	148	123
839	819	140	110
832	825	143	106
844	827	129	106
829	807	150	125
837	803	147	122
833	803	158	122
836	797	144	128
818	804	158	119
825	805	155	120
839	799	138	120
834	791	146	131
835	801	143	120
839	803	141	112
836	807	135	108
833	809	139	104
838	817	139	100
839	810	139	102
832	821	143	91
839	808	136	106
844	796	125	109
839	797	136	106
842	808	127	96
831	817	140	80
844	807	129	89
840	791	130	108
844	777	128	119
840	782	132	114
839	772	136	126
842	776	126	117
843	776	125	120
846	772	123	121
838	777	129	114
836	772	141	118
830	772	143	116
835	770	138	117
840	768	126	115
838	766	136	128
837	760	129	127
840	767	127	115
835	770	126	113
836	772	129	119
833	768	135	118
840	769	127	112
841	770	134	106
836	765	150	109
845	766	122	109
839	764	135	114
832	766	131	106
837	761	124	115
836	757	129	114
829	756	145	114
833	761	138	107
837	766	124	103
832	764	135	100
828	757	152	110
827	760	141	104
832	760	138	104
834	756	142	109
831	762	125	103
837	758	117	104
829	757	123	100
837	750	120	116
835	756	118	106
832	756	121	104
835	752	118	104
830	756	126	100
836	751	121	104
830	752	124	106
832	752	128	108
828	755	124	101
827	749	122	104
831	758	118	93
830	758	120	91
827	748	117	103
828	752	118	94
831	741	117	108
825	743	127	109
823	754	128	94
818	758	130	86
829	753	123	92
830	744	119	102
818	750	129	98
815	743	136	102
823	729	125	123
827	741	115	106
827	747	118	104
820	756	128	91
825	764	122	79
816	755	133	88
804	742	148	102
802	744	143	99
814	742	136	108
820	748	125	93
811	748	136	92
814	740	139	99
823	741	131	99
807	739	142	105
818	739	130	107
821	738	130	104
817	748	129	89
825	739	125	94
827	736	127	94
822	734	121	96
818	727	133	104
820	730	134	101
808	730	144	100
820	729	125	98
824	727	124	96
822	723	125	104
817	723	126	107
824	723	113	101
818	723	115	97
813	721	125	94
818	720	118	100
818	716	115	100
817	717	118	103
812	713	121	109
821	715	119	106
813	718	130	100
812	714	121	103
817	719	113	95
813	716	120	99
814	713	118	103
805	719	128	96
802	721	129	91
798	726	130	86
799	721	127	89
803	708	124	108
808	711	126	101
811	711	118	100
805	710	124	98
811	712	117	97
813	709	121	99
817	707	110	102
808	708	125	96
792	709	139	94
796	706	130	100
796	706	135	103
789	706	141	104
794	711	131	95
811	708	113	100
812	707	113	101
811	707	115	95
814	706	113	97
813	705	109	99
810	704	119	101
806	707	116	95
806	708	116	97
805	706	118	93
797	705	121	96
795	706	122	94
795	706	125	99
805	706	117	92
801	707	117	93
803	707	116	96
799	705	119	103
795	702	117	111
786	702	130	99
794	702	120	100
792	701	122	103
792	702	123	102
779	703	142	99
791	705	133	95
786	703	131	103
796	702	118	100
786	702	128	103
790	703	129	95
793	705	128	91
802	703	119	94
804	703	117	92
801	700	123	98
806	702	118	93
812	700	114	97
821	704	110	95
813	703	116	95
820	706	107	90
811	704	121	96
818	703	117	99
812	705	124	92
819	711	113	92
815	703	119	100
821	704	114	98
814	704	119	95
814	709	120	94
811	710	122	90
813	709	119	91
809	704	122	97
815	704	119	100
815	706	115	104
815	709	114	99
811	708	121	100
808	707	125	99
801	705	131	101
811	707	125	100
825	708	115	96
831	709	110	92
828	709	122	93
835	711	116	93
827	711	129	93
837	714	123	91
840	710	122	98
835	717	130	90
842	716	126	89
848	711	117	95
852	716	113	95
848	717	120	92
848	714	117	98
845	713	121	99
852	717	117	94
853	721	116	86
852	718	119	89
855	716	112	94
855	718	112	94
853	717	116	94
850	714	114	96
851	718	116	91
854	714	109	95
857	714	110	97
849	714	118	97
856	712	108	98
857	710	107	102
853	715	111	99
853	714	108	101
856	715	107	99
857	721	108	92
854	719	110	92
856	718	109	89
852	716	117	97
848	722	123	92
849	718	120	99
857	715	108	99
856	719	114	94
848	709	132	104
847	718	131	100
855	714	128	97
848	727	123	88
849	719	121	102
851	718	116	101
845	717	120	104
845	717	122	104
840	718	127	102
849	718	120	101
850	719	117	101
842	721	128	100
846	720	122	104
841	719	127	101
849	717	121	107
855	723	112	99
845	722	126	98
845	719	124	101
845	717	125	104
837	717	130	105
845	719	124	105
846	716	115	107
849	717	119	105
847	717	123	109
848	718	121	104
843	717	125	107
847	718	124	108
845	719	132	102
845	718	126	104
845	719	121	109
848	714	119	110
845	722	125	104
844	717	123	111
847	720	120	111
845	723	120	102
846	723	120	104
843	721	127	107
844	719	124	111
842	719	130	110
843	720	131	114
845	722	122	111
844	725	129	106
845	725	127	111
842	725	124	110
849	723	118	113
848	724	124	115
845	731	134	107
848	730	120	109
847	728	122	112
846	729	127	115
843	727	127	118
846	727	127	119
847	731	123	114
847	736	123	115
843	735	141	121
848	740	117	111
847	742	120	118
846	741	130	119
849	744	121	115
847	743	126	120
851	743	124	119
851	744	114	126
849	751	119	123
853	747	116	125
850	751	119	118
848	757	120	121
852	751	121	128
851	756	125	122
851	758	123	126
850	761	123	125
855	757	117	122
853	765	126	122
859	761	119	117
859	763	119	120
860	764	124	122
856	762	125	120
861	764	116	123
858	767	126	120
860	763	120	126
860	763	120	127
863	764	115	125
862	770	116	125
862	763	115	129
866	766	113	121
869	766	110	123
868	767	114	123
865	767	118	123
864	764	118	128
869	762	114	127
866	768	115	128
871	762	108	131
870	764	114	135
870	764	116	131
873	763	113	129
871	768	112	129
869	765	114	128
874	763	112	126
873	768	112	131
874	763	112	129
875	765	112	131
877	762	109	136
871	760	119	131
877	760	116	129
878	762	114	129
875	762	117	127
881	760	109	128
878	765	116	129
878	760	114	132
885	762	109	130
882	762	116	133
884	762	115	130
885	761	112	132
887	759	112	138
882	762	117	132
888	760	114	129
886	759	114	131
886	759	114	137
886	760	114	131
886	760	116	133
889	760	114	133
891	758	112	133
887	758	119	141
889	763	119	141
891	760	117	135
893	761	114	134
895	761	115	139
901	763	108	140
896	761	113	140
902	762	109	141
900	761	111	139
900	761	115	143
900	762	111	138
899	761	113	138
899	765	114	133
904	762	115	140
904	765	113	141
902	763	116	145
906	761	112	148
908	761	112	142
910	760	111	149
907	761	114	152
912	764	109	145
913	763	110	145
913	764	109	146
913	761	112	143
912	766	113	145
920	764	107	149
916	763	113	147
922	763	108	148
917	762	110	151
920	766	110	148
918	763	113	149
924	767	112	149
925	767	106	146
923	766	110	145
929	767	105	148
927	769	109	143
926	767	110	147
923	768	114	146
928	768	112	148
927	771	110	147
923	771	117	144
918	769	121	148
926	773	111	148
926	773	113	146
926	773	117	143
930	773	117	147
927	776	116	142
932	776	109	147
933	781	113	142
935	779	112	142
931	778	115	145
937	779	109	142
935	780	114	145
944	784	107	139
940	781	106	142
935	782	115	143
932	783	119	143
928	784	124	142
936	785	119	138
940	788	116	141
938	789	119	140
944	787	110	140
940	788	115	142
937	786	119	146
947	792	109	142
945	789	112	145
944	792	117	139
946	790	116	142
946	790	115	145
939	792	127	146
943	795	121	141
945	789	119	147
955	795	111	141
953	795	112	140
961	793	108	144
950	795	118	144
960	798	108	139
954	794	117	142
958	797	113	140
958	795	112	141
958	799	113	136
951	800	121	138
948	802	126	133
961	799	113	139
963	800	112	139
963	793	113	146
967	804	109	138
960	804	117	138
964	805	117	136
963	804	118	139
965	801	116	142
965	800	116	143
960	803	121	138
967	806	116	139
970	807	114	139
967	806	117	139
971	802	113	143
977	806	108	139
972	809	113	135
977	807	111	139
978	808	115	138
971	809	119	137
973	812	119	139
974	811	117	137
981	809	113	139
976	815	117	134
982	813	114	135
977	811	120	140
980	809	115	139
978	816	120	135
980	810	118	137
974	809	127	139
977	811	123	135
975	813	125	136
988	816	118	132
980	816	127	133
983	812	123	133
988	816	120	127
987	817	121	127
978	811	132	135
983	810	127	136
979	811	133	133
976	812	137	132
976	816	141	129
985	817	135	130
985	825	136	118
990	823	131	119
992	832	131	109
997	827	128	115
977	832	145	112
983	831	138	111
992	833	134	107
995	825	131	115
998	832	129	110
988	841	138	97
997	840	132	98
990	826	141	111
988	823	142	111
986	815	146	116
997	820	131	114
1002	812	129	124
994	798	136	137
987	807	142	127
994	800	136	132
988	808	144	127
982	808	147	121
974	803	162	129
989	803	150	129
990	800	148	133
988	798	144	137
993	796	143	130
985	809	151	114
991	821	143	99
1007	826	133	100
1002	813	148	115
1001	814	142	108
995	801	167	119
990	794	151	128
991	788	150	137
996	788	147	136
980	794	161	126
987	782	173	142
997	797	150	131
991	795	152	128
991	790	153	127
993	798	157	120
999	784	145	134
995	789	148	134
993	786	147	136
992	788	152	131
992	787	156	135
994	792	160	131
996	798	157	121
997	794	154	129
1004	791	147	135
1009	798	140	127
1003	800	148	124
1004	805	146	124
1004	807	149	120
1001	794	165	131
985	793	181	135
985	810	172	119
1002	803	158	123
1007	800	148	124
998	791	163	138
1002	791	154	136
994	801	163	132
977	813	178	116
981	803	181	124
976	808	185	128
980	811	181	122
956	809	207	119
998	797	194	133
983	804	176	131
1002	801	159	129
1007	802	153	131
1010	801	151	131
1004	803	155	133
1006	801	147	131
1002	802	163	134
995	799	161	137
1009	800	148	137
994	806	164	125
990	798	166	134
992	804	163	126
1000	803	157	130
997	805	159	121
981	800	169	130
992	801	163	133
1004	795	141	133
1004	801	148	125
1005	800	143	126
1007	801	144	129
998	803	153	125
995	798	159	132
974	800	164	131
984	795	151	139
999	791	133	143
1004	793	128	134
1006	797	128	134
1009	799	129	123
1010	804	117	125
1009	803	122	126
1008	803	125	120
978	794	133	132
1004	799	116	138
1006	796	114	128
1003	791	113	139
987	790	127	139
986	790	131	132
983	791	125	133
970	795	129	125
957	792	142	130
944	785	155	140
942	794	157	129
963	799	140	125
974	800	130	119
959	794	153	123
963	798	124	123
959	797	130	124
964	809	119	111
962	799	113	120
964	798	123	118
931	787	140	132
938	794	134	125
943	796	148	120
937	789	157	127
941	793	134	124
940	804	121	113
933	792	138	131
936	797	129	119
926	793	138	124
926	799	146	121
927	804	127	116
930	811	114	107
924	796	124	123
930	795	126	120
922	795	129	122
908	795	136	119
913	789	145	126
898	796	168	121
910	808	155	110
886	812	145	111
905	794	127	133
902	785	130	135
894	804	130	121
897	801	134	123
893	803	131	116
890	807	141	114
872	809	151	112
871	809	150	114
861	803	149	115
845	794	159	127
848	796	157	131
869	804	140	119
878	804	135	121
877	806	127	119
867	802	142	123
859	802	145	123
865	802	143	125
858	807	147	120
862	811	148	114
863	806	143	116
858	800	142	120
842	798	154	124
841	799	161	120
839	800	152	117
847	796	152	126
845	797	183	117
814	797	160	124
843	800	161	120
850	802	152	117
839	801	145	116
837	802	146	113
846	802	131	114
839	808	137	102
838	804	136	113
846	802	131	113
834	798	134	115
828	801	151	106
826	787	134	120
828	802	130	105
839	798	125	113
833	791	125	122
835	797	124	108
835	803	130	106
820	792	143	115
820	793	132	106
810	788	146	111
817	789	137	105
822	784	129	111
813	782	145	114
813	790	127	97
816	783	130	109
815	792	134	99
821	784	123	110
821	781	125	112
814	780	121	106
803	776	133	117
806	773	134	114
807	775	138	107
805	774	132	108
806	777	139	108
813	780	112	99
813	777	116	106
796	779	133	98
792	770	133	109
796	769	138	107
808	761	120	116
806	765	123	111
803	768	133	106
801	765	143	103
798	760	126	104
794	764	134	104
800	758	127	112
803	759	127	103
804	763	116	97
802	760	119	99
801	758	117	98
795	756	126	103
799	753	123	103
794	745	124	105
792	744	129	102
795	740	130	104
779	737	144	110
789	734	128	109
795	734	131	108
790	736	137	102
783	734	141	106
789	732	119	97
787	733	137	91
782	729	136	104
784	729	140	94
790	730	129	87
789	722	127	94
798	721	121	89
800	715	119	93
794	710	125	93
786	707	134	93
777	705	141	90
761	705	163	86
755	699	158	93
753	690	151	99
792	690	123	92
789	689	118	90
789	693	111	82
784	688	123	84
779	681	126	93
778	678	126	88
792	675	114	89
791	671	118	88
775	673	121	86
777	665	125	92
784	663	115	88
791	661	104	86
790	661	106	83
787	660	106	83
785	652	110	87
783	653	111	83
782	649	115	84
784	648	107	82
780	644	114	85
773	642	122	80
786	635	109	84
801	630	95	93
786	625	101	92
775	622	110	89
764	624	122	83
763	623	119	84
768	615	127	87
768	616	121	83
768	616	121	81
761	617	125	76
779	614	130	84
775	612	113	81
769	614	125	77
759	614	126	77
751	612	130	77
778	612	110	75
779	609	109	77
781	608	104	74
775	607	109	74
778	607	109	70
779	603	108	72
783	601	98	78
778	602	104	73
770	601	109	72
778	599	105	72
786	598	97	77
781	595	100	77
772	598	108	68
775	591	106	76
769	590	112	73
763	586	119	71
760	588	125	72
772	585	112	73
766	585	115	70
784	580	102	80
786	581	98	78
777	583	103	71
774	579	106	72
764	576	118	76
765	573	116	77
769	577	112	66
763	574	114	69
769	572	116	72
761	573	122	70
759	571	117	77
755	573	121	67
753	569	122	73
757	566	134	75
752	568	124	70
762	566	113	70
758	564	118	69
752	562	121	68
761	561	121	68
770	559	106	70
772	555	101	74
774	554	101	74
777	554	94	74
773	552	100	75
774	551	103	72
768	549	100	82
772	547	91	76
776	549	93	65
770	548	103	63
771	547	99	71
762	545	108	68
765	542	107	70
768	539	108	77
772	538	96	71
770	538	95	70
771	547	91	56
769	541	90	67
779	541	80	69
780	544	79	66
774	543	90	67
772	547	87	60
768	543	93	59
767	545	91	60
767	541	100	63
765	539	101	66
759	538	104	70
765	542	89	59
763	540	92	64
756	537	106	65
763	533	98	65
762	532	96	69
762	530	92	66
761	529	93	64
760	526	96	67
762	523	94	67
760	524	104	67
761	521	102	68
760	519	95	65
762	518	92	64
762	515	93	67
762	515	87	66
761	513	90	65
757	511	94	62
761	510	94	63
762	507	90	64
761	505	90	66
759	504	92	63
760	505	93	61
760	503	88	63
760	501	86	63
762	501	85	62
761	501	86	64
761	499	85	66
760	497	85	65
759	498	91	61
755	497	90	65
760	494	87	63
757	495	86	62
757	493	86	67
758	491	83	68
757	490	85	68
760	490	82	65
756	489	86	61
759	489	82	64
758	487	81	66
758	486	84	62
758	485	82	64
756	485	86	61
757	487	84	58
756	484	83	63
755	483	83	62
752	481	88	63
754	481	81	67
755	479	84	65
753	479	83	66
754	477	86	68
758	477	78	64
757	477	79	64
755	475	80	63
756	474	82	59
756	473	79	58
756	473	81	60
755	472	83	62
753	470	85	61
754	469	81	60
754	468	83	63
754	468	80	58
753	468	80	55
754	465	79	61
755	464	76	64
754	464	81	61
753	463	81	61
754	461	82	61
753	459	79	60
752	459	83	59
754	458	84	59
751	458	85	58
752	456	83	60
753	454	81	60
753	454	80	59
750	454	84	58
752	452	81	57
752	452	78	56
753	450	80	56
754	448	78	61
753	448	77	58
753	447	79	58
755	446	77	59
754	445	77	58
754	444	78	58
752	443	79	55
753	441	80	61
753	440	78	55
753	439	77	59
752	438	77	57
751	437	78	61
751	436	79	54
751	435	81	54
751	435	82	56
752	433	75	52
751	433	78	54
751	431	76	58
750	429	79	55
751	427	75	55
749	426	79	58
749	425	77	57
751	424	74	54
750	423	77	53
750	422	78	56
749	420	78	61
746	419	84	51
749	419	75	54
747	416	80	56
748	414	81	59
750	415	77	52
751	414	76	52
750	413	72	53
750	412	79	51
752	410	76	56
750	409	73	53
751	408	72	56
749	406	75	51
748	405	75	52
749	404	73	59
748	402	75	54
747	403	79	50
748	400	70	56
749	398	72	52
749	398	71	55
749	394	73	54
748	394	72	56
748	393	69	46
747	391	74	50
748	390	72	51
747	389	74	49
747	389	72	46
748	386	73	47
746	386	76	51
747	383	72	55
748	383	70	49
748	382	70	48
747	381	73	53
750	379	65	49
750	378	67	49
749	379	72	45
749	376	72	44
749	374	72	44
748	372	73	45
749	371	68	45
749	368	66	46
747	368	70	48
749	368	67	42
750	366	70	47
749	364	68	41
750	362	66	41
749	359	67	45
749	358	67	41
750	358	64	43
749	356	66	42
750	354	65	47
750	351	62	47
748	351	69	47
748	350	67	43
749	348	67	43
749	347	65	40
750	346	66	41
749	344	66	41
749	346	65	37
748	341	65	39
750	341	63	41
749	338	63	45
745	337	69	41
746	337	67	35
749	333	61	42
747	333	63	41
747	333	64	37
745	332	68	40
747	330	65	39
747	330	65	39
747	326	64	43
746	327	65	38
747	322	63	45
747	323	63	42
746	321	63	42
746	321	62	41
743	319	64	44
744	317	63	46
744	319	63	44
742	318	65	39
744	315	62	40
743	317	63	39
743	315	60	40
743	313	61	40
742	314	62	38
741	308	63	42
739	310	63	41
741	307	61	47
740	305	61	47
739	304	62	45
736	307	64	44
735	306	64	43
735	304	65	43
736	306	64	41
735	303	64	43
735	302	64	46
735	301	63	47
733	302	64	48
733	304	64	42
734	305	62	40
734	306	63	40
733	305	63	43
732	306	63	41
733	304	64	45
733	303	62	47
733	303	62	45
732	301	65	50
731	300	66	48
730	304	67	46
731	302	65	43
732	303	63	44
731	302	62	44
729	297	64	52
729	303	63	44
730	305	62	43
730	307	62	37
732	306	60	41
733	303	60	44
732	304	62	45
732	294	67	52
734	297	65	51
738	305	64	42
738	302	64	45
738	304	65	45
742	304	63	45
743	304	62	44
745	304	62	40
744	300	61	45
744	301	65	44
744	299	65	49
745	302	64	43
744	298	64	48
742	302	65	44
745	302	64	40
746	305	62	38
745	302	64	46
745	301	66	47
744	304	65	44
748	300	63	48
749	299	64	52
754	301	65	48
756	298	66	52
758	298	69	57
759	292	70	56
767	299	64	52
768	302	64	47
766	305	67	44
769	306	66	40
769	302	66	46
772	304	63	43
771	299	66	46
772	302	65	45
772	303	65	41
773	299	65	42
773	301	63	41
773	302	64	39
775	303	63	37
774	301	64	39
773	298	66	42
773	301	66	38
775	303	65	36
776	302	63	36
774	301	65	40
773	299	67	41
773	295	69	43
774	294	69	44
775	297	68	43
777	300	66	43
777	296	68	48
776	298	69	45
780	297	64	46
778	292	68	47
778	293	70	46
778	291	72	48
775	282	78	60
779	287	74	54
782	286	71	54
778	282	79	56
783	280	74	58
789	297	69	66
783	281	77	58
788	285	71	57
789	297	71	46
792	299	69	45
791	295	70	50
794	296	71	52
797	301	68	38
798	301	68	44
801	303	69	34
803	300	68	40
804	299	67	44
802	298	71	47
803	299	74	40
806	300	72	40
808	301	70	39
809	299	71	42
811	298	71	42
813	302	70	36
815	296	71	43
816	299	72	46
819	299	69	48
819	302	71	47
822	301	71	42
824	301	70	43
827	299	69	48
829	303	69	39
827	302	74	42
829	300	73	44
830	299	75	50
833	300	74	44
834	299	73	45
836	295	75	49
837	295	77	49
842	297	71	47
842	297	75	48
844	297	76	50
844	299	76	49
851	297	74	51
849	297	75	54
849	295	78	57
852	295	76	58
853	296	77	51
857	298	74	50
859	301	73	47
861	296	75	50
858	299	77	50
861	296	80	53
860	296	82	49
866	296	76	53
863	293	82	57
866	297	79	54
865	299	81	54
870	297	79	52
870	294	77	59
868	294	82	60
869	295	80	55
869	298	85	49
865	294	88	55
868	296	88	54
871	295	83	55
872	299	82	48
870	293	85	53
872	295	83	54
873	295	83	53
874	296	81	50
872	290	84	56
874	291	83	60
876	289	81	67
874	289	87	62
877	295	82	52
875	292	84	58
877	293	83	53
876	289	84	64
878	289	79	60
879	283	83	70
881	281	80	68
880	289	80	57
882	280	81	70
881	285	83	67
881	293	81	54
879	288	85	62
876	278	92	76
880	283	83	68
876	289	86	63
874	287	88	63
877	292	85	59
878	287	87	65
875	282	98	71
880	290	83	61
878	292	84	62
876	293	87	57
878	288	85	64
876	285	87	68
875	288	89	65
875	291	92	58
875	286	107	71
878	288	86	65
876	282	89	72
877	283	89	66
873	289	93	62
877	292	89	57
877	295	88	61
878	290	85	62
876	290	89	64
875	286	90	65
878	278	90	75
873	279	112	80
874	285	97	65
877	285	88	64
876	288	85	65
875	285	89	64
876	288	89	66
878	288	88	62
877	291	87	63
876	292	85	58
880	291	84	63
877	295	84	53
872	291	92	61
870	290	90	63
870	290	91	64
869	291	94	60
870	295	92	61
868	290	91	62
871	278	89	77
870	281	88	89
863	278	98	88
865	278	98	90
863	271	116	92
862	278	97	81
867	278	94	73
864	285	96	67
865	291	97	68
859	293	108	61
864	296	97	57
863	300	93	52
861	303	90	54
863	299	87	60
863	297	93	64
862	297	90	59
864	305	87	47
863	303	92	47
859	301	96	56
860	302	90	54
857	306	92	47
857	307	88	46
858	303	90	51
858	303	90	52
855	304	92	51
854	302	102	54
855	303	90	56
859	305	86	48
856	307	92	46
851	307	94	49
850	306	100	49
851	306	93	49
849	310	93	46
853	308	87	50
848	306	100	53
845	301	107	55
846	305	95	52
843	306	98	55
841	309	93	49
843	305	93	52
842	307	93	48
845	310	88	45
843	312	92	45
842	311	90	46
840	308	93	54
837	309	94	51
838	307	92	53
836	308	94	51
837	309	93	52
840	307	88	53
848	314	78	47
844	309	77	59
837	307	86	69
832	309	90	58
829	307	96	52
828	309	95	58
824	310	94	56
828	306	93	61
824	309	96	56
827	307	94	68
825	312	92	59
830	310	85	57
828	314	86	48
831	314	85	56
823	314	89	49
828	308	84	60
821	307	92	65
815	313	96	52
815	313	94	51
824	315	86	48
824	317	84	46
825	315	82	51
822	312	84	56
817	315	85	50
817	312	87	55
816	310	89	55
813	318	88	45
818	313	82	57
815	313	86	51
811	313	89	60
814	314	85	53
813	317	84	56
805	317	92	49
810	316	89	54
804	316	95	49
803	317	97	46
803	317	97	47
801	314	99	52
805	312	93	58
802	311	96	58
809	313	91	61
810	311	88	63
801	312	98	58
809	315	91	53
806	313	94	59
803	315	97	58
808	316	94	62
804	313	97	62
805	315	98	58
806	316	98	56
804	316	101	54
805	317	100	54
808	313	97	63
807	311	101	67
805	313	103	60
811	315	97	59
813	312	97	59
810	314	101	57
813	315	98	59
813	312	101	60
814	313	102	60
812	314	105	61
815	317	104	58
819	315	101	62
821	315	100	63
818	312	105	76
821	312	101	71
826	316	100	61
828	311	99	63
826	313	102	60
829	315	101	58
830	311	103	70
831	313	106	60
832	314	105	71
832	312	107	75
834	309	111	77
835	315	107	81
836	311	107	74
839	309	110	74
840	311	110	70
842	316	105	75
843	312	110	78
844	314	107	71
846	314	109	84
846	310	113	98
845	310	114	84
849	314	113	85
849	315	110	83
850	315	113	74
853	317	114	70
853	309	116	78
854	319	117	65
855	319	116	67
858	319	113	74
857	322	118	66
862	320	111	76
860	319	117	68
864	318	113	68
865	320	114	65
865	317	120	68
863	318	121	74
867	315	121	72
867	318	119	78
869	316	122	78
871	317	124	69
871	320	121	67
873	322	119	66
874	318	118	78
875	322	121	72
879	322	117	74
880	318	118	79
880	315	123	85
879	320	120	80
880	322	125	76
883	319	122	81
882	317	124	83
882	322	127	76
884	322	125	72
892	323	119	70
886	323	124	74
887	322	126	82
889	319	125	81
889	320	127	75
889	323	131	72
892	325	126	71
890	325	130	71
891	324	131	70
894	323	128	82
892	326	132	72
895	325	127	80
896	322	128	90
895	324	131	85
892	319	139	90
896	318	132	98
896	325	135	88
898	327	131	78
898	327	132	77
899	320	127	99
901	324	131	85
900	325	131	88
900	329	134	80
901	329	130	87
899	331	135	85
898	332	137	81
900	329	136	84
900	328	131	92
894	324	137	92
890	327	135	91
890	327	131	91
883	332	137	81
874	335	135	77
868	335	142	78
862	335	139	87
859	329	132	102
849	326	139	104
848	326	139	100
840	330	140	89
841	332	140	104
839	332	136	96
834	330	144	104
836	326	137	112
834	325	138	113
831	322	138	113
829	326	143	102
829	330	141	102
828	334	146	96
826	334	144	94
825	330	141	115
826	325	139	118
823	322	142	123
822	329	141	101
822	334	147	94
822	334	147	98
818	337	149	95
821	339	144	101
819	338	143	98
819	337	144	106
817	333	147	105
816	334	148	105
813	335	153	96
813	338	152	106
809	335	154	106
810	337	154	109
811	335	151	106
810	335	149	105
807	335	151	109
805	329	154	118
800	327	155	140
802	331	149	129
797	331	156	109
795	330	157	113
792	331	157	113
791	332	160	118
790	333	155	117
786	337	165	104
785	337	164	107
786	337	159	108
788	334	158	116
783	343	159	108
779	343	165	111
779	339	164	126
777	340	163	118
776	345	166	106
774	346	166	109
777	340	165	113
772	345	170	108
775	346	166	114
773	344	168	118
771	344	169	121
773	345	166	128
769	346	172	130
770	345	171	130
771	353	175	121
768	353	173	117
768	348	177	127
770	353	175	124
771	351	172	134
769	352	179	125
775	348	175	135
779	359	177	124
779	358	176	130
777	368	178	122
776	371	180	120
776	366	184	130
777	370	185	131
778	370	180	127
778	368	182	133
779	367	183	133
775	369	190	131
776	369	187	131
778	369	185	133
776	369	186	131
775	367	187	132
775	369	186	123
776	366	186	122
777	366	186	126
776	362	185	136
774	361	188	131
778	359	183	135
775	356	186	135
777	354	179	131
775	347	184	143
774	348	178	133
773	343	181	140
773	343	177	139
772	339	180	141
769	336	187	142
767	338	180	137
765	333	181	145
767	333	173	140
765	325	177	151
762	325	171	152
761	326	177	144
758	327	182	148
757	328	172	139
757	324	178	149
757	326	171	141
754	324	175	150
751	325	174	152
752	325	175	145
751	325	175	149
752	328	166	148
749	331	176	143
745	329	172	143
749	331	173	149
743	329	170	143
745	330	175	149
744	329	173	147
742	332	172	145
742	331	174	148
736	336	173	142
739	333	174	146
738	337	168	147
741	334	170	143
740	338	168	145
732	338	173	147
737	339	169	140
731	341	166	144
730	338	174	143
727	341	172	134
726	340	167	141
724	339	176	145
724	340	169	143
725	341	166	144
723	343	171	144
718	343	170	139
722	346	166	139
717	348	170	138
716	343	170	141
712	345	170	137
718	344	168	142
714	345	168	138
713	343	167	135
713	346	167	134
714	338	161	138
713	341	163	139
712	352	156	131
710	349	165	132
705	353	162	129
708	356	166	126
707	352	161	133
702	353	163	132
701	352	170	131
702	355	165	129
703	349	159	132
702	350	160	129
697	348	162	131
703	344	158	136
702	347	158	127
694	347	167	129
693	344	161	127
700	341	157	133
694	342	156	132
694	344	159	127
688	348	161	124
690	344	157	129
687	343	160	128
686	342	159	129
686	343	156	126
684	343	156	124
684	345	153	122
681	344	154	122
684	340	149	123
677	340	152	124
675	342	153	123
674	342	148	120
674	340	151	122
666	341	153	118
671	338	145	123
670	341	142	121
664	341	149	117
662	342	147	118
654	342	149	119
658	339	149	116
654	340	144	120
652	343	147	114
651	340	139	119
651	340	139	117
644	342	140	116
643	341	139	116
638	344	141	111
636	341	143	114
634	342	136	111
632	342	140	113
631	341	133	115
629	341	136	112
626	338	131	114
622	341	135	111
617	341	136	111
614	343	134	109
609	341	138	109
609	340	128	112
605	339	131	110
605	342	128	102
595	344	135	100
593	343	133	103
585	342	137	100
586	342	128	99
581	340	126	100
576	339	126	102
572	339	126	100
570	337	122	102
569	335	123	103
561	337	129	102
561	338	126	101
559	336	132	99
565	335	120	102
564	335	121	100
560	337	124	100
561	336	126	100
557	338	127	97
564	336	120	99
558	338	124	98
561	334	123	100
559	340	122	95
561	338	124	97
560	340	125	95
562	335	122	98
562	334	120	100
560	338	126	96
558	337	126	98
563	337	123	95
561	339	122	95
559	337	125	96
562	339	121	92
566	337	119	93
567	337	120	92
566	339	119	90
571	337	119	90
569	337	120	92
578	336	114	93
582	334	115	91
583	338	117	89
586	336	117	87
586	342	124	86
593	336	118	87
601	339	114	85
599	336	115	85
604	333	111	89
600	333	113	91
602	335	117	86
602	333	116	87
600	337	119	82
607	333	111	85
606	336	112	84
604	335	113	85
608	332	108	86
607	336	107	85
610	334	104	84
606	333	111	85
604	336	112	83
602	342	112	80
605	336	110	84
604	339	109	82
599	340	116	83
601	340	111	84
604	343	107	84
601	341	111	86
606	344	105	86
604	346	109	81
603	347	109	83
602	349	107	83
603	350	105	81
603	351	105	80
605	353	104	77
601	354	106	81
603	352	106	82
602	356	105	81
601	356	106	80
602	358	105	79
600	363	106	78
600	362	106	77
597	363	106	81
599	362	105	81
597	362	110	81
599	363	105	84
599	365	104	81
599	368	103	79
602	370	101	80
603	370	100	77
602	371	101	78
602	373	100	78
600	374	102	79
599	371	105	83
602	375	102	79
603	378	99	78
601	376	104	78
599	376	105	84
599	378	104	82
601	378	100	83
599	382	103	81
602	382	100	78
603	384	101	79
603	383	98	82
605	386	98	80
603	390	100	79
603	389	100	78
601	390	101	78
604	392	99	78
603	392	100	77
604	390	99	78
602	393	100	78
606	395	98	76
604	396	97	78
605	395	96	78
603	397	98	79
602	397	99	79
604	399	98	77
603	399	101	78
603	401	97	77
602	402	99	77
603	404	99	77
604	405	97	76
601	406	100	75
603	409	97	74
602	409	100	77
602	409	97	79
602	411	99	75
603	414	95	75
606	414	92	77
604	413	94	76
601	413	98	79
602	415	97	77
605	416	90	79
605	417	90	77
602	420	94	75
602	421	95	78
602	423	94	76
601	424	95	75
600	424	96	77
600	425	95	75
604	428	89	75
602	428	91	76
600	430	96	78
600	431	93	76
598	434	97	74
601	435	94	76
597	437	97	71
596	440	98	73
599	437	93	79
599	439	92	78
597	439	96	80
599	442	93	77
597	446	96	75
596	445	96	79
597	448	97	72
596	450	94	76
595	452	97	76
595	452	96	77
595	455	95	76
593	456	96	74
594	458	93	73
593	458	96	75
592	460	96	74
594	461	92	75
593	463	93	75
591	463	99	78
592	464	96	78
590	467	97	77
591	467	96	79
590	470	96	75
589	473	92	72
590	472	93	75
590	474	92	74
590	476	88	75
588	478	92	73
585	479	95	75
583	482	93	75
583	482	95	76
584	483	91	75
580	485	96	78
581	487	93	75
580	488	90	78
583	489	89	80
579	492	93	76
577	493	96	79
578	496	96	77
577	497	93	78
576	498	97	78
575	500	96	78
571	502	99	77
570	504	98	77
573	506	96	80
569	506	103	84
567	508	102	78
566	511	100	77
564	512	105	78
562	513	104	84
561	516	105	80
556	518	111	77
563	520	99	77
567	520	94	77
561	523	103	75
564	525	97	76
564	525	94	75
561	528	101	76
561	530	100	77
561	532	101	77
555	532	107	81
560	535	103	79
556	535	100	83
559	537	102	77
556	542	103	75
556	542	100	73
555	544	102	78
