938	908	142	165
941	904	142	163
941	904	155	169
944	909	145	160
945	899	139	171
945	891	131	174
947	900	136	173
944	889	144	180
949	888	131	178
952	889	130	171
942	881	160	184
938	887	154	171
937	884	159	173
945	881	145	176
944	882	155	169
948	885	141	160
951	885	151	157
951	875	129	167
951	875	143	165
950	874	144	162
952	865	141	168
951	861	135	166
957	859	123	169
952	858	139	162
951	859	134	157
955	853	131	161
953	857	152	149
953	850	138	158
956	852	131	154
958	849	147	153
956	851	131	143
963	846	136	145
963	839	121	156
968	844	116	140
963	837	129	142
964	840	116	138
967	837	115	140
967	830	110	141
969	832	118	133
969	826	111	143
966	822	112	140
967	825	117	135
970	821	111	129
970	827	125	122
969	821	113	118
970	813	119	132
973	808	113	130
972	804	109	129
972	811	119	120
977	796	105	135
978	791	105	140
979	792	107	132
978	792	104	133
979	782	108	135
976	785	102	128
977	785	108	128
980	784	101	119
981	778	99	124
975	780	119	119
974	777	130	120
979	778	112	115
981	776	104	114
978	776	105	115
979	766	109	121
979	764	115	125
979	766	109	115
979	747	100	129
979	750	102	129
979	744	96	122
988	741	86	128
982	747	110	119
980	748	107	114
981	750	108	106
978	744	123	117
977	738	122	111
978	736	111	113
973	735	119	111
973	742	121	104
971	735	119	108
977	738	107	104
979	735	111	107
975	735	107	103
979	737	108	104
983	734	115	100
979	734	114	103
981	732	127	104
978	724	119	113
983	742	104	97
987	746	97	93
986	730	107	107
982	732	112	108
988	740	92	94
987	734	104	98
985	736	98	100
988	731	106	100
982	729	115	107
987	728	95	106
987	727	103	109
981	727	111	109
982	730	123	101
983	724	117	113
985	724	106	109
986	731	98	104
986	732	105	97
987	742	100	92
982	732	105	96
987	728	95	105
990	714	95	117
988	711	94	118
988	727	100	105
987	734	93	100
993	725	82	107
992	735	87	103
992	725	94	109
990	734	92	107
989	726	91	105
988	739	106	98
983	730	106	106
988	729	97	105
984	725	104	115
981	730	113	101
982	731	107	102
984	725	115	109
986	722	105	110
984	724	105	110
983	731	102	97
985	731	103	102
983	735	119	92
989	727	95	99
992	730	96	87
989	740	87	86
992	733	86	85
992	734	87	83
990	727	93	94
988	727	96	94
989	718	95	105
987	717	97	104
990	714	99	110
985	721	101	100
987	722	98	94
986	721	94	95
985	720	96	98
991	720	94	101
987	721	104	93
989	720	93	101
989	709	92	105
989	713	95	104
989	714	112	99
988	714	99	99
990	713	92	97
990	716	93	95
991	717	93	89
989	714	98	93
989	708	97	102
986	704	117	103
987	712	101	96
992	701	89	107
994	709	89	100
988	711	99	93
989	709	102	95
989	706	107	101
987	707	103	99
988	702	121	102
984	704	117	103
986	706	126	103
986	706	116	102
989	705	118	100
987	705	121	99
989	702	103	102
990	703	98	108
994	711	88	100
991	704	97	105
992	706	94	98
993	703	84	104
993	708	89	99
994	706	89	99
992	706	102	97
990	702	94	105
990	700	93	106
992	701	93	101
992	698	101	102
990	702	95	101
994	701	96	102
992	703	115	95
989	703	102	103
991	700	111	97
989	707	99	99
997	700	89	102
995	702	92	104
996	701	92	101
996	699	82	99
995	696	93	101
992	693	91	105
996	696	85	102
996	699	84	96
995	700	88	93
993	694	88	97
993	693	90	98
995	697	88	96
995	691	91	101
993	689	95	100
991	687	98	102
991	689	98	96
998	694	87	93
995	691	94	91
995	688	89	101
993	688	96	93
997	689	89	90
997	688	89	90
995	689	91	92
996	683	96	96
996	688	101	96
996	686	96	92
997	682	95	95
997	682	92	98
998	678	84	100
999	678	90	100
999	681	92	99
995	677	98	96
997	674	93	102
998	677	83	95
994	679	95	97
999	674	88	99
997	676	94	99
993	672	99	98
995	672	95	97
994	674	92	99
998	671	85	99
996	669	103	102
993	671	122	102
997	668	102	108
998	673	86	99
998	677	89	96
998	676	95	97
996	672	113	100
997	663	97	108
997	673	104	102
995	672	108	106
997	673	105	107
994	676	114	96
993	668	114	106
995	675	112	101
994	667	102	110
998	674	93	102
997	673	95	101
997	678	97	102
996	672	100	105
1000	668	97	115
999	669	97	107
1000	677	97	105
998	679	99	100
997	677	117	101
996	672	109	112
995	679	108	102
997	678	104	103
1000	680	105	105
1002	674	100	108
1000	683	101	104
999	680	108	108
999	686	105	100
1000	686	105	104
997	688	100	100
1006	691	94	102
1002	691	105	94
997	689	105	106
1000	691	110	103
1000	705	104	88
999	701	102	95
997	692	104	98
1002	695	102	100
1000	686	108	116
994	691	110	111
998	691	107	110
1002	696	101	101
1004	708	100	96
1007	714	100	85
1010	725	96	80
996	709	111	93
993	710	112	95
994	703	115	107
983	701	123	110
986	705	124	105
988	713	119	96
976	707	134	104
987	716	124	98
976	709	131	99
982	703	127	118
988	703	116	118
989	702	117	115
989	705	118	118
988	707	124	115
993	711	111	115
991	713	112	117
993	713	118	117
991	712	116	121
989	710	120	120
982	715	132	116
980	715	132	113
975	713	137	119
974	716	144	125
980	715	133	118
978	718	133	118
975	721	139	118
974	720	142	122
969	722	145	124
968	722	154	134
971	725	152	126
972	724	149	133
975	736	146	124
982	740	137	120
979	739	138	124
981	743	139	123
979	743	141	116
983	737	136	122
981	740	142	120
981	737	141	129
975	741	145	122
972	741	153	123
975	741	146	118
975	741	146	119
975	743	141	119
975	737	140	124
973	743	149	116
969	741	152	117
970	742	152	115
974	737	145	129
974	736	143	122
970	737	148	119
972	733	149	124
966	735	153	122
968	736	151	116
963	733	153	122
962	725	152	125
968	739	145	115
964	729	145	118
960	727	152	117
957	727	154	127
956	727	149	114
958	726	144	110
957	726	154	130
951	724	152	121
951	723	153	137
950	722	154	147
951	722	153	151
948	719	167	155
947	716	160	158
945	721	163	147
944	720	157	134
945	720	148	127
943	721	160	153
941	721	158	142
945	723	149	155
935	717	172	157
938	722	167	159
937	726	161	159
933	719	157	138
934	722	165	163
933	726	158	135
935	727	154	155
938	723	146	134
934	727	154	153
929	721	161	172
924	723	166	167
924	725	162	167
923	727	157	165
923	721	158	175
920	727	164	165
920	721	164	175
918	727	164	169
917	731	166	165
914	731	168	164
916	723	165	172
914	729	166	165
913	731	168	164
907	733	172	161
910	730	167	168
907	730	165	155
903	733	160	127
903	735	162	116
903	731	162	114
898	730	167	116
900	735	163	122
897	735	164	130
896	734	163	129
894	733	168	135
891	733	172	147
892	734	167	143
888	735	172	152
888	735	170	138
883	739	172	136
887	736	168	138
883	736	168	129
880	740	171	124
877	739	177	134
878	742	174	132
876	741	171	127
874	741	173	125
877	740	174	133
872	743	171	123
865	744	178	132
865	744	183	141
866	747	175	137
863	746	183	126
863	746	182	130
859	750	185	125
859	750	180	131
860	747	183	139
859	748	180	134
850	747	186	138
852	755	187	128
849	751	185	133
844	761	190	125
847	753	192	133
841	756	193	135
841	762	191	120
844	757	190	131
844	763	193	132
841	762	189	135
834	763	191	129
838	759	190	136
833	759	193	142
831	762	189	135
830	762	190	132
827	766	193	135
819	766	199	135
817	768	202	141
819	766	198	141
813	768	201	138
814	766	201	145
812	771	197	136
810	772	199	135
805	770	203	137
806	776	200	134
807	772	203	143
802	780	207	130
800	777	207	142
802	777	207	144
804	779	202	142
803	781	202	140
799	782	209	140
801	787	207	129
801	785	204	140
808	785	202	146
802	786	201	142
792	783	215	154
785	784	220	153
790	790	221	145
780	792	225	153
794	789	214	158
784	784	219	172
771	791	233	170
791	792	204	170
791	791	206	186
788	795	210	181
786	806	213	143
789	812	206	130
826	810	164	129
808	817	182	130
803	817	187	147
800	815	186	140
832	809	151	155
841	808	133	155
839	813	136	155
840	815	130	153
841	811	128	156
836	810	134	160
840	811	125	155
832	802	135	158
829	807	135	160
842	808	120	153
838	801	122	162
842	813	115	152
838	805	115	158
839	808	108	158
838	810	112	155
826	807	122	153
836	800	110	163
844	807	100	153
840	803	101	155
838	800	101	155
827	813	109	144
827	805	105	151
825	805	106	152
823	809	109	148
819	811	110	147
832	818	91	139
820	816	102	140
816	820	107	136
811	817	108	132
798	813	117	141
801	810	118	143
811	811	103	140
818	815	94	135
809	810	99	136
810	815	97	132
806	807	98	136
800	789	103	150
806	808	96	135
809	808	89	134
803	800	94	138
796	804	100	133
798	808	96	130
793	805	98	132
801	810	88	128
799	808	87	127
802	812	83	118
800	810	84	120
789	811	93	124
784	810	96	122
786	801	92	125
785	803	91	125
779	800	97	130
762	797	112	131
746	790	125	142
739	801	132	131
729	792	135	142
732	792	131	137
727	792	135	138
719	791	141	140
721	793	135	135
713	795	148	139
721	794	135	135
718	795	137	139
730	797	124	131
720	794	132	139
718	796	132	139
687	794	158	150
672	796	171	149
665	793	179	160
663	787	185	172
663	787	185	172
663	787	185	172
671	788	160	170
665	789	160	171
654	793	176	167
654	791	178	165
658	792	160	161
661	788	156	175
667	770	157	184
665	790	158	170
666	791	152	169
658	790	139	176
663	791	137	173
662	797	136	168
668	791	137	170
667	792	131	171
656	795	145	170
665	791	135	173
669	794	128	174
669	791	118	176
671	795	112	167
662	788	137	176
648	793	137	180
664	794	118	174
659	797	111	173
656	798	121	173
651	793	132	181
653	795	130	172
661	796	110	172
664	798	98	170
666	799	106	164
661	799	107	167
686	803	95	162
685	790	99	173
680	792	105	172
673	785	126	178
689	786	116	176
700	786	108	174
703	785	114	168
710	788	120	168
711	786	116	172
727	788	112	167
742	793	115	163
747	789	112	170
750	792	121	160
759	791	113	172
793	788	125	162
796	789	125	159
800	783	124	170
798	791	139	160
804	794	167	151
807	792	168	157
822	799	169	150
839	793	181	150
868	784	153	159
886	786	133	159
892	793	146	149
923	789	144	147
942	794	126	142
965	798	109	143
975	797	107	143
999	797	91	142
976	826	97	117
994	819	103	122
999	804	116	135
1019	792	101	149
1018	803	106	140
1014	800	115	140
1015	798	112	142
1012	805	121	139
1020	802	106	138
1016	800	118	141
1022	800	125	139
1015	795	127	146
1019	799	113	143
1016	796	120	149
1017	797	118	140
1022	796	103	146
1021	798	109	141
1021	798	103	143
1026	798	103	141
1027	795	100	145
1031	794	93	152
1029	795	94	146
1031	795	94	149
1025	796	107	148
1021	797	111	145
1028	797	114	147
1025	801	137	140
1019	799	133	145
1023	800	117	146
1033	792	114	151
1030	791	128	156
1037	793	119	157
1043	795	108	149
1043	803	119	144
1045	802	122	141
1042	798	128	143
1046	804	120	145
1040	801	122	145
1045	796	143	145
1045	790	128	153
1047	798	117	146
1049	795	128	143
1041	804	125	141
1056	792	115	153
1053	798	115	148
1053	802	108	140
1055	806	106	138
1053	800	101	144
1051	797	116	146
1047	800	115	146
1046	798	116	146
1050	796	114	151
1062	799	95	146
1062	798	97	145
1067	798	94	146
1066	799	101	146
1066	797	112	151
1066	800	113	146
1066	807	119	140
1070	804	145	139
1089	795	125	151
1090	800	119	152
1106	803	111	146
1106	806	118	143
1108	811	116	136
1115	810	127	136
1122	809	120	142
1131	818	117	127
1139	813	124	134
1141	812	135	136
1161	812	121	139
1168	818	148	132
1179	807	136	144
1183	808	117	147
1186	817	136	142
1187	815	157	140
1202	814	140	138
1202	818	139	137
1223	813	130	144
1234	824	112	137
1247	822	107	140
1252	822	116	138
1256	820	123	139
1260	821	117	143
1260	823	124	138
1269	820	123	145
1268	821	115	146
1276	821	107	145
1271	818	119	145
1273	824	122	141
1272	827	148	138
1264	821	161	143
1277	818	139	143
1274	817	135	146
1276	819	136	141
1272	816	127	150
1272	815	120	150
1283	819	117	145
1286	823	118	144
1281	824	139	139
1285	823	157	142
1290	824	146	139
1298	824	152	142
1310	828	131	141
1321	830	129	142
1336	833	122	143
1359	832	108	144
1373	836	122	141
1383	839	116	145
1394	836	122	148
1405	845	119	144
1414	840	133	146
1430	841	128	153
1447	848	122	152
1461	862	130	138
1479	860	127	144
1489	860	140	144
1498	860	140	150
1513	863	129	147
1510	859	147	154
1508	869	167	140
1511	866	180	150
1516	861	165	149
1521	866	149	146
1510	864	175	152
1524	860	136	156
1531	858	118	156
1525	858	130	152
1524	863	147	151
1521	863	146	147
1523	861	135	150
1527	860	131	153
1527	861	132	150
1519	867	125	147
1520	868	135	140
1525	860	147	148
1515	867	168	147
1511	866	149	150
1519	859	122	154
1524	866	100	158
1528	871	75	174
1518	863	97	155
1525	868	90	157
1532	877	75	140
1533	898	68	124
1588	870	60	122
1588	870	60	122
1777	952	55	120
1763	936	47	107
1745	940	44	97
1730	939	42	88
1711	934	41	87
1693	928	45	86
1675	934	46	77
1662	937	39	73
1643	915	40	84
1624	911	47	82
1609	922	47	85
1596	902	44	87
1587	929	46	83
1587	894	51	66
1583	889	59	74
1520	880	56	87
1580	899	57	98
1581	902	68	117
1579	883	85	141
1549	877	102	153
1546	870	105	163
1547	862	102	176
1541	869	119	166
1533	879	128	160
1531	877	123	167
1526	881	150	162
1522	881	155	162
1527	879	148	178
1526	898	133	153
1545	891	117	162
1541	896	115	166
1548	896	119	165
1538	899	119	165
1545	892	120	178
1546	871	119	194
1541	867	134	201
1544	890	179	190
1539	870	215	203
1539	870	215	203
1529	896	254	173
1559	900	243	155
1514	935	231	135
1541	913	222	156
1553	908	211	165
1562	913	227	160
1568	911	209	161
1571	915	219	153
1572	917	223	155
1573	920	225	144
1578	920	229	150
1581	910	219	161
1561	923	219	153
1576	922	207	144
1576	912	198	161
1567	896	221	178
1570	921	219	153
1575	909	210	162
1577	908	221	164
1574	923	229	151
1596	922	204	143
1566	911	222	161
1590	919	202	147
1577	918	214	152
1583	919	203	153
1580	913	208	158
1580	911	214	160
1578	911	219	162
1569	912	222	162
1571	916	223	155
1578	921	239	147
1574	908	222	161
1591	921	217	150
1585	919	226	153
1593	917	261	157
1584	924	295	148
1580	908	254	167
1594	925	247	148
1595	934	276	139
1565	924	247	146
1590	927	223	142
1600	921	216	152
1621	933	179	140
1615	929	195	141
1605	926	219	152
1604	922	226	148
1613	934	223	143
1609	935	245	138
1603	925	238	148
1621	932	218	143
1616	944	239	130
1624	959	255	116
1637	952	285	121
1608	957	313	114
1586	956	340	117
1552	950	375	127
1589	951	338	121
1555	962	365	118
1546	956	377	116
1582	955	339	121
1613	935	313	141
1623	963	296	108
1612	970	311	105
1608	973	310	104
1623	977	302	96
1657	984	269	92
1657	969	268	108
1669	979	250	98
1675	998	251	78
1626	965	294	102
1638	979	283	96
1624	971	292	107
1626	956	296	117
1622	946	297	126
1623	943	292	126
1628	941	288	128
1645	958	262	114
1637	963	276	112
1658	957	265	117
1638	969	280	107
1666	981	261	93
1635	974	289	101
1647	946	283	127
1654	930	265	142
1636	905	286	165
1614	920	309	152
1614	920	309	152
1599	900	322	175
1599	900	322	175
1599	900	322	175
1599	900	322	175
1599	900	322	175
1599	900	322	175
1599	900	322	175
1599	900	322	175
1599	900	322	175
1599	900	322	175
1599	900	322	175
1599	900	322	175
1599	900	322	175
1599	900	322	175
1599	900	322	175
1599	900	322	175
1599	900	322	175
1599	900	322	175
1599	900	322	175
1599	900	322	175
1599	900	322	175
1599	900	322	175
1599	900	322	175
1599	900	322	175
1599	900	322	175
1599	900	322	175
1599	900	322	175
1599	900	322	175
1599	900	322	175
1599	900	322	175
1599	900	322	175
1599	900	322	175
1599	900	322	175
1599	900	322	175
1599	900	322	175
1599	900	322	175
1599	900	322	175
1599	900	322	175
1599	900	322	175
1599	900	322	175
1599	900	322	175
1599	900	322	175
1599	900	322	175
1599	900	322	175
1599	900	322	175
1599	900	322	175
1599	900	322	175
1599	900	322	175
1599	900	322	175
1599	900	322	175
1599	900	322	175
1599	900	322	175
1599	900	322	175
1599	900	322	175
1599	900	322	175
1599	900	322	175
1599	900	322	175
1599	900	322	175
1599	900	322	175
1599	900	322	175
1599	900	322	175
1599	900	322	175
1599	900	322	175
1599	900	322	175
1599	900	322	175
1599	900	322	175
1599	900	322	175
1599	900	322	175
1599	900	322	175
1599	900	322	175
1599	900	322	175
1599	900	322	175
1599	900	322	175
1599	900	322	175
1599	900	322	175
1599	900	322	175
1599	900	322	175
1599	900	322	175
1599	900	322	175
1599	900	322	175
1599	900	322	175
1599	900	322	175
1599	900	322	175
1599	900	322	175
1599	900	322	175
1599	900	322	175
1599	900	322	175
1599	900	322	175
1599	900	322	175
1599	900	322	175
1599	900	322	175
1599	900	322	175
1599	900	322	175
1599	900	322	175
1599	900	322	175
1599	900	322	175
1599	900	322	175
1599	900	322	175
1599	900	322	175
1599	900	322	175
1292	904	266	172
1289	897	271	179
1289	897	271	179
1289	897	271	179
1289	897	271	179
1289	897	271	179
1289	897	271	179
1289	897	271	179
1289	897	271	179
1289	897	271	179
1289	897	271	179
1289	897	271	179
1289	897	271	179
1289	897	271	179
1289	897	271	179
1289	897	271	179
1289	897	271	179
1289	897	271	179
1289	897	271	179
1289	897	271	179
1289	897	271	179
1289	897	271	179
882	640	244	167
710	586	256	152
717	586	254	159
725	589	271	158
738	580	254	172
752	594	246	156
753	591	245	153
762	589	237	152
768	592	247	151
742	585	221	170
764	592	191	166
767	594	207	156
762	588	242	171
769	582	250	156
777	594	256	160
764	589	265	151
768	591	257	158
768	588	257	163
768	585	253	170
777	586	248	159
796	588	230	157
772	591	256	167
785	593	247	155
796	591	238	155
752	595	286	153
757	582	274	160
755	582	275	171
760	594	272	151
754	595	270	150
759	588	266	164
763	593	257	152
757	601	268	147
761	597	264	174
760	603	265	139
762	597	272	166
766	598	256	154
760	597	265	163
750	592	278	169
755	596	269	164
758	598	295	156
747	599	284	158
761	605	261	142
752	610	276	146
750	607	273	140
754	603	271	159
753	612	272	138
747	607	282	146
762	606	266	145
753	609	269	154
757	607	267	149
755	610	261	143
736	610	285	159
756	607	267	157
745	612	282	152
740	615	280	143
741	613	278	145
746	613	288	147
750	609	279	157
745	609	278	173
741	612	281	163
743	611	281	167
742	615	281	168
736	620	292	157
730	618	295	159
737	614	304	182
733	619	304	178
731	616	302	184
744	619	282	177
735	622	288	165
720	624	301	163
721	623	297	168
720	622	295	169
742	623	272	165
733	626	283	163
728	623	292	166
726	627	315	162
744	625	279	206
734	617	290	201
758	621	260	211
742	624	292	222
738	616	280	179
738	629	276	162
741	626	273	176
713	634	295	163
741	624	265	171
725	630	275	177
724	633	280	173
728	632	270	174
719	628	276	175
711	633	284	188
713	634	288	195
711	627	284	191
705	633	289	171
703	628	290	169
717	636	272	183
723	628	268	219
723	640	284	180
700	642	290	173
684	643	300	189
690	650	301	195
690	637	304	201
692	627	295	203
708	646	282	201
687	659	304	168
706	648	282	188
707	653	272	180
695	642	285	184
692	641	289	202
701	644	286	225
694	646	288	249
700	639	288	271
696	626	295	305
687	623	307	347
700	626	289	379
693	592	283	354
683	627	297	330
675	609	319	385
697	625	281	420
705	587	266	402
749	627	226	350
746	637	241	397
730	572	255	378
742	623	236	320
758	638	209	273
765	649	209	259
736	632	236	253
739	635	237	290
728	621	246	327
676	617	300	336
679	626	328	328
680	622	293	298
668	634	313	308
652	638	330	277
684	634	290	332
665	633	308	339
697	635	289	430
692	594	281	398
699	616	270	462
683	575	282	418
675	616	282	457
630	558	317	385
622	609	337	313
629	614	324	303
642	624	297	311
658	625	292	329
634	631	295	300
627	621	296	318
614	624	314	315
610	625	322	326
614	628	307	321
615	630	293	330
604	627	300	341
588	643	315	313
580	648	311	312
585	624	317	348
568	637	323	333
540	649	353	310
532	648	338	303
528	640	342	320
529	640	342	328
519	630	341	327
504	661	342	311
582	632	344	360
461	657	384	332
480	681	347	316
555	640	335	357
515	618	352	369
471	631	344	369
438	644	369	372
419	706	365	348
466	728	394	291
405	729	407	281
438	716	419	309
388	736	400	315
360	729	407	335
343	776	446	296
441	748	439	300
336	784	421	286
333	774	393	290
337	774	439	290
686	558	425	302
855	602	375	248
730	573	367	291
697	565	385	312
798	571	292	314
785	565	282	327
818	552	260	342
806	538	234	376
827	561	211	346
856	567	177	348
850	561	172	350
821	556	187	365
799	510	180	417
799	548	188	384
742	509	198	428
763	472	181	464
757	473	178	456
729	473	203	478
714	476	190	493
690	469	212	503
692	434	216	535
673	438	234	537
659	415	219	557
666	426	218	546
747	477	265	537
630	433	249	574
645	417	246	629
740	501	223	551
738	545	230	496
689	477	184	521
686	434	179	559
672	468	193	597
639	503	234	561
599	497	278	567
585	452	293	606
656	432	291	631
562	470	295	612
571	453	287	615
621	437	360	638
557	422	299	651
641	485	348	582
591	458	393	609
526	461	437	623
545	454	419	613
487	451	353	623
505	469	435	609
386	266	439	735
566	471	415	605
554	487	468	621
385	305	508	749
352	239	582	849
293	194	747	887
279	300	854	782
364	401	754	679
368	466	755	600
235	430	829	643
395	460	717	614
403	463	743	603
314	460	726	603
378	463	758	609
212	224	621	508
266	389	576	361
297	460	582	312
327	525	600	314
258	455	591	282
294	468	541	268
247	449	583	292
285	696	615	334
246	397	584	346
269	376	569	385
243	401	596	359
270	477	612	283
410	588	607	326
376	644	681	415
261	495	670	477
312	489	656	589
313	519	758	559
168	308	760	576
325	480	835	589
346	485	825	574
347	519	837	540
177	297	804	639
250	251	669	608
382	490	754	582
364	282	734	621
342	232	841	833
378	146	820	910
369	171	912	932
407	163	900	881
427	174	830	887
458	205	795	884
492	239	844	839
545	302	649	773
596	270	580	798
586	193	620	868
633	178	621	894
635	194	628	869
749	160	720	923
717	208	672	873
723	196	622	873
785	211	562	870
819	206	577	871
861	202	554	869
881	208	569	854
941	213	537	852
899	201	586	866
962	212	534	856
1003	153	580	914
970	167	638	908
994	164	604	921
1006	197	548	888
983	213	575	862
986	210	622	869
984	183	655	892
1033	169	541	907
1007	198	568	853
994	184	605	887
992	174	624	889
1004	169	588	811
996	208	565	876
1023	175	646	908
1020	184	665	872
1025	170	643	917
1023	182	635	893
1013	173	672	904
998	214	728	858
1015	216	666	816
1017	198	690	869
1019	205	572	887
1001	218	586	854
983	190	618	898
989	206	597	849
985	185	595	891
994	202	570	874
998	205	602	864
989	192	562	885
989	213	550	861
971	211	608	865
986	188	629	887
972	206	599	872
945	193	598	890
983	208	574	873
960	179	652	891
954	186	644	896
958	170	669	918
958	194	665	887
959	207	591	893
948	207	560	860
949	220	615	847
952	203	560	886
964	191	550	895
957	204	563	872
965	212	558	864
964	199	585	873
937	182	666	895
947	158	684	919
936	209	734	874
950	157	719	922
976	216	556	859
974	174	533	895
970	191	540	877
961	169	598	892
943	178	648	881
934	197	647	894
970	195	557	898
980	206	562	867
976	172	595	901
976	159	662	914
959	214	690	874
950	194	722	876
973	157	584	907
951	185	578	878
955	199	668	863
988	185	605	897
977	163	665	886
957	175	731	898
964	149	797	944
968	130	944	954
735	234	877	839
831	239	761	841
967	190	640	889
983	194	568	897
942	204	588	881
959	178	620	900
946	181	612	913
929	200	626	877
956	190	696	872
965	181	720	898
948	169	768	926
980	147	712	914
965	176	665	905
981	186	551	906
952	194	584	899
953	192	596	879
927	198	670	877
959	212	655	865
967	193	576	877
951	205	558	881
958	191	614	892
960	190	600	896
951	209	690	881
959	202	667	881
961	185	675	887
945	172	718	901
980	165	659	924
973	168	710	909
976	150	711	924
970	193	597	886
951	204	604	872
929	205	624	874
961	183	674	908
963	250	556	846
946	189	593	899
957	207	592	885
956	208	628	877
985	171	567	916
967	166	565	917
946	200	652	875
958	215	659	888
969	209	596	877
971	204	637	899
984	208	522	876
959	190	675	882
958	149	695	942
971	178	650	889
959	223	679	872
948	188	645	910
966	192	663	898
968	180	691	900
982	169	654	917
966	180	717	897
968	182	730	899
975	154	620	938
980	187	599	892
1006	160	603	911
989	168	667	912
976	135	639	924
959	190	638	882
954	184	644	898
956	205	654	867
962	198	628	872
982	175	550	890
974	195	576	872
960	155	701	900
957	166	733	931
974	193	675	904
948	189	709	893
948	192	680	879
979	195	647	895
983	184	594	873
972	169	655	888
978	199	587	897
958	173	647	910
935	182	721	880
950	187	721	894
948	196	674	888
954	191	717	900
969	174	686	892
961	193	591	894
958	188	605	888
965	199	608	898
961	173	659	911
988	185	562	891
969	191	592	870
962	192	581	885
964	210	568	860
967	224	572	842
952	198	703	869
960	184	645	905
971	182	587	896
984	205	567	874
969	217	577	878
981	184	554	907
974	216	572	875
973	208	575	877
963	222	578	866
968	222	571	861
963	221	567	871
998	188	528	892
982	203	554	868
969	223	609	851
983	223	555	848
989	207	533	860
970	199	560	875
974	227	554	844
969	233	618	840
956	242	617	834
990	226	552	864
986	189	608	893
987	174	590	900
983	190	578	880
963	195	605	879
954	198	628	882
948	212	601	851
972	206	648	862
948	201	627	847
938	196	646	794
999	181	553	620
979	333	592	560
986	305	563	503
980	497	599	371
1036	527	579	327
986	566	621	255
1044	569	571	228
1085	567	578	253
1219	560	491	295
1263	558	403	274
1296	556	298	281
1317	566	256	291
1326	567	245	276
1332	553	244	297
1355	558	224	309
1372	555	209	287
1402	547	201	312
1415	545	179	328
1431	556	171	340
1425	568	185	335
1439	564	172	343
1439	577	173	328
1429	569	187	340
1434	580	184	338
1444	574	179	339
1442	577	184	321
1451	584	173	331
1457	573	167	339
1452	573	180	333
1432	565	204	340
1439	572	196	330
1446	563	191	336
1450	567	187	325
1453	556	182	342
1439	555	204	343
1441	551	203	351
1447	534	195	354
1456	540	187	358
1448	541	188	360
1458	542	179	345
1453	537	183	361
1445	546	191	341
1439	533	199	360
1438	532	200	366
1443	539	190	342
1463	558	173	324
1461	571	177	330
1446	569	192	317
1454	590	177	303
1466	607	173	287
1469	591	165	306
1454	572	187	324
1450	552	188	336
1458	564	188	343
1444	538	194	369
1443	545	202	357
1451	544	195	362
1445	528	205	363
1458	550	184	364
1460	565	192	336
1452	572	204	320
1442	572	220	352
1456	584	204	335
1450	582	211	344
1459	583	202	340
1472	592	188	338
1460	588	192	339
1459	598	205	328
1454	580	210	345
1459	567	202	364
1458	580	208	340
1448	586	214	345
1470	605	192	319
1471	600	188	326
1450	571	213	364
1465	570	200	361
1462	587	201	339
1457	589	205	349
1463	584	195	348
1448	576	216	359
1460	581	204	351
1461	597	199	333
1464	588	200	333
1459	593	201	333
1457	591	207	342
1462	595	199	333
1464	598	197	331
1450	589	215	350
1468	609	198	314
1467	601	186	320
1453	573	208	357
1444	585	220	340
1456	590	203	335
1464	598	194	336
1455	579	205	345
1455	564	199	372
1446	583	217	350
1454	570	201	366
1453	576	205	354
1445	575	213	370
1460	585	201	357
1452	590	209	339
1443	580	217	350
1462	586	202	350
1458	598	201	339
1457	600	209	329
1452	592	216	333
1466	607	202	325
1458	598	206	349
1438	567	228	375
1458	581	209	345
1447	579	220	372
1463	597	210	337
1452	591	222	346
1456	601	220	356
1457	593	223	354
1464	616	219	333
1464	618	215	332
1461	619	223	346
1486	630	198	335
1478	627	205	340
1455	609	231	357
1484	635	208	340
1473	616	220	357
1458	620	238	349
1471	620	229	356
1469	617	233	360
1488	630	219	358
1476	626	225	358
1473	636	238	367
1480	623	227	399
1472	643	248	385
1478	625	244	393
1484	630	240	405
1477	633	240	418
1468	639	268	386
1489	638	239	413
1492	637	240	423
1491	640	254	418
1474	620	266	428
1492	628	257	444
1486	637	269	432
1487	652	281	425
1480	642	285	424
1505	670	266	404
1497	673	268	399
1485	676	293	396
1518	699	272	376
1516	701	275	379
1505	696	296	378
1510	705	293	361
1509	711	301	370
1505	699	300	380
1517	710	299	366
1505	702	314	370
1509	695	306	373
1510	700	307	379
1528	706	293	361
1520	719	321	359
1536	724	310	350
1553	734	297	343
1553	747	309	320
1545	750	350	331
1546	754	356	320
1547	746	343	325
1557	763	348	304
1567	751	345	322
1567	765	350	312
1561	769	359	304
1448	730	428	341
1485	765	444	306
1522	784	411	290
1553	802	384	268
1475	768	384	294
1443	756	439	309
1438	757	461	313
1478	740	428	321
1482	778	425	270
1475	786	421	265
1455	795	457	265
1462	811	447	242
1497	815	427	250
1501	807	411	264
1499	817	409	254
1528	840	394	228
1551	835	368	238
1541	853	376	216
1566	844	351	232
1574	878	347	200
1582	891	343	183
1581	900	340	173
1634	876	291	199
1588	917	308	161
1595	919	334	153
1609	952	310	111
1554	897	331	170
1585	904	352	167
1604	917	322	154
1607	939	322	136
1599	905	326	171
1604	931	330	150
1586	912	344	170
1499	885	338	188
1517	868	352	205
1422	904	356	171
1422	904	356	171
1481	873	312	193
1481	873	312	193
1481	873	312	193
1481	873	312	193
1481	873	312	193
1481	873	312	193
1481	873	312	193
1481	873	312	193
1481	873	312	193
1481	873	312	193
1481	873	312	193
1481	873	312	193
1490	871	305	204
1490	871	305	204
1490	871	305	204
1490	871	305	204
1490	871	305	204
1490	871	305	204
1490	871	305	204
1531	863	390	214
1531	863	390	214
1531	863	390	214
1531	863	390	214
1531	863	390	214
1531	863	390	214
1531	863	390	214
1531	863	390	214
1531	863	390	214
1531	863	390	214
1531	863	390	214
1531	863	390	214
1531	863	390	214
1531	863	390	214
1531	863	390	214
1531	863	390	214
1531	863	390	214
1531	863	390	214
1531	863	390	214
1531	863	390	214
1531	863	390	214
1531	863	390	214
1531	863	390	214
1531	863	390	214
1531	863	390	214
1531	863	390	214
1531	863	390	214
1531	863	390	214
1531	863	390	214
1531	863	390	214
1531	863	390	214
1531	863	390	214
1531	863	390	214
1531	863	390	214
1531	863	390	214
1531	863	390	214
1531	863	390	214
1531	863	390	214
1531	863	390	214
1531	863	390	214
1531	863	390	214
1531	863	390	214
1531	863	390	214
1531	863	390	214
1531	863	390	214
1531	863	390	214
1531	863	390	214
1531	863	390	214
1531	863	390	214
1531	863	390	214
1531	863	390	214
1531	863	390	214
1531	863	390	214
1531	863	390	214
1531	863	390	214
1531	863	390	214
1531	863	390	214
1531	863	390	214
1531	863	390	214
1531	863	390	214
1531	863	390	214
1531	863	390	214
1531	863	390	214
1531	863	390	214
1531	863	390	214
1531	863	390	214
1531	863	390	214
1531	863	390	214
1531	863	390	214
1531	863	390	214
1531	863	390	214
1531	863	390	214
1531	863	390	214
1531	863	390	214
1531	863	390	214
1531	863	390	214
1531	863	390	214
1531	863	390	214
1531	863	390	214
1531	863	390	214
1531	863	390	214
1531	863	390	214
1531	863	390	214
1531	863	390	214
1531	863	390	214
1531	863	390	214
1531	863	390	214
1531	863	390	214
1531	863	390	214
1531	863	390	214
1531	863	390	214
1531	863	390	214
1531	863	390	214
1531	863	390	214
1531	863	390	214
1531	863	390	214
1531	863	390	214
1531	863	390	214
1531	863	390	214
1531	863	390	214
1531	863	390	214
1531	863	390	214
1531	863	390	214
1531	863	390	214
1531	863	390	214
1531	863	390	214
1531	863	390	214
1531	863	390	214
1531	863	390	214
1531	863	390	214
1531	863	390	214
1531	863	390	214
1531	863	390	214
1531	863	390	214
1531	863	390	214
1531	863	390	214
1531	863	390	214
1531	863	390	214
1531	863	390	214
1531	863	390	214
1531	863	390	214
1531	863	390	214
1531	863	390	214
1531	863	390	214
1531	863	390	214
1531	863	390	214
1531	863	390	214
1531	863	390	214
1531	863	390	214
1531	863	390	214
1531	863	390	214
1531	863	390	214
1531	863	390	214
1531	863	390	214
1531	863	390	214
1531	863	390	214
1531	863	390	214
1531	863	390	214
1531	863	390	214
1531	863	390	214
1531	863	390	214
1531	863	390	214
1531	863	390	214
1531	863	390	214
1531	863	390	214
1531	863	390	214
1531	863	390	214
1531	863	390	214
1531	863	390	214
1531	863	390	214
1531	863	390	214
1531	863	390	214
1531	863	390	214
1531	863	390	214
1531	863	390	214
1531	863	390	214
1531	863	390	214
1531	863	390	214
1531	863	390	214
1531	863	390	214
1531	863	390	214
1531	863	390	214
1531	863	390	214
1531	863	390	214
1531	863	390	214
1531	863	390	214
1531	863	390	214
1531	863	390	214
1531	863	390	214
1531	863	390	214
1531	863	390	214
1531	863	390	214
1531	863	390	214
1531	863	390	214
1531	863	390	214
939	460	326	220
919	448	348	232
915	412	356	271
908	373	372	311
921	330	353	359
900	402	375	273
918	398	353	286
917	395	366	295
911	379	368	316
918	354	364	340
915	374	366	322
917	341	357	353
924	289	349	394
913	366	366	324
916	403	374	285
925	380	364	309
921	381	367	311
921	379	356	317
925	367	356	318
922	414	373	281
918	357	371	340
925	357	361	325
922	372	368	323
927	330	361	367
924	318	348	368
927	346	362	337
928	358	366	335
924	384	380	311
923	416	377	266
923	367	370	327
936	369	361	326
927	360	370	331
925	357	377	330
929	379	379	308
924	344	376	349
936	349	362	340
929	359	374	337
936	382	384	306
931	367	393	320
935	414	388	279
929	366	391	325
936	362	384	329
931	378	391	307
933	409	389	283
934	382	400	314
940	317	409	373
942	268	354	418
946	328	377	382
927	351	402	338
925	352	411	341
927	363	401	335
932	347	399	347
930	345	410	345
929	352	392	342
930	323	405	373
937	275	372	418
925	346	423	357
923	337	395	362
942	340	396	370
940	351	400	348
935	368	420	329
934	365	411	327
931	389	408	312
947	336	379	359
942	358	417	342
948	371	402	324
940	376	409	319
948	385	394	304
948	375	403	321
948	366	404	337
949	404	423	302
955	413	423	287
945	430	440	266
952	444	426	252
941	442	425	247
958	430	432	273
949	418	424	288
954	365	403	327
954	412	420	293
960	377	424	337
982	422	408	295
998	452	395	263
975	448	396	262
971	428	419	292
968	444	431	266
959	461	424	251
972	447	410	279
968	443	413	285
972	453	416	268
964	444	424	263
974	454	434	267
974	446	419	296
975	450	429	282
965	440	445	318
977	443	439	295
972	438	448	328
973	440	450	286
970	434	435	293
972	423	440	310
980	421	439	337
979	452	449	285
977	457	453	264
974	450	443	259
971	465	446	235
978	465	416	230
992	451	429	253
984	473	436	224
992	465	421	237
985	473	424	228
994	466	414	235
992	483	419	219
994	481	423	220
991	491	427	206
999	485	414	224
998	491	429	247
1005	457	423	270
1015	482	418	252
997	474	430	265
995	467	435	292
1053	479	382	268
1057	466	387	300
1117	478	312	293
1056	480	366	272
1053	475	386	297
1067	468	384	305
995	493	438	268
990	471	451	287
985	487	464	284
1008	503	442	269
1006	476	456	315
1028	495	444	297
1084	490	380	298
1107	487	338	305
1011	410	401	294
1001	443	438	277
1011	451	429	280
985	468	459	281
994	487	459	277
981	487	477	280
991	492	475	284
979	494	492	280
978	478	503	294
967	475	502	314
980	489	500	296
986	499	488	285
998	493	486	293
1064	508	418	282
1135	511	342	272
1077	506	399	283
1067	496	422	295
1051	500	432	284
1056	553	439	232
1094	538	390	246
1129	519	350	276
1148	518	331	276
1038	437	393	284
1006	438	449	279
1015	506	485	294
995	476	504	325
1014	502	495	309
1067	528	455	280
1039	523	485	289
1033	513	471	298
1043	507	460	305
1077	540	440	263
1069	552	449	249
1075	533	437	278
1064	521	445	293
1093	513	419	298
1148	511	373	307
1189	514	301	294
1177	518	293	300
1216	515	268	303
1259	519	228	285
1227	520	252	300
1260	509	225	317
1251	511	237	308
1269	514	215	312
1302	522	185	302
1223	543	231	287
1225	528	263	292
1269	510	225	325
1283	520	213	307
1214	530	287	287
1249	514	248	325
1231	514	281	315
1268	513	236	320
1257	520	243	320
1245	514	270	316
1251	523	264	309
1293	515	213	318
1304	535	196	298
1321	517	177	321
1342	523	148	336
1351	513	145	345
1288	522	176	321
1329	517	182	323
1335	513	168	339
1362	522	129	342
1334	515	177	326
1345	523	172	323
1316	526	199	316
1326	534	200	305
1319	522	206	322
1302	516	240	330
1295	527	263	319
1302	525	257	324
1297	537	262	307
1306	535	243	320
1307	536	236	309
1313	539	224	308
1324	537	207	315
1367	538	165	322
1371	534	147	329
1382	533	138	329
1372	541	149	317
1363	539	159	321
1370	532	158	334
1354	527	181	326
1373	522	152	349
1372	523	152	345
1370	524	145	344
1363	510	151	358
1361	517	159	355
1341	521	180	336
1370	522	152	336
1352	516	169	345
1364	521	159	343
1368	517	145	345
1365	516	151	348
1365	511	153	357
1354	515	164	346
1361	511	154	357
1359	506	154	356
1352	500	169	363
1361	521	168	337
1362	506	150	362
1359	511	164	351
1358	507	157	359
1360	509	157	351
1361	515	155	347
1350	519	164	335
1367	517	151	338
1355	518	164	338
1364	512	149	341
1366	520	156	331
1365	524	154	329
1363	518	148	337
1372	521	143	338
1347	513	175	338
1356	526	162	329
1359	525	172	325
1372	518	149	342
1373	524	140	336
1364	512	160	344
1362	517	160	341
1364	520	158	340
1353	518	172	339
1363	523	159	329
1353	526	176	328
1358	523	167	334
1383	521	140	354
1368	521	158	337
1356	518	186	331
1373	521	171	330
1387	514	132	353
1372	527	168	331
1378	516	153	341
1377	521	156	338
1371	521	167	337
1367	515	172	334
1382	528	148	333
1392	533	136	329
1379	513	153	351
1397	511	133	358
1386	522	153	335
1360	509	185	344
1363	520	186	337
1370	516	188	338
1377	517	176	341
1372	511	191	350
1363	519	214	340
1347	521	252	337
1327	511	278	343
1330	525	251	341
1352	526	228	332
1397	527	166	339
1400	523	155	357
1403	526	154	347
1393	518	164	354
1394	521	166	352
1413	522	141	346
1393	521	171	345
1382	519	181	351
1369	521	204	341
1344	541	259	311
1373	527	204	339
1378	518	187	348
1414	527	138	348
1400	515	160	351
1403	516	149	357
1383	517	189	346
1393	510	168	360
1394	511	161	363
1390	513	168	357
1381	514	182	353
1402	506	152	371
1398	513	152	364
1416	525	134	343
1398	510	160	361
1384	507	178	357
1394	507	168	365
1398	510	164	361
1415	511	129	371
1402	520	152	350
1407	518	140	351
1405	512	157	352
1404	518	148	348
1400	519	155	347
1391	512	176	356
1392	518	162	349
1428	530	117	348
1418	514	135	348
1404	513	153	353
1391	520	170	349
1416	518	134	369
1410	513	144	362
1404	516	156	364
1402	517	161	366
1397	519	168	347
1398	520	173	348
1413	519	140	348
1408	521	157	344
1408	519	157	357
1407	519	160	358
1408	517	163	346
1414	519	147	348
1415	515	144	360
1412	515	145	364
1419	524	147	353
1415	522	143	347
1412	523	157	352
1405	516	167	353
1406	516	169	361
1404	519	165	356
1396	525	190	342
1379	521	213	347
1360	530	234	339
1381	532	218	334
1355	524	251	344
1385	525	228	382
1375	531	214	381
1391	535	202	360
1374	525	230	354
1338	544	280	342
1315	542	321	341
1319	534	311	356
1314	538	317	367
1312	536	322	378
1303	527	323	388
1300	532	316	386
1307	524	295	374
1303	535	298	359
1297	531	311	363
1292	542	306	368
1296	539	285	371
1274	543	308	370
1235	544	314	345
1228	542	313	354
1220	550	325	361
1216	539	301	352
1193	538	344	382
1170	527	311	369
1165	536	312	384
1146	531	296	375
1144	526	270	346
1113	529	310	369
1098	526	284	371
1090	549	302	369
1052	546	315	372
1053	549	308	366
1019	552	304	343
1014	539	263	369
1009	546	289	351
989	553	312	369
955	544	306	355
965	537	261	340
948	536	288	368
935	536	304	364
933	527	260	367
937	539	255	364
927	536	265	357
924	532	261	376
936	538	257	368
923	530	311	371
916	548	320	339
915	541	343	339
923	526	335	365
931	547	333	323
939	549	327	348
937	526	332	363
946	528	341	356
947	545	336	343
952	528	305	357
946	530	306	350
954	526	339	386
976	519	291	374
980	529	311	349
987	538	316	360
982	521	308	362
1007	532	340	375
1009	530	347	378
1015	530	348	378
1013	542	347	355
999	539	363	353
1011	537	325	339
1009	532	319	336
993	562	345	331
994	542	340	346
986	537	353	338
989	547	356	352
997	540	338	354
988	557	356	330
982	531	359	372
974	542	363	359
933	551	404	346
938	522	393	381
937	519	374	382
995	533	315	335
1006	547	283	319
1009	539	276	338
1016	532	254	318
1008	527	260	334
997	543	286	308
998	529	298	349
1002	535	283	346
997	536	276	339
1005	534	254	330
983	539	264	322
978	538	258	326
969	537	272	322
964	541	277	330
970	533	255	334
962	531	260	337
959	532	254	322
955	533	249	328
943	537	249	316
950	528	241	328
947	527	245	319
935	527	249	328
947	523	236	315
945	524	240	317
935	524	261	321
950	525	232	329
959	524	212	328
946	529	230	318
958	524	214	323
963	529	212	311
945	529	231	316
939	536	240	309
952	531	226	319
933	531	247	318
958	523	218	337
934	526	249	331
944	531	229	323
934	541	245	303
940	533	242	324
942	543	239	294
932	538	247	318
928	538	291	334
924	541	291	324
928	542	276	300
944	542	244	310
941	542	237	308
930	537	244	300
931	532	233	308
917	533	251	319
929	534	242	321
921	536	245	318
914	539	248	299
929	540	274	322
930	539	273	329
916	536	303	324
925	528	257	340
922	528	258	338
915	529	249	327
907	529	247	323
907	526	260	340
899	530	285	348
898	534	292	341
907	540	290	338
909	539	290	328
914	542	244	302
914	533	223	317
909	540	222	296
900	542	227	286
908	546	216	304
907	542	250	308
911	541	227	325
906	546	255	321
903	538	246	308
897	544	242	321
890	539	251	316
908	538	249	310
898	533	260	326
913	534	285	354
926	532	227	292
921	538	248	328
919	538	261	314
935	532	242	313
938	534	233	327
950	540	242	311
953	538	237	320
969	537	247	335
1001	534	216	329
984	542	236	320
996	535	233	330
1007	531	239	332
1041	527	197	341
1047	544	195	309
1019	552	238	291
1033	545	232	311
1025	543	259	320
1052	530	225	339
1044	533	236	332
1036	538	232	297
1036	540	254	315
1051	541	233	319
1042	542	240	312
1047	539	250	327
1044	532	264	342
1048	530	287	373
1040	532	287	354
1035	534	298	340
1027	530	289	331
1049	537	260	329
1046	539	243	313
1035	536	252	327
1051	536	228	335
1051	535	230	332
1046	539	234	324
1041	543	280	333
1040	540	267	328
1037	538	250	316
1044	537	242	328
1034	537	242	330
1058	539	222	325
1045	548	243	309
1051	546	234	318
1045	548	239	321
1047	544	235	327
1043	543	240	322
1086	541	198	332
1050	552	243	312
1045	544	256	328
1040	551	262	304
1065	544	233	319
1044	550	253	323
1041	545	248	317
1051	552	258	319
1039	547	260	322
1048	549	274	335
1049	548	267	328
1046	551	250	336
1079	549	233	329
1067	550	240	329
1048	555	270	330
1047	565	267	309
1051	560	262	321
1050	558	259	327
1047	558	286	333
1044	558	290	339
1036	557	281	335
1060	558	264	333
1051	556	280	329
1063	565	262	313
1043	573	299	323
1053	572	295	320
1054	573	287	316
1054	567	277	322
1066	566	287	320
1064	570	262	336
1064	561	266	339
1060	562	276	353
1062	563	276	338
1061	562	317	356
1066	584	284	323
1064	576	286	323
1060	571	285	343
1084	572	277	333
1074	581	281	338
1059	582	293	343
1061	578	296	336
1045	600	310	312
1033	596	327	319
1070	595	286	332
1067	590	288	341
1060	588	304	344
1069	595	298	331
1059	592	311	341
1066	590	300	354
1061	605	319	341
1084	604	302	343
1078	607	309	336
1084	605	307	337
1088	606	300	334
1079	602	319	358
1067	608	323	346
1077	608	313	356
1094	614	301	356
1088	604	306	366
1073	605	325	366
1076	615	352	388
1085	600	364	472
1107	601	325	463
1088	622	387	445
1093	621	412	449
1097	597	436	462
1099	612	417	461
1095	589	434	473
1105	619	406	449
1103	622	426	433
1105	612	408	440
1091	628	466	441
1114	652	461	411
1088	644	429	412
1101	651	422	397
1107	630	392	418
1112	615	387	431
1104	635	383	405
1101	627	382	431
1134	630	353	393
1132	638	380	412
1128	627	381	413
1132	631	369	400
1127	614	372	437
1109	625	394	426
1098	613	417	454
1111	634	401	420
1126	624	379	416
1160	635	333	385
1184	626	310	431
1169	642	346	410
1130	647	409	413
1126	633	400	404
1130	646	412	409
1116	630	436	419
1136	643	408	408
1127	647	414	403
1163	653	363	391
1134	638	404	420
1148	638	376	415
1132	642	399	413
1147	639	373	404
1140	646	381	409
1142	654	380	390
1163	658	375	395
1146	655	402	403
1151	656	392	393
1174	658	373	385
1157	643	401	418
1149	649	431	417
1158	652	412	402
1168	664	401	387
1212	678	358	371
1268	704	297	334
1250	713	348	349
1213	681	345	375
1225	672	339	384
1225	692	368	380
1239	699	363	360
1247	682	352	375
1248	696	380	379
1269	702	344	362
1239	712	377	367
1277	738	339	339
1305	706	317	351
1236	729	358	345
1241	721	351	349
1249	720	355	357
1232	717	386	355
1232	689	373	375
1248	727	370	357
1253	742	385	343
1263	737	385	346
1272	779	388	307
1310	776	337	290
1249	787	397	283
1271	797	354	285
1257	773	365	303
1258	757	355	329
1253	751	368	331
1248	737	355	346
1267	740	330	338
1292	727	271	355
1326	739	219	352
1331	746	219	341
1340	747	208	341
1328	755	225	333
1320	749	230	342
1315	743	234	346
1327	750	225	339
1312	745	237	341
1318	757	237	327
1327	738	219	343
1305	763	245	319
1306	761	238	324
1312	765	235	318
1325	770	224	312
1310	766	233	313
1303	785	239	284
1300	771	242	307
1309	787	235	295
1312	778	220	291
1314	791	232	287
1294	788	241	262
1287	790	245	259
1295	800	246	271
1300	798	231	280
1296	799	238	264
1291	804	239	263
1277	808	261	253
1278	810	257	249
1287	814	240	251
1291	818	246	255
1289	815	247	253
1291	823	249	247
1279	827	257	246
1279	833	263	235
1287	819	253	251
1299	842	249	238
1293	835	251	238
1288	845	264	232
1297	861	260	212
1303	873	266	195
1298	870	265	201
1298	886	267	184
1300	895	270	179
1284	894	291	175
1282	896	300	183
1302	907	286	173
1304	908	281	177
1294	911	296	174
1347	921	340	160
1259	918	346	164
1322	936	292	145
1363	938	267	143
1424	963	256	112
1388	967	257	108
1438	980	287	95
1300	933	276	146
1323	923	267	153
1314	929	288	144
1318	932	295	141
1335	941	269	132
1350	943	256	134
1303	949	312	124
1309	961	322	114
1329	970	289	104
1295	974	309	103
1318	981	299	97
1334	987	291	89
1350	995	282	79
1350	995	282	79
1350	995	282	79
1209	960	307	108
1188	949	312	124
1181	948	284	124
1182	913	280	162
1164	904	291	172
1220	964	283	119
1201	971	290	108
1168	967	297	106
1201	967	263	111
1187	948	270	129
1218	927	237	151
1172	914	285	163
1192	930	263	150
1198	940	261	136
1166	974	290	101
1159	965	309	111
1166	955	311	117
1158	935	317	140
1155	955	331	119
1154	947	317	127
1008	943	269	130
1170	941	296	137
1170	941	296	137
1157	947	322	131
1157	947	322	131
1157	947	322	131
1157	947	322	131
1157	947	322	131
1157	947	322	131
1157	947	322	131
1157	947	322	131
1157	947	322	131
1157	947	322	131
1157	947	322	131
1157	947	322	131
1157	947	322	131
1157	947	322	131
1157	947	322	131
1157	947	322	131
1157	947	322	131
1157	947	322	131
1157	947	322	131
1157	947	322	131
1157	947	322	131
1157	947	322	131
1157	947	322	131
1157	947	322	131
1157	947	322	131
1157	947	322	131
1157	947	322	131
1157	947	322	131
1157	947	322	131
1157	947	322	131
1157	947	322	131
1157	947	322	131
1157	947	322	131
1157	947	322	131
1157	947	322	131
1157	947	322	131
1157	947	322	131
1157	947	322	131
1157	947	322	131
1157	947	322	131
1157	947	322	131
1157	947	322	131
1157	947	322	131
1157	947	322	131
1157	947	322	131
1157	947	322	131
1157	947	322	131
925	507	314	164
927	436	255	177
954	410	229	207
958	477	235	189
982	458	200	208
966	455	214	166
1022	412	169	199
1017	404	156	217
1028	402	148	220
1019	424	155	225
1024	398	152	226
1009	427	174	247
994	403	189	221
997	437	203	232
1002	403	194	228
1025	394	175	247
1001	401	194	233
1030	421	171	279
1041	394	160	314
1022	390	162	248
1016	439	183	203
1024	404	176	231
1014	392	188	252
1028	393	177	248
1028	393	171	247
1034	367	177	269
1032	378	185	265
1033	392	193	244
1030	375	181	265
1004	404	208	242
1010	382	202	274
1031	371	191	278
1024	390	176	262
1025	378	198	268
1030	404	195	248
1017	393	208	270
1006	387	211	279
1009	425	215	231
1009	409	225	258
1039	389	195	270
1017	427	216	240
1014	386	218	277
1033	390	202	276
1007	400	232	264
1054	383	191	283
1021	438	236	230
1041	409	208	262
1031	383	215	297
1035	390	201	282
1042	413	222	259
1042	410	215	268
1017	406	242	281
1020	420	234	266
1025	430	238	265
1028	437	235	251
1033	441	234	244
1024	440	244	250
1011	442	257	251
999	458	281	235
963	481	321	208
1029	436	267	259
1031	443	248	257
1014	458	261	242
1017	453	267	252
986	483	310	229
1006	453	294	257
996	465	296	252
970	470	329	239
990	473	301	247
1000	467	292	254
989	481	308	240
977	481	319	244
1027	482	293	238
1021	480	281	254
1075	479	268	253
1044	480	289	258
1053	482	267	255
1047	484	263	252
1056	485	274	259
1064	481	268	266
1064	487	256	257
1072	471	244	275
1072	482	254	273
1075	477	244	272
1076	481	247	275
1074	478	244	271
1067	469	251	288
1091	473	236	289
1093	469	228	292
1092	473	230	293
1076	469	260	298
1090	479	253	292
1073	469	278	302
1054	479	287	291
1060	495	280	280
1068	488	257	286
1029	490	299	280
1004	497	318	273
967	490	352	275
939	493	384	274
954	499	357	260
920	497	390	271
917	499	389	257
907	491	398	275
924	491	360	271
900	488	386	272
908	483	368	272
895	475	388	282
879	484	386	275
878	487	376	266
867	487	389	269
852	487	402	268
867	494	366	261
847	487	390	266
845	494	389	262
843	484	394	266
848	484	395	282
845	483	412	268
850	492	381	260
848	485	394	274
858	482	380	268
847	483	398	275
840	487	392	266
846	491	391	256
844	486	403	268
843	484	380	275
848	493	398	259
849	484	403	271
858	479	377	279
848	483	373	277
854	482	383	269
850	485	382	277
861	474	373	274
854	486	375	276
838	474	402	277
841	482	391	272
835	487	406	265
831	488	400	262
843	488	403	261
828	487	393	262
831	496	398	265
844	492	393	255
830	491	404	272
824	488	426	271
821	490	408	264
841	494	381	259
831	482	396	275
815	486	423	274
828	492	399	263
824	488	399	264
825	495	393	261
803	487	407	276
815	498	402	261
838	482	388	267
820	492	381	266
815	484	390	276
819	493	402	260
807	489	406	267
805	492	425	261
812	495	388	260
815	482	403	267
820	485	365	276
864	474	330	280
880	488	305	276
873	485	303	274
859	498	320	261
835	492	345	276
806	477	382	284
794	488	383	267
813	477	402	282
792	488	404	269
777	477	383	276
794	485	387	281
782	479	412	280
790	481	378	273
825	485	360	280
809	478	376	290
804	486	360	280
819	483	327	282
840	479	310	286
803	491	357	276
841	483	326	284
828	486	322	282
850	489	296	286
835	495	325	274
802	488	348	282
807	490	331	270
820	488	324	281
820	488	320	282
818	483	364	290
830	486	311	287
829	490	316	276
806	488	337	286
823	485	345	295
813	485	368	295
809	490	332	279
801	483	337	285
775	485	362	293
784	480	396	292
747	493	411	286
715	487	428	277
700	492	431	277
769	472	448	301
733	476	460	285
717	495	423	281
707	485	441	283
707	493	437	284
714	462	496	302
726	473	492	287
718	479	501	283
730	486	480	285
734	488	462	274
717	501	417	238
791	481	441	289
749	490	468	289
711	485	512	291
708	496	525	269
726	493	489	270
728	496	463	273
738	499	456	276
749	475	486	249
737	472	509	269
758	481	484	276
746	485	509	310
732	489	509	259
737	505	460	278
751	479	528	298
744	485	525	289
746	493	523	292
752	491	508	286
736	487	537	290
731	495	563	294
743	501	521	272
739	481	471	311
745	501	525	279
740	498	541	277
736	502	548	295
731	495	547	280
719	481	586	315
747	482	540	309
748	486	547	310
765	489	519	288
754	499	524	312
728	463	570	328
744	474	552	307
729	486	583	317
717	500	594	292
745	497	562	290
730	504	598	300
739	492	563	304
715	496	615	330
740	492	598	315
737	496	628	309
746	492	609	320
745	501	595	302
753	504	540	281
750	507	478	322
751	483	512	309
745	503	498	318
757	489	490	334
733	500	512	326
724	459	536	371
739	495	609	333
719	497	652	322
722	500	634	317
722	503	591	320
737	487	569	332
743	492	565	341
733	496	586	330
737	491	580	331
733	483	557	350
750	484	575	354
745	499	543	343
723	484	597	357
726	496	638	337
720	501	636	324
741	493	625	335
741	505	585	339
718	488	624	363
750	502	601	350
747	476	564	370
752	497	580	363
746	482	546	377
738	491	591	376
752	487	604	373
723	500	619	368
751	477	622	380
729	497	615	362
752	504	589	358
720	503	632	369
746	475	619	387
745	487	615	385
753	498	598	360
739	500	641	398
752	502	629	383
715	488	694	417
738	504	673	372
735	501	657	377
754	497	652	412
738	482	663	406
732	488	691	403
749	496	674	404
729	500	697	398
736	498	704	414
733	505	710	420
725	497	721	405
756	525	727	395
718	509	758	406
705	519	752	410
744	508	709	418
734	505	726	409
719	511	757	424
735	505	751	439
737	533	755	401
712	537	778	400
689	537	806	397
729	541	781	400
676	583	823	367
730	510	793	463
718	530	807	444
688	510	867	491
691	516	857	489
718	484	820	538
739	524	825	482
727	525	826	478
685	592	890	434
741	510	809	500
726	467	880	575
738	517	858	512
728	387	869	615
744	259	863	751
748	482	838	531
708	477	900	560
781	311	844	673
736	579	876	454
700	614	944	425
650	631	1019	411
662	636	1014	416
744	682	944	363
675	655	992	401
706	673	1001	382
682	655	1004	397
655	697	1105	350
617	680	1116	377
604	701	1126	365
596	686	1176	360
576	709	1202	347
522	719	1255	334
494	685	1258	364
641	718	1167	346
592	706	1251	345
640	699	1197	356
635	743	1233	316
651	706	1206	360
683	752	1196	307
669	721	1191	332
686	759	1193	292
666	762	1219	293
688	750	1190	307
643	703	1277	362
638	741	1281	340
610	766	1337	302
645	803	1263	258
686	784	1228	283
691	783	1225	277
669	804	1253	255
762	794	1184	269
769	822	1149	238
787	811	1145	258
558	452	1083	394
890	812	1018	257
609	543	972	293
620	343	844	365
768	460	798	456
991	661	903	404
598	300	845	548
765	241	687	658
761	208	658	634
795	258	643	606
810	285	665	606
768	220	731	687
839	234	695	738
847	241	691	802
793	286	754	639
871	249	717	805
848	229	714	769
875	211	736	822
803	217	802	847
