1287	488	29	83
1284	490	32	75
1286	486	31	81
1284	488	35	77
1285	489	31	78
1286	494	33	71
1285	493	34	69
1285	492	31	69
1289	492	25	69
1289	491	25	69
1286	488	29	72
1286	486	30	74
1285	485	29	74
1288	489	27	71
1287	483	29	76
1288	487	28	73
1287	486	28	73
1286	489	27	69
1290	490	22	66
1286	491	29	64
1288	490	26	65
1290	491	24	63
1290	495	23	56
1289	496	23	60
1290	495	24	62
1291	494	22	63
1291	489	23	66
1289	490	24	70
1290	492	24	73
1289	489	24	73
1291	492	22	68
1287	489	28	72
1285	491	29	74
1286	493	29	69
1292	492	22	70
1292	490	21	71
1292	491	24	65
1292	494	25	63
1292	495	26	63
1292	494	27	63
1292	495	27	62
1293	494	22	61
1294	493	23	63
1293	494	26	63
1292	496	30	63
1293	496	26	64
1293	495	29	66
1293	495	28	70
1296	493	25	71
1296	493	25	72
1298	492	26	72
1300	493	21	69
1300	496	23	69
1300	495	26	70
1296	495	31	70
1300	493	29	67
1298	493	30	69
1298	493	29	66
1296	491	31	71
1297	494	27	70
1300	493	25	70
1299	496	26	68
1295	492	29	66
1293	492	25	69
1289	489	24	73
1277	494	33	68
1265	492	37	67
1258	496	32	67
1248	494	32	69
1243	494	25	69
1230	489	30	69
1221	493	29	66
1217	496	32	66
1210	490	31	67
1202	494	32	65
1201	489	33	71
1196	484	31	78
1196	493	27	68
1195	494	23	67
1196	491	22	66
1195	491	23	63
1194	491	24	67
1195	489	25	65
1193	489	28	67
1193	495	27	65
1194	492	27	66
1194	493	25	66
1196	492	22	65
1196	495	23	67
1195	493	23	65
1196	494	22	64
1196	493	22	66
1196	492	23	68
1196	491	24	71
1197	492	24	69
1197	491	23	68
1197	495	24	67
1198	492	24	68
1197	485	27	76
1197	490	29	73
1197	492	31	68
1197	490	32	72
1198	495	29	68
1199	493	29	65
1199	494	28	62
1200	493	31	65
1200	489	29	69
1200	489	31	70
1200	488	29	73
1200	486	32	74
1197	489	34	71
1198	487	31	73
1196	486	28	78
1191	485	30	77
1185	486	30	69
1179	485	26	69
1168	486	32	71
1163	486	30	72
1154	485	31	78
1142	483	34	77
1132	485	35	75
1121	490	33	69
1116	486	28	74
1106	483	31	73
1101	485	30	72
1096	484	27	72
1092	490	26	65
1086	480	31	69
1086	478	29	72
1084	478	30	72
1082	478	28	76
1084	476	26	79
1082	476	29	77
1079	480	27	72
1078	480	31	72
1080	477	26	74
1080	479	27	70
1080	479	27	68
1081	478	27	68
1081	475	27	74
1082	477	24	78
1082	478	23	75
1083	475	26	74
1084	476	24	73
1083	476	23	74
1082	475	25	70
1081	478	25	66
1081	477	27	72
1081	478	27	71
1082	478	24	69
1081	480	25	67
1081	477	28	68
1081	478	30	66
1081	476	30	69
1082	476	31	73
1084	467	24	81
1084	474	23	77
1085	471	23	78
1082	477	26	68
1082	478	26	67
1082	477	25	69
1081	477	25	67
1082	477	25	68
1075	473	27	72
1069	473	31	74
1065	475	30	70
1057	476	35	76
1053	477	32	76
1045	475	31	73
1035	476	35	67
1030	479	31	68
1022	478	30	68
1016	482	29	62
1004	476	34	71
998	477	30	68
990	477	24	66
984	475	25	66
977	477	30	68
973	475	29	72
965	480	27	67
963	478	25	72
959	473	28	75
958	475	27	76
956	476	25	77
953	475	27	84
955	477	23	86
953	478	25	82
955	481	22	81
955	481	22	80
953	480	24	76
953	481	25	75
953	481	26	79
952	481	26	75
954	481	24	78
955	480	23	82
955	478	22	80
954	478	25	79
955	477	25	78
955	477	24	80
956	479	26	76
955	476	24	75
956	480	24	73
955	479	23	74
956	479	22	74
955	478	25	79
955	477	24	77
954	478	24	73
955	477	26	76
954	476	27	73
955	478	28	75
954	475	25	75
953	478	25	69
955	478	23	66
956	479	22	66
956	474	22	67
955	476	24	69
956	478	23	63
954	477	24	65
956	476	22	69
956	475	23	73
955	471	24	78
957	476	22	71
957	475	25	76
955	474	26	77
957	476	24	71
957	476	25	70
955	476	28	72
957	477	24	72
952	475	29	69
957	477	26	70
956	478	25	67
953	477	32	66
957	476	28	74
957	477	31	69
958	478	28	70
957	477	26	74
958	476	26	77
959	474	25	75
957	476	26	76
959	476	24	73
959	476	24	72
957	474	25	79
958	473	24	78
958	475	24	73
958	475	25	74
958	476	25	69
957	479	26	67
958	480	29	66
956	479	34	68
958	477	26	78
958	474	28	78
958	477	30	77
957	477	31	69
957	478	29	73
958	476	28	78
958	477	26	74
958	474	28	73
959	471	28	78
958	476	26	74
958	475	25	74
955	478	28	71
954	476	28	71
954	478	25	66
953	477	26	70
950	480	29	65
952	479	26	67
951	478	26	68
949	477	29	68
949	478	31	69
950	478	27	70
949	478	29	75
947	474	32	75
946	471	29	80
948	474	30	82
948	478	27	81
943	477	33	79
944	476	32	80
946	478	28	83
943	481	29	79
942	482	29	79
944	480	28	79
943	478	29	82
943	475	27	88
942	478	25	82
941	483	26	78
941	484	24	78
941	484	23	78
939	486	24	76
939	485	26	71
938	484	23	74
936	484	24	70
937	484	23	75
936	484	26	76
940	478	22	83
941	477	24	84
943	477	26	83
945	478	26	86
948	477	29	82
951	479	28	83
948	477	29	75
951	479	27	78
954	477	26	84
954	477	27	84
953	481	28	80
952	481	30	81
950	482	31	80
950	491	26	70
949	492	25	68
949	493	25	67
947	490	25	72
946	491	27	71
943	489	28	73
944	490	25	70
943	488	25	74
943	491	22	72
940	489	25	75
939	490	25	71
937	487	25	74
936	483	25	78
935	486	25	78
932	483	26	81
931	480	26	82
931	479	29	80
931	477	27	83
930	478	30	84
929	476	30	87
926	479	30	82
924	484	32	80
927	483	21	79
926	482	25	78
924	485	27	79
924	489	23	73
923	483	22	77
920	480	25	79
919	484	25	75
917	483	26	69
918	482	25	68
919	484	25	66
918	487	26	68
918	487	28	65
919	486	27	68
923	485	26	71
925	480	26	73
929	478	25	75
939	478	24	80
945	484	30	72
949	475	30	80
955	481	25	76
959	479	29	78
959	479	29	78
965	476	30	74
967	479	30	81
972	478	27	81
974	479	26	79
972	477	29	79
973	481	26	73
972	484	28	72
972	485	27	70
968	486	32	67
972	484	23	70
972	483	24	67
971	483	27	74
969	485	29	74
967	481	31	75
971	484	31	72
968	483	31	76
970	481	25	80
973	479	27	83
972	480	27	82
973	481	27	76
972	480	28	77
969	482	28	73
969	483	28	76
969	482	27	80
967	480	29	81
966	477	27	80
963	485	31	76
960	479	29	78
958	476	31	78
957	480	28	83
957	476	27	82
954	476	29	84
951	476	26	77
950	476	28	75
947	472	31	75
946	477	27	71
943	476	28	70
942	475	27	75
941	472	26	82
939	476	29	81
940	475	27	84
940	474	28	79
941	473	29	80
944	474	27	77
944	474	28	79
947	476	28	77
946	479	28	84
949	480	26	79
947	477	28	74
947	480	28	72
946	480	29	75
946	478	27	71
943	486	31	68
943	480	28	67
942	481	27	68
941	479	29	73
941	479	27	68
940	480	27	73
940	477	28	77
941	480	27	74
942	480	27	73
945	478	27	76
949	480	26	82
950	483	29	74
952	482	29	78
955	480	29	72
955	481	32	76
959	480	29	72
963	486	28	73
962	479	30	73
964	478	28	75
963	479	28	73
959	480	32	72
961	482	27	72
960	487	26	66
961	486	24	66
957	483	26	67
958	480	24	67
957	474	24	76
956	475	24	82
956	476	23	73
955	473	25	75
954	472	26	80
958	472	27	76
963	476	27	76
972	477	23	74
979	473	24	77
987	479	30	74
997	477	31	72
1012	477	31	71
1027	477	30	75
1041	472	35	83
1058	481	27	82
1070	478	27	80
1079	477	29	76
1089	474	30	79
1092	472	34	78
1096	469	37	85
1101	473	29	85
1103	471	30	86
1104	470	31	82
1104	468	32	85
1102	462	37	96
1103	462	36	88
1103	464	35	90
1102	462	31	93
1099	466	34	86
1098	467	32	87
1094	468	34	88
1090	466	36	85
1089	467	36	88
1087	465	34	89
1084	467	36	83
1081	465	36	88
1079	464	35	93
1078	459	32	95
1073	465	38	93
1071	460	36	95
1069	463	33	91
1068	460	33	94
1066	461	36	97
1061	461	37	93
1060	465	37	86
1057	466	36	86
1055	462	39	95
1053	466	40	88
1048	466	41	93
1048	463	40	91
1039	468	45	95
1042	467	41	91
1041	464	41	94
1036	473	44	87
1037	472	41	83
1039	468	37	86
1037	468	39	87
1033	468	40	91
1032	465	38	92
1029	472	39	85
1028	470	39	85
1022	474	41	80
1023	472	38	79
1022	473	39	74
1020	473	40	73
1016	470	42	74
1018	465	39	76
1010	475	44	76
1012	470	40	82
1011	477	39	78
1012	477	41	74
1016	475	41	79
1019	476	39	76
1023	477	35	76
1024	476	38	82
1027	475	40	82
1029	480	37	79
1031	478	29	81
1034	479	32	84
1032	487	32	80
1033	487	32	74
1034	483	30	78
1033	485	29	76
1032	486	27	71
1030	484	29	74
1028	480	32	79
1027	476	30	81
1026	474	30	88
1024	476	31	82
1022	478	32	82
1019	485	33	77
1016	479	34	84
1017	475	29	92
1017	475	28	94
1013	474	31	88
1013	475	30	84
1014	477	30	81
1013	477	28	80
1008	475	33	84
1006	472	34	84
1013	477	28	81
1016	479	25	76
1019	479	26	81
1023	480	25	77
1024	480	31	82
1026	481	32	80
1031	483	32	75
1036	484	29	74
1030	481	38	78
1039	488	33	71
1045	483	27	76
1044	488	26	70
1046	483	25	75
1044	483	28	72
1040	483	28	74
1040	485	27	69
1039	484	29	71
1036	484	27	68
1035	481	28	71
1031	480	27	75
1033	479	25	77
1029	479	28	77
1027	485	29	69
1026	483	28	68
1025	479	29	78
1026	476	32	77
1030	478	30	76
1032	474	30	79
1040	475	29	79
1044	476	28	79
1054	472	30	80
1063	476	31	78
1071	478	32	81
1085	476	32	86
1093	480	31	74
1106	477	30	78
1116	480	28	79
1125	481	24	74
1129	476	28	77
1133	473	27	81
1137	474	26	78
1136	471	26	84
1137	471	28	84
1135	471	28	82
1135	472	26	77
1131	472	30	86
1130	472	27	83
1128	471	27	85
1127	472	26	77
1123	471	27	83
1122	471	27	79
1120	470	29	83
1120	473	28	77
1122	477	29	78
1124	474	27	79
1122	476	30	76
1123	478	29	76
1123	478	29	78
1123	476	30	84
1123	476	30	88
1122	477	30	86
1122	476	28	79
1120	477	26	86
1118	478	26	88
1117	475	28	83
1115	475	29	82
1113	477	27	81
1110	473	30	86
1108	476	29	84
1106	470	28	87
1104	480	31	85
1106	478	30	88
1111	478	26	82
1113	480	29	76
1117	479	31	79
1129	475	28	84
1135	477	28	81
1145	479	33	75
1164	484	26	76
1179	482	25	81
1195	479	26	81
1210	477	23	82
1214	474	31	80
1225	479	33	78
1233	480	31	76
1241	480	27	76
1245	482	31	77
1246	479	31	74
1247	482	29	75
1245	480	31	75
1242	480	34	77
1245	477	31	81
1243	477	32	87
1243	476	29	85
1242	478	31	78
1240	477	30	82
1237	480	34	85
1239	480	30	85
1240	479	27	85
1244	478	29	85
1245	480	28	81
1246	481	31	81
1248	483	29	81
1249	481	31	83
1251	478	28	82
1252	479	30	77
1250	479	31	77
1245	480	33	77
1244	480	33	86
1240	479	36	83
1239	481	35	79
1237	479	31	80
1231	479	33	81
1230	480	31	77
1227	480	29	79
1223	478	29	76
1217	478	30	85
1214	479	32	82
1211	478	29	85
1207	479	27	81
1202	480	30	82
1199	481	30	81
1195	482	28	76
1192	481	28	74
1189	479	27	78
1186	478	27	82
1182	477	27	80
1180	475	24	81
1173	476	26	82
1168	477	30	86
1162	477	36	85
1157	478	33	83
1152	481	35	79
1150	484	33	76
1146	480	33	77
1142	486	32	75
1136	485	35	74
1134	488	34	75
1131	488	31	75
1127	486	31	78
1122	488	31	76
1116	487	31	82
1115	487	28	81
1112	489	29	75
1108	491	28	78
1105	493	28	75
1102	493	27	76
1099	491	27	79
1095	490	28	84
1094	490	28	83
1094	490	26	85
1092	488	27	86
1087	489	31	84
1087	486	34	84
1089	489	29	73
1089	486	29	78
1088	486	29	77
1088	485	30	75
1087	485	30	81
1088	484	29	80
1087	485	31	87
1089	484	29	80
1090	482	28	81
1091	483	28	82
1093	483	26	78
1087	485	32	79
1088	484	31	79
1089	482	31	81
1090	484	31	77
1089	485	31	74
1091	486	31	73
1092	485	31	75
1093	485	33	74
1098	486	33	74
1101	487	36	75
1108	486	34	75
1116	486	34	73
1129	489	29	73
1134	485	33	81
1147	484	28	80
1154	482	29	78
1164	483	26	74
1168	484	26	73
1170	492	30	73
1174	491	30	70
1179	493	28	68
1180	485	29	74
1181	485	31	75
1183	485	29	77
1183	487	30	76
1183	485	32	78
1185	488	30	77
1184	487	30	75
1183	489	31	74
1182	492	32	80
1181	489	30	76
1181	489	31	75
1178	486	33	75
1178	488	31	73
1178	488	32	74
1175	488	34	70
1174	490	32	68
1176	490	29	77
1167	489	35	76
1170	488	32	72
1166	486	34	79
1169	487	30	78
1166	489	31	74
1164	487	31	77
1164	488	28	74
1163	488	27	74
1162	490	28	75
1160	489	26	76
1159	488	24	76
1153	488	26	77
1151	487	25	78
1149	489	25	78
1148	488	23	71
1146	488	24	73
1142	488	25	79
1137	490	30	74
1135	485	28	82
1133	482	26	84
1131	484	28	83
1125	480	29	85
1122	480	30	84
1118	484	33	80
1116	486	32	80
1110	484	36	79
1105	486	38	78
1104	486	35	81
1104	486	32	78
1096	489	38	75
1096	488	34	77
1094	487	33	79
1091	488	30	77
1086	486	33	83
1082	488	32	81
1080	489	30	85
1077	489	27	82
1073	489	26	79
1070	492	25	74
1067	490	27	78
1065	493	25	76
1062	494	27	81
1059	497	28	80
1060	492	26	83
1055	492	28	79
1053	490	28	80
1052	491	28	80
1052	491	27	83
1052	491	27	84
1051	490	28	82
1050	492	26	84
1052	491	25	80
1052	487	26	86
1052	493	27	84
1054	492	26	74
1058	490	26	75
1061	491	27	76
1066	495	27	75
1071	492	32	73
1079	494	31	74
1089	495	32	71
1103	496	32	76
1113	495	32	72
1133	496	29	79
1149	493	29	72
1162	494	29	74
1179	494	29	75
1198	495	26	72
1213	495	29	71
1235	500	28	66
1252	506	25	66
1275	509	24	67
1296	503	24	75
1310	507	24	70
1330	509	28	69
1345	506	32	79
1365	509	34	72
1389	513	31	68
1403	507	34	79
1423	508	32	74
1437	515	32	70
1450	517	30	67
1460	515	30	70
1467	517	31	70
1471	520	33	69
1473	522	33	68
1478	517	35	76
1479	520	37	79
1475	521	40	70
1480	520	37	70
1481	525	35	61
1478	524	38	63
1479	521	38	66
1479	525	36	62
1479	521	36	70
1480	526	34	62
1479	528	33	57
1478	527	34	60
1480	520	30	67
1479	520	30	73
1479	519	28	71
1477	516	31	77
1477	514	29	85
1476	514	31	82
1475	516	30	81
1473	517	31	79
1471	516	33	84
1469	515	33	87
1471	514	29	88
1470	519	27	80
1470	519	29	79
1467	518	30	90
1464	517	31	90
1462	517	35	88
1462	518	32	89
1463	516	31	94
1459	520	33	84
1460	517	33	94
1456	519	37	88
1451	521	40	84
1453	520	39	86
1452	521	39	83
1445	522	45	84
1444	524	48	88
1446	525	44	81
1449	525	38	76
1450	524	39	77
1446	525	40	80
1446	527	41	81
1451	527	36	77
1448	527	38	80
1451	528	36	80
1448	529	42	80
1449	529	38	77
1449	530	41	79
1451	531	39	80
1452	531	39	82
1452	532	40	78
1452	534	40	80
1453	534	40	78
1454	532	41	82
1456	535	40	79
1458	535	42	82
1458	533	42	85
1461	533	43	86
1463	535	42	88
1463	532	45	93
1463	533	47	89
1463	537	50	84
1469	537	43	85
1471	544	43	84
1473	542	44	88
1477	540	40	96
1485	537	34	107
1487	536	37	105
1489	537	34	108
1493	531	33	101
1493	534	36	97
1497	535	35	98
1499	537	34	93
1504	541	32	88
1507	541	33	88
1508	543	34	90
1509	543	35	90
1512	542	36	97
1514	543	37	97
1517	545	37	92
1515	549	41	92
1517	552	40	92
1521	554	40	92
1522	553	41	95
1521	561	44	88
1524	560	44	91
1525	564	45	93
1528	560	45	98
1526	563	48	96
1522	566	52	103
1530	569	45	89
1533	569	45	89
1532	570	50	93
1536	568	48	100
1533	572	48	90
1533	570	52	98
1536	572	49	99
1539	572	47	104
1543	570	44	109
1547	575	40	108
1548	574	39	112
1553	579	37	104
1555	579	34	102
1557	589	35	102
1560	587	30	110
1561	587	31	111
1561	583	35	106
1562	588	33	103
1562	589	34	104
1564	591	33	105
1559	593	41	102
1561	597	39	105
1560	599	37	112
1558	598	43	115
1558	596	46	104
1557	598	46	110
1559	600	42	107
1558	595	44	110
1559	596	40	105
1558	595	41	104
1558	596	43	109
1554	589	44	105
1553	587	45	110
1550	589	47	109
1552	589	44	103
1551	588	44	106
1550	591	49	111
1549	590	45	108
1549	590	42	100
1549	594	39	103
1549	592	39	95
1550	590	35	89
1545	588	37	97
1543	588	37	104
1541	590	40	92
1543	586	37	87
1540	585	40	93
1541	587	37	96
1542	585	35	95
1540	583	37	94
1539	586	37	91
1537	583	36	95
1537	583	35	91
1537	579	34	98
1535	580	39	99
1534	583	38	98
1535	579	36	103
1532	579	37	100
1533	578	39	106
1534	579	36	102
1531	580	39	109
1532	582	39	105
1532	582	38	106
1531	584	39	104
1532	587	40	102
1530	589	41	96
1529	584	43	103
1528	584	42	103
1530	589	40	99
1530	589	39	99
1531	587	37	101
1530	589	38	99
1532	587	35	96
1530	586	36	100
1531	591	33	99
1528	588	35	101
1528	590	34	94
1529	586	34	91
1528	588	31	100
1528	588	33	103
1526	588	35	104
1522	587	37	118
1519	585	40	121
1521	580	37	125
1520	590	36	117
1517	587	38	106
1518	591	34	104
1515	593	39	98
1514	597	39	91
1511	598	40	100
1508	599	38	100
1512	600	33	89
1513	597	32	88
1511	597	29	84
1511	601	29	75
1510	599	30	74
1512	600	32	67
1515	601	29	70
1514	600	29	65
1518	603	28	66
1518	603	28	66
1522	602	25	59
1524	601	25	68
1521	603	28	61
1520	605	22	61
1518	608	22	59
1518	606	21	61
1518	606	21	61
1518	606	21	61
1518	606	21	61
1518	606	21	61
1518	606	21	61
1518	606	21	61
1518	606	21	61
1499	609	25	60
1497	616	24	56
1497	606	23	55
1491	611	28	62
1490	610	30	69
1488	611	32	65
1487	610	38	69
1492	608	38	72
1499	608	38	73
1501	607	42	82
1509	607	39	87
1511	613	44	93
1518	617	40	106
1526	610	38	113
1528	617	37	107
1529	621	37	98
1532	619	39	92
1533	617	38	96
1533	616	37	93
1533	622	36	85
1529	618	36	96
1532	621	31	93
1525	619	38	103
1515	624	43	95
1519	620	39	103
1511	609	44	105
1514	611	37	106
1512	610	40	114
1510	610	41	114
1514	609	37	117
1508	615	43	112
1509	606	46	120
1511	609	48	118
1524	599	43	119
1538	605	33	110
1544	609	31	105
1545	616	33	106
1548	618	39	106
1549	621	43	100
1551	621	41	109
1552	623	40	120
1552	628	40	112
1541	630	50	112
1548	629	44	105
1543	627	47	109
1541	627	48	111
1543	626	46	112
1541	629	43	103
1540	626	42	104
1537	626	41	110
1540	626	36	110
1539	626	36	102
1536	628	37	97
1535	625	41	103
1536	626	40	106
1537	626	42	106
1544	628	39	110
1547	630	40	109
1551	630	42	111
1556	630	41	117
1559	632	39	109
1558	632	44	112
1561	637	44	112
1560	636	45	111
1561	634	42	118
1556	635	48	112
1555	630	51	117
1554	630	49	126
1550	631	53	118
1551	631	49	111
1553	631	45	106
1545	629	49	109
1543	628	50	113
1540	625	51	110
1541	625	53	108
1538	628	49	109
1536	624	52	111
1535	622	51	114
1537	625	49	106
1539	627	45	107
1538	616	46	119
1535	620	48	116
1537	618	46	119
1535	618	48	124
1536	619	45	121
1535	621	45	123
1535	618	42	123
1536	620	45	119
1534	621	46	113
1533	624	45	115
1533	620	44	122
1532	621	46	126
1534	624	43	110
1534	622	42	112
1535	618	41	114
1537	611	39	122
1533	612	42	122
1538	614	38	118
1535	615	39	118
1530	616	45	114
1530	615	42	113
1531	612	43	114
1528	612	46	123
1528	614	45	124
1527	614	49	118
1529	613	43	120
1530	614	40	117
1528	615	41	114
1528	617	43	115
1528	615	41	122
1529	613	39	116
1529	614	38	120
1527	614	38	115
1530	610	36	115
1528	612	36	109
1523	616	41	97
1523	614	39	104
1522	615	37	104
1521	614	41	108
1520	612	42	113
1516	615	44	117
1516	617	44	109
1515	614	44	111
1515	615	46	114
1514	613	43	112
1513	615	44	109
1512	618	45	106
1511	607	48	109
1512	610	47	107
1509	605	52	118
1511	607	48	115
1511	608	50	112
1514	607	44	117
1514	605	48	117
1512	607	46	116
1512	610	45	109
1511	609	45	111
1513	607	44	111
1511	610	45	113
1511	610	47	111
1512	609	44	118
1511	608	46	118
1513	604	46	117
1516	604	45	114
1517	604	43	111
1517	603	44	113
1517	603	43	115
1520	605	41	106
1520	605	43	110
1524	602	41	114
1523	599	43	120
1522	602	42	119
1524	603	40	113
1524	596	44	126
1526	603	40	113
1525	602	40	117
1525	603	40	118
1525	604	40	112
1527	607	38	113
1526	607	41	109
1526	609	42	108
1528	610	37	116
1528	609	38	116
1526	606	40	122
1526	602	43	118
1527	605	41	127
1526	608	42	111
1528	608	41	110
1528	601	45	115
1530	600	42	121
1529	602	44	114
1530	600	43	119
1529	601	45	120
1530	603	45	115
1529	600	46	120
1529	603	47	115
1530	603	45	120
1529	600	48	117
1523	603	55	114
