1524	592	49	128
1523	595	52	120
1525	598	50	115
1523	600	49	112
1527	598	43	120
1522	602	50	116
1526	596	46	119
1525	597	47	120
1524	598	46	118
1524	596	45	121
1521	597	49	121
1521	595	45	121
1522	594	45	122
1523	590	41	125
1525	592	38	121
1523	592	40	118
1523	600	37	111
1521	602	41	110
1523	599	36	107
1523	596	38	111
1517	596	43	113
1516	597	45	110
1513	592	47	122
1515	591	46	122
1516	592	44	117
1515	592	46	117
1513	592	46	116
1513	594	49	117
1509	595	54	115
1512	597	50	114
1513	591	48	120
1514	595	50	115
1515	594	45	118
1518	590	43	122
1518	593	42	114
1520	593	40	117
1521	596	38	116
1521	596	41	118
1516	598	46	114
1516	600	47	112
1518	602	44	115
1521	605	43	106
1518	607	49	104
1518	606	47	109
1514	607	53	114
1508	602	63	120
1520	607	46	122
1523	605	43	116
1524	607	44	115
1523	605	50	119
1523	608	46	115
1523	611	39	112
1523	607	40	121
1525	606	35	120
1525	607	35	128
1525	608	34	117
1525	609	33	115
1524	608	36	115
1523	608	37	107
1520	608	39	111
1520	612	35	109
1516	612	39	107
1514	611	42	107
1517	611	36	107
1517	608	42	113
1512	611	37	116
1511	611	36	115
1509	611	37	111
1509	607	36	120
1508	607	35	120
1507	608	39	123
1504	608	39	123
1504	608	38	115
1503	607	39	123
1502	610	40	118
1499	608	47	117
1497	608	53	121
1495	613	63	114
1500	611	62	120
1524	616	49	117
1532	614	43	123
1540	615	47	118
1552	617	55	114
1561	617	51	116
1578	623	48	112
1588	621	56	123
1606	624	51	123
1624	627	54	116
1632	627	63	117
1651	633	58	115
1659	636	68	122
1661	640	74	120
1686	641	60	124
1693	645	62	125
1697	644	62	119
1711	647	51	121
1712	647	50	121
1716	647	47	126
1717	643	45	133
1713	648	49	127
1715	645	50	135
1713	644	53	137
1711	643	53	138
1708	646	52	133
1708	645	54	133
1705	646	53	130
1702	645	56	144
1700	644	53	140
1702	644	52	139
1696	646	54	138
1693	648	57	135
1694	643	56	130
1694	646	52	127
1691	649	57	128
1688	648	64	130
1689	649	57	122
1681	649	70	130
1680	653	66	129
1682	650	64	131
1687	644	57	139
1688	645	49	138
1689	643	45	137
1688	645	42	135
1686	646	43	133
1680	650	51	134
1674	654	55	140
1675	650	54	139
1677	651	51	148
1673	649	56	144
1671	652	58	142
1671	652	57	136
1664	648	64	143
1661	657	68	139
1663	656	66	143
1668	659	64	133
1668	662	69	134
1678	667	59	124
1684	665	58	134
1688	667	60	133
1700	668	48	129
1705	669	45	132
1710	667	44	134
1711	672	43	134
1711	671	42	132
1712	670	44	132
1709	672	46	143
1708	671	44	139
1705	670	47	142
1708	674	41	132
1704	674	45	133
1700	673	45	132
1696	673	44	133
1693	674	42	128
1689	675	48	136
1684	673	49	134
1680	673	43	134
1676	672	42	129
1667	674	49	135
1663	676	49	133
1655	674	56	134
1643	676	63	138
1642	675	58	135
1640	678	56	130
1635	677	56	139
1632	678	56	135
1625	677	62	139
1622	680	60	130
1622	678	58	135
1617	677	59	130
1612	675	66	133
1611	679	58	128
1608	679	61	129
1601	677	63	128
1599	679	64	125
1588	680	74	123
1586	680	73	128
1586	676	70	133
1585	681	70	125
1579	677	72	133
1580	677	66	130
1576	680	65	133
1577	677	61	130
1574	681	63	128
1574	681	61	132
1570	681	64	134
1572	680	61	130
1576	682	52	132
1576	684	48	128
1574	680	48	143
1576	682	47	134
1577	680	43	137
1573	682	43	150
1571	683	44	134
1568	683	44	132
1565	684	51	137
1564	684	54	143
1566	682	55	137
1570	682	53	139
1570	681	57	132
1575	682	58	133
1578	685	57	130
1583	680	58	138
1588	682	57	136
1584	685	59	136
1586	679	59	149
1584	684	60	143
1586	683	58	142
1585	686	60	148
1583	682	59	156
1583	679	59	160
1590	683	47	144
1593	684	41	146
1589	685	43	149
1588	683	44	149
1584	680	44	156
1583	680	43	150
1576	680	46	144
1572	680	50	147
1570	680	47	150
1566	682	48	154
1565	681	48	150
1564	683	47	153
1567	683	43	147
1565	682	42	155
1566	687	43	148
1563	680	46	153
1561	682	48	155
1556	679	48	155
1551	681	53	154
1547	685	53	158
1542	684	56	156
1537	690	55	145
1535	692	53	132
1531	687	49	142
1527	687	52	136
1523	689	53	137
1517	691	54	133
1512	686	57	136
1508	688	56	139
1502	686	55	134
1498	684	52	141
1493	684	51	136
1488	683	49	138
1482	684	49	134
1480	681	44	144
1475	682	41	140
1468	685	43	134
1465	684	41	137
1460	683	40	139
1453	680	42	141
1446	681	43	138
1435	681	49	135
1430	681	48	136
1427	681	47	137
1422	681	49	136
1415	679	52	143
1412	677	48	137
1412	678	45	133
1407	679	46	133
1401	676	48	134
1393	675	53	135
1392	677	53	126
1385	678	54	127
1378	676	63	134
1378	674	62	133
1372	675	66	126
1371	676	65	126
1369	674	67	132
1374	672	62	133
1371	674	68	135
1379	671	62	139
1383	675	59	136
1387	676	59	134
1391	679	59	131
1392	677	59	137
1396	678	55	140
1394	680	58	145
1395	680	59	150
1393	679	58	147
1394	681	55	138
1389	683	58	148
1392	684	54	134
1399	678	44	145
1400	681	42	137
1398	682	43	133
1395	681	41	131
1390	681	43	142
1387	675	44	145
1382	677	47	142
1380	682	48	135
1375	681	51	137
1375	678	51	137
1371	680	55	135
1371	680	59	137
1373	681	63	138
1374	679	61	138
1377	682	62	139
1374	681	66	146
1375	677	65	151
1380	679	59	148
1381	680	57	148
1387	677	51	152
1382	676	57	170
1384	675	53	159
1383	676	49	164
1376	677	54	172
1382	677	47	167
1379	678	47	175
1375	673	47	172
1370	679	53	162
1367	676	49	168
1361	676	51	179
1358	679	54	171
1358	680	53	169
1360	680	51	177
1359	685	53	170
1363	683	47	169
1367	682	44	177
1369	687	51	165
1375	686	45	168
1380	688	48	164
1386	691	49	156
1392	693	50	153
1397	697	59	167
1406	703	62	159
1415	710	65	152
1429	715	59	146
1441	720	49	143
1446	722	54	141
1454	720	48	139
1458	719	45	139
1460	723	42	143
1460	722	43	150
1456	723	44	142
1453	722	45	145
1450	725	65	144
1442	721	61	145
1432	721	59	144
1427	721	60	143
1417	724	59	148
1404	726	64	144
1397	724	64	155
1382	730	72	148
1371	730	79	155
1366	730	77	161
1352	730	83	161
1335	734	101	155
1326	736	103	155
1317	735	107	156
1304	734	117	168
1298	734	118	164
1292	737	126	177
1284	735	131	172
1279	738	135	177
1271	739	142	181
1319	736	96	174
1347	710	77	183
1348	731	63	173
1350	733	62	152
1354	730	59	161
1354	729	59	163
1353	729	58	160
1347	729	63	169
1345	731	60	159
1346	730	57	163
1344	731	50	162
1338	735	52	158
1336	727	51	161
1328	737	60	154
1323	729	59	164
1330	727	49	159
1328	720	47	165
1332	717	38	166
1326	719	39	165
1319	728	46	173
1322	721	45	171
1324	726	42	180
1327	726	44	183
1328	727	50	188
1335	735	48	169
1338	741	52	166
1345	746	56	159
1350	746	65	169
1363	749	63	163
1372	752	69	162
1381	756	73	160
1394	763	80	161
1403	763	78	159
1410	767	86	165
1424	769	85	168
1437	773	79	167
1446	775	80	172
1456	781	79	168
1462	782	84	173
1472	786	78	168
1474	790	82	174
1476	790	82	197
1481	790	79	204
1482	793	76	220
1482	792	72	233
1480	794	73	232
1478	793	71	218
1471	792	76	232
1462	789	82	222
1444	793	98	199
1450	791	86	193
1453	794	73	203
1457	798	62	223
1445	792	69	221
1432	793	73	220
1431	790	71	228
1422	796	68	226
1413	795	69	221
1402	796	65	225
1402	796	59	229
1402	801	49	226
1397	796	54	221
1499	625	50	206
1499	625	50	206
1502	636	46	187
1501	641	51	184
1500	643	45	160
1498	644	48	162
1496	645	49	151
1496	645	46	158
1491	648	49	153
1488	647	49	155
1485	647	49	163
1479	649	51	160
1475	651	52	166
1471	649	51	167
1467	651	53	164
1466	650	51	156
1462	651	53	157
1462	653	53	164
1464	654	55	176
1467	655	52	181
1470	657	52	179
1476	661	53	176
1482	662	53	184
1488	667	56	175
1497	668	56	183
1506	671	53	183
1515	676	58	179
1526	677	57	179
1539	680	55	163
1550	683	58	179
1558	692	58	182
1577	694	55	176
1587	696	58	185
1593	697	59	189
1603	705	57	189
1608	706	58	199
1613	709	59	198
1612	713	60	210
1612	718	56	201
1612	712	61	206
1608	720	59	197
1604	725	57	190
1602	723	63	193
1599	722	57	202
1593	728	60	199
1587	729	61	189
1587	726	61	195
1583	733	56	180
1580	734	57	183
1576	734	60	188
1574	731	60	203
1568	732	61	202
1569	731	61	206
1565	733	63	190
1566	735	58	192
1564	736	63	205
1563	734	61	198
1561	735	64	207
1563	732	62	209
1560	734	64	201
1561	735	60	194
1562	735	61	205
