1850	818	61	107
1841	820	70	102
1837	822	70	94
1820	824	70	87
1819	822	60	94
1819	821	56	100
1809	818	64	111
1800	816	60	116
1796	819	54	111
1794	818	53	117
1786	817	54	101
1781	814	56	111
1775	816	57	113
1774	818	50	112
1768	817	54	112
1766	816	52	114
1763	817	54	107
1760	813	58	108
1757	815	60	101
1756	814	58	111
1754	812	58	112
1752	811	58	108
1752	810	57	102
1751	814	56	98
1748	814	58	96
1750	814	54	107
1746	812	55	115
1743	811	56	109
1740	812	56	106
1742	811	56	113
1739	814	56	103
1738	816	54	98
1736	816	52	101
1732	815	56	106
1730	814	56	107
1726	810	57	115
1726	813	54	104
1725	814	51	104
1722	815	51	107
1717	815	54	107
1716	817	53	101
1714	816	53	105
1712	815	51	102
1709	817	54	101
1706	818	53	97
1703	815	53	106
1699	814	55	109
1698	814	50	106
1694	816	53	107
1691	816	53	110
1688	816	53	115
1683	814	57	115
1680	817	53	102
1679	818	50	107
1673	818	52	108
1670	818	52	111
1666	818	54	111
1661	816	51	111
1656	818	54	115
1653	818	54	112
1647	818	51	115
1641	819	56	114
1635	821	58	111
1629	828	59	112
1626	825	55	108
1621	824	59	105
1612	828	63	103
1602	831	69	109
1602	836	62	103
1598	837	61	110
1592	842	60	102
1587	839	56	104
1584	840	55	105
1579	844	55	114
1579	840	51	116
1575	840	51	108
1575	844	51	104
1572	842	54	116
1569	846	53	111
1569	845	50	113
1568	845	53	125
1567	848	50	120
1569	843	51	124
1568	847	52	128
1566	846	55	123
1565	847	59	115
1570	845	50	118
1569	850	51	112
1568	850	52	109
1569	849	53	114
1569	850	51	111
1569	850	51	111
1567	850	54	124
1567	850	54	121
1568	855	51	110
1567	854	53	114
1568	857	49	112
1568	854	50	116
1566	859	53	115
1566	860	51	117
1566	863	49	115
1564	863	53	119
1562	862	53	118
1564	865	49	113
1560	867	51	114
1559	868	52	108
1556	868	54	115
1555	868	53	116
1559	871	47	113
1557	871	48	114
1556	875	51	114
1553	877	52	112
1554	879	48	111
1553	880	50	112
1552	881	52	110
1551	885	51	106
1552	882	48	107
1550	886	50	105
1549	885	49	110
1550	886	46	109
1548	887	47	111
1547	886	48	114
1545	890	46	109
1543	888	47	109
1542	895	49	103
1540	896	48	102
1538	895	49	105
1537	894	49	108
1537	892	49	109
1533	897	53	107
1535	891	49	114
1536	889	48	115
1533	893	50	114
1533	892	49	115
1530	895	54	117
1532	898	49	117
1533	895	48	119
1530	895	50	118
1529	900	48	116
1529	902	49	111
1525	903	50	112
1526	900	48	114
1524	900	50	118
1524	903	49	116
1520	902	54	118
1521	904	48	119
1519	908	50	110
1522	906	48	120
1521	905	48	123
1523	908	46	117
1523	905	46	118
1522	909	45	124
1523	910	46	116
1524	914	45	109
1526	922	43	101
1526	918	44	113
1527	919	43	113
1527	918	46	118
1526	917	44	120
1528	916	45	114
1527	921	47	115
1528	918	49	125
1528	922	50	119
1531	927	48	109
1531	927	49	113
1532	928	49	114
1533	927	49	114
1533	928	51	118
1536	927	49	123
1535	926	49	125
1536	930	49	116
1536	933	49	113
1538	936	50	111
1538	932	51	122
1542	932	48	123
1540	940	50	114
1542	939	49	118
1544	941	49	116
1544	942	48	113
1545	949	49	105
1548	939	44	120
1550	937	44	124
1551	934	44	132
1553	944	42	117
1554	943	42	120
1553	946	44	120
1554	953	44	109
1553	954	47	107
1553	954	46	112
1551	960	50	108
1555	956	51	102
1552	956	58	114
1556	958	56	108
1561	956	54	109
1566	960	50	101
1564	956	57	103
1564	954	58	106
1567	950	56	113
1569	948	56	117
1569	950	58	119
1570	948	59	122
1570	952	62	113
1569	951	62	115
1569	951	66	109
1565	951	72	108
1565	948	76	121
1565	948	77	119
1561	945	81	124
1577	949	66	117
1572	949	73	108
1572	947	75	116
1578	945	67	125
1577	939	71	129
1578	936	74	132
1581	940	70	126
1582	937	71	131
1584	940	70	124
1584	942	74	119
1588	944	73	113
1592	940	73	120
1595	937	72	128
1597	940	74	120
1598	941	77	121
1603	942	75	116
1609	949	71	108
1609	951	74	97
1614	951	70	103
1618	949	70	107
1616	946	75	116
1625	942	63	123
1627	940	64	122
1626	937	66	128
1627	933	67	133
1630	930	67	130
1630	930	66	139
1635	927	61	144
1632	928	64	142
1635	926	64	143
1631	926	66	131
1633	925	69	132
1632	927	68	126
1636	922	67	129
1638	919	65	134
1642	912	63	137
1643	916	59	130
1646	915	58	132
1645	912	59	136
1646	909	59	140
1647	910	60	135
1647	915	58	132
1646	911	61	132
1648	906	58	137
1648	905	60	133
1647	909	60	124
1647	910	59	114
1646	906	60	117
1643	904	65	116
1642	903	65	115
1644	905	61	108
1645	900	62	117
1644	898	60	124
1644	900	60	106
1639	898	68	112
1644	897	60	105
1640	897	63	113
1638	888	66	128
1636	891	67	114
1636	888	67	116
1636	886	67	117
1637	888	65	110
1634	886	66	112
1640	883	58	110
1640	880	56	114
1643	880	51	111
1645	882	50	103
1641	884	53	91
1641	885	52	84
1640	881	54	81
1639	880	56	83
1637	883	59	92
1633	876	62	99
1634	877	62	98
1636	874	59	99
1635	869	59	112
1631	870	63	98
1626	866	67	106
1611	863	69	105
1599	862	59	92
1572	851	61	101
1553	845	58	103
1523	839	59	101
1494	830	56	95
1473	833	49	82
1453	829	53	81
1431	823	54	74
1421	821	45	74
1408	816	46	77
1400	816	45	84
1391	814	47	75
1385	808	47	78
1381	811	47	74
1378	808	47	78
1376	804	48	89
1374	801	46	100
1373	798	47	104
1371	797	46	110
1371	795	44	109
1373	796	44	107
1372	792	43	113
1371	794	46	111
1370	792	44	122
1370	790	44	119
1371	791	45	116
1370	793	44	106
1370	788	43	107
1368	793	44	93
1369	794	43	88
1368	794	45	88
1367	792	44	91
1365	789	46	89
1365	788	46	90
1364	787	44	90
1363	784	43	100
1363	789	40	91
1364	788	42	81
1363	786	40	92
1360	788	41	89
1359	784	41	92
1360	785	40	93
1359	783	40	95
1358	780	42	95
1357	781	40	83
1355	779	41	82
1354	780	42	72
1353	781	40	71
1350	776	43	83
1351	776	43	85
1351	773	40	93
1349	773	42	88
1348	774	42	82
1349	771	42	85
1346	770	45	91
1346	770	40	96
1346	768	42	96
1346	768	38	96
1346	765	39	95
1345	767	42	85
1345	768	38	79
1344	765	36	81
1346	763	34	87
1344	764	37	85
1342	763	39	86
1343	763	40	84
1342	761	39	83
1340	760	40	82
1340	760	39	83
1340	757	40	84
1340	759	36	78
1340	755	39	88
1338	753	38	89
1334	750	42	93
1337	751	38	83
1334	751	40	77
1334	752	37	76
1331	750	42	71
1333	748	44	80
1330	744	41	84
1330	740	40	90
1328	742	40	82
1327	740	42	85
1327	740	42	79
1326	740	39	81
1325	736	41	89
1326	737	41	85
1324	740	38	78
1326	739	36	76
1325	735	35	82
1325	735	32	82
1325	732	30	81
1323	732	31	79
1324	731	30	68
1320	729	32	76
1321	733	33	66
1320	731	32	69
1314	729	37	72
1315	728	42	76
1317	719	38	86
1314	722	40	83
1314	721	33	86
1313	721	32	89
1311	720	34	91
1310	722	33	86
1310	720	31	86
1310	721	29	84
1308	718	35	88
1310	719	31	91
1308	713	33	97
1309	715	36	90
1307	715	36	88
1305	714	35	83
1304	715	39	72
1306	718	40	64
1304	719	37	62
1305	718	31	65
1301	719	28	71
1300	719	33	63
1304	726	26	67
1304	719	26	72
1303	720	27	70
1302	719	29	69
1302	718	26	80
1303	719	26	73
1300	719	32	67
1302	718	31	67
1300	721	33	62
1299	724	35	59
1301	720	30	64
1300	720	34	64
1301	720	32	62
1301	724	31	63
1300	726	34	63
1298	728	37	64
1297	728	41	71
1300	726	38	71
1299	726	39	76
1301	726	37	76
1303	732	35	68
1298	725	42	79
1300	729	37	76
1301	730	35	76
1299	730	37	77
1302	730	35	74
1298	732	38	73
1296	734	43	79
1304	736	33	77
1304	736	33	77
1304	736	33	77
1304	736	33	77
1304	736	33	77
1304	736	33	77
1304	736	33	77
1308	744	37	70
1310	745	34	81
1310	745	34	81
1310	745	34	81
1311	748	37	82
1308	750	40	80
1310	751	36	81
1310	751	36	81
1313	749	37	88
1313	756	38	89
1316	756	36	86
1313	756	35	86
1311	757	42	83
1310	757	44	86
1311	762	41	82
1309	761	45	85
1306	762	44	85
1296	765	49	81
1290	766	36	71
1278	764	33	78
1255	753	33	92
1242	753	28	88
1216	750	31	84
1189	753	28	80
1092	677	31	75
1092	677	31	75
1091	739	32	71
1091	739	32	71
1091	739	32	71
1091	739	32	71
1091	739	32	71
1091	739	32	71
1091	739	32	71
1091	739	32	71
1091	739	32	71
1091	739	32	71
1091	739	32	71
1091	739	32	71
1091	739	32	71
1091	739	32	71
1091	739	32	71
1091	739	32	71
1091	739	32	71
1091	739	32	71
1091	739	32	71
1091	739	32	71
1091	739	32	71
1091	739	32	71
1091	739	32	71
990	749	38	69
990	749	38	69
990	749	38	69
990	749	38	69
990	749	38	69
990	749	38	69
990	749	38	69
990	749	38	69
990	749	38	69
990	749	38	69
990	749	38	69
990	749	38	69
990	749	38	69
990	749	38	69
990	749	38	69
990	749	38	69
990	749	38	69
990	749	38	69
990	749	38	69
990	749	38	69
990	749	38	69
990	749	38	69
990	749	38	69
990	749	38	69
990	749	38	69
990	749	38	69
990	749	38	69
990	749	38	69
990	749	38	69
990	749	38	69
990	749	38	69
990	749	38	69
990	749	38	69
990	749	38	69
990	749	38	69
990	749	38	69
990	749	38	69
990	749	38	69
990	749	38	69
990	749	38	69
990	749	38	69
990	749	38	69
990	749	38	69
990	749	38	69
990	749	38	69
990	749	38	69
990	749	38	69
990	749	38	69
990	749	38	69
990	749	38	69
990	749	38	69
990	749	38	69
990	749	38	69
990	749	38	69
990	749	38	69
990	749	38	69
899	717	48	66
871	592	64	74
868	592	75	55
870	598	69	51
