897	413	32	102
899	412	31	101
898	410	31	103
894	414	35	97
895	412	34	92
895	406	35	97
898	407	33	97
896	405	38	98
896	406	32	94
899	399	37	101
897	404	34	94
898	399	33	101
896	399	32	101
895	395	38	104
894	397	36	103
895	395	34	101
891	402	39	94
893	401	40	91
892	400	35	94
892	400	35	94
892	400	35	94
845	275	27	79
847	285	20	71
848	297	17	58
847	302	18	51
848	307	19	46
847	302	17	51
847	308	18	47
846	311	19	45
848	305	17	47
847	311	16	45
847	308	17	45
846	310	17	43
846	310	17	43
846	312	17	38
845	309	17	37
846	313	18	38
846	312	13	38
844	310	16	40
845	309	13	37
846	312	11	32
846	314	11	31
846	313	11	29
845	350	11	27
846	314	8	30
846	314	8	30
845	315	10	26
844	317	10	21
845	318	10	19
845	316	11	22
845	316	11	22
845	319	10	23
845	319	10	23
847	335	13	23
847	335	13	23
846	318	11	24
846	312	11	24
846	312	11	24
846	318	13	23
846	318	13	23
846	318	13	23
846	318	13	23
846	313	11	25
847	314	9	24
846	317	10	22
847	315	11	23
847	314	12	19
847	314	12	19
847	314	12	19
847	314	12	19
847	314	12	19
847	314	12	19
847	314	12	19
847	314	12	19
847	314	12	19
847	314	12	19
847	314	12	19
847	314	12	19
847	314	12	19
861	314	12	22
861	314	12	22
862	313	13	23
868	316	13	25
864	314	17	28
861	313	12	32
862	316	13	30
862	311	15	26
862	315	18	26
862	315	18	26
862	315	18	26
862	315	18	26
862	315	18	26
893	345	21	29
893	345	21	29
893	345	21	29
893	345	21	29
893	345	21	29
950	387	20	34
945	396	25	38
936	382	29	50
927	379	32	57
924	376	31	60
920	380	30	56
917	378	32	57
916	378	30	62
915	377	29	61
915	377	29	58
914	377	30	67
914	376	29	76
914	371	31	70
914	373	29	66
916	374	28	71
916	373	28	78
916	370	29	83
918	367	29	85
918	369	28	83
919	369	28	79
918	369	29	81
920	368	28	85
919	369	30	80
922	367	29	71
922	370	30	69
922	370	28	76
922	371	28	78
923	370	26	83
923	370	29	89
922	372	31	82
924	371	29	81
924	372	29	77
925	374	28	75
926	371	25	81
923	370	29	78
924	370	29	75
925	371	28	74
924	372	28	71
924	374	30	69
925	370	30	68
925	370	27	76
926	370	28	74
925	368	30	82
926	368	29	76
925	367	29	83
924	366	35	68
926	369	29	62
925	370	29	70
926	368	30	71
927	370	28	68
925	369	30	74
926	369	30	70
926	369	28	71
926	368	27	81
928	365	27	82
927	365	29	85
927	367	28	84
926	366	29	84
926	362	30	87
927	367	30	81
927	367	28	77
927	369	26	80
926	367	28	80
926	368	28	83
926	367	26	83
927	366	26	82
926	364	25	85
926	363	26	86
925	364	30	78
925	366	28	78
924	367	28	75
924	369	28	72
924	369	30	75
925	371	23	74
926	370	24	80
923	370	23	82
925	375	21	79
923	377	23	72
922	378	26	67
921	379	25	65
922	376	25	71
921	379	26	69
923	379	24	69
922	383	24	59
923	385	24	57
922	390	24	53
923	392	24	46
923	391	25	46
924	391	24	52
927	389	19	54
926	390	20	57
926	388	21	61
926	384	23	60
926	376	26	67
928	387	22	65
928	370	26	71
928	370	26	71
927	371	30	75
931	373	24	76
931	373	24	76
932	372	26	74
932	371	27	75
935	373	27	76
935	374	27	80
937	377	27	80
938	381	27	78
938	383	29	65
941	397	27	67
943	396	26	62
942	396	33	67
943	398	31	72
945	397	30	73
947	398	27	74
946	399	29	77
950	399	26	84
951	401	29	86
952	402	30	83
952	405	30	89
954	401	27	95
957	402	23	101
957	416	31	90
961	422	28	84
959	423	31	80
965	426	29	88
970	434	25	83
971	444	26	77
972	436	33	79
973	445	30	85
973	447	32	88
978	449	33	89
975	450	34	87
982	454	34	84
992	456	30	85
990	454	33	85
997	449	27	98
997	448	26	105
998	445	28	103
996	455	35	105
999	450	33	107
1005	449	34	109
1007	456	38	104
1012	459	33	105
1019	467	23	96
1019	467	23	96
1019	467	23	96
1019	467	23	96
1019	467	23	96
1019	467	23	96
1019	467	23	96
1019	467	23	96
1019	467	23	96
1019	467	23	96
1019	467	23	96
1019	467	23	96
1019	467	23	96
1019	467	23	96
1019	467	23	96
1019	467	23	96
1019	467	23	96
1019	467	23	96
1002	560	26	103
1002	560	26	103
1002	560	26	103
1002	560	26	103
987	638	30	88
985	643	30	80
985	643	30	80
985	643	30	80
985	643	30	80
985	643	30	80
985	643	30	80
985	643	30	80
1036	633	21	73
1036	633	21	73
1036	633	21	73
1036	633	21	73
1036	633	21	73
1036	633	21	73
1036	633	21	73
1087	653	33	68
1087	653	33	68
1087	653	33	68
1087	653	33	68
1087	653	33	68
1087	653	33	68
1087	653	33	68
1087	653	33	68
1087	653	33	68
1087	653	33	68
1087	653	33	68
1087	653	33	68
1087	653	33	68
1087	653	33	68
1087	653	33	68
1087	653	33	68
1087	653	33	68
1087	653	33	68
1087	653	33	68
1087	653	33	68
1087	653	33	68
1087	653	33	68
1087	653	33	68
1087	653	33	68
1087	653	33	68
1087	653	33	68
1087	653	33	68
1087	653	33	68
1087	653	33	68
1087	653	33	68
1087	653	33	68
1087	653	33	68
1087	653	33	68
1087	653	33	68
1087	653	33	68
1087	653	33	68
1087	653	33	68
1087	653	33	68
1087	653	33	68
1087	653	33	68
1087	653	33	68
1087	653	33	68
1087	653	33	68
1087	653	33	68
1087	653	33	68
1087	653	33	68
1087	653	33	68
1087	653	33	68
1087	653	33	68
1178	740	43	69
1178	740	43	69
1178	740	43	69
1178	740	43	69
1178	740	43	69
1178	740	43	69
1178	740	43	69
1178	740	43	69
1178	740	43	69
1178	740	43	69
1178	740	43	69
1178	740	43	69
1178	740	43	69
1178	740	43	69
1178	740	43	69
1178	740	43	69
1178	740	43	69
1205	659	51	82
1205	659	51	82
1205	659	51	82
1205	659	51	82
1205	659	51	82
1205	659	51	82
1205	659	51	82
1205	659	51	82
1205	659	51	82
1205	659	51	82
1205	659	51	82
1205	659	51	82
1205	659	51	82
1205	659	51	82
1205	659	51	82
1205	659	51	82
1205	659	51	82
1205	659	51	82
1205	659	51	82
1205	659	51	82
1205	659	51	82
1205	659	51	82
1202	777	66	87
1202	777	66	87
1202	777	66	87
1218	666	78	94
1218	666	78	94
1218	666	78	94
1218	666	78	94
1218	666	78	94
1218	666	78	94
1218	666	78	94
1219	640	65	102
1219	640	65	102
1219	640	65	102
1219	640	65	102
1219	640	65	102
1271	472	45	115
1271	472	45	115
1271	472	45	115
1271	472	45	115
1271	472	45	115
1271	472	45	115
1271	472	45	115
1271	472	45	115
1271	472	45	115
1271	472	45	115
1271	472	45	115
1271	472	45	115
1271	472	45	115
1271	472	45	115
1271	472	45	115
1271	472	45	115
1271	472	45	115
1271	472	45	115
1271	472	45	115
1271	472	45	115
1271	472	45	115
1271	472	45	115
1271	472	45	115
1271	472	45	115
1271	472	45	115
1271	472	45	115
1271	472	45	115
1271	472	45	115
1271	472	45	115
1271	472	45	115
1271	472	45	115
1271	472	45	115
1271	472	45	115
1271	472	45	115
1271	472	45	115
1359	436	43	99
1359	436	43	99
1359	436	43	99
1359	436	43	99
1359	436	43	99
1359	436	43	99
1359	436	43	99
1359	436	43	99
1359	436	43	99
1359	436	43	99
1324	308	28	107
1344	315	27	105
1356	324	33	106
1364	317	30	112
1372	320	31	113
1373	315	33	118
1371	314	35	118
1374	315	34	120
1372	314	36	119
1374	315	35	122
1372	309	34	125
1372	299	44	128
1368	299	45	134
1362	295	44	146
1362	293	45	159
1356	283	51	159
1353	283	47	167
1353	282	45	178
1347	261	37	192
1343	248	49	194
1337	258	54	186
1341	261	31	174
1339	249	37	164
1337	241	45	165
1334	221	44	160
1332	236	46	152
1324	222	50	137
1328	218	43	146
1307	210	40	126
1308	209	43	135
1312	219	43	144
1308	200	53	148
1304	192	56	168
1300	162	64	170
1297	153	52	171
1285	156	48	157
1291	152	42	164
1285	142	47	172
1281	131	45	177
1273	127	62	185
1240	123	85	194
1235	127	92	208
1226	122	91	225
1228	126	93	234
1241	122	73	207
1231	124	87	200
1228	128	104	206
1231	123	78	195
1219	125	87	186
1223	128	97	200
1232	121	73	187
1228	118	68	207
1226	117	89	216
1212	120	102	227
1220	117	87	202
1210	122	99	197
1213	121	76	226
1221	116	61	217
1212	116	83	230
1214	118	69	244
1208	116	84	222
1205	116	106	252
1208	117	87	249
1209	114	76	233
1213	117	66	248
1210	111	80	232
1212	115	74	221
1220	109	62	246
1217	114	77	230
1214	107	83	232
1220	114	77	212
1224	108	81	221
1226	113	76	207
1226	115	80	222
1220	109	90	236
1215	110	99	259
1218	109	104	272
1223	109	101	262
1225	107	111	238
1230	106	107	240
1231	103	110	240
1231	102	109	236
1230	102	122	245
1250	109	138	257
1241	104	146	276
1245	107	147	285
1233	107	170	288
1274	94	192	294
1698	230	166	277
1251	128	188	286
1225	103	217	329
900	107	169	277
918	395	147	236
932	114	124	198
946	115	110	194
941	113	111	163
1225	107	90	150
1396	125	83	160
1402	108	79	168
1408	75	64	192
1415	72	65	170
1424	78	52	178
1425	78	53	177
1429	69	46	172
1434	84	49	190
1436	77	47	197
1438	96	55	199
1435	73	61	225
1438	68	66	227
1439	74	60	215
1440	73	63	216
1439	74	66	194
1440	76	72	214
1444	75	57	221
1447	74	54	230
1445	73	54	234
1450	75	61	248
1452	74	57	268
1454	78	56	279
1459	75	52	284
1462	71	50	290
1459	63	56	298
1462	72	54	313
1460	62	63	310
1464	68	59	320
1467	69	60	323
1468	67	60	326
1469	60	61	328
1467	47	66	341
1469	49	72	340
1471	58	68	350
1474	48	63	350
1476	62	62	338
1476	76	62	328
1475	72	67	317
1482	72	59	329
1479	59	67	340
1475	71	74	328
1482	83	63	307
1486	73	57	296
1489	79	51	291
1489	80	53	299
1488	79	57	312
1492	75	52	303
1490	67	53	297
1491	73	54	314
1486	54	64	319
1489	70	58	314
1492	77	57	293
1490	79	66	298
1495	77	58	310
1496	70	59	315
1498	72	56	298
1497	73	59	309
1499	77	58	299
1501	72	55	303
1501	74	57	309
1501	83	61	308
1504	66	60	316
1505	73	61	316
1504	67	62	314
1507	61	63	339
1506	63	63	313
1512	56	61	306
1515	62	60	304
1518	59	58	310
1517	67	68	279
1521	67	63	300
1521	63	64	309
1522	61	69	315
1529	54	68	300
1529	59	69	273
1535	56	67	283
1541	51	63	290
1545	54	60	299
1547	46	62	313
1553	56	65	295
1559	51	62	287
1565	52	60	277
1565	49	65	269
1577	44	50	261
1578	40	53	267
1582	44	62	280
1585	42	67	283
1587	50	69	295
1586	42	74	275
1593	50	78	284
1604	43	69	288
1611	34	70	288
1612	47	75	310
1619	43	71	315
1619	44	78	309
1621	35	83	323
1629	49	83	335
1634	42	81	362
1646	41	75	347
1649	52	82	336
1649	57	89	316
1651	62	91	320
1656	49	98	310
1664	60	104	349
1672	47	106	396
1693	46	93	413
1700	44	95	412
1712	37	89	423
1724	25	91	456
1726	31	102	465
1714	25	158	448
1725	2	188	476
1745	-2	165	469
1747	-2	163	474
1769	2	141	495
1789	0	129	515
1816	2	95	482
1829	8	86	488
1837	16	87	466
1837	16	87	466
1837	16	87	466
1837	16	87	466
1837	16	87	466
1837	16	87	466
1837	16	87	466
1837	16	87	466
1837	16	87	466
1837	16	87	466
1837	16	87	466
1837	16	87	466
1837	16	87	466
1837	16	87	466
1837	16	87	466
1837	16	87	466
1837	16	87	466
1837	16	87	466
1837	16	87	466
1837	16	87	466
1837	16	87	466
1837	16	87	466
1837	16	87	466
1837	16	87	466
1837	16	87	466
1837	16	87	466
1837	16	87	466
1837	16	87	466
1837	16	87	466
1837	16	87	466
1837	16	87	466
1837	16	87	466
1837	16	87	466
1837	16	87	466
1837	16	87	466
1837	16	87	466
1837	16	87	466
1837	16	87	466
1837	16	87	466
1837	16	87	466
1837	16	87	466
1542	80	110	422
1542	80	110	422
1542	80	110	422
1542	80	110	422
1542	80	110	422
1542	80	110	422
1553	116	112	371
1564	129	94	371
1564	129	94	371
1564	129	94	371
1564	129	94	371
1579	118	80	350
1579	120	85	346
1274	111	104	309
1274	111	104	309
1274	111	104	309
1274	111	104	309
1274	111	104	309
1274	111	104	309
1274	111	104	309
1274	111	104	309
1274	111	104	309
1274	111	104	309
1269	97	117	315
1274	92	106	306
1273	79	115	285
1267	97	121	303
1267	97	121	303
1586	84	101	294
1579	75	113	290
1598	138	84	325
1595	129	87	326
1606	88	75	338
1603	131	71	326
1602	94	79	316
1597	82	91	312
1609	151	64	303
1609	151	64	303
1606	64	83	318
1606	64	83	318
1606	64	83	318
1606	64	83	318
1606	64	83	318
1608	134	76	324
1610	103	76	347
1610	103	76	347
1610	103	76	347
1610	103	76	347
1610	103	76	347
1610	103	76	347
1610	103	76	347
1610	103	76	347
1610	103	76	347
1610	103	76	347
1610	103	76	347
1610	103	76	347
1610	103	76	347
1610	103	76	347
1610	103	76	347
1610	103	76	347
1610	103	76	347
1610	103	76	347
1610	103	76	347
1610	103	76	347
1610	103	76	347
1321	13	103	355
1321	13	103	355
1321	13	103	355
1551	417	126	355
1551	417	126	355
1551	417	126	355
1551	417	126	355
1551	417	126	355
1551	417	126	355
1551	417	126	355
1551	417	126	355
1551	417	126	355
1551	417	126	355
1551	417	126	355
1551	417	126	355
1551	417	126	355
1551	417	126	355
1551	417	126	355
1551	417	126	355
1551	417	126	355
1551	417	126	355
1551	417	126	355
1551	417	126	355
1551	417	126	355
1551	417	126	355
1551	417	126	355
1551	417	126	355
1551	417	126	355
1609	101	96	334
1609	101	96	334
1609	101	96	334
1654	49	74	302
1654	49	74	302
1654	49	74	302
1654	49	74	302
1654	49	74	302
1654	49	74	302
1654	49	74	302
1654	49	74	302
1654	49	74	302
1662	14	64	294
1662	14	64	294
1662	14	64	294
1664	5	61	277
1664	5	61	277
1669	5	57	263
1663	-2	61	246
1674	6	48	210
1670	12	56	179
1670	12	56	179
1670	12	56	179
1670	12	56	179
1670	12	56	179
1670	12	56	179
1670	12	56	179
1670	12	56	179
1670	12	56	179
1670	12	56	179
1670	12	56	179
1670	12	56	179
1670	12	56	179
1670	12	56	179
1670	12	56	179
1670	12	56	179
1670	12	56	179
1587	27	49	194
1587	27	49	194
1587	27	49	194
1587	27	49	194
1587	27	49	194
1587	27	49	194
1587	27	49	194
1587	27	49	194
1587	27	49	194
1587	27	49	194
1587	27	49	194
1587	27	49	194
1587	27	49	194
1587	27	49	194
1587	27	49	194
1587	27	49	194
1587	27	49	194
1587	27	49	194
1587	27	49	194
1587	27	49	194
1587	27	49	194
1587	27	49	194
1587	27	49	194
1587	27	49	194
1587	27	49	194
1587	27	49	194
1587	27	49	194
1501	-13	60	182
1551	-27	74	155
1551	-27	74	155
1551	-27	74	155
1551	-27	74	155
1551	-27	74	155
1551	-27	74	155
1551	-27	74	155
1551	-27	74	155
1551	-27	74	155
1551	-27	74	155
1343	124	85	153
1348	131	88	146
1324	129	118	161
1338	137	106	163
1334	138	112	154
1335	138	113	157
1347	131	102	131
1338	143	115	130
1338	143	115	130
1338	143	115	130
1338	143	115	130
1338	143	115	130
1338	143	115	130
1338	143	115	130
1338	143	115	130
1338	143	115	130
1338	143	115	130
1338	143	115	130
1338	143	115	130
1338	143	115	130
1338	143	115	130
1338	143	115	130
1338	143	115	130
1338	143	115	130
1307	411	87	118
1316	400	75	122
1331	400	59	122
1338	402	49	118
1339	401	39	117
1336	399	36	119
1317	406	41	116
1309	400	35	106
1291	404	36	107
1267	403	42	114
1244	402	35	111
1230	400	35	112
1213	397	33	115
1196	399	36	113
1184	398	37	117
1178	396	39	118
1170	393	39	125
1166	395	37	121
1165	398	35	118
1164	397	38	119
1161	396	38	120
1160	396	38	120
1158	391	34	124
1154	399	36	117
1149	398	35	118
1135	397	37	119
1123	400	36	117
1113	392	39	125
1100	395	40	123
1094	396	38	120
1088	398	38	118
1079	398	36	120
1076	399	36	117
1074	398	34	121
1070	402	38	119
1068	401	38	122
1069	405	37	119
1067	403	41	119
1070	401	39	120
1071	398	40	124
1075	397	39	126
1076	396	39	127
1079	397	37	130
1079	399	40	125
1081	398	41	128
1084	401	40	126
1082	399	45	130
1086	401	43	130
1085	399	44	132
1087	401	45	130
1093	401	40	132
1092	402	43	130
1091	401	43	134
1092	402	40	134
1089	405	41	130
1071	410	41	127
1062	409	42	128
1049	403	40	135
1033	403	39	136
1019	404	41	134
1003	403	46	137
997	407	43	133
989	406	42	135
983	403	45	139
979	409	43	133
977	405	42	139
975	410	45	135
975	412	47	135
976	412	42	135
979	412	41	134
979	416	42	135
979	415	43	139
982	418	45	138
982	419	43	138
982	420	47	138
987	416	44	144
987	419	46	140
988	417	47	142
988	417	49	144
984	421	47	145
976	422	50	144
961	429	47	130
943	423	48	141
916	425	49	145
896	424	46	147
868	426	48	147
841	427	50	150
824	432	49	147
805	431	50	152
791	438	49	147
785	433	47	155
776	430	50	158
772	434	47	155
768	436	45	155
764	439	46	151
763	437	50	154
762	438	50	156
761	436	54	158
761	437	53	160
762	442	50	159
759	441	54	163
755	439	52	165
741	446	56	162
726	445	55	165
708	449	54	165
690	450	55	168
665	451	57	173
650	456	52	171
633	452	56	179
620	445	57	189
613	450	54	188
609	458	49	178
604	452	51	185
597	446	57	192
595	455	52	185
592	451	59	191
587	457	69	194
589	455	64	191
591	459	62	198
592	471	65	192
595	463	63	194
591	471	68	197
594	474	69	192
595	472	70	198
599	471	64	199
603	474	62	197
603	485	62	192
604	480	62	190
607	483	61	186
608	481	62	188
608	476	62	195
609	474	64	193
609	472	63	199
611	472	59	194
610	466	62	197
611	468	60	197
607	463	69	199
609	463	66	193
614	462	62	198
613	457	63	202
609	450	66	205
614	453	64	204
614	458	63	197
614	457	65	201
617	466	64	194
619	456	63	198
620	451	61	201
619	452	65	198
620	459	63	189
623	460	63	186
623	458	61	183
621	452	67	190
622	454	64	186
627	456	61	181
624	458	62	183
624	454	63	179
621	451	65	184
624	448	63	189
624	446	63	189
625	454	63	183
624	454	62	181
625	455	61	184
622	457	66	180
624	456	65	183
624	459	62	180
627	460	58	176
626	463	60	171
624	456	61	174
621	454	60	182
623	457	55	174
621	460	60	168
620	453	56	179
619	455	57	172
617	450	58	175
616	456	60	173
614	455	56	171
617	452	57	178
616	459	55	169
615	459	58	167
614	454	60	173
613	449	62	183
614	451	57	182
613	447	59	187
614	446	56	185
616	451	54	178
613	452	53	173
611	450	57	172
612	443	56	177
611	440	58	179
612	446	54	174
613	444	59	172
619	452	56	160
626	451	58	158
637	449	61	159
650	452	60	154
662	450	61	155
673	455	60	150
682	453	59	152
693	453	56	153
698	452	56	152
705	456	52	146
707	452	53	150
708	449	56	154
710	448	54	152
712	442	53	158
712	444	52	151
711	440	54	157
712	440	52	155
711	440	50	154
709	441	53	151
708	437	57	155
707	438	52	153
705	440	54	147
706	438	55	148
707	439	51	152
705	441	50	143
705	441	51	141
704	443	49	144
706	440	48	150
704	440	50	147
707	440	54	148
709	438	58	147
720	439	53	145
736	441	48	136
751	441	52	134
771	433	54	140
789	433	51	142
810	435	54	134
833	433	45	139
843	427	49	144
855	428	53	140
862	426	53	138
872	431	51	136
876	430	51	137
880	429	52	139
883	431	52	136
884	427	51	142
885	428	52	140
884	430	50	141
887	431	46	136
885	431	46	138
884	431	47	135
883	429	48	136
882	430	44	133
880	427	48	128
878	427	49	130
877	427	46	131
874	424	48	131
874	418	46	133
872	423	52	126
877	423	48	123
886	423	50	123
892	425	55	116
914	422	57	126
935	423	64	131
963	424	55	118
990	424	55	119
1018	425	51	116
1042	423	49	126
1066	417	49	132
1079	418	48	133
1095	418	48	135
1103	414	51	141
1113	415	46	134
1123	415	41	140
1124	414	43	137
1130	414	39	134
1129	411	45	139
1130	415	45	137
1130	411	47	141
1128	413	47	143
1128	413	43	134
1128	412	43	137
1129	414	43	134
1129	416	43	133
1127	413	43	134
1125	417	45	135
1124	416	45	133
1125	416	42	131
1124	417	37	127
1123	415	41	124
1121	414	44	129
1121	415	38	122
1120	416	38	113
1119	417	34	109
1118	416	44	106
1116	415	44	95
1116	415	44	93
1117	412	39	98
1117	412	39	100
1115	413	37	97
1115	411	43	96
1115	412	42	97
1116	410	41	101
1114	409	44	108
1114	409	43	116
1114	408	42	112
1115	407	41	118
1113	403	44	114
1112	403	45	122
1112	398	45	129
1111	397	45	128
1111	398	46	127
1111	393	45	139
1111	395	45	132
1111	398	45	131
1109	396	45	136
1109	396	46	134
1109	399	44	130
1108	400	43	125
1105	402	47	116
1106	397	42	132
1104	402	45	124
1104	405	44	126
1104	406	42	132
1103	409	41	128
1103	409	41	133
1101	409	42	135
1098	414	41	129
1096	415	43	131
1095	417	44	134
1091	424	46	127
1091	427	44	127
1088	433	46	124
1087	435	45	131
1085	440	47	127
1083	443	48	129
1081	453	49	128
1081	452	48	126
1082	456	45	128
1081	458	45	123
1078	456	46	132
1078	460	46	134
1076	466	46	133
1076	467	46	125
1074	467	48	125
1071	467	50	122
1070	469	53	123
1070	470	51	121
1069	473	50	121
1070	472	47	122
1069	474	46	123
1066	471	49	132
1065	470	48	136
1063	471	50	128
1062	473	48	135
1060	475	49	128
1060	478	47	129
1056	477	51	131
1056	478	48	138
1055	478	49	137
1052	480	49	136
1051	484	47	137
1048	484	47	142
1046	489	49	128
1043	488	50	135
1042	485	51	135
1041	490	50	129
1041	491	47	134
1037	488	47	140
1035	488	49	139
1030	493	52	136
1027	495	52	135
1026	493	52	139
1024	492	55	147
1022	495	51	143
1020	493	57	153
1019	496	55	135
1012	498	62	141
1007	499	65	149
1010	498	63	147
1008	499	61	167
1006	504	61	165
1005	506	58	161
1003	513	59	152
1000	509	59	164
1001	511	54	163
998	514	58	163
993	512	61	157
995	516	58	152
995	513	55	161
994	519	54	150
992	516	57	156
992	517	56	150
993	520	57	151
991	519	57	144
992	519	57	147
990	516	58	155
990	516	57	157
989	507	58	168
987	511	59	159
986	507	59	164
987	501	58	172
987	503	56	167
986	498	57	170
985	500	56	173
983	498	60	165
984	498	58	171
985	494	56	171
983	499	59	153
984	495	58	150
984	491	59	161
982	488	59	167
983	492	59	153
983	495	58	153
981	492	58	155
981	490	59	158
982	493	58	152
983	497	57	151
980	499	61	144
980	498	60	150
980	500	60	156
981	500	58	151
979	503	58	152
981	503	56	149
982	502	55	157
979	506	58	148
981	506	56	148
981	505	55	146
981	506	56	151
979	506	57	154
976	508	62	156
977	506	60	153
975	507	57	148
967	508	62	135
956	512	60	138
948	511	54	143
934	516	60	132
920	513	61	141
907	516	61	137
897	518	61	125
890	523	58	117
882	522	59	123
877	525	58	124
874	524	54	136
869	523	56	145
864	526	53	140
862	526	56	134
858	526	61	136
857	527	57	141
854	527	62	134
852	527	66	151
852	526	59	152
845	528	74	136
848	528	57	142
843	529	62	141
843	531	56	148
839	532	60	140
836	533	62	131
833	535	63	138
832	536	62	136
831	538	61	141
829	538	64	139
829	542	59	136
826	543	65	125
823	547	64	127
824	542	57	143
821	547	62	124
820	546	58	124
819	545	58	134
818	549	60	140
815	548	65	145
815	546	64	158
812	549	60	165
807	547	70	151
806	544	69	171
804	547	62	172
803	549	65	165
799	547	66	161
798	548	71	147
800	553	56	150
800	555	58	153
797	551	58	169
798	551	58	179
800	552	61	178
804	553	59	178
807	555	56	182
808	554	56	183
815	552	52	173
818	555	54	180
820	555	55	177
818	551	60	185
823	552	60	183
823	554	55	191
827	548	56	180
827	552	56	192
828	551	61	178
832	554	60	169
835	556	58	155
841	556	54	156
843	553	59	167
846	556	59	156
851	552	58	152
852	557	60	146
859	556	52	163
861	560	57	155
867	560	56	146
860	556	67	137
867	558	59	112
872	564	58	105
881	566	55	97
885	563	57	100
890	565	55	98
896	564	50	96
900	559	55	97
903	560	55	106
908	562	58	108
911	554	59	101
913	553	64	102
920	547	57	111
922	542	63	106
930	539	56	113
937	533	55	128
938	528	60	122
943	522	64	126
940	515	67	144
951	504	63	122
955	501	60	127
960	491	62	142
965	484	61	146
969	473	58	152
973	470	55	153
975	462	56	149
977	456	57	146
981	444	54	160
982	438	54	157
985	432	53	151
982	423	57	151
982	421	59	160
986	411	57	172
987	413	55	170
987	410	52	172
986	408	56	172
988	405	51	188
986	401	57	184
985	398	52	183
987	397	50	177
987	393	51	181
989	397	49	171
986	401	49	171
986	394	49	165
987	398	49	151
984	397	57	153
987	397	52	163
984	394	52	157
985	390	50	141
984	402	53	133
982	397	55	144
983	393	57	154
982	391	50	154
983	392	47	151
980	395	56	133
982	393	48	137
982	392	52	145
982	389	50	142
983	386	49	142
981	386	50	134
980	393	49	124
977	389	51	121
980	397	50	109
982	402	49	117
981	381	46	122
979	381	52	111
979	383	49	121
977	374	46	117
980	373	46	116
978	374	49	118
979	389	46	113
979	387	46	97
976	379	47	109
977	378	46	117
976	376	48	109
978	380	46	107
976	370	48	113
977	386	44	113
976	384	46	110
977	376	40	114
977	374	47	114
978	375	44	100
974	382	46	89
977	385	50	92
975	382	47	93
968	380	45	89
972	376	43	101
971	377	45	95
964	379	55	96
961	379	41	91
961	379	41	91
961	379	41	91
942	378	50	86
928	391	54	92
920	385	49	91
914	383	55	90
912	383	58	89
913	377	42	89
909	374	47	95
911	368	44	101
909	375	48	105
908	367	42	108
906	365	41	107
905	359	42	112
904	358	44	110
902	377	39	92
904	379	36	88
896	404	43	79
893	381	48	85
886	390	48	81
880	394	49	85
879	380	40	91
876	374	43	100
874	368	49	109
871	361	47	118
878	372	40	131
874	364	44	133
870	362	42	125
867	383	54	129
869	365	44	117
868	363	48	121
872	363	37	122
870	358	41	125
871	371	35	148
870	356	38	151
871	364	40	169
871	357	43	176
871	365	43	167
877	356	33	145
872	362	39	151
873	385	41	146
869	387	41	154
868	397	43	143
861	368	53	154
863	365	50	166
866	366	52	172
861	367	54	172
862	369	57	176
865	367	48	177
860	364	61	173
865	371	47	149
865	372	49	146
862	374	49	151
862	378	57	146
861	373	52	154
859	367	62	177
855	367	63	194
864	366	46	202
864	367	54	194
863	357	68	176
857	365	54	178
866	366	52	204
858	364	61	222
864	377	58	227
867	370	50	232
861	369	53	236
854	369	59	228
868	367	47	232
871	366	41	234
871	358	46	238
877	359	41	221
876	350	53	212
880	369	40	214
876	360	43	215
876	367	51	217
873	384	60	219
871	371	64	224
869	384	49	232
875	384	43	219
878	382	44	216
881	373	41	212
879	386	51	205
882	384	56	195
887	386	49	180
883	391	46	196
882	394	44	209
885	379	43	214
879	382	46	219
883	370	50	231
881	388	50	207
885	373	49	216
884	389	48	224
888	387	50	229
886	370	65	244
881	382	68	234
880	390	74	228
883	384	71	223
880	384	66	229
888	384	62	236
889	370	56	244
890	361	55	270
891	375	50	249
887	377	55	256
894	379	50	239
896	365	46	240
892	359	53	252
905	374	49	229
904	376	44	243
904	365	47	249
893	378	63	224
884	382	69	222
873	375	73	226
861	377	71	216
853	376	70	224
845	385	54	234
830	360	54	245
824	377	58	244
828	363	60	260
827	381	53	244
815	360	69	261
815	386	60	263
817	387	59	264
810	388	72	291
807	391	61	302
819	379	64	297
812	387	61	288
804	393	65	302
806	395	66	291
806	395	61	306
807	384	62	296
811	393	57	286
807	387	66	270
802	398	65	267
812	385	64	264
804	400	62	258
804	391	63	260
813	388	59	271
817	384	55	259
809	391	59	279
808	396	58	277
805	385	71	261
