993	708	34	104
996	704	32	107
995	701	34	111
993	702	37	112
993	700	36	116
997	700	40	119
999	690	30	127
998	693	35	132
996	700	41	121
1000	700	33	116
1000	700	33	116
999	709	41	111
1000	692	39	124
1006	696	38	119
1006	687	36	107
1004	693	40	97
1007	692	39	91
1008	696	37	90
1008	696	37	90
1011	690	34	87
1013	687	33	81
1013	687	33	81
1016	686	36	72
1018	695	33	74
1020	701	33	80
1018	686	33	86
1018	685	31	80
1018	685	31	80
1017	690	40	80
1019	687	39	81
1021	698	39	78
1021	698	39	78
1021	698	39	78
1026	681	38	79
1033	697	30	82
1030	694	37	87
1024	684	44	95
1027	678	39	101
1032	687	32	99
1032	687	32	99
1032	687	32	99
1032	677	35	91
1035	672	27	102
1039	681	33	109
1038	677	32	108
1036	677	35	105
1037	670	35	105
1037	670	35	105
1040	676	37	90
1041	670	34	84
1043	657	34	88
1043	657	34	88
1043	657	34	88
1043	657	34	88
1043	657	34	88
1047	672	33	89
1047	670	32	96
1047	670	32	96
1047	670	32	96
1051	677	33	88
1051	677	33	88
1052	675	34	82
1054	675	34	78
1054	675	34	78
1054	675	34	78
1054	675	34	78
1054	675	34	78
1059	660	33	65
1067	669	24	59
1067	669	24	59
1067	699	23	61
1067	699	23	62
1064	673	30	62
1064	673	30	62
1069	676	30	70
1059	688	32	69
1064	689	29	69
1064	689	29	69
1067	655	31	74
1067	655	31	74
1068	662	28	75
1066	655	30	82
1066	655	30	82
1069	641	31	93
1069	641	31	93
1069	641	31	93
1072	663	31	95
1072	660	31	91
1072	660	31	91
1072	660	31	91
1070	665	34	83
1070	650	33	98
1071	652	35	97
1072	663	37	88
1070	660	34	98
1079	661	26	86
1083	664	24	82
1083	664	24	82
1083	664	24	82
1086	705	20	78
1086	705	20	78
1086	705	20	78
1085	662	24	87
1085	662	24	87
1090	655	27	93
1090	655	27	93
1085	668	26	87
1085	668	26	87
1092	666	26	83
1088	655	32	95
1090	642	25	111
1090	642	25	111
1090	642	25	111
1091	658	30	98
1091	658	30	98
1091	658	30	98
1091	658	30	98
1094	655	28	99
1094	655	28	99
1094	655	28	99
1095	654	28	98
1098	639	26	97
1099	655	24	96
1098	630	24	96
1100	650	26	99
1099	651	24	103
1101	644	23	112
1101	639	26	118
1100	650	28	113
1100	648	30	115
1100	648	30	115
1103	647	24	113
1104	645	26	105
1105	658	30	100
1105	658	30	100
1105	658	30	100
1111	660	33	101
1109	659	32	95
1108	659	32	98
1163	752	25	92
1163	752	25	92
1163	752	25	92
1163	752	25	92
1106	667	32	92
1107	664	35	84
1107	671	42	88
1109	663	42	99
1110	657	35	105
1110	657	35	105
1110	657	35	105
1110	657	35	105
1081	702	29	91
1081	702	29	91
1081	702	29	91
1127	660	27	97
1127	660	27	97
1127	660	27	97
1126	665	34	98
1132	663	28	103
1128	660	33	113
1130	661	38	107
1131	661	38	107
1131	661	38	107
1135	665	38	101
1135	665	38	101
1135	665	38	101
1135	665	38	101
1135	665	38	101
1135	665	38	101
1153	680	35	88
1156	696	29	85
1156	696	29	85
1156	696	29	85
1151	670	33	78
1151	670	33	78
1151	670	33	78
1151	670	33	78
1151	670	33	78
1151	670	33	78
1151	670	33	78
1151	670	33	78
1151	670	33	78
1151	670	33	78
1151	670	33	78
1151	670	33	78
1151	670	33	78
1151	670	33	78
1151	670	33	78
1151	670	33	78
1151	670	33	78
1151	670	33	78
1151	670	33	78
1151	670	33	78
1151	670	33	78
1151	670	33	78
1151	670	33	78
1151	670	33	78
1151	670	33	78
1151	670	33	78
1151	670	33	78
1151	670	33	78
1151	670	33	78
1151	670	33	78
1151	670	33	78
1151	670	33	78
1151	670	33	78
1151	670	33	78
1151	670	33	78
1151	670	33	78
1151	670	33	78
1151	670	33	78
1039	658	37	87
1047	658	36	97
1046	652	37	94
1050	649	30	97
1051	652	37	99
1051	650	38	101
1051	644	36	95
1053	653	41	90
1053	638	40	94
1057	645	34	98
1054	639	38	100
1057	639	35	96
1057	639	34	93
1057	639	34	93
1057	644	35	91
1056	639	38	102
1054	633	36	101
1055	631	37	109
1055	633	36	111
1056	631	36	99
1052	631	37	96
1053	634	37	98
1051	635	36	95
1051	634	40	93
1052	635	38	96
1052	631	37	103
1056	635	33	101
1050	616	33	100
1052	632	36	98
1054	633	34	94
1049	630	39	86
1054	635	34	87
1055	634	35	101
1052	633	35	106
1052	634	35	103
1051	634	36	106
1051	638	33	102
1050	640	31	89
1051	638	28	90
1052	622	25	101
1051	634	28	96
1048	635	29	95
1049	627	32	96
1047	653	31	90
1048	634	31	92
1048	634	31	92
1043	636	35	95
1045	633	34	101
1045	629	33	100
1046	630	34	101
1047	629	28	101
1045	634	34	98
1045	634	31	106
1045	632	30	103
1043	635	33	102
1042	635	33	96
1041	638	36	105
1040	632	37	98
1046	634	37	109
1037	622	40	99
1040	623	38	91
1042	623	34	100
1042	622	31	100
1043	625	30	99
1041	621	33	98
1105	549	31	89
1193	540	31	77
1193	540	31	77
1193	540	31	77
1193	540	31	77
1193	540	31	77
1193	540	31	77
1099	528	24	82
1037	622	27	85
1037	627	27	91
1034	628	31	95
1035	621	30	96
1033	619	31	101
1034	624	33	98
1035	622	28	96
1034	622	28	98
1034	622	29	97
1036	623	25	95
1036	621	25	97
1032	622	28	99
1033	623	29	97
1032	624	30	96
1031	623	31	99
1034	620	27	103
1035	623	28	101
1033	623	26	93
1032	625	29	94
1030	625	30	92
1031	623	28	94
1033	623	31	98
1032	621	31	100
1036	622	24	89
1036	623	23	95
1036	621	24	95
1036	619	24	103
1035	610	26	111
1035	617	25	105
1034	623	26	93
1032	619	26	91
1036	616	23	94
1036	609	24	100
1034	612	27	99
1032	607	26	100
1029	606	27	93
1032	606	26	96
1029	608	27	92
1023	607	34	94
1027	604	32	98
1024	604	34	89
1028	607	32	76
1028	604	29	67
1025	619	31	64
1024	604	32	63
1026	617	30	61
1023	617	31	58
1026	608	30	68
1022	615	31	66
1023	612	33	71
1022	608	33	78
1021	605	35	78
1021	613	33	81
1022	614	33	71
1024	608	32	81
1026	601	26	81
1025	605	29	78
1022	603	30	82
1024	605	30	83
1022	603	36	87
1024	606	32	87
1023	651	24	76
1023	612	31	76
1025	608	33	76
1024	607	32	85
1023	607	28	83
1021	608	30	85
1022	604	34	84
1021	607	38	80
1021	600	36	89
1022	605	35	83
1017	602	40	85
1022	607	33	81
1027	653	30	77
1021	607	35	78
1020	607	45	80
1020	607	37	83
1020	614	30	74
1018	604	26	74
1018	610	26	80
1019	606	27	84
1021	606	23	80
1021	614	24	75
1021	619	25	72
1019	607	26	77
1020	607	26	82
1020	608	25	85
1019	606	25	82
1018	607	24	83
1020	653	21	78
1020	606	23	82
1018	605	24	82
1018	608	25	85
1018	609	24	86
1017	607	24	84
1017	611	22	89
1016	609	25	87
1015	608	26	84
1015	610	24	79
1014	612	26	77
1014	613	25	76
1010	613	29	73
1012	609	29	75
1008	612	31	79
1009	611	30	83
1007	607	29	80
1007	607	27	80
1007	607	28	87
1002	608	33	80
1001	609	31	82
1001	609	32	80
1002	611	30	81
1003	608	30	85
1000	606	30	88
1005	602	25	95
1005	596	26	89
1002	608	27	86
1003	606	23	83
1003	608	25	87
1005	604	24	78
1004	602	23	68
1004	602	23	68
1002	619	25	72
1004	615	24	72
1001	612	25	74
1000	610	29	81
1000	608	26	88
997	614	30	85
992	613	31	88
993	620	31	78
994	608	31	84
995	614	27	88
991	610	31	90
989	614	30	79
988	613	30	83
988	607	31	90
985	605	35	92
988	607	32	92
985	605	36	97
982	604	37	91
985	607	29	89
983	608	27	90
985	610	27	92
986	609	27	87
986	609	26	91
983	609	32	94
982	609	34	89
982	607	31	92
982	611	32	92
982	612	28	91
982	613	31	88
985	610	26	92
987	564	24	87
984	611	25	94
983	609	29	97
981	611	31	101
981	609	35	96
984	609	27	103
984	611	29	98
984	611	26	102
983	611	32	98
982	613	32	97
982	614	32	95
984	612	30	95
986	611	28	96
983	618	32	89
985	622	28	90
988	621	23	92
988	620	25	93
990	617	24	94
987	620	24	88
987	621	24	81
988	623	22	82
987	623	24	81
987	623	24	81
984	616	24	83
974	624	34	78
983	639	41	79
978	624	37	78
977	616	37	90
982	619	36	92
983	620	30	80
980	622	31	88
984	624	28	92
983	618	28	88
983	618	26	93
982	615	28	91
985	613	25	93
979	609	30	96
979	604	30	95
984	606	24	88
975	603	32	94
980	603	30	104
979	606	27	96
977	606	29	91
975	598	28	92
974	596	24	105
972	597	24	103
971	599	28	98
970	598	32	87
969	608	33	84
971	605	29	92
969	608	29	84
963	606	33	86
965	605	32	84
958	602	37	86
958	602	36	88
958	604	34	88
958	605	33	85
956	604	32	83
955	600	34	91
956	598	34	93
957	607	33	90
955	605	33	92
955	604	38	99
960	614	33	88
957	615	35	79
957	609	34	85
960	611	33	88
963	607	30	87
958	606	35	92
959	606	33	90
960	609	32	87
958	608	36	89
962	614	33	86
964	622	32	80
968	620	28	81
965	622	32	77
969	623	27	83
971	628	30	82
970	624	37	83
969	620	36	89
974	620	28	89
973	620	32	86
972	623	37	88
974	622	34	87
981	622	25	97
981	617	29	89
982	617	30	91
982	621	32	91
988	621	33	95
987	620	36	87
987	619	36	88
986	623	36	90
990	623	36	92
992	631	36	84
993	633	33	75
998	634	30	70
999	640	32	62
1006	640	23	62
1020	632	25	65
1006	634	30	72
1005	630	31	80
1006	636	34	73
1007	633	34	76
1007	635	33	81
1010	636	33	80
1016	635	28	78
1018	636	27	78
1016	635	30	79
1015	631	28	81
1018	633	27	83
1019	635	26	82
1020	636	28	80
1020	636	30	82
1019	633	31	81
1018	635	32	78
1018	631	32	76
1022	630	29	85
1022	637	25	80
1021	639	23	75
1023	642	24	75
1022	639	33	76
1022	636	33	79
1022	636	35	75
1021	634	35	80
1021	635	34	83
1022	636	34	80
1024	636	34	84
1025	636	36	85
1027	635	34	77
1029	634	31	76
1029	634	32	75
1034	639	28	82
1037	634	24	85
1033	638	29	79
1027	636	36	88
1032	631	38	92
1032	625	32	98
1034	629	33	107
1033	625	33	99
1035	637	32	96
1033	641	33	84
1028	644	39	77
1033	644	36	80
1033	646	34	79
1037	646	29	82
1035	647	33	82
1031	646	35	75
1031	648	31	87
1030	646	32	88
1031	650	29	86
1030	645	30	90
1029	650	28	87
1023	647	35	91
1024	645	33	89
1019	650	38	84
1018	646	39	93
1017	652	39	82
1022	649	30	87
1021	653	29	84
1019	655	28	82
1020	653	24	80
1012	655	29	84
1011	658	31	76
1012	655	29	88
1011	653	30	79
1012	657	28	79
1008	660	30	80
1006	662	31	81
1005	658	30	89
1001	658	32	88
1001	656	30	93
998	660	33	90
997	657	33	97
996	661	31	92
994	664	31	91
993	664	33	94
989	663	36	91
991	669	31	94
985	664	38	100
984	667	39	99
985	672	37	94
982	673	37	86
981	669	39	99
982	674	37	94
973	675	45	107
976	681	35	99
974	678	35	101
970	681	36	99
973	666	40	93
971	681	37	104
970	674	30	112
974	675	30	107
972	685	35	106
969	684	40	102
968	686	42	107
966	686	42	100
972	686	35	105
972	686	36	107
971	681	37	114
969	689	39	105
967	687	39	100
969	692	36	92
966	688	36	102
965	690	38	98
961	687	40	93
962	690	37	89
961	686	37	83
958	688	39	90
957	681	41	93
953	683	45	98
949	683	46	101
949	685	46	101
949	682	43	98
943	681	47	104
936	679	56	108
927	669	60	115
934	669	64	111
938	675	56	92
939	678	49	103
942	671	45	99
946	667	37	97
944	670	41	94
948	669	34	96
950	672	30	95
941	672	38	90
941	671	41	88
941	670	43	97
939	669	40	92
940	669	41	92
941	673	40	94
941	671	40	94
943	666	36	96
939	671	44	95
940	668	41	93
938	666	43	91
938	672	42	84
940	672	40	80
942	655	36	83
938	662	39	85
939	667	40	82
938	664	41	88
940	661	37	93
937	664	39	94
937	661	38	103
929	657	47	109
935	656	36	110
939	656	31	116
937	656	32	120
937	656	36	113
936	664	31	102
936	671	30	94
937	671	31	98
928	668	37	92
928	665	41	102
932	667	32	100
934	665	31	96
930	664	33	105
928	672	39	95
928	668	39	103
927	672	37	97
933	675	31	93
933	676	28	88
928	674	32	92
923	673	37	81
923	684	37	78
935	680	48	75
908	679	52	72
919	677	42	82
922	682	37	83
922	684	41	84
915	682	45	89
905	680	55	92
912	683	46	86
913	676	41	103
913	671	38	106
915	674	35	115
916	671	33	119
914	675	39	109
911	676	40	108
911	672	39	113
906	679	45	108
913	685	36	103
912	683	34	100
911	692	35	94
904	694	43	86
903	691	42	88
908	692	36	90
901	693	37	89
908	692	29	89
908	691	29	90
902	692	34	91
899	696	37	90
891	690	44	88
887	694	48	95
892	696	43	99
890	696	43	97
890	694	43	102
891	690	42	107
891	688	41	110
892	693	43	111
892	691	44	111
894	693	38	109
894	694	38	107
894	695	39	106
893	695	39	106
892	692	42	111
899	703	35	103
899	700	34	105
894	702	36	110
891	701	42	111
899	714	35	103
899	709	32	105
896	704	36	113
900	704	32	114
896	709	37	112
892	712	41	119
885	711	51	131
892	708	41	136
892	706	41	137
893	715	37	150
881	712	39	139
893	727	39	131
899	726	37	115
903	732	35	114
901	724	29	113
897	727	33	117
899	732	37	116
897	734	36	117
905	735	30	117
906	733	30	122
896	739	37	128
895	735	42	118
892	732	46	118
892	732	46	118
890	722	45	117
892	734	43	113
893	741	42	107
899	734	34	87
905	752	29	92
898	735	34	94
893	743	40	96
894	744	41	99
893	742	42	104
895	734	37	109
894	736	38	104
892	738	47	109
885	735	50	112
893	730	41	125
892	738	46	113
892	740	48	115
895	727	46	117
899	719	40	126
895	721	49	117
893	718	49	125
892	720	49	123
901	723	39	115
904	720	40	117
902	721	45	121
903	717	44	120
905	716	44	122
907	723	42	114
906	732	47	104
908	728	45	103
911	732	48	101
915	729	44	99
909	728	56	104
920	731	54	99
928	729	43	108
931	730	41	99
929	731	38	101
930	722	36	105
929	721	37	111
924	724	39	109
917	719	41	119
906	730	47	105
897	730	43	105
876	732	42	104
866	732	38	113
848	728	38	114
827	733	43	114
799	733	58	109
778	736	46	96
752	739	55	98
716	742	52	92
685	740	49	101
665	738	50	113
635	736	52	118
618	734	45	118
602	740	47	113
592	751	38	103
577	750	45	102
571	748	45	109
573	751	45	113
570	751	45	114
570	747	41	116
568	747	52	107
570	751	49	88
582	754	46	82
582	748	42	75
590	754	46	79
588	755	55	85
589	751	61	83
593	753	60	94
596	748	64	98
596	741	66	94
605	745	60	94
614	741	50	96
606	738	61	103
614	732	57	107
622	737	51	95
625	732	49	98
630	731	42	97
630	731	43	106
633	726	42	108
636	720	42	113
633	723	47	110
631	722	51	110
636	714	46	108
635	717	48	107
636	718	45	102
640	718	45	95
640	715	43	99
638	715	46	97
639	713	45	100
642	710	40	102
637	710	45	101
644	707	39	101
640	707	45	100
639	705	45	110
642	708	41	108
642	706	41	110
642	703	42	119
637	699	51	103
646	704	49	103
647	701	41	108
649	702	40	109
651	696	39	108
651	688	41	101
650	692	44	98
651	695	42	96
653	696	41	82
655	695	42	84
653	692	41	95
657	692	36	104
661	695	32	93
658	697	41	94
658	697	40	93
665	696	31	94
657	697	40	92
660	696	36	86
661	694	36	84
656	695	41	84
661	693	38	84
653	691	44	94
652	688	44	95
652	688	43	97
653	686	43	100
664	688	32	95
655	687	41	96
660	686	39	84
660	686	41	77
661	686	37	74
664	686	34	86
665	685	30	90
667	679	29	104
660	682	40	117
653	675	47	126
651	679	48	119
649	675	46	109
650	676	47	96
651	680	48	79
657	679	42	67
655	681	43	69
652	677	44	69
654	678	43	75
660	678	37	74
666	679	28	79
666	677	27	82
663	676	29	82
660	675	38	81
659	674	36	88
659	674	39	79
655	673	40	88
661	673	32	88
654	669	40	90
655	669	37	81
656	667	36	90
659	667	33	82
659	666	32	83
662	665	26	84
661	663	31	85
658	664	33	84
651	659	41	90
653	664	42	82
655	666	37	78
658	664	32	76
652	663	36	87
654	663	35	102
655	657	33	111
654	657	34	116
654	657	34	107
656	662	35	110
653	655	37	122
654	661	33	118
651	656	32	112
651	659	31	111
652	656	30	100
649	664	34	102
651	659	26	90
650	662	29	81
650	665	30	83
648	667	27	80
643	666	28	85
639	663	33	91
637	665	36	97
635	667	33	94
631	665	39	89
634	667	35	88
633	665	36	89
632	665	32	94
633	663	27	90
629	664	30	86
630	668	30	84
623	667	31	80
623	666	26	83
622	669	23	84
619	666	25	86
618	668	25	80
611	670	29	85
609	668	31	83
608	672	32	82
606	674	28	88
604	672	31	80
598	674	41	89
584	672	46	79
582	672	45	63
585	677	38	71
584	674	41	77
586	674	36	87
584	672	33	86
583	672	29	85
582	672	31	92
579	669	33	94
577	673	35	94
575	674	35	96
572	677	35	89
568	676	39	93
565	684	39	86
565	684	33	81
562	685	36	84
564	687	35	81
567	685	31	69
566	692	25	62
563	698	26	57
561	696	30	56
556	701	31	55
555	695	32	59
555	699	31	66
554	699	32	59
555	701	31	58
550	704	33	59
541	722	38	55
543	723	34	61
544	709	38	62
551	713	37	62
539	713	45	63
541	714	46	61
538	713	45	64
539	714	46	64
541	718	43	73
535	712	51	73
537	724	51	87
541	714	50	103
551	714	36	107
552	722	40	117
552	717	37	117
555	725	36	118
554	718	38	116
554	727	41	108
554	730	41	114
558	732	37	117
554	737	41	109
545	738	51	104
555	738	39	104
553	744	44	104
553	749	39	102
540	747	48	111
532	752	48	98
521	755	40	84
496	764	47	88
479	768	47	79
427	786	49	85
387	792	50	82
371	813	36	76
305	811	38	77
270	822	48	80
207	847	42	66
160	853	35	66
