1620	676	117	291
1618	670	119	275
1617	674	115	277
1614	676	118	264
1608	665	119	271
1610	673	113	260
1605	674	111	264
1604	684	112	244
1598	675	122	261
1599	680	114	246
1595	682	118	250
1594	679	101	248
1591	683	110	230
1582	689	129	217
1582	687	112	218
1583	691	102	215
1582	695	98	237
1580	703	98	235
1575	701	91	260
1574	698	91	271
1569	704	96	259
1571	708	91	249
1566	715	99	238
1563	708	94	253
1564	710	94	244
1557	720	100	230
1555	720	102	229
1552	731	98	208
1553	742	91	201
1544	746	104	210
1546	728	97	230
1544	742	101	231
1538	747	104	209
1537	741	96	219
1535	733	98	217
1532	734	102	249
1531	726	95	240
1527	731	102	245
1527	730	93	219
1522	730	100	242
1522	727	93	219
1520	723	95	226
1518	719	94	244
1517	715	95	260
1515	710	93	245
1514	713	91	231
1515	709	90	243
1511	709	93	225
1512	707	88	228
1514	707	80	225
1511	707	82	215
1506	707	86	222
1505	708	86	195
1501	719	88	182
1501	706	83	198
1498	706	84	208
1493	704	88	210
1488	705	92	199
1490	703	89	200
1491	701	84	215
1487	692	89	221
1485	690	77	207
1483	691	84	211
1482	699	82	201
1479	692	83	207
1478	693	85	214
1477	693	82	200
1475	696	85	188
1473	703	82	178
1472	701	83	178
1470	702	81	191
1467	702	82	205
1457	703	96	229
1452	702	102	232
1453	703	92	223
1454	701	89	214
1455	708	83	197
1447	710	93	201
1447	707	86	191
1445	714	82	176
1440	723	90	166
1440	721	84	176
1443	718	78	190
1444	718	76	185
1443	720	73	196
1437	723	80	184
1439	716	71	201
1432	724	79	199
1431	726	80	196
1433	729	71	191
1426	744	79	181
1424	735	82	184
1421	738	84	185
1421	740	77	184
1424	741	73	187
1420	743	74	184
1417	746	77	179
1415	745	76	171
1413	749	81	170
1415	749	76	160
1417	744	75	162
1416	739	71	171
1415	740	70	168
1411	740	74	176
1409	738	73	169
1414	737	71	182
1409	740	74	162
1408	737	73	173
1405	734	76	176
1403	736	75	171
1402	734	71	176
1401	731	70	166
1401	729	72	162
1399	725	69	160
1396	725	71	164
1399	726	68	147
1398	723	69	152
1396	722	69	146
1397	729	69	133
1399	724	63	134
1398	722	63	137
1396	719	65	136
1393	717	65	139
1392	720	66	153
1391	718	65	150
1393	712	60	156
1389	715	66	175
1389	711	60	181
1388	719	63	170
1388	719	59	154
1388	717	61	174
1385	720	64	157
1385	718	62	162
1382	716	63	163
1386	721	61	157
1382	723	64	158
1383	720	62	167
1383	718	61	165
1380	721	62	162
1380	722	63	154
1379	726	61	156
1379	722	59	160
1377	719	60	168
1375	726	63	168
1374	724	62	156
1372	727	65	165
1374	720	60	167
1371	717	66	172
1370	716	64	167
1370	714	60	158
1369	713	60	155
1368	713	60	155
1367	711	60	166
1366	711	59	158
1366	705	60	161
1367	707	54	164
1367	704	55	160
1366	698	54	168
1367	704	54	169
1362	706	55	161
1362	709	55	156
1362	703	54	159
1361	700	51	159
1361	702	53	158
1360	704	53	155
1359	707	51	152
1355	707	57	159
1352	710	57	153
1355	716	55	147
1351	712	59	150
1350	715	58	142
1351	713	55	148
1351	720	55	135
1350	721	57	137
1348	724	57	138
1349	725	55	150
1347	724	58	149
1347	728	57	145
1347	735	57	143
1348	733	57	145
1347	736	57	147
1349	733	52	148
1348	735	52	144
1346	735	55	148
1345	733	56	154
1345	736	56	145
1345	730	54	145
1344	730	55	153
1345	733	54	143
1345	729	53	142
1345	731	54	138
1345	734	51	142
1345	729	51	140
1343	729	52	142
1346	728	49	146
1343	726	53	152
1344	728	52	145
1343	731	51	135
1345	731	48	137
1344	730	50	140
1346	730	47	142
1343	728	49	144
1341	724	54	146
1343	728	53	137
1344	725	48	140
1342	727	52	139
1341	730	52	131
1340	727	52	129
1339	721	52	138
1341	722	52	141
1342	718	52	143
1340	724	51	129
1341	724	49	131
1339	723	50	131
1336	721	54	140
1334	723	58	143
1337	722	53	136
1336	721	52	135
1335	723	55	133
1334	721	55	125
1334	723	53	130
1334	719	50	128
1334	719	49	130
1333	720	50	127
1333	716	50	130
1334	718	47	123
1333	724	47	113
1331	717	48	121
1330	712	49	128
1328	709	52	129
1330	713	50	128
1331	708	49	129
1330	713	49	121
1332	707	43	134
1332	707	43	130
1332	708	44	124
1331	706	48	126
1333	704	44	125
1330	702	48	127
1328	701	49	123
1330	697	49	129
1331	704	45	121
1329	702	49	120
1328	698	47	123
1328	698	49	124
1330	695	48	127
1331	690	49	123
1332	692	45	123
1329	687	48	124
1327	691	50	123
1328	688	49	127
1332	683	43	127
1333	683	44	133
1330	687	45	127
1331	682	45	129
1331	684	45	125
1329	679	45	121
1327	683	48	124
1327	679	43	124
1324	681	48	116
1323	674	48	123
1322	674	44	123
1323	674	46	123
1321	672	44	125
1320	676	46	115
1316	671	47	120
1317	668	47	121
1316	675	48	117
1312	682	61	106
1315	672	55	115
1312	670	47	117
1315	665	39	121
1313	666	45	121
1313	662	41	123
1312	661	44	124
1314	659	41	129
1312	659	46	127
1310	656	49	121
1311	655	44	129
1312	654	42	120
1311	651	41	120
1310	652	44	117
1311	655	40	111
1310	657	42	105
1307	650	45	117
1308	646	44	120
1307	649	45	116
1309	646	41	118
1309	647	40	118
1309	647	39	112
1303	642	46	119
1304	638	44	120
1303	645	44	109
1303	642	44	110
1301	638	46	114
1301	644	45	108
1303	644	44	106
1303	640	42	111
1302	643	42	105
1304	641	41	105
1303	637	39	108
1301	634	41	108
1300	641	43	107
1301	636	42	106
1300	633	42	113
1300	631	38	117
1298	632	40	113
1297	632	40	116
1296	633	38	111
1292	636	42	108
1291	633	39	110
1290	636	40	104
1289	630	39	105
1287	624	42	108
1285	624	39	111
1286	626	39	112
1283	632	41	103
1282	632	40	98
1280	629	45	105
1282	634	41	100
1281	633	42	98
1277	629	45	102
1278	630	46	101
1278	630	45	104
1280	625	42	103
1280	627	40	97
1278	631	42	95
1277	628	43	99
1277	633	44	92
1276	629	47	90
1278	628	42	90
1279	628	40	92
1279	623	42	97
1280	629	41	93
1279	628	39	91
1280	628	40	94
1282	628	35	93
1281	625	36	94
1278	630	38	87
1277	628	40	87
1278	629	38	87
1278	627	38	92
1279	617	36	97
1277	616	38	99
1276	616	38	104
1278	616	37	99
1280	616	33	98
1279	618	34	94
1277	617	37	97
1276	617	37	96
1278	613	36	101
1276	614	36	95
1276	618	36	97
1275	618	37	96
1271	618	42	93
1272	620	40	88
1272	618	40	92
1270	614	42	96
1272	617	39	94
1270	616	42	90
1269	613	41	94
1270	616	39	90
1270	619	39	81
1268	613	41	89
1268	615	42	86
1268	609	40	93
1271	616	37	85
1270	615	37	84
1271	611	37	90
1270	611	38	85
1271	608	37	89
1271	607	37	83
1271	605	34	85
1273	604	30	92
1271	600	35	93
1270	595	34	96
1272	592	34	99
1269	590	36	101
1271	590	34	100
1269	599	34	94
1269	595	35	99
1266	593	40	96
1270	602	36	90
1270	596	35	89
1269	600	35	83
1268	603	36	78
1268	601	37	79
1267	595	37	88
1266	602	36	82
1263	600	41	84
1265	601	37	77
1263	600	39	77
1261	592	41	80
1263	593	38	90
1264	587	36	94
1264	591	39	94
1261	596	40	86
1260	589	39	92
1262	592	38	89
1265	590	33	85
1264	586	35	84
1262	584	36	90
1262	585	35	86
1262	581	36	93
1261	576	35	94
1262	573	37	102
1262	576	39	95
1261	575	39	99
1264	573	34	104
1267	577	32	101
1266	577	32	103
1264	575	33	105
1265	576	36	103
1266	578	33	100
1266	582	32	96
1265	588	31	93
1265	575	34	98
1265	573	36	114
1263	567	38	116
1261	570	42	108
1266	589	33	88
1264	586	37	89
1261	591	40	83
1262	598	37	76
1263	596	36	80
1263	592	38	83
1262	597	39	83
1261	595	40	80
1263	595	38	86
1263	597	38	86
1262	595	39	87
1264	597	37	84
1264	593	36	85
1262	591	40	87
1265	599	37	79
1265	599	35	82
1264	598	38	83
1265	601	38	78
1265	608	36	70
1265	602	36	77
1265	602	36	77
1264	595	37	89
1266	593	36	89
1268	617	32	83
1267	601	34	88
1267	597	35	90
1270	607	32	90
1318	616	41	92
1272	605	32	95
1271	602	37	93
1272	623	33	81
1272	623	33	81
1307	552	37	79
1267	620	42	73
1267	620	42	73
1267	620	42	73
1267	620	42	73
1267	620	42	73
1267	620	42	73
1267	620	42	73
1267	620	42	73
1267	620	42	73
1260	607	31	70
1260	606	34	67
1257	604	42	70
1256	602	47	78
1259	602	46	78
1258	602	43	73
1256	603	42	69
1256	602	41	73
1258	581	39	85
1259	583	39	86
1260	584	42	86
1259	589	46	79
1250	589	55	79
1254	590	51	76
1257	603	46	64
1257	603	46	64
1259	589	41	72
1259	589	41	72
1263	591	31	71
1265	591	37	71
1262	574	34	80
1263	568	36	88
1261	563	36	91
1262	573	37	86
1264	572	35	83
1260	574	38	76
1262	579	35	75
1260	567	36	86
1260	563	35	93
1260	546	35	99
1266	562	31	84
1262	552	33	93
1261	559	35	89
1261	569	35	80
1265	569	36	76
1261	572	40	66
1261	572	40	66
1262	569	29	75
1256	572	36	65
1253	568	43	75
1255	574	41	70
1258	584	29	69
1260	574	34	69
1259	575	28	63
1259	575	28	63
1259	575	28	63
1258	551	29	60
1259	561	32	69
1256	572	35	69
1259	557	36	72
1259	557	38	79
1256	552	41	83
1264	554	33	77
1264	554	33	77
1260	553	36	82
1260	554	39	83
1259	553	37	80
1262	553	35	86
1262	556	35	80
1260	553	35	85
1259	553	38	82
1259	549	40	86
1257	548	43	78
1260	549	38	73
1259	552	37	77
1258	551	41	71
1258	552	41	67
1259	552	41	64
1259	549	34	70
1259	542	33	78
1258	541	32	85
1259	549	32	85
1257	550	41	88
1253	552	43	76
1247	556	50	68
1247	556	50	69
1252	553	42	72
1254	552	41	64
1256	553	41	61
1257	551	39	74
1258	551	37	69
1257	552	33	63
1258	554	32	57
1257	551	31	55
1259	551	32	56
1258	547	34	52
1258	549	35	54
1259	545	36	62
1259	540	35	67
1258	557	37	64
1261	548	33	72
1261	552	30	67
1259	548	33	67
1261	556	36	64
1261	556	36	64
1262	557	32	60
1308	556	38	53
1264	568	36	59
1258	557	38	58
1259	554	38	63
1260	549	36	65
1259	549	40	73
1260	547	37	81
1262	552	37	75
1264	549	35	79
1263	552	34	70
1261	554	36	65
1263	554	36	68
1269	556	32	70
1266	556	33	70
1266	556	32	68
1263	555	36	65
1263	555	36	66
1257	569	39	63
1264	554	35	65
1263	558	37	63
1260	564	39	57
1257	572	46	51
1255	573	42	46
1320	666	41	50
1320	666	41	50
1323	674	39	54
1323	681	42	55
1321	675	42	65
1320	674	47	70
1322	682	47	70
1306	576	48	80
1266	564	42	78
1262	566	45	81
1263	560	41	78
1259	567	43	90
1260	567	42	84
1259	573	49	90
1261	573	46	96
1262	559	42	91
1267	568	34	87
1270	560	29	95
1269	567	33	87
1272	565	26	86
1275	567	23	88
1275	567	23	88
1272	556	31	82
1265	562	37	81
1308	588	45	81
1273	586	56	67
1272	581	48	73
1272	581	48	73
1274	590	37	63
1271	587	37	66
1274	585	29	63
1270	601	34	58
1275	597	37	63
1275	596	34	66
1276	597	34	64
1276	594	33	63
1275	595	38	68
1275	588	44	81
1275	588	44	83
1275	588	49	70
1275	593	47	64
1279	590	44	60
1275	591	53	62
1275	592	48	65
1274	590	57	72
1271	588	56	71
1277	591	48	66
1269	584	44	72
1273	581	40	68
1319	598	36	64
1277	583	37	62
1277	582	37	56
1277	581	36	64
1320	593	39	68
1280	566	36	75
1281	568	42	67
1275	561	54	68
1276	566	44	70
1276	559	49	69
1281	569	40	63
1280	574	43	61
1281	570	36	63
1278	574	40	64
1282	565	37	74
1289	565	29	61
1280	567	37	60
1273	577	44	62
1276	577	41	63
1276	574	45	56
1276	577	39	48
1281	570	40	40
1286	576	33	48
1276	581	36	44
1277	573	41	45
1278	570	38	43
1274	585	35	44
1273	586	28	53
1273	586	28	53
1273	586	28	53
1321	587	33	52
1285	573	28	51
1289	575	27	49
1289	575	27	49
1289	575	27	49
1287	564	28	58
1290	564	22	58
1288	553	24	63
1290	559	25	65
1290	559	25	65
1287	550	28	71
1287	550	28	71
1286	558	25	71
1285	562	30	69
1282	552	37	69
1278	550	41	74
1282	558	44	70
1283	556	40	57
1285	559	32	61
1285	558	31	61
1284	557	33	64
1285	555	30	72
1279	555	37	66
1279	555	35	64
1292	554	26	61
1285	563	33	66
1279	558	36	67
1285	562	36	64
1287	553	33	72
1287	552	35	78
1287	549	37	82
1288	548	34	87
1288	543	30	96
1288	539	32	83
1286	542	32	73
1285	549	32	72
1288	554	31	67
1322	566	34	64
1289	548	29	66
1291	546	27	65
1291	554	27	59
1288	557	34	54
1292	552	28	60
1290	551	30	64
1293	551	29	56
1291	550	28	59
1291	544	34	66
1294	544	26	76
1291	539	34	79
1290	539	34	79
1290	541	34	77
1291	540	33	77
1290	543	32	71
1291	542	25	74
1291	542	28	74
1295	542	28	66
1291	538	36	66
1290	549	35	63
1289	548	38	71
1291	541	31	71
1290	543	29	65
1291	538	29	63
1292	538	30	57
1291	556	23	50
1285	542	26	54
1276	540	29	53
1274	543	26	52
1273	546	26	53
1270	544	25	49
1258	542	33	49
1258	540	30	46
1256	541	41	47
1230	539	45	38
1238	543	44	47
1251	555	44	53
1249	545	46	56
1249	545	46	56
1198	535	36	43
1207	533	36	46
1197	529	31	47
1181	526	39	50
1181	526	39	50
1176	536	40	57
1176	536	40	57
1187	528	37	65
1182	526	44	68
1177	526	46	65
1143	525	37	58
1145	536	48	54
1139	528	60	52
1143	536	51	62
1150	528	42	73
1143	519	43	80
1124	522	61	75
1116	522	69	60
1125	524	62	71
1125	524	62	71
1082	533	43	64
1116	519	45	61
1120	519	58	65
1115	526	74	60
1111	526	78	55
1111	526	78	55
1111	526	78	55
1111	525	70	58
1106	525	67	64
1114	525	74	69
1105	524	85	76
1118	525	73	69
1120	525	61	64
1112	522	68	64
1107	524	71	61
1094	518	65	64
1107	523	52	57
1112	525	41	55
1115	517	32	57
1121	516	30	55
1116	523	35	48
1115	523	35	54
1116	524	37	48
1115	522	35	51
1116	523	36	49
1117	524	32	47
1114	525	35	54
1115	523	36	57
1114	519	36	64
1114	520	36	66
1118	511	32	61
1118	511	33	61
1118	509	33	62
1119	512	32	58
1115	518	32	51
1129	508	41	51
1145	509	38	57
1115	509	35	57
1149	509	31	59
1144	514	36	58
1142	512	39	65
1145	508	37	72
1145	506	35	72
1147	509	36	72
1148	509	36	75
1144	508	34	71
1117	499	29	67
1117	503	28	59
1116	506	27	56
1116	505	29	51
1146	510	34	56
1113	508	35	48
1117	509	27	46
1116	507	28	51
1116	508	25	48
1116	508	28	49
1116	509	26	52
1116	508	28	48
1148	507	33	53
1116	506	31	46
1115	504	31	52
1117	504	30	50
1119	506	28	50
1118	502	26	49
1119	509	27	48
1121	497	26	47
1116	502	31	46
1117	501	28	56
1117	503	30	56
1116	504	30	55
1115	504	32	51
1114	505	33	45
1118	502	30	51
1118	503	27	50
1120	504	27	49
1118	501	28	49
1119	500	26	51
1125	500	21	59
1123	507	22	55
1119	496	28	64
1145	496	26	61
1119	492	30	56
1120	494	31	61
1117	494	35	60
1117	496	44	50
1120	494	49	57
1110	496	56	51
1118	498	52	47
1109	500	64	47
1100	503	63	45
1115	499	58	49
1114	483	58	56
1134	496	52	70
1107	492	46	81
1121	478	55	76
1123	491	55	70
1118	491	57	66
1120	488	67	75
1120	485	60	76
1120	486	59	79
1120	492	60	69
1119	492	61	67
1119	494	60	63
1114	493	60	56
1118	490	59	59
1119	491	62	64
1115	484	62	66
1121	478	60	73
1117	483	56	74
1116	480	59	69
1113	487	55	66
1115	481	59	71
1115	479	62	75
1112	484	63	65
1110	485	68	60
1110	482	68	67
1114	485	65	64
1112	488	66	57
1105	485	73	59
1106	483	79	72
1115	477	65	77
1118	475	58	78
1122	477	63	76
1121	471	68	83
1119	469	62	87
1119	473	58	88
1112	471	68	76
1113	472	68	76
1120	474	56	74
1119	471	59	77
1120	467	57	88
1121	467	59	100
1127	467	52	101
1127	463	53	83
1127	460	54	93
1129	461	60	96
1117	459	71	85
1120	456	65	77
1116	457	67	86
1114	460	72	85
1107	461	82	78
1117	459	77	80
1123	455	65	91
1125	453	60	84
1120	451	64	77
1125	449	63	80
1122	452	63	77
1121	452	61	78
1129	452	60	70
1130	450	56	75
1127	447	63	80
1127	442	57	66
1138	447	53	63
1138	446	52	69
1138	448	52	63
1150	448	40	53
1128	436	30	47
1130	436	25	55
1134	440	27	49
1132	432	25	52
1131	431	24	52
1138	433	33	58
1138	432	44	53
1135	432	52	51
1124	431	46	50
1128	430	42	52
1128	428	39	56
1128	428	36	45
1131	423	27	55
1133	431	21	52
1134	428	20	51
1149	429	18	51
1136	424	23	50
1134	416	24	59
1133	416	25	54
1133	413	23	61
1135	415	26	54
1134	418	27	50
1133	416	26	49
1134	414	26	51
1134	411	32	58
1136	414	28	68
1134	410	28	60
1132	408	30	57
1132	410	29	54
1137	408	28	48
1133	403	32	52
1134	401	34	52
1138	407	27	51
1137	410	27	46
1137	406	26	43
1134	407	32	42
1133	402	33	45
1133	395	33	51
1134	399	30	48
1161	396	28	56
1135	399	29	56
1157	396	32	58
1133	396	30	50
1134	385	31	52
1162	393	26	47
1137	392	25	46
1142	391	20	44
1142	393	21	42
1142	388	21	44
1143	384	18	49
1142	382	21	50
1141	382	22	51
1141	382	21	48
1137	379	25	49
1137	379	30	53
1131	372	34	46
1158	378	35	51
1164	378	32	53
1141	363	25	55
1138	362	29	56
1135	362	32	51
1138	362	28	53
1136	362	30	55
1133	364	35	56
1135	353	34	62
1133	350	35	67
1134	350	39	70
1135	346	36	72
1133	336	39	79
1148	355	48	81
1138	346	43	73
1141	345	46	82
1142	346	55	67
1150	347	52	53
1142	351	58	50
1137	344	54	57
1138	341	56	59
1136	340	62	56
1125	333	64	63
1135	333	58	72
1143	334	55	66
1132	327	64	72
1142	330	57	69
1138	333	64	76
1148	330	53	72
1146	329	54	66
1144	332	58	67
1141	328	60	70
1147	328	51	72
1146	323	58	69
1144	322	57	71
1142	320	61	65
1139	320	65	65
1148	317	56	69
1145	315	59	74
1142	311	60	73
1135	307	69	67
1128	299	81	81
1137	300	69	96
1141	296	72	91
1146	309	55	102
1139	297	61	111
1138	295	64	104
1133	283	77	105
1131	279	79	100
1135	287	77	95
1129	280	86	85
1128	285	76	73
1130	286	76	77
1133	281	81	74
1139	291	77	69
1132	285	80	68
1133	288	82	68
1134	289	79	69
1139	287	70	76
1136	278	64	82
1134	276	66	86
1139	269	77	92
1133	263	82	104
1129	264	80	89
1131	268	82	82
1138	262	71	90
1131	264	74	89
1137	266	57	80
