1166	474	50	134
1168	470	47	136
1167	470	50	145
1166	469	53	141
1167	471	53	135
1170	475	49	135
1171	473	47	133
1173	473	46	137
1173	471	46	140
1173	474	46	133
1174	473	47	137
1174	474	44	135
1175	474	44	137
1173	470	47	141
1173	470	48	140
1173	472	48	139
1172	472	55	139
1173	474	49	138
1175	470	46	139
1174	469	53	147
1173	476	51	143
1173	474	51	146
1172	480	57	137
1173	482	51	141
1173	483	51	142
1173	486	53	139
1173	487	56	144
1175	491	52	142
1176	493	52	137
1177	499	50	136
1177	497	50	142
1177	504	50	139
1177	506	49	143
1178	508	46	140
1177	512	49	135
1178	517	48	126
1177	517	48	135
1177	523	49	135
1178	521	48	136
1178	527	47	126
1177	530	46	127
1177	527	47	132
1175	525	51	137
1176	527	47	136
1177	528	45	129
1176	528	44	132
1175	528	44	129
1175	529	42	130
1174	530	42	127
1172	528	44	131
1172	528	43	128
1171	528	42	130
1170	527	43	132
1168	529	43	132
1167	530	43	132
1164	529	45	131
1164	529	44	134
1162	530	47	128
1161	531	47	128
1160	530	46	131
1158	531	46	132
1158	529	47	137
1157	530	46	135
1155	529	47	137
1155	530	44	133
1155	528	45	133
1153	527	47	134
1150	529	49	130
1153	531	45	126
1150	531	47	127
1151	531	45	120
1147	531	48	126
1145	533	49	123
1143	532	51	125
1143	531	49	130
1139	531	53	124
1141	531	50	124
1138	532	52	118
1139	529	50	121
1134	528	53	122
1131	528	56	129
1130	529	56	125
1128	527	55	122
1126	526	58	127
1126	524	55	128
1124	525	56	130
1120	524	62	130
1116	524	65	122
1116	526	61	121
1118	525	57	117
1124	528	49	117
1124	530	49	112
1105	527	66	102
1110	527	76	113
1107	528	83	116
1114	528	75	142
1122	528	66	136
1094	514	64	127
1090	520	74	119
1090	524	92	114
1075	519	87	116
1084	519	92	114
1085	522	99	126
1089	522	91	144
1061	504	99	151
1074	512	101	148
1069	519	104	133
1066	520	104	131
1068	521	102	127
1038	515	113	135
1060	516	103	132
1072	521	97	134
1052	517	87	126
1064	521	97	138
1036	516	110	139
1056	517	110	143
1081	518	83	149
1052	517	86	143
1053	521	110	130
1075	522	85	143
1084	524	70	135
1039	504	55	125
1046	522	34	112
1044	523	31	99
1043	523	32	102
1041	524	33	102
1037	523	35	103
1037	523	34	103
1034	522	37	104
1032	524	33	98
1032	524	32	101
1030	525	31	100
1028	526	32	99
1026	526	31	101
1025	526	29	97
1022	527	30	92
1022	527	26	96
1019	525	29	101
1017	528	32	97
1014	527	31	103
1012	528	34	102
1008	527	36	104
1006	525	36	102
1006	530	36	101
1003	530	38	98
1002	530	35	98
998	530	37	98
997	528	36	99
996	528	35	100
995	528	35	93
992	526	35	98
989	530	34	100
989	530	33	95
989	531	31	94
988	529	30	99
987	530	30	98
985	528	29	104
982	528	30	100
983	528	29	105
981	529	29	106
978	532	32	100
979	533	32	94
977	531	31	100
974	536	33	97
970	535	36	98
971	531	34	99
967	535	35	104
966	535	32	101
964	531	31	106
964	530	31	106
962	526	32	111
960	535	32	106
958	529	32	109
957	536	33	103
955	534	33	105
951	545	38	94
948	541	40	99
947	545	38	97
946	542	38	97
945	536	38	102
944	533	38	111
943	537	39	103
943	539	37	101
941	551	40	93
940	547	41	96
937	541	40	102
935	544	40	105
935	540	39	105
934	537	39	112
932	539	39	108
932	537	37	113
931	541	38	107
931	539	37	109
930	541	36	111
928	540	38	113
928	543	38	113
930	541	35	115
929	543	35	111
929	546	34	108
929	548	34	104
927	547	35	107
927	547	34	113
927	548	34	109
926	550	34	105
924	548	39	118
925	547	37	112
925	552	39	104
926	560	36	99
925	552	34	105
924	564	37	95
924	568	37	96
925	569	34	98
923	572	35	98
922	564	37	104
922	562	32	111
920	569	39	102
921	563	40	108
921	564	35	108
920	566	37	107
919	565	36	111
918	563	40	116
918	559	39	121
917	567	37	113
918	564	37	117
918	562	36	120
917	561	38	127
916	564	36	122
917	565	37	116
916	566	38	118
915	563	37	122
916	563	35	120
917	571	37	117
918	578	34	109
916	572	36	115
914	573	36	115
914	571	37	121
913	568	42	124
911	578	39	114
913	574	39	111
914	573	37	123
912	573	40	118
911	573	44	123
912	574	40	119
912	572	38	120
912	581	39	112
911	579	43	115
912	577	39	119
910	578	42	123
910	578	43	124
909	579	43	126
910	580	39	130
911	578	38	125
908	575	40	129
907	576	45	125
907	595	43	117
907	591	41	123
906	595	40	119
904	599	47	114
904	595	44	117
905	592	42	122
904	592	43	116
905	605	46	105
908	604	40	107
906	593	41	121
905	588	43	127
908	599	40	120
906	599	41	121
906	598	40	125
904	597	42	135
903	600	42	127
905	604	36	115
903	608	44	122
908	615	36	109
905	607	40	115
906	615	38	118
906	606	40	126
908	603	38	132
905	609	40	124
906	609	37	123
906	607	42	133
906	608	38	132
905	608	38	132
903	612	41	128
901	611	42	133
900	619	44	125
897	623	48	119
898	614	45	127
898	612	44	132
896	619	46	126
894	616	47	131
899	618	42	131
897	620	42	132
898	616	41	127
891	616	50	130
896	611	46	134
891	609	53	139
889	606	55	134
896	609	47	132
896	608	46	136
899	613	43	133
899	611	42	136
902	618	41	127
891	611	50	128
893	633	56	104
900	626	41	110
900	631	42	105
901	627	38	110
900	626	41	109
901	624	39	115
900	617	41	118
903	619	39	118
902	618	42	120
904	622	39	113
901	616	43	120
903	619	42	114
901	607	46	128
901	615	48	120
903	607	43	126
905	620	43	112
898	630	50	118
903	630	48	115
905	632	42	108
908	637	43	99
900	634	49	109
890	630	60	114
901	624	50	138
901	625	50	136
894	626	59	136
903	624	49	140
903	626	48	140
903	627	47	141
898	638	54	130
903	629	47	135
894	630	60	139
894	630	60	139
886	634	70	137
890	635	68	139
889	635	68	141
895	638	63	139
895	636	62	142
900	640	58	140
897	638	60	147
900	639	59	147
901	638	58	147
888	637	70	149
894	638	70	150
891	640	73	148
886	640	76	146
885	642	79	142
884	647	79	124
888	646	75	137
889	644	71	139
885	641	79	137
889	644	75	142
879	638	87	153
886	644	82	149
881	646	82	150
885	646	80	149
883	642	79	152
886	650	79	141
874	651	90	147
877	652	90	145
883	654	78	139
883	654	72	139
886	653	77	142
887	650	72	147
889	653	72	140
890	652	72	139
890	652	73	140
893	647	69	146
895	649	66	137
896	649	64	143
896	648	65	151
894	650	69	152
897	649	66	152
896	649	69	153
896	647	67	153
895	648	69	153
887	645	80	157
886	643	83	154
879	652	93	135
885	645	83	146
881	636	87	151
890	642	79	141
891	641	77	146
894	636	73	142
887	646	85	135
877	654	96	123
884	648	86	130
886	641	86	135
888	641	85	139
895	636	77	142
888	635	80	144
886	642	83	131
884	645	86	128
880	644	87	116
882	637	88	126
885	635	89	128
882	636	91	118
888	628	86	122
892	634	79	117
896	626	76	121
900	621	76	128
907	616	63	134
914	609	56	137
909	613	58	137
910	611	57	138
905	614	64	137
904	613	67	141
904	612	65	142
904	608	65	146
899	612	74	141
893	613	78	142
893	615	78	134
903	619	71	136
905	614	68	141
906	618	65	138
905	615	68	143
914	617	55	140
911	617	59	140
910	620	59	138
901	618	67	144
903	617	72	145
908	625	61	133
909	627	66	133
912	622	58	141
912	614	60	144
906	620	61	155
901	631	74	144
898	639	66	147
904	632	68	152
908	635	68	141
910	636	64	139
911	636	58	138
915	634	53	142
915	634	53	145
913	637	58	142
916	639	54	141
918	635	52	148
923	633	48	150
920	638	54	153
922	642	51	147
921	639	52	146
925	640	49	151
923	642	53	150
922	646	55	140
920	640	61	152
918	642	60	150
926	633	54	154
925	626	55	158
929	628	51	158
925	635	57	148
919	636	64	146
923	636	61	143
922	633	63	147
921	636	66	149
918	636	70	152
924	628	65	165
922	631	66	167
930	642	58	155
921	636	70	160
918	646	73	152
909	649	82	147
911	633	83	161
911	645	85	152
913	643	89	152
916	644	88	152
913	656	90	144
917	658	87	138
917	668	87	132
906	670	97	128
915	663	95	138
911	664	96	138
896	670	120	138
902	682	129	128
902	684	116	124
923	674	113	143
908	682	118	130
924	676	117	136
911	694	116	118
915	686	129	130
916	698	120	120
920	691	119	128
919	676	127	143
922	675	132	147
924	664	127	160
920	648	151	177
923	638	159	186
924	636	160	193
929	645	161	188
934	634	155	192
935	640	154	190
951	642	142	192
941	641	149	191
945	646	151	184
950	650	147	183
955	638	143	189
955	640	143	184
960	644	140	181
948	631	151	190
953	635	155	185
962	643	148	178
974	650	135	166
967	638	142	179
968	638	147	175
980	647	138	168
979	640	139	173
983	647	141	166
976	640	149	167
1018	637	135	178
1044	641	94	171
1055	635	73	170
1061	634	58	160
1076	651	64	162
1067	632	68	168
1069	626	57	160
1080	649	68	154
1076	633	47	149
1077	632	63	154
1078	627	55	165
1085	632	69	164
1083	624	51	162
1100	640	63	154
1085	624	72	163
1091	622	47	156
1095	626	46	147
1095	621	43	141
1101	620	40	145
1106	618	37	151
1147	642	31	147
1105	612	41	146
1107	609	44	142
1108	612	40	142
1110	600	42	140
1110	594	43	143
1111	595	44	146
1112	591	42	141
1113	596	43	134
1112	597	43	138
1115	593	43	138
1117	588	41	143
1117	591	42	142
1122	586	37	145
1120	585	43	144
1120	585	43	144
1123	586	41	130
1123	585	44	135
1124	583	43	130
1126	584	44	131
1128	584	43	126
1129	580	44	130
1132	584	42	131
1132	585	44	129
1134	582	43	131
1137	587	41	134
1137	584	43	136
1140	584	42	139
1141	588	41	138
1143	585	39	133
1143	587	40	134
1145	587	41	137
1144	588	42	130
1146	587	42	130
1146	591	44	128
1147	592	42	127
1148	592	44	126
1149	592	45	129
1150	591	47	134
1150	594	46	128
1151	595	45	122
1152	594	46	126
1154	595	43	129
1154	596	44	125
1154	596	44	134
1155	597	43	134
1155	598	47	131
1157	598	46	139
1159	598	43	136
1159	600	46	133
1159	598	46	135
1159	599	48	135
1159	598	49	138
1161	601	50	135
1161	600	48	139
1162	599	46	142
1163	600	49	145
1164	603	50	145
1165	607	47	143
1165	607	47	144
1165	608	49	142
1167	607	49	145
1170	607	46	146
1168	608	48	144
1167	608	50	140
1168	606	51	146
1167	607	50	142
1168	607	51	145
1167	610	50	141
1167	609	46	142
1160	610	49	142
1151	609	51	147
1135	609	52	147
1120	612	51	145
1098	611	52	141
1073	614	44	134
1042	612	49	138
1009	612	50	136
975	615	49	132
932	614	48	138
886	616	48	141
849	613	49	145
800	617	50	145
755	614	54	139
704	624	51	146
654	624	52	155
606	633	56	153
546	638	63	153
492	643	61	153
441	652	65	139
382	663	66	143
331	671	66	150
279	685	74	160
236	688	74	169
202	695	74	172
169	703	77	181
145	708	80	182
128	713	78	176
113	716	81	181
104	717	84	186
95	721	87	183
92	722	87	185
91	723	87	192
89	724	90	196
88	728	91	195
85	729	94	197
85	729	94	201
88	731	92	210
92	735	85	209
92	738	87	217
89	737	89	216
90	740	88	221
94	744	83	225
91	743	89	224
90	744	89	218
93	748	88	203
95	747	85	207
90	749	91	202
93	749	91	206
96	749	87	214
90	753	96	199
95	754	92	197
93	756	96	201
94	760	101	203
99	761	101	204
106	760	98	206
113	761	99	204
129	761	103	205
148	761	95	214
171	758	91	201
203	756	89	201
228	756	90	193
268	751	85	192
300	748	77	177
338	740	73	193
383	736	70	189
412	732	71	194
457	729	68	182
488	726	67	185
525	723	70	198
561	719	67	201
582	720	70	200
611	721	63	200
632	722	62	197
642	723	63	205
654	724	66	201
661	725	67	192
667	724	66	195
671	724	69	200
674	727	69	193
677	728	68	199
678	728	69	206
677	727	74	205
681	728	69	202
677	736	74	193
678	735	75	189
680	738	77	192
679	742	74	188
680	745	73	194
683	747	74	181
684	749	74	191
685	749	73	194
684	748	73	197
685	747	75	202
687	749	73	195
688	749	71	201
691	747	69	197
692	749	70	190
693	749	70	192
694	747	74	194
695	749	71	193
697	746	69	198
700	745	68	208
700	747	71	210
700	745	72	212
703	744	71	218
707	745	69	214
707	746	70	211
710	743	68	211
714	744	65	200
718	743	65	203
719	744	67	194
721	741	70	201
722	736	73	214
727	732	73	216
726	730	79	218
729	727	77	202
734	730	72	180
737	727	76	185
736	726	81	195
740	720	77	199
744	718	79	199
748	718	77	193
754	715	71	197
756	711	71	195
759	707	71	204
764	703	68	195
766	703	69	184
770	700	68	189
772	696	71	189
779	692	66	190
782	689	63	191
784	687	65	177
789	683	61	183
793	680	60	182
795	677	60	188
800	674	58	191
803	674	58	186
806	671	55	194
809	671	54	192
810	658	57	196
812	662	57	205
815	658	58	210
820	645	57	203
820	648	59	198
825	644	56	192
828	642	56	183
829	641	59	185
834	640	57	182
837	638	59	175
840	636	60	163
844	634	59	171
847	633	63	171
849	634	67	159
853	636	57	156
861	635	54	151
862	636	56	138
864	638	59	145
867	639	62	131
883	671	76	139
876	659	84	153
879	639	64	167
881	641	75	187
882	645	84	213
885	642	85	208
886	644	82	217
888	651	80	212
892	646	76	220
895	650	74	222
899	652	68	227
896	656	71	219
898	655	72	217
897	657	70	203
897	658	72	203
898	657	72	218
896	660	76	223
896	660	78	223
897	660	75	218
899	661	77	222
896	658	82	235
897	656	82	262
893	658	87	268
893	660	88	260
895	657	88	269
894	658	93	264
895	658	96	274
895	656	96	272
894	654	98	273
894	652	98	280
895	654	102	275
893	656	108	284
894	650	110	294
893	652	114	295
894	656	116	280
893	662	121	268
892	657	122	290
891	655	128	287
887	654	137	289
893	653	131	279
882	655	145	286
904	648	128	291
867	669	103	279
881	679	79	243
882	675	70	241
883	664	74	238
886	675	65	217
888	675	64	212
886	676	68	202
887	673	66	211
888	674	65	212
889	671	66	200
890	666	65	192
891	670	63	182
894	653	61	185
894	652	61	187
894	652	59	198
896	649	58	199
895	648	60	186
895	646	62	196
895	643	63	201
896	642	61	196
897	642	59	197
897	642	60	198
899	642	59	192
898	642	62	194
899	640	60	193
899	639	61	208
899	641	63	193
900	641	63	199
900	641	64	203
900	641	63	200
904	642	59	194
902	643	63	199
902	642	64	188
905	643	61	171
905	639	60	177
907	644	59	179
907	646	60	170
906	643	61	174
908	647	61	169
908	646	59	177
909	646	58	181
909	646	57	195
913	649	54	190
910	649	61	205
909	651	60	206
912	652	58	204
911	653	61	194
912	653	61	188
915	653	57	188
915	655	58	175
914	653	60	186
914	651	62	195
915	650	60	206
915	652	63	201
916	650	63	194
917	650	62	180
919	650	62	180
921	649	62	191
919	651	63	185
922	652	60	182
921	652	62	177
923	650	60	184
923	653	64	184
924	652	63	189
925	652	63	194
924	652	63	190
924	652	63	191
926	651	61	189
926	652	60	190
928	654	60	195
929	654	59	193
929	653	60	187
929	652	65	179
931	648	61	192
931	650	63	187
931	650	62	194
931	650	64	189
933	650	64	196
936	650	60	185
937	649	61	190
939	651	62	186
941	649	63	200
942	651	64	193
944	650	62	196
945	651	65	211
945	648	66	221
948	645	66	216
949	646	67	214
950	646	69	208
954	643	66	198
958	644	63	175
959	642	66	180
960	640	67	186
963	637	67	188
966	636	70	189
968	636	65	200
973	635	63	200
974	636	64	190
976	635	63	194
979	635	63	184
982	634	58	187
986	632	58	192
990	634	56	176
990	630	58	188
993	625	59	192
997	625	55	197
998	618	59	204
1000	611	57	189
1002	614	56	187
1004	610	58	187
1006	610	56	176
1007	611	56	174
1008	610	58	170
1012	610	55	170
1013	612	55	174
1014	615	56	175
1017	617	56	175
1018	616	55	170
1022	620	53	178
1023	622	55	178
1024	624	57	182
1025	627	56	181
1026	631	58	169
1027	634	57	167
1031	640	55	169
1032	641	57	170
1032	647	61	173
