962	673	32	89
960	670	34	92
959	670	34	89
956	671	35	90
955	669	36	92
956	671	34	85
953	669	39	94
952	671	38	89
952	670	38	88
953	669	35	87
952	667	35	89
951	664	37	93
951	665	34	87
949	662	38	90
948	659	37	90
949	662	35	90
951	663	30	91
951	668	28	86
948	661	34	88
945	659	37	91
945	657	39	91
947	660	32	85
947	659	30	89
945	662	31	85
944	661	33	82
943	662	33	86
942	658	34	84
942	655	35	87
942	659	33	85
942	656	33	82
942	660	32	80
942	662	32	78
940	661	33	84
938	659	36	86
938	657	34	84
939	663	34	79
939	662	32	78
938	661	32	80
939	665	30	73
937	659	30	78
935	661	31	76
935	663	29	76
933	659	30	79
934	661	27	76
930	656	33	83
931	652	31	85
930	657	31	84
930	647	28	93
928	652	32	90
926	651	32	88
926	650	31	92
925	651	31	90
925	647	32	98
919	640	39	103
919	638	38	107
920	644	36	100
920	643	36	104
919	642	33	109
917	647	35	101
915	647	36	100
913	651	35	93
905	659	35	83
899	659	36	82
892	661	34	83
883	662	31	77
875	661	31	79
865	664	33	77
855	664	38	78
852	668	34	78
847	662	32	81
843	667	32	79
837	666	36	82
835	662	35	88
829	660	38	88
826	657	42	99
825	657	40	96
819	659	46	94
823	664	37	91
819	670	40	82
814	670	43	79
813	671	42	82
813	669	37	88
803	672	42	86
796	668	43	92
788	671	37	88
771	677	42	87
755	673	43	89
743	676	45	85
728	679	43	80
719	679	43	85
708	683	40	83
702	682	36	86
696	682	36	83
688	685	39	85
687	681	35	87
684	680	34	87
680	682	35	86
679	683	34	91
677	687	37	89
683	679	35	90
689	690	35	90
702	689	36	95
715	687	35	96
733	686	34	92
750	683	33	99
764	683	32	95
776	680	33	98
785	680	33	97
791	678	35	100
795	684	34	89
798	684	35	95
800	684	35	93
806	684	30	92
803	684	32	98
805	683	31	100
802	685	32	99
802	688	31	95
800	689	34	103
800	688	31	102
799	691	32	107
797	692	31	103
797	692	30	100
794	693	30	97
792	694	31	90
792	698	29	90
788	697	32	99
787	697	31	95
785	698	32	98
788	698	29	100
789	700	31	98
792	699	31	91
798	701	31	89
807	700	31	96
813	700	31	102
819	701	34	97
823	704	35	97
827	705	34	95
831	705	33	97
831	710	35	92
832	710	35	94
831	712	38	98
830	711	37	97
830	711	35	103
829	713	34	96
828	712	33	98
827	712	31	95
823	719	32	94
822	713	31	90
820	718	30	95
818	716	32	102
815	717	33	101
813	716	35	108
811	717	34	111
808	718	36	110
806	719	38	113
805	721	39	112
804	723	37	119
801	723	37	112
800	724	38	116
800	725	39	113
800	723	39	117
802	722	41	120
806	722	39	122
810	723	36	120
815	724	38	112
819	726	37	115
821	725	36	117
824	724	35	118
824	726	38	122
824	729	39	110
823	730	39	104
822	730	37	105
822	728	33	109
821	729	33	115
818	730	33	114
816	732	34	115
814	732	34	116
811	731	33	113
807	733	32	108
804	733	33	113
802	733	31	116
799	734	31	115
796	733	31	112
792	736	34	111
791	734	30	110
788	736	31	108
785	738	31	102
781	738	33	102
780	740	31	101
778	740	30	101
776	738	29	109
774	749	31	109
772	743	30	113
768	747	32	110
765	749	34	110
763	748	32	108
762	747	35	104
760	747	34	104
765	745	35	112
770	742	36	124
781	742	35	122
797	740	31	110
814	739	34	116
838	735	34	111
866	737	35	105
898	732	33	101
932	733	33	92
964	730	35	92
1002	728	34	96
1033	727	35	107
1059	728	35	113
1084	728	34	121
1103	729	34	117
1115	724	33	121
1128	723	31	124
1133	723	33	123
1139	720	32	123
1142	718	33	130
1147	719	33	126
1145	719	32	122
1144	720	34	120
1146	718	34	122
1144	721	34	118
1144	719	35	122
1143	721	35	116
1144	718	31	115
1142	716	32	115
1141	718	31	114
1139	717	33	112
1137	717	35	111
1136	715	33	112
1136	711	33	113
1135	711	34	115
1134	709	35	114
1134	708	32	111
1133	708	35	111
1133	706	33	113
1132	705	37	109
1132	707	35	108
1132	704	35	109
1130	704	36	107
1130	704	35	106
1129	703	35	105
1126	701	35	107
1126	701	36	101
1124	698	35	105
1126	698	32	105
1126	696	31	106
1123	695	31	107
1121	694	34	105
1122	693	33	106
1121	691	32	105
1121	690	32	105
1119	691	33	103
1119	691	31	102
1119	689	31	104
1118	688	30	103
1117	690	31	99
1117	688	31	102
1115	687	33	102
1115	687	31	101
1115	686	32	102
1116	686	31	100
1113	686	31	99
1112	684	31	99
1111	684	31	97
1109	683	33	98
1107	682	35	97
1107	683	32	96
1106	683	34	96
1105	681	32	96
1104	680	33	98
1103	678	31	99
1104	679	31	98
1102	679	31	97
1101	680	31	98
1098	679	33	97
1097	679	33	98
1095	676	33	99
1095	674	32	100
1093	675	33	99
1091	675	34	92
1090	672	34	92
1089	671	35	94
1087	673	37	95
1087	671	35	91
1086	673	36	90
1083	669	37	93
1083	672	36	88
1083	669	34	92
1080	668	35	90
1077	667	35	94
1073	665	37	95
1069	666	39	93
1068	662	40	99
1065	664	39	98
1062	664	40	94
1062	663	39	93
1058	661	42	90
1053	664	45	86
1056	664	43	81
1048	666	51	83
1052	664	41	84
1056	662	35	84
1055	661	36	83
1055	668	32	74
1054	666	33	79
1055	668	29	79
1053	664	31	83
1050	667	33	81
1047	661	34	86
1043	668	37	75
1036	661	42	82
1033	664	39	80
1034	668	37	75
1035	665	33	78
1034	662	31	80
1033	660	29	83
1032	659	28	82
1030	654	27	87
1025	656	28	85
1022	656	28	84
1018	660	28	81
1017	663	28	77
1016	660	25	82
1013	654	26	87
1010	651	27	89
1006	649	28	92
1004	651	26	90
1000	650	28	95
996	650	29	93
993	648	27	93
990	646	27	94
986	647	28	89
981	646	30	89
978	647	29	86
975	645	28	87
971	645	27	86
966	640	28	92
962	648	29	85
957	648	29	84
953	646	28	83
949	645	27	83
943	650	29	78
939	650	27	81
933	653	31	77
930	657	28	70
924	654	30	73
920	651	27	77
913	652	28	78
909	641	26	89
906	642	25	86
899	645	28	84
896	641	26	87
892	644	25	86
887	642	25	86
883	644	27	86
879	643	27	84
876	639	27	88
875	642	28	86
879	640	27	88
885	645	29	87
895	638	29	89
906	648	34	82
936	636	28	88
957	638	28	86
987	641	32	76
1020	636	26	86
1056	631	25	90
1098	646	25	80
1133	645	24	82
1174	634	32	79
1222	650	29	77
1257	646	29	81
1300	645	27	91
1326	650	30	83
1355	648	31	89
1375	650	32	89
1389	656	31	85
1403	654	31	88
1407	651	33	89
1412	651	30	92
1409	653	33	85
1404	652	34	79
1404	644	32	85
1402	643	30	90
1390	640	31	90
1385	638	31	89
1380	635	30	89
1370	634	32	91
1368	631	28	89
1362	627	32	92
1356	629	32	86
1353	627	31	89
1349	623	31	90
1345	624	32	90
1342	621	30	94
1340	619	32	92
1338	621	31	90
1337	621	30	87
1336	622	31	84
1334	620	33	85
1333	619	35	86
1332	620	37	83
1335	614	35	88
1333	613	35	90
1333	614	36	86
1335	615	33	85
1336	617	31	82
1333	613	36	83
1333	611	36	83
1330	612	37	84
1333	609	33	92
1332	611	34	89
1329	606	36	92
1327	606	36	89
1328	606	36	84
1328	605	34	87
1328	604	34	88
1330	607	32	86
1330	608	31	86
1331	608	31	84
1332	603	31	86
1332	604	29	84
1334	612	29	81
1334	608	28	81
1333	609	30	84
1334	606	27	88
1333	604	29	87
1334	606	30	85
1332	607	31	85
1336	608	29	84
1335	605	29	89
1337	610	29	87
1337	610	30	83
1338	612	28	85
1338	611	28	85
1338	614	31	79
1339	609	32	84
1338	607	32	81
1340	612	30	78
1341	612	29	80
1341	609	28	84
1342	613	29	80
1340	611	32	82
1342	614	31	79
1343	612	29	81
1344	611	28	77
1344	610	29	81
1343	610	30	81
1343	618	31	73
1343	614	31	76
1344	615	32	80
1347	614	28	78
1345	612	30	80
1345	612	31	77
1343	613	32	79
1344	618	33	78
1346	612	31	79
1346	610	32	84
1347	615	31	81
1350	620	25	77
1350	619	27	77
1350	617	29	79
1352	619	25	75
1353	616	28	78
1353	618	29	78
1355	622	25	79
1355	624	26	67
1353	623	30	70
1352	623	27	74
1359	620	26	77
1352	623	31	71
1358	629	25	59
1358	625	29	63
1358	625	29	63
1358	625	29	63
1367	642	25	56
1367	642	25	56
1367	642	25	56
1367	642	25	56
1367	642	25	56
1367	642	25	56
1367	642	25	56
1367	642	25	56
1367	642	25	56
1365	645	30	62
1358	635	37	68
1359	633	35	66
1359	633	35	66
1358	633	33	65
1360	629	30	61
1357	626	34	72
1355	627	34	72
1355	627	33	73
1355	627	33	74
1350	630	39	70
1353	624	35	72
1352	617	36	79
1355	614	34	83
1351	633	38	67
1351	639	38	63
1354	621	32	69
1353	622	34	71
1350	618	37	81
1352	619	35	82
1354	614	33	83
1357	611	29	85
1356	608	30	83
1357	608	30	87
1357	608	30	87
1360	605	26	86
1355	614	31	83
1358	610	29	87
1355	618	32	78
1352	612	35	85
1356	611	33	86
1353	601	35	93
1354	607	32	89
1350	598	38	97
1358	607	30	92
1353	607	33	94
1353	609	34	87
1353	608	32	87
1353	606	31	88
1351	603	36	94
1341	599	47	94
1345	599	41	95
1347	594	41	100
1353	596	36	97
1349	597	40	96
1346	599	45	94
1348	592	44	104
1344	597	49	95
1348	594	43	100
1346	590	48	103
1356	594	36	102
1349	592	44	104
1343	592	50	102
1349	610	45	85
1357	621	36	76
1351	612	41	81
1354	625	41	74
1354	598	38	86
1354	621	40	78
1351	608	42	89
1350	621	43	83
1350	606	43	88
1352	611	42	88
1355	621	37	75
1357	616	35	75
1356	622	35	74
1350	624	42	69
1353	605	33	81
1353	608	34	84
1357	606	30	86
1353	612	34	88
1350	616	34	77
1345	617	35	77
1344	623	36	73
1342	622	36	72
1339	624	38	74
1336	624	39	76
1339	614	34	78
1332	619	38	74
1332	625	39	71
1334	621	30	77
1328	624	36	77
1328	611	33	87
1326	612	32	85
1324	604	30	88
1321	616	30	85
1319	617	31	82
1313	613	35	84
1306	609	41	93
1309	598	37	106
1307	593	37	106
1304	600	33	100
1306	600	28	97
1297	606	36	99
1281	609	48	96
1290	603	38	97
1288	596	36	104
1282	615	34	94
1287	618	26	88
1279	623	31	88
1269	631	41	75
1266	637	37	72
1266	631	32	72
1266	631	27	66
1253	637	37	69
1246	640	39	63
1241	637	43	59
1241	643	38	49
1240	647	34	49
1234	637	35	50
1233	642	33	46
1223	646	40	53
1262	577	28	61
1264	577	23	60
1222	643	26	55
1211	646	33	63
1206	636	35	59
1204	642	32	57
1196	646	38	51
1193	644	34	55
1191	643	32	57
1193	645	27	57
1182	641	32	66
1173	643	33	61
1169	637	34	66
1167	642	32	57
1169	645	25	57
1158	643	31	59
1151	641	35	53
1142	641	37	55
1143	642	32	51
1139	643	31	57
1131	643	35	56
1130	645	34	47
1122	642	34	52
1116	642	36	56
1112	644	36	54
1113	641	29	61
1112	645	25	53
1103	647	29	49
1100	645	28	48
1099	645	24	51
1087	639	33	56
1084	639	31	54
1082	644	32	50
1081	643	27	50
1081	646	20	50
1076	645	22	47
1065	645	29	50
1060	645	31	46
1055	646	35	47
1056	646	30	47
1043	645	39	44
1043	652	34	56
1043	647	30	58
1034	648	33	60
1039	645	27	62
1034	648	30	66
1031	647	32	60
1026	649	33	60
1021	651	34	65
1020	651	35	59
1022	653	26	52
1013	653	30	47
1010	653	30	49
1012	654	28	58
1000	655	32	58
1003	656	30	58
1007	657	24	55
995	657	31	58
995	658	30	63
992	656	32	70
991	654	27	64
989	658	28	68
976	649	36	74
976	657	36	71
974	659	36	70
970	658	40	72
971	661	37	66
971	663	36	70
967	664	38	70
967	663	34	70
969	665	29	57
964	668	35	59
958	669	36	68
953	668	41	71
955	672	38	71
954	667	34	74
953	670	32	70
944	672	41	73
950	671	30	76
951	676	27	76
945	677	33	75
940	673	36	75
934	674	41	80
923	679	50	77
918	680	54	72
920	682	50	68
918	688	51	65
919	688	48	74
919	688	45	76
922	690	39	76
916	689	44	82
914	694	44	75
912	698	45	75
901	700	53	67
901	707	53	66
905	709	47	71
901	709	48	73
894	709	54	80
894	717	53	78
890	717	55	79
889	719	55	78
891	724	50	70
885	726	55	77
885	729	53	83
886	731	51	87
877	736	57	80
875	741	56	75
873	743	58	83
875	748	52	78
874	749	54	86
871	754	53	85
869	757	56	87
863	760	58	89
858	762	62	87
850	768	68	88
853	771	62	89
850	778	64	87
847	780	66	89
846	786	64	88
851	790	57	88
848	793	58	91
850	803	53	87
842	808	58	87
836	807	64	91
826	812	71	94
826	816	68	93
825	821	67	94
826	830	64	95
825	832	63	100
818	835	70	107
813	842	69	100
806	849	77	97
805	857	74	101
802	863	74	96
797	866	76	93
795	872	74	103
789	879	74	107
781	881	81	115
783	891	74	108
778	897	75	110
772	904	75	113
768	910	78	115
763	916	78	115
757	926	80	109
761	935	71	107
753	941	73	114
743	951	81	102
739	956	76	105
725	958	81	109
718	970	87	101
709	977	90	98
702	987	91	86
694	1001	91	73
686	1005	92	69
677	1016	96	59
671	1031	96	45
671	1031	96	45
597	951	76	52
610	948	66	51
613	961	55	56
607	955	49	58
603	946	44	65
603	946	44	65
603	946	44	65
583	971	51	67
583	971	51	67
583	971	51	67
583	971	51	67
583	971	51	67
583	971	51	67
583	971	51	67
583	971	51	67
583	971	51	67
583	971	51	67
583	971	51	67
583	971	51	67
583	971	51	67
583	971	51	67
583	971	51	67
583	971	51	67
583	971	51	67
583	971	51	67
583	971	51	67
583	971	51	67
583	971	51	67
583	971	51	67
583	971	51	67
583	971	51	67
583	971	51	67
583	971	51	67
583	971	51	67
583	971	51	67
583	971	51	67
583	971	51	67
583	971	51	67
583	971	51	67
583	971	51	67
583	971	51	67
583	971	51	67
503	947	52	77
503	947	52	77
503	947	52	77
503	947	52	77
503	947	52	77
503	947	52	77
503	947	52	77
503	947	52	77
503	947	52	77
503	947	52	77
503	947	52	77
503	947	52	77
503	947	52	77
503	947	52	77
503	947	52	77
503	947	52	77
503	947	52	77
503	947	52	77
503	947	52	77
503	947	52	77
503	947	52	77
503	947	52	77
503	947	52	77
503	947	52	77
503	947	52	77
503	947	52	77
503	947	52	77
503	947	52	77
503	947	52	77
503	947	52	77
503	947	52	77
503	947	52	77
503	947	52	77
503	947	52	77
503	947	52	77
503	947	52	77
503	947	52	77
503	947	52	77
503	947	52	77
503	947	52	77
503	947	52	77
503	947	52	77
503	947	52	77
503	947	52	77
503	947	52	77
503	947	52	77
503	947	52	77
503	947	52	77
503	947	52	77
503	947	52	77
503	947	52	77
503	947	52	77
503	947	52	77
503	947	52	77
503	947	52	77
503	947	52	77
503	947	52	77
503	947	52	77
503	947	52	77
503	947	52	77
503	947	52	77
503	947	52	77
503	947	52	77
503	947	52	77
503	947	52	77
503	947	52	77
503	947	52	77
503	947	52	77
503	947	52	77
503	947	52	77
503	947	52	77
503	947	52	77
503	947	52	77
503	947	52	77
503	947	52	77
503	947	52	77
503	947	52	77
503	947	52	77
558	984	39	77
558	984	39	77
558	984	39	77
558	984	39	77
558	984	39	77
558	984	39	77
558	984	39	77
558	984	39	77
558	984	39	77
558	984	39	77
558	984	39	77
558	984	39	77
558	984	39	77
558	984	39	77
558	984	39	77
558	984	39	77
558	984	39	77
558	984	39	77
558	984	39	77
558	984	39	77
558	984	39	77
558	984	39	77
558	984	39	77
558	984	39	77
558	984	39	77
558	984	39	77
558	984	39	77
558	984	39	77
558	984	39	77
558	984	39	77
558	984	39	77
558	984	39	77
558	984	39	77
558	984	39	77
558	984	39	77
558	984	39	77
558	984	39	77
558	984	39	77
558	984	39	77
558	984	39	77
558	984	39	77
558	984	39	77
558	984	39	77
558	984	39	77
558	984	39	77
558	984	39	77
558	984	39	77
558	984	39	77
558	984	39	77
558	984	39	77
558	984	39	77
558	984	39	77
558	984	39	77
558	984	39	77
558	984	39	77
558	984	39	77
558	984	39	77
558	984	39	77
558	984	39	77
558	984	39	77
558	984	39	77
558	984	39	77
558	984	39	77
558	984	39	77
558	984	39	77
558	984	39	77
558	984	39	77
558	984	39	77
558	984	39	77
558	984	39	77
558	984	39	77
558	984	39	77
558	984	39	77
558	984	39	77
558	984	39	77
558	984	39	77
558	984	39	77
558	984	39	77
558	984	39	77
558	984	39	77
558	984	39	77
558	984	39	77
558	984	39	77
558	984	39	77
558	984	39	77
558	984	39	77
558	984	39	77
558	984	39	77
558	984	39	77
558	984	39	77
558	984	39	77
558	984	39	77
558	984	39	77
558	984	39	77
558	984	39	77
558	984	39	77
558	984	39	77
558	984	39	77
558	984	39	77
558	984	39	77
558	984	39	77
558	984	39	77
558	984	39	77
558	984	39	77
558	984	39	77
558	984	39	77
558	984	39	77
558	984	39	77
558	984	39	77
558	984	39	77
558	984	39	77
558	984	39	77
558	984	39	77
558	984	39	77
558	984	39	77
558	984	39	77
558	984	39	77
558	984	39	77
558	984	39	77
558	984	39	77
558	984	39	77
558	984	39	77
