731	591	55	135
732	594	51	133
732	599	50	130
730	602	50	121
730	595	49	134
730	592	49	130
730	593	51	134
728	592	52	136
729	592	46	133
728	591	46	132
727	597	46	129
727	596	45	128
725	600	49	124
726	592	48	129
725	593	47	126
723	595	45	121
722	591	47	129
721	585	51	129
717	587	52	128
718	587	49	129
719	589	51	127
719	589	49	127
720	584	46	132
717	583	48	139
721	591	42	127
723	599	41	122
721	585	40	131
719	582	44	132
719	582	43	129
718	580	45	131
716	591	47	116
717	585	43	112
717	582	48	121
718	581	41	123
718	580	43	122
717	581	42	115
716	579	46	121
717	578	46	123
723	581	43	119
729	579	40	115
734	574	46	119
740	568	46	126
754	573	47	122
763	561	55	132
764	564	71	133
764	564	71	133
819	558	58	128
819	558	58	128
819	558	58	128
888	559	52	117
888	559	52	117
888	559	52	117
938	558	38	108
944	556	45	115
944	551	48	120
944	551	48	120
952	554	50	115
955	551	49	123
958	553	47	125
957	553	50	124
964	551	43	119
963	550	45	114
966	549	43	114
963	550	41	109
965	556	40	101
968	546	40	105
966	543	38	107
964	541	40	115
965	548	42	110
965	541	38	112
968	545	36	106
968	546	39	104
968	541	36	107
968	542	34	108
970	541	33	106
971	541	33	104
972	552	32	97
971	554	31	98
968	531	40	106
967	526	39	117
969	527	37	119
968	528	39	115
967	527	42	115
967	522	42	115
968	524	40	113
970	526	39	107
965	521	46	115
966	522	43	109
968	523	40	115
969	523	41	108
968	522	40	110
968	525	43	104
969	522	41	105
968	518	43	110
969	526	41	101
969	525	42	101
969	519	43	105
967	516	43	102
969	514	41	105
970	515	38	105
968	512	43	111
969	518	39	98
970	521	38	94
965	513	43	106
967	516	43	99
968	521	33	91
964	528	45	94
967	530	39	79
966	529	38	78
964	529	37	81
963	524	43	89
963	527	39	83
966	519	38	91
965	520	36	89
967	520	32	89
965	523	32	82
965	527	33	74
964	524	31	75
961	528	35	73
962	513	31	85
957	514	37	87
958	511	34	88
960	518	32	89
958	509	33	85
958	514	32	82
955	507	42	89
958	498	33	102
957	496	33	102
955	496	39	110
953	493	38	97
954	498	36	99
955	495	36	106
955	490	38	115
952	492	39	105
952	490	41	106
952	487	35	108
951	490	37	105
952	496	38	99
953	501	38	92
952	494	33	100
951	493	34	105
950	494	35	102
948	492	35	100
947	492	37	102
945	489	37	104
948	493	36	100
946	492	37	102
946	492	32	100
944	491	38	103
940	494	48	96
940	495	41	96
941	505	39	85
945	504	38	92
942	498	35	94
941	501	32	91
943	505	33	88
938	497	38	95
940	510	37	87
940	519	32	83
939	506	35	85
940	512	37	91
937	500	33	95
937	496	34	102
936	497	32	103
931	495	39	105
933	499	35	114
931	492	35	110
928	496	38	108
924	496	39	110
925	506	42	103
926	511	37	95
921	513	39	98
922	506	44	103
917	508	46	109
922	513	35	101
919	532	42	91
920	538	42	87
913	536	33	83
914	525	33	93
912	531	35	85
914	533	34	86
913	538	34	88
911	532	36	84
907	535	37	75
907	535	37	82
907	543	34	78
906	542	30	75
906	543	26	68
907	549	26	59
906	554	21	54
903	544	29	55
902	547	28	67
901	543	28	67
909	546	29	64
909	546	29	64
909	546	29	64
891	537	27	57
891	542	34	54
887	533	35	61
887	533	37	72
889	531	30	78
889	522	28	87
887	515	34	88
889	512	30	83
885	507	37	93
882	502	40	102
885	498	36	107
886	502	35	111
884	501	38	109
881	499	41	111
880	497	39	112
879	496	41	102
877	498	43	107
881	496	39	99
880	495	37	103
878	495	41	99
879	497	38	95
880	495	37	102
879	497	36	96
879	497	37	99
878	498	38	96
880	498	36	98
878	495	39	99
877	497	38	96
881	513	47	92
876	498	40	100
881	494	33	102
879	493	38	108
876	491	37	114
875	492	39	100
877	494	40	102
878	490	34	98
878	490	34	98
879	488	33	100
877	490	36	92
877	489	38	92
876	487	38	99
877	489	36	101
876	488	39	106
876	487	37	95
878	483	36	103
877	487	35	100
876	484	40	104
875	486	38	98
875	486	38	105
874	485	39	108
875	486	42	98
874	486	40	97
872	488	44	105
877	483	38	110
875	485	41	104
875	487	41	97
874	486	42	104
875	486	40	113
875	485	40	117
874	485	39	114
876	484	39	111
875	483	38	106
875	485	37	97
875	488	36	93
876	487	36	91
875	490	39	89
876	489	35	91
876	489	38	95
874	487	38	91
874	489	39	90
874	488	38	100
875	489	37	102
873	489	35	100
874	487	34	105
872	488	36	104
872	488	36	101
871	492	37	95
872	494	35	93
872	491	36	96
872	492	35	100
872	490	33	95
871	492	33	96
870	494	35	97
870	489	34	93
872	496	34	92
869	498	35	87
869	507	35	97
868	491	36	104
867	496	39	103
865	497	37	94
864	499	39	94
863	498	39	98
862	497	39	97
861	497	39	95
858	494	40	96
859	495	39	95
860	494	37	96
859	493	38	100
858	493	36	95
856	488	38	100
856	490	37	93
856	487	35	97
855	485	35	97
854	486	36	89
855	487	33	92
853	483	35	102
850	479	35	98
850	481	35	98
848	479	35	100
846	476	37	107
845	478	37	113
843	477	36	108
843	475	34	105
840	478	36	97
839	477	38	103
838	474	35	104
837	475	35	105
834	475	37	103
833	475	34	99
831	474	35	101
831	475	35	98
829	474	35	96
826	476	37	98
825	478	37	96
823	477	37	98
822	478	38	98
821	478	40	102
820	477	39	110
819	477	37	110
817	480	37	101
816	479	37	100
815	477	34	97
814	478	36	96
813	481	34	94
812	480	33	88
809	479	36	93
810	482	31	85
807	481	35	93
805	477	34	99
803	482	35	96
802	483	34	90
799	485	37	93
798	485	34	91
796	484	34	92
794	484	34	100
792	485	35	96
791	483	33	95
790	486	35	97
789	487	34	94
786	486	38	99
788	487	38	92
793	486	36	97
797	487	36	89
807	489	36	96
817	486	36	100
831	490	34	96
849	487	35	91
866	488	32	82
891	494	34	79
917	493	32	85
937	491	35	93
971	489	31	96
991	488	32	99
1017	489	34	92
1036	492	37	92
1051	489	34	95
1066	491	35	92
1077	492	34	91
1082	492	35	90
1087	494	36	89
1091	492	33	95
1090	493	36	103
1092	495	35	96
1091	494	36	100
1089	495	37	101
1087	496	38	100
1089	495	36	98
1086	495	37	90
1088	498	37	96
1090	495	36	96
1094	496	37	102
1102	494	38	107
1115	498	37	98
1126	496	35	100
1137	494	38	110
1147	496	39	107
1155	498	36	105
1163	500	37	106
1169	496	32	102
1171	508	36	97
1175	505	36	104
1175	504	36	101
1177	505	36	107
1177	506	37	111
1177	503	35	106
1175	506	36	111
1173	506	38	106
1174	506	34	104
1171	506	34	107
1166	508	38	95
1164	507	40	97
1160	505	40	106
1157	503	41	107
1155	500	42	112
1155	498	39	106
1156	498	37	102
1154	499	37	106
1148	496	43	111
1150	495	41	103
1148	496	42	108
1148	496	38	104
1147	493	39	107
1147	492	37	106
1147	492	35	102
1146	494	37	97
1145	492	37	105
1143	491	39	100
1144	492	39	97
1143	490	39	97
1142	490	39	104
1143	491	38	103
1141	488	40	109
1141	489	40	99
1142	490	38	95
1140	489	40	101
1141	488	40	103
1140	491	38	96
1139	491	39	95
1141	486	37	95
1141	487	36	94
1140	487	38	97
1140	485	37	97
1138	486	42	103
1141	487	37	99
1138	484	41	101
1138	487	38	93
1140	486	37	104
1141	484	34	102
1139	486	36	103
1138	488	38	99
1137	489	37	97
1136	486	38	99
1135	488	38	98
1136	487	38	101
1135	487	37	100
1137	487	36	99
1135	487	37	93
1135	488	36	94
1135	486	37	101
1134	485	36	101
1134	489	37	99
1134	488	37	96
1132	489	36	101
1131	486	40	111
1130	487	41	108
1131	489	37	102
1132	486	39	106
1132	490	34	96
1129	489	39	106
1129	487	39	115
1129	487	38	114
1128	487	38	118
1129	484	38	120
1128	485	35	119
1128	485	35	122
1128	485	33	118
1128	487	33	109
1127	487	35	115
1125	487	35	112
1127	485	33	120
1124	487	35	121
1124	487	34	121
1123	487	33	118
1124	489	34	111
1121	489	35	119
1121	487	33	118
1121	487	34	119
1120	490	35	118
1118	489	35	112
1119	487	34	121
1116	488	36	118
1115	488	36	117
1114	489	37	115
1112	487	38	116
1111	487	40	119
1111	487	39	120
1108	488	41	119
1108	491	40	115
1109	490	38	119
1107	489	38	118
1106	490	40	117
1104	492	39	112
1102	490	38	117
1102	492	38	115
1100	492	39	113
1100	491	38	117
1099	491	39	118
1098	488	36	122
1096	487	37	123
1094	487	38	123
1093	486	37	128
1090	490	39	119
1090	494	37	116
1090	494	36	116
1089	495	36	116
1087	497	35	115
1085	499	36	113
1084	498	37	116
1083	502	37	114
1081	504	36	112
1080	502	37	113
1079	502	38	116
1077	502	37	117
1075	505	39	116
1072	506	39	114
1071	504	38	118
1069	505	39	117
1067	506	37	115
1064	506	40	117
1062	508	42	116
1062	509	38	117
1060	509	37	113
1059	511	39	113
1057	510	38	113
1055	510	41	116
1053	512	40	116
1052	513	38	109
1049	514	40	112
1048	514	37	113
1047	514	35	114
1044	513	36	115
1043	511	33	116
1039	519	36	111
1036	513	37	116
1036	516	34	116
1033	523	33	114
1031	522	35	112
1025	522	38	117
1024	521	35	115
1021	524	36	118
1020	526	36	111
1019	526	33	111
1018	523	32	111
1018	527	29	106
1015	525	31	106
1014	524	31	110
1011	525	29	106
1004	526	33	107
1002	518	30	112
999	519	30	112
996	517	34	116
995	518	33	113
993	517	31	110
991	513	30	110
988	516	33	109
988	513	34	109
986	515	31	102
988	515	32	106
987	509	31	106
986	509	34	105
989	508	33	106
992	507	36	104
1002	506	36	101
1014	504	32	105
1028	504	35	102
1043	503	32	104
1058	503	37	105
1080	502	37	104
1104	502	34	104
1131	503	33	103
1156	502	33	106
1185	504	33	102
1215	504	31	103
1246	505	32	102
1283	507	31	102
1311	509	37	101
1344	509	36	105
1380	510	36	102
1404	508	37	108
1426	512	39	102
1446	512	41	108
1463	511	37	107
1476	511	41	109
1483	513	45	105
1492	512	43	105
1497	512	46	107
1502	514	44	106
1505	513	43	105
1507	515	45	103
1509	512	43	104
1511	514	42	105
1513	512	42	106
1513	509	44	107
1513	512	42	103
1514	513	42	103
1514	511	41	103
1515	507	42	105
1515	509	42	103
1515	507	43	107
1517	505	39	109
1516	506	41	106
1517	510	40	104
1516	506	41	108
1517	506	40	109
1519	505	38	109
1519	505	39	108
1517	509	41	106
1518	508	40	105
1520	505	38	110
1520	507	38	104
1520	507	39	102
1520	503	38	102
1519	507	39	99
1519	505	39	100
1521	503	40	100
1521	500	42	104
1522	505	43	97
1523	507	41	96
1525	507	40	95
1526	507	40	95
1526	502	40	99
1527	504	38	97
1526	507	42	96
1525	505	40	96
1522	502	38	98
1516	501	38	99
1507	495	38	103
1497	498	36	95
1482	498	38	95
1467	498	33	92
1451	502	30	87
1429	501	31	84
1407	498	30	84
1382	501	28	80
1353	500	28	79
1329	503	27	75
1298	500	25	76
1257	491	30	82
1230	497	27	77
1195	491	27	77
1152	507	30	63
1121	504	26	64
1083	502	25	64
1049	503	22	61
1009	504	24	60
971	499	25	63
943	497	25	69
912	491	24	76
889	489	26	80
868	490	27	78
853	496	28	74
841	491	29	78
830	490	30	82
825	489	30	84
820	482	30	94
816	484	31	93
815	484	30	93
814	484	31	94
815	486	30	92
815	485	31	92
815	484	29	93
815	484	31	93
817	485	29	92
816	486	31	91
817	485	30	93
818	489	29	90
820	489	29	91
819	491	29	92
818	488	32	97
822	492	28	95
821	497	30	89
821	496	31	92
820	492	32	96
818	492	34	97
819	491	34	97
820	491	32	98
820	494	32	95
820	492	33	96
821	494	35	95
822	494	35	95
821	499	35	91
821	498	35	91
821	499	35	91
821	502	34	91
821	500	35	93
820	502	37	95
820	502	37	97
820	500	36	97
820	501	36	98
821	499	36	102
822	507	34	90
821	506	36	95
821	505	36	96
821	503	34	98
821	504	34	98
821	504	32	100
821	506	32	100
820	506	33	101
819	513	33	96
817	512	35	97
816	514	36	95
816	513	35	98
816	513	33	102
814	515	33	100
814	517	35	98
813	518	34	96
813	516	32	98
811	518	33	96
808	519	34	96
807	518	34	96
806	520	34	96
805	522	37	97
805	517	34	99
807	526	30	96
807	531	31	89
808	530	27	90
808	546	25	88
807	538	28	98
804	538	30	96
802	533	33	103
801	530	33	106
801	530	34	107
800	533	34	105
798	533	35	105
797	533	34	104
795	534	39	103
796	532	36	102
795	534	37	101
794	531	35	103
791	532	37	103
793	535	35	98
796	529	31	107
789	538	36	97
789	536	37	96
786	532	33	102
782	537	34	96
785	530	32	99
785	528	31	102
782	532	32	98
781	527	29	100
780	522	31	100
777	519	30	101
774	518	36	100
773	517	34	100
771	517	36	100
771	515	34	105
770	515	36	103
770	514	34	106
769	513	34	107
766	514	38	106
767	512	35	104
765	512	38	104
765	510	38	105
763	509	38	105
766	510	34	101
766	510	34	102
767	509	31	102
768	509	31	100
770	511	29	99
768	506	29	101
771	510	26	96
770	511	26	99
770	511	25	97
769	509	25	100
768	509	26	102
769	511	24	99
766	509	26	98
766	507	24	100
765	510	25	98
765	509	23	96
765	514	25	91
763	508	25	93
762	505	25	94
759	505	26	92
755	504	30	93
753	504	31	96
746	503	39	105
743	506	39	106
736	507	46	107
738	500	44	110
739	503	42	105
738	503	43	110
735	503	43	107
736	499	40	113
735	496	39	111
731	497	41	113
731	500	41	108
729	502	43	104
731	495	40	108
732	494	37	109
731	494	37	109
729	495	39	109
728	492	37	110
726	494	37	109
725	493	39	108
725	497	39	110
724	492	37	109
717	494	42	109
717	495	43	108
714	492	43	111
715	494	40	106
713	494	42	106
711	493	39	107
709	491	41	109
705	492	42	105
704	493	42	104
700	488	44	110
699	491	45	104
699	490	42	110
696	488	42	107
693	491	45	110
693	488	43	108
690	490	45	109
690	490	45	106
689	495	42	103
687	493	44	108
682	492	46	106
683	494	42	103
680	497	45	102
677	498	46	100
677	492	45	107
669	496	49	100
669	492	50	106
664	498	53	104
666	504	48	96
663	512	49	87
662	510	47	91
659	507	49	94
657	506	48	95
654	507	48	97
654	506	48	96
648	508	52	97
648	504	49	98
645	510	47	91
641	511	50	94
640	512	48	92
638	515	47	86
637	514	46	85
631	516	51	88
634	515	47	87
632	514	46	91
626	516	56	90
625	517	51	88
626	514	48	93
619	508	56	99
619	508	56	102
616	507	56	100
620	515	58	95
640	508	53	100
663	501	46	103
681	506	43	102
699	502	43	106
727	495	40	110
751	497	41	102
777	495	48	107
791	490	58	109
846	501	40	101
888	498	36	101
923	499	36	101
946	494	42	108
973	493	44	108
999	514	37	87
1018	512	34	93
1032	508	36	98
1044	510	32	96
1052	505	31	101
1057	507	34	98
1065	504	30	100
1064	501	35	105
1066	500	34	105
1063	509	35	98
1065	507	33	97
1065	509	32	99
1066	511	29	99
1064	508	33	104
1062	508	34	103
1056	505	37	105
1060	500	34	114
1053	511	39	104
1057	504	35	109
1054	510	35	103
1053	515	39	101
1050	524	41	89
1052	536	35	77
1051	545	37	67
1052	547	32	67
1053	548	32	63
1047	554	36	60
1049	547	34	67
1052	555	31	60
1051	556	31	59
1046	558	35	63
1041	558	41	63
1039	553	42	69
1044	551	34	72
1041	549	39	72
1037	539	41	85
1044	530	35	93
1040	535	38	89
1040	536	37	86
1040	536	36	87
1038	530	37	92
1035	530	41	90
1035	538	38	87
1037	530	34	94
1038	533	34	91
1031	536	42	93
1030	536	42	94
1022	542	48	85
1026	552	47	75
1024	556	48	70
1020	567	49	61
1028	557	39	68
1023	562	46	63
1026	571	44	56
1020	562	46	66
1022	563	44	61
1020	570	45	54
1021	566	45	58
1021	570	40	56
1021	575	41	52
1025	568	34	57
1020	573	40	55
1019	573	40	54
1018	572	41	56
1018	570	39	64
1020	572	37	62
1023	578	41	54
1029	572	40	58
1029	576	46	54
1037	574	42	59
1046	579	41	55
1048	580	41	49
1051	582	46	47
1055	583	45	51
1057	582	45	47
