949	607	28	81
949	606	28	82
950	606	28	81
951	606	27	79
952	607	26	78
954	607	25	79
954	606	26	78
954	609	32	75
956	608	30	76
958	605	31	78
959	605	28	79
959	608	31	75
963	604	27	76
966	607	25	76
965	606	29	75
965	607	32	73
968	606	29	72
969	604	32	78
970	603	29	78
971	606	32	74
971	604	35	76
973	606	39	75
974	604	31	75
975	604	31	78
976	606	38	75
977	605	37	75
980	603	39	75
981	605	41	74
982	605	40	77
984	602	34	77
984	603	44	77
985	604	36	73
987	603	39	75
988	605	37	76
989	602	32	76
990	601	31	79
991	604	34	75
990	603	42	74
991	602	46	76
993	602	40	75
992	602	43	78
996	603	40	74
998	595	38	83
1003	597	33	83
1007	596	32	83
1008	592	32	87
1006	600	39	82
1008	598	38	83
1014	600	31	79
1016	592	28	87
1017	591	32	87
1018	590	35	87
1020	590	34	88
1021	595	37	84
1024	598	40	81
1021	594	45	82
1026	603	43	73
1031	597	41	77
1031	598	43	80
1039	605	36	74
1038	600	37	78
1044	601	35	77
1049	601	30	75
1037	592	39	83
1048	597	40	78
1053	597	35	79
1057	592	35	82
1062	598	33	76
1048	600	44	75
1065	600	37	75
1066	600	38	72
1068	600	41	73
1057	587	35	85
1073	590	42	84
1079	596	43	80
1082	589	46	86
1082	589	46	86
1082	589	46	86
1083	578	52	96
1096	586	46	91
1076	567	62	108
1074	561	68	111
1076	568	71	104
1064	557	80	116
1065	544	79	129
1068	532	74	141
1092	562	82	117
1092	568	63	107
1088	569	64	103
1083	573	68	93
1097	578	61	90
1108	587	51	82
1113	585	42	74
1119	587	35	77
1121	586	33	78
1124	585	31	78
1121	580	33	80
1119	586	37	74
1120	583	35	78
1069	572	38	69
1120	585	38	74
1121	583	35	75
1124	580	33	77
1123	580	36	79
1125	579	34	81
1123	579	36	81
1124	578	36	77
1126	581	34	77
1128	579	31	73
1134	580	25	75
1131	580	30	73
1128	581	34	69
1130	580	30	73
1130	578	31	75
1126	578	37	75
1127	577	36	74
1128	574	36	76
1130	575	34	77
1126	575	37	73
1127	577	39	74
1131	577	34	74
1131	577	35	73
1135	576	30	77
1136	580	29	69
1134	576	34	74
1130	579	36	70
1130	576	39	75
1133	579	35	74
1133	577	35	73
1134	584	36	67
1134	588	37	61
1130	580	44	68
1133	578	38	75
1131	579	42	73
1131	579	43	74
1130	576	47	80
1131	586	48	68
1133	587	43	69
1135	583	42	71
1134	585	44	71
1137	580	40	72
1136	577	43	72
1138	579	40	72
1136	582	41	68
1136	581	43	69
1139	582	39	73
1140	584	39	70
1136	583	45	69
1137	594	43	61
1137	587	44	67
1140	587	42	67
1137	594	40	62
1143	604	40	63
1138	596	45	65
1139	602	45	59
1144	612	41	53
1147	615	39	52
1147	610	37	54
1150	614	35	56
1152	596	29	67
1154	594	27	74
1153	591	29	79
1150	593	34	77
1151	592	33	75
1153	591	31	79
1146	591	40	77
1145	592	42	74
1138	592	47	72
1134	588	51	76
1135	589	48	71
1133	585	51	72
1135	584	45	75
1131	584	48	72
1125	576	50	74
1124	580	44	71
1107	571	51	78
1093	567	52	82
1083	566	48	80
1061	562	46	83
1035	563	50	80
1019	566	38	76
984	571	45	69
956	568	43	72
915	570	45	73
879	568	43	73
840	575	51	63
794	569	48	69
765	564	47	75
737	556	40	86
705	566	44	81
684	564	43	83
667	557	40	90
653	565	40	84
645	571	36	77
631	568	44	78
626	565	41	82
622	558	43	94
620	564	39	90
620	566	37	87
616	570	39	80
615	563	38	89
611	570	45	80
611	565	43	83
612	568	41	83
610	568	46	80
608	569	49	80
605	565	52	83
615	569	41	84
613	563	39	84
614	572	40	79
613	570	38	77
617	574	33	74
612	573	37	75
615	577	36	75
616	572	33	78
612	571	36	79
605	574	45	76
604	568	44	79
605	561	43	89
607	557	41	91
609	557	36	94
609	558	35	92
607	560	36	87
605	574	40	77
606	568	35	81
605	562	35	93
606	556	35	105
603	552	40	101
604	553	40	106
601	549	40	108
596	557	48	99
590	554	57	97
595	555	54	94
599	550	56	99
561	546	62	102
618	550	63	92
620	544	79	101
654	544	63	98
670	542	62	98
685	536	63	107
698	532	60	106
711	537	56	98
720	542	57	104
725	541	56	99
693	535	53	101
728	537	57	102
739	543	46	97
741	541	48	99
741	537	45	98
740	551	47	96
680	540	50	92
740	534	48	91
743	543	46	96
718	542	61	94
744	543	54	86
756	538	40	85
764	538	32	85
721	544	38	94
774	546	43	90
774	545	38	79
776	546	35	84
784	546	24	83
789	545	23	82
791	544	21	86
788	542	26	90
789	539	36	92
786	541	45	80
784	538	48	77
784	544	49	78
783	542	37	82
779	539	40	73
780	544	39	74
780	541	48	80
784	543	49	79
784	532	48	89
797	532	46	90
810	534	36	93
825	540	38	86
842	538	34	83
846	544	41	82
851	544	46	80
856	543	45	79
865	544	36	85
870	541	33	75
871	546	32	84
872	541	35	78
877	541	38	75
880	535	27	83
876	531	34	84
878	534	42	82
878	538	41	81
878	532	38	83
874	536	39	74
876	531	38	77
875	535	37	77
874	534	38	74
874	530	44	80
874	531	43	80
875	525	38	85
874	524	35	89
873	521	43	91
875	524	41	88
875	526	40	81
875	531	43	73
877	523	36	77
882	523	27	83
880	529	33	84
881	530	33	81
878	529	36	87
878	527	34	79
877	526	35	80
879	529	31	77
881	530	30	81
883	530	31	74
887	531	30	72
891	532	29	72
892	533	36	84
908	528	36	83
918	532	35	76
935	529	37	76
959	529	40	83
971	535	40	71
988	535	43	64
1002	547	47	70
1026	525	37	74
1043	530	37	79
1055	534	32	74
1068	535	29	75
1074	533	29	81
1081	532	25	72
1084	533	31	73
1086	529	30	79
1085	528	36	79
1083	531	39	76
1082	535	40	78
1084	538	37	72
1084	527	37	76
1084	532	37	79
1085	527	35	91
1080	532	41	90
1073	523	46	96
1070	522	52	95
1072	517	46	109
1073	526	51	100
1073	524	52	98
1076	533	54	93
1080	539	58	103
1082	530	57	112
1092	532	59	106
1096	533	53	91
1098	526	55	94
1100	527	54	95
1105	532	51	91
1108	529	53	95
1114	531	42	88
1116	528	41	89
1117	531	40	94
1116	527	43	90
1115	535	41	88
1114	532	42	98
1115	530	43	96
1117	531	37	101
1116	533	35	101
1113	533	36	92
1118	535	32	87
1115	541	39	90
1115	538	34	101
1114	529	35	100
1112	534	38	101
1114	529	36	104
1112	532	42	102
1113	531	37	105
1116	536	41	103
1120	533	40	105
1122	537	47	109
1129	540	41	98
1131	539	50	103
1142	541	52	87
1144	543	58	95
1141	538	71	91
1132	536	87	103
1132	540	90	97
1129	544	94	90
1132	542	94	97
1136	540	93	101
1137	540	97	100
1140	540	93	105
1144	537	91	106
1142	539	91	108
1144	542	89	111
1141	541	96	110
1142	538	86	118
1142	544	91	105
1139	545	93	107
1145	546	89	103
1145	542	86	110
1145	539	83	117
1143	543	91	112
1129	544	79	105
1135	542	64	109
1141	543	47	102
1144	544	39	106
1147	543	37	113
1146	544	33	107
1147	545	29	99
1145	541	36	96
1147	542	32	84
1145	550	30	77
1145	547	34	78
1145	546	31	76
1146	547	32	81
1146	545	32	82
1148	547	34	82
1145	547	34	87
1144	547	38	80
1142	547	42	83
1145	548	35	78
1145	545	31	81
1146	548	33	82
1145	544	36	89
1145	544	41	85
1146	544	44	86
1144	547	43	80
1143	544	41	89
1144	547	39	86
1147	548	37	80
1143	545	44	84
1145	544	45	84
1146	549	45	76
1147	549	46	77
1145	546	48	77
1146	550	47	71
1144	547	47	73
1141	548	52	76
1142	549	47	77
1145	556	46	75
1147	551	46	81
1145	555	50	76
1144	558	51	73
1147	557	49	73
1150	558	46	67
1161	564	33	63
1165	562	26	71
1165	562	26	76
1160	559	32	76
1167	566	27	67
1167	567	27	68
1167	563	26	74
1168	567	28	71
1150	551	32	79
1167	568	28	76
1167	569	29	72
1164	569	34	69
1169	571	29	69
1156	626	34	74
1146	547	30	80
1144	550	29	77
1145	552	32	75
1145	556	33	76
1143	642	44	79
1142	643	50	78
1145	556	35	83
1149	563	29	75
1147	564	37	78
1150	562	28	83
1150	568	35	79
1152	572	30	74
1153	573	32	78
1147	673	40	84
1151	575	36	82
1151	581	33	75
1152	580	32	82
1153	583	33	78
1153	584	31	78
1157	588	30	73
1158	590	30	80
1161	593	23	82
1160	594	28	75
1160	596	29	77
1161	597	28	74
1164	602	26	79
1162	603	28	77
1164	607	26	75
1165	609	26	78
1165	611	29	82
1167	615	25	79
1168	614	26	82
1170	618	26	83
1167	623	32	83
1168	627	32	90
1173	623	30	85
1175	627	28	79
1171	630	33	88
1175	631	30	84
1178	635	25	79
1180	636	25	73
1180	640	28	75
1182	644	27	69
1182	647	26	75
1183	648	25	75
1182	655	27	77
1184	653	26	76
1184	652	29	80
1183	653	34	83
1187	656	31	75
