636	158	92	21
630	158	96	21
629	159	97	20
626	158	101	22
623	159	104	21
629	159	97	20
625	159	101	19
626	159	102	19
627	159	100	20
627	159	101	19
626	159	101	21
624	159	103	20
625	159	101	20
625	159	104	19
624	160	102	19
622	160	105	19
630	159	97	20
628	159	99	21
628	159	99	20
631	159	95	19
633	159	94	20
630	159	96	20
629	159	100	21
625	159	103	20
624	159	104	20
627	159	101	21
626	160	103	21
624	159	104	21
622	159	106	21
626	160	102	20
623	159	105	20
624	159	106	20
625	160	103	20
625	159	102	20
625	160	102	20
625	159	102	22
624	160	103	21
623	159	106	22
627	159	100	20
621	160	106	20
624	160	104	19
623	160	106	20
624	160	105	20
623	160	106	21
625	160	102	20
626	160	104	22
624	159	103	22
621	160	106	20
622	160	104	19
625	160	105	20
627	161	101	20
627	161	102	20
625	161	105	20
626	161	104	20
624	161	104	21
626	161	102	22
628	161	99	19
629	160	102	22
628	161	102	23
625	162	106	22
620	163	111	21
620	162	111	23
624	162	109	22
618	162	113	22
621	162	110	22
618	163	114	20
620	162	112	23
621	162	111	23
620	163	114	21
619	161	112	24
623	162	108	24
620	162	111	23
622	162	114	25
619	162	112	24
622	163	109	22
622	163	109	22
622	162	112	23
620	163	112	23
623	164	110	22
623	163	112	24
622	164	111	22
620	164	115	22
622	164	111	24
620	165	112	22
623	164	110	23
622	165	111	22
622	164	109	23
625	165	106	22
626	166	105	22
624	166	108	22
622	167	112	21
621	166	109	23
619	166	111	22
621	167	110	21
625	167	107	22
620	167	111	22
619	166	113	24
622	167	112	23
618	167	113	23
620	166	110	24
619	167	112	24
623	167	107	23
626	166	103	24
626	167	104	24
620	168	112	23
617	168	114	23
615	167	118	24
618	168	114	22
621	168	109	23
618	168	114	24
617	169	115	23
619	169	112	22
618	169	114	22
617	169	116	22
615	170	116	22
616	169	113	23
617	169	114	23
617	169	115	23
619	169	111	23
617	169	112	25
613	170	113	23
615	169	111	23
617	169	112	25
614	169	113	24
619	170	112	24
612	169	118	25
610	170	123	24
610	170	121	24
612	170	117	23
611	171	119	22
614	171	116	22
616	172	115	22
612	172	122	22
610	171	123	23
611	173	122	22
609	171	123	26
611	173	119	23
611	173	121	23
610	173	125	22
608	173	125	24
608	174	128	22
608	174	126	23
612	173	121	23
610	174	125	23
610	174	125	23
611	174	114	23
610	173	110	25
610	173	116	25
607	174	116	22
604	174	117	23
605	174	118	24
605	174	122	25
604	174	120	25
609	174	115	25
610	175	116	24
610	176	117	22
611	175	115	25
609	175	120	26
609	174	120	27
610	176	126	23
609	177	126	23
611	176	120	23
614	177	112	23
617	177	108	22
619	177	105	21
622	177	101	23
622	177	102	20
623	177	99	23
616	178	107	22
617	177	108	22
623	177	98	22
610	177	113	26
607	177	118	24
606	178	119	23
606	177	121	25
603	179	121	22
604	178	121	24
606	179	122	22
606	178	121	25
608	178	119	26
604	180	120	23
608	181	117	22
608	179	115	22
606	180	121	23
606	179	117	25
604	180	120	24
604	180	121	23
604	180	121	24
607	180	116	24
608	181	115	22
612	181	112	22
611	181	112	21
609	180	116	25
606	179	120	28
604	180	122	27
608	181	118	24
607	180	116	24
607	180	115	26
609	180	113	25
611	181	114	24
613	181	111	24
616	182	106	24
616	183	106	22
615	183	110	23
615	183	110	22
619	184	106	21
610	182	109	24
614	183	110	22
615	183	110	23
614	183	113	24
611	183	114	23
613	183	112	26
613	184	114	26
610	183	115	25
611	184	114	24
612	183	112	26
611	181	113	29
615	181	107	29
615	183	108	27
618	184	104	25
621	185	100	23
620	184	101	24
619	185	99	24
620	185	100	22
611	185	107	25
616	184	108	24
619	185	105	24
611	185	109	24
613	183	112	26
615	185	112	24
613	185	116	23
617	185	109	25
602	186	123	25
604	186	124	25
613	186	112	26
610	186	117	26
608	186	120	26
604	187	125	26
608	186	120	27
606	185	122	28
608	187	122	26
612	187	118	26
613	187	117	26
610	188	119	26
612	187	120	26
613	187	116	28
613	187	116	27
611	187	118	28
614	187	115	28
613	188	116	27
607	188	125	29
604	189	123	25
605	189	126	27
605	189	125	27
604	189	128	27
598	190	135	27
597	189	139	27
596	189	137	27
596	189	141	27
594	190	145	26
592	189	142	29
595	189	139	28
591	189	143	28
593	189	141	28
592	189	144	28
593	190	141	30
595	190	138	29
595	191	135	28
591	191	142	27
591	191	143	29
589	192	145	29
593	192	140	27
593	192	141	29
590	192	144	28
591	191	143	29
592	191	143	30
592	192	141	30
597	192	136	30
592	192	140	29
595	193	140	29
597	193	136	29
596	193	136	29
592	194	146	28
593	195	139	27
592	194	143	28
596	195	141	28
594	195	138	28
593	196	140	27
594	194	136	30
597	196	134	27
595	195	139	28
596	196	137	27
597	196	139	27
593	196	138	28
596	198	138	26
597	197	137	27
596	199	137	26
592	199	143	25
594	198	140	29
592	197	140	29
593	197	140	31
595	196	139	33
597	198	137	30
599	197	135	30
601	197	132	32
597	199	137	29
593	198	143	31
594	199	141	29
596	199	144	31
593	199	144	31
597	199	142	31
595	200	142	29
598	200	139	29
593	199	145	32
589	200	147	31
592	200	147	31
596	201	142	29
593	201	146	30
600	201	141	30
590	202	147	28
587	201	150	28
597	202	141	29
598	202	142	28
594	202	144	28
591	202	148	30
594	203	144	29
596	203	146	30
597	203	143	29
597	203	141	29
594	204	145	28
590	205	150	28
585	205	155	29
589	204	150	30
589	204	149	28
585	205	154	27
587	205	152	30
593	205	146	30
593	206	145	28
593	206	145	28
596	205	144	29
597	205	147	30
600	206	148	30
599	206	149	30
605	206	143	29
601	206	146	31
604	207	142	28
602	207	144	29
600	206	146	30
604	207	144	31
599	207	146	30
598	207	147	31
596	208	148	29
600	207	142	31
606	207	138	31
612	205	133	36
605	208	141	30
612	208	138	30
609	207	141	32
611	208	139	33
610	209	140	31
611	210	140	32
606	210	147	31
601	210	152	30
600	210	153	30
599	210	151	32
594	211	155	30
598	210	151	32
601	211	147	32
607	209	145	36
604	211	151	35
600	210	153	34
600	211	154	35
599	211	157	34
601	211	153	33
600	212	153	33
600	212	152	33
600	212	149	32
599	213	153	33
595	212	155	33
599	211	154	36
605	212	150	35
601	211	153	35
597	212	156	34
597	212	155	33
599	211	154	35
599	212	155	36
604	213	150	32
605	212	149	33
614	210	140	35
611	213	145	34
613	213	141	33
609	213	147	34
604	213	154	34
604	215	154	33
604	215	151	32
610	215	145	34
605	214	151	36
601	215	161	36
598	217	164	33
603	217	157	33
599	218	159	32
594	218	160	32
596	218	158	33
597	219	153	32
600	218	153	32
594	219	159	31
602	219	154	30
603	219	154	32
611	219	145	31
613	219	147	33
614	218	143	32
617	218	141	34
618	218	141	32
618	219	142	31
617	218	142	33
616	218	142	34
615	219	140	35
613	218	143	36
614	218	146	34
610	220	152	34
607	221	153	32
604	221	155	32
603	221	157	33
602	221	155	33
607	221	155	34
607	221	153	34
609	221	154	36
608	220	155	36
610	221	151	33
616	221	150	34
618	221	140	36
617	221	145	36
609	222	153	34
608	222	153	34
608	223	155	32
610	222	153	33
611	223	150	32
612	222	152	35
617	222	146	34
616	223	148	33
613	224	152	33
610	224	154	33
607	225	161	34
600	226	165	32
596	226	171	33
597	226	166	33
601	226	164	33
603	225	162	33
600	225	163	33
604	226	161	33
602	225	161	35
601	226	165	35
601	225	163	37
596	225	166	37
604	225	160	37
606	225	158	35
612	225	154	35
607	225	159	38
608	226	159	35
609	226	156	34
605	226	160	35
605	226	162	37
602	227	167	35
594	229	172	32
597	228	173	34
596	229	168	35
597	229	171	33
597	229	171	33
601	230	168	33
596	230	171	32
601	230	167	32
605	228	166	37
606	228	162	35
605	226	163	39
604	229	166	35
604	227	162	41
602	229	166	38
595	230	173	37
595	229	170	36
595	231	174	33
592	232	176	33
589	229	178	36
596	230	173	37
592	232	179	34
591	231	179	36
595	232	181	36
591	231	182	37
585	232	189	37
591	232	181	36
588	233	185	36
585	233	187	36
591	231	183	40
592	231	182	41
589	232	190	40
587	233	192	38
594	233	182	40
596	234	178	37
593	234	184	39
595	234	180	38
593	236	181	35
590	236	184	36
589	238	181	33
590	237	182	36
589	237	186	38
594	237	179	37
590	237	182	39
593	237	179	39
594	239	179	33
593	238	182	36
599	238	175	37
593	238	180	38
589	237	185	40
593	239	182	37
589	238	185	37
587	239	188	36
589	237	189	41
592	238	184	40
589	240	188	39
587	240	189	38
592	240	186	37
589	242	189	35
593	242	189	38
593	242	189	37
597	242	184	35
595	243	188	36
590	243	192	38
592	244	189	37
593	243	189	38
591	243	189	38
587	243	188	39
588	243	188	38
584	243	198	40
581	245	199	37
580	244	200	39
584	245	200	38
577	245	201	38
586	245	197	40
580	245	198	41
584	247	194	37
582	247	195	37
582	249	196	35
579	248	197	36
579	249	199	35
582	247	193	38
584	247	193	41
581	248	192	38
590	248	187	39
582	249	193	38
579	250	199	38
575	250	205	38
584	250	197	38
587	249	190	39
588	249	189	41
579	253	199	36
579	251	200	39
578	253	199	37
576	254	202	37
578	254	204	38
576	254	201	37
578	253	195	42
584	254	190	39
588	255	192	39
586	253	192	42
579	255	199	40
584	256	201	40
578	256	207	40
581	255	198	42
574	256	208	43
572	258	208	41
571	258	213	41
570	257	217	44
571	258	210	43
571	258	208	44
579	260	206	43
579	259	201	43
571	259	204	43
571	262	208	41
567	263	208	39
567	262	206	40
575	262	196	42
573	263	202	40
570	263	203	39
574	264	204	39
570	264	209	41
565	264	212	41
573	264	203	42
567	265	210	42
569	266	205	40
575	265	206	42
569	265	208	44
568	266	210	42
565	265	209	44
569	268	209	41
567	268	205	40
578	268	198	39
577	269	196	40
573	269	201	40
573	270	202	41
567	270	204	40
567	271	210	39
566	271	208	42
565	273	215	42
563	272	219	42
561	273	221	42
561	273	221	43
556	274	228	41
560	274	217	40
559	274	219	44
558	274	222	45
561	275	221	43
564	274	217	44
560	275	219	43
558	276	224	43
556	276	223	44
554	277	224	44
557	278	222	44
555	278	222	43
559	279	222	44
556	280	223	41
556	279	227	43
551	279	229	43
558	279	222	47
557	279	220	49
555	281	220	46
556	283	223	44
552	283	227	45
555	283	225	47
555	285	222	47
553	284	223	48
558	283	221	51
553	286	227	45
547	287	233	44
551	286	233	47
550	288	228	45
548	288	235	47
550	289	230	45
546	289	236	45
546	290	238	46
543	290	240	43
548	288	232	49
546	291	234	46
547	290	233	46
544	291	239	49
548	290	234	51
543	292	239	49
544	290	235	53
544	291	235	52
546	289	232	55
542	292	237	52
545	293	234	53
545	293	235	53
546	294	232	54
544	296	235	50
551	297	229	50
551	297	233	52
548	295	233	55
550	298	227	51
551	299	225	50
547	300	233	50
551	299	227	50
551	298	229	51
556	300	225	49
565	299	217	50
572	300	210	50
574	300	207	51
582	300	198	52
590	301	189	51
569	301	214	50
574	302	207	50
584	302	197	50
582	303	203	56
556	304	225	54
539	304	245	57
533	307	250	53
536	307	246	55
533	307	251	56
536	305	249	60
533	306	244	62
538	307	243	63
535	306	246	68
539	309	238	62
535	307	247	73
533	308	252	68
533	310	245	68
533	310	245	69
534	307	248	70
536	311	244	64
530	314	254	61
528	314	256	64
530	314	252	65
522	316	262	65
530	316	252	64
529	314	255	67
531	319	255	58
528	320	260	58
528	319	260	60
522	320	266	59
528	320	255	61
524	321	261	60
534	320	252	63
526	320	262	66
529	320	255	64
528	324	257	62
532	323	255	62
534	325	250	62
538	325	250	60
536	323	251	65
530	325	256	69
530	327	260	67
529	329	260	63
523	329	269	66
529	328	261	70
531	330	259	65
528	331	264	61
525	330	265	68
531	332	258	68
524	332	271	66
523	333	268	67
518	334	274	69
526	335	269	69
528	334	268	67
524	335	272	69
522	336	272	67
532	335	260	70
527	338	266	69
527	339	265	69
532	338	263	69
526	338	270	67
525	338	264	74
518	342	279	67
521	342	276	68
519	346	279	65
522	346	276	66
525	344	275	67
525	343	272	77
535	342	260	78
529	345	266	75
537	346	262	74
526	344	273	82
525	346	273	78
530	348	267	73
523	349	276	76
526	349	271	71
517	350	283	75
522	351	275	75
516	350	286	75
521	353	276	75
519	355	278	75
520	355	281	70
511	357	293	76
506	358	297	70
509	359	291	70
512	357	290	79
514	360	285	72
524	363	275	70
520	366	277	67
524	364	277	72
519	366	280	73
510	365	294	73
520	366	283	71
519	363	283	81
519	365	278	77
522	365	281	79
518	367	284	80
503	368	297	72
508	369	298	78
498	368	303	76
510	367	296	79
499	372	300	73
511	371	293	80
512	371	287	81
506	374	297	78
492	373	313	81
503	371	302	86
493	376	312	77
492	377	312	79
491	375	316	84
489	376	315	79
497	378	310	85
490	381	314	73
494	383	311	73
474	380	334	81
488	383	321	77
479	385	329	75
473	384	339	78
484	383	327	82
486	381	318	88
484	383	326	92
477	384	331	85
472	389	339	81
467	386	342	82
465	390	349	83
470	389	339	80
478	391	330	88
463	390	346	83
471	394	343	76
461	394	351	88
466	393	349	84
470	391	340	94
473	395	337	87
472	392	343	98
471	393	341	95
471	391	342	96
473	398	338	89
466	397	347	84
470	398	344	91
464	401	352	90
468	400	348	89
464	400	354	98
467	403	351	91
462	397	360	100
470	404	347	90
460	406	355	92
472	407	343	97
471	407	344	93
468	409	348	91
472	411	346	90
463	412	353	86
463	409	358	86
460	414	359	81
460	412	353	88
461	414	359	87
463	413	358	93
454	416	375	93
455	413	373	103
453	415	368	95
464	415	360	100
457	419	365	97
467	420	357	92
467	424	360	88
460	421	365	93
463	420	365	99
461	419	372	102
452	415	372	100
456	419	371	98
464	420	353	97
457	423	363	96
458	423	369	97
446	422	385	98
457	420	366	104
442	421	392	106
454	420	369	105
456	423	369	106
461	425	368	96
458	425	365	99
455	426	373	105
455	428	368	97
449	425	379	102
447	426	384	100
446	424	386	109
456	422	373	111
452	427	384	111
456	431	371	103
449	430	381	96
454	428	373	103
454	430	371	96
454	433	368	98
452	432	376	97
449	436	373	94
458	440	369	92
455	441	376	90
450	440	376	92
448	441	377	95
455	440	377	93
454	440	374	98
445	440	384	97
441	435	394	109
450	437	379	108
456	439	372	99
455	432	377	109
442	436	389	102
444	447	392	89
432	437	411	105
444	442	392	101
443	441	395	104
445	439	394	107
451	440	383	112
453	442	384	107
443	444	393	102
452	441	390	110
440	442	406	107
439	441	402	112
454	443	385	107
457	438	377	115
444	437	397	119
447	442	395	113
441	444	397	116
456	439	389	123
442	443	397	115
451	447	391	110
441	446	399	107
438	439	392	123
442	440	399	117
446	444	397	113
446	446	391	115
438	440	400	122
443	447	404	119
437	448	407	114
445	446	397	121
445	444	397	124
451	448	393	117
439	447	405	115
433	451	413	111
427	441	418	131
430	452	414	111
433	449	417	120
435	450	409	117
443	456	403	106
434	456	414	104
438	457	409	107
429	458	425	110
440	456	409	107
438	456	410	116
432	447	418	129
437	458	410	113
437	453	409	121
425	443	418	138
421	453	430	130
432	444	422	136
430	458	416	135
433	449	421	141
431	452	423	132
426	460	425	122
435	453	411	131
436	460	416	125
431	455	420	134
427	454	423	135
425	458	426	135
434	455	417	146
431	459	424	138
437	450	412	149
430	462	422	143
449	456	407	150
436	449	420	162
462	460	393	142
477	472	380	118
501	470	360	120
443	467	417	130
426	451	429	159
423	473	437	137
420	473	439	140
421	464	437	153
428	471	429	147
418	464	435	154
448	481	403	126
440	465	419	147
458	482	406	129
437	488	418	120
468	474	401	133
510	486	364	120
502	468	363	139
496	455	357	161
526	479	333	139
514	490	348	122
506	498	365	112
501	505	372	101
493	505	382	110
487	494	386	128
