1808	541	51	112
1745	539	52	107
1699	531	47	107
1651	530	46	99
1615	522	39	99
1585	516	43	101
1556	513	44	104
1539	512	46	102
1525	509	40	99
1515	506	42	103
1507	506	44	100
1503	506	39	98
1497	503	44	101
1496	504	43	99
1497	501	39	100
1496	502	40	100
1497	502	38	97
1497	502	38	96
1497	502	39	94
1498	503	39	94
1501	501	37	95
1502	501	38	92
1504	499	37	96
1505	498	40	96
1506	500	40	94
1507	495	42	97
1511	498	39	92
1512	496	40	95
1514	493	41	97
1515	494	40	94
1517	491	38	97
1520	491	37	99
1520	494	38	93
1519	493	41	94
1523	491	36	95
1524	491	38	97
1523	489	38	97
1522	490	42	96
1524	489	40	97
1526	487	39	97
1526	488	40	94
1528	487	37	96
1529	484	35	101
1527	484	37	97
1526	482	37	97
1522	482	39	96
1515	481	38	96
1508	481	37	92
1495	482	37	90
1482	477	36	93
1465	478	34	86
1447	475	30	93
1424	474	34	90
1402	473	32	88
1375	472	35	86
1355	472	33	84
1327	468	35	84
1302	464	37	85
1274	462	36	82
1247	463	37	75
1224	463	38	75
1203	462	36	74
1187	457	33	81
1174	454	33	82
1161	454	38	83
1153	452	37	84
1145	453	34	80
1139	452	35	84
1140	451	29	84
1137	450	29	77
1134	455	32	81
1133	452	33	87
1134	453	32	80
1135	453	29	82
1135	448	30	86
1134	446	27	84
1133	444	28	86
1133	445	30	85
1133	442	32	87
1135	441	33	84
1136	443	32	82
1139	442	30	81
1141	443	29	82
1142	441	31	83
1143	442	29	82
1143	443	32	79
1146	441	28	83
1147	443	28	78
1147	443	30	79
1147	440	32	82
1147	438	33	80
1148	438	32	78
1148	436	32	83
1148	434	35	83
1151	436	32	81
1153	432	30	80
1153	435	30	77
1155	432	29	81
1155	432	29	81
1155	432	29	79
1155	432	30	80
1157	433	27	76
1157	431	26	83
1157	430	28	84
1157	429	27	87
1158	429	28	82
1158	429	28	82
1159	428	27	81
1160	427	26	77
1161	429	26	76
1160	427	27	76
1160	425	29	82
1161	423	28	83
1161	424	29	85
1161	422	28	84
1160	423	29	80
1161	425	29	78
1161	424	30	79
1161	424	29	78
1162	426	29	78
1161	423	30	79
1162	425	31	77
1160	423	34	79
1161	424	33	77
1163	422	31	78
1160	423	36	79
1163	421	33	82
1162	419	34	80
1165	420	32	77
1165	419	33	78
1167	418	31	77
1167	417	30	79
1169	414	29	81
1170	416	28	79
1170	415	28	82
1169	414	30	83
1170	413	28	80
1170	413	28	81
1170	415	28	74
1171	413	28	74
1171	411	28	78
1171	412	30	77
1172	410	28	79
1172	409	30	79
1174	410	27	74
1173	408	27	72
1174	410	27	73
1175	408	28	76
1174	411	29	76
1174	410	29	74
1174	411	28	71
1175	411	27	72
1175	409	28	74
1176	407	28	77
1176	408	29	75
1176	408	31	76
1177	406	31	77
1179	406	30	78
1178	407	31	74
1181	404	28	76
1182	403	26	77
1182	403	27	75
1183	405	26	72
1183	404	27	70
1183	404	27	71
1183	402	28	75
1183	402	27	74
1184	404	27	72
1183	403	27	73
1184	403	27	75
1183	402	27	75
1184	403	27	74
1184	404	27	71
1184	404	28	70
1184	402	27	74
1183	401	27	76
1184	400	27	74
1183	399	30	75
1184	400	27	76
1184	399	26	74
1185	401	27	68
1185	401	25	69
1184	401	27	70
1186	400	25	72
1184	401	27	72
1184	403	29	68
1185	403	27	73
1184	401	30	74
1184	402	30	71
1186	402	27	72
1187	400	28	74
1188	400	27	76
1188	400	27	72
1188	401	28	72
1188	402	28	74
1188	402	30	71
1190	403	28	69
1190	402	26	67
1189	402	27	67
1190	403	27	70
1188	404	29	71
1191	403	26	68
1189	402	28	72
1190	403	28	71
1191	403	26	70
1190	402	29	74
1191	401	28	74
1189	403	30	71
1190	403	29	71
1191	403	28	70
1191	401	27	72
1191	400	26	73
1192	402	26	73
1192	401	26	72
1191	402	27	73
1191	402	27	75
1192	403	26	72
1191	403	29	72
1191	405	28	71
1191	404	29	72
1190	407	30	71
1191	405	30	73
1192	406	29	71
1194	405	27	71
1193	404	30	71
1194	406	30	69
1195	405	27	68
1195	406	28	70
1195	405	28	70
1196	405	26	69
1197	405	25	68
1198	406	25	68
1199	405	24	70
1198	406	24	70
1198	406	25	72
1199	406	24	71
1198	406	25	73
1198	407	25	72
1197	406	26	73
1197	405	26	74
1197	405	26	74
1197	406	26	72
1197	404	25	72
1197	405	26	71
1197	406	26	69
1196	404	27	70
1196	406	27	71
1195	406	27	71
1196	407	26	70
1196	406	26	70
1195	407	27	72
1194	407	28	72
1193	408	29	68
1192	409	31	67
1193	407	30	70
1193	409	31	69
1194	409	31	69
1193	410	32	68
1194	406	33	72
1194	405	31	71
1194	405	31	72
1195	405	29	73
1196	405	29	71
1197	406	29	69
1197	406	28	69
1199	406	27	71
1200	404	27	71
1200	406	26	69
1199	408	27	67
1201	405	26	71
1199	406	26	73
1200	406	25	72
1200	405	26	74
1200	404	25	73
1200	406	26	70
1199	407	27	68
1199	405	26	71
1199	404	26	74
1198	405	27	73
1198	405	27	72
1198	404	28	70
1197	406	28	68
1197	407	29	72
1197	405	28	73
1197	406	27	71
1196	407	29	71
1197	407	28	69
1196	408	29	67
1196	406	28	69
1194	407	30	69
1195	407	30	70
1194	406	31	74
1195	405	29	70
1195	404	29	72
1192	405	32	71
1192	403	32	73
1193	405	31	72
1193	405	31	70
1192	406	31	70
1191	405	32	70
1191	406	32	70
1193	405	29	72
1193	406	28	69
1194	405	27	69
1193	405	28	71
1194	402	26	75
1193	402	26	74
1191	401	29	80
1192	400	27	76
1191	400	28	74
1192	400	27	73
1192	401	28	71
1192	403	27	71
1193	401	27	73
1193	402	27	70
1193	400	27	73
1193	402	26	71
1192	401	27	72
1190	401	29	72
1189	401	30	73
1189	401	28	73
1187	402	30	72
1187	402	32	69
1188	401	31	71
1191	399	28	72
1189	401	31	68
1190	401	28	65
1191	401	29	70
1191	400	29	72
1193	401	28	69
1193	402	30	70
1196	401	27	72
1196	402	25	72
1196	404	26	72
1195	404	27	71
1195	404	28	72
1196	405	27	71
1195	405	28	74
1194	406	29	73
1193	407	29	71
1194	405	29	69
1194	406	29	70
1194	404	27	75
1193	405	30	74
1188	408	35	73
1190	407	33	71
1193	407	30	71
1192	408	31	73
1190	409	33	73
1190	410	33	71
1189	411	34	71
1191	412	31	70
1191	413	31	71
1192	414	32	69
1193	414	32	69
1190	413	36	71
1192	413	33	70
1192	413	34	73
1192	413	35	72
1192	416	34	69
1193	414	33	69
1195	414	30	72
1197	415	29	72
1198	416	29	71
1199	417	28	71
1200	416	28	74
1201	416	26	77
1201	417	26	73
1200	417	27	72
1200	419	26	71
1200	418	26	74
1200	418	27	74
1201	420	27	67
1200	421	28	68
1199	420	27	69
1199	420	26	70
1199	421	27	69
1198	422	29	68
1199	422	27	68
1198	420	29	72
1197	421	28	70
1197	422	29	72
1194	421	31	77
1194	423	30	68
1194	423	30	71
1193	422	31	71
1192	423	32	70
1190	423	34	70
1190	423	34	68
1192	423	33	67
1191	422	35	66
1189	422	36	70
1191	421	35	71
1191	422	34	70
1191	421	33	73
1191	422	33	72
1192	422	33	73
1193	422	31	70
1192	422	31	70
1192	422	32	69
1192	423	31	70
1193	424	31	68
1193	424	30	69
1194	425	29	68
1194	423	29	70
1194	422	29	67
1195	421	28	69
1195	419	28	72
1197	419	26	73
1197	419	26	71
1197	421	26	70
1196	420	26	72
1197	422	27	70
1196	422	27	70
1197	423	27	68
1196	423	28	68
1195	423	30	69
1193	422	32	71
1195	421	30	72
1196	421	30	74
1196	420	33	72
1196	420	33	72
1199	420	32	71
1199	420	32	72
1200	422	32	67
1201	422	30	67
1201	421	30	69
1203	419	28	70
1203	422	30	69
1202	421	30	69
1205	420	28	70
1205	420	29	70
1205	420	29	73
1207	420	27	72
1207	419	28	72
1206	421	29	68
1207	422	29	71
1206	421	31	69
1206	421	29	68
1202	419	31	67
1200	419	29	70
1194	419	28	68
1187	418	29	69
1178	416	34	73
1173	418	33	70
1167	417	36	69
1163	422	32	62
1160	418	31	66
1157	418	33	68
1154	417	32	68
1153	416	31	71
1152	416	32	71
1152	416	31	69
1151	416	31	70
1152	416	31	69
1153	415	30	66
1154	415	29	67
1154	414	32	67
1155	412	31	68
1155	411	32	68
1156	409	32	68
1159	408	30	68
1160	408	32	71
1161	408	30	68
1161	408	30	67
1162	408	27	69
1160	405	28	72
1159	407	28	69
1157	406	28	70
1157	407	28	67
1157	403	28	71
1156	405	27	67
1157	403	28	70
1159	402	25	75
1157	404	29	70
1162	404	26	70
1163	406	27	68
1163	406	28	69
1162	406	31	68
1161	406	33	69
1162	405	33	69
1159	404	37	72
1161	402	35	72
1159	402	37	69
1160	405	35	64
1160	406	36	62
1160	404	37	64
1160	406	38	60
1160	406	38	57
1161	400	35	64
1162	395	34	66
1161	393	34	66
1164	392	31	65
1164	390	31	67
1165	389	31	69
1165	390	32	66
1165	389	32	68
1168	389	30	66
1166	391	31	66
1168	389	28	69
1169	391	27	67
1170	391	28	67
1169	390	28	68
1170	392	27	66
1170	392	27	66
1170	393	29	65
1170	394	28	64
1169	394	29	64
1170	395	31	65
1169	395	31	65
1169	396	32	64
1171	395	30	68
1171	395	30	66
1171	395	31	69
1172	395	30	66
1173	396	30	66
1174	396	29	65
1171	397	33	67
1173	397	30	66
1173	397	32	70
1172	398	33	67
1173	400	31	61
1177	398	30	64
1175	398	32	64
1175	397	32	64
1175	396	32	67
1179	395	28	70
1180	397	28	68
1180	396	28	67
1181	397	26	64
1181	398	28	63
1182	398	27	63
1182	399	26	64
1182	399	26	64
1184	400	25	63
1184	399	24	63
1185	399	25	63
1183	402	26	61
1184	398	25	66
1184	399	26	63
1184	400	26	63
1185	396	26	66
1185	397	26	64
1183	397	29	65
1183	396	29	64
1184	398	29	64
1184	399	29	64
1184	398	29	65
1183	402	31	62
1183	402	31	62
1183	403	31	60
1185	404	28	61
1185	403	30	63
1184	403	32	62
1186	403	30	60
1187	403	30	61
1186	403	32	62
1186	403	31	60
1187	402	31	60
1188	400	30	63
1189	401	27	62
1189	403	28	60
1190	401	27	63
1191	401	26	61
1192	399	27	65
1193	401	25	63
1193	400	24	63
1194	402	23	61
1194	402	24	59
1196	401	21	60
1195	401	22	60
1196	401	22	59
1195	399	23	62
1195	399	24	64
1194	399	24	60
1193	400	25	58
1193	398	25	59
1193	399	26	57
1193	400	26	57
1193	400	26	58
1192	401	29	59
1193	401	26	59
1193	400	27	60
1193	399	28	60
1192	399	29	60
1192	398	29	60
1191	396	31	62
1192	396	29	60
1193	396	28	59
1193	395	29	60
1190	394	32	61
1193	394	29	59
1194	393	28	59
1196	391	25	61
1193	392	29	61
1193	391	30	61
1195	391	26	61
1197	392	24	60
1196	393	24	58
1196	393	24	58
1198	393	22	58
1197	393	24	58
1197	392	23	57
1197	391	23	62
1198	391	22	60
1198	390	22	59
1198	390	23	61
1197	389	24	61
1198	389	22	61
1198	390	22	57
1197	389	22	59
1196	391	23	58
1196	391	24	57
1195	393	26	55
1194	393	25	54
1195	391	24	58
1194	392	26	58
1193	392	28	56
1194	391	27	60
1193	391	27	57
1193	390	25	55
1194	390	24	55
1193	390	25	57
1194	388	24	57
1193	388	24	59
1194	388	23	58
1193	390	24	58
1195	386	21	58
1194	388	21	59
1194	387	21	60
1194	388	21	61
1192	390	23	59
1193	391	22	57
1193	390	21	57
1191	390	22	56
1191	390	22	58
1190	390	23	58
1190	391	25	56
1190	389	24	58
1190	390	24	61
1189	388	24	59
1188	390	26	59
1189	391	26	57
1189	391	25	57
1189	392	25	56
1189	393	24	54
1189	393	25	55
1188	393	26	58
1188	394	25	59
1188	393	25	62
1186	395	28	63
1187	393	28	62
1187	393	27	61
1188	395	25	57
1188	395	25	56
1186	395	27	55
1189	396	24	56
1188	395	24	60
1189	396	23	59
1189	399	25	57
1191	397	22	56
1190	400	22	55
1191	400	22	56
1191	402	23	55
1191	402	21	55
1191	404	22	53
1192	405	21	54
1192	404	20	58
1191	405	21	57
1191	405	21	56
1189	406	24	59
1191	407	21	57
1191	408	21	57
1191	409	21	56
1190	411	23	56
1191	413	23	53
1191	413	24	55
1192	414	22	55
1191	415	23	56
1192	416	22	57
1191	418	23	57
1191	420	24	59
1192	420	23	58
1191	421	25	57
1193	420	22	57
1192	421	24	56
1192	421	24	63
1191	423	25	61
1191	427	25	61
1187	430	31	55
1188	429	28	56
1186	433	31	51
1185	434	32	57
1187	434	29	57
1186	434	31	59
1188	439	28	52
1191	437	25	57
1192	442	24	56
1189	439	27	62
1184	441	32	60
1185	445	30	57
1186	447	29	52
1191	445	25	59
1189	447	27	55
1194	447	21	59
1192	448	26	59
1192	449	25	61
1189	452	29	56
1190	453	29	54
1194	453	25	47
1195	453	24	51
1190	456	29	54
1195	457	25	52
1190	457	29	56
1189	456	30	62
1192	457	29	61
1187	461	35	54
1194	461	27	48
1193	462	27	48
1195	459	25	51
1196	458	24	51
1196	459	24	53
1195	458	25	54
1196	457	24	54
1196	459	24	53
1195	459	25	56
1192	460	29	52
1192	459	29	57
1190	460	32	57
1192	462	30	53
1195	462	27	57
1192	463	30	57
1194	463	29	55
1195	462	28	55
1198	463	24	52
1197	463	26	51
1195	461	29	57
1196	464	28	52
1195	461	30	56
1198	460	27	57
1200	460	26	57
1201	462	24	55
1199	463	26	52
1201	464	25	52
1201	465	25	56
1201	466	25	53
1205	465	21	55
1205	466	22	55
1204	465	23	61
1205	466	25	62
1200	468	31	57
1196	468	36	55
1198	468	34	51
1204	468	29	51
1210	469	24	56
1208	468	26	60
1205	469	30	57
1211	468	23	58
1209	469	27	61
1204	469	27	56
1196	470	31	57
1189	469	25	56
1176	472	23	53
1159	471	25	51
1135	475	33	52
1117	473	29	47
1096	476	29	49
1078	473	21	47
1059	471	19	47
1033	475	19	45
1006	474	23	50
983	472	22	42
953	474	26	44
929	472	23	45
901	469	20	47
868	474	22	44
840	476	25	46
812	474	22	47
788	474	20	51
768	480	22	49
751	477	22	54
738	479	22	53
726	479	25	53
719	480	21	58
711	479	26	55
709	480	23	54
708	482	21	54
706	485	24	51
709	489	20	52
709	491	21	49
708	491	22	46
707	493	24	47
707	488	25	49
705	490	27	52
709	487	22	56
709	488	25	53
704	490	30	58
706	489	28	59
706	488	28	62
703	488	32	61
706	489	29	56
708	488	26	56
709	487	27	59
708	487	27	59
710	487	21	55
711	485	21	55
709	483	22	60
706	480	25	57
706	482	24	57
705	480	24	59
705	481	24	56
706	479	22	55
704	480	23	54
701	477	26	57
702	478	25	56
699	478	27	57
698	477	29	54
700	474	26	57
700	474	27	58
701	474	26	57
700	474	27	56
699	472	27	55
702	474	23	49
702	473	21	49
701	471	22	52
701	470	22	52
701	469	21	55
699	469	24	58
700	469	23	58
700	467	22	56
700	468	22	57
700	466	22	55
698	467	24	50
694	466	28	56
696	465	26	58
699	465	23	61
698	464	23	58
696	464	25	56
697	462	24	59
696	461	25	55
696	458	24	53
