868	474	74	50
863	480	73	44
853	480	79	50
841	482	88	45
838	487	86	44
830	488	90	44
835	486	81	51
835	488	72	51
837	494	64	47
835	493	64	54
820	495	67	55
816	495	73	59
819	492	67	63
819	485	61	69
811	495	67	66
810	490	63	74
799	504	68	59
776	511	84	51
766	519	91	47
763	525	90	43
755	521	94	53
749	521	94	55
743	528	94	56
737	534	87	48
732	538	88	49
725	540	90	51
713	545	101	48
700	550	111	50
699	552	115	48
688	556	116	48
681	559	115	48
674	569	106	40
667	569	118	40
655	577	123	38
648	576	120	49
638	576	127	49
627	582	120	48
619	588	113	53
614	587	122	59
601	589	120	58
590	589	130	62
580	592	138	70
570	586	153	76
555	588	149	77
547	601	142	66
541	606	131	76
529	594	142	96
508	603	149	92
500	598	159	105
483	609	159	98
467	620	162	93
458	625	162	97
434	626	178	112
419	626	183	113
404	644	185	101
390	671	185	82
375	659	184	110
341	652	212	129
334	652	207	135
315	673	216	123
292	662	231	139
281	675	218	135
270	669	213	158
241	663	231	168
209	701	243	149
191	719	238	146
166	752	253	111
140	759	265	99
121	771	270	95
100	787	271	97
74	799	284	88
74	795	294	100
80	785	293	131
73	772	327	147
81	761	317	163
123	749	308	164
163	753	288	162
190	732	294	182
216	765	287	163
263	759	270	186
286	742	268	176
307	759	287	160
342	764	276	137
309	801	289	135
390	786	291	123
418	772	276	137
454	778	269	116
421	803	284	127
457	774	274	154
536	765	258	119
500	793	286	134
539	761	293	161
595	759	279	132
623	762	250	111
650	775	251	132
662	765	254	114
691	770	247	144
708	769	256	127
726	762	252	138
744	763	254	130
759	753	247	133
767	754	235	128
765	754	239	123
757	754	245	121
748	754	241	121
741	752	237	120
719	747	245	122
697	746	247	122
677	747	247	118
655	742	241	117
633	731	236	126
610	737	243	122
583	733	239	127
555	726	237	131
523	723	258	165
499	724	246	185
472	707	248	208
438	706	263	211
432	705	255	201
426	713	240	194
397	707	250	184
361	720	280	170
345	709	292	167
363	707	269	139
365	707	256	144
391	704	229	105
399	703	226	102
394	699	221	110
412	694	226	93
425	694	210	92
443	678	213	96
463	677	211	90
469	668	218	106
553	650	220	110
514	652	217	96
537	652	205	83
603	641	212	92
590	634	192	89
623	627	182	85
642	625	190	84
661	618	192	80
703	609	179	81
735	608	173	82
755	603	175	75
786	600	185	68
811	589	176	75
833	584	172	77
874	582	158	69
902	579	147	69
931	574	147	69
954	568	154	70
992	562	142	76
1022	561	136	75
1047	559	137	69
1082	555	129	70
1109	556	132	65
1134	553	138	63
1168	550	131	68
1201	549	130	67
1236	547	129	66
1268	546	138	64
1292	546	143	66
1326	543	142	70
1348	543	131	67
1369	541	128	61
1382	538	135	63
1388	534	139	62
1397	531	131	72
1403	530	125	67
1401	527	133	67
1399	526	144	68
1391	529	128	59
1389	526	117	53
1380	520	120	50
1376	518	117	54
1376	511	125	60
1355	513	127	50
1344	509	122	50
1348	508	109	46
1348	508	109	46
1273	595	103	60
1328	488	101	55
1327	491	94	49
1328	487	95	52
1314	483	100	49
1306	485	100	45
1297	485	96	41
1288	482	102	39
1286	479	112	42
1275	478	101	40
1276	476	96	40
1270	473	97	41
1265	471	95	42
1266	472	97	42
1258	467	90	42
1254	466	87	40
1246	465	89	34
1239	461	89	38
1229	461	95	37
1239	459	97	38
1234	456	101	43
1228	456	102	40
1223	454	106	41
1220	446	103	46
1217	441	89	50
1220	446	85	44
1213	446	75	37
1213	443	82	41
1203	443	75	39
1206	445	68	36
1214	442	60	38
1203	437	54	45
1212	433	47	48
1208	431	45	49
1199	433	52	45
1191	439	57	37
1184	441	59	30
1172	435	64	31
1171	434	71	33
1170	431	83	35
1160	430	72	35
1158	427	81	38
1152	425	97	37
1130	422	89	36
1130	422	89	36
1133	418	91	36
1139	423	101	37
1156	426	97	33
1156	426	97	33
1132	421	99	33
1098	410	102	41
1098	410	102	41
1122	419	102	32
1122	419	102	32
1125	414	103	34
1110	410	101	37
1100	402	93	45
1119	402	97	43
1114	395	92	52
1122	400	86	45
1086	401	98	41
1104	402	109	39
1076	397	123	42
1097	398	116	38
1087	401	117	32
1081	405	118	27
1076	401	122	33
1079	394	118	41
1069	392	120	41
1075	395	117	37
1075	395	116	33
1071	396	115	33
1078	394	112	34
1075	395	117	34
1077	394	113	39
1062	396	116	29
1065	394	107	34
1069	392	106	32
1052	391	107	34
1050	389	107	34
1049	387	111	32
1044	383	112	34
1044	383	112	34
1041	382	120	35
1035	381	123	33
1022	380	132	43
1017	375	129	42
974	375	130	46
988	382	139	32
962	380	143	33
937	383	144	28
912	384	147	27
892	380	139	33
872	382	147	28
860	379	138	32
852	375	125	36
849	378	116	29
847	379	119	29
835	379	123	30
826	378	115	29
826	380	105	26
823	375	108	30
827	375	105	27
824	375	106	27
817	377	111	29
817	367	112	38
815	369	122	38
808	372	115	31
