850	292	23	31
848	293	25	28
847	294	24	27
849	295	23	26
849	292	23	27
848	293	24	28
845	294	28	25
846	291	27	27
847	294	24	24
847	293	25	23
847	295	22	22
848	294	20	23
849	294	15	27
846	295	17	25
849	294	16	25
848	294	16	26
848	295	15	22
847	295	15	21
847	294	15	23
848	298	13	20
848	297	15	19
848	296	14	21
848	294	13	23
847	298	13	20
847	297	13	21
847	297	12	19
848	298	11	18
847	298	11	19
846	296	11	20
845	296	13	20
845	296	12	20
845	298	12	20
845	299	11	16
845	299	10	16
843	301	12	15
843	299	12	17
844	300	11	16
842	299	12	17
842	300	12	17
841	299	12	19
841	298	12	21
839	299	13	21
840	299	12	19
840	299	11	17
838	300	13	16
839	300	13	19
839	300	11	17
838	301	12	17
838	300	12	19
838	300	11	17
838	300	11	17
838	299	11	18
837	299	12	19
837	299	12	21
835	300	12	19
836	300	10	18
835	301	11	17
834	301	12	17
835	300	11	16
835	300	11	16
835	301	12	17
831	303	15	15
833	302	14	16
833	303	13	16
832	302	12	17
831	301	13	18
831	301	14	18
831	301	15	19
831	302	12	17
830	302	11	16
829	302	12	16
829	303	11	15
828	301	13	19
827	300	15	20
827	302	13	17
826	302	13	17
826	303	13	15
828	303	10	15
827	303	11	16
826	303	11	16
825	304	12	15
825	304	12	15
824	303	12	17
823	303	13	17
824	305	10	14
824	304	10	15
823	305	11	14
822	305	10	13
821	304	11	15
820	304	12	16
818	303	14	16
818	304	12	16
817	305	13	14
815	304	15	17
815	304	14	17
816	304	14	16
816	303	12	17
815	303	15	18
814	304	14	17
815	305	11	15
814	304	12	17
815	305	11	16
814	305	11	16
813	306	11	16
813	305	11	15
813	305	10	15
812	305	11	15
812	305	11	14
811	305	12	16
809	306	12	15
809	306	12	16
810	306	10	16
808	304	13	16
808	305	12	16
807	305	12	17
806	306	14	16
806	305	13	18
806	305	12	17
806	306	12	17
806	306	12	18
806	307	12	16
805	307	12	15
804	307	13	15
803	305	15	18
802	306	15	17
802	308	15	17
803	306	14	18
803	306	13	18
802	306	15	18
800	307	15	18
801	306	15	19
800	307	15	18
799	306	15	18
800	307	15	19
799	307	15	20
799	308	16	18
799	306	15	19
799	304	15	22
798	304	17	24
797	304	18	23
795	307	19	19
792	305	22	22
792	304	21	25
795	306	18	22
795	306	18	21
794	305	18	22
792	305	21	23
792	303	22	26
793	304	20	24
791	303	22	25
791	304	23	25
790	303	24	27
788	302	26	26
787	307	29	21
787	306	26	24
790	305	24	24
792	306	19	24
791	306	19	23
789	308	20	20
791	308	18	21
790	304	19	24
787	304	24	29
788	304	23	28
787	303	23	28
787	305	23	27
790	305	20	24
790	306	17	23
789	308	18	21
789	306	18	23
787	306	19	24
788	308	17	22
787	308	19	20
785	306	21	24
786	306	21	24
786	308	20	22
786	308	20	21
786	310	18	19
786	310	15	19
787	309	14	20
786	310	16	19
785	310	16	17
785	309	16	19
784	308	16	22
784	307	16	23
783	310	17	21
783	310	18	20
784	311	14	19
783	310	15	19
783	310	16	21
783	311	14	18
782	310	15	19
782	311	15	18
781	310	16	19
781	311	15	17
780	311	17	18
779	311	18	18
776	311	20	21
778	311	18	21
780	313	16	18
779	312	15	17
778	313	16	17
778	312	16	19
778	312	16	19
777	311	17	19
775	311	18	20
774	313	19	19
774	312	20	19
775	312	19	19
775	311	17	20
773	310	19	23
774	313	18	20
774	312	17	20
773	311	19	21
774	310	18	22
774	311	16	21
771	312	20	21
770	310	21	23
773	312	18	21
772	311	18	22
773	313	18	21
773	313	17	20
774	314	15	18
772	313	18	20
773	313	17	20
770	313	18	21
770	314	20	20
771	314	19	22
772	315	16	21
772	314	18	19
772	316	16	17
772	316	17	19
771	316	17	18
771	314	18	19
770	315	19	21
771	315	17	19
771	315	17	20
770	316	16	21
771	316	16	20
771	316	16	21
771	317	16	19
771	318	17	18
770	317	17	19
769	316	19	21
769	318	18	19
770	317	17	19
769	316	18	19
771	318	15	18
769	317	17	20
769	316	18	24
768	318	20	21
768	318	20	20
769	319	17	19
769	320	16	19
768	320	18	20
768	319	18	21
768	319	18	22
767	319	20	22
768	320	19	20
768	321	18	19
768	321	17	19
767	321	18	19
767	320	18	22
769	320	16	20
768	321	16	20
768	321	17	21
768	322	17	22
768	322	17	20
767	322	18	19
768	321	17	22
768	322	17	20
767	322	18	22
767	322	18	21
768	322	16	21
767	323	16	18
766	322	19	21
768	323	16	20
767	323	18	21
767	324	18	22
767	323	18	22
766	323	17	20
767	325	16	19
767	325	15	19
767	326	16	18
767	325	16	18
766	324	17	18
766	325	18	20
766	326	18	19
766	326	18	19
765	324	20	22
767	325	18	22
766	326	18	18
767	326	16	19
766	326	18	21
765	326	18	20
766	326	18	20
766	327	17	20
767	327	16	21
766	327	17	17
765	328	18	21
764	326	20	23
765	328	17	21
766	327	18	22
766	327	17	21
766	328	16	20
765	329	18	20
765	329	17	20
766	329	17	20
765	330	17	19
766	330	16	18
767	329	15	22
765	329	17	23
764	329	19	22
765	330	19	18
765	330	18	19
767	331	16	20
766	331	17	18
766	331	17	18
765	331	18	19
765	331	19	21
764	331	19	20
764	330	21	20
764	330	21	23
764	330	23	22
765	331	20	22
763	330	24	23
764	330	22	21
765	330	20	21
765	331	21	19
765	331	21	20
766	330	20	20
767	331	19	21
766	330	21	23
766	331	22	26
766	331	22	23
767	331	19	22
768	331	20	22
768	331	20	23
768	332	18	25
768	332	19	25
766	331	21	26
768	331	20	26
769	332	19	21
768	331	21	22
767	332	23	25
769	332	20	25
769	331	21	26
770	332	21	28
768	333	21	24
768	331	22	28
769	331	21	27
769	333	22	25
770	334	22	23
770	334	21	27
770	334	21	29
768	334	23	25
768	332	25	27
770	333	24	30
769	332	25	30
769	333	25	30
772	331	24	32
768	331	28	32
769	331	29	31
771	334	23	27
772	335	22	26
774	335	22	26
774	336	22	26
770	337	24	24
770	336	26	30
770	336	29	30
772	333	25	30
771	337	30	28
771	336	27	32
774	337	25	33
774	339	23	29
774	340	24	28
775	339	24	25
771	340	28	26
773	339	25	27
775	340	25	27
774	341	29	27
774	340	29	26
773	339	31	31
775	342	31	27
775	341	30	27
778	342	26	30
779	339	27	36
779	340	27	32
780	341	22	33
780	341	24	30
781	338	25	34
780	337	26	38
778	342	30	37
780	345	28	32
782	346	24	28
783	346	22	27
784	347	21	25
785	346	21	26
784	345	26	32
785	346	23	27
786	350	21	24
788	351	20	23
786	351	23	27
785	351	22	28
789	352	19	26
788	350	24	29
787	351	24	31
784	350	28	33
783	352	30	31
786	354	26	29
788	355	25	30
791	354	20	31
791	354	23	34
791	354	21	35
792	356	21	29
793	354	21	28
791	355	22	28
795	356	19	26
794	357	21	30
792	357	25	33
793	355	24	40
792	357	28	33
790	359	30	36
790	358	30	34
789	360	29	35
789	356	31	38
789	359	32	37
789	361	32	36
789	360	31	38
791	355	31	45
797	356	24	44
797	358	26	41
795	359	33	36
796	363	30	35
793	362	32	40
797	364	27	37
799	365	24	34
799	365	25	32
800	365	30	33
803	363	26	37
803	365	25	35
803	369	27	30
805	366	24	35
804	370	28	32
804	369	28	35
803	371	28	32
803	370	28	31
802	373	30	32
808	371	26	33
809	369	23	35
811	375	21	30
813	376	22	31
812	375	24	32
813	375	23	33
814	376	22	35
812	377	27	31
810	377	29	34
813	377	25	32
818	381	22	28
819	378	22	32
820	383	21	27
821	383	22	26
820	386	23	23
821	385	23	24
824	387	22	25
824	388	21	24
823	388	23	26
825	389	22	24
823	389	27	26
823	387	27	30
823	388	28	30
823	389	28	29
823	390	29	31
826	389	27	32
825	389	31	35
826	392	29	31
830	390	28	35
830	387	28	35
833	388	24	38
831	391	30	37
833	387	32	42
833	393	30	42
832	394	31	45
831	391	32	42
833	392	28	38
833	396	28	33
839	401	25	27
839	398	25	29
844	397	21	33
841	399	24	28
845	403	20	25
845	402	20	26
845	401	23	27
843	400	26	32
846	400	23	31
844	403	27	32
844	406	33	30
847	404	27	35
848	406	29	33
847	406	27	31
850	407	24	33
852	409	24	32
851	407	26	35
848	410	30	35
846	407	37	37
850	410	36	32
854	412	29	30
857	411	27	34
858	405	24	39
859	408	23	37
861	413	22	35
862	415	20	31
862	414	22	33
865	414	20	33
861	415	25	33
862	419	27	34
861	419	29	28
862	419	28	31
862	419	31	34
860	418	29	38
862	419	30	37
864	424	25	35
867	424	24	35
870	428	22	28
869	429	23	23
868	429	25	25
871	428	23	31
871	431	23	31
871	433	26	27
872	435	23	25
871	434	24	30
871	433	28	35
873	432	26	38
873	433	28	38
873	437	27	38
875	439	23	30
879	439	19	33
878	438	21	39
878	440	23	35
879	443	22	32
879	445	23	32
880	448	21	26
878	448	25	29
878	450	25	30
879	449	25	33
882	450	27	36
880	448	25	38
883	451	23	34
885	455	21	33
886	456	21	32
887	457	21	28
887	458	20	26
887	462	21	23
890	461	17	24
889	465	19	27
888	465	21	27
889	466	20	25
889	468	19	22
890	469	18	25
889	470	20	25
888	469	23	25
888	474	21	28
889	471	23	26
889	473	23	26
889	475	26	28
890	476	26	27
890	479	24	26
893	480	24	25
894	484	22	20
895	485	22	23
895	486	25	25
899	489	22	22
900	491	23	24
902	493	22	25
904	494	20	23
906	495	19	24
907	498	20	22
908	500	21	21
911	502	20	21
912	505	21	24
913	506	21	23
915	507	19	23
918	510	19	19
920	511	20	21
921	514	20	20
922	516	20	21
921	516	23	22
923	519	22	23
927	518	20	24
925	522	24	25
928	524	23	25
932	527	21	23
934	528	21	22
935	532	22	20
938	535	20	18
940	536	20	20
942	538	20	21
945	540	19	22
944	541	24	25
945	541	26	26
945	545	28	25
950	546	25	28
952	549	25	35
954	552	24	35
957	555	24	28
963	559	20	24
964	563	21	23
968	566	19	21
970	569	20	22
973	572	19	21
976	575	19	22
979	579	19	20
981	581	19	21
984	584	19	19
987	587	17	20
989	590	19	18
992	592	20	20
995	594	20	19
996	598	20	19
999	599	20	20
1002	603	20	20
1003	606	22	19
1006	609	22	19
1012	613	18	18
1015	615	18	18
1017	617	18	18
1020	620	18	18
1022	623	18	19
1027	627	17	18
1029	629	16	19
1032	632	18	19
1033	637	19	18
1035	639	21	18
1037	642	21	19
1042	646	19	19
1041	649	23	19
1047	653	20	18
1050	656	19	18
1052	658	20	18
1056	662	19	19
1060	665	19	19
1060	667	21	21
1062	671	21	19
1068	676	19	19
1069	678	20	20
1072	681	18	19
1075	685	20	20
1078	688	19	21
1081	691	19	20
1082	695	20	20
1085	699	19	21
1087	702	20	20
1088	706	20	20
1090	710	21	19
1092	713	20	20
1094	716	20	20
1096	720	22	19
1097	724	22	19
1098	727	23	21
1102	730	19	21
1106	734	17	20
1108	738	18	19
1109	741	19	20
1111	744	18	20
1111	746	19	21
1113	751	19	20
1115	755	19	19
1116	758	18	20
1118	761	18	20
1119	766	17	19
1119	768	21	21
1120	773	21	20
1123	776	20	21
1124	780	19	20
1125	783	19	20
1126	786	19	21
1127	789	20	23
1128	793	21	23
1130	797	21	23
1133	801	18	21
1133	805	20	22
1135	809	21	21
1136	813	20	21
1135	816	22	22
1139	818	19	23
1140	823	20	22
1142	826	21	21
1143	829	22	21
1144	833	22	22
1144	836	24	22
1149	838	22	24
1151	843	22	22
1152	847	23	22
1155	849	21	21
1158	852	19	23
1159	856	21	21
1162	858	21	24
1163	862	22	24
1166	865	21	22
1169	868	21	23
1171	872	21	22
1174	873	20	23
1175	878	22	22
1179	879	21	24
1180	883	22	23
1184	884	22	26
1186	888	22	24
1188	891	23	25
1190	894	22	24
1191	897	24	26
1192	900	24	24
1197	903	23	24
1197	904	26	26
1201	910	25	23
1205	913	23	23
1210	913	21	25
1212	918	21	24
1215	922	19	22
1216	924	22	24
1216	926	25	26
1219	930	23	24
1222	933	22	23
1224	937	21	24
1226	937	22	26
1228	941	22	24
1230	944	22	23
1232	946	22	24
1234	949	22	24
1235	951	22	25
1235	953	24	26
1237	955	24	26
1240	958	23	27
1241	962	22	23
1243	964	22	22
1245	965	20	25
1246	969	21	23
1247	970	21	26
1247	972	23	25
