64	401	330	246
90	404	320	234
105	415	321	218
121	401	326	225
148	397	321	241
162	407	318	233
181	406	316	219
202	409	316	215
227	407	305	213
256	409	294	206
281	405	285	199
311	409	272	201
338	408	275	200
363	411	274	192
379	404	275	197
396	401	262	198
416	409	256	186
433	400	271	201
457	397	266	205
475	404	275	209
499	407	274	229
521	404	284	254
534	400	357	283
532	409	394	269
540	396	392	284
563	405	355	283
574	400	346	285
575	402	330	283
588	407	322	273
580	411	321	273
573	392	354	305
563	400	376	282
558	404	379	284
578	385	378	275
598	410	356	261
660	378	348	271
595	391	375	298
570	407	411	286
678	345	319	304
682	380	336	269
695	390	316	209
762	389	256	182
787	386	242	183
799	386	241	183
820	386	227	178
831	389	229	180
847	379	220	181
852	374	223	182
869	375	207	173
891	362	194	202
890	363	208	211
902	367	204	185
904	363	212	195
918	358	206	211
924	356	211	228
934	357	203	206
946	368	206	183
960	356	190	160
972	365	187	144
970	356	195	133
987	363	182	122
994	365	184	113
1007	366	175	111
1010	359	174	116
1027	360	165	128
1026	358	175	121
1030	356	179	121
1033	352	182	130
1042	352	174	125
1051	353	170	120
1061	352	164	114
1074	346	154	120
1078	349	159	122
1085	346	158	134
1088	344	160	134
1095	346	155	124
1101	344	156	124
1108	342	155	125
1121	339	146	121
1126	340	143	122
1130	337	147	143
1134	337	142	137
1137	340	145	109
1142	343	144	115
1149	340	133	116
1154	338	134	115
1162	338	122	112
1170	337	120	109
1174	338	125	114
1173	336	129	109
1180	334	125	108
1183	334	124	118
1187	331	110	109
1193	332	110	108
1191	332	113	110
1196	334	108	100
1208	328	117	115
1210	328	104	116
1209	328	111	109
1212	329	110	105
1214	332	116	97
1221	328	109	99
1225	326	100	102
1225	326	112	114
1226	330	106	106
1228	331	101	84
1231	322	102	104
1236	323	97	100
1240	328	89	97
1238	328	91	90
1243	326	86	96
1244	328	77	87
1243	323	75	92
1247	318	82	101
1246	316	79	101
1251	311	85	93
1244	322	81	92
1244	315	87	95
1242	313	97	94
1242	312	93	100
1244	312	86	95
1248	319	78	99
1243	322	80	92
1230	316	91	93
1215	315	104	89
1221	312	96	97
1204	318	108	89
1219	313	97	101
1218	312	93	105
1215	312	103	118
1213	317	93	114
1218	311	92	104
1224	313	79	92
1216	313	92	98
1213	313	88	85
1212	313	83	83
1221	314	75	85
1213	320	86	90
1216	309	73	86
1212	318	71	76
1218	316	66	73
1209	315	73	80
1199	315	76	86
1203	311	76	94
1209	309	57	84
1205	310	58	85
1200	310	66	91
1194	314	60	74
1200	306	58	85
1192	304	61	89
1184	300	63	87
1188	301	57	78
1184	300	59	81
1180	302	58	80
1182	301	53	81
1173	308	59	72
1173	306	60	81
1175	303	51	81
1174	303	52	78
1175	305	52	69
1173	311	60	68
1174	308	54	61
1171	307	60	65
1174	307	58	73
1171	306	68	81
1171	312	71	77
1171	309	72	76
1172	308	72	81
1188	309	61	73
1195	307	57	82
1200	306	51	66
1206	308	48	62
1211	307	46	60
1213	309	51	61
1217	306	45	58
1220	302	45	63
1218	306	48	58
1224	310	45	56
1228	303	46	58
1229	303	47	58
1233	293	47	65
1235	296	46	63
1238	294	42	65
1240	293	42	64
1246	296	38	59
1247	289	45	68
1251	285	45	70
1253	284	41	69
1257	282	37	68
1257	277	39	73
1261	269	40	79
1263	276	39	75
1264	277	40	71
1271	269	34	77
1274	275	36	71
1278	278	33	68
1283	277	35	64
1282	277	38	62
1294	278	32	62
1303	277	31	61
1309	272	37	68
1317	271	31	65
1326	272	32	65
1334	272	33	64
1346	274	31	60
1356	272	27	61
1362	270	34	62
1373	269	33	64
1385	271	29	62
1396	269	30	65
1409	266	30	65
1419	267	32	63
1435	267	30	61
1450	259	29	65
1459	264	30	65
1475	262	37	66
1485	264	32	60
1496	265	28	59
1512	265	30	60
1522	261	29	64
1539	263	29	60
1553	266	29	55
1565	267	30	53
1574	264	33	54
1585	262	33	58
1596	259	41	70
1610	241	45	71
1595	120	34	70
1604	123	44	66
1627	124	50	64
1630	133	52	61
1644	121	37	64
1665	121	45	66
1672	127	53	59
1672	127	53	59
1691	131	42	49
1709	136	43	46
1718	131	42	43
1728	132	47	39
1735	132	52	39
1755	127	55	47
1762	126	61	43
1776	130	63	42
1790	128	57	49
