938	942	60	131
938	930	58	140
937	921	53	147
935	914	53	149
928	907	56	147
923	901	63	144
922	890	58	146
918	881	58	146
919	878	56	145
913	870	57	142
912	865	54	134
913	852	52	144
907	847	51	143
905	845	49	127
902	836	52	136
898	828	50	135
897	823	50	126
897	815	47	127
894	807	48	127
893	807	45	124
887	800	52	120
882	794	54	116
880	793	56	116
885	788	45	111
883	779	47	117
881	774	46	112
879	771	47	112
875	766	47	112
875	761	49	121
871	753	48	118
869	751	50	112
869	751	44	102
870	750	43	108
863	736	50	109
864	735	44	104
864	725	39	105
861	720	42	101
860	719	41	98
859	716	40	101
856	710	40	102
853	703	42	107
853	703	41	98
851	698	40	96
850	697	37	92
847	692	39	94
846	690	40	100
844	673	37	114
842	674	39	112
839	674	39	102
838	678	42	97
838	676	41	100
836	670	38	96
831	665	39	105
830	658	39	103
830	659	37	101
830	652	35	96
829	656	38	82
825	648	39	83
825	645	36	89
823	640	38	93
820	639	41	98
816	642	42	89
820	630	33	87
819	632	37	84
819	631	37	76
816	628	36	79
816	633	35	76
815	630	34	70
812	624	37	70
814	622	34	75
812	620	37	79
811	617	37	90
810	614	36	103
809	605	36	98
807	610	35	83
808	608	31	80
801	603	36	73
802	604	33	71
802	604	33	71
802	601	36	74
804	601	32	74
801	595	33	71
799	594	33	65
798	592	34	68
798	591	35	70
800	589	32	67
798	588	33	66
800	586	28	59
798	592	33	55
796	587	31	61
794	587	33	67
795	583	32	74
796	574	30	75
795	576	30	82
792	572	28	76
791	572	30	70
793	570	29	70
789	571	30	64
784	568	35	70
786	566	33	75
788	562	30	76
786	560	32	82
786	545	32	80
787	549	32	76
785	553	31	67
784	555	32	58
782	556	33	56
784	554	29	56
784	552	29	59
784	555	30	56
782	551	31	58
783	546	29	62
783	542	26	63
782	544	26	60
782	548	27	62
782	541	21	67
782	536	21	61
779	538	23	56
779	541	23	53
779	536	21	55
778	542	22	61
777	539	24	55
773	539	27	58
775	533	27	63
775	527	24	65
768	525	31	66
771	518	30	73
767	524	31	67
768	530	28	62
768	524	28	65
766	530	29	66
766	526	30	77
767	512	24	78
766	525	26	76
765	510	23	74
765	517	22	74
764	509	27	78
762	508	31	77
764	515	21	74
763	514	24	71
762	513	24	72
763	512	22	71
761	511	25	78
756	516	28	78
758	505	25	82
759	507	25	88
757	510	26	86
754	516	30	87
754	508	32	79
752	515	29	70
752	519	27	67
751	519	24	62
749	512	29	55
750	517	25	52
748	516	26	57
749	515	23	61
749	514	23	56
746	509	25	56
747	507	22	58
745	509	24	53
743	511	28	54
739	512	28	51
736	513	36	51
736	510	30	54
736	511	30	56
735	507	28	55
738	506	24	54
735	508	28	53
737	506	29	57
734	505	29	56
735	504	24	52
736	506	23	47
735	507	24	49
736	504	22	57
735	499	22	52
736	495	22	53
735	498	21	51
735	497	22	50
734	498	21	50
734	497	22	51
733	498	22	51
734	498	24	51
734	496	20	50
735	497	20	51
735	495	21	52
735	492	21	58
735	494	22	52
735	492	20	52
735	493	20	54
736	491	23	50
737	493	21	48
739	491	19	49
738	490	24	51
739	491	23	50
739	490	25	46
740	489	22	43
742	487	20	45
743	487	22	44
742	487	24	46
742	488	24	45
743	486	24	47
743	483	24	51
747	481	21	53
747	476	21	52
748	471	20	59
749	477	22	57
750	478	22	51
753	475	18	52
753	476	17	46
750	481	21	49
756	480	28	47
757	476	28	54
756	470	24	56
757	470	26	57
757	473	26	63
758	474	25	58
757	469	28	60
760	468	26	59
760	469	25	54
759	474	25	48
765	472	30	53
763	473	34	54
765	473	25	53
765	471	29	50
767	472	25	57
767	473	29	57
767	473	29	55
766	468	31	57
769	473	29	53
769	469	30	56
770	472	26	56
774	465	25	58
774	468	28	68
778	465	24	68
774	463	27	62
772	464	29	68
779	457	23	74
781	452	21	74
779	462	25	72
781	456	22	74
782	451	23	76
781	463	32	69
781	458	29	62
787	459	26	55
788	462	23	51
790	461	25	51
793	463	21	50
794	459	20	51
795	457	21	49
794	458	22	46
793	472	23	43
794	465	22	44
797	457	18	48
798	454	16	46
797	454	16	42
798	455	18	46
796	450	20	46
796	450	20	46
802	456	23	43
801	455	26	43
801	455	26	43
801	455	26	43
802	454	25	41
804	457	24	39
805	456	22	41
805	461	18	39
806	463	15	39
806	464	15	35
806	469	16	33
806	459	16	36
803	460	21	34
800	460	19	38
805	460	19	38
804	464	19	35
805	462	13	33
804	465	13	32
804	465	13	30
802	461	15	31
803	459	14	30
804	462	13	26
804	463	14	25
806	463	11	25
805	469	13	23
805	464	12	26
805	464	12	27
805	466	12	28
804	463	13	32
803	459	13	27
804	464	13	24
800	463	16	25
798	463	19	25
798	467	18	22
798	465	18	20
795	464	21	24
797	465	18	23
797	462	18	26
797	461	18	30
792	462	24	36
790	460	27	42
786	461	32	45
784	463	30	46
794	464	25	49
797	459	19	44
793	462	23	38
796	463	18	34
795	464	17	33
792	463	23	34
793	455	19	34
792	460	19	37
793	463	22	36
791	464	24	33
793	463	22	32
792	451	23	36
791	451	24	41
783	451	26	42
788	448	22	41
788	447	22	39
787	447	20	42
787	446	19	47
787	447	18	45
785	439	17	42
784	443	19	39
784	443	18	37
785	446	18	35
781	437	21	39
781	439	19	39
784	440	16	35
783	438	18	33
780	432	21	35
777	430	21	37
779	430	21	40
779	429	20	38
775	430	23	42
777	428	17	45
777	425	16	45
779	429	14	39
776	427	16	37
778	424	21	41
766	424	27	40
773	428	22	40
773	425	21	41
775	426	18	43
774	423	17	44
774	420	16	44
775	423	16	38
775	424	16	36
774	424	14	31
774	423	15	30
774	423	14	28
772	426	16	32
771	422	15	37
770	420	16	36
770	418	16	35
773	420	15	38
773	414	12	36
773	419	14	34
771	420	18	29
770	424	19	31
772	427	17	27
769	420	20	29
768	427	16	24
771	426	20	23
768	428	16	23
768	430	18	25
766	427	19	26
