1790	911	112	95
1768	915	110	78
1741	908	105	79
1708	899	113	83
1681	896	102	74
1651	885	97	78
1611	882	97	77
1568	876	105	67
1532	872	106	62
1501	864	95	69
1455	860	105	64
1423	854	95	72
1385	833	89	67
1349	841	86	56
1304	826	92	66
1268	827	82	73
1228	827	87	66
1191	821	84	72
1152	822	83	70
1115	807	82	69
1075	815	80	71
1038	815	86	72
994	819	89	66
954	817	88	66
921	817	89	62
884	817	85	46
843	826	89	55
805	829	89	51
760	830	93	56
730	833	94	51
698	832	85	56
657	849	95	46
635	854	89	42
609	853	88	44
609	850	68	48
563	865	51	57
562	857	57	57
525	875	52	52
512	880	51	49
545	872	46	51
485	890	40	52
468	891	38	57
460	891	32	50
447	897	30	47
485	892	41	49
417	907	39	45
408	908	33	42
398	908	29	47
394	910	31	45
390	914	31	45
392	915	34	45
397	916	28	41
410	911	29	47
414	908	35	46
432	907	30	43
447	907	30	44
507	892	30	45
482	895	31	44
497	897	32	41
516	893	28	45
534	890	27	38
557	885	27	32
580	881	24	31
597	879	23	34
616	878	24	35
636	874	24	35
652	872	20	36
672	869	21	34
683	868	23	30
697	866	23	32
709	863	22	31
715	862	23	33
718	857	20	36
719	860	19	36
714	860	22	38
712	858	22	37
704	857	23	34
702	855	20	33
695	853	19	39
686	854	18	35
674	854	21	34
667	855	18	34
655	857	21	34
650	854	18	35
641	852	23	34
633	854	23	29
622	856	28	29
632	852	28	29
638	851	26	27
641	850	31	29
653	845	29	31
661	844	35	32
673	839	36	27
695	837	35	27
716	829	39	34
728	827	29	31
749	823	29	39
767	818	28	34
785	815	24	38
811	811	21	31
829	812	25	30
846	808	24	26
862	804	19	29
882	802	21	27
894	800	21	30
902	798	21	26
906	798	24	22
910	796	23	21
906	793	21	26
908	790	17	28
906	788	11	25
906	788	11	25
901	783	12	27
895	782	11	25
894	778	12	27
888	775	15	26
882	775	18	24
874	774	15	25
872	767	16	26
865	769	17	23
862	765	13	27
857	764	15	29
854	758	17	33
847	761	18	34
843	757	15	31
833	758	16	32
834	756	16	30
832	757	21	31
829	754	21	28
822	751	21	27
815	751	19	27
815	749	17	27
814	750	20	24
809	746	21	25
804	746	20	25
798	745	22	27
797	743	20	32
796	737	26	32
790	738	21	34
791	733	29	33
784	732	34	37
777	733	36	33
773	730	42	38
777	730	45	45
772	728	45	40
767	725	47	44
764	724	47	43
761	723	52	42
760	723	49	44
757	722	51	45
752	720	49	43
750	719	51	46
748	719	51	45
744	718	49	44
738	716	56	44
735	713	57	49
734	709	53	49
727	713	58	40
733	710	49	45
729	707	50	46
723	706	52	47
725	705	45	46
721	700	46	50
720	703	48	47
721	697	45	52
719	697	45	52
712	699	50	50
710	700	47	45
708	699	44	46
710	697	40	45
711	699	39	44
708	706	43	40
705	708	47	34
705	708	47	34
705	708	47	34
705	708	47	34
705	708	47	34
705	708	47	34
705	708	47	34
705	708	47	34
705	708	47	34
705	708	47	34
705	708	47	34
705	708	47	34
705	708	47	34
705	708	47	34
705	708	47	34
705	708	47	34
705	708	47	34
705	708	47	34
705	708	47	34
705	708	47	34
705	708	47	34
705	708	47	34
705	708	47	34
705	708	47	34
705	708	47	34
705	708	47	34
705	708	47	34
705	708	47	34
705	708	47	34
705	708	47	34
705	708	47	34
705	708	47	34
705	708	47	34
705	708	47	34
705	708	47	34
705	708	47	34
705	708	47	34
705	708	47	34
705	708	47	34
705	708	47	34
705	708	47	34
705	708	47	34
705	708	47	34
705	708	47	34
705	708	47	34
705	708	47	34
705	708	47	34
705	708	47	34
705	708	47	34
705	708	47	34
705	708	47	34
705	708	47	34
705	708	47	34
705	708	47	34
705	708	47	34
705	708	47	34
705	708	47	34
705	708	47	34
705	708	47	34
705	708	47	34
628	662	51	31
628	662	51	31
653	663	56	24
653	663	56	24
670	663	52	23
687	661	49	22
712	659	43	22
730	655	41	26
759	654	44	33
780	662	44	41
800	647	43	50
822	645	41	57
837	642	40	58
850	640	43	56
861	638	39	54
866	640	42	51
871	638	44	53
880	642	35	46
881	641	36	48
884	633	33	55
878	629	39	60
875	628	48	63
877	629	48	57
875	627	40	52
875	620	38	55
869	622	42	52
868	623	41	53
868	624	43	51
865	613	46	58
865	610	36	60
868	621	31	46
865	620	36	44
861	617	35	43
863	622	32	36
862	619	26	36
860	618	32	39
857	616	30	42
855	606	27	47
849	607	35	49
848	601	32	53
847	592	30	59
848	597	24	53
846	600	28	53
848	599	28	52
845	597	28	56
846	602	30	51
846	595	32	53
832	597	35	44
832	597	35	44
834	602	31	37
833	598	30	41
838	595	25	44
839	598	25	42
831	590	26	45
829	588	26	45
830	583	31	45
826	589	36	42
823	588	39	44
820	588	38	50
825	585	34	46
818	584	33	46
819	586	34	41
823	587	28	35
821	585	27	36
812	574	30	41
815	581	30	38
819	582	28	33
799	569	22	33
816	583	26	31
