758	282	44	145
758	297	47	132
756	297	46	134
758	293	42	142
758	295	46	138
757	288	44	148
757	288	43	152
756	292	44	151
757	296	42	144
757	301	43	139
755	301	41	145
755	301	41	146
754	304	41	148
753	301	41	152
754	305	40	151
753	309	38	149
753	313	36	145
756	312	33	147
753	319	36	144
753	320	37	143
752	324	37	138
752	324	37	145
753	328	34	143
753	330	34	144
753	330	33	147
754	331	34	147
754	334	33	146
754	339	35	140
752	344	38	137
754	346	37	136
752	348	40	134
752	349	41	135
753	351	40	135
753	350	41	138
754	348	41	138
753	351	41	136
755	350	42	136
755	350	38	135
756	352	35	140
756	349	35	141
756	347	35	146
756	347	35	146
757	345	37	148
756	352	34	139
755	354	35	137
757	352	32	136
755	355	35	133
755	355	34	132
754	355	34	130
755	359	32	124
755	360	33	126
752	357	35	134
752	358	36	125
751	357	35	129
751	351	36	134
749	354	36	131
749	355	39	131
746	350	50	143
744	349	64	137
741	355	59	128
745	352	42	122
745	351	40	134
746	353	38	140
744	355	41	132
746	350	36	136
745	353	38	130
744	349	37	134
745	353	34	135
744	357	32	132
745	358	33	135
741	357	38	143
742	358	39	147
742	354	38	146
742	362	35	137
742	366	33	139
741	370	36	136
739	366	38	146
740	368	35	154
737	370	38	161
737	377	38	152
735	384	38	153
734	386	38	151
733	385	38	147
731	389	39	143
731	394	36	138
730	395	37	138
732	398	35	137
731	403	36	126
731	401	34	131
731	401	34	128
730	404	34	121
729	407	36	124
729	409	33	119
725	409	37	116
724	411	37	112
726	414	33	106
726	413	34	110
724	414	35	107
723	415	34	120
722	414	37	138
721	412	37	145
722	409	35	148
722	400	35	157
720	409	38	146
721	409	37	152
721	399	38	157
719	397	40	157
719	402	39	147
720	404	36	137
720	401	37	144
719	400	38	137
719	398	37	128
721	399	35	132
720	402	37	141
719	400	36	140
719	402	39	133
718	400	38	132
716	399	39	143
716	400	42	141
716	398	41	137
719	399	38	131
718	400	37	130
718	399	36	126
718	398	37	125
720	400	32	133
717	396	36	133
719	397	35	133
722	397	33	132
720	397	34	121
721	399	32	113
720	399	34	112
721	398	34	123
719	399	35	122
721	399	34	132
721	401	36	129
723	402	34	128
721	402	36	133
723	401	35	140
723	400	36	139
724	401	35	133
724	400	35	127
723	399	37	128
724	399	40	126
725	402	36	116
724	399	34	123
723	396	37	122
724	392	37	125
723	394	37	123
724	395	35	124
723	398	36	122
722	398	38	129
721	397	39	131
720	397	37	134
719	396	39	129
718	396	39	128
718	391	43	130
715	390	43	135
715	392	39	131
715	394	38	129
716	393	37	139
715	391	36	135
713	394	39	125
710	394	42	130
711	393	38	124
709	392	43	133
710	392	40	132
711	392	40	136
711	394	42	138
711	392	48	143
718	392	41	135
724	392	41	138
728	392	47	138
734	387	42	139
740	394	39	134
744	395	42	132
749	394	39	123
752	393	38	128
754	393	38	122
755	388	37	126
754	387	38	134
755	386	38	144
754	390	37	145
754	393	37	143
751	395	39	145
752	391	37	149
754	394	37	146
756	397	35	143
759	397	33	132
763	400	32	131
765	398	35	126
769	397	36	134
777	399	36	126
789	401	34	135
795	399	36	126
808	395	31	130
817	395	35	131
827	393	36	123
842	394	33	119
850	395	34	120
862	393	33	123
871	395	32	121
874	396	37	115
881	391	36	121
887	391	35	128
889	386	35	136
892	391	34	128
895	390	33	124
895	391	33	120
895	389	32	117
896	387	32	124
895	387	34	125
894	387	32	119
893	387	33	120
891	387	34	116
892	387	34	116
891	387	34	120
892	388	33	122
895	389	32	124
899	388	33	127
905	389	33	120
914	389	36	117
926	389	35	112
939	388	33	114
955	389	33	123
963	389	42	133
984	387	39	135
1005	386	37	134
1019	386	38	141
1040	387	40	137
1062	381	34	141
1077	383	35	138
1091	379	36	147
1102	385	39	141
1110	386	41	148
1121	384	37	146
1125	390	41	145
1126	390	45	148
1130	385	44	155
1134	386	42	152
1137	388	42	149
1141	392	39	141
1141	393	39	152
1141	396	40	147
1142	397	37	149
1143	399	37	151
1146	395	34	151
1145	398	36	155
1146	400	37	144
1145	405	35	143
1146	404	37	145
1145	406	40	151
1142	405	42	155
1141	402	43	166
1137	403	51	163
1142	410	47	150
1146	409	41	151
1150	412	38	139
1149	411	38	141
1150	412	38	137
1150	412	36	138
1151	413	36	127
1153	412	32	115
1154	412	32	107
1152	414	33	112
1155	413	30	106
1152	414	34	106
1151	411	33	108
1149	412	35	113
1152	413	30	111
1153	415	31	113
1154	414	28	106
1152	415	30	108
1153	415	30	106
1150	415	30	105
1152	415	31	107
1152	416	29	103
1151	415	31	105
1151	416	30	105
1150	415	31	98
1150	414	32	104
1150	416	32	107
1150	415	30	106
1149	417	31	100
1148	415	32	104
1145	413	32	112
1144	413	33	113
1144	415	32	107
1141	410	35	119
1136	409	39	122
1133	410	40	122
1134	403	41	124
1125	402	49	131
1114	404	60	132
1111	410	63	123
1114	411	58	117
1128	406	45	116
1123	407	48	118
1122	409	49	115
1108	419	62	110
1122	413	47	114
1112	420	56	106
1107	421	59	107
1106	423	62	115
1104	427	60	111
1102	429	61	108
1118	404	50	118
1109	416	57	117
1109	427	57	102
1113	420	54	102
1108	426	58	107
1112	417	56	111
1123	405	47	112
1114	410	54	115
1115	407	55	117
1117	408	54	116
1119	411	51	109
1121	414	47	98
1123	416	47	98
1118	417	50	105
1121	406	48	115
1119	418	51	110
1128	411	44	102
1131	406	41	106
1131	407	40	108
1131	407	39	105
1141	402	29	105
1141	403	31	105
1135	403	35	106
1138	403	34	108
1140	402	32	105
1140	406	31	101
1140	406	32	102
1137	401	33	109
1137	402	38	108
1139	405	37	107
1138	401	36	109
1138	408	40	103
1138	413	41	96
1140	413	39	100
1142	410	41	100
1139	412	45	103
1142	406	44	114
1133	413	50	108
1136	421	52	96
1139	424	50	93
1143	420	48	96
1141	420	50	101
1143	425	51	95
1146	422	50	97
1150	421	45	96
1143	428	53	95
1148	419	52	99
1152	411	46	109
1151	423	48	104
1153	425	49	95
1154	416	50	103
1154	413	52	108
1152	415	53	111
1153	415	53	108
1150	418	56	107
1152	415	57	104
1157	413	53	104
1157	413	51	107
1163	404	47	112
1168	404	41	108
1167	404	44	107
1165	407	45	108
1159	413	52	100
1158	402	57	109
1159	401	54	111
1166	397	46	117
1172	400	35	109
1168	400	35	106
1162	401	36	105
1152	403	41	104
1149	405	36	107
1151	404	29	101
1148	404	28	104
1142	406	32	103
1141	404	30	105
1141	406	31	102
1141	407	29	97
1140	403	30	103
1142	406	28	97
1143	407	28	98
1143	407	29	106
1145	403	28	106
1145	406	28	102
1146	406	28	103
1148	408	30	104
1149	409	30	103
1150	409	29	101
1150	411	30	100
1152	411	30	101
1153	411	31	101
1155	410	31	100
1158	412	30	98
1159	410	32	101
1162	408	29	103
1163	409	26	103
1164	412	30	100
1161	412	30	100
1155	413	30	101
1151	416	29	97
1136	418	40	96
1130	419	36	98
1118	415	36	102
1105	412	37	105
1093	410	35	107
1082	412	39	106
1071	412	38	108
1064	417	37	101
1060	413	36	105
1056	412	34	106
1053	412	34	105
1052	414	33	101
1050	413	34	103
1051	416	34	100
1053	415	29	98
1053	415	31	102
1054	415	32	104
1054	417	30	95
1054	415	31	104
1057	417	30	100
1057	416	29	102
1056	418	34	101
1056	419	34	103
1058	418	33	99
1058	418	31	100
1058	422	36	98
1060	419	35	101
1063	415	32	102
1065	417	31	101
1065	420	30	97
1068	422	29	91
1069	421	27	95
1069	421	30	96
1070	416	29	100
1070	413	31	105
1069	416	34	103
1070	419	30	99
1073	418	28	98
1074	420	25	98
1074	418	27	98
1074	421	27	97
1075	418	29	97
1074	418	28	95
1074	417	30	97
1074	417	28	96
1075	418	28	94
1076	416	25	98
1076	421	25	92
1078	421	26	92
1075	424	28	90
1077	421	26	95
1076	422	27	97
1077	428	27	90
1077	428	27	90
1077	428	26	90
1078	430	24	89
1075	432	28	87
1076	430	26	90
1077	432	26	87
1076	431	26	90
1075	425	27	94
1074	425	28	92
1073	425	27	91
1074	425	27	90
1073	428	28	88
1072	422	29	93
1073	418	28	97
1073	420	28	94
1074	418	25	95
1073	423	28	89
1072	421	30	94
1075	426	25	84
1076	427	25	81
1075	426	26	77
1072	427	29	85
1073	428	27	84
1071	416	28	91
1072	417	29	90
1073	416	27	89
1072	412	26	96
1072	412	27	98
1072	413	28	95
1070	418	31	94
1070	417	29	92
1071	423	26	86
1069	423	29	86
1069	428	28	83
1068	427	29	81
1069	430	27	75
1068	430	28	78
1067	427	28	81
1067	426	28	81
1068	427	29	83
1069	426	28	81
1068	428	27	78
1065	427	29	81
1065	421	27	82
1066	423	26	81
1067	419	24	85
1067	420	23	87
1065	419	26	86
1064	422	26	85
1066	424	24	82
1066	424	23	82
1065	424	26	82
1065	421	25	84
1065	418	25	86
1062	413	29	88
1064	414	27	89
1064	412	26	92
1065	415	26	86
1064	414	25	86
1063	414	27	82
1063	416	30	85
1063	412	28	91
1063	412	28	92
1061	413	27	90
1063	414	27	90
1063	414	25	90
1060	416	28	91
1061	412	26	94
1061	413	26	92
1060	415	25	88
1060	415	24	86
1059	412	25	87
1059	415	22	83
1058	414	24	84
1059	411	22	86
1056	405	25	93
1054	404	27	92
1055	404	27	91
1055	407	27	89
1054	408	27	84
1053	405	30	86
1053	412	27	82
1056	408	22	89
1054	408	25	86
1053	410	27	84
1054	410	25	85
1052	405	27	90
1053	405	27	91
1052	406	27	87
1055	407	26	89
1052	408	30	84
1051	405	28	88
1051	407	29	85
1052	409	26	80
1051	407	28	84
1053	405	26	88
1053	405	27	84
1052	405	26	87
1052	406	27	84
1054	404	25	87
1052	406	27	85
1052	406	26	84
1052	406	27	86
1054	406	22	87
1053	406	23	88
1054	405	22	88
1053	409	25	84
1053	407	23	85
1053	405	23	88
1052	403	24	88
1051	404	26	85
1051	405	26	87
1051	404	25	88
1050	405	28	87
1050	403	28	90
1050	404	27	88
1051	406	28	87
1051	406	26	88
1049	407	28	85
1049	408	28	85
1049	411	28	79
1048	414	29	78
1046	416	31	75
1045	416	32	75
1046	421	34	71
1042	425	36	66
1046	429	30	63
1046	432	28	61
1051	434	24	60
1048	438	26	56
1047	431	25	60
1044	440	28	56
1047	442	27	54
1047	440	27	56
1048	444	25	52
1045	447	26	50
1045	447	26	50
1045	445	25	55
1044	449	27	50
1045	447	25	54
1046	447	26	56
1048	440	23	62
1043	452	26	56
1045	456	25	48
1043	460	27	52
1045	460	25	48
1043	461	28	49
1043	458	25	48
1045	457	23	47
1041	459	26	44
1042	459	26	46
1040	458	28	49
1039	459	30	51
1038	459	30	50
1039	458	29	50
1039	459	28	51
1038	460	30	52
1036	463	31	49
1036	462	31	50
1036	463	32	51
1038	463	30	51
1038	465	32	48
1039	465	30	53
1037	459	31	57
1037	463	32	55
1035	466	31	53
1035	468	33	51
1036	469	31	49
1036	471	32	48
1034	474	33	48
1033	472	35	49
1034	472	35	49
1035	468	33	54
1035	473	34	54
1033	474	36	51
1031	472	38	54
1033	475	34	52
1036	469	33	58
1033	467	34	61
1034	469	34	59
1032	481	36	55
1032	477	33	53
1035	475	32	57
1036	474	30	57
1033	482	35	55
1033	480	33	58
1033	482	35	55
1035	480	32	58
1033	483	33	59
1032	485	34	59
1030	488	36	55
1031	488	36	55
1031	486	36	58
1033	489	32	55
1031	490	34	58
1029	493	35	59
1029	492	35	59
1029	492	37	59
1027	493	38	61
1027	494	38	63
1029	497	37	60
1029	503	35	56
1027	499	36	61
1026	501	37	62
1026	504	37	60
1025	504	38	63
1024	505	40	65
1024	504	38	67
1022	506	39	67
1024	512	36	63
1023	514	37	61
1022	519	38	58
1020	518	39	61
1021	520	39	66
1022	512	37	74
1022	525	34	62
1019	526	38	64
1018	526	38	66
1017	527	38	67
1017	530	38	67
1016	532	39	69
1016	535	39	68
1014	536	40	69
1015	538	39	68
1012	537	41	72
1013	546	40	65
1011	546	42	69
1013	546	39	73
1010	548	41	74
1010	550	40	76
1009	550	42	79
1006	553	44	80
1004	557	46	76
1004	556	45	79
1001	560	48	80
1003	558	43	84
1002	567	44	77
1001	568	45	79
998	579	49	70
998	577	47	75
997	578	45	76
993	582	49	80
993	585	49	79
991	586	50	80
993	588	47	81
991	594	47	77
989	595	50	80
986	598	53	82
989	597	50	84
990	599	50	89
996	599	50	93
1001	602	53	97
1010	603	48	94
1018	602	50	100
1026	598	47	108
1031	598	48	111
1032	600	52	119
1037	591	51	124
1040	591	51	133
1041	587	52	140
1043	581	52	149
1040	577	57	156
1039	573	61	163
1041	569	58	166
1041	565	57	167
1040	562	57	172
1038	560	56	174
1038	558	60	179
1040	556	54	178
1039	556	57	179
1038	556	59	178
1036	554	58	182
1033	554	60	179
1034	556	58	180
1033	556	59	177
1030	558	62	178
1034	557	57	177
1031	557	58	174
1031	555	57	169
1033	551	54	167
1032	547	52	171
1032	540	53	174
1031	538	53	175
1030	536	56	174
1032	534	53	173
1030	533	54	170
1026	526	54	174
1027	526	54	174
1029	523	52	177
1025	521	56	176
1027	514	52	180
1023	517	56	173
1025	515	52	175
1025	514	52	173
1022	518	54	164
1021	519	56	161
1021	520	56	156
1023	516	55	155
1025	513	52	158
1023	513	55	156
1024	516	54	153
1025	509	54	160
1026	509	53	161
1026	511	51	161
1025	511	53	160
1026	509	50	165
1025	511	50	162
1026	510	53	163
1025	514	50	160
1027	511	50	159
1026	508	51	156
1028	508	49	156
1027	508	52	155
1029	506	49	155
1029	506	49	154
1030	507	45	154
1030	511	47	148
1031	511	49	148
1030	508	49	155
1029	509	51	157
1031	508	51	161
1032	508	50	160
1030	511	53	156
1031	512	53	155
1033	512	50	153
1035	510	47	158
1035	513	49	156
1035	511	49	157
1037	515	47	149
1039	515	46	146
1036	511	50	150
1035	515	51	146
1037	511	50	148
1038	511	51	150
1039	511	49	150
1041	511	48	150
1041	513	49	149
1044	511	46	155
1043	510	45	159
1046	511	45	154
1046	513	46	152
1049	516	46	148
1052	513	43	150
1050	513	46	151
1049	517	50	143
1052	514	48	148
1054	512	47	142
1057	511	46	146
1057	512	46	143
1057	511	46	143
1058	512	46	140
1059	513	46	144
1060	511	45	146
1062	513	41	147
1063	516	40	145
1062	516	42	145
1063	518	44	142
1064	519	45	142
1065	517	44	141
1064	522	45	137
1064	521	44	137
1064	521	45	138
1064	519	47	143
1066	517	45	137
1070	517	45	140
1073	517	43	138
1077	519	46	137
1084	516	46	140
1091	517	45	142
1100	518	44	146
1108	518	44	146
1119	518	43	143
1132	520	41	145
1141	522	43	144
1157	522	41	136
1173	521	43	139
1179	520	48	139
1197	517	45	139
1210	518	47	138
1222	518	48	137
1235	517	46	140
1251	518	44	140
1268	517	40	144
1277	519	52	146
1289	519	49	141
1309	517	46	146
1319	520	49	142
1337	522	46	148
1346	523	50	153
1355	522	49	148
1363	523	49	149
1371	524	47	145
1373	522	50	150
1376	522	54	153
1382	522	48	145
1389	520	42	145
1388	524	45	137
1386	524	48	136
1392	522	45	139
1391	520	48	139
1391	519	48	142
1394	520	44	141
1395	518	42	147
1397	521	42	143
1395	524	46	138
1399	520	41	142
1400	522	42	139
1399	523	42	140
1401	523	40	136
1404	523	42	137
1404	520	41	141
1404	522	44	136
1402	519	48	135
1405	519	45	138
1406	517	46	135
1406	518	48	138
1406	517	48	138
1406	516	50	146
1411	515	46	140
1414	519	46	137
1414	516	47	141
1418	517	43	139
1424	520	40	135
1424	516	42	139
1424	518	45	140
1429	517	41	135
1433	517	39	135
1434	518	40	133
1438	516	39	129
1435	517	43	124
1442	514	39	135
1446	516	36	131
1449	519	35	130
1450	518	38	133
1452	521	37	132
1452	523	37	130
1452	524	40	133
1454	524	40	134
1453	527	41	136
1456	527	41	135
1455	528	41	135
1458	527	40	133
1461	529	37	127
1462	528	37	126
1462	529	35	133
1461	525	38	137
1462	525	40	136
1465	527	36	130
1464	527	39	127
1464	526	38	128
1467	527	37	127
1466	526	38	128
1466	530	37	129
1467	529	37	137
1468	526	35	129
1468	527	35	130
1468	524	34	135
1468	525	35	133
1465	519	39	138
1466	522	37	133
1466	524	37	140
1468	520	34	143
1467	518	35	142
1467	520	36	132
1467	520	36	128
1466	520	36	127
1466	521	35	121
1467	521	35	124
1466	519	34	126
1466	517	33	126
1463	518	36	134
1462	516	35	125
1461	517	35	126
1458	518	40	123
1460	515	34	127
1459	517	35	122
1459	517	35	121
1457	515	36	121
1457	513	37	122
1456	511	36	116
1455	510	36	116
1457	510	35	119
1455	509	36	127
1451	510	39	134
1452	511	39	133
1453	510	39	127
1451	509	37	126
1453	509	34	125
1451	510	35	121
1450	508	34	122
1452	509	35	117
1447	505	36	119
1448	503	35	121
1448	503	34	115
1447	502	35	119
1445	503	36	110
1446	499	31	118
1446	499	32	122
1442	498	36	119
1442	497	32	121
1440	497	34	122
1439	496	32	113
1440	501	29	101
1441	502	27	96
1438	501	27	95
1433	504	32	108
1434	499	29	105
1429	501	34	108
1430	499	32	101
1429	498	31	106
1429	498	30	112
1426	496	33	112
1424	496	37	113
1423	494	35	117
1422	496	37	116
1421	495	38	116
1423	496	35	112
1421	496	36	108
1420	499	38	101
1422	502	37	106
1424	502	32	100
1423	503	33	101
1426	502	31	97
1424	501	33	95
1424	501	32	86
1426	504	30	83
1427	501	28	83
1426	504	28	79
1425	502	27	78
1424	500	29	83
1423	505	29	86
1422	501	30	87
1419	510	32	80
1418	510	32	78
1419	509	29	68
1414	505	31	70
1410	501	33	70
1407	504	34	73
1407	498	34	82
1407	503	34	81
1400	497	39	91
1393	499	45	97
1386	500	51	95
1379	499	58	92
1378	497	58	99
1386	495	47	101
1392	494	41	96
1399	500	33	94
1405	489	29	90
1407	496	24	86
1408	501	21	79
1404	503	25	78
1404	495	24	69
1404	501	20	62
1399	507	24	60
1399	504	24	59
1395	500	28	64
1396	504	27	61
1395	498	29	63
1395	498	29	63
1391	492	28	65
1391	492	28	65
1325	478	24	69
1325	478	24	69
1325	478	24	69
1325	478	24	69
1325	478	24	69
1325	478	24	69
1325	478	24	69
1325	478	24	69
1325	478	24	69
1325	478	24	69
1325	478	24	69
1325	478	24	69
1325	478	24	69
1325	478	24	69
1325	478	24	69
1325	478	24	69
1325	478	24	69
1325	478	24	69
1325	478	24	69
1325	478	24	69
1325	478	24	69
1325	478	24	69
1325	478	24	69
1325	478	24	69
1325	478	24	69
1325	478	24	69
1325	478	24	69
1325	478	24	69
1325	478	24	69
1325	478	24	69
1325	478	24	69
1325	478	24	69
1325	478	24	69
1325	478	24	69
1325	478	24	69
1325	478	24	69
1325	478	24	69
1325	478	24	69
1325	478	24	69
1325	478	24	69
1325	478	24	69
1325	478	24	69
1325	478	24	69
1325	478	24	69
1325	478	24	69
1325	478	24	69
1325	478	24	69
1325	478	24	69
1325	478	24	69
1357	461	23	71
1357	461	23	71
1357	461	23	71
1357	461	23	71
1357	461	23	71
1357	461	23	71
1357	461	23	71
1355	404	27	81
1355	404	27	81
1355	404	27	81
1355	404	27	81
1355	404	27	81
1355	404	27	81
1355	404	27	81
1352	422	35	75
1356	428	28	75
1354	412	34	86
1355	413	30	85
1352	393	36	96
1352	393	36	96
1352	393	36	96
1352	393	36	96
1353	420	35	84
1353	420	35	84
1353	420	35	84
1353	420	35	84
1353	420	35	84
1353	420	35	84
1353	420	35	84
1353	420	35	84
1353	420	35	84
1351	411	29	90
1351	411	29	90
1351	411	29	90
1351	411	29	90
1351	411	29	90
1351	411	29	90
1351	411	29	90
1351	411	29	90
1351	411	29	90
1351	411	29	90
1351	411	29	90
1351	411	29	90
1351	411	29	90
1351	411	29	90
1351	411	29	90
1351	411	29	90
1352	423	27	79
1352	423	27	79
1352	423	27	79
1352	423	27	79
1353	428	31	71
1353	428	31	71
1353	428	31	71
1353	428	31	71
1353	428	31	71
1353	428	31	71
1353	428	31	71
1353	428	31	71
1353	428	31	71
1353	436	26	72
1353	436	26	72
1353	436	26	72
1353	436	26	72
1353	436	26	72
1353	436	26	72
1353	436	26	72
1353	436	26	72
1353	436	26	72
1353	436	26	72
1353	436	26	72
1353	436	26	72
1353	436	26	72
1353	436	26	72
1353	436	26	72
1353	436	26	72
1353	436	26	72
1353	436	26	72
1353	436	26	72
1353	436	26	72
1353	436	26	72
1353	436	26	72
1353	436	26	72
1353	436	26	72
1353	436	26	72
1353	436	26	72
1353	436	26	72
1353	436	26	72
1353	436	26	72
1353	436	26	72
1353	436	26	72
1353	436	26	72
1353	436	26	72
1353	436	26	72
1353	436	26	72
1353	436	26	72
1353	436	26	72
1353	436	26	72
1353	436	26	72
1353	436	26	72
1353	436	26	72
1353	436	26	72
1353	436	26	72
1353	436	26	72
1353	436	26	72
1353	436	26	72
1353	436	26	72
1353	436	26	72
1353	436	26	72
1373	351	24	70
1373	351	24	70
1373	351	24	70
1360	337	31	78
1430	238	42	87
1427	238	43	84
1427	238	43	84
1427	238	43	84
1427	238	43	84
1481	327	38	75
1487	328	34	74
1574	444	32	67
1574	444	32	67
1643	466	31	56
1710	480	33	49
1710	480	33	49
1710	480	33	49
1689	475	30	45
1689	475	30	45
1675	471	31	49
1675	471	31	49
1675	471	31	49
1675	471	31	49
1675	471	31	49
1675	471	31	49
1675	471	31	49
1655	438	27	47
1614	466	31	45
1612	463	28	39
1603	462	27	40
1603	462	27	40
1603	462	27	40
1582	463	28	46
1579	460	24	48
1572	456	26	41
1572	456	26	41
1564	453	21	46
1556	451	24	45
1548	448	26	41
1535	451	32	46
1536	448	31	41
1533	444	27	39
1531	449	25	42
1520	445	30	46
1513	445	29	43
1514	441	26	36
1511	439	25	30
1502	438	27	32
1498	442	28	35
1492	438	26	27
1485	438	28	26
1484	435	24	28
1481	439	25	32
1475	435	25	29
1470	435	25	27
1470	440	20	31
1466	433	18	30
1454	430	21	27
1452	430	23	27
