1005	890	63	188
1010	887	58	190
1012	882	58	190
1011	878	59	197
1011	872	59	200
1013	865	58	206
1011	866	60	210
1015	863	56	210
1015	848	54	229
1018	851	55	221
1017	844	54	230
1019	843	53	231
1020	841	53	226
1023	835	53	236
1022	831	57	229
1023	831	55	233
1023	829	55	227
1023	831	61	237
1025	831	57	229
1029	827	55	211
1029	827	57	216
1031	824	57	208
1032	827	61	211
1032	823	60	217
1036	824	59	216
1040	822	57	224
1042	820	53	223
1046	821	54	217
1048	817	54	214
1045	815	61	219
1048	823	59	213
1053	816	58	231
1052	816	53	225
1054	816	59	224
1059	812	56	234
1063	812	54	221
1060	811	57	215
1062	812	59	219
1066	811	58	218
1067	812	57	211
1070	810	55	224
1073	808	56	229
1073	808	59	225
1077	806	58	230
1080	806	56	224
1082	806	55	222
1084	804	58	227
1089	808	54	221
1088	803	58	228
1092	801	57	223
1093	800	58	220
1096	800	56	215
1101	798	53	223
1101	800	54	216
1102	799	56	207
1103	798	55	222
1105	798	57	209
1108	798	56	210
1109	799	56	207
1111	797	55	206
1112	795	55	212
1115	793	54	216
1113	793	55	222
1116	794	57	227
1114	795	59	235
1115	791	59	245
1118	790	54	232
1119	791	56	237
1121	791	56	234
1121	794	55	233
1126	791	54	226
1121	790	56	229
1124	788	60	240
1126	787	55	233
1127	787	55	235
1126	788	58	233
1125	789	59	219
1126	791	58	208
1128	789	55	212
1129	787	55	218
1130	785	54	231
1127	785	58	233
1132	786	55	209
1131	788	60	200
1131	789	57	195
1134	786	53	215
1131	784	55	216
1134	786	56	220
1133	785	56	228
1131	787	58	222
1133	789	57	216
1133	788	57	224
1130	791	61	223
1130	789	61	223
1127	794	64	216
1128	794	69	205
1126	792	67	221
1123	796	69	210
1128	798	69	203
1125	794	65	217
1127	794	62	214
1128	793	62	199
1124	794	62	199
1121	797	67	203
1119	796	69	206
1119	797	65	210
1121	797	65	209
1118	800	67	199
1119	803	66	204
1114	801	73	214
1114	799	72	206
1114	803	67	210
1109	805	69	213
1104	802	74	210
1102	804	70	209
1100	805	66	214
1097	808	65	208
1095	810	62	191
1099	812	54	198
1097	809	55	212
1091	815	59	199
1089	808	56	193
1088	809	55	192
1084	813	59	181
1082	813	63	176
1077	815	73	196
1075	813	79	209
1068	807	86	222
1064	811	96	237
1058	805	96	252
1057	804	93	253
1051	800	89	230
1049	798	91	230
1045	798	93	222
1043	798	87	223
1041	799	84	215
1042	796	76	224
1034	800	81	237
1022	794	97	242
1027	791	89	246
1024	791	95	234
1028	785	83	243
1024	781	85	247
1021	778	92	264
1018	787	95	252
1014	780	90	245
1023	787	83	230
1011	784	91	226
1015	787	86	220
1012	779	89	220
1012	778	85	219
1010	770	90	217
1007	773	94	220
1008	770	98	222
1005	769	102	211
1007	769	88	222
1008	772	84	222
1010	766	83	225
1008	764	78	224
1011	760	75	229
1011	763	74	219
1011	761	73	210
1010	759	75	211
1012	759	70	203
1013	757	66	205
1013	757	66	201
1010	754	64	215
1008	750	69	207
1008	749	74	206
1006	745	78	211
1007	743	73	208
1004	739	74	197
1003	736	77	198
1003	740	75	188
1006	735	75	200
1001	738	76	186
1004	739	72	184
1008	735	66	179
1005	734	69	180
1007	730	70	180
1008	734	67	183
1010	728	64	184
1009	727	68	182
1009	727	69	194
1008	722	72	193
1011	718	71	192
1010	720	74	187
1010	721	75	180
1011	716	74	188
1015	716	68	180
1012	718	73	174
1015	712	73	187
1017	711	66	182
1021	706	63	188
1021	704	62	191
1021	702	60	192
1022	703	65	188
1023	699	61	189
1024	700	61	186
1024	703	63	177
1026	699	62	174
1025	701	62	171
1025	700	61	174
1024	694	65	191
1025	695	61	187
1027	695	59	191
1024	697	63	170
1026	697	57	163
1025	697	59	172
1025	693	58	177
1024	691	59	180
1023	690	61	173
1022	690	61	172
1023	687	61	178
1023	688	59	177
1024	687	57	176
1023	688	56	174
1023	687	60	179
1022	683	57	175
1020	683	59	177
1019	680	62	184
1020	678	62	181
1023	676	57	184
1020	679	61	180
1019	675	63	173
1019	675	62	155
1019	676	66	156
1020	673	59	160
1020	673	61	156
1021	670	58	162
1021	667	57	171
1021	665	59	175
1023	666	54	169
1024	665	55	167
1024	665	56	170
1024	667	55	156
1025	667	56	150
1025	667	56	147
1023	667	58	154
1025	662	54	158
1025	663	58	154
1024	670	59	145
1020	663	64	149
1021	658	61	161
1022	657	58	154
1020	656	60	155
1022	657	60	156
1021	660	59	154
1020	658	59	155
1022	652	54	158
1022	652	54	169
1021	652	55	158
1022	651	52	172
1020	652	52	171
1019	653	55	160
1018	653	54	149
1019	651	52	155
1019	648	53	169
1018	647	55	170
1018	644	53	176
1018	644	52	157
1012	642	60	151
1012	638	59	160
1010	637	62	161
1011	635	57	157
1011	632	58	159
1010	636	58	160
1011	634	56	164
1011	631	53	161
1011	635	53	158
1010	629	53	162
1008	630	54	158
1006	635	53	153
1005	634	54	156
1003	632	53	159
1002	626	51	164
999	621	52	159
997	619	50	162
993	615	49	166
991	622	49	150
992	622	47	149
985	619	53	152
982	621	51	156
981	623	49	148
976	624	52	143
975	627	49	142
970	625	51	144
968	625	50	145
963	622	51	150
957	623	57	149
957	626	52	142
956	624	50	150
952	624	50	146
951	623	46	147
947	625	46	140
942	623	47	149
937	625	48	135
932	618	50	142
927	620	51	140
924	617	52	139
920	620	54	138
921	619	48	137
918	618	47	137
915	619	48	146
912	618	45	147
909	620	44	141
906	621	42	146
902	618	43	146
896	620	46	148
892	621	47	146
888	621	45	147
883	622	45	146
878	622	45	148
877	621	42	142
873	622	42	143
870	620	41	147
866	619	41	145
862	620	42	144
857	622	45	142
851	622	49	141
844	621	52	142
840	618	53	150
838	620	53	149
835	620	49	148
835	619	46	147
834	621	44	148
830	626	47	141
827	624	48	146
825	624	46	148
820	626	47	145
819	624	44	146
816	625	45	146
808	626	52	138
808	626	50	134
806	626	46	133
803	625	49	136
802	630	48	136
801	628	49	137
801	627	47	140
800	624	47	146
798	625	47	146
796	624	49	147
796	624	46	150
793	625	45	148
793	623	43	149
792	626	46	147
792	627	44	147
789	628	47	146
789	627	45	150
787	625	47	151
786	626	47	149
785	625	47	149
784	626	49	149
784	625	47	143
785	626	45	142
784	623	45	145
786	625	44	140
786	626	43	142
787	630	43	138
787	628	44	140
789	629	45	138
793	630	43	141
795	633	42	137
798	633	43	137
802	633	44	134
803	632	45	136
809	632	42	135
813	631	43	134
817	630	40	138
818	631	41	134
822	631	41	134
826	629	39	138
829	631	40	136
832	628	40	139
834	629	42	137
839	629	40	139
841	629	43	134
846	630	39	140
849	627	41	145
851	627	42	143
856	630	41	141
857	629	43	138
860	628	42	138
861	628	46	142
866	625	41	145
869	619	41	148
873	621	40	145
876	620	41	147
879	615	42	148
881	609	43	152
887	616	37	146
890	619	37	140
892	619	37	144
894	619	40	147
898	617	38	148
901	619	40	145
904	622	40	143
906	619	42	146
910	619	37	148
914	618	37	150
918	617	38	146
921	616	39	143
925	615	41	150
927	613	38	153
931	612	41	153
935	615	42	150
936	616	48	144
939	617	53	145
940	614	59	143
945	615	57	139
944	615	59	145
952	614	54	144
956	616	50	144
958	613	54	148
962	612	55	151
966	611	49	155
973	613	42	154
976	614	44	158
976	619	53	149
981	617	44	150
985	617	44	151
984	613	54	148
988	613	52	148
992	612	49	150
993	613	51	144
996	612	52	148
996	610	55	151
996	614	57	144
997	614	59	143
1000	613	56	148
1006	614	52	145
1010	611	47	151
1012	613	46	153
1012	613	44	154
1015	614	43	148
1016	614	43	149
1018	618	43	146
1020	618	41	142
1020	614	41	149
1022	615	40	140
1024	616	40	142
1024	613	43	142
1023	613	44	141
1023	612	47	144
1024	611	43	142
1019	613	50	143
1017	613	53	149
1015	613	57	152
1011	616	59	152
1009	614	62	153
1009	617	60	147
1007	618	61	148
1004	618	63	144
1005	618	61	146
1005	620	56	142
1002	620	59	139
999	618	60	140
999	617	57	141
999	618	58	140
997	619	58	139
993	620	59	142
993	618	55	143
992	620	54	145
993	618	49	150
990	619	48	151
989	622	48	143
987	623	47	146
986	625	43	142
985	625	43	147
981	624	44	137
982	625	43	146
979	628	44	150
977	629	42	151
978	626	42	145
973	629	47	140
973	630	45	142
972	627	45	148
972	628	48	147
970	630	48	145
970	630	47	148
965	632	49	146
964	633	51	150
961	633	51	152
960	638	55	149
954	638	57	147
953	638	54	149
953	640	50	148
950	641	51	156
950	640	47	161
947	642	51	159
944	643	52	154
941	643	53	167
937	644	57	165
938	644	55	162
939	647	53	159
940	647	48	155
938	647	45	164
936	649	41	160
935	647	43	152
933	650	45	153
933	654	44	161
930	655	46	159
927	654	47	162
923	653	46	168
923	652	47	166
918	656	52	160
918	655	49	162
915	658	51	157
912	657	54	158
911	654	53	150
907	654	57	161
906	653	53	172
909	653	47	165
909	653	47	161
910	651	43	152
908	651	51	138
908	649	43	136
907	650	40	145
902	650	44	153
900	647	47	162
892	643	53	162
882	643	69	168
886	645	63	161
888	647	59	159
879	644	65	155
875	643	67	157
881	644	63	161
880	640	57	165
874	643	63	167
878	640	56	166
875	639	57	158
877	637	50	161
881	637	46	170
884	636	41	160
882	636	43	152
880	632	49	151
877	635	55	149
876	635	53	150
872	634	59	148
867	638	66	145
870	639	58	150
863	642	69	141
871	635	57	152
873	636	53	152
873	638	49	149
873	636	48	150
872	635	50	152
872	636	53	152
878	636	48	155
879	636	46	155
880	636	47	154
885	635	40	149
884	629	38	144
884	630	38	141
886	629	40	146
881	626	48	154
876	625	57	156
865	631	70	146
865	636	75	139
856	636	93	142
847	635	105	144
846	636	108	145
859	640	97	137
855	639	92	141
861	636	90	143
863	643	91	147
875	632	71	162
862	629	90	154
874	635	69	156
878	618	62	174
883	624	58	161
884	626	56	144
885	622	54	150
888	624	51	143
888	621	53	145
891	627	50	142
891	628	49	136
892	620	52	147
894	618	48	155
892	622	56	158
899	629	45	150
899	627	48	148
900	630	48	148
900	627	45	145
903	624	44	151
907	624	45	145
907	630	43	136
911	619	42	142
909	621	45	142
915	625	41	139
915	630	42	127
914	628	47	128
918	628	43	131
918	634	48	127
919	630	48	133
927	636	42	122
922	635	50	130
923	637	53	120
926	633	51	128
928	633	51	129
930	625	53	137
931	637	55	123
930	636	59	122
935	635	53	127
934	624	57	137
936	627	54	134
939	629	56	125
941	629	53	130
944	631	52	118
945	630	50	129
949	630	48	121
949	634	49	123
950	631	48	124
952	632	48	125
955	634	45	125
958	638	41	117
959	636	43	118
959	638	44	116
960	641	46	120
962	617	44	138
962	618	47	138
965	626	46	136
966	630	45	130
969	617	44	135
971	629	47	126
973	634	45	118
976	633	44	121
978	636	46	119
977	622	50	134
979	618	47	143
977	611	54	149
980	603	51	163
976	601	56	169
978	603	58	166
981	601	54	166
976	589	63	177
976	580	64	191
979	599	65	179
983	590	57	183
990	621	59	157
993	625	57	148
993	625	59	144
993	634	59	134
997	632	57	134
1001	636	57	132
1003	633	54	129
1004	634	54	133
1005	639	53	124
1008	645	52	122
1010	643	51	128
1010	636	53	136
1015	636	48	136
1017	638	51	138
1019	634	52	146
1022	641	52	144
1024	639	49	146
1022	645	51	147
1028	642	48	148
1034	644	44	136
1034	649	44	138
1033	646	46	145
1037	647	42	135
1037	641	46	143
1037	652	49	139
1036	650	52	144
1038	651	53	147
1044	649	45	144
1041	640	52	154
1042	641	54	153
1044	651	50	142
1041	665	52	129
1044	665	50	132
1045	667	50	125
1045	658	48	142
1044	654	52	128
1042	657	54	131
1043	657	53	133
1044	659	51	134
1044	656	53	138
1043	653	54	141
1041	659	51	140
1038	663	51	143
1035	657	49	153
1029	658	52	144
1026	662	47	147
1021	645	45	159
1015	648	46	170
1007	649	48	164
1006	661	42	156
998	660	51	157
997	651	48	163
994	663	51	154
994	666	44	152
991	656	43	146
991	653	47	148
991	654	45	150
990	654	45	148
989	656	47	155
986	658	53	142
983	659	55	149
985	658	52	151
985	653	52	153
985	652	54	158
983	653	53	152
981	652	53	157
981	648	52	162
980	651	50	170
983	645	49	181
981	641	49	176
976	651	57	163
976	648	57	154
972	647	63	144
973	652	58	138
973	646	56	154
968	656	64	141
968	656	57	147
969	664	51	136
965	660	55	144
962	658	59	140
959	656	66	133
955	663	63	128
955	659	63	138
954	654	57	146
952	662	58	141
952	657	49	156
951	655	55	155
947	662	58	133
943	663	63	137
942	659	68	139
944	651	56	150
948	658	53	142
952	656	53	138
961	656	48	140
971	666	58	140
971	666	58	140
971	666	58	140
1000	656	57	142
1000	656	57	142
1013	660	57	136
1019	660	53	137
1019	660	53	137
919	710	61	121
754	784	66	114
915	718	71	107
1027	668	60	93
1031	686	56	99
1031	686	56	99
1031	686	56	99
1031	686	56	99
1030	670	60	115
1028	670	68	125
1033	674	52	123
1030	661	55	135
1030	661	55	135
1031	666	54	139
1031	666	54	139
1031	666	54	139
1031	666	54	139
1031	666	54	139
1019	661	68	149
1019	661	68	149
1019	661	68	149
1012	654	71	149
1012	652	62	150
1012	652	62	150
908	730	75	140
1001	655	64	144
892	742	82	125
892	742	82	125
999	661	63	135
999	668	52	147
998	664	46	148
998	664	46	148
994	669	49	141
990	680	51	145
990	680	51	145
990	680	51	145
990	680	51	145
971	666	52	146
969	682	51	130
969	682	51	130
962	673	48	130
962	673	48	130
962	673	48	130
962	673	48	130
962	673	48	130
962	673	48	130
962	673	48	130
962	673	48	130
962	673	48	130
962	673	48	130
944	668	44	129
941	665	50	122
941	665	50	122
941	665	50	122
941	665	50	122
941	665	50	122
941	665	50	122
941	665	50	122
941	665	50	122
941	665	50	122
941	665	50	122
941	665	50	122
941	665	50	122
941	665	50	122
941	665	50	122
941	665	50	122
941	665	50	122
941	665	50	122
941	665	50	122
941	665	50	122
941	665	50	122
941	665	50	122
1036	737	53	114
1036	737	53	114
1036	737	53	114
1036	737	53	114
1036	737	53	114
1036	737	53	114
1036	737	53	114
1036	737	53	114
1036	737	53	114
956	821	72	109
956	821	72	109
956	821	72	109
956	821	72	109
956	821	72	109
956	821	72	109
956	821	72	109
956	821	72	109
956	821	72	109
956	821	72	109
956	821	72	109
956	821	72	109
956	821	72	109
956	821	72	109
956	821	72	109
956	821	72	109
956	821	72	109
956	821	72	109
956	821	72	109
956	821	72	109
956	821	72	109
956	821	72	109
956	821	72	109
956	821	72	109
956	821	72	109
956	821	72	109
956	821	72	109
956	821	72	109
956	821	72	109
956	821	72	109
956	821	72	109
956	821	72	109
956	821	72	109
956	821	72	109
956	821	72	109
956	821	72	109
956	821	72	109
956	821	72	109
956	821	72	109
956	821	72	109
956	821	72	109
956	821	72	109
956	821	72	109
956	821	72	109
956	821	72	109
956	821	72	109
956	821	72	109
956	821	72	109
956	821	72	109
956	821	72	109
956	821	72	109
956	821	72	109
956	821	72	109
956	821	72	109
956	821	72	109
956	821	72	109
956	821	72	109
956	821	72	109
956	821	72	109
956	821	72	109
956	821	72	109
956	821	72	109
956	821	72	109
956	821	72	109
956	821	72	109
956	821	72	109
956	821	72	109
956	821	72	109
956	821	72	109
956	821	72	109
956	821	72	109
956	821	72	109
956	821	72	109
956	821	72	109
956	821	72	109
956	821	72	109
956	821	72	109
956	821	72	109
956	821	72	109
956	821	72	109
956	821	72	109
956	821	72	109
956	821	72	109
956	821	72	109
956	821	72	109
956	821	72	109
956	821	72	109
956	821	72	109
956	821	72	109
956	821	72	109
956	821	72	109
956	821	72	109
956	821	72	109
956	821	72	109
956	821	72	109
956	821	72	109
956	821	72	109
956	821	72	109
956	821	72	109
956	821	72	109
956	821	72	109
956	821	72	109
956	821	72	109
956	821	72	109
956	821	72	109
1024	717	69	116
1036	699	62	124
1037	708	59	113
1039	700	69	114
1039	700	69	114
1039	700	69	114
1039	700	69	114
1027	701	81	122
1027	701	81	122
1027	701	81	122
1027	701	81	122
1027	701	81	122
1027	701	81	122
1027	701	81	122
