639	541	62	174
639	540	61	179
643	540	57	175
639	540	59	172
639	545	62	158
639	545	60	160
640	540	60	166
643	539	59	168
642	538	58	165
640	538	59	168
642	535	59	168
642	535	56	171
640	535	58	168
640	536	59	170
637	537	57	165
637	533	61	174
635	530	59	173
636	529	58	173
634	528	58	170
631	529	61	168
630	523	62	167
630	527	58	167
629	527	59	162
628	523	60	166
627	524	59	161
625	520	58	165
621	520	63	166
620	520	61	166
620	519	63	168
620	518	61	165
618	519	61	167
619	516	59	170
616	517	63	170
617	517	60	167
613	517	64	166
616	514	60	170
613	513	61	172
615	514	60	168
611	518	62	156
613	515	59	157
612	512	58	161
609	508	59	163
608	511	60	158
605	507	63	158
603	510	65	160
602	508	62	164
602	508	62	162
600	510	64	159
599	509	63	166
595	511	65	162
595	509	63	166
594	508	64	164
591	514	63	160
589	511	68	163
592	510	61	159
590	508	62	162
586	513	67	157
587	509	65	158
581	509	68	159
582	510	67	158
582	509	66	163
580	515	68	151
580	516	67	154
580	511	68	161
580	514	67	159
580	512	67	168
583	514	63	164
581	518	66	159
582	518	65	165
584	518	62	162
581	520	66	164
586	519	63	163
583	521	69	161
587	519	66	163
588	518	65	162
589	524	65	156
590	525	67	153
591	525	66	153
592	528	69	150
595	522	70	160
600	524	65	158
602	523	65	165
604	527	67	155
606	527	70	159
613	531	63	154
615	534	64	150
617	538	64	144
619	534	67	150
622	535	66	145
624	535	65	149
626	535	66	147
628	532	68	147
633	531	64	149
633	534	66	149
636	533	67	148
639	533	66	148
640	536	68	150
641	538	71	146
646	537	71	148
649	540	68	147
650	528	71	164
653	537	71	154
657	533	69	161
657	539	70	155
661	530	69	164
664	526	68	176
668	531	69	163
670	526	71	170
669	533	73	158
670	532	75	160
676	535	70	159
680	539	68	151
678	537	72	154
679	540	72	152
679	536	70	158
682	538	67	160
684	538	69	160
684	531	70	169
684	532	71	167
684	533	71	168
683	538	74	160
683	540	74	158
687	539	71	162
689	534	74	166
692	539	74	150
696	542	78	143
712	538	68	153
717	537	76	153
723	538	77	153
732	534	76	157
736	533	79	160
746	526	73	166
752	527	73	170
756	525	72	170
759	526	73	167
759	531	75	161
764	528	74	164
766	530	70	161
765	530	72	164
766	529	72	163
769	527	70	164
766	528	74	159
768	531	71	154
766	530	73	155
767	530	65	161
768	525	68	166
765	531	69	156
765	528	68	161
766	527	67	168
765	529	66	168
764	527	70	170
765	531	68	170
763	527	68	178
762	534	70	168
759	533	71	166
756	533	72	164
757	533	70	159
755	533	72	167
755	530	69	169
754	533	71	163
752	536	72	161
751	535	74	163
751	537	71	162
750	536	73	167
748	538	74	164
747	538	73	166
748	539	73	168
744	543	76	171
744	541	72	172
746	541	71	174
745	536	68	176
746	539	67	171
747	539	65	173
743	540	74	173
746	539	71	177
746	538	78	184
745	535	82	199
744	539	83	186
743	545	83	177
742	541	83	182
740	546	82	180
739	545	80	181
741	546	77	184
740	537	73	194
738	537	73	194
739	538	74	199
737	542	76	196
734	543	76	188
736	541	68	202
733	535	73	206
730	535	74	194
731	534	74	182
727	536	76	185
729	536	75	181
725	537	78	183
725	531	81	190
721	529	81	195
718	529	84	190
719	535	88	182
715	527	92	185
717	531	90	189
713	530	96	189
708	526	101	186
709	526	101	189
727	527	82	176
739	529	63	178
735	531	71	166
738	524	67	178
741	523	65	175
740	520	66	181
741	518	64	180
743	516	63	185
744	516	63	177
742	518	65	183
745	517	62	193
744	517	62	196
746	517	61	203
743	520	61	199
745	521	62	199
746	523	61	177
743	523	65	190
743	526	63	192
746	525	60	187
743	526	60	190
746	529	61	185
744	528	60	192
744	531	58	177
745	534	56	173
743	534	60	178
743	535	60	194
741	538	65	182
746	536	63	190
741	536	64	206
742	537	64	216
745	537	65	205
744	534	62	195
746	537	61	182
744	539	62	182
746	539	60	174
746	539	59	180
745	540	59	174
746	541	59	170
745	540	58	166
747	540	62	170
746	538	60	169
748	538	59	176
746	537	59	175
749	537	58	188
745	539	61	183
747	542	59	170
747	540	59	177
745	542	60	177
746	545	54	169
746	546	54	175
745	542	54	173
744	547	55	171
744	550	53	164
742	551	54	173
742	552	58	165
742	550	57	169
742	552	56	161
742	552	53	155
742	553	56	175
738	554	57	175
738	556	62	174
739	556	62	174
738	557	61	181
737	560	62	171
738	562	61	169
737	564	63	172
738	563	61	172
738	564	64	173
739	565	61	168
740	564	58	176
739	565	60	169
741	563	60	175
740	562	64	184
742	564	61	171
743	564	59	167
743	563	58	174
746	563	57	174
748	562	57	174
749	560	56	177
749	560	57	184
754	560	51	182
753	560	55	184
755	561	53	161
755	563	49	141
757	563	48	145
758	565	51	144
758	570	55	126
759	570	56	129
760	575	59	128
762	572	54	134
765	565	59	142
768	563	55	150
768	563	59	159
768	562	63	162
771	564	62	162
774	559	59	168
775	563	57	161
779	561	56	176
779	564	60	167
780	565	64	165
783	565	63	176
786	564	64	176
788	563	64	185
789	566	66	185
791	567	66	191
797	566	63	194
798	568	63	200
802	566	60	196
803	563	63	183
807	564	61	163
809	570	60	165
812	567	59	171
814	565	60	171
817	564	61	172
816	564	64	169
819	568	65	167
821	564	63	173
823	565	63	170
823	565	66	177
823	566	71	185
830	572	59	179
832	573	58	182
833	579	61	173
834	573	62	184
836	571	61	193
838	574	59	171
839	574	60	170
841	571	58	170
841	572	58	165
841	576	61	166
841	577	64	173
842	574	63	178
844	573	63	177
847	576	59	173
844	578	67	185
844	579	71	196
848	583	65	175
847	587	64	171
849	584	68	193
852	585	63	186
851	586	63	180
853	588	66	174
856	588	65	185
859	590	62	177
860	588	63	182
859	590	67	176
859	591	69	179
864	593	65	177
865	591	64	187
867	591	64	185
869	592	62	188
867	594	65	191
872	596	63	190
871	596	66	189
872	599	65	181
871	599	69	186
873	597	65	207
875	600	65	196
874	601	65	203
876	600	66	216
875	600	66	212
877	600	65	213
875	601	65	205
877	604	66	203
877	604	65	197
879	603	65	182
878	603	65	185
878	603	69	188
880	602	69	189
880	604	70	194
882	603	71	201
881	605	72	207
884	605	72	210
886	606	72	215
888	609	73	198
888	612	72	202
892	614	69	193
894	613	70	198
895	613	72	196
897	614	68	197
902	614	69	198
903	616	66	192
903	615	71	199
906	614	74	196
908	612	72	205
906	615	76	201
912	614	74	209
913	613	67	212
914	617	72	215
914	618	72	201
915	619	76	206
915	618	75	206
922	615	73	217
920	618	73	212
922	619	73	214
922	619	75	215
922	619	74	211
923	617	72	208
926	619	73	206
926	618	69	205
928	617	69	200
928	618	73	199
928	616	73	210
929	615	74	202
928	614	76	212
932	614	72	203
932	615	75	210
931	614	75	208
929	616	78	211
934	620	75	202
932	618	75	214
936	618	74	211
936	618	74	208
939	618	69	214
938	619	74	213
938	619	76	213
940	617	74	214
941	617	73	219
942	617	72	220
941	616	74	209
943	616	75	208
946	613	74	203
943	609	75	216
942	609	77	215
946	607	76	210
945	607	74	207
943	605	70	201
948	604	71	209
944	605	78	206
947	603	72	201
947	599	76	212
946	596	74	213
945	596	76	216
946	596	76	217
948	592	74	216
949	594	75	204
948	593	74	204
949	595	72	195
951	591	71	195
950	590	72	198
952	590	71	198
953	591	72	197
952	589	72	200
952	591	71	193
953	592	75	197
953	590	76	202
953	596	74	196
954	593	73	203
954	593	76	201
957	593	75	203
958	592	76	203
958	588	74	194
959	589	72	194
959	588	73	193
960	584	73	197
960	580	73	197
961	578	74	200
960	577	71	194
962	574	76	208
962	575	74	197
960	571	79	202
963	569	75	205
963	572	80	206
962	571	76	217
962	572	82	220
962	577	78	209
961	575	81	210
962	580	78	205
962	579	80	211
962	583	86	209
965	581	74	204
964	585	79	197
966	580	76	202
969	584	76	199
968	582	73	199
966	582	76	204
968	582	76	205
970	583	78	204
968	588	77	202
969	584	75	209
967	592	81	202
972	589	75	203
971	593	77	205
970	592	80	209
973	594	75	218
974	596	77	214
974	597	79	219
978	598	79	216
977	603	74	211
979	602	76	206
980	600	78	213
979	609	80	200
984	603	79	204
982	606	79	210
986	602	75	210
983	605	79	208
985	612	83	201
984	609	82	214
984	613	85	214
987	611	81	216
984	616	81	221
988	617	82	215
985	615	84	220
986	618	85	222
988	617	80	224
990	616	82	227
991	618	79	220
987	618	87	223
986	621	85	219
988	619	88	211
990	623	80	206
990	624	86	196
991	624	83	202
991	620	85	208
992	625	83	203
992	621	83	211
993	621	83	213
994	620	85	217
993	621	89	222
993	619	87	228
995	622	88	220
997	622	88	228
1000	622	86	225
998	632	88	210
999	624	91	221
1002	618	87	230
1001	619	86	223
1001	622	89	217
1003	618	91	217
1004	619	88	214
1007	615	86	222
1006	613	87	220
1006	619	86	222
1008	621	89	220
1007	615	86	232
1007	621	91	225
1010	614	89	245
1007	618	88	238
1007	619	93	237
1010	621	89	251
1009	621	92	252
1009	623	92	251
1009	624	94	251
1008	630	95	239
1010	626	94	257
1009	625	95	250
1012	626	90	246
1012	631	91	229
1013	625	91	250
1011	639	94	234
1013	635	95	238
1014	641	94	234
1014	638	95	247
1014	641	95	241
1017	645	99	249
1015	650	99	250
1015	650	101	256
1020	655	97	252
1022	657	91	264
1022	658	92	264
1022	661	95	259
1019	661	91	259
1022	666	96	249
1024	669	96	255
1023	668	93	260
1023	666	100	273
1026	670	97	260
1028	669	97	271
1026	680	101	256
1023	678	106	272
1026	682	103	265
1023	679	105	272
1026	680	104	283
1025	685	108	279
1023	686	114	281
1022	686	115	276
1022	684	113	289
1025	677	113	294
1024	682	107	276
1025	677	109	283
1027	673	104	287
1025	672	103	275
1026	669	98	264
1028	660	101	269
1026	659	100	254
1027	659	99	251
1025	653	98	258
1027	646	101	260
1024	643	101	262
1028	640	102	261
1027	646	91	250
1031	644	91	245
1028	644	92	237
1032	633	91	247
1030	625	91	257
1033	623	93	253
1034	621	89	240
1033	613	97	247
1035	608	88	241
1038	608	88	230
1038	599	87	229
1039	599	91	217
1040	593	89	214
1042	593	90	208
1044	584	85	216
1044	581	87	215
1044	578	88	214
1046	576	88	215
1046	577	92	214
1047	582	90	209
1049	581	90	209
1051	574	87	214
1053	574	86	211
1056	572	83	207
1055	573	82	198
1059	566	81	204
1059	570	79	188
1062	560	77	192
1066	560	74	191
1067	553	76	196
1070	553	73	196
1070	554	76	198
1072	549	77	198
1073	548	80	199
1072	552	83	193
1075	548	82	197
1076	550	84	193
1079	551	81	192
1079	550	83	189
1084	549	80	192
1085	549	81	189
1090	548	77	189
1091	551	75	182
1095	542	75	188
1097	543	72	184
1099	540	76	182
1102	539	76	179
1102	535	72	180
1104	531	78	186
1105	528	78	186
1107	525	79	191
1107	526	82	187
1111	524	79	185
1112	518	81	192
1116	512	78	197
1115	516	79	193
1119	513	75	190
1120	514	75	185
1123	507	74	189
1128	502	75	189
1128	491	75	199
1129	487	78	191
1133	489	74	188
1137	488	71	183
1140	492	71	178
1143	488	71	180
1144	483	74	192
1144	479	75	196
1146	478	78	196
1147	480	78	194
1148	483	82	191
1148	487	81	188
1148	486	79	187
1143	489	79	184
1138	486	84	184
1132	487	81	185
1121	490	79	179
1113	488	78	179
1099	484	70	180
1084	479	76	183
1070	479	73	179
1056	476	72	178
1047	473	75	186
1038	475	72	179
1031	476	73	186
1024	474	74	181
1018	473	78	187
1016	468	77	195
1015	470	75	196
1011	473	80	193
1011	474	82	194
1011	470	83	199
1012	472	84	196
1011	467	86	206
1011	469	88	202
1013	470	85	203
1014	468	80	196
1017	474	78	190
1015	473	79	188
1018	471	79	188
1020	474	76	190
1023	478	73	187
1025	476	74	193
1025	477	77	194
1025	476	80	198
1024	473	82	203
1024	471	86	202
1026	470	85	208
1028	479	85	202
1028	469	83	213
1028	479	84	203
1030	477	84	204
1028	475	82	212
1032	472	84	212
1031	483	86	203
1031	481	85	203
1028	483	89	197
1032	481	85	201
1035	477	84	205
1033	469	82	219
1032	480	88	215
1033	478	89	216
1033	480	83	214
1033	479	88	224
1032	483	83	219
1035	483	85	223
1032	482	88	227
1035	481	88	231
1032	479	86	234
1034	479	86	239
1033	480	88	239
1031	485	93	221
1030	489	89	211
1029	488	90	227
1029	485	90	228
1031	481	85	237
1030	484	90	235
1034	485	86	229
1030	484	86	233
1028	483	86	237
1029	489	93	232
1030	488	91	231
1031	489	93	232
1030	495	92	227
1033	492	87	239
1034	491	87	235
1035	489	87	242
1034	493	89	240
1034	493	89	236
1032	494	93	238
1036	499	92	225
1034	506	95	217
1033	499	93	226
1034	503	89	223
1033	498	90	233
1031	501	88	232
1031	500	92	238
1029	499	90	241
1031	501	94	241
1030	509	93	238
1028	510	89	238
1030	505	94	247
1026	504	89	254
1029	505	92	248
1025	502	93	255
1026	514	98	241
1023	511	97	244
1020	510	100	244
1024	505	96	255
1025	511	91	244
1021	514	97	239
1023	511	96	240
1020	508	98	238
1021	506	97	243
1021	502	97	252
1022	499	98	258
1023	502	100	258
1021	502	98	258
1021	501	100	264
1020	501	100	258
1022	504	96	257
1022	499	93	267
1020	503	98	252
1022	503	95	252
1023	508	95	244
1021	507	97	254
1023	509	91	248
1024	511	97	246
1026	514	94	253
1022	517	96	243
1020	522	98	253
1022	526	99	258
1019	533	97	247
1023	531	91	263
1021	534	96	266
1018	539	101	262
1022	544	90	261
1022	551	93	252
1019	553	95	259
1018	552	96	257
1019	556	89	251
1017	560	95	255
1020	556	89	260
1018	558	91	241
1019	558	92	246
1019	557	87	242
1021	558	86	231
1020	558	87	234
1017	559	88	233
1016	564	87	229
1021	567	88	237
1018	564	89	236
1019	568	88	236
1018	568	90	236
1020	568	86	244
1016	573	94	232
1021	572	88	243
1021	570	86	247
1023	569	85	236
1022	570	87	230
1025	571	84	233
1026	571	83	231
1026	571	85	228
1030	566	84	232
1026	577	89	229
1026	578	88	226
1028	572	90	229
1029	580	86	215
1031	574	85	234
1029	573	88	258
1026	573	91	262
1031	576	86	248
1028	579	92	245
1029	589	90	232
1030	582	86	246
1031	584	88	247
1031	587	88	240
