860	349	39	101
859	351	38	97
860	350	35	90
859	350	35	90
861	347	33	91
860	350	36	83
860	350	35	85
862	352	35	85
861	352	36	88
862	354	37	93
864	352	35	93
865	350	33	88
865	347	32	90
864	353	35	89
865	349	36	85
866	350	36	84
866	353	36	88
865	353	36	88
866	351	36	87
869	351	33	79
868	353	34	73
869	353	34	71
870	357	32	63
869	359	34	58
869	358	34	59
867	357	35	63
871	357	30	63
867	358	36	62
868	357	35	65
865	357	37	77
869	353	33	74
867	354	33	72
868	353	34	71
867	356	35	69
869	356	34	66
869	355	33	77
868	356	33	76
867	356	36	74
866	358	39	76
865	356	36	69
866	356	34	67
866	358	34	69
866	356	34	73
867	357	33	72
868	354	30	76
866	352	34	84
864	351	37	94
863	349	38	97
863	352	39	92
866	350	35	93
867	350	35	87
867	349	35	85
867	353	37	76
868	353	34	73
869	354	33	72
867	356	36	71
864	354	39	71
868	354	35	68
867	355	35	70
867	356	34	77
865	357	37	72
864	358	39	70
866	357	36	81
864	353	37	83
866	352	33	95
865	351	34	101
866	353	33	87
867	351	33	92
864	355	36	87
865	353	35	92
865	355	34	84
864	358	34	80
863	358	35	78
862	358	35	77
864	358	36	77
863	359	35	79
863	358	36	81
864	358	35	82
864	358	34	83
865	359	32	85
864	358	34	93
862	356	39	107
862	356	39	113
863	355	38	108
864	355	36	110
862	356	36	106
862	355	38	106
864	356	36	105
865	357	36	99
864	359	35	90
863	356	38	95
862	360	39	91
863	357	37	83
860	360	40	92
861	359	37	85
859	359	38	91
858	359	38	92
859	359	37	87
857	360	37	89
855	359	40	92
855	359	39	89
855	358	36	89
854	358	38	90
853	358	37	93
853	360	36	90
852	355	36	96
852	357	35	97
853	360	33	90
851	356	32	92
850	358	31	88
849	357	31	90
849	355	29	93
850	356	29	93
849	356	28	98
844	360	34	98
847	359	26	85
847	357	25	87
847	360	25	81
847	358	23	75
846	360	24	73
844	363	24	78
843	364	26	72
840	361	28	77
841	359	28	83
840	363	29	76
837	367	33	72
838	363	31	79
835	362	35	84
835	359	36	95
834	361	38	99
832	361	40	102
834	361	39	103
832	360	38	105
829	358	42	112
829	357	42	111
830	359	40	105
829	361	41	101
828	363	43	97
829	364	39	97
827	361	41	108
828	364	40	101
826	363	44	108
827	363	42	112
826	362	42	115
827	363	41	112
826	363	42	113
827	363	40	115
824	365	43	120
823	362	44	124
824	361	43	120
824	361	42	124
822	365	44	110
824	364	41	106
823	365	41	108
823	367	42	106
822	367	41	102
821	366	43	108
822	365	40	117
821	364	40	113
820	368	40	104
818	370	44	92
818	370	43	102
817	368	43	105
817	370	42	110
815	371	43	107
816	370	40	115
815	367	41	120
814	367	42	112
812	372	44	118
811	369	45	127
811	367	43	128
810	366	44	131
811	369	45	126
811	369	42	122
811	371	43	131
809	369	46	117
810	369	44	120
810	372	44	110
811	375	43	105
810	374	40	108
808	372	43	111
809	373	43	119
809	372	42	117
810	371	40	122
811	374	37	119
811	372	35	125
812	370	35	126
812	371	36	130
813	373	32	132
813	377	31	130
812	375	35	138
812	380	34	135
813	377	31	128
813	379	28	128
814	373	27	124
813	382	31	117
810	381	34	118
812	380	32	118
811	378	33	112
810	379	37	114
809	377	38	113
812	378	35	116
810	380	36	108
811	380	39	103
810	386	37	101
811	381	37	105
809	378	39	113
806	379	46	110
812	384	38	99
812	379	38	104
811	383	40	112
809	379	44	119
811	380	42	114
809	380	46	115
810	380	43	111
811	382	42	102
811	381	44	108
811	377	45	114
809	380	48	125
809	378	48	121
810	377	46	123
810	377	46	138
808	377	50	128
808	380	47	127
807	378	48	132
809	376	47	141
809	376	48	139
805	379	51	126
807	382	47	117
806	384	48	108
807	383	47	113
807	384	46	116
805	382	49	121
805	383	49	118
807	382	46	121
807	384	47	115
806	388	49	116
805	381	52	123
805	383	50	118
807	385	48	114
807	384	46	118
807	384	46	119
807	385	48	124
805	383	52	134
806	384	49	127
807	385	48	124
809	387	47	114
809	388	48	117
809	387	47	119
808	389	50	118
812	389	46	116
813	387	45	120
812	386	47	131
814	388	47	128
814	389	46	129
816	389	44	126
813	391	46	135
813	390	48	144
814	393	47	146
816	395	45	134
816	398	47	133
815	399	47	138
818	400	45	141
817	402	45	138
815	403	48	133
816	405	47	139
816	406	48	148
816	408	47	140
815	411	50	142
816	409	48	140
817	413	49	136
815	417	51	133
816	417	48	139
817	420	49	142
819	420	46	136
817	423	49	138
818	425	49	134
821	427	45	137
821	426	45	141
821	432	46	138
819	432	50	146
822	436	49	141
827	436	42	148
826	439	45	143
825	440	48	146
827	443	46	149
829	444	45	147
830	446	46	148
829	448	47	149
831	453	48	144
831	458	49	141
835	456	44	149
834	459	47	148
835	461	45	153
835	465	47	150
835	469	50	149
835	470	49	154
837	473	47	155
837	476	50	151
835	482	53	147
836	482	52	156
835	485	53	160
836	488	54	155
838	489	51	157
838	491	52	153
838	490	54	165
839	492	52	164
841	493	51	155
837	495	56	160
841	495	53	159
841	495	53	163
841	496	53	164
842	496	52	164
844	497	51	172
842	498	55	172
847	498	49	174
846	502	53	166
847	500	51	176
849	501	50	173
848	503	52	168
853	505	50	166
852	506	52	172
852	507	54	168
854	507	53	168
855	508	54	174
858	507	52	174
858	509	54	164
858	509	57	175
859	510	56	167
860	510	56	175
866	511	50	171
864	512	54	179
865	513	55	196
866	517	54	206
870	514	54	213
870	519	51	208
874	522	51	207
873	523	52	198
871	527	54	191
872	528	56	193
875	526	54	199
874	528	52	199
873	526	55	206
874	525	55	199
874	526	54	197
874	524	51	184
874	528	51	169
874	524	55	174
874	522	55	180
874	521	57	193
873	518	57	198
874	517	58	198
875	519	57	195
876	511	54	207
875	514	59	197
876	514	59	197
879	509	56	204
879	513	56	192
878	514	62	188
880	511	57	189
885	509	53	189
886	509	52	191
884	507	55	193
884	507	57	192
886	506	53	192
886	506	57	188
888	504	52	192
888	507	51	184
888	504	54	185
888	506	54	180
889	506	53	177
889	505	51	174
888	507	51	168
892	505	47	165
888	506	52	172
886	505	56	171
885	505	56	174
887	501	53	176
884	502	57	176
888	501	48	176
886	503	52	169
888	502	50	171
884	502	55	174
886	499	52	176
886	499	53	173
885	499	51	174
885	499	55	172
884	500	53	171
885	500	52	166
882	500	51	165
889	499	48	161
886	498	49	168
886	501	50	163
886	499	50	165
886	493	48	173
885	496	53	172
889	493	50	171
888	496	47	168
887	498	49	162
888	497	49	162
890	496	47	163
889	497	46	157
889	495	46	166
889	493	45	164
887	494	48	162
887	490	47	165
886	496	48	157
884	493	49	161
887	494	48	159
887	490	47	164
886	494	47	158
884	495	49	155
887	495	49	154
887	496	45	153
886	498	44	148
885	498	47	148
886	498	45	148
883	497	45	148
884	496	47	147
884	493	47	149
884	497	45	147
883	493	47	146
883	490	49	149
883	492	45	147
883	493	47	140
881	492	49	141
883	487	47	147
882	487	50	143
885	490	45	136
885	487	45	140
885	487	46	138
884	486	48	135
885	481	46	140
886	476	46	142
884	478	48	140
884	479	47	134
886	473	45	136
891	473	39	134
887	473	45	133
886	468	46	134
887	469	42	130
886	470	43	131
885	467	45	128
886	466	45	130
883	467	47	126
884	467	46	122
883	468	45	121
884	463	43	125
882	461	44	128
881	460	45	126
881	455	47	131
881	446	45	137
879	450	45	128
880	452	45	125
878	454	46	121
879	457	45	114
879	453	45	116
878	451	46	118
878	452	47	111
879	445	45	118
879	447	42	115
877	443	48	115
878	437	44	121
877	434	45	121
880	438	43	115
878	435	44	116
878	429	45	121
877	431	44	116
876	422	47	125
878	421	44	122
879	425	42	114
877	423	43	113
878	415	43	117
878	415	42	117
877	413	40	115
875	414	42	110
877	408	42	115
874	409	44	111
875	409	41	109
877	404	39	111
876	397	38	115
875	395	39	117
874	394	42	120
875	396	40	114
874	398	43	112
871	399	43	109
877	391	36	113
873	387	40	116
876	386	36	114
875	380	37	117
872	382	39	114
871	381	42	109
870	379	42	110
872	377	40	113
870	376	41	111
870	375	41	111
869	369	41	116
871	367	41	119
870	367	40	117
867	367	44	116
868	364	42	119
867	361	43	119
865	366	47	115
867	363	44	116
869	360	40	119
866	360	43	119
868	359	41	116
868	361	39	113
869	359	39	114
868	361	40	112
868	357	38	113
869	356	38	116
866	358	40	114
867	354	39	118
867	354	39	115
865	354	42	116
866	352	41	119
866	353	38	118
865	355	40	115
863	357	43	114
863	356	41	112
864	353	41	113
863	352	41	112
866	351	38	114
864	350	40	114
864	349	41	114
866	347	38	117
864	347	39	113
866	347	38	117
865	346	37	118
864	348	38	114
864	348	37	114
864	349	37	112
863	350	39	110
865	350	39	109
865	348	38	112
864	348	39	114
864	352	40	110
864	351	40	111
865	349	39	115
864	346	40	115
865	345	38	117
863	345	39	116
864	349	38	110
863	346	39	113
862	347	41	109
861	348	44	107
860	347	44	108
861	347	44	111
860	349	45	106
856	347	47	112
855	346	51	113
858	347	44	113
858	350	44	108
855	347	44	114
859	348	41	112
856	350	43	109
859	348	41	113
861	346	42	115
858	345	45	116
855	346	45	112
856	346	45	113
858	346	44	113
857	346	44	111
855	347	44	110
857	347	43	110
857	347	43	108
860	344	40	113
858	344	41	116
857	347	44	111
856	348	43	105
859	348	41	109
859	349	40	109
859	343	39	115
860	342	40	118
859	347	41	112
862	345	40	115
860	348	44	111
860	347	42	107
860	342	47	113
861	342	45	116
861	344	46	113
862	340	46	118
863	343	43	114
862	344	48	114
861	343	45	115
862	344	43	112
860	344	45	117
860	345	46	117
860	346	48	114
861	345	46	116
862	346	45	114
864	346	44	113
865	344	43	114
865	345	44	116
866	343	44	115
865	344	45	113
866	342	45	116
865	343	45	117
867	346	44	115
870	347	42	111
869	345	43	113
867	347	46	108
866	348	48	110
869	348	46	111
870	347	43	115
874	350	45	114
875	345	44	115
878	348	41	112
879	353	40	106
878	352	43	109
877	354	45	105
879	354	45	108
879	354	46	104
878	358	47	104
878	361	52	99
879	361	52	98
878	360	53	101
882	352	44	107
882	349	46	111
884	349	45	111
884	346	47	115
886	346	42	113
886	347	42	114
886	350	41	111
885	344	43	117
886	348	41	116
884	346	44	114
885	348	46	113
886	345	45	117
890	343	41	117
891	345	43	116
890	339	45	118
892	345	46	117
893	346	46	114
890	346	48	116
893	348	46	112
894	347	49	113
895	346	47	117
896	346	48	116
898	348	45	111
900	349	45	113
902	348	45	114
899	347	48	115
903	351	44	111
909	353	39	111
907	353	40	112
905	352	43	111
902	355	45	109
896	355	44	108
895	363	46	103
887	363	42	104
882	372	57	97
868	371	73	99
858	375	66	98
864	375	70	94
855	371	79	98
845	367	57	107
845	367	53	103
831	396	35	105
831	393	32	95
820	401	31	91
810	403	31	91
812	397	25	82
800	407	29	76
794	413	35	70
792	412	35	59
789	414	31	57
787	415	30	57
789	417	26	56
784	413	31	59
785	419	34	53
782	416	32	56
783	413	30	58
786	415	22	61
784	422	22	55
784	422	22	55
784	425	20	50
786	425	23	52
791	420	28	53
791	420	28	53
791	420	28	53
791	420	28	53
791	420	28	53
791	420	28	53
791	420	28	53
791	420	28	53
791	420	28	53
791	420	28	53
791	420	28	53
788	424	32	61
788	424	32	61
788	424	32	61
788	424	32	61
788	424	32	61
788	424	32	61
788	424	32	61
788	424	32	61
788	424	32	61
788	424	32	61
