1028	439	34	78
1029	443	31	74
1030	438	31	78
1031	440	30	77
1031	440	35	75
1033	439	34	78
1034	445	35	71
1036	443	37	72
1037	445	34	68
1040	442	34	76
1041	439	33	81
1042	440	32	76
1045	434	30	81
1043	433	31	84
1041	438	33	76
1034	439	32	77
1029	444	34	74
1020	442	33	72
1009	446	31	73
997	443	30	74
980	440	29	73
961	443	35	70
938	441	34	71
914	445	35	69
885	442	35	70
858	441	39	70
825	443	35	67
825	443	35	67
756	444	44	68
721	443	45	64
680	443	41	61
638	445	44	57
608	454	46	65
579	444	43	69
554	445	42	64
541	449	37	73
525	447	36	73
514	437	33	80
503	434	35	83
498	439	37	89
493	442	36	83
487	433	40	90
489	429	38	95
491	432	33	95
488	433	36	93
489	435	33	92
490	432	35	94
491	431	33	99
491	434	33	94
493	434	32	92
492	433	33	94
487	433	40	95
490	436	38	89
492	435	37	91
490	433	41	93
490	429	40	99
490	424	41	104
490	416	39	111
489	416	39	114
489	422	41	113
488	419	40	113
488	418	37	115
487	414	41	120
486	415	41	119
485	417	46	124
486	416	43	119
488	440	54	103
491	440	44	102
494	442	40	97
498	443	32	98
502	443	31	101
504	445	26	95
505	446	25	91
504	447	25	92
502	446	27	92
504	445	26	95
504	444	25	93
504	445	24	95
503	445	26	93
502	448	28	87
501	445	28	90
501	444	29	89
498	444	32	84
502	447	27	84
502	446	27	85
500	446	29	80
499	451	31	85
500	446	31	85
501	445	31	87
499	439	32	90
502	442	29	92
503	439	29	96
499	437	32	94
499	439	33	93
501	442	29	93
502	443	28	95
502	427	30	105
503	434	28	97
503	439	26	95
504	440	26	93
505	446	26	88
506	447	24	90
506	444	24	95
504	440	25	96
503	441	25	96
503	440	25	101
491	433	38	108
494	429	35	114
492	432	38	108
488	439	40	100
494	439	31	103
499	444	24	94
490	443	32	93
499	441	23	97
494	448	26	97
494	446	25	95
494	451	24	87
498	450	19	89
496	460	22	80
494	461	22	78
492	466	24	74
491	469	25	72
486	462	29	75
490	463	23	76
491	465	23	75
489	472	23	69
490	483	20	56
487	481	20	59
485	482	23	59
483	480	23	61
482	471	25	71
477	465	26	76
476	463	27	80
474	458	28	84
476	455	26	87
477	456	21	88
472	456	27	91
472	453	25	92
473	456	25	91
471	454	27	95
472	457	26	91
471	455	28	93
469	456	29	94
469	452	28	96
469	451	29	99
466	458	29	93
464	455	30	96
463	458	34	94
461	461	33	91
463	458	30	94
463	468	31	92
463	468	31	89
462	469	31	88
463	469	31	88
462	472	33	85
462	472	35	87
463	464	32	93
465	465	34	97
467	467	32	94
467	462	33	100
469	462	30	101
470	462	28	99
467	462	35	100
471	465	29	100
474	467	29	100
473	464	28	101
475	462	28	103
473	470	34	97
477	469	28	99
476	462	30	107
473	465	39	105
476	465	36	105
476	475	37	99
478	478	37	92
478	477	36	96
477	484	40	90
484	476	35	100
485	471	32	106
486	478	33	99
490	479	29	100
489	476	32	101
492	474	33	103
493	476	34	102
491	471	38	114
497	475	38	110
495	480	42	103
498	477	39	106
496	481	44	103
493	482	50	102
490	480	57	106
492	473	61	113
494	469	56	119
502	467	58	123
492	458	69	135
497	446	63	148
497	437	63	157
508	436	59	162
501	441	72	161
504	438	74	161
506	439	75	164
507	450	72	151
510	446	70	157
512	438	73	165
512	426	79	180
519	412	81	195
518	433	76	178
523	424	78	187
524	409	85	201
531	412	77	199
533	404	80	204
533	414	84	197
539	408	77	205
541	413	77	203
542	412	80	207
541	412	91	207
543	410	89	210
548	401	93	226
549	420	90	204
567	467	76	194
565	409	79	218
562	400	86	227
563	391	86	239
566	404	86	222
563	397	96	232
569	396	88	238
575	399	85	238
578	392	81	241
581	399	89	234
584	418	85	219
591	442	79	203
600	416	72	222
601	470	79	194
612	477	68	159
629	490	50	153
635	498	43	141
639	506	40	133
644	515	39	127
647	516	38	121
647	531	44	112
649	539	42	99
651	542	45	100
653	543	44	100
654	535	46	114
655	538	46	106
659	543	44	101
662	547	42	106
665	538	44	119
666	514	42	139
662	509	48	149
666	508	47	157
668	509	48	154
663	512	58	156
671	512	54	160
670	512	56	155
671	519	58	152
674	539	59	132
685	552	50	118
687	543	42	125
691	550	45	123
691	554	47	117
695	556	43	114
695	558	45	114
694	555	43	113
695	555	45	108
697	557	43	106
699	560	41	106
701	562	42	102
705	563	37	103
704	561	39	99
700	555	42	107
703	557	41	104
703	554	39	108
704	546	39	114
704	545	40	113
704	542	40	113
703	543	41	111
704	541	38	113
705	541	40	111
704	540	40	115
705	538	40	118
708	549	39	108
708	538	39	115
710	533	37	121
709	536	39	122
709	542	40	114
709	544	42	110
709	544	44	107
712	543	41	110
713	544	39	109
715	539	37	112
713	538	39	116
714	541	39	114
716	542	38	108
716	544	36	106
714	539	41	112
715	543	40	107
715	542	40	108
716	541	39	113
717	544	39	110
716	542	42	112
715	545	42	107
715	539	41	115
712	544	47	111
717	543	39	109
715	541	41	113
712	545	42	107
711	541	43	112
702	539	47	110
695	535	48	115
683	529	46	119
671	525	51	120
658	526	46	121
641	528	43	116
620	520	45	126
599	528	42	122
572	523	44	124
546	538	45	117
522	540	45	112
502	535	41	118
477	527	50	129
461	534	49	122
448	534	48	124
441	532	43	127
433	534	42	126
425	534	45	122
419	540	49	117
419	535	46	120
414	532	49	128
414	531	51	126
411	527	52	132
413	529	50	125
415	533	44	117
417	529	46	120
417	527	47	123
417	522	45	125
421	532	44	114
423	535	40	113
424	530	39	114
423	535	43	111
426	532	38	112
428	534	37	107
426	527	41	117
427	523	41	121
429	535	40	114
431	537	37	105
427	537	43	106
429	534	44	108
428	522	51	120
438	523	41	119
446	522	47	121
463	519	45	119
486	519	47	115
508	520	45	110
537	509	47	117
571	509	48	112
610	514	42	103
648	505	44	105
685	507	48	102
731	510	45	98
776	493	46	89
826	502	40	95
871	508	42	89
923	504	42	78
964	508	41	83
1007	509	44	78
1047	509	37	77
1076	508	43	86
1107	509	40	94
1125	513	39	88
1146	505	38	96
1154	502	48	96
1167	503	41	98
1174	498	42	102
1177	506	43	95
1184	500	45	98
1189	496	39	102
1191	497	39	100
1193	496	39	105
1192	497	42	102
1193	498	41	100
1195	497	39	101
1192	490	46	110
1195	484	39	116
1190	487	41	116
1181	483	43	114
1179	482	38	118
1170	481	44	116
1157	488	42	108
1142	481	40	114
1126	487	32	107
1103	504	37	92
1083	504	34	91
1058	498	35	93
1031	499	38	94
1007	479	37	105
981	477	37	110
961	474	34	110
950	477	34	101
932	491	40	91
921	486	40	98
906	479	42	104
904	479	40	103
902	473	33	111
899	484	36	100
896	479	39	106
896	480	39	103
897	478	37	104
897	478	38	105
898	475	36	107
899	476	36	107
899	475	37	106
899	478	35	102
901	480	34	100
900	486	37	94
902	482	36	97
903	483	35	96
906	477	34	100
910	476	29	104
913	478	31	100
913	483	30	95
915	483	31	95
911	482	34	96
910	481	36	95
911	477	38	100
911	478	38	99
911	475	38	100
921	476	28	101
921	475	29	105
921	477	33	102
924	475	34	101
923	473	34	105
922	477	32	102
923	476	33	103
924	477	32	99
924	475	34	97
924	477	35	96
924	471	37	96
928	470	33	105
930	471	32	105
928	472	31	104
928	473	31	106
924	473	38	105
925	478	36	96
925	479	33	96
925	478	38	100
927	477	40	100
927	479	42	97
925	474	46	102
925	473	46	104
928	476	45	103
928	477	44	102
929	476	42	103
930	477	42	102
930	473	43	106
931	479	39	100
932	479	36	100
935	476	35	100
938	475	29	104
938	475	29	104
937	475	30	102
940	479	28	110
941	479	26	113
936	476	31	107
937	478	31	104
932	481	36	103
936	484	33	97
934	488	34	96
937	486	34	99
935	485	38	96
934	479	37	100
933	476	43	107
932	477	39	100
933	477	37	106
935	479	34	104
939	477	31	110
935	478	40	102
936	484	39	102
933	488	44	104
933	488	44	104
940	488	37	97
926	485	46	100
926	490	50	98
930	489	56	104
926	487	59	109
938	482	47	116
929	486	57	112
930	480	62	123
931	487	69	117
931	487	69	117
931	487	69	117
930	484	77	132
930	488	81	136
929	488	95	138
943	487	78	149
956	478	65	167
963	478	58	174
958	486	69	167
958	486	69	167
958	486	69	167
976	487	49	149
972	464	50	156
975	473	53	150
976	468	58	157
970	467	72	156
977	470	78	163
975	471	82	148
979	494	84	130
978	483	84	139
988	495	70	124
995	488	68	136
1005	483	62	143
1018	494	53	138
1031	500	40	135
1035	504	40	132
1039	507	41	131
1045	509	36	130
1049	501	40	139
1048	500	45	140
1046	505	55	137
1050	507	56	131
1056	504	53	140
1064	506	52	144
1068	515	54	144
1076	520	49	139
1083	527	50	139
1090	534	54	130
1099	544	44	124
1100	547	49	119
1102	544	54	126
1106	548	57	119
1107	550	63	121
1111	552	61	114
1113	553	62	117
1115	556	63	112
1097	533	66	129
1109	535	55	138
1110	534	54	141
1110	539	60	136
1099	537	45	137
1098	541	43	135
1098	551	59	122
1082	555	51	108
1070	548	43	109
1056	545	40	114
1054	553	28	104
1038	541	35	110
1031	544	27	111
1022	544	30	107
1012	543	33	108
1005	532	35	113
1002	526	29	116
997	526	33	114
997	530	36	110
993	526	33	107
995	536	32	101
990	528	37	103
993	523	33	107
990	511	38	114
989	508	40	118
988	505	43	120
993	503	40	121
992	505	39	116
989	513	44	108
993	505	40	114
993	508	44	111
994	514	43	98
995	515	40	97
998	513	38	94
1000	510	38	99
998	509	35	98
992	507	34	98
985	510	33	94
972	508	34	93
956	508	36	94
940	507	39	98
925	501	32	102
912	496	40	108
876	496	56	105
859	490	55	109
844	486	54	110
834	486	53	109
824	495	54	99
816	496	52	95
811	494	54	96
811	480	47	109
802	472	50	117
802	467	49	119
801	481	49	103
802	480	48	103
802	476	45	105
809	482	38	98
793	476	41	105
801	472	48	109
808	477	41	104
810	466	41	111
808	459	42	119
807	459	44	125
807	456	45	123
803	466	47	110
798	473	53	105
798	473	51	104
796	469	55	111
798	472	43	106
800	476	34	99
800	476	34	100
800	476	34	102
800	476	34	102
801	477	33	99
799	477	36	99
801	478	37	100
800	482	38	95
803	480	39	97
802	482	38	94
806	481	39	97
805	481	40	96
807	487	41	91
809	485	39	94
801	484	49	95
812	491	39	87
806	489	46	97
809	478	48	104
816	478	41	105
818	478	38	106
819	475	44	111
820	474	43	112
824	473	36	111
827	472	35	114
829	474	36	110
833	473	35	112
831	471	37	115
837	471	34	112
840	474	35	112
844	472	36	113
844	471	38	108
847	473	38	110
848	471	40	113
854	475	39	107
859	475	39	106
862	477	39	104
869	472	33	109
872	473	36	109
876	478	37	102
880	476	37	104
882	479	38	103
886	472	38	109
888	473	41	110
892	472	39	111
895	475	39	111
899	472	38	108
899	477	43	99
906	474	39	108
907	477	40	104
912	477	37	105
916	479	38	104
920	477	37	106
922	477	39	106
926	475	39	107
931	476	37	105
935	478	38	103
940	474	36	109
945	477	36	100
950	476	36	106
953	476	41	109
960	478	38	109
968	484	33	101
970	489	38	97
974	494	38	90
978	486	37	97
981	490	37	93
984	489	38	93
988	486	35	98
988	484	39	99
991	482	38	100
993	482	38	99
993	490	39	90
995	483	38	95
995	479	40	99
997	475	40	103
997	486	43	91
998	487	41	89
998	490	41	84
999	490	45	84
1003	491	37	80
1006	494	34	78
1006	490	34	81
1007	488	33	81
1007	489	33	80
1008	487	34	81
1009	488	33	78
1008	484	33	84
1009	484	33	85
1009	489	35	80
1007	490	38	76
1012	484	31	84
1013	473	32	94
1013	482	36	86
1015	477	32	91
1017	477	29	91
1017	482	36	87
1018	487	36	81
1021	482	34	84
1022	483	35	84
1023	479	37	85
1023	484	41	82
1030	487	30	72
1028	489	36	71
1031	483	35	75
1033	485	31	78
1037	479	30	81
1037	480	33	80
1039	484	35	76
1041	479	35	80
1046	486	32	74
1049	488	32	70
1051	489	33	69
1054	485	32	72
1055	478	33	80
1055	478	34	79
1059	482	36	75
1061	487	37	70
1066	491	35	68
1066	491	40	67
1071	488	37	72
1077	488	39	71
1079	482	38	77
1082	479	39	82
1085	487	31	73
1089	491	27	69
1090	489	27	71
1090	490	34	70
1089	484	34	76
1087	477	39	83
1091	476	36	85
1091	479	34	80
1092	477	37	82
1092	475	31	86
1093	477	34	82
1089	466	39	90
1082	463	45	94
1083	463	48	96
1089	457	38	99
1090	460	36	96
1088	463	40	92
1094	463	34	90
1095	467	34	84
1096	466	31	84
1097	469	28	79
1098	474	27	75
1098	478	27	73
1097	472	33	74
1100	465	30	81
1096	470	31	77
1097	473	29	76
1098	473	28	73
1099	474	30	70
1099	475	27	69
1100	479	26	65
1101	486	23	58
1100	485	27	59
1100	481	28	61
1100	486	28	62
1100	483	31	62
1100	488	28	56
1101	486	28	59
1101	487	26	56
1101	488	25	56
1101	492	26	53
1101	490	27	56
1100	493	26	53
1101	485	31	60
1101	487	27	59
1101	488	30	57
1101	484	28	64
1103	491	26	56
1103	493	23	54
1103	494	22	54
1103	495	23	55
1103	485	27	63
1101	470	28	63
1102	479	32	73
1102	475	31	78
1098	469	33	84
1099	470	34	84
1098	465	33	88
1102	471	30	85
1102	475	32	79
1103	485	27	72
1103	480	29	73
1102	481	31	71
1105	480	29	71
1105	481	29	71
1102	478	32	75
1103	477	31	74
1103	480	30	74
1104	477	29	76
1103	476	31	78
1104	472	30	82
1103	465	33	90
1100	469	37	88
1102	471	39	85
1102	474	40	86
1104	471	39	87
1105	469	42	91
1107	472	40	87
1108	474	39	86
1111	472	40	86
1112	478	40	84
1116	482	38	81
1117	484	38	77
1121	480	35	83
1122	483	37	79
1124	482	37	82
1127	478	37	84
1131	478	34	89
1132	482	37	83
1133	485	37	79
1139	477	32	88
1142	481	33	86
1142	476	35	91
1142	478	38	90
1149	481	32	88
1153	476	31	93
1156	478	32	93
1160	478	31	91
1161	474	33	93
1164	476	33	90
1165	469	36	100
1167	474	39	100
1173	470	35	102
1178	471	34	103
1181	474	34	101
1182	473	35	102
1188	478	35	99
1192	477	34	99
1196	476	35	102
1199	479	36	100
1203	479	36	102
1208	481	37	101
1212	483	36	100
1216	482	34	102
1220	481	37	104
1225	483	37	101
1229	486	37	100
1233	487	38	99
1238	488	36	101
1242	488	36	101
1247	488	37	105
1251	489	36	102
1255	489	36	102
1259	489	37	104
1262	490	38	104
1265	492	38	107
1268	491	36	107
1272	493	36	105
1275	492	40	110
1278	494	42	105
1280	494	42	106
1284	494	40	108
1287	494	40	103
1289	495	41	108
1292	493	41	109
1294	495	43	105
1295	497	40	106
1299	493	38	108
1302	496	36	108
1306	496	37	108
1306	497	36	109
1308	498	38	111
1309	498	39	114
1310	499	40	108
1311	500	41	111
1314	501	43	110
1316	502	44	110
1316	503	45	110
1317	502	44	107
1320	502	42	110
1319	506	44	108
1321	503	43	109
1322	505	45	111
1320	505	50	109
1326	507	46	110
1326	505	45	111
1329	506	45	111
1330	507	44	110
1336	506	40	113
1337	509	42	112
1338	508	44	114
1340	508	42	111
1339	510	45	110
1339	511	47	111
1340	511	45	112
1342	509	42	115
1341	510	44	116
1339	511	45	115
1340	511	44	118
1340	509	45	120
1340	514	43	115
1338	511	45	118
1338	513	44	119
1338	512	42	118
1336	512	44	117
1336	511	42	121
1336	512	40	119
1333	512	42	119
1331	511	43	122
1332	511	41	125
1331	512	39	122
1329	513	38	124
1329	515	35	120
1325	515	40	121
1325	515	37	121
1322	515	38	124
1321	516	36	121
1318	517	38	121
1316	517	39	122
1314	517	39	122
1311	519	41	120
1308	517	44	123
1306	521	44	122
1303	520	44	121
1302	522	43	120
1299	521	43	121
1296	523	46	118
1294	524	47	120
1291	525	47	120
1289	526	48	122
1288	524	47	124
1288	524	46	126
1286	526	48	121
1284	527	50	120
1280	529	54	122
1282	530	48	122
1281	530	47	121
1280	531	46	122
1277	532	48	123
1275	531	50	123
1275	534	49	122
1273	533	49	122
1272	534	48	125
1272	536	46	129
1272	533	46	134
1271	533	46	130
1272	537	44	130
1271	540	46	134
1271	540	43	135
1269	543	45	136
1272	543	41	137
1271	545	41	138
1269	547	43	133
1271	550	41	134
1269	550	44	135
1269	550	43	133
1269	550	41	133
1266	551	45	135
1267	551	44	134
1268	552	43	133
1269	552	42	137
1269	553	44	136
1270	551	43	133
1268	550	50	135
1270	552	48	131
1269	549	53	132
1274	551	48	133
1274	546	50	132
1276	551	52	129
1277	548	50	130
1276	547	52	129
1277	547	52	129
1282	546	50	129
1283	541	48	131
1285	543	48	129
1286	540	48	131
1289	541	46	129
1292	538	46	130
1296	535	45	132
1299	534	45	133
1301	533	45	132
1304	532	44	134
1305	532	44	132
1305	532	44	135
1306	531	47	134
1306	529	48	133
1308	529	47	133
1308	530	48	127
1309	531	47	129
1311	530	48	128
1315	529	47	130
1313	529	54	129
1315	528	49	130
1318	527	47	127
1318	526	50	134
1319	526	49	131
1321	524	50	136
1321	526	52	135
1322	524	53	132
1323	525	54	135
1324	524	56	133
1324	527	56	135
1326	524	54	136
1326	527	55	130
1326	525	56	133
1327	523	56	135
1327	525	55	134
1327	524	56	133
1325	524	57	136
1326	523	57	138
1327	523	56	137
1328	526	55	134
1328	524	55	136
1328	524	56	136
1328	526	56	135
1327	524	55	137
1326	525	56	134
1323	525	59	136
1325	527	55	132
1324	525	54	136
1324	526	52	136
1325	526	52	138
1326	526	51	138
1323	527	52	139
1325	531	49	132
1325	527	48	137
1325	530	47	135
1325	529	47	138
1324	531	45	137
1327	529	42	136
1326	532	45	136
1323	532	45	135
1323	534	45	137
1326	534	42	136
1326	535	43	137
1325	534	48	138
1325	534	46	138
1326	538	48	138
1327	536	47	137
1328	541	47	135
1327	538	47	138
1328	538	47	142
1330	540	46	139
1330	541	49	142
1332	541	44	144
1335	544	47	143
1334	545	47	143
1335	546	47	143
1336	548	47	147
1339	548	49	147
1339	549	52	146
1338	549	51	148
1340	549	53	152
1346	553	49	151
1345	552	52	150
1347	550	52	156
1350	550	54	159
1349	551	56	157
1353	556	54	152
1354	555	55	153
1357	560	53	151
1358	559	54	148
1361	565	54	149
1365	562	48	151
1365	568	51	152
1368	570	49	154
1367	576	58	153
1369	581	61	149
1370	582	63	148
1369	584	68	152
1370	586	66	150
1372	589	66	149
1374	590	64	150
1374	589	65	154
1376	591	64	151
1376	593	64	149
1377	594	65	147
1379	592	65	151
1380	588	64	153
1382	587	67	153
1384	590	66	143
1388	589	61	148
1388	583	62	151
1388	584	62	152
1390	583	58	152
1390	579	65	151
1392	582	60	151
1393	579	60	150
1393	576	62	153
1395	576	60	152
1395	576	59	148
1397	570	56	157
1396	572	56	157
1395	570	60	158
1396	569	58	156
1394	569	59	150
1394	567	58	153
1395	564	59	152
1397	563	56	151
1396	561	57	151
1398	561	55	150
1398	557	55	152
1398	555	57	155
1398	556	58	147
1395	559	61	147
1394	555	62	152
1398	555	58	147
1399	553	56	153
1401	553	54	150
1401	552	52	152
1398	552	57	152
1401	551	54	150
1399	551	58	152
1400	550	56	150
1405	548	49	156
1403	547	52	158
1405	546	51	160
1404	545	53	165
1405	544	52	168
1403	543	54	159
1403	542	57	158
1403	541	56	153
1404	544	59	149
1405	542	58	154
1405	542	58	163
1405	542	59	162
1406	542	56	165
1407	543	57	167
1411	542	54	172
1409	546	58	164
1410	546	57	173
1412	546	54	172
1413	545	53	171
1413	545	56	178
1416	545	52	169
1414	547	57	170
1419	544	51	180
1417	546	55	180
1418	545	54	156
1421	548	51	152
1421	547	54	153
1422	548	54	152
1425	553	53	148
1426	551	51	155
1426	551	52	155
1429	552	52	154
1429	555	53	157
1431	559	53	150
1435	556	51	156
1437	559	53	156
1441	565	51	152
1440	566	54	156
1441	567	57	158
1443	565	57	158
1445	566	58	153
1448	568	56	152
1449	566	55	151
1451	571	58	148
1452	572	62	150
1451	578	62	148
1456	572	55	154
1457	575	59	152
1458	578	59	158
1459	578	59	156
1462	576	56	160
1463	582	58	159
1462	581	59	172
1460	580	63	173
1464	588	57	168
1465	584	58	167
1464	584	58	170
1465	587	60	169
1466	588	54	156
1466	587	56	157
1466	586	55	161
1467	589	55	161
1466	587	56	163
1466	588	52	160
1465	591	56	157
1464	590	58	164
1464	596	60	165
1463	599	61	158
1462	598	62	165
1461	594	62	171
1461	597	60	173
1459	596	61	177
1458	600	60	172
1457	602	59	165
1457	606	58	165
1456	603	59	168
1454	601	64	178
1450	604	64	166
1447	609	66	158
1448	607	63	160
1445	615	65	152
1445	613	61	160
1442	611	62	165
1440	607	63	169
1436	617	66	163
1436	610	62	171
1434	610	65	177
1431	610	64	174
1426	613	66	176
1424	611	68	179
1421	616	65	173
1419	612	64	180
1415	611	65	183
1412	613	65	181
1411	611	64	182
1406	614	65	180
1403	612	60	175
1400	612	66	179
1396	616	66	174
1393	620	71	170
1389	622	73	166
1390	632	60	168
1388	628	54	165
1385	628	57	175
1381	625	58	170
1378	632	58	171
1373	630	67	181
1371	628	64	180
1371	632	59	179
1368	630	61	179
1366	631	62	182
1364	628	62	186
1363	627	62	186
1361	624	61	189
1357	625	63	180
1358	622	60	175
1357	620	59	177
1355	619	60	172
1354	616	62	176
1353	614	59	171
1351	610	59	172
1348	609	61	172
1348	610	57	170
1347	606	57	175
1343	607	59	171
1340	608	60	171
1340	606	56	174
1335	606	59	178
1336	609	55	177
1332	610	58	173
1331	611	56	174
1329	610	55	175
1326	612	55	176
1325	613	55	174
1323	617	55	169
1320	622	53	165
1315	619	58	166
1313	626	57	163
1313	621	57	162
1310	628	58	162
1311	626	54	163
1307	624	59	165
1306	626	58	163
1308	626	55	167
1299	623	63	165
1298	624	63	172
1296	624	62	166
1296	624	59	166
1299	624	54	168
1296	623	57	164
1295	622	57	166
1295	620	56	163
1290	619	59	163
1288	619	61	157
1287	621	59	157
1287	617	57	158
1287	619	56	158
1285	617	55	161
1282	619	57	160
1281	617	55	160
1278	618	55	160
1278	620	53	160
1274	620	55	159
1272	622	56	157
1272	621	55	159
1266	624	57	158
1266	622	53	160
1265	623	53	160
1264	624	50	156
1263	624	49	156
1260	625	50	154
1256	624	52	153
1252	623	52	150
1252	621	50	150
1248	621	50	152
1248	621	49	154
1245	621	50	150
1242	620	52	150
1239	624	53	150
1238	623	52	151
1236	623	53	152
1235	626	51	152
1234	625	49	154
1232	625	51	153
1230	626	50	153
1229	627	50	155
1228	628	50	156
1225	627	52	154
1225	626	49	156
1223	629	50	154
1221	630	49	152
1219	630	51	147
1217	628	51	150
1217	628	49	149
1214	628	51	151
1214	627	49	154
1210	629	50	148
1207	631	51	152
1206	630	50	159
1204	633	50	152
1201	632	53	157
1202	632	50	154
1201	632	48	159
1197	634	48	155
1197	637	49	154
1195	636	50	155
1190	637	53	155
1189	635	50	155
1187	636	49	155
1188	635	50	154
1186	634	49	153
1184	635	50	155
1181	635	51	153
1182	634	51	152
1179	635	52	154
1175	637	55	156
1173	638	59	159
1172	639	60	155
1175	640	57	158
1175	638	53	159
1170	642	61	159
1172	640	57	162
1172	643	55	163
1170	643	58	163
1170	644	55	164
1171	639	52	162
1171	645	53	153
1172	652	53	152
1170	651	55	159
1169	654	54	154
1171	653	52	157
1169	653	56	155
1168	654	57	158
1168	652	57	163
1165	651	59	160
1167	654	55	162
1165	652	57	163
1165	651	53	162
1166	650	55	161
1166	647	56	162
1162	646	55	165
1162	644	53	164
1164	639	52	167
1162	640	53	161
1161	632	51	166
1160	632	52	165
1160	629	55	159
1162	627	51	158
1161	624	49	158
1162	622	51	155
1164	619	48	160
1165	616	50	156
1166	617	50	154
1166	616	51	152
1166	611	51	155
1167	611	52	154
1169	611	49	152
1170	609	50	152
1169	607	54	154
1170	608	53	150
1170	610	54	151
1170	608	55	155
1172	609	52	153
1172	611	52	149
1172	613	53	146
1172	616	53	141
1172	619	55	143
1173	615	55	144
1173	621	56	143
1174	623	55	142
1177	624	53	143
1177	626	54	146
1178	628	53	145
1177	630	54	147
1178	631	53	145
1180	632	52	146
1181	631	50	146
1178	631	54	147
1182	631	50	153
1182	632	50	148
1183	632	52	148
1183	633	51	146
1184	630	51	149
1186	629	49	143
1187	630	50	142
1187	631	49	143
1187	631	49	140
1188	633	50	139
1190	631	46	136
1189	634	48	135
1188	636	49	137
1188	639	50	135
1193	637	47	134
1192	641	52	135
1193	645	52	131
1199	647	49	129
1200	651	52	131
1205	650	52	133
1210	651	53	134
1214	652	52	136
1217	653	54	134
1223	656	53	130
1229	651	49	132
1231	653	49	134
1234	654	49	134
1238	655	47	132
1241	653	48	137
1243	653	48	135
1243	655	52	133
1243	655	53	135
1246	654	52	136
1247	654	51	137
1248	654	52	136
1249	652	52	139
1250	654	50	134
1250	654	52	132
1250	652	53	135
1250	652	54	133
1253	649	48	136
1257	648	44	138
1258	648	47	139
1257	647	48	135
1258	649	50	129
1259	649	50	132
1263	647	45	131
1263	648	44	134
1265	646	43	136
1266	648	45	135
1266	646	44	132
1267	646	47	133
1268	648	48	131
1270	651	46	126
1269	649	51	126
1271	651	51	126
1273	651	51	123
1276	652	49	121
1278	650	48	124
1277	649	52	126
1280	648	48	126
1284	648	47	125
1286	646	46	128
1291	647	42	128
1292	647	42	127
1294	645	41	127
1298	647	40	127
1300	648	41	128
1301	645	41	128
1302	645	41	129
1304	645	42	130
1303	644	43	129
1305	642	45	131
1305	642	44	128
1307	640	44	127
1307	637	44	133
1309	637	41	130
1309	637	41	126
1309	637	42	131
1311	637	42	126
1313	635	41	128
1312	634	41	127
1312	633	42	128
1310	631	42	133
1305	630	42	133
1296	629	39	132
1280	627	43	133
1267	625	40	132
1245	624	39	129
1223	624	40	132
1196	620	39	136
1168	614	39	134
1138	617	40	129
1103	619	40	125
1067	617	39	126
1035	614	41	127
998	613	38	127
965	615	37	123
925	615	38	122
883	615	39	122
846	615	39	124
802	615	36	123
754	619	38	118
715	620	37	123
665	623	37	124
623	626	37	127
579	632	37	127
539	636	36	128
505	640	38	129
477	642	40	133
457	646	39	133
436	649	42	130
423	653	41	131
412	654	42	130
406	655	40	129
403	656	46	130
402	655	43	132
399	655	48	133
399	655	47	134
399	656	50	136
400	657	51	133
403	656	50	134
405	654	50	134
407	656	51	133
410	656	48	133
411	655	49	136
414	655	48	139
415	655	48	141
416	655	49	142
417	655	50	142
420	657	45	139
419	655	50	140
419	659	52	137
419	656	55	141
423	661	51	135
432	658	46	136
444	659	51	136
465	655	44	134
489	654	48	134
514	652	48	133
553	649	47	133
593	645	47	130
630	641	41	133
668	640	48	131
701	638	50	127
726	637	55	127
751	637	46	124
766	640	48	116
783	638	57	123
791	637	56	123
804	637	50	123
809	638	54	121
814	637	54	124
819	637	53	126
821	640	51	123
823	639	52	126
823	640	52	127
825	640	52	129
825	639	51	133
829	641	53	135
833	637	52	135
841	641	42	129
845	640	43	128
850	640	42	126
854	640	39	127
855	641	42	127
856	638	42	134
860	638	38	132
862	638	37	133
863	638	38	130
866	641	36	127
867	639	36	127
867	637	36	129
866	638	36	128
866	638	39	128
867	638	38	128
867	639	37	122
867	636	36	126
867	636	36	124
867	637	36	123
866	633	40	127
866	634	37	127
868	634	39	126
865	634	41	127
866	634	39	126
866	634	39	124
867	634	40	126
866	633	39	121
865	634	37	121
864	632	37	125
866	632	36	125
865	633	38	122
865	632	39	123
865	631	40	125
862	632	43	122
862	631	44	125
862	629	42	128
861	630	45	128
858	629	47	128
859	632	46	124
859	630	43	127
857	630	46	125
857	631	47	125
857	630	50	129
856	632	50	126
856	632	52	127
857	631	49	125
857	631	50	128
857	632	51	125
858	632	49	126
858	632	54	127
860	632	46	125
861	630	50	124
864	631	47	126
865	629	51	129
867	633	54	123
870	634	58	125
870	633	52	127
875	636	44	127
877	638	45	128
878	637	47	131
878	638	45	137
877	638	50	152
877	637	53	144
878	642	48	137
878	640	48	143
878	642	47	137
880	643	47	137
879	642	57	147
880	643	53	144
882	645	47	142
880	644	55	142
880	646	56	142
