803	650	30	89
803	650	29	90
803	652	30	86
804	650	31	89
806	652	29	85
807	653	29	87
809	653	29	93
808	655	29	94
811	656	28	99
811	655	28	98
811	653	27	103
812	655	28	105
812	654	30	114
812	653	27	120
812	653	27	120
812	654	31	115
814	653	28	122
814	654	26	125
814	654	28	127
811	654	32	126
814	654	28	124
814	656	31	131
814	655	30	127
815	657	28	128
815	658	29	124
814	661	32	117
815	662	29	121
815	662	30	123
816	662	30	116
817	663	29	119
815	663	32	124
816	663	30	127
819	662	30	128
816	664	30	119
818	666	30	118
817	666	31	120
818	664	29	122
818	667	32	125
818	666	30	121
817	669	31	120
818	669	32	124
818	668	31	124
818	670	31	118
817	669	32	115
817	668	35	116
818	668	32	107
818	665	31	111
818	662	33	114
817	659	34	123
818	658	32	125
819	656	32	125
817	652	33	120
819	649	31	128
819	647	33	130
819	646	33	125
819	646	34	123
821	644	34	126
821	643	33	123
823	645	34	117
824	644	33	115
824	648	34	113
825	648	33	111
826	650	36	116
828	650	35	122
831	651	35	127
834	652	34	127
835	652	37	138
837	651	35	139
839	653	36	138
842	651	35	136
846	653	35	135
846	657	37	135
850	657	33	128
852	657	35	126
857	661	36	125
859	660	36	120
861	660	38	112
866	674	37	106
869	670	36	111
875	671	35	110
876	672	39	112
879	674	41	113
882	677	38	120
884	675	38	125
887	677	38	117
890	676	37	116
891	677	39	120
894	678	38	114
899	683	38	112
899	682	38	109
900	676	39	114
902	690	40	108
905	679	38	114
905	673	38	125
907	671	38	128
908	671	39	130
910	666	37	127
912	662	36	129
912	668	41	139
912	662	42	150
913	656	40	151
914	653	41	159
916	652	38	150
917	655	40	141
916	655	41	144
920	649	36	146
919	646	37	145
920	646	38	142
921	644	38	137
922	643	38	130
925	643	37	138
925	639	38	136
926	634	37	137
928	639	38	128
929	639	38	127
930	639	39	130
931	640	40	123
934	640	39	124
936	639	39	122
939	638	38	127
942	638	36	130
945	635	36	132
946	632	37	133
950	627	35	143
951	627	36	143
954	631	37	139
959	631	36	134
961	633	38	131
965	634	35	121
969	634	37	127
972	633	36	126
976	634	35	129
980	639	36	129
983	634	38	133
988	636	36	133
994	636	37	146
999	636	37	141
1004	637	36	141
1009	636	36	134
1014	635	36	136
1017	637	37	140
1023	635	39	125
1029	634	33	113
1035	642	31	118
1041	639	34	121
1044	637	34	126
1049	630	35	131
1054	619	36	132
1057	622	36	140
1060	621	36	136
1062	626	33	124
1065	634	35	121
1066	631	36	123
1069	632	35	119
1069	629	35	117
1071	638	34	117
1070	633	35	118
1070	636	36	116
1067	633	38	126
1057	630	44	120
1055	637	37	109
1043	633	34	107
1022	632	38	115
1001	636	33	115
1001	636	33	115
936	627	34	113
904	626	34	113
865	632	35	104
811	633	49	105
780	633	44	106
755	648	34	110
725	637	33	109
725	637	33	109
674	641	36	120
657	636	40	129
644	634	39	135
635	639	38	134
633	640	34	127
628	639	32	128
622	641	37	127
622	641	37	127
616	643	38	112
614	637	37	113
618	634	32	100
616	642	35	110
616	642	35	110
615	633	36	116
615	636	37	114
615	632	37	115
617	628	36	114
617	625	36	119
617	626	38	119
617	632	39	117
620	633	42	108
621	633	38	102
623	633	35	95
623	627	35	98
624	627	35	97
625	626	35	96
626	628	38	95
627	622	37	106
627	620	40	108
628	617	35	111
629	618	33	109
627	616	39	110
627	612	36	114
628	613	34	105
627	608	33	108
628	609	30	104
629	613	32	101
628	609	35	108
630	603	30	114
629	600	33	120
628	599	32	115
627	592	35	106
628	592	31	106
629	595	29	101
627	580	30	102
626	580	31	106
627	582	30	101
628	579	30	98
627	565	31	108
628	562	30	103
627	557	29	103
626	554	29	106
625	550	30	107
625	545	29	101
624	540	30	108
626	534	26	106
625	533	27	101
624	530	28	102
622	524	31	111
623	520	29	109
622	514	30	111
622	510	27	107
619	507	29	107
621	499	25	107
620	497	27	104
618	494	29	107
616	490	31	102
617	484	27	108
615	482	30	105
614	481	29	98
614	477	28	104
614	477	28	99
613	477	30	104
612	475	30	101
612	473	28	108
610	472	28	101
611	472	30	107
610	471	28	106
608	471	29	107
608	471	29	111
607	468	30	108
606	470	29	103
606	468	29	107
605	466	29	103
604	468	29	101
604	466	29	105
604	464	27	106
601	464	29	105
604	464	27	99
604	461	30	104
611	461	29	105
623	458	28	102
642	459	27	107
662	458	28	110
690	459	29	104
719	456	27	106
757	457	29	99
793	453	27	101
822	450	27	104
851	452	29	102
876	451	31	105
896	448	27	104
910	448	30	101
922	447	27	98
931	447	28	101
935	446	30	105
940	446	30	108
945	445	28	113
946	445	29	110
946	447	29	104
948	447	29	104
946	446	29	106
949	444	28	112
947	445	29	110
948	443	28	112
947	444	29	111
948	447	29	110
950	444	27	114
949	447	29	110
950	446	30	108
952	446	27	109
953	445	27	111
954	447	28	110
955	446	29	110
956	443	29	114
957	446	30	106
958	445	30	103
961	446	30	106
962	445	31	109
965	446	31	112
967	444	30	106
969	448	33	107
971	447	33	108
975	448	30	113
980	448	30	114
980	450	33	110
985	450	30	112
989	450	30	115
993	448	29	109
996	450	30	111
1000	450	29	115
1003	453	29	113
1004	452	32	114
1008	453	32	111
1010	452	31	116
1013	452	32	113
1014	453	33	108
1018	453	32	112
1021	451	31	111
1022	449	32	113
1024	450	32	115
1027	451	32	111
1028	448	32	117
1030	448	32	117
1031	451	31	113
1033	448	29	112
1034	438	30	111
1036	442	31	108
1036	441	31	110
1037	443	33	109
1039	440	32	111
1040	436	28	112
1041	433	29	112
1040	436	30	115
1043	438	28	106
1043	434	30	104
1043	438	31	98
1043	432	30	102
1045	437	28	92
1044	430	30	94
1044	428	31	95
1044	428	30	96
1046	422	29	92
1046	417	29	94
1046	420	30	88
1046	417	30	93
1046	417	29	87
1048	409	28	87
1048	399	27	93
1046	399	29	92
1047	399	27	94
1047	398	28	89
1047	402	26	85
1049	397	25	87
1048	398	24	85
1047	393	25	86
1047	393	26	88
1047	389	27	90
1046	383	27	94
1047	379	29	100
1046	382	29	96
1048	379	29	100
1048	381	27	101
1049	380	25	102
1050	379	25	98
1051	383	24	97
1052	385	23	95
1052	384	23	89
1051	383	25	95
1052	383	24	97
1053	383	26	93
1053	383	26	89
1057	384	23	93
1055	385	26	92
1057	387	24	84
1057	389	26	83
1057	387	26	88
1061	382	25	90
1062	385	27	89
1065	385	27	85
1065	382	29	95
1066	378	29	96
1069	381	28	92
1070	380	29	92
1075	385	26	88
1074	382	27	88
1078	384	25	91
1080	385	25	90
1084	387	23	91
1086	382	24	92
1087	381	25	93
1090	383	26	90
1093	388	25	89
1094	386	25	95
1098	383	24	95
1101	380	23	101
1105	385	23	102
1105	385	23	102
1115	370	21	109
1116	376	24	103
1119	376	22	102
1121	375	25	91
1124	379	23	78
1129	388	24	76
1047	297	17	74
1035	301	19	72
1035	301	19	72
1035	301	19	72
1035	301	19	72
1035	301	19	72
1035	301	19	72
1035	301	19	72
1059	316	18	65
1046	315	25	69
1134	401	28	68
1134	409	27	69
1133	411	27	72
1134	412	26	72
1135	416	26	72
1134	420	27	70
1133	418	29	77
1131	422	27	73
1132	426	25	71
1132	421	26	77
1131	421	25	74
1131	419	25	76
1129	420	25	81
1129	418	27	81
1128	422	25	80
1128	425	25	77
1128	423	26	76
1127	424	26	76
1127	425	26	79
1127	426	26	77
1126	429	27	72
1127	427	25	74
1126	425	29	76
1128	429	27	70
1128	425	25	71
1128	420	25	74
1127	419	24	80
1128	419	23	79
1128	417	23	79
1128	418	25	81
1127	418	27	85
1126	415	27	87
1127	415	27	85
1127	415	25	81
1126	415	26	78
1126	417	25	79
1127	416	24	77
1126	415	24	78
1126	416	25	75
1126	412	25	76
1124	412	25	74
1126	412	23	70
1125	408	24	75
1126	407	23	75
1124	404	26	70
1125	402	24	65
1124	398	24	68
1123	393	27	71
1123	390	24	72
1123	387	27	77
1122	386	23	77
1121	376	23	76
1123	376	21	86
1119	376	26	81
1118	375	27	84
1117	371	28	76
1120	371	25	80
1119	377	25	71
1123	383	19	64
1121	379	23	68
1119	379	25	67
1118	372	28	67
1120	369	26	71
1119	368	26	74
1117	366	29	82
1117	367	29	75
1117	369	28	80
1119	368	28	79
1119	370	25	80
1119	367	27	80
1118	364	29	86
1118	367	27	84
1118	368	28	86
1118	367	28	89
1117	366	29	92
1119	366	28	91
1119	369	28	87
1118	370	31	84
1119	369	30	91
1120	369	29	91
1117	371	33	85
1118	370	31	86
1118	370	30	89
1117	372	31	87
1118	374	31	89
1118	369	29	86
1117	370	30	85
1116	371	32	88
1118	370	31	88
1117	368	32	93
1117	368	30	94
1118	368	30	95
1119	369	28	85
1119	368	29	80
1120	372	28	76
1119	372	30	76
1120	372	29	75
1119	372	29	74
1121	373	30	73
1120	374	31	70
1122	375	28	72
1122	373	30	75
1121	373	30	79
1120	372	33	83
1122	375	31	80
1122	376	32	74
1124	372	30	78
1126	374	30	76
1126	373	30	78
1126	375	30	81
1126	374	32	85
1127	373	31	82
1126	378	32	82
1127	375	31	88
1128	375	32	89
1131	377	28	85
1130	375	31	88
1130	378	30	85
1131	380	29	93
1132	382	27	95
1131	382	31	89
1130	379	32	93
1131	388	29	89
1132	387	30	89
1131	388	30	90
1133	389	26	99
1133	389	26	99
1132	385	29	91
1131	387	30	85
1131	389	26	82
1134	386	26	87
1132	385	30	89
1132	386	32	82
1132	379	32	88
1132	379	33	86
1134	382	31	82
1132	381	32	73
1132	382	31	78
1132	383	27	80
1135	382	31	79
1133	382	32	80
1135	381	31	82
1136	380	30	76
1136	380	29	79
1136	379	32	80
1136	379	32	77
1137	376	29	83
1137	379	31	80
1138	376	31	81
1138	378	32	84
1138	373	32	83
1138	376	33	80
1139	376	32	82
1137	375	34	82
1138	372	33	87
1139	369	32	90
1140	367	32	91
1138	373	34	86
1138	375	34	85
1139	382	33	81
1138	380	34	85
1138	381	34	83
1139	379	31	85
1139	380	29	87
1140	381	28	86
1138	382	33	83
1139	383	34	82
1139	382	33	81
1139	381	33	87
1140	381	31	85
1143	376	28	89
1142	378	29	86
1141	376	30	89
1141	373	31	94
1143	381	29	88
1146	382	25	86
1144	384	28	86
1143	381	29	87
1146	385	28	86
1145	385	26	81
1144	385	29	80
1144	383	30	82
1144	383	28	85
1143	384	29	85
1144	381	27	88
1141	379	31	88
1141	382	34	86
1146	387	24	78
1144	386	25	84
1145	384	25	80
1144	383	26	82
1136	378	18	77
1135	387	26	79
1132	382	27	80
1129	383	26	84
1127	382	24	86
1118	376	29	91
1117	372	29	96
1117	367	25	99
1116	370	24	97
1114	381	23	85
1115	379	23	86
1112	376	22	89
1111	378	22	88
1108	370	25	93
1111	366	23	94
1108	372	25	92
1104	376	29	89
1105	381	26	84
1107	380	26	82
1105	379	27	85
1103	377	28	89
1103	380	27	86
1101	374	28	86
1103	379	23	89
1099	375	27	89
1097	376	26	88
1095	370	28	93
1092	375	29	90
1091	370	27	95
1089	365	27	103
1088	364	25	102
1085	375	26	97
1083	369	25	101
1081	372	24	104
1078	371	23	104
1075	379	24	105
1072	381	26	100
1071	384	28	96
1070	385	25	96
1070	391	24	97
1069	395	28	91
1069	397	30	99
1074	398	22	99
1075	403	28	103
1085	406	23	103
1097	410	24	109
1108	407	20	106
1053	365	32	108
1053	365	32	108
1053	365	32	108
1053	365	32	108
1053	365	32	108
1053	365	32	108
1053	365	32	108
1053	365	32	108
1053	365	32	108
1053	365	32	108
1053	365	32	108
1053	365	32	108
1053	365	32	108
1053	365	32	108
1053	365	32	108
1053	365	32	108
1053	365	32	108
1053	365	32	108
1053	365	32	108
1053	365	32	108
1053	365	32	108
1053	365	32	108
1053	365	32	108
1053	365	32	108
1053	365	32	108
1053	365	32	108
1053	365	32	108
1053	365	32	108
1053	365	32	108
1053	365	32	108
1053	365	32	108
1053	365	32	108
1053	365	32	108
1053	365	32	108
1053	365	32	108
1053	365	32	108
1053	365	32	108
1053	365	32	108
1053	365	32	108
1053	365	32	108
1053	365	32	108
1053	365	32	108
1053	365	32	108
1053	365	32	108
1053	365	32	108
1053	365	32	108
1053	365	32	108
1053	365	32	108
1053	365	32	108
1071	275	31	103
1071	275	31	103
1071	275	31	103
1071	275	31	103
1071	275	31	103
1071	275	31	103
1071	275	31	103
1071	275	31	103
1071	275	31	103
1071	275	31	103
1071	275	31	103
1071	275	31	103
1071	275	31	103
1071	275	31	103
1071	275	31	103
1071	275	31	103
1071	275	31	103
1071	275	31	103
1071	275	31	103
1071	275	31	103
1071	275	31	103
1071	275	31	103
1071	275	31	103
1098	288	31	93
1101	292	29	91
1101	294	27	87
1101	298	33	81
1101	298	33	81
1101	298	33	81
1101	298	33	81
1101	298	33	81
1101	298	33	81
1112	300	29	84
1112	300	29	84
1112	300	29	84
1112	300	29	84
1112	300	29	84
1112	300	29	84
1112	300	29	84
1112	300	29	84
1112	300	29	84
1112	300	29	84
1112	300	29	84
1112	300	29	84
1112	300	29	84
1112	300	29	84
1112	300	29	84
1112	300	29	84
1112	300	29	84
1112	300	29	84
1112	300	29	84
1210	389	29	86
1276	474	21	92
1198	409	25	99
1271	472	26	96
1271	475	28	97
1196	411	36	100
1266	477	33	100
1265	481	36	96
1257	484	45	90
1259	485	50	98
1265	481	39	107
1200	403	37	118
1267	484	36	112
1266	485	39	112
1268	483	40	109
1274	485	35	118
1273	486	34	115
1275	488	36	108
1272	487	40	119
1271	485	41	118
1269	485	45	114
1273	487	38	108
1270	484	41	118
1269	483	49	121
1270	485	50	117
1273	486	50	113
1274	485	49	111
1275	483	49	113
1275	484	49	117
1275	486	47	116
1276	483	45	119
1288	481	42	113
1298	478	30	125
1300	478	29	123
1301	479	29	114
1303	478	27	113
1304	480	28	114
1290	478	42	119
1295	478	42	117
1303	479	30	123
1306	478	26	122
1307	481	27	121
1307	479	27	116
1308	479	26	109
1309	477	28	108
1309	476	29	102
1310	477	29	96
1308	477	32	94
1310	477	31	92
1311	475	28	90
1314	475	26	91
1314	476	27	90
1316	475	26	93
1317	473	26	86
1317	475	26	82
1319	479	25	86
1318	476	27	85
1318	479	28	86
1318	484	28	84
1321	476	26	90
1323	478	27	83
1324	481	23	89
1325	475	24	96
1326	475	24	98
1326	476	25	94
1327	474	25	90
1329	475	26	94
1331	475	28	95
1330	477	29	88
1332	475	28	86
1333	478	27	75
1335	475	27	75
1335	474	26	74
1336	476	26	80
1339	476	25	74
1339	476	25	74
1339	476	26	76
1338	480	27	80
1338	480	28	79
1339	485	27	80
1340	478	25	88
1340	480	25	89
1339	482	29	91
1341	480	27	88
1342	480	26	81
1341	484	27	81
1343	479	25	82
1342	477	26	80
1341	478	28	78
1341	484	30	82
1342	479	28	82
1342	483	30	88
1346	481	25	90
1345	484	26	85
1345	485	26	87
1346	485	25	82
1343	495	28	81
1345	489	26	87
1344	493	26	85
1345	492	27	81
1345	489	27	81
1343	503	28	75
1344	500	28	73
1343	494	30	80
1344	491	28	83
1344	487	27	88
1342	491	28	84
1341	494	29	85
1342	495	28	81
1339	494	30	82
1339	496	29	80
1340	494	28	85
1341	494	26	85
1339	495	26	87
1338	497	27	90
1340	501	26	91
1340	501	26	91
1339	497	26	99
1339	497	26	99
1339	499	26	101
1338	509	26	96
1338	506	26	105
1338	502	27	111
1338	499	24	104
1336	501	29	103
1338	498	27	99
1333	495	32	94
1333	498	30	94
1332	499	31	92
1333	497	29	97
1331	495	31	97
1334	490	29	102
1337	491	26	99
1336	492	25	98
1334	493	27	100
1332	490	29	100
1332	486	30	100
1332	490	28	93
1332	494	30	89
1334	489	29	89
1335	505	26	82
1332	501	31	85
1334	486	29	85
1333	486	31	86
1332	487	31	83
1334	484	29	86
1336	481	26	85
1340	480	24	83
1336	483	27	79
1335	489	29	80
1332	482	31	90
1335	481	28	92
1337	478	27	90
1335	483	30	89
1337	481	28	85
1337	481	27	88
1337	480	30	87
1335	481	32	86
1338	481	28	87
1336	482	31	90
1337	479	30	92
1337	479	30	93
1337	480	31	89
1338	483	29	90
1340	478	28	92
1339	478	31	95
1340	479	32	93
1342	479	29	94
1341	479	30	93
1344	480	29	92
1343	480	31	94
1346	480	28	92
1346	481	30	92
1348	480	28	95
1348	481	29	93
1351	482	27	90
1353	481	26	91
1356	483	26	87
1356	484	26	85
1356	481	27	91
1357	483	27	92
1359	480	27	94
1358	482	29	95
1359	483	30	93
1359	482	30	91
1362	480	28	93
1362	482	29	95
1363	481	29	92
1365	481	28	97
1365	484	30	94
1367	483	28	95
1367	484	30	91
1366	484	32	92
1369	485	29	86
1370	484	30	87
1371	483	30	89
1372	482	28	99
1373	480	29	92
1373	480	30	93
1374	480	32	85
1374	480	35	90
1378	479	29	94
1378	478	31	95
1381	477	31	97
1383	477	30	92
1384	478	30	97
1385	478	32	97
1386	480	31	97
1387	481	29	96
1386	481	32	93
1388	482	31	84
1390	485	28	79
1389	485	31	84
1390	485	31	95
1392	485	30	100
1394	485	27	100
1394	485	29	103
1395	487	27	94
1394	488	28	96
1394	488	28	96
1395	481	27	105
1395	479	27	111
1396	476	25	110
1395	478	28	104
1396	480	27	99
1393	487	28	100
1395	483	26	101
1393	484	28	105
1391	483	28	102
1389	488	30	99
1391	493	28	94
1393	493	24	92
1390	496	24	91
1389	495	25	92
1389	494	24	90
1387	496	25	94
1384	495	27	92
1382	496	27	90
1381	496	26	92
1379	497	28	92
1376	497	30	98
1374	498	29	97
1373	500	28	98
1370	500	28	104
1368	501	28	106
1366	502	28	99
1364	503	28	98
1363	502	28	102
1360	505	28	99
1358	504	29	102
1356	507	29	102
1353	506	29	101
1352	507	27	103
1351	504	27	103
1349	509	27	99
1348	506	28	97
1345	507	27	102
1345	505	23	104
1340	505	25	105
1338	510	25	105
1334	513	26	107
1331	513	28	109
1329	513	29	102
1326	515	28	106
1325	512	28	108
1322	512	28	108
1322	510	25	109
1321	511	24	110
1319	512	23	106
1315	512	28	111
1315	510	24	106
1313	510	25	106
1313	507	24	115
1311	505	24	117
1310	501	24	110
1309	501	25	107
1307	501	27	109
1306	499	27	108
1306	498	26	108
1305	497	27	103
1305	495	25	106
1304	494	29	109
1304	493	27	104
1304	490	27	103
1304	494	27	98
1302	493	29	95
1301	492	29	100
1300	491	30	104
1301	491	29	106
1299	492	30	103
1300	490	28	102
1298	492	30	97
1298	491	29	97
1298	490	31	101
1297	489	32	102
1297	487	29	102
1296	488	29	99
1295	489	30	98
1297	485	23	101
1293	487	29	101
1293	488	28	101
1291	486	29	103
1291	487	28	99
1290	485	28	101
1288	487	30	102
1288	485	28	106
1289	485	25	107
1286	486	27	105
1285	485	26	109
1284	486	26	102
1283	485	26	101
1282	481	27	104
1283	484	25	102
1281	486	27	102
1280	485	28	105
1282	485	24	101
1280	485	26	101
1280	485	27	99
1279	485	27	100
1278	488	28	94
1278	487	26	99
1277	486	28	97
1276	487	29	97
1276	487	28	102
1276	486	28	101
1276	487	27	103
1277	487	26	103
1276	487	28	103
1275	490	28	98
1276	489	27	95
1274	493	27	95
1274	495	29	97
1273	495	27	97
1273	498	28	96
1272	501	28	97
1273	504	26	95
1272	508	28	95
1272	511	25	95
1271	514	24	94
1271	518	26	93
1271	520	24	93
1269	522	27	95
1267	524	25	100
1267	522	23	100
1267	524	24	102
1265	528	25	97
1265	530	24	96
1264	528	25	94
1262	531	23	93
1263	530	22	91
1262	533	23	91
1261	536	23	89
1261	535	24	86
1259	530	26	95
1259	523	24	97
1258	525	25	92
1259	528	24	92
1258	532	26	89
1258	527	25	89
1256	542	25	81
1258	540	25	79
1258	540	25	79
1258	540	25	79
1258	540	25	79
1255	538	26	83
1252	541	23	85
1255	536	26	87
1255	541	24	85
1253	536	28	88
1253	530	27	91
1251	543	28	78
1252	537	28	80
1252	553	23	72
1252	546	25	76
1251	550	25	74
1252	556	19	71
1253	557	18	66
1252	562	18	64
1252	562	18	64
1251	572	19	59
1251	572	19	59
1251	572	19	59
