546	779	26	66
547	778	23	67
547	778	22	74
546	776	23	72
545	776	23	70
545	774	24	74
544	775	24	73
545	769	23	74
543	772	24	73
543	767	23	73
543	769	24	71
543	768	23	73
542	768	23	70
542	767	24	75
542	767	23	73
541	767	26	71
541	764	23	71
541	767	23	76
540	766	26	76
539	764	26	81
539	762	25	82
539	762	24	85
540	763	26	87
539	755	24	86
539	756	24	83
541	758	21	84
541	757	21	82
540	758	24	79
541	755	23	77
542	758	22	72
541	757	24	71
541	758	23	72
543	756	23	75
544	755	23	77
546	756	21	72
545	752	21	74
546	751	23	75
546	753	23	70
547	754	22	67
548	753	23	72
548	749	24	73
549	748	23	72
550	749	22	71
551	747	22	72
552	748	24	77
552	747	24	79
552	746	24	74
555	744	23	80
556	743	24	81
555	744	25	73
556	745	26	75
557	742	25	75
558	746	24	76
559	742	24	81
559	742	25	84
559	742	28	85
562	740	24	83
561	740	24	76
562	739	26	72
564	739	24	67
564	738	25	70
568	738	21	65
568	737	22	69
569	737	22	67
569	737	24	65
572	736	21	67
573	735	22	67
574	736	21	65
575	734	22	68
578	735	20	66
578	734	21	64
578	734	22	65
580	734	21	65
582	734	20	67
582	733	21	69
584	734	21	65
585	731	20	70
587	732	20	70
587	732	23	71
589	731	24	73
591	731	22	74
591	733	23	74
593	732	22	80
594	733	24	77
596	732	23	80
597	732	24	80
599	732	25	82
599	729	24	84
601	731	25	82
602	730	22	79
603	731	24	79
604	730	24	77
606	731	22	79
608	730	22	75
609	730	22	75
610	730	21	67
612	730	21	68
614	730	20	68
615	731	20	69
618	728	19	64
618	728	20	69
621	730	19	65
624	731	19	63
625	730	20	68
627	729	19	74
627	726	18	74
629	721	21	76
630	731	22	69
633	724	18	65
635	722	20	70
636	722	19	71
638	726	19	64
639	727	19	65
640	727	20	65
641	727	19	68
641	727	20	71
642	724	20	73
641	725	21	77
641	725	20	76
640	727	22	74
639	728	22	73
639	726	22	75
639	726	22	75
638	725	21	75
636	726	22	72
636	724	21	75
635	723	21	77
633	724	20	77
633	724	21	74
632	725	20	71
632	724	18	72
629	722	19	71
629	723	19	72
628	720	19	74
628	722	18	71
627	721	18	68
625	723	19	71
624	721	20	67
622	721	20	64
622	721	19	66
622	720	18	57
621	721	17	56
621	719	17	59
619	720	17	61
618	721	17	61
618	718	17	62
616	716	17	64
615	718	17	67
614	717	19	67
612	717	18	66
611	717	18	70
610	714	18	75
609	715	19	75
607	715	20	71
607	716	22	69
606	715	21	70
604	715	21	64
603	715	20	58
603	714	19	56
602	717	19	54
600	716	19	55
598	715	19	56
598	713	17	57
597	713	17	56
595	712	18	58
593	712	20	59
593	709	19	56
592	710	18	58
591	710	18	55
591	709	18	53
590	710	18	56
589	709	18	53
587	707	19	55
586	706	18	60
585	706	18	59
584	705	18	59
583	706	17	59
583	706	16	57
581	705	16	56
581	704	16	58
579	704	16	60
577	703	17	59
576	701	16	59
574	701	18	62
573	701	17	63
571	702	18	61
570	701	18	60
568	702	19	60
567	699	19	64
566	701	19	59
565	701	17	61
563	703	20	58
561	701	18	60
561	702	17	57
559	703	18	57
557	703	17	58
556	701	16	60
555	700	15	60
553	700	17	63
550	699	18	62
550	698	16	62
548	697	16	63
546	697	17	63
546	698	16	62
542	701	18	61
542	698	17	59
540	701	18	59
539	700	18	57
538	700	17	59
537	701	15	63
535	699	15	60
534	702	16	62
532	700	16	63
530	702	16	60
528	703	15	63
526	704	16	59
524	705	19	59
522	703	17	60
520	704	18	57
519	704	17	62
517	704	17	61
515	705	18	60
513	706	16	61
511	707	19	61
510	707	19	61
508	708	17	59
505	709	16	57
503	711	17	55
502	709	16	60
499	711	15	59
497	710	15	61
494	711	16	62
492	712	17	61
490	710	16	64
488	712	16	63
487	711	15	62
485	713	15	60
481	712	17	59
479	713	17	61
477	715	19	65
475	714	18	66
473	714	18	65
471	714	18	65
470	716	18	66
467	714	19	66
465	710	15	69
463	713	16	65
460	712	16	66
458	709	16	62
456	707	15	64
453	707	16	61
451	705	15	61
449	703	15	57
446	704	19	57
443	701	18	59
440	701	17	59
437	697	18	61
434	697	17	64
431	695	19	64
428	696	22	61
427	692	18	61
422	694	21	61
420	692	16	59
419	691	14	63
413	687	17	61
411	682	13	66
407	685	15	63
403	681	15	63
399	678	17	60
397	677	14	63
394	677	19	61
390	672	20	66
387	674	19	62
383	666	18	67
381	670	18	65
377	666	17	67
375	664	14	64
373	663	16	62
373	663	16	62
373	663	16	62
376	667	14	54
376	667	14	54
349	665	18	53
350	662	18	53
345	660	15	54
343	661	17	55
339	652	17	60
339	652	17	60
336	649	17	62
336	646	18	56
332	646	16	58
329	640	20	64
326	640	26	61
326	639	27	57
324	637	27	57
317	636	18	58
316	627	18	62
319	619	25	61
317	617	16	69
317	614	14	70
314	605	16	71
310	607	15	69
305	600	20	70
307	606	20	65
303	601	16	65
302	599	16	62
302	599	16	62
301	598	15	66
299	597	20	65
299	595	26	64
297	597	25	71
296	596	23	68
294	596	24	70
295	594	15	67
293	597	21	60
292	598	23	55
291	596	20	61
290	593	20	64
290	594	23	67
287	594	25	67
287	593	23	67
286	592	23	68
286	592	22	66
284	589	19	69
281	591	19	69
283	587	19	66
282	595	22	65
281	591	23	69
277	591	22	69
275	592	29	70
275	592	29	69
274	591	30	69
273	593	30	68
274	591	27	71
272	593	25	66
269	593	24	67
269	591	27	70
269	591	25	69
269	593	23	66
268	590	25	70
267	593	22	67
266	594	24	65
263	591	25	69
262	592	27	70
260	594	27	66
260	592	27	71
258	594	30	69
259	594	26	67
260	598	26	65
261	596	29	63
258	595	32	70
272	594	33	65
285	596	30	62
306	591	27	62
330	589	27	59
351	585	24	60
395	581	25	59
439	576	24	61
476	571	25	57
508	571	23	55
534	571	25	52
558	570	23	56
579	564	23	59
591	565	26	58
602	567	27	54
612	565	24	55
620	561	21	54
621	562	24	47
624	560	20	52
624	561	22	55
627	559	19	56
626	559	22	54
626	559	22	55
626	559	22	61
628	559	21	60
631	559	23	63
633	564	24	54
647	559	20	55
662	561	22	51
679	559	20	53
702	561	21	52
724	559	27	53
748	559	26	55
781	557	26	53
813	557	30	52
829	558	34	51
882	555	31	51
914	557	32	42
958	556	25	42
989	557	24	39
1021	557	28	38
1047	558	26	46
1068	556	24	46
1084	558	28	48
1099	560	24	44
1104	557	26	48
1114	558	22	53
1117	557	23	54
1125	556	19	57
1126	556	20	59
1122	557	24	55
1120	559	26	55
1122	557	24	59
1120	558	25	57
1124	556	22	57
1124	555	25	60
1128	556	26	59
1143	555	23	59
1148	557	28	57
1169	558	26	57
1184	558	32	55
1211	563	27	51
1246	560	24	49
1275	558	26	49
1310	565	25	54
1340	571	21	52
1391	569	25	49
1436	574	23	50
1474	574	24	51
1517	581	26	51
1550	586	30	60
1578	587	32	58
1602	589	33	50
1629	593	32	55
1639	596	34	53
1652	597	35	41
1661	597	36	45
1669	596	30	44
1672	600	30	44
1673	599	33	41
1676	596	27	44
1677	599	28	40
1677	598	28	44
1677	595	29	47
1676	599	30	45
1675	601	32	51
1673	597	26	51
1672	595	24	46
1671	599	27	46
1672	598	28	40
1672	597	26	42
1668	597	29	42
1669	595	29	43
1662	599	27	53
1662	589	26	53
1663	594	30	46
1662	599	31	40
1662	595	28	45
1662	593	29	46
1662	599	32	48
1660	594	33	45
1664	599	31	41
1657	598	34	43
1657	595	30	47
1656	597	36	49
1657	594	32	46
1659	593	28	56
1659	592	34	62
1641	599	40	58
1657	596	41	59
1650	595	34	56
1653	595	30	58
1657	597	35	54
1656	596	29	54
1654	592	31	66
1652	590	31	72
1655	589	27	67
1655	592	26	65
1655	601	29	68
1656	602	28	72
1649	598	32	67
1646	602	36	69
1648	594	35	73
1647	598	43	73
1648	598	38	66
1645	596	38	66
1646	595	35	77
1647	589	35	78
1647	591	32	67
1647	591	35	69
1645	591	45	71
1639	589	39	67
1628	588	48	63
1613	588	47	58
1601	586	56	60
1572	582	48	63
1544	577	42	71
1526	572	55	80
1489	573	66	73
1457	557	63	82
1423	561	51	72
1392	560	43	63
1355	538	33	68
1327	555	34	63
1302	557	29	58
1289	552	39	57
1261	553	38	54
1250	552	43	52
1243	544	39	62
1231	545	31	62
1227	543	28	71
1220	547	30	62
1213	551	38	53
1217	545	33	60
1212	546	31	60
1212	545	35	65
1210	544	29	58
1212	544	29	60
1214	545	29	54
1216	544	28	65
1214	543	29	59
1210	542	32	60
1212	544	28	56
1208	541	27	58
1209	544	25	55
1203	543	30	50
1211	544	23	52
1208	545	25	51
1207	546	25	50
1203	544	29	55
1205	545	27	54
1204	544	28	57
1206	544	26	56
1199	544	32	57
1202	543	31	56
1199	542	31	60
1202	544	31	56
1200	542	32	54
1202	542	29	50
1199	542	31	50
1199	539	33	50
1197	539	31	52
1196	539	37	51
1195	541	33	53
1193	540	35	56
1194	543	24	53
1189	542	31	52
1187	541	30	54
1187	542	29	59
1186	542	30	58
1183	542	29	55
1182	541	28	58
1182	539	23	58
1182	541	26	55
1182	541	31	53
1165	542	34	51
1175	542	28	48
1171	542	31	50
1170	543	31	48
1167	542	29	51
1167	542	33	48
1166	541	31	49
1165	540	31	43
1164	542	28	49
1159	540	35	51
1161	541	36	52
1160	541	26	50
1157	541	27	51
1156	540	30	51
1153	540	31	51
1156	541	34	51
1152	541	31	44
1157	540	28	45
1152	540	34	48
1150	539	35	39
1151	541	34	36
1149	541	29	38
1147	541	30	48
1150	541	23	46
1150	542	19	46
1149	541	24	51
1148	540	29	53
1149	541	22	50
1147	541	24	52
1148	538	27	50
1145	539	28	47
1143	538	28	48
1142	540	28	51
1138	539	32	54
1141	537	28	59
1141	535	27	56
1138	537	30	52
1141	535	34	53
1138	536	45	57
1132	535	38	55
1137	530	32	57
1133	533	35	59
1131	536	31	61
1132	537	24	56
1133	535	21	60
1134	536	19	56
1135	536	20	55
1133	533	25	60
1133	533	21	56
1132	533	23	59
1134	531	22	60
1133	528	20	66
1131	533	24	60
1133	538	22	55
1132	539	21	53
1131	539	27	52
1130	541	33	48
1130	540	29	44
1129	539	25	36
1123	540	23	36
1122	539	30	32
1121	541	32	32
1120	545	33	35
1123	540	32	34
1127	540	30	39
1127	550	26	40
1133	546	19	40
1127	544	20	40
1116	542	24	39
1116	544	29	45
1118	543	27	41
1118	543	25	41
1118	550	26	41
1116	543	25	49
1116	543	25	51
1116	545	26	53
1116	545	27	58
1112	548	29	62
1108	546	27	67
1104	543	28	71
1098	553	33	67
1099	558	31	79
1099	554	34	85
1102	555	28	76
1100	553	30	77
1101	555	31	86
1102	555	27	86
1102	560	35	75
1101	561	25	71
1098	571	31	64
1100	571	25	57
1100	572	21	59
1095	575	27	65
1090	580	29	59
1096	580	31	59
1095	577	44	66
1089	585	31	64
1088	588	30	65
1092	588	29	65
1086	590	35	65
1084	594	34	66
1084	596	23	65
1085	594	21	67
1084	602	22	69
1088	607	19	73
1085	601	20	76
1084	608	19	77
1081	612	24	82
1076	607	31	75
1077	613	29	78
1076	614	22	74
