1763	354	137	335
1756	334	136	344
1744	339	121	338
1730	347	121	323
1716	350	124	321
1704	338	125	332
1698	333	115	329
1694	338	112	330
1692	343	111	325
1691	346	103	318
1686	349	110	315
1677	349	116	317
1684	348	111	322
1681	340	113	328
1685	351	114	316
1677	344	120	319
1684	345	120	318
1681	338	128	327
1687	347	119	308
1690	343	122	310
1687	363	127	294
1689	363	131	298
1684	352	141	312
1690	344	139	312
1693	340	136	324
1699	350	129	315
1692	362	132	309
1676	339	149	331
1677	334	140	332
1666	344	151	319
1674	320	140	339
1662	358	141	303
1652	330	158	335
1649	316	159	340
1648	329	154	332
1641	323	164	331
1642	318	157	335
1644	312	157	340
1640	323	155	338
1635	344	150	314
1647	321	142	331
1641	309	145	335
1655	321	125	324
1645	319	135	326
1638	316	135	322
1647	310	131	334
1630	335	135	305
1633	338	128	299
1633	335	126	294
1614	331	148	310
1621	306	138	328
1612	300	140	342
1602	295	155	342
1598	298	142	338
1587	310	128	319
1586	316	106	301
1575	321	95	289
1568	329	92	271
1559	329	88	263
1547	331	81	261
1541	330	80	251
1526	333	86	239
1511	330	92	264
1502	330	82	271
1489	329	82	271
1474	337	86	256
1459	328	94	263
1442	329	100	292
1438	318	90	272
1414	329	100	265
1405	346	101	233
1401	353	87	222
1393	344	85	232
1381	338	83	237
1370	335	81	233
1361	326	79	245
1351	331	78	237
1337	323	81	240
1326	326	78	240
1318	322	78	245
1301	321	83	233
1292	326	85	233
1287	326	74	228
1275	327	78	227
1263	329	81	224
1253	324	81	227
1241	328	83	229
1232	319	86	238
1222	324	80	230
1209	327	89	216
1206	320	75	233
1201	321	74	229
1192	322	64	228
1181	330	71	213
1168	326	75	221
1157	324	89	224
1155	312	75	231
1151	308	70	233
1141	319	64	226
1128	323	72	220
1119	321	74	220
1114	315	69	222
1104	321	68	220
1096	323	65	217
1084	322	63	221
1077	315	70	228
1069	312	65	227
1057	322	66	223
1052	319	71	215
1043	324	69	212
1039	326	66	210
1040	324	64	212
1034	327	67	205
1032	331	68	199
1031	328	68	207
1025	326	68	202
1025	333	70	197
1021	330	71	201
1022	323	70	213
1020	316	71	218
1020	313	72	223
1016	314	78	219
1017	322	76	216
1016	321	74	214
1016	323	75	219
1021	319	65	219
1020	326	69	213
1025	325	64	218
1025	325	63	216
1024	331	61	213
1026	327	61	217
1023	327	65	211
1024	329	66	214
1025	327	66	214
1028	325	67	219
1023	327	73	209
1025	325	76	215
1027	329	70	219
1025	330	68	217
1026	331	73	217
1027	330	70	221
1025	327	70	220
1025	331	64	221
1024	331	71	220
1024	329	74	227
1026	330	75	226
1025	330	77	217
1027	331	74	218
1028	328	77	219
1025	331	74	211
1028	330	75	216
1025	321	75	225
1025	325	76	221
1026	327	73	222
1024	328	77	231
1023	320	74	229
1022	329	80	238
1033	323	59	252
1035	324	57	250
1025	330	76	245
1024	335	72	239
1024	334	78	246
1014	342	91	237
1025	351	80	227
1021	343	85	230
1025	332	78	239
1024	337	76	237
1025	336	86	237
1027	329	76	244
1022	324	86	245
1021	325	86	246
1026	324	82	247
1018	321	89	249
1017	316	90	247
1016	322	92	243
1023	320	83	243
1019	318	90	244
1014	319	85	235
1012	318	90	237
1012	312	85	237
1012	308	86	236
1003	314	96	226
1003	310	86	219
1011	310	77	218
1008	306	79	223
1005	310	85	216
1000	308	89	221
1005	310	84	223
1003	304	77	224
1010	305	66	228
1009	309	68	222
1011	318	65	212
1007	320	70	210
1007	309	74	222
1008	313	72	217
1003	318	76	210
1002	312	79	213
1003	312	75	213
1007	309	71	221
1009	316	66	207
1014	314	61	205
1008	309	70	207
1008	307	70	208
1007	303	73	216
1008	307	72	212
1010	309	68	214
1007	304	72	217
1007	312	71	212
997	308	82	212
1002	305	78	218
1005	315	74	210
1008	312	68	213
1007	313	67	205
1011	309	63	209
1010	313	66	203
996	312	84	206
996	315	85	200
992	311	86	202
995	311	84	202
994	313	88	202
995	315	88	190
992	310	85	198
1001	316	74	187
1004	310	68	205
995	311	75	197
1003	311	65	207
1004	310	61	212
998	309	70	214
996	313	72	210
1001	312	69	207
987	323	83	198
996	318	72	203
1003	318	63	195
1002	317	67	201
996	314	73	194
1008	315	60	199
997	314	74	203
997	313	75	204
1004	307	69	205
1000	312	70	206
1004	312	66	208
1001	314	68	205
1004	315	65	205
997	319	74	202
998	317	76	205
994	321	78	209
994	316	78	207
994	318	75	205
987	323	84	193
993	323	78	191
998	316	75	204
993	318	75	201
997	315	73	204
993	311	76	217
992	317	75	208
1000	312	64	207
996	318	64	207
1001	329	59	198
993	320	68	208
995	317	68	211
989	318	72	212
992	328	73	207
981	322	80	208
992	325	71	215
992	320	71	219
998	319	60	220
997	324	66	210
997	327	64	201
994	328	63	202
994	327	63	203
986	332	78	197
995	320	67	211
991	330	74	202
985	324	83	205
984	320	79	221
991	330	74	231
992	325	69	238
992	322	68	222
985	328	73	218
991	328	71	225
991	328	65	215
992	332	66	211
991	329	68	210
990	331	69	205
986	327	75	200
985	333	72	184
981	329	83	198
979	326	79	183
979	331	78	192
984	324	70	200
984	317	66	208
986	318	61	212
983	314	65	213
982	312	64	210
983	316	64	207
978	312	69	213
978	311	66	206
976	313	62	205
972	312	70	202
975	309	64	200
974	310	66	203
979	314	61	193
966	302	71	202
969	308	70	197
964	309	69	192
958	304	76	193
954	303	78	200
963	294	66	211
963	302	61	204
960	305	61	200
956	303	60	212
952	307	62	201
947	315	67	200
946	315	62	198
934	322	71	173
935	329	63	177
938	329	64	167
935	328	55	166
935	329	56	170
930	333	54	177
924	326	57	181
924	329	58	182
920	326	58	185
923	327	53	192
916	325	57	175
915	331	57	173
914	328	55	183
910	331	55	183
908	329	57	185
909	331	55	183
909	330	55	182
906	328	53	179
905	332	56	168
904	331	58	173
902	326	59	179
899	325	59	168
902	319	58	173
905	325	53	162
904	323	56	153
902	322	56	147
899	329	60	155
896	319	63	151
899	321	57	142
894	335	61	155
903	328	53	165
895	327	63	176
899	324	59	185
895	321	61	167
890	327	67	161
897	327	60	161
898	321	59	166
901	319	56	179
894	319	64	164
898	315	59	174
897	316	64	169
897	314	63	178
894	312	65	172
895	314	67	172
903	311	55	175
899	312	61	171
899	317	64	176
902	315	64	176
904	315	56	171
910	320	55	168
909	318	60	172
910	324	62	169
918	321	59	181
921	317	56	174
924	315	56	175
923	317	60	174
926	320	61	171
932	314	57	160
933	319	58	154
933	318	61	142
935	329	66	128
939	323	66	134
945	338	62	147
949	319	58	144
942	328	74	136
953	338	65	138
957	333	66	149
963	328	64	154
972	342	57	153
974	337	60	162
977	341	60	174
975	336	61	178
978	339	62	169
984	336	59	176
990	336	53	180
988	340	60	180
987	340	60	190
990	338	59	176
986	334	64	173
986	341	64	185
993	336	57	188
991	335	61	181
995	335	54	179
995	337	58	178
998	337	57	178
999	328	55	190
1002	335	55	174
994	328	61	180
996	328	59	179
998	328	56	183
998	327	59	169
997	326	57	165
1001	323	55	186
1001	316	52	185
997	321	56	169
996	319	61	182
999	323	56	169
1000	324	51	169
997	327	58	160
997	323	55	169
1001	323	53	176
1000	323	52	175
999	325	54	170
1001	322	55	180
995	320	63	160
996	324	62	164
1001	325	55	169
997	322	63	162
1004	324	55	172
1007	318	55	182
1007	317	54	172
1011	317	53	179
1004	319	63	171
1007	315	62	182
1015	323	54	168
1016	321	57	170
1018	319	57	162
1020	324	60	166
1016	327	69	160
1021	333	65	165
1026	322	64	162
1035	326	62	151
1043	325	55	159
1043	318	56	142
1049	314	52	145
1047	316	59	154
1055	318	56	148
1053	323	63	151
1063	312	58	152
1070	326	55	143
1073	315	54	152
1078	321	51	154
1084	320	52	149
1087	317	52	156
1087	315	52	158
1096	308	47	173
1100	308	49	168
1094	318	59	159
1102	309	55	169
1109	299	51	174
1114	297	51	168
1121	291	49	168
1127	289	43	181
1120	291	58	182
1128	292	51	183
1132	292	56	177
1132	285	60	182
1140	286	49	187
1137	282	59	188
1144	280	64	186
1145	286	62	176
1149	300	59	170
1156	284	53	180
1152	291	58	175
1161	284	54	176
1164	280	55	179
1165	272	59	187
1164	256	65	202
1165	245	69	213
1169	270	75	194
1168	274	73	192
1175	270	67	193
1174	248	73	215
1177	242	71	228
1175	245	69	230
1174	240	80	229
1178	241	72	226
1176	245	79	229
1172	237	83	234
1175	232	85	241
1179	230	78	241
1184	259	79	217
1179	247	86	223
1178	247	89	220
1181	236	83	234
1182	235	76	236
1182	239	86	245
1189	233	76	254
1183	240	84	239
1183	246	83	234
1186	245	86	235
1182	244	85	230
1182	244	88	229
1185	257	86	226
1187	247	83	229
1188	244	84	235
1181	237	98	237
1185	249	93	232
1187	251	92	217
1183	238	96	228
1188	243	90	229
1189	247	90	224
1184	246	95	220
1188	272	92	195
1189	263	96	214
1179	245	99	229
1183	235	92	240
1179	236	94	242
1182	236	92	245
1181	235	94	242
1189	212	71	262
1187	233	71	251
1188	241	73	241
1183	234	73	250
1185	236	73	243
1179	235	78	246
1186	238	70	244
1189	237	69	245
1180	228	77	249
1181	225	80	255
1185	230	70	264
1181	232	66	254
1176	244	94	248
1167	248	103	236
1180	263	81	219
1173	255	91	238
1174	241	84	264
1178	229	67	282
1183	233	64	277
1173	234	84	278
1175	235	79	282
1173	225	74	289
1174	224	87	303
1172	227	89	289
1176	240	81	280
1175	249	89	276
1168	234	100	289
1164	228	106	293
1166	238	104	286
1165	233	102	296
1167	220	90	313
1166	218	97	313
1162	236	104	298
1159	242	97	294
1162	238	104	293
1164	236	87	297
1153	244	119	287
1160	236	88	295
1163	229	70	309
1163	236	70	297
1159	224	108	312
1156	215	124	314
1153	250	118	300
1149	228	133	318
1148	228	132	319
1150	241	126	312
1147	233	143	320
1142	236	143	319
1145	237	136	322
1143	241	99	316
1139	244	138	320
1131	239	155	313
1142	229	113	332
1147	228	90	329
1151	228	84	324
1155	220	86	333
1150	234	86	314
1151	243	79	302
1153	240	71	310
1150	245	62	303
1147	236	65	310
1146	267	65	283
1146	284	64	271
1139	288	70	259
1143	292	66	253
1138	305	66	240
1138	299	62	243
1136	313	64	235
1135	307	63	242
1136	306	62	242
1133	306	65	243
1133	311	56	232
1132	319	56	226
1136	313	54	229
1132	323	54	217
1131	332	56	210
1128	325	61	218
1128	333	59	209
1133	320	54	219
1129	329	56	211
1127	339	55	201
1124	340	60	200
1127	341	57	197
1125	341	57	199
1131	340	50	200
1130	344	50	195
1130	346	58	191
1131	337	54	197
1127	321	65	209
1128	322	62	214
1131	326	58	205
1132	323	59	207
1131	324	57	206
1130	322	62	207
1132	336	53	195
1132	344	51	187
1135	340	50	191
1133	335	50	199
1135	336	52	194
1132	344	57	185
1133	352	57	177
1130	341	58	178
1133	333	59	190
1133	335	54	195
1132	342	57	183
1132	335	55	189
1135	331	51	192
1133	328	53	191
1137	322	51	201
1132	328	55	196
1132	325	55	194
1131	336	55	188
1135	336	51	185
1132	332	53	193
1134	321	48	209
1133	331	51	194
1133	338	53	193
1133	340	50	190
1134	348	50	177
1130	340	53	184
1133	339	54	182
1134	337	53	183
1134	347	53	174
1136	338	53	182
1135	337	54	183
1138	331	53	188
1137	332	50	191
1138	331	49	190
1137	329	51	191
1135	320	57	201
1132	335	56	183
1132	341	54	180
1135	340	52	187
1136	341	52	187
1137	349	47	176
1134	357	50	166
1132	352	54	167
1133	348	54	168
1132	354	52	164
1134	350	51	170
1128	346	58	172
1129	352	54	171
1131	351	50	173
1131	348	53	177
1130	342	52	185
1131	344	53	181
1125	346	57	178
1129	339	55	189
1129	346	53	187
1125	353	54	179
1126	350	55	184
1127	344	54	189
1125	341	58	195
1125	343	57	194
1125	338	61	198
1127	348	52	190
1126	343	58	192
1126	338	59	200
1124	346	61	191
1124	347	58	192
1124	346	58	192
1124	342	54	200
1127	337	52	205
1126	344	53	202
1124	343	55	196
1121	346	56	202
1120	348	59	199
1120	353	57	196
1119	352	60	196
1117	355	57	194
1122	354	53	197
1121	355	51	196
1119	350	52	198
1114	353	58	195
1114	353	55	199
1108	355	65	190
1109	354	59	196
1112	340	61	214
1114	346	49	204
1111	340	47	213
1102	352	59	200
1104	358	56	197
1100	368	53	192
1095	373	52	182
1097	382	54	171
1097	383	47	157
1093	387	51	159
1093	383	49	155
1089	389	52	158
1085	395	54	161
1083	389	55	174
1084	388	50	177
1081	392	51	169
1079	393	52	178
1072	392	55	180
1073	396	54	176
1064	396	61	176
1064	392	59	178
1060	394	59	175
1052	390	65	180
1048	400	66	166
1046	390	67	176
1042	397	69	172
1044	394	60	173
1036	388	60	167
1034	388	56	174
1037	385	51	169
1033	383	46	167
1029	381	42	174
1023	380	47	174
1016	375	53	175
1014	375	49	174
1009	378	47	171
1008	376	46	171
1006	381	45	169
999	378	50	169
993	383	50	169
989	382	55	167
984	381	55	170
981	382	57	169
972	385	60	168
971	381	54	166
968	383	50	166
968	384	47	164
963	384	46	160
962	385	48	162
960	386	42	160
957	382	41	163
951	382	44	168
948	388	43	162
937	385	52	167
936	388	56	166
937	388	48	165
921	390	61	161
914	393	73	160
906	394	87	157
902	397	86	158
896	392	83	161
901	392	64	160
905	391	49	154
902	394	48	155
902	390	49	158
899	390	49	162
896	391	47	165
898	388	38	163
894	387	41	165
895	388	39	164
889	386	41	167
885	389	45	164
882	391	49	156
878	394	54	160
878	389	55	161
865	398	69	157
866	395	64	160
868	389	61	159
861	396	68	163
869	391	53	159
870	391	47	159
875	391	41	164
875	390	40	162
875	389	38	159
877	388	37	159
874	389	40	161
873	391	40	163
868	388	48	162
864	394	52	161
868	389	51	161
864	391	54	166
868	390	54	164
864	390	55	164
869	399	56	160
863	401	61	159
864	398	62	159
865	404	60	157
868	401	50	155
873	402	43	156
870	402	43	157
864	395	47	166
866	397	40	163
863	400	42	161
859	401	46	157
861	399	41	161
850	394	53	168
841	395	62	165
842	403	58	158
844	399	51	154
836	398	58	156
825	404	65	155
824	403	63	148
823	401	58	153
816	399	57	154
816	399	54	150
815	396	50	157
816	396	47	158
813	397	43	155
814	393	41	158
810	396	41	157
808	393	42	161
795	396	50	163
794	399	52	158
794	398	50	157
793	397	51	161
779	402	65	152
770	404	78	151
769	397	71	155
765	397	66	153
769	399	50	148
765	398	48	145
760	397	48	152
763	396	43	155
758	395	41	154
754	394	41	162
751	394	43	158
744	394	48	157
745	395	44	157
737	395	49	161
738	394	48	158
727	395	53	160
722	397	56	160
716	400	61	154
715	397	60	156
716	395	53	161
712	402	54	154
701	400	64	155
707	395	49	156
702	394	47	159
700	386	43	163
699	382	42	171
694	374	42	174
693	378	41	170
688	381	42	167
683	385	43	166
674	377	55	176
669	366	56	183
665	366	64	185
655	378	74	173
658	366	68	175
663	391	58	156
654	387	67	162
650	393	61	155
655	380	46	168
653	398	44	150
653	403	40	146
645	398	45	154
641	396	45	154
638	398	42	151
635	395	40	156
627	393	46	159
620	394	50	157
618	394	48	154
612	392	53	162
612	391	47	164
600	390	64	165
600	386	59	172
599	392	54	165
600	389	53	162
601	392	46	162
603	399	44	156
608	391	38	160
608	390	38	164
608	395	39	158
610	397	37	158
612	396	37	146
612	402	42	152
613	398	47	159
610	398	52	162
615	399	49	160
610	401	55	161
613	398	55	162
613	398	64	158
617	400	57	155
619	399	58	161
622	395	61	157
633	425	67	134
635	434	47	122
634	417	51	135
640	428	45	129
649	426	42	132
655	416	32	141
653	427	41	130
657	428	38	127
656	412	42	135
660	408	43	148
661	400	47	157
661	398	52	162
662	399	55	161
666	397	52	162
667	401	54	162
674	396	54	163
676	401	56	162
680	398	53	160
685	399	42	161
691	401	43	157
697	400	41	161
703	396	40	162
706	401	37	162
704	400	43	160
705	400	43	161
708	399	44	165
706	402	48	163
710	398	52	164
711	401	52	166
708	398	58	163
709	401	62	164
713	400	65	170
719	397	60	170
724	402	52	168
721	400	54	167
728	409	64	164
732	407	55	157
742	413	48	153
746	404	48	167
747	399	43	178
751	399	41	173
754	402	42	172
756	401	41	171
759	398	43	167
764	415	44	155
766	403	48	162
770	402	48	169
775	405	45	168
778	402	49	177
783	406	51	184
786	409	49	170
788	412	54	164
793	406	50	176
799	407	50	167
800	407	60	168
799	403	72	173
806	399	74	177
810	403	75	172
820	402	74	168
829	398	74	167
823	407	94	160
832	399	90	171
840	398	93	168
843	399	98	172
859	394	89	165
872	392	75	172
882	389	79	170
893	391	71	171
899	389	71	170
909	393	67	165
923	397	55	158
932	391	53	162
939	389	54	167
941	387	61	169
954	393	58	165
963	387	56	166
969	383	55	173
978	382	52	172
985	386	48	170
990	384	51	171
990	382	55	169
994	386	61	167
991	385	62	166
988	390	71	161
987	390	72	157
989	389	74	161
993	386	61	166
991	383	59	168
991	386	64	158
984	385	84	164
985	383	75	165
987	382	64	158
992	383	52	166
985	379	54	165
985	383	53	166
985	383	57	164
982	380	49	160
983	380	50	161
981	386	51	158
977	386	53	158
977	384	56	162
976	384	56	158
972	389	57	152
972	388	58	155
969	386	60	159
970	383	60	162
974	382	53	163
974	385	59	152
974	386	59	151
974	389	66	147
976	388	54	146
978	385	52	156
975	384	53	163
973	383	54	166
972	380	52	166
972	378	52	163
972	382	50	168
973	381	45	164
973	386	50	161
971	379	56	166
968	386	54	161
966	383	58	161
969	388	52	157
967	388	53	159
968	388	54	161
968	382	59	170
966	386	58	163
966	389	57	160
963	389	57	164
961	390	58	160
955	386	68	164
955	388	62	165
956	386	56	172
948	385	77	166
944	387	73	165
943	388	73	164
940	389	73	166
938	389	83	167
942	390	79	169
940	395	92	164
930	391	78	170
940	393	74	164
938	396	64	160
940	399	60	163
936	409	71	151
937	412	76	147
932	408	70	156
927	400	79	170
929	396	73	174
931	391	69	173
932	403	64	167
935	404	61	167
927	401	57	173
925	405	75	174
921	418	74	157
920	431	78	142
917	415	80	162
914	409	65	165
910	415	67	155
910	417	60	163
908	411	69	170
904	417	88	159
908	414	74	167
911	405	62	179
901	413	77	172
899	411	78	176
898	412	75	176
894	413	97	182
889	413	96	182
892	415	78	183
896	415	88	175
893	409	85	192
890	420	80	179
895	419	73	181
895	417	74	178
890	428	76	181
886	424	94	172
884	432	71	164
894	439	66	169
888	455	89	160
880	461	97	147
879	460	102	146
868	467	106	144
871	460	100	152
865	474	97	147
861	475	91	144
857	467	102	152
860	459	113	165
858	460	106	168
861	440	82	191
859	446	60	176
859	436	69	198
856	440	78	180
855	451	82	181
857	470	78	167
849	478	82	149
847	480	75	144
849	488	83	135
843	491	100	133
843	492	99	140
848	494	88	146
847	498	94	137
849	497	92	141
832	495	104	141
835	501	107	143
838	513	113	141
841	513	99	152
834	509	99	143
838	510	93	132
833	514	91	132
836	515	108	150
826	510	105	148
828	511	106	149
834	519	108	141
836	516	106	154
845	517	102	159
844	516	93	166
857	513	71	172
859	518	73	155
873	513	75	153
848	552	92	135
855	562	93	119
841	484	72	134
843	514	70	116
852	576	57	124
868	550	64	139
868	550	64	139
868	550	64	139
865	556	82	140
863	561	88	138
852	565	95	145
852	546	89	155
853	566	95	138
838	574	115	127
852	564	93	158
845	556	86	151
844	540	81	169
845	485	75	153
859	579	82	163
866	556	89	187
855	553	109	195
846	540	119	211
862	558	109	196
876	575	98	181
842	576	127	192
853	583	109	182
865	533	87	189
862	505	78	201
878	504	60	209
912	569	66	200
880	582	68	206
922	579	72	205
879	614	89	222
875	587	113	248
877	621	106	221
886	587	99	235
898	627	98	226
895	634	109	221
881	633	134	228
883	616	131	247
888	635	142	235
880	641	156	226
879	645	154	225
896	640	122	233
887	652	136	228
889	645	162	231
887	652	159	226
902	645	152	231
910	627	140	227
914	632	142	244
912	614	147	253
905	627	159	246
930	625	139	252
932	610	139	264
949	600	117	287
942	579	121	301
955	578	121	294
951	559	122	319
948	551	122	340
960	536	124	357
954	527	131	373
961	533	131	372
959	545	142	345
960	543	140	357
961	551	152	341
962	553	148	344
965	537	144	364
971	554	137	341
982	561	133	343
974	547	137	348
978	558	129	354
969	550	138	347
982	554	132	350
1001	542	116	369
1003	553	110	360
1003	550	117	355
981	551	145	352
1004	552	102	346
994	546	106	343
991	554	144	349
994	544	121	351
1008	550	124	333
1009	540	123	345
989	555	142	334
995	558	151	332
973	561	167	332
999	549	135	336
976	560	168	321
985	551	158	331
983	549	156	333
993	548	136	335
988	571	164	312
1004	559	140	323
1009	542	120	338
1009	545	130	340
1016	543	99	346
1006	548	98	337
1009	553	133	340
1005	556	171	332
1012	555	133	341
1004	558	155	327
993	550	166	336
1008	550	144	336
1006	556	152	336
994	552	166	337
979	550	176	340
964	545	185	341
967	552	185	336
978	545	160	338
977	549	165	333
988	543	138	333
992	545	131	331
1000	540	83	327
1008	543	66	328
1045	573	76	314
998	548	78	316
1038	571	97	293
987	551	89	307
1030	594	126	264
986	562	148	301
981	550	165	312
960	548	198	316
953	535	196	329
941	540	183	317
926	536	231	317
921	534	231	320
916	546	258	307
918	531	239	307
928	537	247	312
925	531	222	310
938	530	234	312
943	527	220	317
945	527	233	318
948	530	207	315
959	536	218	314
968	537	205	327
968	554	214	309
973	570	171	291
962	543	168	317
970	530	165	330
981	547	166	324
977	543	172	325
991	539	135	325
994	534	137	318
1016	533	121	346
1030	535	95	327
1039	541	95	336
1044	537	78	338
1054	539	73	333
1073	527	100	335
1062	553	75	321
1071	543	89	335
1073	534	90	337
1071	543	88	331
1108	556	118	320
1108	551	165	344
1087	551	201	342
1076	572	216	325
1083	622	199	275
1073	564	205	323
1078	553	194	331
1094	551	163	331
1125	556	124	321
1122	550	132	345
1129	551	132	332
1138	556	129	336
1139	551	140	348
1150	544	127	346
1163	546	127	355
1171	541	133	366
1182	537	135	377
1179	539	138	384
1185	534	134	378
1180	528	144	372
1195	522	145	392
1188	520	170	389
1207	499	165	400
1198	488	168	407
1205	490	177	394
1208	483	163	394
1237	465	140	420
1241	460	125	411
1241	460	127	400
1260	448	118	407
1268	441	115	401
1270	436	97	398
1273	416	105	411
