1008	752	34	102
1011	750	32	103
1014	745	33	107
1019	746	31	106
1020	751	33	101
1024	754	32	100
1026	756	31	96
1030	756	31	102
1033	758	33	103
1035	754	36	106
1038	761	34	103
1041	758	36	109
1046	758	34	112
1048	766	35	107
1051	764	31	107
1054	768	33	110
1059	767	33	115
1062	770	32	108
1064	775	31	104
1067	780	33	108
1070	777	34	114
1074	775	34	103
1077	785	32	110
1080	786	35	103
1080	783	36	108
1083	794	38	104
1087	792	39	105
1091	792	35	107
1092	791	36	110
1098	792	32	110
1101	787	30	118
1102	791	31	110
1105	793	31	106
1104	796	31	98
1108	792	33	107
1107	790	39	114
1112	788	36	114
1113	780	39	118
1112	790	42	106
1116	782	36	110
1118	791	37	106
1120	787	35	112
1119	787	35	112
1121	782	39	113
1124	783	35	116
1122	786	34	113
1121	790	37	113
1123	788	37	116
1121	787	39	113
1125	785	35	114
1124	783	33	110
1124	783	36	104
1121	782	37	110
1119	779	35	110
1119	778	38	112
1112	774	38	106
1104	771	33	106
1090	770	34	107
1090	770	34	107
1044	763	34	117
1020	755	39	118
988	765	35	104
947	764	30	107
912	757	29	119
912	757	29	119
912	757	29	119
793	762	26	122
752	762	36	113
724	763	42	110
694	772	41	111
675	764	37	107
662	769	36	110
650	766	40	111
640	763	38	112
634	761	38	113
629	763	29	117
625	752	33	119
622	762	34	114
619	764	35	115
619	762	33	108
619	763	33	102
617	763	34	106
616	765	27	99
617	766	29	102
614	764	36	102
614	768	38	95
614	771	31	94
614	765	35	101
611	766	37	99
611	762	34	100
612	763	31	98
610	767	33	95
611	762	32	98
608	762	37	100
610	766	34	94
607	761	39	104
609	761	35	102
609	761	33	103
608	762	35	99
607	761	38	99
606	755	36	106
606	759	38	101
605	758	36	105
604	752	47	105
606	757	37	103
604	753	37	109
604	748	33	105
602	747	36	106
603	756	39	100
602	757	34	98
601	756	35	96
599	751	35	94
597	748	42	98
598	751	35	95
597	748	33	98
596	746	32	96
595	742	32	93
592	740	36	95
592	743	39	99
590	742	36	95
590	744	36	98
589	747	37	93
588	749	43	90
587	751	44	85
585	750	51	85
583	746	41	91
581	751	44	85
582	752	36	86
581	747	33	92
579	747	35	92
577	744	35	94
578	746	36	92
579	749	45	93
578	750	44	92
572	753	52	87
575	751	48	89
575	754	38	84
573	738	39	89
572	746	33	88
572	752	37	85
571	751	32	88
568	752	35	82
566	744	31	84
565	750	35	83
563	748	40	76
562	745	42	83
559	736	46	93
559	732	40	98
558	735	47	99
557	740	57	95
555	744	61	89
554	749	59	86
553	742	56	96
557	748	64	94
548	747	48	85
550	744	38	88
545	743	36	84
545	735	33	88
541	735	41	86
543	732	33	92
542	737	35	89
541	735	37	89
538	733	38	96
537	737	40	98
535	736	42	97
532	737	47	98
534	743	40	93
532	747	37	82
532	749	47	79
529	750	41	82
529	753	50	75
526	753	48	81
527	752	43	88
526	745	51	97
525	748	54	92
524	745	41	93
525	748	44	88
525	754	40	80
525	747	44	83
527	742	33	86
549	740	32	89
550	746	30	83
559	751	26	77
564	734	22	74
571	749	21	76
554	734	30	84
553	748	38	84
554	747	52	84
553	742	58	92
551	747	68	87
552	749	65	85
555	747	74	100
546	749	66	89
548	748	50	81
545	748	48	80
547	749	47	76
550	749	49	80
552	749	42	79
556	746	37	81
578	750	31	83
580	740	38	87
603	745	36	80
601	741	40	74
625	747	32	66
634	747	32	69
639	744	34	71
643	738	36	80
643	734	34	89
642	731	31	94
640	731	37	90
645	732	36	81
642	730	34	84
646	731	31	82
646	735	44	83
644	740	50	82
643	735	57	88
666	731	59	95
671	734	79	90
689	737	75	86
720	732	85	90
706	733	94	84
767	732	80	95
780	732	90	95
789	733	94	98
807	725	97	100
821	727	95	99
828	721	113	104
844	719	96	105
852	724	92	98
857	719	99	93
851	726	94	100
862	724	85	86
852	723	82	90
861	712	82	107
864	719	77	92
859	724	76	89
862	718	90	100
857	724	93	96
861	716	91	102
859	718	95	98
858	719	95	101
858	723	93	91
856	714	94	99
858	716	93	96
855	722	94	90
854	716	90	94
856	722	94	93
851	722	95	82
851	719	98	96
852	720	95	104
852	720	92	98
849	719	79	99
854	723	87	93
852	720	94	103
848	722	98	97
849	724	91	98
847	720	91	98
850	719	92	98
848	725	86	101
847	730	78	90
848	732	87	86
847	735	84	87
846	735	82	84
843	734	84	82
844	733	96	86
839	732	98	86
840	731	102	91
841	731	90	90
841	732	90	93
840	727	87	95
841	721	104	101
841	727	88	103
842	733	91	100
842	735	90	94
839	734	92	89
836	735	98	93
839	735	93	89
833	736	108	91
835	728	94	106
831	732	112	95
831	730	97	99
834	730	113	96
832	732	115	95
830	728	111	91
837	726	95	101
835	728	97	103
841	736	100	94
831	731	102	104
836	738	97	98
833	732	116	108
834	742	104	94
833	741	108	98
837	749	100	93
844	758	85	88
838	750	96	86
832	743	97	92
834	742	94	91
830	731	102	104
828	738	103	90
828	738	99	83
826	734	112	92
828	732	104	92
824	730	113	86
830	736	102	92
830	729	94	89
827	723	92	96
827	725	105	92
823	723	98	91
832	721	101	96
830	720	97	123
825	720	104	113
826	723	105	109
830	719	100	100
826	715	105	92
829	713	103	83
826	712	107	99
832	709	102	98
829	711	101	99
832	711	93	93
829	711	88	90
831	708	97	92
829	708	97	95
830	713	100	92
828	711	96	101
832	712	98	95
832	708	99	109
827	713	104	100
832	713	86	98
833	716	94	83
842	717	80	90
837	711	87	93
835	715	65	90
832	715	69	87
828	710	85	101
830	711	81	96
830	704	80	97
828	712	71	88
831	710	56	89
829	711	47	93
831	708	39	100
832	703	40	103
832	698	36	108
850	714	42	99
833	717	51	95
833	717	51	95
830	716	55	98
830	716	55	98
835	717	50	88
833	721	50	94
833	717	56	84
830	718	59	98
826	718	63	108
824	706	59	108
834	714	66	106
827	720	64	112
827	720	64	112
827	720	64	112
829	725	53	112
829	725	53	112
829	725	53	112
830	705	54	122
831	706	68	109
829	718	67	91
831	718	74	94
828	713	88	99
828	717	92	94
834	728	83	95
832	705	101	110
823	709	109	107
824	716	89	102
827	712	74	111
832	716	53	113
829	711	60	106
830	717	50	99
841	706	54	84
836	715	51	79
830	715	50	77
829	715	56	79
827	716	54	81
831	713	69	88
828	716	57	99
829	718	52	89
828	716	57	85
824	715	57	89
827	718	43	86
825	715	49	81
824	715	47	85
828	716	59	77
823	718	68	77
817	718	83	83
819	719	91	83
814	716	95	81
817	715	91	91
815	715	86	90
814	716	77	89
819	711	62	98
814	715	73	99
808	715	89	85
815	715	82	77
812	719	93	63
809	734	92	61
813	722	82	73
815	721	86	74
811	720	85	79
813	718	85	83
808	715	92	90
803	718	98	90
807	718	91	86
803	719	96	77
805	718	92	82
808	717	92	74
811	725	87	72
809	725	94	77
809	725	90	74
813	725	89	76
812	722	102	64
809	733	90	76
815	730	79	81
812	722	85	89
816	723	93	79
816	723	102	85
819	725	114	72
825	726	100	76
827	722	117	78
822	725	115	78
824	720	112	82
827	724	98	71
834	723	98	76
839	724	93	82
843	727	90	72
841	731	87	76
841	724	92	79
844	730	97	83
843	728	101	76
845	727	97	82
860	726	93	88
843	729	100	98
849	729	98	82
851	724	102	88
860	728	93	86
863	729	83	93
860	729	85	91
866	721	90	106
871	729	88	88
875	733	102	76
871	735	86	88
871	733	85	95
875	727	96	95
873	732	92	94
868	730	91	100
877	732	81	102
876	735	69	88
891	729	79	92
881	731	94	80
874	729	97	89
882	739	89	82
887	735	85	83
883	734	93	82
892	737	90	81
892	736	83	81
893	738	87	76
881	738	100	83
890	733	96	94
892	735	94	100
892	737	86	92
897	740	87	81
902	739	87	67
887	742	87	80
894	730	94	97
894	743	92	95
900	742	83	90
903	741	86	96
901	741	84	96
902	736	102	85
898	737	93	71
893	738	89	78
899	735	108	85
900	727	110	85
902	730	98	77
900	730	102	75
900	731	97	69
904	730	87	73
904	729	85	64
910	721	77	75
907	716	90	89
906	718	81	99
906	719	74	98
910	718	67	82
907	717	81	67
907	708	94	77
908	706	101	80
911	707	97	70
911	705	98	79
909	711	89	84
912	710	85	85
906	709	88	86
907	705	89	93
908	707	85	86
909	707	84	87
911	709	92	74
913	712	89	60
912	712	90	57
917	710	77	64
916	706	85	62
914	706	79	70
914	703	78	84
914	703	82	87
910	701	86	84
912	704	73	88
909	702	55	100
917	682	71	110
909	691	61	107
913	700	45	110
923	682	54	102
920	687	62	104
916	693	71	97
911	703	79	82
907	703	83	75
909	704	66	79
909	703	67	65
910	702	63	77
911	702	45	88
939	682	44	86
916	702	54	76
914	700	67	84
911	701	75	86
912	702	76	78
912	701	76	79
913	701	70	81
914	702	71	82
911	699	74	86
910	702	64	84
910	701	66	85
910	701	76	86
909	702	69	80
909	704	68	62
911	703	71	73
905	702	75	84
901	703	63	86
903	702	52	82
902	704	65	87
905	707	66	84
902	702	66	82
905	701	62	86
897	704	67	91
895	703	69	89
894	708	73	84
893	704	75	97
892	701	71	101
890	699	69	96
887	706	65	88
890	708	63	89
890	703	56	97
896	716	45	84
893	715	61	79
891	709	72	86
884	714	75	89
887	709	69	94
889	712	62	103
889	709	48	107
888	714	48	98
886	708	60	93
880	711	59	97
881	716	68	86
888	719	62	89
884	720	51	94
881	718	54	96
879	719	58	102
879	715	44	108
886	717	51	101
879	714	48	106
888	716	62	101
880	720	77	94
876	722	74	94
882	725	73	78
886	729	62	72
884	726	65	75
896	724	60	75
884	727	56	90
886	725	66	90
882	726	74	86
885	724	78	96
887	719	81	104
887	727	79	103
892	730	73	108
891	726	79	97
889	730	75	91
884	726	95	96
890	732	87	92
886	734	88	89
889	732	78	86
882	732	92	96
887	733	93	89
898	731	87	109
904	729	68	115
909	734	69	123
909	721	78	121
912	731	73	116
912	727	86	114
904	724	89	107
