1641	858	102	217
1627	859	99	202
1620	857	88	206
1606	857	82	198
1589	856	77	184
1580	840	77	185
1552	845	76	182
1538	835	86	189
1530	834	91	181
1521	834	80	179
1508	828	86	183
1487	826	89	185
1477	826	81	188
1470	822	77	191
1456	826	79	185
1440	818	80	193
1428	817	81	192
1411	817	87	180
1397	814	82	181
1373	812	95	174
1348	806	101	179
1349	807	81	171
1346	801	73	173
1321	803	77	168
1308	804	80	175
1293	800	87	174
1280	801	79	164
1280	797	72	168
1273	792	71	170
1259	789	64	173
1253	790	58	165
1243	786	59	176
1219	788	72	169
1201	787	83	166
1193	779	80	171
1192	778	67	174
1178	779	76	174
1166	776	73	172
1159	772	72	177
1151	768	78	177
1139	768	94	168
1140	771	81	173
1140	771	71	170
1135	779	77	159
1134	779	78	157
1138	775	71	164
1139	780	71	172
1122	771	79	170
1118	776	82	161
1118	771	84	162
1114	770	78	165
1111	772	82	161
1104	767	76	161
1099	768	86	165
1094	764	81	165
1084	762	83	163
1079	762	78	163
1082	762	61	167
1076	762	64	163
1069	766	58	161
1064	760	65	162
1052	762	70	170
1059	761	56	166
1048	759	67	168
1027	762	78	156
1014	755	77	167
1003	754	88	167
988	749	99	170
983	757	89	165
974	747	100	178
960	746	96	163
956	744	84	165
956	744	75	172
942	735	71	165
925	731	76	168
914	737	74	171
919	741	59	157
910	732	64	162
899	736	65	161
892	737	59	158
880	724	64	169
868	729	67	157
851	733	78	156
832	727	89	160
817	731	90	154
808	735	86	155
810	729	65	155
797	731	85	161
791	724	70	163
782	723	70	167
783	723	54	164
774	722	66	172
758	727	83	170
762	723	65	172
748	733	78	158
741	728	76	156
739	729	82	160
748	721	71	188
736	732	79	158
729	743	84	152
721	733	84	147
720	726	79	157
721	721	80	157
727	721	73	166
716	718	85	166
724	717	69	148
729	720	61	155
720	711	61	163
713	710	68	169
724	705	60	183
709	705	73	162
714	718	63	159
720	702	55	173
712	700	57	163
708	703	57	159
706	699	60	160
711	719	66	153
709	735	67	131
711	699	52	149
708	697	54	158
711	699	55	156
718	710	56	153
710	702	66	142
714	709	75	144
712	693	89	153
718	682	85	163
737	701	74	160
736	698	80	152
735	698	81	155
748	678	84	168
749	687	74	150
761	699	89	150
766	692	84	153
781	690	78	147
769	700	91	137
775	699	91	119
758	712	102	105
784	714	92	126
809	684	72	128
814	679	76	124
819	683	71	134
820	687	73	159
809	682	85	136
813	687	101	141
840	665	93	160
845	668	73	156
859	674	84	155
853	673	91	181
853	674	80	164
861	669	90	158
863	670	70	135
873	664	86	128
886	690	101	155
882	675	101	152
895	673	100	146
882	672	105	139
910	656	95	144
917	663	71	141
919	666	76	142
945	656	59	152
945	631	53	168
950	641	67	159
966	640	54	138
968	638	60	126
971	669	75	107
970	671	81	105
969	666	88	107
978	670	84	133
986	660	80	140
985	652	94	160
996	642	85	167
1001	649	83	163
1010	651	65	154
1012	645	64	131
1009	652	76	133
1015	657	64	125
1014	651	63	122
1008	655	70	130
1016	647	68	137
1019	655	66	130
1003	649	80	132
1000	649	80	132
997	647	83	131
989	642	83	141
995	645	73	124
1003	652	76	132
1000	654	78	134
998	641	62	132
992	639	61	122
979	641	71	127
981	647	68	124
981	637	64	135
989	634	56	144
994	636	48	129
993	641	52	132
988	641	58	138
969	623	68	131
965	627	71	126
965	630	66	136
973	622	60	150
959	621	73	158
969	617	65	183
960	626	71	165
957	611	70	159
957	616	67	151
963	618	62	133
972	624	51	138
963	618	55	130
961	615	60	139
957	615	58	156
949	614	73	162
949	607	64	176
947	614	73	191
943	599	89	202
946	611	90	191
908	602	119	179
907	610	144	207
922	603	123	229
895	592	128	210
908	605	117	186
907	607	112	211
921	611	84	186
922	617	98	208
909	607	111	193
914	610	110	215
917	608	99	210
906	609	121	205
911	606	102	215
915	599	90	226
912	600	91	247
904	590	106	253
908	597	107	242
897	598	130	260
896	604	146	259
897	607	157	256
888	610	161	255
898	609	165	282
886	601	175	278
887	602	188	284
886	602	173	287
885	600	168	278
879	596	199	286
872	602	202	275
872	601	205	280
858	600	207	267
862	594	212	298
857	595	242	305
853	593	222	311
854	593	184	283
866	588	155	269
862	598	181	281
858	598	172	262
862	601	178	278
862	597	142	258
863	605	169	259
852	600	187	270
852	601	188	263
856	601	174	272
858	602	171	255
855	601	171	264
852	599	169	265
854	604	166	252
850	600	170	271
850	599	166	266
837	601	189	264
845	596	176	275
840	597	172	272
848	596	166	284
847	597	146	264
833	599	187	285
834	593	157	270
840	598	158	283
836	591	161	278
829	598	159	258
823	598	175	270
838	599	155	261
838	601	156	264
833	595	157	277
830	598	152	272
825	589	158	275
817	601	164	264
810	595	163	264
820	591	142	266
818	592	164	280
814	595	156	279
815	585	150	292
812	590	149	287
817	579	116	280
814	582	123	280
812	590	149	302
813	591	148	282
806	581	153	283
810	595	141	274
806	586	139	290
805	580	132	291
802	585	137	289
799	583	145	306
796	578	145	304
799	593	140	288
795	589	132	310
792	588	143	305
786	584	156	319
788	579	130	295
790	595	137	282
794	600	132	300
792	597	127	307
787	594	143	306
783	590	131	281
778	586	136	287
779	582	137	301
781	578	136	315
777	574	129	293
771	575	131	296
772	575	139	298
768	569	139	295
765	566	133	295
766	564	134	306
762	560	141	297
763	568	129	293
757	563	140	298
744	552	143	303
755	556	126	289
753	560	128	280
753	570	128	277
752	567	131	287
749	552	120	285
750	570	122	271
747	576	127	267
749	562	113	276
751	560	111	277
747	568	105	274
748	573	107	263
746	578	107	253
745	563	102	267
739	556	104	279
737	572	108	266
735	575	111	275
738	574	101	265
733	582	100	244
731	585	97	253
728	569	100	261
724	580	109	257
726	582	98	254
725	578	99	263
723	584	95	255
721	587	99	254
724	590	88	252
720	591	89	259
718	591	88	245
716	589	88	255
717	599	91	256
712	601	94	260
703	596	98	257
704	610	94	248
701	606	92	256
701	599	88	257
697	612	94	251
696	606	88	262
699	613	77	248
689	616	86	250
693	611	76	251
692	613	74	251
686	616	76	252
687	615	75	253
686	618	68	247
680	618	79	253
676	619	78	252
671	620	78	247
671	620	76	254
668	623	77	248
660	622	82	246
659	622	78	247
661	624	77	243
654	625	81	244
659	625	72	245
654	626	75	248
656	622	70	251
651	627	71	255
651	627	72	248
644	624	76	255
649	631	70	250
648	627	68	250
647	626	68	262
642	629	71	253
641	629	69	252
637	625	71	254
642	630	64	242
639	626	66	249
636	633	67	242
635	628	68	241
634	630	67	236
633	629	63	243
628	625	67	247
630	623	62	247
626	623	67	246
629	618	62	246
626	621	66	246
625	618	66	247
629	619	66	236
629	620	70	232
635	618	67	238
639	613	69	242
644	618	71	232
651	617	71	232
656	616	70	221
660	617	73	224
669	615	76	227
677	611	72	218
687	613	71	221
694	613	73	216
705	607	68	220
711	608	70	219
719	607	70	213
724	604	76	222
736	601	71	223
744	602	71	216
750	603	73	217
760	603	71	207
767	601	73	206
779	596	67	207
786	601	64	206
795	603	66	199
804	600	62	197
810	603	65	201
819	601	64	194
828	600	63	195
834	600	64	195
845	596	62	195
852	594	65	194
858	595	65	198
864	597	67	198
872	595	65	192
879	594	65	192
888	594	63	186
893	598	67	186
903	593	65	187
908	593	67	185
915	591	67	186
920	592	68	189
925	594	70	180
929	592	73	183
938	592	65	180
939	591	67	175
945	594	63	171
942	592	67	172
947	589	66	173
950	586	62	179
952	589	60	173
957	588	58	169
959	587	55	169
949	587	65	171
960	586	52	156
961	587	50	147
953	587	57	159
948	586	64	166
951	584	57	169
940	583	69	172
946	585	63	167
949	581	60	161
950	582	55	164
953	581	54	160
943	582	61	157
951	580	54	155
940	579	64	162
945	577	61	161
948	575	55	155
952	576	49	142
946	575	56	154
941	574	62	160
943	576	60	151
943	575	60	149
938	569	62	158
936	572	63	154
943	570	56	155
933	568	68	162
936	570	64	160
942	566	56	158
942	564	56	155
934	568	65	153
940	566	58	149
943	564	54	148
944	562	54	153
946	559	51	153
945	560	48	151
948	561	48	145
946	559	47	146
945	557	51	148
940	556	58	148
935	555	59	153
942	559	55	143
938	555	58	151
943	553	51	147
945	554	53	148
935	551	58	148
938	559	57	145
933	552	59	147
941	556	53	143
937	551	55	147
939	553	54	145
938	551	54	146
939	549	52	149
940	550	49	146
938	551	53	146
938	549	49	146
933	549	55	147
930	550	59	152
927	549	61	153
927	550	61	152
920	551	70	152
931	552	55	146
930	551	58	151
925	554	60	149
917	555	69	149
927	553	59	149
920	552	64	149
926	554	60	149
919	551	67	153
926	552	57	148
930	554	53	146
934	549	51	148
932	555	49	141
935	553	47	138
932	555	47	138
931	555	48	142
927	557	50	146
914	558	62	146
923	555	55	142
926	566	51	136
926	563	50	135
920	561	57	140
928	565	48	140
926	563	46	142
922	564	51	144
924	570	48	145
926	566	45	138
925	568	45	140
922	571	45	139
920	570	48	137
919	572	49	138
917	571	50	139
914	573	53	141
914	571	48	142
914	568	48	140
909	575	51	136
912	571	46	139
910	569	49	137
908	572	51	135
909	570	47	138
908	566	46	137
906	566	44	139
903	568	47	138
903	567	50	133
905	562	45	137
901	563	51	136
903	560	45	134
903	557	46	138
902	558	45	138
901	559	45	134
901	557	42	134
900	558	41	132
896	558	46	131
892	558	49	130
891	557	49	134
895	558	45	128
893	557	43	131
892	555	44	129
894	554	42	132
892	554	41	133
889	555	45	132
888	557	44	127
883	556	46	128
885	554	45	126
883	550	42	130
881	555	44	123
878	553	46	127
876	547	47	134
875	544	48	139
874	546	46	134
875	547	46	132
875	550	44	128
874	555	42	121
875	557	41	118
873	550	42	126
872	545	42	131
871	548	43	131
871	557	41	116
870	550	43	119
869	552	45	116
865	550	46	113
867	549	45	116
863	543	47	120
866	544	44	120
864	549	42	115
864	544	41	115
862	545	43	118
859	547	45	113
858	549	44	114
859	544	42	118
855	545	46	119
856	546	44	116
855	543	45	121
854	548	43	113
856	550	41	112
852	549	44	112
851	548	44	110
849	545	43	113
849	550	42	107
846	549	42	108
846	547	39	111
843	546	43	111
842	545	40	112
838	546	47	113
833	543	50	115
836	548	45	109
840	544	40	111
834	548	45	109
836	546	44	110
837	548	40	108
835	548	41	107
833	549	41	106
832	545	44	109
831	542	42	113
831	544	40	106
830	543	40	107
828	542	41	110
827	540	42	111
826	545	42	105
825	545	41	106
826	547	40	105
823	545	42	107
822	541	39	112
819	546	40	107
819	546	41	109
819	543	41	109
815	541	44	116
814	543	44	111
816	544	44	108
812	544	44	108
807	548	49	104
807	544	45	105
809	545	44	104
804	541	49	108
804	541	43	106
803	540	43	106
804	541	41	110
804	540	40	109
802	543	41	106
800	542	40	106
800	543	41	108
798	543	42	107
797	543	42	105
797	539	42	110
796	541	38	106
793	539	42	109
789	540	45	108
793	539	45	106
791	538	50	107
786	539	45	103
787	536	41	105
789	535	39	106
788	530	39	108
789	529	35	114
788	533	35	109
783	540	37	102
784	538	39	100
779	533	51	106
777	538	48	102
779	534	39	107
778	541	42	98
777	536	43	100
770	538	49	106
772	536	46	103
772	526	41	112
773	537	42	102
770	538	40	103
770	532	39	105
763	528	44	107
764	530	41	110
763	527	41	108
762	528	43	107
753	523	51	109
762	524	42	110
762	523	40	110
755	524	46	108
753	529	47	106
755	522	45	112
753	525	46	107
746	520	50	111
746	520	52	109
746	522	50	108
752	521	44	112
750	521	43	107
750	518	42	109
749	521	43	109
747	520	45	104
750	519	38	110
748	520	39	107
749	517	37	110
747	518	38	112
747	515	38	113
743	528	37	101
746	518	38	109
742	516	36	112
744	510	32	115
745	515	31	112
743	517	34	109
740	515	36	112
738	515	37	112
734	515	41	108
735	518	41	104
734	515	40	105
737	510	36	109
733	512	37	108
732	511	40	111
732	513	40	107
732	513	40	107
732	520	36	101
734	514	34	108
723	515	42	109
715	509	54	114
712	504	60	135
707	501	61	127
708	506	56	130
725	507	42	129
722	514	44	125
713	502	58	130
714	507	50	112
715	509	49	110
720	509	48	105
726	516	36	94
723	512	35	96
715	509	42	102
712	515	45	95
711	512	44	93
713	514	47	92
711	514	51	101
706	512	52	109
707	509	46	109
710	511	42	116
711	516	39	118
711	500	42	126
711	500	42	126
710	506	37	125
707	513	41	115
710	506	37	106
707	506	34	112
706	508	38	111
706	508	38	111
704	511	43	108
701	505	43	96
697	521	52	101
697	521	52	101
685	518	59	106
680	506	60	103
680	506	60	103
680	506	60	103
680	506	60	103
680	506	60	103
680	506	60	103
605	372	44	109
719	245	49	92
713	252	52	78
713	254	53	66
724	258	63	71
715	256	75	74
715	252	81	82
712	252	88	82
703	252	94	83
695	250	108	90
693	249	109	83
704	247	99	94
691	250	110	81
692	249	110	89
692	248	109	84
690	250	113	89
697	250	111	111
689	246	128	122
691	251	120	130
678	245	131	127
679	247	131	130
682	248	126	138
689	244	122	129
682	246	131	135
693	248	118	134
683	248	129	131
684	245	126	122
673	249	140	131
681	247	130	138
683	247	128	134
686	247	130	132
679	246	136	137
669	247	143	137
675	245	140	136
662	245	150	141
669	245	144	134
684	249	129	131
684	246	128	139
685	244	130	136
683	246	131	138
678	246	136	138
677	246	134	130
685	244	121	125
690	247	119	123
694	246	112	126
698	247	105	112
696	247	112	120
686	247	122	131
690	250	121	133
698	246	112	130
699	244	112	128
693	243	123	135
684	247	132	133
692	246	126	132
691	248	124	132
687	248	128	127
685	246	127	132
684	247	129	134
697	245	117	132
696	249	123	128
683	245	134	135
688	245	132	134
689	246	129	134
677	243	140	140
672	243	137	135
674	245	138	138
665	248	147	132
653	244	160	141
663	244	145	143
645	245	162	154
653	243	159	167
666	245	149	153
680	241	140	155
694	243	119	124
694	247	120	128
688	248	126	124
696	246	124	131
690	244	130	135
695	245	125	134
696	245	116	134
707	241	107	137
693	245	122	137
697	241	123	137
696	238	121	139
691	241	123	135
686	245	128	131
685	246	118	128
685	250	121	127
686	243	117	128
689	247	114	126
698	245	106	123
693	242	113	128
680	242	129	132
682	243	127	136
699	243	111	132
695	237	118	140
692	242	124	133
701	244	118	130
706	246	111	126
698	244	119	136
709	244	104	133
710	242	103	134
703	243	108	129
694	242	120	135
691	241	121	134
691	242	121	132
687	242	126	134
688	242	124	140
672	244	139	134
675	244	132	129
682	242	127	136
680	243	130	132
683	240	129	133
688	241	113	127
685	241	119	131
688	243	115	131
678	245	126	126
679	243	129	128
685	243	119	127
674	240	130	130
683	245	120	127
688	240	118	134
687	244	116	127
688	246	118	125
689	243	118	128
689	248	116	123
692	242	105	128
691	240	111	129
688	243	117	130
678	248	123	123
666	248	133	121
660	249	145	127
664	244	137	129
673	247	129	129
674	245	129	131
672	246	133	129
650	246	152	136
657	246	154	133
667	246	139	133
670	246	138	142
663	248	147	138
654	248	152	132
656	245	149	126
658	246	144	123
666	247	138	122
668	248	134	124
658	247	149	127
663	244	139	126
675	247	125	133
