17	920	268	129
15	902	275	127
6	891	278	123
11	876	274	118
5	861	314	120
3	855	325	112
7	817	353	135
1	810	332	124
11	794	327	120
6	785	306	116
25	753	278	129
27	747	247	133
12	727	261	139
11	724	261	132
10	717	285	137
4	718	257	122
10	714	244	112
9	706	248	104
43	698	266	111
7	697	260	104
21	695	248	101
22	688	237	100
12	680	253	96
14	656	250	115
10	637	241	124
4	631	260	139
1	615	256	159
5	613	252	160
9	594	244	164
8	589	256	178
7	583	261	177
4	569	252	180
14	553	249	203
11	554	265	202
16	553	297	197
13	542	281	185
20	536	256	188
14	532	284	182
4	527	323	190
20	516	296	180
53	517	271	145
70	506	254	149
84	504	238	146
102	492	222	157
109	482	249	179
114	480	230	169
122	468	219	181
122	470	230	187
128	466	217	176
136	456	217	186
140	448	222	193
132	425	220	212
140	422	245	203
138	422	267	209
99	428	246	246
154	417	250	178
154	410	206	161
163	413	191	148
166	403	195	148
173	395	191	158
184	395	179	159
191	390	166	161
196	387	170	168
203	387	155	166
212	374	155	191
217	376	156	182
228	370	164	196
240	342	154	218
234	351	157	198
252	354	146	186
52	557	184	143
247	342	164	161
246	338	170	162
249	337	164	159
247	326	160	166
245	322	166	160
254	315	159	156
251	287	161	181
253	290	163	174
250	295	168	179
254	292	158	178
252	291	177	185
267	285	157	197
266	281	169	196
267	267	165	203
270	272	154	174
272	256	155	173
270	257	162	168
277	245	153	165
284	241	145	153
287	232	141	156
282	225	155	172
284	229	160	170
283	223	159	172
285	210	172	177
293	212	136	173
288	209	134	171
332	201	130	178
310	194	146	178
303	197	183	182
311	179	197	184
315	178	189	159
298	182	223	168
321	178	215	153
326	163	209	149
333	162	207	160
297	165	228	161
337	162	211	145
316	146	190	171
343	140	182	184
346	147	198	182
356	146	189	165
359	153	181	161
374	152	155	158
385	154	134	144
391	158	148	134
399	164	127	137
410	151	122	137
403	154	133	133
395	152	148	129
390	148	134	137
380	117	134	158
381	105	113	163
415	118	122	169
405	106	130	181
409	113	107	173
449	152	99	166
422	122	110	162
442	134	98	151
443	145	104	146
463	155	92	136
470	169	84	124
441	121	100	141
524	197	122	121
462	157	104	141
463	126	98	170
474	147	85	152
617	188	100	133
632	197	114	118
474	139	102	147
470	138	122	153
471	141	119	160
475	136	112	169
479	135	128	189
509	142	152	173
484	137	184	183
478	135	175	181
482	153	206	167
485	145	238	182
480	136	248	196
480	138	258	193
483	127	262	188
479	141	271	178
484	146	267	183
484	147	257	179
494	143	236	179
480	159	253	161
483	142	255	179
488	157	241	171
477	157	253	163
481	159	250	160
471	153	259	164
477	153	252	163
476	159	261	164
474	153	270	167
465	169	278	152
472	186	255	133
467	191	271	125
471	168	256	152
477	174	249	155
474	164	253	173
472	172	249	167
466	177	257	159
475	184	240	146
476	185	239	149
469	181	254	154
467	189	254	157
473	185	248	157
467	187	253	157
460	183	254	162
467	185	246	159
464	198	250	159
454	194	276	166
464	200	263	148
460	205	259	160
460	199	252	162
461	211	252	142
454	215	260	142
453	211	259	145
459	214	250	146
449	215	257	145
459	211	261	144
451	228	260	130
445	226	279	125
452	226	268	124
450	215	260	136
452	231	267	123
449	222	268	141
446	210	273	153
450	221	271	132
448	222	279	132
445	223	268	132
452	226	260	130
452	220	265	135
454	224	265	135
452	214	254	157
450	223	248	128
447	233	264	125
451	230	261	126
449	232	260	123
445	234	266	130
442	231	272	129
444	231	267	131
445	226	260	144
444	233	260	132
441	228	266	143
442	236	272	134
442	237	277	139
442	237	274	132
445	243	270	135
440	252	279	124
446	246	258	134
440	251	266	125
436	252	267	129
431	247	253	143
426	259	252	127
431	255	267	136
434	261	278	133
429	266	290	129
433	269	285	132
429	266	281	131
432	271	280	129
430	276	270	127
425	276	286	131
430	271	270	140
428	274	278	130
427	277	276	127
434	281	277	125
433	283	283	121
433	281	284	128
435	280	286	129
440	281	269	130
444	284	262	126
443	286	273	127
447	286	268	128
451	293	261	123
456	293	266	126
461	295	244	118
456	305	266	112
458	307	260	108
462	305	253	115
462	306	257	122
464	301	266	119
465	306	256	122
468	301	257	124
467	304	263	125
479	307	238	127
481	315	238	118
482	322	251	106
486	310	246	131
495	309	230	130
488	320	233	118
493	319	234	124
498	312	237	129
496	318	232	118
498	310	242	136
504	310	233	146
504	316	229	139
518	298	233	165
493	319	257	137
511	330	242	132
518	329	216	132
525	331	212	122
524	317	235	143
536	316	217	147
542	316	213	162
531	318	221	155
534	327	213	143
534	347	214	124
538	355	206	116
537	356	203	123
542	353	218	130
534	356	230	119
547	355	221	127
543	347	219	141
549	366	210	120
539	377	222	114
549	379	206	112
545	372	221	128
554	387	209	104
549	385	214	117
553	394	227	114
551	390	226	109
552	402	221	97
551	401	222	98
554	396	208	122
551	400	210	117
557	387	213	149
560	381	218	136
558	385	215	141
561	389	207	134
562	400	212	125
561	400	205	122
557	408	207	114
557	413	208	119
557	408	207	110
555	417	211	102
558	419	199	97
556	417	200	116
561	418	196	114
549	415	204	107
570	418	186	121
557	408	201	133
556	412	194	115
545	412	204	114
566	405	232	129
551	415	219	107
539	419	230	111
553	418	203	93
543	414	217	113
546	413	202	103
547	411	214	124
546	419	220	89
534	413	225	112
539	415	225	102
540	415	226	114
542	418	208	102
538	414	220	113
536	423	218	95
534	415	215	108
