1172	328	31	50
1170	333	34	45
1166	335	36	41
1165	335	38	42
1161	337	42	42
1164	334	39	44
1169	331	34	47
1164	338	38	39
1160	339	42	39
1163	339	37	41
1167	339	33	40
1168	337	32	44
1169	337	33	43
1167	342	33	38
1167	347	33	32
1167	345	35	35
1168	349	34	29
1166	341	35	36
1162	346	39	34
1160	344	41	35
1164	341	38	38
1163	343	38	36
1165	346	34	35
1161	345	40	37
1165	348	35	33
1162	350	38	32
1158	350	42	32
1158	351	42	32
1158	350	42	31
1163	348	37	33
1158	350	44	24
1162	350	39	33
1166	351	34	33
1164	343	36	42
1163	347	37	38
1166	353	32	32
1166	356	32	29
1168	349	31	30
1168	350	31	34
1168	352	29	33
1166	354	34	32
1166	345	32	40
1166	346	33	40
1165	351	36	33
1161	346	37	40
1161	344	39	42
1157	350	43	36
1159	349	41	35
1160	353	39	31
1163	353	36	33
1162	355	34	32
1166	353	32	33
1167	358	30	29
1169	358	30	28
1166	352	31	33
1168	349	28	37
1166	345	31	41
1169	347	29	39
1166	351	31	36
1165	350	32	36
1165	351	30	38
1164	350	33	38
1164	350	34	39
1165	349	35	40
1166	352	33	34
1164	352	32	34
1165	352	33	31
1164	351	32	34
1161	355	30	33
1165	356	32	33
1165	356	28	31
1165	360	27	30
1165	359	28	32
1165	361	22	30
1165	360	21	33
1167	356	25	33
1166	358	27	31
1164	361	30	28
1161	359	33	29
1159	347	37	34
1159	353	34	37
1166	355	28	35
1163	356	29	32
1161	356	33	34
1157	355	35	33
1154	356	39	30
1156	359	36	28
1154	358	36	28
1152	354	38	34
1151	352	40	35
1153	351	39	34
1151	355	40	32
1149	349	45	37
1147	351	43	35
1153	349	38	34
1149	352	45	34
1146	355	49	31
1147	354	42	32
1145	355	42	30
1147	357	42	28
1142	355	46	29
1139	358	44	27
1139	355	46	30
1139	354	48	30
1141	349	41	37
1143	350	39	34
1144	350	38	36
1142	350	29	37
1141	352	28	36
1141	353	27	33
1141	350	27	34
1137	350	30	33
1139	347	28	37
1138	344	27	41
1137	345	30	40
1136	337	30	44
1136	343	30	48
1135	337	30	54
1136	331	29	52
1133	341	32	43
1131	349	34	37
1131	354	30	32
1132	364	30	23
1131	368	28	26
1132	367	29	25
1131	372	25	29
1132	370	25	33
1132	365	27	36
1133	366	26	35
1133	367	25	36
1132	367	27	34
1133	363	27	37
1131	364	29	41
1132	364	23	43
1131	361	27	46
1131	362	23	42
1132	360	24	44
1131	361	28	43
1130	361	28	41
1130	367	27	40
1127	363	30	41
1127	366	28	39
1128	363	30	41
1127	361	27	44
1126	367	32	39
1126	367	31	38
1126	367	34	36
1128	372	28	31
1128	370	25	35
1126	368	27	38
1124	367	28	37
1126	364	27	40
1122	361	30	46
1122	354	31	48
1122	350	31	53
1121	346	31	53
1123	343	29	55
1117	349	32	56
1116	348	33	57
1114	350	36	52
1110	347	36	54
1111	346	36	54
1110	347	39	53
1110	346	37	54
1106	347	41	52
1108	344	35	56
1104	349	36	56
1108	356	28	50
1106	357	28	50
1106	355	25	44
1103	350	32	50
1101	348	32	45
1100	351	32	46
1097	351	30	41
1096	358	31	35
1094	364	36	30
1093	365	33	30
1095	362	31	33
1094	361	32	34
1097	356	32	40
1099	358	33	42
1109	354	24	45
1116	349	27	46
1127	353	23	43
1143	354	25	43
1157	350	27	48
1171	346	33	44
1187	345	30	46
1198	352	32	41
1207	353	32	43
1218	353	31	44
1225	352	30	39
1234	350	29	30
1236	358	30	33
1238	358	32	41
1240	351	34	45
1241	349	35	49
1244	348	37	51
1242	344	38	54
1238	341	42	56
1244	340	34	58
1240	337	38	59
1240	328	40	67
1244	340	34	59
1241	352	37	47
1243	353	37	47
1245	351	32	51
1243	350	36	49
1243	345	35	55
1244	340	34	58
1241	348	38	50
1242	350	34	51
1242	349	33	52
1243	350	33	51
1244	349	34	54
1245	341	33	62
1242	349	35	59
1244	345	30	55
1242	350	32	53
1242	353	31	50
1240	352	34	50
1240	353	33	49
1239	355	33	47
1238	355	38	47
1241	351	31	49
1243	352	29	47
1242	354	30	48
1238	347	32	55
1238	351	33	52
1236	357	33	48
1236	361	33	45
1235	361	35	42
1235	360	34	42
1235	359	34	45
1231	356	40	46
1230	355	34	50
1230	354	33	51
1232	351	32	53
1233	351	35	50
1233	349	42	53
1236	351	46	51
1247	354	40	49
1263	359	34	44
1273	357	36	37
1292	359	35	43
1310	359	35	44
1329	356	33	44
1347	360	29	46
1357	365	33	45
1371	358	32	44
1380	362	29	41
1387	362	36	43
1386	366	40	36
1395	371	35	37
1394	363	38	33
1397	372	39	36
1399	373	40	36
1399	357	39	39
1402	360	36	47
1400	359	37	49
1398	354	41	50
1396	356	40	46
1394	360	35	40
1393	360	36	38
1393	358	34	37
1387	364	36	47
1382	362	41	50
1381	363	37	55
1381	364	33	58
1379	354	38	54
1374	359	37	51
1375	361	36	51
1379	362	34	47
1377	362	37	45
1377	368	35	45
1381	358	35	47
1382	359	38	46
1384	359	38	50
1386	363	40	44
1386	364	38	44
1384	366	43	40
1388	366	37	42
1384	371	41	39
1386	365	37	44
1390	364	32	48
1385	365	33	49
1380	360	40	50
1377	359	37	52
1373	362	37	48
1375	362	35	50
1375	354	34	51
1378	354	35	57
1386	350	37	57
1390	364	38	48
1405	365	36	44
1421	365	36	40
1438	361	40	47
1463	362	41	44
1491	347	34	43
1511	367	37	43
1530	374	43	36
1553	366	38	44
1572	363	42	44
1585	357	50	41
1591	364	50	48
1601	364	48	48
1605	358	51	53
1615	357	49	57
1614	347	54	65
1614	350	52	65
1617	344	50	72
1615	342	49	74
1616	345	49	69
1618	348	44	65
1610	351	48	72
1609	347	44	71
1607	343	46	74
1608	339	44	74
1603	355	42	64
1598	362	48	54
1598	365	40	50
1599	355	37	54
1594	363	43	54
1596	355	42	61
1595	348	42	66
1589	356	45	62
1583	350	51	66
1583	344	49	70
1583	352	48	72
1577	342	54	76
1580	341	49	73
1583	347	42	72
1581	350	45	68
1575	340	51	76
1576	342	48	68
1575	360	46	62
1576	350	45	66
1574	345	50	68
1574	350	45	72
1576	348	43	65
1569	355	49	72
1568	347	52	61
1570	351	46	66
1577	348	41	49
1565	360	45	43
1565	367	49	47
1564	363	48	55
1565	369	43	51
1561	375	48	43
1562	370	47	53
1559	362	50	58
1562	358	46	62
1567	353	41	72
1561	358	44	69
1563	353	47	71
1564	355	45	71
1559	355	46	70
1558	359	45	70
1557	359	47	60
1554	359	48	56
1553	371	52	61
1552	364	49	69
1550	361	54	53
1548	364	53	50
1548	362	50	52
1543	353	54	62
1546	360	51	58
1540	365	53	63
1541	364	49	57
1541	370	48	55
1536	369	52	59
1533	365	52	55
1525	372	59	51
1525	370	50	62
1522	367	51	57
1518	376	55	48
1515	372	56	52
1509	374	61	59
1515	370	54	56
1508	376	53	55
1506	374	53	54
1502	373	53	57
1493	374	58	57
1487	381	58	61
1487	375	55	67
1481	372	58	63
1475	377	59	59
1471	381	57	71
1469	381	58	55
1466	387	54	51
1460	385	57	55
1454	388	54	65
1453	389	55	51
1439	389	59	48
1439	399	53	50
1431	392	53	49
1426	388	55	55
1418	396	55	56
1413	393	57	56
1406	384	57	63
1401	400	60	76
1391	391	65	63
1394	387	56	65
1382	385	64	66
1379	380	66	68
1376	393	64	69
1370	397	68	62
1362	375	81	65
1353	366	88	81
1356	392	74	66
1353	390	77	63
1355	384	75	62
1358	380	69	71
1366	390	64	86
1375	369	66	80
1383	358	78	84
1396	377	75	72
1410	374	74	66
1424	389	69	62
1432	387	67	52
1438	387	73	50
1446	384	73	52
1450	392	71	58
1449	387	75	61
1461	386	67	66
1463	392	66	65
1466	392	63	68
1465	389	69	62
1465	391	72	57
1469	391	65	61
1468	391	67	66
1466	387	71	71
1467	389	71	65
1466	387	70	64
1466	389	70	58
1466	390	70	59
1466	390	67	61
1468	389	66	62
1465	387	69	64
1465	386	71	78
1467	389	68	66
1465	386	71	59
1465	382	71	63
1466	388	71	56
1463	387	76	59
1469	393	68	53
1460	393	79	56
1455	387	85	59
1461	393	76	73
1455	390	84	57
1463	382	74	66
1464	392	72	60
1467	396	70	58
1467	395	73	62
1466	396	76	58
1468	395	75	57
1466	394	72	61
1466	394	72	70
1468	392	72	72
1471	392	68	77
1470	392	71	77
1468	388	72	76
1469	380	72	78
1474	389	69	74
1472	397	70	67
1470	392	73	60
1470	394	72	64
1473	392	68	66
1471	384	72	73
1476	380	67	75
1476	376	66	75
1474	392	67	66
1474	390	69	67
1474	382	69	69
1478	370	70	76
1473	380	76	73
1474	373	82	76
1466	391	74	68
1470	381	74	71
1468	396	70	60
1465	391	81	60
1458	383	90	69
1462	370	90	80
1461	381	102	77
1466	371	113	73
1453	389	99	66
1453	380	99	72
1455	363	123	80
1439	379	112	73
1453	379	126	62
1441	392	111	63
1449	381	119	68
1451	389	126	65
1436	378	140	62
1429	392	143	51
1419	406	136	44
1445	384	137	58
1425	398	139	53
1417	385	154	56
1421	394	148	62
1421	394	148	62
1408	384	150	57
1415	399	131	53
1423	393	119	62
1423	393	119	62
1423	393	119	62
1423	393	119	62
1423	393	119	62
1423	393	119	62
1423	393	119	62
1423	393	119	62
1423	393	119	62
1423	393	119	62
1423	393	119	62
1423	393	119	62
1423	393	119	62
1423	393	119	62
1423	393	119	62
1423	393	119	62
1423	393	119	62
1423	393	119	62
1423	393	119	62
1423	393	119	62
1423	393	119	62
1423	393	119	62
1423	393	119	62
1423	393	119	62
1423	393	119	62
1423	393	119	62
1346	397	103	59
1351	403	86	60
1349	418	79	55
1349	416	73	69
1346	412	71	79
1344	416	70	95
1336	412	78	103
1324	414	85	103
1326	413	81	104
1315	414	90	101
1311	415	86	110
1309	410	79	118
1304	412	86	112
1303	422	79	114
1297	416	78	113
1293	423	77	106
1288	415	76	120
1288	415	76	120
1279	441	68	114
1272	434	79	118
1266	443	84	119
1259	434	86	119
1255	466	77	99
1248	463	78	103
1244	464	80	92
1243	466	77	78
1238	466	77	79
1229	470	87	76
1216	492	72	77
1219	496	70	78
1212	502	63	83
1208	477	63	89
1204	474	71	106
1199	481	66	102
1190	449	61	108
1193	487	56	96
1184	468	68	91
1175	493	69	80
1171	490	71	96
1174	472	69	87
1168	489	72	95
1169	484	73	103
1171	487	74	101
1176	483	73	108
1178	481	78	104
1177	487	83	108
1180	492	81	107
1182	489	78	100
1178	494	79	101
1180	492	77	105
1172	487	81	112
1167	497	82	112
1156	474	87	96
1157	497	82	106
1150	495	85	105
1143	497	83	115
1136	500	85	108
1131	497	87	99
1124	499	86	100
1118	502	88	106
1111	505	89	96
1107	501	90	87
1099	501	94	85
1093	499	95	89
1096	503	93	91
1090	501	95	93
1088	502	101	91
1098	501	90	84
1100	500	93	78
1102	501	93	77
1111	502	88	76
1107	497	97	90
1108	494	104	86
1120	491	99	90
1130	502	91	82
1136	501	84	84
1141	505	87	77
1143	506	91	78
1147	504	90	88
1147	502	96	89
1145	499	97	110
1145	497	97	111
1147	497	96	107
1145	498	98	97
1148	498	94	88
1141	499	100	82
1142	494	94	87
1138	487	97	92
1134	493	105	87
1144	498	100	85
1158	499	89	83
1163	501	91	80
1176	505	90	78
1190	502	92	82
1205	499	94	89
1220	502	90	85
1242	507	87	88
1248	514	101	78
1260	513	99	85
1270	515	96	83
1279	512	93	96
1285	509	92	99
1291	511	89	109
1289	508	98	104
1291	511	99	94
1292	512	101	102
1299	507	96	93
1293	507	100	90
1289	501	109	94
1299	513	96	82
1299	519	96	77
1299	518	96	82
1302	517	94	87
1295	519	103	87
1296	517	97	82
1296	518	98	81
1295	518	100	80
1296	520	97	79
1290	513	102	89
1292	518	102	84
1285	511	107	93
1290	514	102	88
1289	516	97	85
1292	523	99	80
1291	524	98	83
1286	523	100	82
1289	526	96	79
1283	522	100	86
1278	519	106	90
1280	517	101	96
1275	517	105	97
1280	523	93	81
1276	520	99	85
1273	512	100	92
1275	514	95	90
1271	517	96	88
1266	510	96	98
1263	509	99	120
1261	501	99	134
1259	502	99	131
1258	499	94	133
1255	489	94	150
1243	468	110	164
1249	474	101	147
1244	503	104	121
1240	500	102	108
1238	496	99	111
1237	532	98	101
1235	527	96	112
1233	526	97	113
1229	524	96	116
1227	521	96	114
1225	520	98	89
1219	522	100	86
1214	524	99	85
1209	525	100	85
1207	524	95	86
1200	532	99	81
1195	526	107	85
1192	525	101	95
1186	514	115	96
1185	525	97	86
1183	523	103	84
1181	530	104	79
1181	530	116	81
1188	526	116	86
1192	524	102	88
1200	523	96	87
1197	536	98	102
1202	531	93	89
1203	530	96	89
1204	539	88	76
1204	539	92	80
1199	543	99	76
1197	539	93	80
1194	538	105	93
1188	534	105	84
1184	535	101	91
1183	530	89	91
1176	530	92	90
1170	531	94	93
1163	527	100	90
1154	532	97	86
1146	528	101	96
1140	526	97	94
1134	519	99	103
1124	522	100	100
1119	532	99	86
1112	535	99	82
1105	530	99	87
1097	514	103	100
1094	537	102	83
1088	545	97	85
1084	537	96	85
1078	540	99	82
1069	541	103	77
1063	542	102	74
1058	540	101	78
1056	542	97	73
1052	539	90	82
1046	539	91	78
1042	541	95	78
1037	544	93	77
1033	539	92	92
1029	534	91	105
1025	533	92	127
1024	506	95	145
1019	505	98	154
1016	523	97	151
1011	515	97	152
1006	486	99	171
1008	472	94	189
1009	465	88	193
1009	463	86	203
1002	455	94	221
999	439	94	208
998	483	95	193
1004	487	86	176
1003	504	81	151
998	472	83	167
999	464	85	172
994	460	89	175
993	454	88	181
993	457	86	174
990	476	89	158
991	496	81	139
990	482	82	144
986	489	84	139
982	494	84	131
981	471	87	146
978	488	91	138
977	493	82	131
975	465	82	144
969	486	82	123
967	488	81	122
961	493	84	115
959	488	79	116
955	487	76	117
952	488	77	117
946	491	80	113
943	487	80	113
940	483	77	119
936	485	77	115
934	488	76	105
930	482	75	110
923	480	73	110
918	484	78	119
912	474	74	116
909	472	70	123
902	473	73	123
899	469	73	133
892	473	74	121
887	475	72	112
883	472	70	116
881	474	66	112
876	471	65	115
867	474	65	109
862	472	66	112
856	473	68	109
852	467	67	103
843	469	68	98
837	465	68	110
831	464	69	109
823	466	70	111
814	468	69	97
810	469	68	81
803	467	69	79
799	466	68	75
791	464	67	88
780	462	71	78
776	468	65	72
769	466	64	72
764	466	65	68
759	465	63	66
753	469	63	67
748	465	62	66
741	463	62	69
737	465	61	65
731	466	64	66
727	467	62	67
722	467	58	61
717	466	60	61
713	463	59	63
710	464	60	60
705	462	61	61
701	461	61	60
700	458	59	62
698	456	57	60
693	456	57	62
690	453	58	62
688	452	57	60
684	451	57	65
679	447	59	65
675	444	57	69
674	443	56	70
667	432	64	76
664	430	62	79
662	443	57	69
658	438	60	69
655	441	58	68
652	442	57	64
647	441	57	65
644	435	58	70
641	432	58	76
636	438	59	68
630	438	60	76
627	437	57	72
620	434	61	80
616	431	60	81
609	433	62	77
608	437	57	72
604	436	57	72
601	435	54	75
594	433	54	74
588	429	59	77
582	428	58	76
575	433	59	71
573	435	56	66
570	438	54	67
562	435	54	67
558	432	56	81
551	432	55	77
551	430	52	80
551	431	51	85
551	429	54	72
554	432	56	65
566	438	56	56
583	434	52	58
596	435	49	54
624	432	43	56
656	430	34	62
669	433	43	57
669	433	43	57
669	433	43	57
578	510	47	46
590	511	50	41
599	506	48	48
599	506	48	48
611	497	52	58
611	497	52	58
611	497	52	58
611	497	52	58
611	497	52	58
611	497	52	58
611	497	52	58
618	500	52	51
619	502	50	49
620	496	49	52
618	508	50	41
618	513	43	36
619	517	38	30
620	517	36	31
620	519	36	30
621	518	35	30
623	519	36	29
625	519	35	29
631	518	36	32
637	516	36	33
644	518	38	30
654	516	40	29
665	516	42	31
679	515	40	31
696	515	37	31
706	514	39	30
723	513	37	31
732	513	39	30
742	512	40	31
753	512	38	30
758	512	41	28
768	511	36	30
774	511	34	28
776	511	35	29
779	510	34	28
780	512	35	28
783	511	34	28
783	510	34	30
783	510	35	29
784	510	36	28
784	510	34	29
786	511	33	28
785	509	35	30
786	509	33	30
785	511	34	28
786	511	34	27
786	511	33	27
786	510	33	28
785	510	33	29
786	509	32	29
786	510	33	28
785	509	34	31
785	509	33	30
786	510	34	28
787	510	32	28
787	511	33	29
786	511	34	27
787	509	32	30
787	510	33	29
786	511	36	28
787	510	34	30
788	509	33	30
788	511	33	27
789	510	32	29
788	510	33	29
789	509	34	29
789	510	33	29
789	512	33	27
789	511	33	27
789	511	33	27
790	511	33	27
789	511	34	28
789	511	35	28
790	511	33	28
790	510	33	29
789	510	34	29
791	511	32	28
792	511	32	28
792	511	34	28
793	511	31	29
792	511	33	29
793	512	32	29
793	513	33	28
792	511	34	30
792	512	33	29
794	511	32	30
793	511	33	30
794	511	33	29
793	512	33	28
795	512	32	30
795	512	32	29
795	512	34	29
794	512	33	29
795	513	32	28
795	513	33	28
795	512	34	29
796	513	34	28
796	512	33	29
796	513	34	29
795	512	34	30
796	514	33	28
796	513	33	28
797	512	32	29
798	513	33	28
798	513	31	28
798	513	33	28
798	512	33	31
797	513	33	30
798	513	34	29
798	512	33	31
798	514	33	28
798	513	32	29
799	514	32	27
799	513	32	29
799	513	33	29
799	513	35	29
798	513	34	28
798	514	36	26
799	513	33	27
800	512	33	28
801	513	31	27
800	512	32	28
800	513	32	28
800	513	33	27
801	512	32	28
801	513	33	26
801	512	33	29
801	511	32	29
801	512	32	27
801	512	34	26
801	511	33	29
800	511	34	30
801	510	33	31
801	511	33	30
802	511	33	29
802	511	32	27
801	510	35	30
802	511	34	29
801	511	34	27
802	511	32	27
802	512	33	27
802	512	33	27
803	510	32	29
803	511	32	27
803	510	32	29
803	512	33	27
802	512	34	27
802	512	34	27
802	511	35	28
803	510	33	29
803	512	34	28
803	512	34	28
803	512	33	27
803	512	34	27
803	512	34	27
804	513	33	26
803	513	33	27
803	513	33	26
803	512	34	28
803	512	35	28
802	512	36	29
803	512	36	30
804	511	34	30
803	511	36	31
803	511	34	32
804	513	35	29
804	512	34	29
804	513	36	29
804	513	35	28
804	514	34	27
804	515	33	28
805	514	33	28
803	514	35	30
803	514	35	29
803	515	36	27
804	516	33	27
803	515	34	29
803	515	35	30
803	515	36	29
803	515	36	30
803	516	37	28
803	515	36	29
803	515	35	31
802	516	36	30
802	516	36	29
803	517	34	27
804	517	34	29
801	515	37	31
802	515	36	31
802	517	38	30
802	518	37	30
802	517	37	31
801	518	37	31
801	519	38	30
800	518	37	30
797	518	36	30
788	520	35	29
770	521	38	28
753	521	39	31
727	522	41	34
703	524	39	30
673	525	39	33
644	527	42	33
623	528	40	33
603	531	37	31
587	533	36	30
571	534	39	30
560	536	39	30
552	536	39	31
546	537	39	31
541	538	40	32
537	538	39	31
536	538	39	32
534	539	38	31
533	540	38	31
532	540	38	30
530	541	40	30
531	542	39	31
530	542	39	32
530	541	40	32
530	543	38	32
529	544	38	31
527	544	38	33
525	544	38	32
522	546	40	30
520	547	39	31
519	548	39	31
517	548	40	32
514	550	41	29
514	550	41	30
512	549	42	33
511	550	42	32
511	551	42	34
509	552	42	33
509	552	43	33
509	552	42	32
508	554	42	32
508	553	41	33
508	555	39	31
507	555	40	32
507	556	41	30
506	557	41	30
506	558	40	31
505	558	41	32
504	559	42	31
503	560	42	31
502	559	43	33
502	560	41	33
501	560	41	34
501	561	41	33
499	562	41	31
499	563	42	32
498	564	42	31
498	564	40	33
497	564	40	35
495	565	43	35
495	567	42	33
493	567	44	34
492	569	45	36
491	569	44	35
492	571	45	34
490	573	45	33
489	574	43	33
488	573	45	35
485	574	47	35
483	575	49	35
482	576	46	35
482	576	47	37
481	576	45	36
479	578	44	37
476	580	45	36
474	580	46	37
471	581	47	36
470	581	46	36
467	582	47	37
464	583	49	38
462	583	47	38
459	585	48	37
457	584	46	38
454	585	47	37
451	586	48	37
446	587	48	35
443	587	48	36
442	588	46	37
437	586	48	41
434	588	47	38
432	590	47	35
430	591	47	35
427	591	48	36
424	592	49	36
421	592	49	37
421	594	48	36
419	595	50	34
417	596	51	35
416	596	51	36
416	596	51	36
415	597	52	36
414	597	51	35
414	599	52	34
414	599	51	35
414	599	52	35
414	598	52	40
414	599	51	38
416	600	51	36
418	599	49	41
419	601	50	38
421	601	49	39
423	601	50	42
427	600	46	43
429	602	49	39
430	607	49	35
432	607	53	35
436	606	50	39
440	607	49	37
444	609	48	36
447	609	51	37
451	610	51	37
454	610	51	37
459	610	50	38
464	612	49	37
468	613	51	36
473	613	50	38
479	613	48	39
485	613	50	40
489	614	50	41
496	614	48	41
500	616	51	39
504	616	52	38
514	617	50	39
519	618	48	38
526	620	49	37
532	619	48	40
538	623	50	35
546	623	46	37
552	624	47	35
558	625	48	35
566	627	46	33
573	626	46	35
580	627	46	36
586	627	45	35
592	628	46	37
600	628	45	37
606	629	47	37
614	630	46	37
621	631	46	36
629	630	45	39
636	632	46	38
644	632	43	37
651	633	45	36
658	634	45	34
665	635	43	35
672	636	44	35
678	636	44	36
682	634	47	38
686	635	47	38
691	638	44	34
693	637	42	34
690	640	42	32
685	639	43	34
675	641	42	33
662	641	42	33
640	642	44	34
617	644	43	34
590	646	44	33
556	648	45	34
524	651	47	36
485	653	51	38
447	657	53	39
418	658	54	39
392	664	54	39
369	663	54	42
354	668	51	41
338	670	52	39
328	670	54	40
319	670	53	40
314	674	53	35
311	673	49	39
308	673	48	38
306	675	49	35
305	674	50	36
304	674	50	36
305	673	49	35
305	675	48	33
305	674	49	34
306	675	47	32
306	674	50	33
306	673	50	36
307	673	50	38
307	671	51	38
307	672	51	37
308	673	50	37
309	674	48	35
306	673	51	39
308	672	49	39
307	673	52	40
307	675	50	36
307	673	52	39
307	674	49	40
307	674	49	39
308	676	49	35
309	675	48	38
308	676	50	37
307	676	51	37
307	675	51	37
306	673	50	37
308	672	50	38
305	671	51	35
307	668	49	34
306	667	49	33
303	661	52	39
304	655	48	39
303	651	49	37
302	646	47	36
301	644	48	34
300	638	49	36
299	634	48	37
298	624	48	39
296	621	47	36
296	615	48	35
294	610	48	34
293	603	49	37
293	596	47	38
292	591	47	35
292	584	45	35
290	579	46	33
288	572	47	34
288	568	44	33
286	560	43	35
284	553	47	34
281	549	50	32
281	542	46	34
280	534	47	37
278	529	46	35
276	521	47	36
275	518	46	34
273	511	47	34
272	507	48	31
270	498	47	34
268	490	47	37
267	482	46	36
264	478	48	35
263	473	45	32
260	465	48	35
