886	233	31	33
886	232	31	32
888	233	30	32
887	235	30	30
888	234	30	30
889	232	29	32
890	231	31	34
889	229	32	34
888	226	31	35
889	227	29	33
890	227	29	33
891	227	28	33
889	230	32	30
892	229	28	30
890	227	31	30
892	225	29	35
892	222	31	40
888	217	36	44
891	220	32	43
893	232	28	36
893	232	28	36
893	232	27	35
891	233	29	31
891	233	29	31
891	233	29	31
891	234	28	31
891	234	28	31
891	234	28	31
891	234	28	31
891	234	28	31
891	234	28	31
890	237	31	30
895	237	26	36
894	242	26	31
895	248	25	28
897	251	22	26
895	247	27	28
896	245	27	27
896	245	27	27
896	245	27	27
894	244	27	30
894	248	28	31
894	248	28	31
894	248	28	31
897	243	27	35
897	243	27	35
897	243	27	35
896	248	33	34
896	245	33	36
895	246	34	37
895	247	36	37
893	250	35	35
895	254	33	30
900	253	30	30
899	253	30	32
899	253	29	33
898	250	31	36
899	250	34	38
897	251	35	36
826	249	29	43
823	249	27	49
823	249	27	49
823	249	27	49
901	246	26	44
902	249	24	41
898	251	32	38
898	251	32	38
903	249	27	46
900	250	32	42
901	255	33	40
900	255	29	39
897	250	30	43
899	250	29	37
897	257	32	31
899	246	33	41
897	260	34	32
898	260	33	31
900	261	31	27
901	256	28	34
901	257	28	32
904	259	26	31
904	261	25	29
902	263	25	25
902	261	25	26
901	260	28	28
901	265	25	23
900	263	28	27
902	267	27	24
896	263	31	25
896	262	34	27
900	260	31	26
904	260	26	30
906	256	23	34
906	255	21	31
904	253	24	33
905	255	24	32
908	255	22	31
902	252	28	34
903	253	30	31
907	264	28	24
904	254	30	32
900	253	30	30
894	266	27	24
901	254	32	29
903	252	26	29
907	249	22	31
906	247	23	29
905	247	24	32
904	247	24	30
909	245	21	30
908	245	23	31
904	244	25	34
905	245	25	29
903	243	30	31
903	242	28	28
901	244	32	28
906	243	29	31
905	240	29	35
908	243	22	31
911	244	18	29
908	242	20	30
909	240	19	31
909	238	19	31
901	235	25	37
901	236	26	35
899	236	29	33
900	236	27	35
901	233	28	36
901	232	31	36
900	235	30	34
901	236	30	32
900	231	33	33
896	230	34	37
898	229	34	39
897	228	37	38
899	229	32	38
898	229	30	39
900	229	31	35
897	225	30	40
899	230	32	40
899	224	30	44
899	221	30	44
900	233	29	37
900	227	28	42
898	223	35	44
895	219	38	45
891	228	40	40
894	223	35	43
900	217	29	50
900	216	31	48
898	227	30	44
899	220	31	47
897	223	28	47
897	227	33	45
898	231	37	38
895	234	33	33
895	232	33	33
896	228	32	35
894	230	34	33
893	233	31	31
891	234	36	29
893	232	35	31
893	234	35	29
891	233	36	31
890	232	37	29
890	230	37	36
887	229	39	36
891	229	33	34
891	227	33	37
892	223	28	42
894	227	21	44
892	233	27	40
888	235	24	38
892	235	26	33
894	234	26	32
890	235	30	33
889	238	33	31
890	239	32	27
887	242	29	24
890	238	31	28
891	239	32	29
889	238	32	27
892	237	28	31
888	236	30	33
887	239	28	31
897	242	24	28
891	239	24	31
893	240	21	31
895	240	21	30
886	236	27	33
891	240	24	32
889	241	30	33
888	246	29	26
893	249	26	24
887	245	30	26
890	247	25	26
892	248	22	26
889	245	26	27
888	247	30	26
889	244	34	27
893	242	31	31
889	244	35	35
891	245	32	35
892	244	29	33
895	246	24	33
894	247	29	32
895	254	30	27
894	249	29	29
895	246	28	34
895	247	33	30
894	250	28	31
897	250	25	27
895	249	24	28
896	246	27	33
895	249	35	33
899	245	30	34
895	248	37	32
894	247	37	36
893	243	35	42
894	244	35	39
894	242	35	43
899	250	28	43
901	238	24	44
897	235	27	46
898	243	29	42
900	244	27	40
895	251	33	42
896	242	33	44
901	237	28	46
899	248	33	43
899	255	37	35
898	249	43	36
899	249	51	38
905	249	43	37
898	254	37	31
900	252	37	31
903	256	29	25
904	253	27	31
903	243	31	39
905	247	35	34
906	248	31	35
910	246	26	37
911	244	25	40
908	243	29	37
905	244	31	32
906	248	30	32
903	243	33	30
903	248	35	31
906	247	34	30
907	246	36	31
911	246	32	28
905	244	35	31
907	244	33	29
909	243	30	31
909	245	36	32
909	243	38	32
908	242	39	31
912	240	36	34
909	236	35	38
908	235	38	41
905	231	39	45
908	241	40	40
911	238	36	35
908	244	39	30
912	243	43	30
914	242	35	29
907	251	31	31
914	238	31	36
917	240	27	35
915	238	30	39
911	235	38	36
912	237	37	36
914	232	33	39
911	231	39	40
910	234	40	39
914	231	38	42
913	236	39	36
919	233	32	39
915	231	35	46
912	234	38	40
916	232	36	42
914	226	37	48
920	228	27	50
926	228	21	53
921	228	22	47
924	228	26	46
914	226	36	48
915	230	40	44
918	232	38	39
915	235	39	35
915	237	40	33
912	238	45	30
915	234	37	36
920	233	35	35
922	231	31	37
924	234	34	34
920	235	35	32
927	237	33	34
917	231	36	35
923	234	41	31
916	234	49	31
919	236	46	34
923	234	40	37
921	238	41	33
922	240	40	32
922	237	37	38
924	231	36	42
923	234	38	40
923	235	36	38
925	235	39	39
923	234	41	38
923	230	40	45
922	232	40	41
922	232	42	40
924	230	40	43
924	230	40	43
924	231	39	41
925	231	40	42
925	230	42	43
925	228	40	43
925	228	40	43
925	226	41	44
925	227	41	41
925	227	41	42
925	225	43	44
926	224	41	46
926	223	41	45
928	221	38	44
927	222	43	43
927	222	38	48
926	220	39	49
920	224	44	45
927	221	41	42
928	216	39	42
930	217	33	44
928	219	37	44
927	220	35	42
925	217	40	40
924	217	40	40
925	213	37	42
924	218	39	39
929	221	33	37
930	222	34	35
931	230	31	28
929	220	35	35
929	222	41	34
919	223	47	34
910	225	54	30
909	223	56	33
912	225	54	30
908	222	56	34
912	224	54	32
905	220	62	38
908	231	61	29
904	228	62	30
898	227	66	29
902	230	73	26
902	231	73	22
905	232	69	23
910	231	69	28
908	229	68	31
904	227	67	34
896	223	75	38
916	226	64	39
919	230	55	37
925	233	51	32
916	231	58	34
914	229	63	37
920	228	60	41
916	233	53	35
919	232	52	38
913	226	57	46
923	232	45	43
923	231	46	43
924	232	57	42
910	236	55	36
923	239	57	29
928	236	54	36
914	237	63	33
921	239	58	34
924	236	55	39
926	234	50	37
925	234	53	39
926	230	53	43
927	224	50	52
922	222	52	58
926	227	53	54
923	229	55	44
928	229	48	44
932	230	40	44
926	229	40	47
928	227	30	46
940	227	20	47
937	231	21	45
943	234	18	40
943	243	20	38
942	246	23	36
941	242	27	34
932	233	30	38
933	239	36	34
930	230	37	43
927	233	46	39
926	235	54	37
922	233	60	39
922	233	63	39
923	231	62	40
919	226	61	49
921	229	64	45
915	228	66	41
914	230	65	41
917	229	62	45
915	227	62	47
926	234	55	44
924	234	63	40
922	235	59	40
927	234	57	40
925	235	59	40
924	233	52	42
927	231	44	43
925	230	46	45
925	231	45	45
925	230	47	43
926	231	44	40
929	231	44	41
924	229	51	44
927	227	50	46
925	231	46	42
923	231	47	41
924	233	48	39
925	231	48	39
923	234	52	35
923	229	49	39
923	232	51	38
924	234	51	33
924	230	49	38
923	228	54	40
918	226	56	42
922	232	63	38
922	229	57	40
921	226	59	43
917	225	60	47
917	228	56	45
918	228	55	43
919	220	49	51
922	222	56	49
926	226	47	46
926	225	47	49
927	224	41	53
931	224	34	48
921	224	42	52
920	226	49	45
920	225	49	47
919	230	44	44
920	225	47	47
922	225	47	48
921	226	54	47
916	228	57	43
922	229	55	43
921	233	53	38
922	238	45	33
925	243	47	31
921	238	50	37
921	235	53	42
924	238	51	43
921	239	57	40
918	234	56	43
919	235	55	50
923	237	53	51
922	245	55	43
925	246	49	42
924	248	57	43
925	247	59	48
924	248	54	49
926	248	44	54
926	250	40	57
925	256	40	51
927	253	41	57
926	262	43	49
929	271	39	41
927	278	47	35
928	279	40	37
927	281	42	37
927	283	44	38
927	284	41	46
928	289	41	41
927	291	42	40
928	291	42	42
927	296	45	42
927	300	42	39
929	300	40	41
926	303	41	41
927	304	41	40
926	307	40	41
926	307	39	43
926	308	39	41
927	309	40	41
926	310	40	43
925	311	40	41
925	312	42	44
926	312	42	43
928	311	38	42
927	313	38	41
928	315	38	40
926	316	42	40
926	317	40	40
927	314	39	41
927	317	39	40
926	317	40	42
926	316	39	42
926	316	38	42
925	319	40	40
921	319	45	43
927	321	39	39
923	320	41	40
924	321	42	40
922	319	41	42
925	320	41	42
925	321	40	42
925	318	40	46
925	321	38	43
923	323	38	43
924	326	40	40
923	322	40	43
922	321	42	45
924	324	39	41
923	323	40	45
924	323	38	42
923	324	39	42
923	323	40	45
924	326	40	42
922	326	42	41
923	328	40	39
923	327	42	41
920	327	44	42
918	326	47	43
922	326	42	46
922	327	40	41
923	330	43	40
923	331	40	40
923	331	39	40
922	331	41	40
922	331	43	43
921	331	42	41
924	330	41	41
923	330	40	44
924	331	40	42
924	331	40	41
925	330	39	44
925	329	38	44
924	329	41	43
924	331	39	42
924	331	41	40
924	330	40	43
925	329	38	43
924	329	38	45
924	331	41	41
925	330	38	42
926	330	40	41
925	331	38	39
926	330	41	42
927	330	40	41
926	331	40	40
927	331	38	39
927	330	41	39
928	329	41	41
928	327	42	43
929	327	42	43
928	328	42	40
928	328	43	40
928	327	42	41
929	327	41	41
929	327	44	40
930	327	41	43
931	329	42	41
931	328	40	40
930	327	40	39
930	326	43	44
931	326	41	45
932	324	42	44
931	325	41	46
930	324	43	43
931	325	40	42
931	325	43	40
931	324	42	41
932	324	41	42
932	323	43	43
931	323	45	41
932	322	44	42
933	321	44	44
933	320	42	43
932	320	44	45
933	321	43	44
934	320	41	41
933	321	44	43
935	320	42	41
935	321	44	42
935	319	49	41
936	317	47	44
938	317	49	45
938	318	45	44
939	320	41	40
940	320	44	40
941	317	43	44
942	320	41	41
944	316	40	45
945	313	42	48
944	316	42	45
945	318	41	42
946	318	40	42
947	315	42	45
947	315	42	44
947	314	43	45
949	315	41	46
947	313	43	47
949	314	42	46
950	315	44	45
950	315	52	46
953	316	41	43
955	314	40	44
954	311	48	47
954	312	49	49
956	313	45	45
956	311	45	46
958	311	45	47
958	308	49	49
961	310	47	50
959	307	54	56
958	307	58	57
962	307	54	55
962	308	55	54
963	307	53	56
962	308	52	52
959	308	57	50
964	316	48	45
965	314	43	47
964	310	45	50
964	313	44	45
964	309	48	51
960	307	54	56
951	304	50	61
944	309	54	51
931	315	56	48
910	317	47	44
888	321	51	38
867	318	56	39
846	317	46	40
825	316	44	39
813	316	39	38
799	317	38	40
786	316	45	39
778	317	45	40
770	318	45	37
765	318	42	36
763	317	41	38
759	317	43	39
757	316	44	38
756	317	43	37
754	317	44	35
754	314	43	38
755	315	42	37
755	314	42	39
755	313	43	41
753	314	43	38
754	312	40	41
752	310	42	44
753	311	40	41
753	309	41	41
753	310	41	42
753	310	41	41
753	310	42	42
751	310	43	40
751	308	43	43
751	307	43	42
752	307	42	41
750	308	44	41
750	307	44	40
750	304	43	44
750	304	44	47
750	304	43	44
750	305	44	44
750	303	43	45
751	302	41	46
752	303	40	43
750	302	42	44
751	303	42	42
749	303	44	41
750	302	45	41
750	302	42	41
750	303	43	41
750	303	45	41
752	303	42	40
755	302	42	41
759	301	43	42
769	301	42	41
782	302	44	41
795	304	50	37
820	304	51	39
840	301	52	40
869	301	54	40
896	302	60	37
933	300	51	39
961	300	44	43
988	296	42	48
1011	301	43	44
1028	302	43	41
1043	303	42	40
1052	302	46	39
1063	301	41	41
1068	301	41	39
1075	301	40	39
1078	301	41	40
1078	302	41	39
1079	303	42	39
1079	301	43	41
1075	301	49	41
1077	302	49	42
1078	302	47	41
1079	303	46	41
1079	302	45	41
1080	304	43	40
1081	303	42	40
1081	303	42	41
1079	304	44	39
1081	305	41	39
1080	302	43	43
1080	302	44	43
1080	302	44	44
1080	302	44	43
1079	302	45	43
1076	303	44	42
1074	303	44	43
1065	305	41	41
1057	305	35	42
1034	306	43	37
1003	303	40	42
973	304	44	44
932	304	42	39
893	304	39	42
850	303	43	44
813	306	38	42
755	302	46	46
703	304	46	45
654	305	47	43
601	306	41	42
549	307	45	42
494	306	48	45
443	308	46	45
404	308	49	47
366	308	53	47
336	308	52	47
314	309	50	49
295	309	52	50
282	308	53	49
274	309	50	47
265	310	54	47
260	311	53	47
256	309	54	50
254	310	55	51
252	309	54	51
252	311	52	47
253	312	50	48
254	312	49	49
254	312	50	48
253	313	51	49
254	312	52	49
252	313	54	50
253	314	54	48
254	313	53	50
254	314	52	49
254	315	52	49
256	315	50	47
256	317	50	47
257	315	52	50
260	316	51	50
267	317	53	48
283	319	50	48
297	319	54	47
326	314	54	51
365	321	47	45
392	321	53	43
429	318	56	48
469	317	51	43
511	318	58	43
553	316	61	49
598	315	58	49
645	314	60	52
692	317	56	45
742	318	51	41
784	319	57	41
819	318	48	43
860	319	44	40
884	315	48	46
901	317	48	44
922	316	45	46
939	318	39	43
946	320	45	40
955	322	42	39
959	321	43	41
963	318	41	43
966	322	42	39
964	325	46	36
966	323	45	40
966	325	45	40
968	324	43	38
967	324	45	40
968	324	44	42
967	323	43	44
967	324	44	43
965	322	48	44
970	324	44	45
970	325	41	44
972	327	39	42
968	325	42	42
969	325	40	41
966	325	42	38
966	329	45	36
971	327	41	41
969	326	39	40
969	325	40	40
967	327	44	39
969	325	41	42
970	326	42	41
970	327	41	40
968	329	41	39
964	328	48	40
967	326	46	41
971	324	43	43
969	328	41	40
972	326	38	42
969	329	42	40
969	327	43	39
967	330	46	38
970	328	45	39
969	327	43	41
970	327	45	41
969	323	49	47
967	323	48	48
968	319	48	50
969	323	45	44
968	319	46	49
968	327	50	43
970	327	44	40
969	326	43	41
969	326	41	40
971	324	42	45
969	325	42	43
973	325	40	41
973	322	40	43
971	321	44	44
971	324	45	41
970	319	47	48
971	322	44	45
969	325	48	44
968	323	51	47
972	323	47	48
971	324	46	44
972	327	44	40
966	324	50	41
973	327	45	38
973	326	46	39
971	327	47	39
971	325	47	43
970	324	47	44
971	321	46	48
971	321	47	47
972	324	46	43
968	324	52	46
971	322	49	44
968	320	52	46
966	317	53	49
969	323	54	44
970	324	55	49
969	318	51	53
972	320	46	51
969	317	48	58
961	313	57	66
963	319	56	64
971	329	49	50
974	329	46	46
972	327	49	49
974	329	46	46
972	327	48	47
973	326	49	50
972	325	49	50
972	327	49	47
972	323	49	52
973	324	50	50
973	324	48	49
973	323	47	48
975	323	46	48
975	323	45	48
974	323	47	46
973	326	50	44
974	322	47	45
973	321	48	46
974	318	50	48
974	317	46	48
972	319	47	46
975	317	46	45
975	317	48	47
975	316	47	48
977	316	46	45
976	315	48	47
974	315	53	49
975	318	52	45
976	326	48	38
975	319	48	42
973	316	50	45
974	311	49	46
975	311	46	45
975	305	47	53
978	309	45	47
983	308	42	48
981	309	42	46
984	307	44	48
974	306	49	51
975	304	48	50
977	304	47	50
975	309	48	44
975	307	47	43
978	301	48	48
979	300	42	49
978	299	47	53
979	301	49	44
978	303	46	51
979	305	43	52
977	296	51	52
972	290	53	55
974	298	51	47
977	297	52	44
976	292	49	48
975	291	54	50
976	290	53	50
974	290	49	46
972	287	52	49
971	290	56	48
972	290	50	47
974	288	51	50
972	291	52	47
974	288	48	48
973	289	49	46
972	288	52	48
973	290	47	47
977	287	47	48
972	284	50	52
975	283	47	55
975	281	48	54
975	286	46	51
972	286	49	50
973	287	46	49
971	288	49	47
975	285	47	53
973	280	45	56
973	283	44	52
968	285	47	54
971	288	41	54
975	292	43	49
966	294	48	44
963	292	52	48
967	285	51	54
963	285	53	56
965	290	53	53
960	287	62	56
958	291	62	53
963	289	50	54
963	292	51	52
963	292	55	52
957	289	64	56
958	292	57	52
954	298	66	49
954	303	67	45
949	306	59	40
950	308	48	41
955	311	46	39
947	309	48	41
949	307	41	46
945	313	45	43
946	311	44	43
946	312	46	43
937	312	53	46
937	317	49	40
933	318	49	42
930	319	50	45
928	319	48	44
926	319	48	46
923	318	48	47
922	317	49	49
921	318	48	48
920	319	48	47
919	318	47	49
919	316	49	52
917	316	50	51
917	317	51	51
916	319	50	47
915	318	49	48
914	317	49	50
912	316	50	52
913	318	50	51
912	316	49	51
913	317	49	50
913	318	49	48
912	317	49	50
913	318	47	48
912	318	51	50
910	317	52	51
913	317	48	51
913	317	48	51
914	318	47	50
913	316	47	52
912	319	50	52
911	318	51	52
913	321	53	48
920	325	53	43
930	322	55	45
954	323	47	48
969	323	46	45
986	322	43	46
996	322	52	47
1012	320	48	49
1025	319	48	51
1036	319	47	50
1044	319	44	54
1051	322	45	51
1051	319	50	51
1055	323	49	48
1055	322	51	46
1058	321	49	47
1060	322	49	48
1061	321	49	47
1063	324	47	46
1063	326	48	44
1061	325	54	44
1061	324	52	47
1063	323	52	46
1062	323	50	47
1062	323	52	48
1064	326	46	45
1065	324	45	48
1063	325	45	47
1064	322	44	50
1061	321	47	55
1065	322	47	54
1065	324	44	50
1059	323	51	57
1060	322	47	55
1060	323	50	51
1058	322	50	55
1057	325	46	48
1057	327	48	45
1055	324	48	47
1055	326	46	46
1054	324	49	49
1053	323	50	49
1053	326	47	50
1053	327	47	46
1050	327	47	47
1046	325	50	50
1046	327	49	48
1042	326	56	50
1042	325	51	53
1041	326	52	52
1041	327	52	50
1041	329	49	46
1038	327	49	50
1038	327	48	52
1036	329	50	51
1036	328	47	49
1036	330	48	48
1034	329	49	48
1037	329	49	52
1037	329	48	50
1039	328	50	51
1040	327	47	54
1042	332	50	48
1041	331	51	51
1042	331	49	50
1044	332	49	48
1041	332	49	47
1040	330	51	53
1040	331	51	52
1038	331	52	53
1039	331	48	54
1037	332	48	50
1035	331	51	51
1034	332	53	51
1030	332	57	53
1029	333	55	51
1029	332	54	53
1029	333	52	50
1027	333	53	51
1027	332	52	52
1026	333	54	50
1026	333	52	52
1025	332	52	54
1025	332	53	53
1025	334	51	52
1025	332	52	53
1026	333	50	53
1028	333	46	52
1025	331	50	53
1024	332	51	54
1025	330	51	55
1025	333	52	54
1026	332	48	55
1026	331	52	55
1026	332	48	54
1026	332	48	52
1023	332	52	54
1024	332	53	52
1025	333	53	54
1027	333	49	52
1025	331	51	53
1028	334	51	53
1024	335	53	52
1026	335	51	52
1026	334	51	52
1025	334	52	53
1025	335	53	52
1025	333	52	54
1024	334	52	56
1026	332	49	55
1024	332	52	58
1025	332	53	58
1023	333	54	57
1023	334	53	54
1027	333	49	52
1028	333	49	52
1026	333	52	54
1027	333	50	53
1028	334	50	53
1028	332	48	57
1028	333	47	57
1027	333	48	56
1025	332	51	56
1024	333	50	54
1024	333	54	55
1026	334	51	52
1024	333	50	55
1027	333	48	52
1023	334	52	53
1028	331	46	59
1025	332	51	57
1026	331	50	57
1026	334	51	54
1025	333	51	55
1026	333	51	56
1023	333	56	58
1023	333	56	55
1024	331	54	56
1022	329	53	58
1020	330	56	57
1026	333	51	57
1025	334	53	51
1024	334	52	50
1024	334	52	52
1026	334	49	52
1026	333	52	54
1025	334	52	52
1023	333	55	54
1024	333	54	53
1024	332	54	53
1025	331	53	53
1022	331	57	54
1025	331	53	54
1025	330	52	54
1024	331	54	52
1023	330	55	53
1024	330	54	54
1026	328	51	53
1028	328	49	54
1026	327	52	57
1023	324	56	58
1026	327	51	55
1027	325	51	55
1029	325	47	53
1032	325	45	55
1032	323	45	56
1028	325	49	55
1024	322	55	61
1021	324	57	59
1027	324	52	56
1031	323	45	58
1029	323	48	57
1029	325	49	52
1027	325	51	53
1027	324	54	53
1025	323	52	54
1024	323	55	54
1023	324	54	53
1024	325	52	51
1026	325	52	52
1027	323	54	55
1029	324	49	53
1025	324	54	53
1024	322	54	58
1027	324	51	55
1026	326	53	52
1029	323	49	57
1027	323	52	60
1024	324	54	62
1028	325	53	62
1027	326	51	59
1024	327	56	57
1026	327	51	56
1028	329	52	55
1027	329	49	55
1026	330	51	54
1026	329	53	56
1026	327	53	60
1025	329	55	56
1023	331	56	52
1027	331	50	55
1024	332	53	53
1025	332	50	54
1026	332	49	55
1020	334	53	56
1022	335	50	52
1020	334	53	55
1021	334	51	55
1021	336	50	52
1022	335	49	56
1018	337	51	55
1016	335	52	55
1016	335	53	56
1017	338	49	56
1013	339	51	56
1010	336	55	56
1007	337	57	60
1009	339	49	54
1006	341	50	53
1001	340	55	56
1001	339	52	55
999	337	57	57
994	336	56	58
993	337	57	59
992	342	55	56
990	339	55	56
988	342	56	56
986	339	57	58
986	342	55	58
984	337	55	61
988	341	51	57
985	340	50	60
980	343	53	57
987	340	41	61
987	339	40	63
981	343	45	59
977	351	46	52
972	353	53	49
971	350	51	50
970	349	51	53
972	351	51	51
978	348	42	53
972	347	49	56
973	349	50	55
970	349	50	54
967	349	54	55
967	350	53	53
963	348	59	57
966	346	54	57
964	346	57	57
965	346	55	57
962	345	60	59
967	351	54	55
963	350	62	56
965	348	64	59
969	350	58	52
969	351	61	53
971	346	60	59
968	344	63	57
971	342	62	61
975	343	59	59
975	343	59	59
976	341	59	58
975	338	62	60
976	339	60	59
976	340	60	57
976	337	62	57
976	337	61	56
976	334	61	59
978	334	59	58
978	331	58	57
975	329	63	60
977	328	60	59
976	329	62	59
975	328	63	57
975	326	62	60
976	325	63	61
976	326	62	57
977	325	63	59
976	325	61	58
977	321	59	62
979	321	58	63
980	319	56	61
979	320	57	59
978	319	58	62
977	323	60	58
980	321	55	60
977	321	60	59
978	319	60	61
980	319	59	61
985	320	55	62
990	322	60	60
996	320	58	62
1007	320	59	61
1019	324	60	58
1031	326	61	57
1046	324	58	57
1064	326	53	60
1068	326	61	59
1077	323	63	64
1082	328	66	59
1092	328	61	58
1096	325	61	60
1103	326	58	60
1106	326	60	61
1103	326	65	63
1106	326	65	61
1108	325	62	63
1109	324	63	66
1111	325	60	66
1109	327	65	66
1106	325	69	67
1109	327	65	66
1110	326	68	67
1108	327	67	66
1109	328	66	64
1110	327	65	66
1111	328	63	66
1112	331	65	62
1112	330	62	63
1111	331	64	63
1111	332	64	63
1113	332	61	65
1113	331	65	66
1114	333	62	61
1108	335	61	61
1103	333	63	64
1096	337	61	62
1079	337	62	62
1061	337	59	62
1033	335	62	62
999	343	63	58
967	340	59	59
925	339	59	62
891	338	56	62
845	336	58	65
808	339	57	66
781	339	59	64
750	339	59	64
727	341	58	64
712	341	60	63
698	343	64	61
688	341	62	64
677	342	66	65
675	342	62	64
670	340	64	68
669	342	62	64
667	342	63	65
665	343	63	65
663	343	66	65
664	344	65	64
664	344	63	64
664	342	63	66
665	341	63	66
663	342	65	65
665	343	62	64
664	342	64	66
665	344	63	63
665	344	63	62
667	344	61	65
667	343	61	63
666	344	63	64
666	345	64	65
665	344	65	65
667	344	64	65
666	345	66	64
666	345	66	64
666	346	63	64
665	346	66	61
667	346	64	64
667	347	64	63
667	348	63	61
667	348	64	62
667	348	64	63
668	349	63	61
668	348	63	64
668	351	64	61
668	349	64	62
668	347	64	64
669	348	62	65
667	347	64	64
668	347	63	65
668	349	65	63
668	349	64	63
669	348	62	63
669	348	65	64
669	347	64	63
671	349	61	63
670	347	62	62
671	348	63	64
672	349	62	61
670	350	63	60
671	347	63	62
671	348	62	61
671	344	65	65
672	346	62	62
672	345	62	63
673	346	61	63
675	346	61	61
674	344	63	63
674	344	64	61
676	345	63	63
677	342	60	66
678	341	61	62
677	341	63	64
678	340	61	62
679	342	61	60
680	340	62	62
680	338	62	62
681	339	62	60
682	339	61	60
681	338	64	61
682	337	63	61
684	338	62	59
685	336	63	61
686	338	62	60
689	336	60	60
689	335	59	59
689	336	61	61
691	336	59	59
692	335	60	60
692	335	61	61
694	335	60	60
694	335	62	60
696	334	60	61
697	332	59	62
699	333	58	61
702	333	57	60
701	334	58	59
701	333	59	60
703	332	58	59
704	333	59	58
704	333	60	57
705	332	58	58
706	333	60	56
706	334	60	53
707	334	58	55
709	333	56	54
707	333	56	53
709	333	56	54
709	334	56	54
708	334	58	53
708	334	56	53
707	334	58	51
707	333	56	53
706	335	57	50
704	335	57	49
704	333	58	53
706	335	53	52
703	334	53	53
701	334	55	54
701	335	53	54
699	335	54	54
696	336	55	51
693	335	57	52
690	336	58	54
687	337	58	51
688	336	54	51
684	338	57	49
681	338	56	51
682	338	54	51
678	338	54	51
677	338	53	53
673	339	54	50
670	338	57	51
666	339	57	53
664	339	55	53
660	337	55	55
657	339	56	54
654	339	55	51
651	340	52	51
647	342	53	48
642	339	53	53
640	344	56	47
640	342	52	50
633	335	48	57
624	333	51	61
624	339	41	54
624	343	39	48
624	343	39	48
624	343	39	48
613	342	32	47
613	342	32	47
613	342	32	47
613	342	32	47
613	342	32	47
563	424	30	45
563	424	30	45
603	356	28	42
603	356	28	42
603	356	28	42
603	356	28	42
603	356	28	42
603	356	28	42
603	356	28	42
600	350	29	37
600	350	29	37
600	354	26	32
604	355	20	30
604	355	22	29
603	353	20	26
603	349	20	25
602	347	21	24
604	337	22	28
