1483	444	32	70
1467	444	32	68
1453	448	35	71
1443	442	40	78
1438	431	38	89
1436	434	39	89
1431	443	42	80
1428	438	44	83
1431	436	42	85
1428	434	44	86
1422	440	49	81
1422	434	45	87
1421	433	46	86
1421	429	45	91
1436	430	30	87
1431	429	35	84
1424	430	41	91
1424	430	44	99
1424	427	44	101
1426	424	45	102
1428	426	42	97
1429	423	44	104
1429	428	44	98
1431	423	40	101
1432	425	41	99
1433	414	41	106
1436	418	40	106
1438	420	38	104
1440	426	37	95
1441	425	40	96
1443	419	38	105
1442	424	41	102
1446	426	37	96
1448	433	38	91
1451	438	38	85
1453	432	36	90
1455	434	36	89
1458	429	35	94
1459	431	34	93
1460	435	35	90
1462	429	33	96
1462	428	32	98
1462	435	35	93
1462	434	35	92
1463	431	34	95
1467	432	31	92
1466	431	32	94
1467	431	32	92
1465	431	33	92
1466	427	33	97
1465	427	34	97
1464	427	32	96
1463	431	35	92
1463	432	37	89
1455	439	44	85
1453	437	45	87
1451	439	48	90
1445	436	54	93
1443	441	55	88
1443	429	57	100
1443	431	55	99
1444	434	54	93
1447	428	52	95
1445	429	51	93
1445	437	49	88
1445	433	48	89
1443	433	52	91
1442	428	54	95
1441	437	56	86
1440	434	57	88
1441	436	53	86
1441	442	47	79
1444	433	33	86
1445	437	33	82
1446	436	32	82
1446	440	33	78
1446	439	35	79
1447	435	35	85
1449	434	34	86
1451	433	35	88
1453	431	34	88
1451	440	39	84
1457	434	35	89
1458	433	36	91
1459	432	37	90
1461	434	37	90
1466	430	33	92
1472	430	30	90
1474	429	31	90
1477	430	29	89
1483	430	28	84
1485	439	27	79
1489	434	28	84
1496	436	26	79
1498	436	28	85
1502	435	26	85
1505	435	26	89
1506	435	27	90
1508	438	27	85
1509	436	27	92
1512	438	25	87
1514	440	25	80
1514	441	27	81
1516	438	25	83
1516	438	25	82
1517	438	26	85
1518	439	26	85
1520	438	26	86
1521	436	25	87
1521	438	27	86
1522	441	27	83
1523	442	27	79
1523	439	27	81
1525	439	26	77
1525	440	27	80
1526	439	28	81
1526	440	29	82
1526	442	29	81
1527	441	30	78
1527	437	31	83
1531	444	27	75
1533	444	28	76
1535	444	27	76
1535	445	31	76
1534	442	38	81
1533	444	41	82
1532	441	52	84
1530	441	55	85
1529	438	53	90
1527	439	56	91
1526	440	54	88
1525	443	58	86
1524	445	57	82
1522	444	62	84
1519	445	59	83
1519	446	51	82
1514	448	51	80
1513	449	47	76
1511	447	50	77
1511	445	49	78
1509	446	49	76
1509	446	52	74
1511	438	50	80
1513	432	46	85
1513	435	43	81
1515	434	40	80
1515	435	35	75
1517	431	32	82
1516	428	31	81
1516	426	30	81
1516	422	32	78
1516	420	32	80
1517	421	27	78
1515	422	28	75
1515	420	29	76
1515	425	30	72
1515	426	30	71
1513	428	38	73
1512	430	41	73
1510	437	42	71
1511	435	40	74
1511	435	44	86
1516	432	41	88
1517	433	42	86
1518	437	43	77
1519	439	43	76
1521	438	45	75
1522	443	44	65
1524	439	43	67
1527	437	41	70
1529	433	40	75
1529	435	40	71
1530	436	40	69
1530	432	39	74
1529	431	40	78
1526	430	40	86
1523	431	43	92
1518	429	44	93
1511	429	41	93
1501	431	40	92
1487	430	42	92
1475	432	38	87
1450	440	39	80
1436	427	35	84
1418	430	30	76
1388	432	32	77
1353	433	37	82
1327	432	38	85
1293	417	40	96
1265	424	35	89
1231	427	37	84
1195	436	39	75
1167	427	33	80
1139	419	23	76
1101	434	30	73
1067	436	24	67
1031	428	21	62
1004	428	18	58
975	437	19	57
949	433	18	62
933	425	20	67
916	421	22	69
906	425	22	69
896	425	24	71
891	422	22	74
887	420	23	78
883	419	23	82
881	420	24	83
878	419	25	90
878	418	24	95
878	419	24	92
878	420	24	93
879	422	24	96
879	423	24	95
879	423	25	94
879	424	26	94
879	422	26	97
879	423	26	95
879	423	26	95
879	421	26	97
878	422	27	98
877	419	27	100
879	421	25	95
877	421	27	94
875	420	27	99
875	421	27	95
876	420	27	93
874	421	27	91
874	422	26	91
874	423	26	95
874	422	27	97
873	422	27	98
874	424	26	95
873	423	27	98
873	423	28	96
872	422	28	98
872	424	27	97
872	422	26	100
872	420	26	101
871	424	24	98
872	424	24	100
872	420	22	103
872	422	21	101
872	420	21	104
871	421	21	105
871	424	20	99
871	423	21	99
871	425	21	95
870	425	21	93
871	424	20	89
870	425	21	84
869	425	22	83
869	426	23	82
867	426	24	85
867	427	25	88
865	428	26	90
865	429	26	87
865	428	26	89
864	428	26	90
863	428	26	89
864	429	25	81
864	428	26	87
863	428	26	89
863	429	27	91
863	429	27	88
864	428	26	87
863	429	27	93
864	429	28	95
868	426	27	97
873	424	29	101
884	426	28	98
897	427	28	96
914	429	29	93
932	429	27	93
955	423	27	99
981	425	27	96
1008	427	28	94
1038	428	28	91
1068	431	27	83
1104	430	26	76
1138	431	29	77
1172	440	29	70
1210	436	28	72
1248	443	31	66
1288	443	30	68
1326	445	34	71
1370	446	27	72
1411	453	34	70
1455	448	36	71
1490	453	39	83
1525	450	38	90
1554	450	37	97
1573	451	41	102
1592	454	40	103
1605	453	39	109
1619	455	35	104
1624	454	38	109
1629	451	38	111
1633	455	38	107
1635	454	37	107
1636	455	37	108
1636	455	37	110
1637	455	37	108
1637	453	36	112
1637	456	35	110
1636	456	36	109
1635	456	37	112
1634	456	37	111
1634	457	37	110
1634	456	36	107
1634	456	36	108
1633	457	37	107
1632	457	40	109
1631	457	40	107
1630	458	43	103
1629	458	45	107
1628	456	45	108
1626	458	47	111
1625	459	46	109
1624	460	47	105
1624	459	46	113
1623	460	47	113
1622	459	48	114
1622	460	47	112
1622	461	46	110
1621	461	46	120
1622	460	45	109
1621	462	42	104
1622	465	37	102
1620	463	40	103
1621	466	36	96
1621	468	36	91
1621	470	33	93
1621	474	30	90
1620	473	33	91
1619	478	31	87
1617	476	33	92
1616	476	34	97
1615	478	35	96
1614	481	34	93
1612	481	35	95
1612	483	36	94
1613	485	35	93
1611	486	35	93
1609	485	38	100
1608	487	37	97
1606	485	40	101
1606	488	40	101
1605	487	41	107
1607	485	39	107
1606	484	40	105
1605	482	38	108
1605	482	39	106
1605	481	38	103
1605	484	37	97
1605	484	37	93
1604	483	35	100
1602	482	36	100
1601	482	36	101
1601	483	35	100
1601	482	35	98
1600	483	35	98
1599	483	35	97
1599	482	34	101
1599	484	34	102
1598	482	34	103
1597	485	36	105
1597	484	37	100
1597	483	37	101
1597	485	38	105
1596	484	39	106
1597	485	38	103
1596	482	38	109
1596	484	37	106
1596	482	37	105
1596	481	37	107
1597	481	39	104
1597	482	38	102
1596	482	38	103
1596	481	38	102
1596	480	37	104
1597	478	37	106
1597	479	36	108
1597	479	37	105
1596	478	38	108
1594	478	38	108
1595	477	38	110
1594	476	39	109
1593	476	39	109
1590	476	38	106
1584	476	38	106
1577	474	38	108
1566	469	36	110
1549	471	37	109
1533	470	35	110
1514	468	32	102
1493	465	30	97
1465	462	29	92
1437	463	29	87
1409	461	27	76
1371	459	27	76
1335	464	25	70
1304	461	26	72
1260	460	27	71
1227	455	24	72
1188	451	26	78
1149	450	24	77
1119	449	25	78
1091	454	26	82
1069	453	26	79
1052	447	25	83
1038	447	25	79
1029	446	25	78
1020	446	24	79
1015	444	23	85
1011	442	22	87
1009	445	24	84
1007	445	23	83
1006	446	24	87
1006	447	24	85
1004	446	26	92
1005	445	25	94
1007	446	23	92
1006	446	24	87
1007	447	24	86
1007	447	25	84
1008	446	25	86
1008	445	26	91
1008	446	26	86
1008	447	25	87
1008	449	26	81
1009	448	25	83
1009	448	26	85
1008	448	27	85
1008	449	27	86
1008	448	27	85
1008	449	24	85
1009	450	21	85
1009	453	21	86
1010	452	21	85
1010	452	21	87
1009	456	20	89
1008	456	21	88
1009	456	20	85
1009	457	21	83
1008	457	21	83
1009	457	20	80
1008	457	19	81
1008	459	21	80
1007	458	21	84
1006	455	21	83
1005	455	23	83
1004	456	23	84
1003	456	24	86
1002	458	24	84
1001	458	25	83
1000	453	27	86
999	453	27	85
999	454	28	85
997	452	30	84
997	455	29	83
995	453	30	87
997	456	27	80
995	454	26	84
995	450	25	87
994	446	26	88
993	450	27	85
992	452	27	84
992	446	26	88
992	446	26	88
992	445	26	89
990	450	26	85
990	451	26	83
990	451	24	82
989	453	26	82
988	454	25	83
988	455	25	80
988	455	25	80
988	455	24	79
988	456	24	78
988	456	25	79
988	455	25	79
987	451	27	81
986	451	28	88
987	451	28	89
988	452	25	85
988	451	25	86
989	451	24	83
989	454	22	78
990	452	23	77
989	454	23	77
989	454	22	75
989	452	23	79
988	453	23	82
989	452	20	82
989	453	21	80
989	453	20	80
988	457	21	78
988	460	21	73
988	456	20	76
986	459	22	74
987	460	20	71
987	462	19	71
987	463	19	69
986	464	20	69
987	463	20	69
987	462	19	69
986	463	19	72
987	461	19	74
987	459	18	80
988	458	19	82
988	458	20	84
988	458	21	86
990	460	21	85
989	464	21	81
990	460	22	87
991	460	23	88
991	460	25	89
993	460	25	89
993	461	26	89
994	461	28	89
997	459	27	91
997	464	29	88
999	463	27	89
1000	464	28	89
1003	463	27	92
1005	465	28	90
1008	466	26	88
1012	468	24	85
1013	469	26	88
1015	470	26	87
1019	470	23	86
1023	469	22	86
1026	470	22	86
1029	472	22	86
1032	472	23	89
1034	471	23	93
1038	472	24	98
1041	473	25	94
1044	475	26	91
1046	477	27	89
1049	480	27	86
1052	474	28	93
1055	477	28	90
1058	477	30	94
1062	476	28	95
1065	477	29	94
1068	479	30	94
1073	478	28	92
1079	477	26	91
1083	478	26	90
1088	480	25	89
1091	480	25	90
1096	481	25	91
1101	480	25	90
1106	480	24	90
1113	479	22	90
1116	484	24	92
1121	484	24	95
1126	482	25	98
1129	483	27	103
1134	485	29	106
1139	484	28	105
1144	486	29	101
1149	487	28	102
1154	488	28	98
1158	488	28	104
1163	488	28	107
1168	489	27	103
1173	492	27	100
1177	492	28	101
1182	494	29	96
1186	494	30	99
1191	495	30	98
1197	495	30	100
1201	497	30	101
1204	497	31	104
1209	498	32	102
1213	496	32	100
1218	497	33	96
1223	500	32	94
1228	499	32	98
1230	503	34	106
1237	503	32	98
1242	504	31	96
1248	503	31	98
1250	507	34	97
1254	504	34	101
1258	510	34	98
1258	500	37	108
1262	494	38	114
1270	507	37	113
1276	501	37	123
1279	501	40	124
1283	500	45	128
1285	505	54	119
1289	512	57	115
1293	513	40	111
1299	516	34	104
1304	517	32	108
1306	517	33	111
1308	519	35	109
1313	520	33	110
1316	521	35	112
1320	523	35	113
1324	523	34	116
1329	526	34	113
1332	529	34	111
1335	525	34	117
1339	527	32	116
1342	529	34	115
1345	531	35	114
1350	531	33	120
1352	532	35	125
1358	534	33	125
1361	537	34	120
1364	539	34	126
1369	539	32	127
1372	537	34	136
1375	536	34	147
1377	539	33	142
1380	539	34	148
1381	532	35	142
1385	533	36	135
1386	537	37	135
1389	539	39	132
1395	546	34	124
1399	547	35	133
1401	545	37	138
1406	553	35	132
1410	558	34	120
1413	559	36	120
1417	562	35	118
1419	564	37	124
1422	569	37	125
1423	573	38	119
1426	576	38	117
1427	575	38	117
1426	575	37	118
1429	576	38	115
1428	575	38	119
1430	573	37	127
1429	570	37	121
1431	570	36	120
1430	565	35	123
1428	565	36	123
1427	573	36	108
1425	575	38	107
1421	572	40	112
1420	570	41	113
1417	572	44	106
1417	569	44	111
1416	566	44	113
1415	566	46	114
1413	565	46	113
1412	565	47	115
1413	565	46	117
1414	560	46	122
1412	554	46	126
1413	557	47	125
1411	557	46	133
1410	556	49	136
1410	556	48	140
1410	554	48	145
1410	553	48	151
1409	554	45	131
1407	555	47	135
1405	553	47	141
1403	555	46	140
1404	555	49	135
1402	557	50	135
1402	551	49	152
1402	550	49	165
1400	552	51	162
1400	552	50	168
1403	550	48	172
1403	546	46	169
1404	552	45	166
1402	548	47	158
1401	551	48	158
1400	547	46	171
1398	550	44	167
1393	551	43	165
1387	541	44	164
1375	543	43	167
1367	545	41	175
1352	535	40	182
1331	542	41	170
1312	537	42	169
1290	544	39	164
1269	536	37	170
1243	532	37	166
1217	529	37	158
1200	538	38	152
1183	530	34	134
1166	532	37	134
1158	532	34	123
1148	529	35	125
1140	534	37	114
1137	531	36	118
1134	532	34	116
1133	530	34	113
1132	530	34	110
1131	528	37	114
1131	527	37	120
1130	526	38	123
1132	526	37	121
1132	528	36	119
1131	527	39	122
1131	526	39	120
1132	524	39	124
1135	524	36	123
1135	524	38	128
1135	524	39	127
1135	524	41	128
1137	524	40	127
1139	522	40	127
1142	519	37	133
1144	523	38	129
1146	521	36	132
1147	521	38	128
1148	519	38	120
1153	518	37	122
1159	521	34	105
1169	521	38	110
1182	519	38	114
1201	527	41	110
1224	528	42	107
1251	532	43	102
1290	537	43	95
1320	545	47	89
1365	543	41	101
1410	543	44	101
1462	547	41	103
1525	551	38	102
1575	561	39	102
1644	557	32	104
1705	574	44	110
1762	576	45	118
1830	589	49	112
1869	600	53	111
