1306	310	25	57
1304	309	25	59
1304	309	22	62
1301	308	26	63
1299	310	27	63
1297	311	27	64
1296	310	27	65
1295	308	24	68
1292	313	29	64
1293	315	23	63
1290	319	25	60
1289	324	24	55
1289	321	23	57
1287	322	24	60
1284	324	25	58
1282	325	25	57
1281	324	23	57
1278	325	24	59
1273	327	30	57
1269	325	34	58
1265	323	38	60
1263	323	37	61
1263	326	36	59
1264	326	31	59
1262	326	29	61
1263	325	26	61
1258	328	27	57
1255	325	29	60
1257	325	26	60
1257	323	24	66
1255	323	25	65
1254	324	25	63
1253	327	25	62
1251	328	26	60
1250	329	26	60
1249	329	27	61
1248	327	26	62
1247	328	27	62
1247	330	28	60
1246	334	27	56
1246	333	25	56
1246	332	25	58
1244	329	25	65
1244	326	22	62
1242	326	23	61
1242	326	22	62
1242	326	22	61
1241	325	21	64
1241	328	21	60
1240	327	22	62
1240	331	20	60
1239	331	20	59
1238	333	21	57
1238	333	21	57
1238	332	20	59
1236	331	22	58
1236	334	20	57
1235	334	21	58
1234	332	22	61
1233	331	22	63
1232	329	23	64
1232	331	22	63
1231	333	21	61
1230	334	22	61
1229	334	23	59
1228	334	24	59
1226	334	26	61
1225	334	25	60
1224	337	26	57
1223	332	27	63
1222	336	26	60
1222	333	26	64
1222	334	25	62
1221	334	25	62
1221	333	24	63
1221	334	24	62
1221	332	23	63
1220	332	24	65
1220	335	22	62
1219	334	21	62
1219	335	22	62
1218	332	22	65
1218	332	22	66
1219	331	21	69
1218	332	23	66
1218	332	22	66
1219	331	20	67
1219	333	21	65
1218	334	21	64
1218	333	22	65
1218	335	22	63
1219	334	21	64
1218	333	21	66
1219	333	21	65
1219	333	21	67
1219	334	21	64
1218	333	22	67
1217	333	23	67
1217	332	23	67
1217	331	23	67
1217	334	22	65
1218	334	22	66
1218	333	22	63
1216	334	23	66
1216	334	22	69
1216	334	22	63
1216	333	22	66
1216	333	21	68
1214	333	23	68
1215	332	21	69
1214	334	22	66
1214	333	22	65
1214	332	22	71
1214	334	20	65
1214	332	21	68
1214	334	22	66
1214	333	21	67
1215	333	21	70
1215	333	20	69
1215	335	20	68
1215	334	20	74
1216	334	20	71
1214	335	21	69
1214	338	22	68
1213	339	22	64
1213	339	22	64
1214	337	22	66
1214	337	21	66
1214	338	21	62
1213	337	22	64
1213	337	23	64
1213	337	21	66
1214	337	19	66
1214	336	20	66
1213	336	21	65
1214	336	21	65
1213	336	21	64
1214	336	20	63
1214	336	21	62
1214	336	20	64
1216	336	19	64
1215	337	21	63
1216	337	20	62
1215	338	21	62
1214	337	22	62
1216	339	20	60
1216	339	21	57
1216	340	20	57
1216	339	21	59
1216	339	18	58
1217	339	18	59
1217	339	19	61
1216	338	20	61
1215	336	22	61
1214	337	23	60
1213	337	22	61
1213	336	22	61
1213	335	20	63
1212	335	18	62
1211	335	19	62
1210	336	18	62
1208	334	18	62
1207	335	18	62
1206	335	19	63
1205	334	18	64
1204	335	19	62
1203	337	19	59
1202	337	19	61
1201	336	18	62
1199	338	19	60
1198	338	19	61
1196	339	19	60
1196	338	17	61
1193	337	17	62
1191	336	19	63
1189	334	21	64
1187	332	21	66
1184	336	24	59
1182	336	24	56
1181	333	22	59
1178	333	24	58
1176	331	23	59
1173	330	25	60
1171	331	25	59
1168	334	26	56
1165	336	26	56
1160	333	29	60
1156	334	30	59
1151	339	30	58
1149	341	30	55
1144	340	31	54
1139	343	34	51
1133	341	40	54
1130	340	40	54
1126	336	41	58
1125	336	40	59
1124	338	41	56
1124	334	39	59
1126	332	36	63
1124	330	36	62
1126	333	33	62
1124	331	33	63
1125	331	33	64
1125	331	31	66
1125	330	30	67
1125	328	29	70
1125	329	28	67
1125	329	25	69
1124	330	27	67
1124	330	23	68
1124	331	23	69
1124	328	22	71
1124	326	21	76
1122	326	21	75
1122	327	21	74
1121	326	20	77
1120	327	23	73
1119	326	24	72
1117	326	25	71
1115	326	26	72
1114	329	25	68
1111	328	28	67
1111	329	28	69
1111	329	26	70
1109	330	25	70
1108	331	24	67
1108	331	21	66
1107	330	21	63
1106	333	19	60
1105	330	22	63
1104	332	20	61
1104	331	21	61
1102	332	22	61
1102	330	21	61
1100	332	28	59
1099	333	24	58
1098	329	26	62
1097	331	23	60
1097	333	21	57
1096	330	22	60
1095	329	20	60
1096	329	19	62
1095	331	18	58
1094	333	20	55
1093	331	21	58
1091	330	21	59
1090	326	23	66
1090	330	20	62
1089	331	19	61
1087	334	21	56
1086	333	22	58
1085	330	22	62
1085	328	18	63
1084	328	19	65
1083	328	18	63
1081	326	20	66
1080	327	19	63
1078	327	20	65
1078	324	19	68
1075	325	21	66
1074	324	24	66
1072	325	23	66
1070	325	26	67
1068	325	25	66
1067	326	24	64
1067	326	21	65
1064	324	27	68
1062	320	27	72
1060	322	26	67
1059	320	27	70
1058	318	28	75
1058	315	30	73
1058	317	28	73
1058	317	28	72
1059	317	26	70
1059	317	26	67
1059	319	28	72
1059	318	28	69
1059	319	25	69
1060	318	27	71
1058	317	29	73
1059	316	27	79
1059	320	27	80
1060	325	24	71
1060	329	24	73
1061	315	22	73
1058	315	25	75
1059	307	25	83
1058	314	28	79
1058	312	27	82
1058	306	29	85
1055	304	30	87
1056	302	31	89
1056	302	29	90
1056	304	29	88
1054	304	32	88
1056	303	31	87
1060	311	26	85
1062	314	24	79
1060	315	26	76
1060	317	28	72
1061	318	27	69
1062	319	26	70
1063	319	25	71
1063	317	27	72
1064	318	27	73
1065	317	27	74
1065	318	27	68
1066	319	26	69
1067	317	27	72
1068	319	26	75
1068	316	26	74
1069	319	26	70
1069	318	27	75
1069	317	27	75
1068	316	27	79
1069	316	29	79
1068	318	28	74
1070	321	24	69
1070	324	22	70
1072	328	20	78
1071	326	23	79
1073	333	22	76
1075	322	24	70
1076	327	23	62
1076	326	28	68
1076	324	26	69
1075	326	27	66
1071	327	34	67
1069	328	31	63
1067	326	32	65
1063	324	32	64
1060	325	30	62
1056	323	29	64
1049	324	31	61
1042	327	30	56
1036	324	29	59
1027	323	31	58
1022	323	29	59
1013	320	33	62
1006	317	31	64
999	320	31	62
993	320	28	61
982	320	32	63
975	319	26	61
969	320	28	62
960	318	25	64
954	321	21	60
947	319	19	58
938	317	18	60
931	317	17	63
923	316	16	65
913	319	18	60
906	317	17	59
896	320	18	58
889	319	18	58
880	320	18	57
871	321	17	57
864	322	17	57
854	320	18	56
845	321	20	58
837	319	21	62
827	319	19	59
821	319	19	60
812	319	20	60
803	319	18	62
797	318	16	60
786	320	19	60
780	318	17	60
769	318	20	64
760	319	19	59
752	323	23	58
742	320	24	62
733	319	25	63
724	321	27	59
715	321	29	58
708	322	29	59
702	321	29	60
698	320	29	59
696	319	26	63
694	320	24	62
692	317	24	65
691	321	23	60
691	322	23	57
690	320	25	59
691	318	22	60
692	316	23	65
692	314	22	67
692	315	22	66
692	312	20	68
692	314	23	68
691	315	23	65
692	315	23	66
691	313	25	68
693	314	22	67
692	314	22	65
693	314	22	67
693	317	22	65
692	318	23	62
691	318	27	62
689	316	28	63
691	320	25	59
689	317	28	63
688	313	28	66
691	317	25	65
690	317	26	65
689	311	27	70
688	312	27	70
688	307	27	74
688	314	27	69
689	312	27	71
688	309	25	74
687	309	26	73
690	316	24	70
692	317	21	73
691	317	22	69
691	316	22	70
691	315	22	72
690	318	24	68
691	320	24	70
691	324	25	66
689	326	26	60
690	323	25	62
689	324	26	64
689	326	26	59
689	326	25	58
689	326	25	58
688	326	25	56
686	323	23	60
685	322	25	61
683	323	25	59
681	324	25	57
680	323	25	59
677	322	25	61
675	322	24	59
672	323	25	62
669	324	24	57
667	322	25	61
663	320	24	63
661	324	23	59
656	322	23	62
652	322	23	61
649	324	24	60
643	320	26	66
639	320	25	66
633	321	28	65
629	321	28	63
625	322	26	62
620	323	26	62
616	324	27	62
610	321	27	65
603	323	29	64
600	323	28	64
595	321	26	70
587	319	31	71
583	315	29	75
576	319	31	72
572	319	28	73
567	317	27	76
559	317	29	76
554	316	27	78
549	318	27	76
541	317	29	79
539	324	24	72
530	323	27	71
524	326	28	70
516	327	28	69
510	327	27	68
504	327	27	68
496	328	27	65
489	330	29	64
482	327	29	67
475	328	29	69
467	329	30	67
458	331	31	64
449	330	34	66
443	332	34	66
434	330	34	67
424	330	33	68
417	331	33	69
408	330	32	71
399	329	33	73
390	333	33	68
380	332	36	70
373	329	34	76
362	331	37	72
352	333	40	71
342	331	36	72
331	332	41	74
321	334	42	72
309	330	39	76
299	336	38	70
289	336	42	71
275	334	50	77
265	336	55	75
253	337	55	76
241	336	56	76
230	340	54	72
216	337	61	77
205	337	59	78
193	338	61	75
183	336	54	79
172	336	55	79
159	337	58	81
147	336	61	83
137	343	54	74
123	342	48	75
116	347	49	70
100	341	50	76
88	338	43	80
76	341	45	78
63	343	40	76
51	342	40	77
35	344	42	76
20	342	42	78
6	339	42	82
