742	721	26	73
742	720	24	74
741	721	22	69
739	720	25	73
737	720	25	72
736	719	23	74
735	720	25	75
733	720	27	77
733	719	27	78
737	719	27	81
740	720	28	84
749	718	26	80
757	717	26	80
765	717	27	79
774	716	24	74
783	716	25	70
788	716	23	74
792	717	25	72
796	716	24	73
798	716	24	79
800	715	24	78
801	716	24	75
801	716	25	75
801	716	25	78
800	716	24	76
800	716	25	78
798	717	24	79
797	717	24	80
795	716	26	85
793	717	25	83
792	716	24	86
790	716	24	89
787	717	26	85
785	718	25	84
784	718	24	81
782	718	24	78
780	718	24	81
778	719	23	76
776	718	26	80
775	718	23	84
773	719	24	82
771	719	24	84
769	720	28	80
767	720	26	79
765	720	26	79
765	720	25	76
765	719	25	78
767	719	25	81
771	721	26	76
779	720	24	71
788	719	24	72
800	719	24	70
810	718	23	71
819	717	27	78
829	718	21	71
835	717	24	76
841	717	25	75
845	717	26	71
849	718	26	75
852	717	25	77
853	717	24	77
854	717	24	75
854	718	25	72
855	718	23	75
855	718	23	72
858	718	23	74
862	718	22	74
866	718	22	74
868	719	24	74
872	719	22	75
875	719	23	73
875	720	24	71
878	719	22	71
877	719	23	72
877	719	23	71
877	720	24	70
878	720	22	69
877	720	23	71
876	720	22	69
875	720	24	72
875	721	23	71
876	720	24	72
879	720	23	73
882	721	26	72
884	721	27	72
890	720	24	70
893	720	22	73
896	721	22	72
899	721	21	72
900	720	21	73
901	721	20	70
901	721	21	70
901	721	20	72
899	723	22	69
899	722	20	69
899	721	21	70
899	721	21	69
903	722	21	71
907	722	22	69
915	721	21	70
921	722	21	68
927	721	22	69
930	720	23	70
933	720	25	69
936	719	25	72
936	719	28	70
937	721	29	69
935	721	31	69
936	722	29	67
935	722	29	66
934	723	29	64
932	723	29	67
930	725	30	62
930	725	30	62
934	723	27	64
937	723	26	64
945	721	26	64
953	720	26	67
958	717	24	68
965	715	22	71
970	713	22	74
972	713	20	75
975	713	19	76
975	713	20	73
976	712	20	72
974	712	19	65
966	714	23	63
966	715	21	65
961	710	22	69
955	709	28	76
949	713	34	71
947	714	32	69
946	715	31	66
947	715	33	68
942	714	37	69
938	713	35	71
937	714	24	71
935	714	22	71
933	716	22	70
931	716	23	67
930	718	22	67
928	719	21	69
926	720	21	69
920	721	28	66
912	721	32	68
912	722	30	66
908	723	27	64
906	724	23	65
902	726	25	62
902	728	23	62
901	728	21	60
898	728	23	61
896	730	24	62
896	729	22	60
894	729	23	61
893	730	24	61
891	730	24	64
891	732	24	60
890	734	24	56
887	735	27	57
886	735	27	59
887	737	25	58
889	738	22	57
891	739	19	57
890	739	20	57
888	740	22	61
888	740	22	58
888	739	21	55
887	739	24	62
886	737	26	65
889	734	24	66
890	732	23	66
891	727	22	66
893	721	23	69
891	719	25	74
894	716	24	78
896	714	26	74
898	711	23	78
899	707	24	80
900	710	22	79
902	712	22	75
903	712	22	75
904	713	21	74
905	715	20	73
907	716	19	68
909	718	18	65
910	720	19	61
911	722	17	58
911	724	19	54
912	728	17	51
913	730	17	51
914	732	17	48
914	734	16	44
913	736	17	45
912	734	17	44
911	732	18	47
909	731	20	47
907	729	22	49
906	728	23	51
904	726	23	52
903	725	24	56
903	725	22	56
901	724	23	57
901	724	21	59
900	723	21	58
899	725	22	61
899	725	20	59
898	724	20	66
897	721	22	68
895	721	22	70
893	721	21	67
890	721	24	69
888	720	23	67
887	722	24	69
885	721	24	74
883	721	25	78
881	719	25	85
878	716	24	85
878	714	21	91
874	714	23	90
870	711	21	93
868	710	22	92
865	707	22	89
863	712	23	85
860	714	25	80
858	714	25	83
857	714	25	76
855	717	28	82
853	715	28	85
852	714	27	87
853	715	24	84
852	715	24	81
852	713	23	87
851	714	23	85
850	713	25	82
850	714	24	82
850	714	22	81
850	715	22	81
851	711	22	86
851	714	22	91
851	716	22	86
851	720	23	82
853	722	20	80
855	723	20	73
854	724	20	73
854	725	20	76
854	727	21	72
854	727	22	67
854	729	21	62
854	729	23	59
853	730	22	63
852	732	22	69
852	730	23	73
852	730	22	76
852	728	21	82
851	728	22	80
851	728	23	84
851	728	23	82
851	728	22	83
849	726	22	83
850	728	22	83
849	729	22	81
850	730	22	81
851	731	21	84
852	727	24	84
855	734	23	85
853	735	25	85
856	734	23	88
856	733	24	88
857	733	23	92
858	732	23	93
859	732	22	93
859	734	24	88
863	736	22	79
864	735	21	76
866	739	21	76
866	740	21	76
866	740	19	75
867	740	18	77
866	741	19	75
865	744	21	84
866	742	21	89
868	747	23	88
871	748	24	83
872	750	22	81
872	748	21	84
873	748	21	87
874	747	22	87
875	748	22	85
877	747	23	87
879	748	19	92
885	752	18	85
884	759	22	88
886	754	20	87
885	756	21	87
885	759	24	85
885	762	22	84
888	761	22	89
891	761	21	92
892	763	24	96
894	764	24	93
897	765	23	87
898	765	23	83
898	763	24	82
901	765	24	83
905	766	22	82
907	768	23	79
905	770	25	70
908	774	29	79
908	771	28	84
906	770	27	91
906	771	26	91
910	772	30	95
909	773	30	95
912	773	30	98
911	772	31	104
912	773	32	104
914	773	30	102
916	774	31	108
918	775	30	101
919	775	28	103
918	775	28	105
919	778	30	100
919	790	31	93
923	788	28	94
922	788	31	94
923	788	32	95
924	786	31	94
925	787	31	94
925	784	32	97
926	784	33	99
927	783	33	97
928	782	33	98
930	786	32	92
931	786	33	92
935	785	32	90
939	786	29	85
943	786	26	90
946	788	24	83
948	790	24	81
949	792	22	81
950	792	24	88
951	794	25	89
951	794	27	96
950	795	30	102
952	796	29	100
954	798	28	93
956	799	28	92
958	800	28	96
961	801	24	91
964	800	22	89
965	800	22	92
966	800	23	102
970	801	21	103
970	803	22	105
971	804	24	108
972	805	23	100
973	807	24	101
974	807	25	104
975	810	27	102
977	810	27	105
978	811	28	108
980	812	28	109
981	813	28	108
982	813	29	107
984	815	28	106
987	813	26	111
989	813	25	109
992	815	22	105
993	817	23	96
994	818	24	89
995	820	24	96
995	821	26	93
994	823	30	99
995	823	29	102
994	826	33	103
996	824	34	110
999	825	31	106
998	827	31	104
1000	829	31	110
1002	831	31	110
1006	833	27	102
1008	832	27	107
1011	833	26	115
1013	834	25	121
1012	838	27	115
1014	839	26	117
1015	841	27	114
1018	841	27	114
1019	844	27	112
1020	845	27	108
1019	847	29	110
1021	849	30	109
1021	852	32	109
1023	853	30	110
1025	852	29	108
1026	855	30	108
1028	854	28	109
1031	854	26	106
1032	855	25	104
1034	856	24	105
1035	857	25	98
1035	860	26	98
1036	861	28	99
1035	863	31	97
1036	864	29	99
1036	866	32	107
1038	868	32	102
1039	870	31	93
1040	873	31	88
1040	875	31	89
1043	875	29	88
1044	875	30	90
1046	876	28	90
1048	877	27	89
1049	878	29	89
1052	879	25	84
1054	881	25	88
1054	883	27	85
1057	883	24	91
1056	883	26	95
1057	886	28	99
1059	887	27	99
1060	889	27	94
1060	890	29	98
1061	891	28	106
1063	892	28	115
1064	892	29	113
1065	892	29	117
1066	892	29	119
1068	892	29	116
1068	892	26	112
1070	894	29	118
1072	892	26	123
1074	894	25	119
1075	896	26	115
1074	897	29	106
1075	902	26	101
1077	903	27	108
1077	906	28	108
1077	908	31	104
1079	909	31	103
1080	912	30	101
1080	914	33	103
1082	917	32	97
1084	918	31	100
1085	919	31	98
1088	920	29	97
1090	921	28	96
1092	922	26	97
1091	924	29	94
1093	925	29	87
1095	926	29	91
1096	927	28	94
1096	930	29	99
1098	931	29	103
1100	933	29	102
1101	935	29	107
1101	936	31	105
1103	939	30	102
1105	938	30	109
1107	940	30	104
1108	941	31	106
1109	942	32	104
1115	943	27	101
1113	944	31	98
1115	945	31	96
1117	945	30	96
1117	947	31	92
1118	950	33	96
1119	951	34	96
1121	951	32	102
1122	953	32	107
1122	953	34	108
1125	956	34	104
1125	957	36	110
1126	958	36	114
1127	959	38	110
1130	962	35	107
1131	963	35	106
1135	963	32	104
1137	965	32	103
1139	966	30	104
1142	967	28	104
1144	970	29	102
1145	971	28	98
1147	974	28	96
1147	975	30	99
1150	978	29	100
1151	982	30	95
1152	981	30	95
1153	981	31	98
1153	983	32	95
1154	983	34	96
1156	986	35	90
1158	984	34	93
1164	987	29	85
1168	987	27	84
1170	987	27	85
1171	988	29	79
1172	988	29	84
1173	988	29	84
1174	990	31	83
1174	989	35	87
1175	990	36	87
1177	990	36	88
1178	990	38	87
1180	992	37	83
1181	992	40	82
1183	992	38	83
1187	991	36	82
1188	991	36	81
1190	989	36	84
1192	988	34	87
1195	985	33	88
1199	986	31	87
1200	984	30	89
1204	983	27	82
1205	983	28	86
1205	982	29	87
1208	980	27	95
1209	978	27	100
1210	977	28	101
1209	974	30	101
1211	974	30	97
1212	974	30	95
1214	970	30	101
1214	968	34	107
1216	967	32	99
1221	965	28	95
1224	962	27	97
1226	959	27	99
1228	957	25	98
1229	954	26	95
1229	952	27	93
1230	948	28	98
1231	945	29	92
1232	945	30	89
1232	942	30	94
1234	941	31	97
1236	935	29	102
1235	933	33	103
1237	930	32	100
1238	929	32	100
1239	925	33	104
1242	923	33	101
1244	921	31	97
1245	917	30	100
1247	914	29	96
1249	910	28	96
1251	905	27	98
1253	902	25	94
1253	899	26	92
1253	895	29	90
1256	890	25	84
1255	888	26	82
1256	884	27	83
1256	881	29	85
1257	872	28	93
1257	869	28	98
1258	866	31	95
1258	857	32	100
1259	853	33	104
1260	849	32	101
1261	844	31	99
1263	839	28	102
1263	833	29	108
1260	832	34	97
1262	828	31	96
1262	827	30	88
1261	826	33	83
1261	825	32	84
1262	822	31	84
1263	819	31	87
1264	818	28	87
1265	816	30	89
1266	815	28	88
1267	815	28	85
1267	816	26	83
1269	814	26	85
1270	813	25	85
1271	813	24	85
1273	814	23	82
1273	815	23	84
1274	815	23	85
1275	817	24	84
1276	816	23	84
1277	817	22	86
1278	820	22	78
1278	821	23	75
1279	821	24	76
1279	824	24	72
1281	825	23	76
1281	826	22	73
1281	827	23	70
1282	827	23	68
1281	828	24	70
1282	827	23	71
1281	826	23	74
1279	824	25	75
1279	823	24	77
1280	821	22	79
1277	819	26	80
1276	818	25	74
1280	817	18	74
1278	816	20	69
1278	815	20	71
1278	813	20	74
1275	812	21	74
1271	812	25	76
1269	811	26	75
1270	810	25	79
1268	811	27	78
1266	810	29	80
1267	809	27	83
1266	809	28	82
1265	809	28	82
1264	808	29	85
1263	809	27	82
1262	808	28	84
1261	806	29	84
1259	806	28	81
1261	804	27	85
1260	804	25	80
1260	801	24	78
1257	801	26	77
1258	799	25	76
1257	799	25	69
1257	798	24	73
1256	798	24	72
1255	797	25	72
1254	797	25	72
1253	796	26	71
1254	796	25	70
1253	795	26	69
1252	794	27	70
1252	793	26	73
1252	792	26	77
1252	791	26	72
1252	790	27	69
1252	789	26	69
1253	787	25	71
1252	787	25	70
1252	787	25	68
1252	786	26	71
1252	785	25	74
1251	784	25	74
1251	784	26	74
1252	783	25	73
1251	782	25	75
1251	782	25	73
1251	780	25	76
1251	779	24	75
1250	777	24	72
1249	776	25	71
1250	775	24	74
1250	774	24	74
1250	772	24	74
1250	771	24	75
1250	770	24	74
1249	769	24	74
1248	768	27	72
1250	768	24	71
1249	767	25	70
1250	765	25	70
1250	764	23	72
1251	765	24	71
1250	764	25	73
1251	764	23	69
1251	763	24	72
1252	762	24	67
1251	761	24	69
1251	760	24	71
1252	758	24	74
1252	757	24	71
1253	756	23	70
1253	756	23	67
1254	755	23	68
1254	754	23	70
1254	754	23	72
1253	753	25	72
1253	751	24	71
1252	751	24	73
1252	749	24	75
1251	747	24	76
1252	747	23	71
1251	744	23	71
1250	743	25	72
1250	745	24	69
1249	744	25	72
1248	742	25	69
1248	743	24	67
1247	741	24	70
1247	740	24	73
1246	740	24	68
1247	740	23	69
1247	740	21	69
1246	738	22	71
1246	738	21	69
1245	738	22	66
1243	737	25	70
1243	737	24	70
1243	736	23	72
1241	736	25	68
1242	734	22	72
1243	734	22	72
1242	732	21	69
1242	732	22	65
1242	732	23	65
1242	730	22	67
1241	732	23	68
1241	730	22	70
1239	731	24	70
1239	730	23	70
1238	730	23	68
1237	731	24	70
1237	731	24	70
1236	731	24	70
1236	731	25	69
1236	732	24	71
1236	732	21	70
1236	731	22	71
1235	731	22	71
1233	731	24	67
1234	732	23	68
1232	731	24	68
1233	731	25	66
1231	733	24	67
1231	734	28	65
1231	734	29	64
1230	734	30	66
1230	734	29	65
1228	734	32	61
1228	735	33	67
1227	735	33	66
1227	735	29	66
1227	736	26	67
1226	737	22	63
1226	736	23	63
1227	736	22	61
1226	736	22	64
1226	736	20	65
1225	737	23	66
1225	736	22	68
1224	737	21	66
1224	738	22	67
1224	739	22	70
1224	739	22	70
1223	741	22	69
1221	742	23	70
1220	742	24	71
1218	744	25	69
1218	745	25	70
1217	744	24	74
1218	746	23	70
1218	746	22	73
1217	746	22	75
1217	748	22	70
1216	750	22	69
1218	751	20	67
1217	750	20	71
1216	751	20	70
1216	752	20	68
1213	752	21	73
1214	751	21	70
1215	750	19	68
1214	755	18	74
1215	755	19	74
1215	762	18	76
1214	761	19	79
1213	762	21	77
1211	765	21	72
1211	767	21	71
1210	768	21	69
1209	768	22	69
1208	769	22	69
1206	769	23	68
1206	770	22	65
1205	770	22	65
1205	770	22	68
1203	770	25	71
1202	770	23	73
1201	769	24	71
1201	769	23	73
1199	768	24	74
1199	768	22	75
1196	768	24	79
1195	767	24	83
1194	762	24	83
1193	763	23	77
1192	764	23	69
1192	764	21	71
1192	761	21	71
1191	763	21	68
1191	763	20	68
1191	763	21	66
1190	762	21	67
1190	762	20	70
1189	761	21	72
1191	762	19	67
1190	761	19	69
1190	760	19	70
1191	761	19	70
1189	761	21	68
1190	760	18	70
1192	759	15	69
1189	759	19	71
1192	760	18	69
1190	758	20	74
1192	757	18	73
1192	759	20	69
1192	759	21	70
1192	759	21	72
1193	759	22	72
1193	759	22	73
1194	758	22	74
1193	758	24	74
1194	759	22	73
1195	761	22	70
1194	761	26	66
1195	762	25	64
1195	760	24	67
1196	761	25	66
1196	760	25	65
1197	761	26	68
1197	761	26	72
1199	761	25	68
1199	760	26	71
1200	760	26	72
1201	761	25	73
1201	761	26	72
1201	761	25	74
1202	761	25	74
1204	763	23	72
1203	763	25	71
1204	762	23	73
1205	763	23	72
1204	763	25	70
1204	763	23	70
1206	764	22	70
1206	764	21	72
1205	765	22	73
1206	764	22	75
1206	765	23	76
1207	765	22	79
1208	766	21	76
1209	764	21	77
1209	764	22	75
1209	765	23	71
1209	766	23	72
1210	766	22	76
1210	767	23	75
1210	766	23	79
1210	766	24	81
1212	766	23	79
1210	768	24	76
1211	769	24	74
1213	768	24	79
1212	767	25	79
1213	769	25	76
1213	769	25	77
1214	768	26	76
1215	768	26	75
1215	768	25	74
1216	769	26	76
1218	769	24	73
1218	770	26	73
1219	770	25	70
1220	770	25	70
1221	770	24	75
1222	771	24	73
1221	771	25	71
1222	772	25	67
1224	771	23	69
1224	772	23	73
1225	772	23	70
1226	772	24	72
1227	771	21	81
1227	771	22	82
1227	772	22	80
1228	771	22	81
1228	770	24	84
1229	771	25	79
1230	771	25	77
1230	771	26	77
1231	772	26	77
1231	771	26	79
1233	771	25	80
1232	772	26	82
1234	772	25	80
1235	772	24	81
1236	773	24	82
1238	774	22	81
1237	773	25	84
1239	773	24	83
1240	774	25	82
1241	773	25	81
1244	774	25	81
1246	774	20	80
1246	773	22	85
1247	774	22	80
1250	775	19	80
1251	775	20	76
1251	777	22	75
1252	776	22	81
1253	778	23	78
1255	778	23	80
1254	778	22	81
1257	780	25	78
1257	781	24	78
1261	782	22	77
1261	782	24	78
1265	782	22	81
1266	782	22	79
1269	782	20	79
1271	781	19	79
1271	781	19	82
1273	783	20	80
1275	782	20	80
1277	783	20	80
1278	784	21	77
1280	785	21	78
1280	785	23	78
1281	784	22	78
1282	785	24	78
1281	786	26	76
1283	785	27	77
1283	784	27	79
1286	784	27	79
1287	784	27	79
1289	784	27	79
1292	785	25	75
1294	784	22	76
1296	784	20	76
1298	783	21	79
1300	783	20	78
1301	783	19	71
1301	785	20	68
1303	787	20	69
1304	786	21	73
1305	785	21	77
1306	784	23	78
1307	785	24	76
1308	785	26	78
1309	784	25	80
1309	784	28	80
1311	783	28	79
1311	785	28	78
1313	784	30	80
1315	785	29	78
1315	785	31	77
1318	786	28	74
1319	784	29	78
1320	785	29	78
1323	784	29	81
1325	784	29	85
1326	784	31	81
1328	786	31	77
1330	786	28	78
1330	785	29	79
1332	784	28	81
1331	786	31	78
1333	786	28	79
1333	784	29	79
1334	785	27	79
1334	783	27	84
1333	782	27	82
1333	782	27	83
1334	782	26	78
1332	783	25	77
1331	782	28	80
1330	780	31	84
1330	780	29	81
1331	779	28	80
1331	779	29	81
1332	779	29	77
1334	780	29	77
1340	779	28	76
1346	778	29	76
1355	781	30	74
1371	782	28	75
1384	784	28	72
1404	787	27	71
1428	790	28	67
1450	792	27	68
1476	798	28	67
1497	799	27	76
1520	804	26	74
1540	807	26	75
1552	808	29	76
1566	810	30	78
1576	812	28	72
1580	814	32	79
1586	814	31	78
1590	812	29	81
1592	812	32	83
1595	813	30	78
1596	814	31	77
1594	814	35	78
1591	814	38	76
1593	813	35	76
1589	813	39	77
1587	812	42	76
1588	813	39	75
1588	812	39	77
1589	811	35	78
1591	811	34	78
1590	810	36	78
1592	810	36	81
