1060	891	55	117
1062	890	55	119
1062	889	56	124
1065	889	53	127
1066	891	56	126
1070	891	51	126
1072	893	51	126
1076	893	50	131
1083	894	46	127
1087	898	42	126
1090	898	43	129
1089	898	47	133
1095	895	43	136
1099	900	44	132
1101	898	47	129
1105	898	50	134
1108	902	54	122
1109	903	42	129
1111	904	41	140
1115	905	39	136
1107	906	53	133
1109	910	55	131
1102	908	70	140
1107	906	71	138
1114	907	77	133
1120	909	77	130
1122	910	72	129
1134	907	59	129
1138	909	56	128
1145	908	46	128
1146	908	47	127
1150	911	41	126
1152	910	42	128
1156	908	41	127
1159	909	42	124
1161	908	44	129
1158	911	53	124
1164	914	50	119
1162	913	55	122
1167	915	52	117
1177	913	43	116
1182	912	40	126
1186	913	39	129
1188	914	40	124
1193	913	36	115
1197	913	37	118
1199	915	37	123
1200	914	39	135
1200	916	43	129
1202	916	46	123
1203	916	48	126
1205	915	49	131
1206	916	54	129
1206	916	56	129
1215	914	49	126
1223	914	40	118
1226	915	41	122
1232	914	37	116
1235	916	36	110
1241	917	35	107
1243	916	38	112
1244	914	55	116
1246	911	58	115
1249	915	60	120
1252	915	44	120
1255	914	46	124
1258	917	48	120
1255	918	56	125
1259	918	54	126
1263	920	53	132
1267	917	50	132
1267	920	51	127
1269	919	51	127
1273	916	48	124
1278	915	46	121
1279	912	49	115
1294	916	58	107
1292	915	61	112
1294	916	53	116
1294	915	55	118
1296	914	59	119
1297	913	65	124
1292	914	76	126
1288	916	83	129
1291	919	83	130
1302	920	77	127
1305	923	78	127
1313	928	75	124
1313	931	77	129
1319	936	78	126
1322	937	78	131
1334	942	67	129
1341	942	57	132
1346	946	51	127
1348	951	50	123
1353	956	45	120
1355	955	43	124
1356	960	46	119
1357	965	49	116
1356	967	58	114
1364	973	52	109
1369	974	46	107
1374	977	45	103
1381	980	48	101
1387	981	46	100
1388	983	46	97
1390	987	47	93
1393	988	52	93
1395	990	49	95
1399	989	40	91
1401	990	43	93
1401	994	45	86
1403	998	56	82
1408	999	56	80
1408	998	60	84
1410	997	52	83
1414	997	48	81
1417	997	43	82
1419	1005	43	75
1422	997	42	82
1426	995	39	86
1427	995	42	86
1430	994	42	87
1428	993	44	89
1429	992	48	90
1432	990	46	92
1429	989	54	93
1427	990	57	91
1427	989	59	90
1430	986	58	94
1430	988	61	90
1428	985	65	97
1429	983	66	97
1433	983	63	96
1436	983	61	96
1433	980	66	98
1436	978	64	98
1438	978	61	99
1435	980	65	95
1440	980	59	97
1435	977	66	101
1438	980	62	99
1437	974	63	105
1435	981	67	99
1435	973	66	107
1444	972	58	110
1447	973	54	108
1448	971	54	109
1441	971	62	112
1443	967	63	113
1446	967	61	112
1444	968	64	112
1445	963	65	113
1448	964	63	112
1450	960	62	117
1451	957	60	122
1452	956	58	121
1453	954	56	121
1454	954	55	124
1453	952	54	125
1452	950	55	127
1452	949	53	127
1453	948	52	126
1450	948	52	126
1449	945	51	132
1450	944	49	131
1439	942	60	135
1444	943	55	132
1440	938	60	137
1436	938	63	139
1436	937	64	138
1441	938	58	131
1442	933	56	130
1444	933	53	133
1443	929	53	138
1443	929	50	134
1444	928	49	134
1444	926	49	134
1443	925	50	132
1439	924	51	134
1439	920	50	137
1437	919	54	136
1434	920	57	131
1434	922	56	130
1434	917	54	133
1427	915	60	135
1422	916	64	133
1417	912	69	133
1418	910	67	135
1420	909	64	136
1418	908	67	136
1419	908	64	133
1420	907	60	130
1422	907	57	127
1421	904	56	127
1419	905	56	126
1420	903	53	124
1419	901	53	126
1419	899	52	126
1417	897	52	128
1413	900	56	123
1420	897	49	127
1418	894	46	126
1416	892	47	128
1415	891	46	120
1411	892	50	119
1402	891	59	121
1401	890	59	120
1396	887	63	120
1392	885	65	123
1393	883	63	122
1393	882	60	125
1398	883	53	122
1394	883	56	121
1386	883	64	121
1382	878	65	122
1385	876	62	124
1379	876	65	125
1379	874	63	123
1377	873	64	122
1378	870	61	122
1373	869	64	126
1375	868	60	119
1372	867	62	122
1370	865	62	126
1372	865	58	121
1370	864	58	121
1371	866	56	120
1368	864	59	122
1367	863	59	119
1372	862	51	120
1374	863	48	113
1377	863	44	112
1375	859	45	115
1381	859	36	114
1379	859	35	112
1381	858	34	108
1380	857	35	106
1379	857	36	105
1374	854	42	109
1373	851	43	112
1374	852	42	111
1370	852	45	108
1369	852	44	110
1367	850	46	111
1367	849	43	113
1367	849	38	110
1365	846	43	112
1364	844	39	116
1364	843	38	113
1362	842	36	113
1360	841	38	112
1360	839	37	110
1357	840	39	106
1358	839	35	105
1354	839	36	104
1354	838	34	104
1351	838	35	101
1346	836	39	105
1339	837	47	109
1342	836	41	107
1342	834	41	106
1338	834	41	105
1338	835	41	104
1341	833	37	103
1338	831	40	105
1336	830	41	102
1337	832	38	98
1339	829	35	104
1337	830	36	98
1335	829	38	100
1333	830	39	100
1335	830	36	99
1336	828	33	99
1336	829	35	97
1336	830	36	95
1337	828	35	93
1336	830	38	91
1337	828	39	93
1340	828	38	90
1339	827	41	96
1339	827	42	97
1340	826	42	102
1338	825	46	100
1336	826	48	97
1337	826	47	91
1336	825	49	91
1337	823	49	94
1337	824	48	90
1339	825	48	91
1336	824	50	93
1338	823	50	92
1337	821	51	103
1337	821	51	98
1326	822	64	103
1325	822	67	105
1328	822	65	106
1332	822	63	103
1341	820	53	102
1342	821	51	101
1346	821	47	99
1344	822	49	98
1340	821	55	100
1340	823	54	97
1338	823	58	99
1337	826	59	93
1337	827	60	96
1339	826	57	96
1339	826	56	98
1341	827	54	90
1344	826	48	95
1345	825	49	98
1348	825	43	98
1350	826	39	97
1352	826	36	97
1352	825	36	96
1354	826	34	95
1350	825	38	102
1348	828	40	102
1345	826	44	108
1343	827	43	106
1341	829	43	102
1339	832	44	99
1343	833	36	98
1341	830	37	100
1340	830	37	99
1340	828	37	102
1336	826	40	107
1337	823	39	107
1335	817	41	115
1333	806	44	129
1334	804	42	131
1340	814	37	120
1340	816	38	123
1342	817	37	117
1340	816	38	124
1341	816	39	121
1342	818	38	119
1341	819	41	119
1339	824	43	116
1342	827	41	111
1343	833	42	107
1344	835	42	106
1341	837	43	106
1342	836	41	104
1338	835	44	104
1329	834	49	105
1323	833	50	108
1322	834	45	104
1314	829	45	107
1310	826	42	107
1296	824	45	107
1284	826	45	104
1270	819	47	114
1255	819	48	116
1239	815	51	118
1227	815	47	112
1204	811	55	112
1200	809	46	110
1187	810	37	106
1170	808	37	101
1148	805	39	105
1124	803	43	106
1110	799	43	115
1094	797	45	125
1083	796	48	128
1089	795	34	119
1082	797	36	109
1081	797	31	109
1076	797	33	108
1072	796	34	106
1075	797	31	108
1074	795	29	104
1071	796	31	102
1068	796	36	102
1068	794	35	102
1068	792	34	106
1067	792	36	106
1066	792	35	103
1065	791	36	108
1066	789	34	107
1066	790	35	108
1064	789	39	112
1065	789	39	112
1064	790	40	104
1064	793	41	97
1063	793	42	93
1061	793	41	93
1057	792	46	107
1057	793	48	110
1056	793	49	113
1058	794	45	111
1061	794	41	105
1065	794	36	107
1067	794	33	108
1058	796	39	116
1057	793	39	121
1059	794	35	121
1061	795	33	119
1058	795	36	115
1058	795	35	118
1055	794	35	122
1054	795	35	123
1051	794	35	120
1048	796	38	115
1044	795	36	112
1042	795	33	113
1036	794	35	111
1028	795	35	113
1016	795	36	116
1008	795	36	117
997	796	35	111
985	796	34	113
970	796	35	108
955	795	35	111
940	797	35	113
924	796	34	106
904	796	38	110
887	796	39	107
867	797	42	109
846	800	46	114
828	800	52	111
811	802	42	97
792	804	45	90
770	810	43	94
749	811	41	87
726	817	45	87
701	824	49	99
683	823	49	112
671	823	42	110
658	826	39	102
651	831	36	88
636	833	42	100
637	840	32	109
631	837	35	116
626	841	36	111
622	841	39	120
620	843	37	127
618	846	36	126
617	847	36	125
615	848	36	131
615	847	36	123
613	849	38	114
612	850	36	117
611	851	36	106
609	853	41	118
607	853	40	124
607	855	41	125
603	856	42	128
598	857	52	141
595	861	51	130
593	864	57	135
594	865	55	127
595	867	58	124
595	870	57	119
595	871	52	128
592	875	61	132
592	877	61	122
590	878	60	129
591	878	54	149
589	879	55	154
590	880	52	152
591	881	49	147
591	884	48	147
594	887	43	148
595	889	43	148
592	893	44	153
593	894	41	148
591	897	41	144
586	900	46	147
587	904	43	148
578	908	53	159
580	908	51	164
578	914	53	156
580	917	50	148
584	922	46	138
583	928	46	137
583	929	47	146
588	931	39	130
582	934	46	143
582	933	46	144
586	936	41	136
583	939	46	134
583	939	47	132
587	940	44	136
583	940	47	134
582	940	49	137
588	940	43	134
588	942	44	131
586	942	48	133
584	942	53	136
575	944	63	133
578	943	59	134
579	944	59	133
579	942	60	135
578	943	64	134
581	939	62	134
584	938	62	135
584	937	64	133
585	934	65	133
587	931	67	132
594	926	60	140
595	926	62	139
600	920	60	138
602	917	63	141
608	908	59	141
610	907	57	146
615	888	52	160
617	874	60	168
619	863	66	173
624	858	68	181
629	862	75	174
628	868	78	164
632	865	79	158
642	860	68	160
642	862	71	156
646	859	70	152
648	857	68	156
652	856	67	157
661	857	56	144
660	852	55	152
668	849	46	146
670	852	41	140
668	850	47	146
668	850	52	146
665	847	54	148
666	848	56	146
667	844	55	149
666	843	61	157
664	843	63	147
676	844	53	145
678	838	50	151
678	835	54	150
685	835	50	146
686	833	51	146
692	832	47	141
690	834	52	144
692	831	52	146
691	831	56	152
698	829	50	149
705	830	44	143
704	830	47	144
705	828	45	140
701	828	53	146
703	826	51	145
706	825	50	140
707	823	50	140
710	823	48	133
704	823	53	141
710	821	46	140
712	820	43	140
712	820	44	142
714	819	43	136
716	819	42	130
717	819	43	136
714	817	46	140
712	816	48	141
711	816	49	141
716	815	45	136
715	815	46	137
719	814	43	137
721	813	40	135
719	813	43	132
721	812	42	129
721	809	42	132
720	808	45	134
719	806	46	136
720	805	47	132
723	803	44	129
718	803	52	126
718	798	52	134
715	797	54	133
713	800	57	128
717	797	51	130
719	794	52	128
717	797	55	125
721	797	51	125
724	794	47	123
725	792	48	124
725	791	49	133
724	791	50	129
727	790	48	128
728	789	46	128
730	787	45	130
730	788	46	128
731	785	46	129
732	786	45	123
732	784	46	126
734	785	45	122
734	783	49	121
737	783	47	120
741	782	45	118
743	779	43	121
745	779	43	120
745	780	47	117
749	780	43	116
750	777	45	123
758	775	36	122
760	777	35	122
763	778	34	117
766	777	34	115
767	777	36	115
766	776	39	119
769	776	40	119
768	775	45	122
773	774	44	115
776	773	44	116
777	776	48	112
781	773	45	112
784	774	45	106
784	772	47	108
784	771	50	115
788	772	48	108
789	771	50	108
793	770	46	114
794	770	47	114
798	769	45	114
799	768	48	118
802	767	45	114
807	765	41	118
812	767	39	110
816	768	36	100
819	767	35	107
823	767	34	102
826	767	33	107
830	767	32	105
832	767	33	101
835	767	34	102
839	767	33	102
841	767	32	100
844	766	33	100
847	766	33	99
850	766	32	102
854	765	31	100
857	765	31	99
860	764	31	97
862	764	33	92
864	762	33	93
868	761	33	93
872	760	34	92
876	761	32	90
879	761	32	89
880	759	37	93
885	762	36	98
889	762	36	115
890	763	39	115
895	763	37	113
900	762	34	112
904	763	32	111
906	762	33	109
910	761	31	101
912	762	31	96
909	761	36	101
910	759	35	103
909	758	35	112
910	758	35	115
909	758	36	116
908	758	34	119
907	754	37	122
906	756	38	121
905	756	38	121
906	756	38	119
906	756	38	119
906	755	38	118
907	754	38	115
908	753	37	111
906	752	40	112
905	750	42	114
907	751	40	113
908	750	40	111
910	751	38	113
908	751	41	109
907	753	43	111
900	751	49	110
891	752	59	111
895	753	54	111
890	755	59	112
889	752	60	113
890	758	60	110
888	757	62	111
890	756	59	111
889	758	62	112
891	758	61	109
892	760	60	108
895	758	57	110
895	756	56	114
895	758	56	115
897	754	54	112
905	758	47	113
908	759	42	113
913	759	36	117
914	760	35	114
916	762	34	111
915	763	36	113
914	762	38	112
915	762	36	111
912	763	38	114
910	764	39	118
908	766	39	118
909	767	39	122
908	768	39	124
907	767	39	123
906	767	41	123
905	767	40	126
903	765	44	130
901	758	45	140
895	749	51	159
898	743	46	169
897	747	49	167
905	750	41	164
902	757	44	160
901	757	47	159
899	758	48	156
903	758	46	157
901	761	47	155
899	763	50	152
902	765	49	148
907	768	44	144
899	772	53	143
906	777	46	133
904	778	48	131
910	779	42	127
908	780	44	121
909	780	42	122
910	780	43	118
912	779	41	122
913	779	40	121
913	780	41	123
914	779	39	126
918	781	35	123
919	777	34	124
920	779	35	122
920	777	33	127
921	776	36	129
921	776	36	127
920	777	36	121
919	777	38	119
919	777	38	120
918	776	38	115
916	774	40	118
915	773	39	121
916	772	38	123
916	771	38	122
915	770	39	123
916	771	37	126
917	768	35	126
917	766	34	125
915	765	36	129
913	763	37	126
914	763	36	128
914	762	34	124
912	759	36	123
914	760	33	124
909	759	37	119
909	757	37	118
912	753	36	117
908	752	39	120
908	752	38	113
908	749	39	110
906	752	40	108
906	749	39	114
904	747	39	109
903	747	41	112
899	744	45	116
903	741	39	116
904	741	37	112
907	742	37	113
905	742	37	110
908	743	33	108
910	743	31	105
911	743	29	104
908	741	33	108
910	742	30	107
911	740	31	105
911	740	31	106
913	738	28	112
913	737	30	103
911	737	33	108
914	736	30	109
915	734	29	110
915	734	30	110
914	733	30	110
915	733	31	110
914	735	33	106
916	733	32	104
913	733	35	105
913	731	36	104
915	731	35	106
915	730	35	105
917	730	34	105
916	729	36	106
916	728	37	104
914	726	40	103
912	722	41	109
913	722	42	103
914	722	42	106
913	717	41	108
915	718	41	108
913	714	43	106
913	713	44	109
915	711	41	108
914	710	43	108
911	708	47	109
910	707	47	109
911	707	48	111
916	707	43	106
915	704	43	108
916	704	42	105
914	705	45	106
913	703	46	107
914	703	45	106
916	703	44	102
916	700	44	104
916	699	45	104
915	698	45	103
915	699	45	101
914	696	47	105
915	697	44	105
916	691	43	109
917	695	43	106
918	690	42	109
921	691	38	105
922	690	37	106
923	689	34	106
924	689	31	107
924	689	31	105
924	688	32	104
923	688	32	105
921	688	35	103
920	687	36	100
917	686	40	100
917	687	38	100
916	684	37	106
912	685	39	108
911	685	41	112
908	683	43	111
910	683	40	107
910	679	40	111
909	676	40	117
908	671	43	124
905	665	47	133
903	656	49	148
902	647	49	164
911	654	42	155
906	661	46	146
909	661	44	145
909	662	44	146
909	664	45	145
909	664	47	146
911	667	45	138
911	668	45	140
918	671	37	128
917	676	39	124
913	680	43	122
913	679	42	120
915	681	40	112
918	680	36	107
912	680	43	107
915	681	40	109
915	679	40	112
917	677	40	114
923	679	33	113
923	679	32	110
924	678	30	109
923	677	32	112
924	676	32	111
926	678	31	108
925	675	31	110
925	677	32	106
923	676	37	107
920	675	39	109
920	674	40	111
919	673	42	111
919	674	40	112
920	673	39	112
921	674	38	113
921	673	38	114
923	676	36	112
921	676	37	115
919	675	40	116
920	674	40	117
921	676	38	115
922	676	37	110
920	674	38	113
921	675	39	111
919	675	41	112
920	675	41	111
921	677	40	111
922	677	40	111
923	681	39	109
925	681	39	105
925	685	40	104
924	686	40	99
923	687	42	90
922	686	43	91
921	686	43	93
918	686	46	88
916	685	48	93
913	686	50	89
911	689	49	86
908	690	50	86
905	693	44	83
902	696	45	83
898	695	44	84
895	695	41	79
891	698	46	81
889	697	46	88
884	698	51	86
883	701	50	82
880	699	49	88
875	700	51	85
871	700	50	86
860	701	53	87
861	700	42	95
854	696	42	99
860	700	35	93
852	695	43	96
847	693	45	99
845	696	46	98
838	695	52	102
822	698	66	99
826	698	56	102
824	701	51	97
808	705	57	95
814	707	47	88
813	705	43	91
804	707	51	90
796	707	56	87
799	708	50	87
797	708	50	89
797	708	50	89
797	708	50	89
797	708	50	89
797	708	50	89
797	708	50	89
797	708	50	89
797	708	50	89
797	708	50	89
797	708	50	89
797	708	50	89
797	708	50	89
797	708	50	89
797	708	50	89
797	708	50	89
797	708	50	89
797	708	50	89
797	708	50	89
797	708	50	89
797	708	50	89
797	708	50	89
797	708	50	89
797	708	50	89
797	708	50	89
797	708	50	89
797	708	50	89
797	708	50	89
797	708	50	89
797	708	50	89
797	708	50	89
704	741	41	89
702	740	39	91
702	740	39	91
702	740	39	91
702	740	39	91
702	740	39	91
702	740	39	91
702	740	39	91
702	740	39	91
702	740	39	91
702	740	39	91
702	740	39	91
639	749	43	94
632	750	46	91
626	753	52	82
624	756	44	85
620	757	41	81
616	757	41	82
610	756	45	85
606	756	44	94
604	757	42	93
596	760	46	92
589	764	49	90
584	765	51	92
583	770	48	88
576	772	50	88
571	774	50	85
567	774	50	83
561	774	53	83
560	774	52	80
558	773	52	87
554	769	51	89
551	767	49	86
545	765	49	88
544	763	46	87
539	761	50	87
536	760	47	85
537	758	44	90
535	758	44	91
535	759	42	92
535	760	41	93
533	762	41	90
531	762	41	92
530	763	40	93
531	761	39	95
531	761	41	96
531	758	41	100
526	757	46	97
521	755	49	99
522	754	43	100
523	754	41	97
524	752	40	98
523	752	43	96
524	751	45	97
526	749	39	98
527	748	44	101
519	746	56	104
522	745	53	96
524	744	52	100
526	743	54	103
523	741	61	102
522	743	65	98
527	743	60	97
534	743	56	93
539	739	53	94
546	741	49	90
547	738	46	96
553	737	46	95
554	736	42	95
559	736	45	95
557	735	52	98
564	732	45	99
566	732	42	99
573	734	33	93
576	734	34	88
578	735	38	86
581	734	35	94
582	731	33	94
585	730	35	94
587	729	34	94
588	730	39	92
591	730	38	88
594	731	39	87
597	732	39	82
599	731	39	83
602	731	37	89
607	732	35	83
609	730	35	87
612	730	34	84
614	730	36	86
617	730	37	87
621	727	36	90
623	728	38	88
625	728	36	89
627	727	36	91
628	727	39	90
630	728	41	88
633	729	44	91
635	730	41	90
638	731	38	94
640	732	35	90
642	731	35	92
644	728	36	86
644	729	40	87
645	727	34	77
647	726	34	86
649	717	28	96
651	715	29	98
650	718	26	94
650	718	26	94
650	716	31	91
649	714	34	94
647	712	42	100
647	712	42	100
647	712	42	100
647	712	42	100
647	712	42	100
647	712	42	100
647	712	42	100
647	712	42	100
647	712	42	100
742	635	37	92
748	635	34	83
748	635	34	83
748	635	34	83
748	635	34	83
748	635	34	83
748	635	34	83
748	635	34	83
748	635	34	83
748	635	34	83
748	635	34	83
748	635	34	83
748	635	34	83
748	635	34	83
748	635	34	83
748	635	34	83
748	635	34	83
748	635	34	83
748	635	34	83
667	727	40	87
666	725	43	85
666	727	41	81
663	729	46	70
662	729	48	67
672	729	38	73
667	731	43	70
669	731	42	70
668	730	42	77
668	730	42	77
662	733	50	86
662	733	50	86
662	733	50	86
662	733	50	86
662	733	50	86
668	730	45	77
686	730	29	78
687	728	29	74
689	729	29	80
688	729	33	86
690	729	34	90
692	729	33	89
692	730	36	93
690	729	39	96
690	732	41	91
694	732	38	89
700	732	34	89
702	730	35	91
706	732	35	87
707	731	33	91
709	731	29	95
708	731	33	92
705	731	39	91
712	733	36	88
715	732	39	92
719	733	36	95
721	731	37	99
724	735	34	94
725	732	34	96
725	736	35	97
727	736	35	93
728	736	36	98
728	737	33	97
728	735	34	95
736	737	36	94
731	738	37	91
731	738	37	91
731	738	37	91
731	738	37	91
731	738	37	91
731	738	37	91
731	738	37	91
731	738	37	91
731	738	37	91
731	738	37	91
731	738	37	91
731	738	37	91
731	738	37	91
731	738	37	91
731	738	37	91
731	738	37	91
731	738	37	91
731	738	37	91
731	738	37	91
731	738	37	91
731	738	37	91
731	738	37	91
731	738	37	91
731	738	37	91
731	738	37	91
731	738	37	91
731	738	37	91
731	738	37	91
731	738	37	91
731	738	37	91
731	738	37	91
804	772	47	96
796	759	54	93
801	759	48	91
801	776	40	79
802	776	43	77
