973	711	119	338
965	706	128	346
960	707	134	335
959	698	141	348
960	696	129	339
966	704	122	318
966	697	125	327
960	699	131	321
964	695	122	317
966	690	115	319
966	691	118	319
965	684	120	317
968	689	113	310
966	684	115	311
969	677	116	312
971	684	111	295
971	682	107	288
968	677	110	301
971	681	106	288
972	679	102	287
968	675	107	293
974	672	98	289
967	665	104	298
969	664	101	295
967	656	105	300
967	664	100	288
966	664	101	280
964	662	103	275
966	663	99	265
965	654	98	278
966	653	98	275
966	648	97	279
960	653	106	259
964	652	97	263
966	651	93	260
965	645	97	260
960	646	97	255
963	641	93	258
957	639	98	259
956	632	99	258
958	625	98	267
958	621	99	271
958	617	99	260
958	620	99	249
959	621	98	246
954	622	97	252
957	621	97	242
956	610	100	254
958	613	97	245
957	613	96	247
956	610	96	251
957	608	93	248
955	606	96	251
956	603	96	246
952	607	98	229
953	607	97	234
956	601	91	242
954	605	95	238
952	597	102	247
957	599	94	235
954	601	97	226
954	607	97	223
955	601	97	225
952	604	96	224
954	600	95	228
951	605	97	219
951	602	98	228
953	595	100	230
949	590	102	226
949	588	102	227
951	591	103	220
953	582	97	230
956	582	91	229
953	582	96	227
956	578	89	229
957	576	89	232
962	575	85	224
957	574	94	229
955	575	92	225
954	571	92	227
955	572	95	220
954	571	92	216
951	568	94	225
951	565	91	223
946	568	98	223
942	570	101	213
940	566	103	218
944	567	96	217
941	569	97	213
943	565	93	216
940	558	93	217
939	563	92	206
936	558	93	210
938	560	91	206
937	557	89	206
935	555	91	208
933	556	93	206
934	549	91	213
934	548	88	204
933	550	88	205
932	548	87	199
932	549	88	199
931	548	91	198
930	546	89	200
928	545	86	199
925	549	88	192
925	552	85	179
926	548	81	185
925	545	77	198
922	542	82	204
921	550	82	187
920	539	81	195
919	542	83	189
917	536	82	195
915	537	83	192
910	537	86	196
910	536	84	189
911	534	81	186
907	533	78	181
908	533	77	185
904	531	82	187
905	531	78	181
905	532	72	182
904	527	70	196
902	526	72	199
900	526	73	200
899	525	71	198
899	524	66	198
895	525	67	197
894	524	73	190
892	521	67	200
891	527	68	191
891	522	67	197
889	524	67	188
886	522	69	188
885	524	67	177
882	525	71	186
879	523	68	178
878	527	67	166
877	528	69	171
878	528	63	173
874	526	64	180
873	530	66	178
874	527	62	183
872	528	65	180
869	529	66	180
868	529	65	176
865	528	70	186
867	531	67	186
865	528	70	200
866	528	67	193
864	526	71	196
864	526	70	190
863	524	71	188
866	521	66	188
868	520	62	182
864	524	68	182
864	520	66	179
865	521	68	185
864	521	67	170
865	521	65	183
864	519	68	176
866	517	65	188
868	516	64	179
867	518	68	169
870	516	65	185
871	515	66	177
871	518	66	174
873	515	67	183
874	515	66	171
875	516	67	176
875	517	66	184
876	514	66	185
877	513	66	187
878	514	66	177
879	514	67	164
879	513	65	175
880	512	65	170
881	514	66	162
882	513	64	166
881	510	66	166
883	514	65	153
884	509	63	165
886	508	63	164
885	511	61	159
885	506	63	161
885	509	63	152
886	509	61	157
884	510	66	152
886	509	60	150
886	507	63	159
887	508	62	151
886	504	63	156
886	508	63	152
887	504	60	162
886	505	63	151
886	507	65	150
887	502	62	159
887	500	60	165
886	502	61	158
886	504	63	151
888	505	61	148
888	499	58	150
888	503	59	140
888	502	60	152
889	501	55	157
889	499	56	156
888	500	59	146
889	504	58	142
889	503	57	149
888	502	57	147
888	498	56	153
888	498	57	150
887	501	57	143
886	498	60	136
886	498	61	140
887	502	57	136
889	501	55	138
888	498	55	148
887	501	55	151
886	500	58	128
887	502	56	122
886	506	54	140
884	507	58	144
884	501	57	156
884	499	56	152
884	497	54	162
882	498	55	168
883	497	55	157
882	495	56	153
882	494	54	166
882	492	54	160
883	491	54	153
883	492	54	145
882	489	54	153
881	488	55	147
882	490	56	144
881	489	55	142
881	492	55	139
882	490	55	147
881	489	56	137
882	496	55	140
882	491	54	140
882	489	54	145
882	487	55	153
884	485	54	154
883	483	53	159
884	484	54	149
883	487	55	139
884	487	53	141
883	487	54	150
884	485	54	153
885	486	55	147
885	484	54	144
884	485	56	151
885	483	55	139
884	487	57	130
884	488	57	125
887	485	54	129
886	486	56	124
888	486	53	121
886	486	56	126
887	487	57	132
887	487	55	123
889	485	55	131
889	486	55	121
889	485	57	131
890	483	57	127
890	484	57	127
891	484	57	130
891	485	59	124
892	484	57	127
892	483	56	133
892	485	60	129
894	486	57	126
897	486	56	123
896	486	57	118
896	485	56	123
898	487	56	119
896	488	59	121
898	488	57	117
898	488	58	118
898	486	59	117
901	485	58	120
902	485	55	123
902	483	55	121
902	483	54	125
903	481	54	131
902	482	55	126
902	482	57	131
901	482	59	126
904	481	58	135
904	480	57	140
904	478	57	134
904	478	56	139
907	476	54	141
904	478	56	142
906	475	57	149
905	477	57	148
904	478	57	147
906	475	57	150
906	475	58	147
907	478	55	138
907	474	54	153
909	476	53	141
907	477	54	139
907	479	53	139
908	482	53	121
907	481	55	115
907	480	56	124
907	484	55	117
908	483	55	120
908	479	55	129
909	483	54	124
910	476	51	135
910	480	51	135
909	479	53	135
908	480	54	127
909	481	54	129
909	478	54	131
910	475	53	139
909	474	52	140
909	472	55	141
908	476	55	133
908	477	55	128
909	473	53	137
906	475	54	140
907	472	56	135
906	476	57	118
905	476	57	112
904	476	60	111
905	476	54	113
905	482	57	105
905	477	55	112
903	477	57	112
906	472	55	120
904	472	58	127
905	472	57	127
906	473	55	122
906	473	56	130
905	474	55	132
904	478	58	126
904	472	57	131
903	471	55	137
903	472	55	136
904	472	55	132
905	468	52	133
905	471	51	128
904	467	53	130
904	468	53	129
904	472	49	129
905	468	50	133
903	464	54	145
903	461	50	143
904	461	50	143
904	459	48	147
903	458	49	149
906	457	46	144
903	457	48	129
904	455	48	138
903	453	48	134
902	452	52	139
903	447	51	152
902	447	51	146
902	445	53	145
900	444	53	139
901	449	54	135
902	448	51	135
904	447	50	135
901	445	54	138
901	447	53	135
902	446	53	139
902	445	53	135
905	448	50	128
902	445	54	128
903	445	52	128
903	442	53	131
902	443	55	129
903	446	53	124
902	448	54	120
902	447	56	122
904	447	54	122
904	446	54	125
906	450	52	119
907	445	52	122
903	444	56	126
906	441	55	133
906	441	51	130
905	444	52	122
906	445	50	123
907	444	49	121
908	442	48	123
907	441	50	122
908	442	49	121
908	441	49	124
908	439	50	123
908	440	51	119
907	441	49	120
908	436	50	133
908	435	49	138
907	437	48	129
909	441	49	118
905	436	51	129
908	437	51	126
908	438	47	136
909	435	50	133
908	434	47	139
910	433	47	144
907	434	48	141
908	436	50	135
908	435	50	126
909	438	50	116
907	437	52	122
906	433	51	130
908	435	53	134
907	436	53	125
906	434	55	127
906	434	54	123
906	436	53	117
907	433	52	122
909	434	47	122
909	431	48	119
907	429	51	125
909	429	49	124
908	430	51	120
911	430	49	120
910	429	47	128
909	428	52	125
909	427	50	128
912	427	48	126
909	430	52	116
909	428	51	121
909	431	53	121
910	429	51	125
911	431	51	119
911	429	53	124
913	429	50	120
913	429	48	121
913	426	48	125
915	432	48	116
915	428	48	114
914	429	49	124
914	430	48	128
916	427	50	139
915	425	50	133
916	426	52	146
916	426	51	146
917	429	51	146
918	429	54	146
920	426	49	145
920	426	51	150
920	429	53	149
921	426	52	140
921	422	52	145
920	421	53	151
921	413	54	166
921	419	52	158
920	417	55	161
920	419	55	160
922	419	52	158
923	419	51	159
922	419	53	158
921	422	52	156
921	420	54	158
921	417	54	162
921	420	55	159
921	423	55	155
920	420	57	157
921	421	56	155
920	421	54	157
920	419	58	161
920	424	53	153
921	421	52	157
921	422	53	147
922	422	54	153
921	426	52	152
921	422	53	155
922	420	50	158
922	423	50	156
921	425	52	151
922	424	54	153
921	426	53	146
920	424	54	152
920	427	53	151
921	427	50	149
923	426	50	150
921	422	50	155
922	426	53	153
921	430	53	150
922	425	48	156
921	429	51	152
920	428	52	152
920	432	51	150
921	428	50	155
920	433	51	149
919	437	52	146
918	436	53	150
918	436	52	145
917	437	56	146
917	439	52	141
917	438	55	148
916	440	57	147
916	439	53	147
916	442	52	139
915	443	55	143
914	443	55	147
914	442	54	146
913	438	54	153
913	444	55	142
914	440	53	142
912	443	55	147
911	446	56	143
912	446	57	144
911	445	55	130
910	446	56	138
912	446	52	145
911	445	52	138
909	441	53	148
908	441	55	146
907	439	55	154
906	441	56	152
904	447	60	143
905	449	57	133
906	441	55	145
905	447	57	141
905	448	57	143
906	449	54	139
902	450	59	138
901	450	61	147
902	443	57	156
899	450	63	152
899	452	61	147
899	452	61	147
899	446	60	147
900	446	59	152
900	451	55	140
898	451	60	146
898	448	61	146
899	449	58	144
899	448	59	139
897	446	61	139
899	440	57	139
901	437	58	150
901	437	55	154
900	442	57	142
903	446	55	133
902	440	56	143
903	435	56	143
906	440	51	128
906	444	51	130
906	440	53	128
907	441	53	127
906	433	55	134
906	441	53	119
907	438	54	132
908	436	54	130
909	434	54	142
910	433	51	137
910	431	53	142
911	436	53	135
911	434	54	135
912	438	53	131
914	434	51	135
913	437	53	131
914	438	52	121
915	439	53	125
913	439	54	123
914	439	53	117
915	436	52	130
915	437	52	132
916	433	50	132
916	433	51	137
915	428	51	136
915	435	52	128
916	427	52	130
918	433	53	128
917	429	52	130
918	425	49	138
917	426	49	134
917	436	52	125
918	429	50	127
917	433	51	127
918	424	51	134
916	428	53	129
916	431	55	129
916	430	52	126
917	428	52	133
917	427	51	130
915	430	54	128
916	429	53	129
916	424	50	134
916	426	51	129
915	429	50	132
916	429	50	131
915	432	51	122
915	427	49	127
915	425	50	127
914	427	50	129
912	428	53	129
911	428	53	125
910	427	52	129
910	427	52	128
909	431	52	120
909	429	50	122
909	429	49	127
907	427	51	131
909	424	49	133
906	425	50	137
905	428	52	131
903	435	54	126
902	436	53	118
900	438	57	118
899	435	55	122
899	435	56	122
900	429	52	125
898	429	55	124
898	432	55	126
896	427	55	131
892	429	59	129
895	425	56	134
888	429	63	127
891	430	58	129
889	426	58	136
887	431	59	126
886	428	60	132
886	432	57	128
884	435	57	122
882	431	57	128
881	436	61	121
879	431	57	128
879	434	56	127
879	430	55	136
877	431	53	131
877	428	53	137
877	428	54	137
876	439	53	129
872	439	54	116
871	440	54	116
871	438	55	123
869	439	52	127
868	439	53	124
866	439	53	125
867	441	53	119
867	441	52	118
866	444	50	121
866	444	50	120
865	444	51	119
862	449	52	115
860	441	53	128
861	438	51	129
861	439	52	135
859	439	51	132
859	436	53	136
858	436	50	136
858	435	51	136
858	435	50	129
855	438	52	126
857	441	50	121
856	438	48	111
856	440	48	110
856	440	49	118
857	433	47	128
856	434	50	126
855	432	51	127
855	428	50	132
856	429	49	129
856	425	49	136
857	426	48	135
857	424	47	136
855	426	48	133
856	426	48	131
857	424	47	134
856	424	49	133
855	427	50	127
854	428	50	125
854	425	50	128
852	426	50	128
855	424	46	131
854	427	48	128
852	427	50	129
851	428	50	129
851	426	48	129
852	428	45	128
852	427	48	123
851	428	46	129
850	428	47	124
850	428	47	126
852	427	46	129
852	426	49	124
852	429	50	126
852	426	49	126
851	427	50	130
852	427	49	128
854	426	48	132
855	429	45	127
855	429	45	122
855	428	46	127
856	429	46	127
856	427	47	129
857	429	48	124
859	430	47	123
860	429	46	123
862	427	46	129
863	429	48	124
864	427	48	124
866	426	46	123
868	428	46	121
871	429	44	120
872	427	45	121
874	428	46	121
876	427	46	121
879	426	43	125
880	431	47	109
883	430	42	114
886	431	44	107
888	430	43	108
889	427	46	116
892	428	47	113
894	429	48	111
898	430	47	113
901	428	47	107
901	428	49	102
903	431	48	98
905	429	49	108
907	430	47	103
909	429	49	102
910	429	49	97
911	427	46	97
912	430	45	98
914	430	45	98
915	432	50	101
915	431	54	98
915	437	56	91
916	435	54	100
917	433	50	99
920	432	51	94
920	434	52	93
921	432	50	96
922	432	49	97
921	432	50	102
924	431	49	105
924	430	51	110
924	428	53	110
925	430	54	106
927	429	52	102
929	429	52	102
927	434	55	103
929	430	51	106
933	429	51	106
931	430	55	104
936	434	50	94
935	432	49	92
938	431	46	97
937	430	49	104
937	429	48	102
939	429	47	96
939	430	47	95
938	429	48	102
939	429	48	92
939	429	49	97
939	428	48	99
940	423	46	97
940	428	47	97
940	421	46	99
940	423	46	102
941	417	45	107
940	425	49	96
939	417	49	100
940	416	49	103
941	414	47	102
943	411	44	105
942	412	45	104
941	410	47	105
941	410	48	101
941	409	51	100
943	408	44	101
942	408	45	99
942	405	47	100
944	404	44	102
944	407	45	96
946	410	44	88
944	412	44	87
944	408	42	101
945	409	43	97
944	409	45	93
944	404	45	109
943	398	49	111
945	402	42	106
945	398	41	110
945	394	41	113
945	399	43	108
945	404	42	105
945	398	41	108
944	405	41	99
945	400	40	105
944	406	46	97
944	402	42	100
946	398	40	103
946	394	39	109
941	392	47	116
941	393	47	111
941	393	45	107
940	394	48	108
940	395	48	100
941	396	45	100
938	398	47	98
938	396	47	93
938	393	45	103
939	391	44	105
939	392	45	103
937	391	46	105
938	392	44	104
936	386	50	111
936	384	47	109
935	388	45	105
936	390	45	91
932	390	53	89
931	397	53	84
932	398	48	81
933	397	45	79
932	396	47	82
929	388	52	92
931	388	49	94
930	388	49	98
929	387	51	94
930	386	48	95
930	386	47	96
928	387	46	98
927	387	46	105
928	388	45	102
928	386	43	101
927	388	42	100
925	385	45	105
927	385	42	100
925	382	42	106
925	384	43	101
925	385	43	102
923	386	44	101
921	388	45	95
922	386	43	99
921	385	41	103
921	383	40	106
920	382	39	108
918	386	42	106
918	387	41	106
913	385	47	105
913	390	44	98
913	389	42	107
912	387	42	108
912	385	42	109
911	391	42	98
910	387	41	108
909	388	42	106
906	389	45	108
907	387	42	112
906	386	40	111
906	385	42	111
904	387	41	111
904	387	40	112
904	386	40	111
904	388	39	110
901	387	42	114
898	388	42	111
899	387	40	101
900	389	37	94
896	389	39	99
894	388	41	99
894	390	39	104
894	388	38	106
891	390	40	91
891	390	39	96
891	390	36	96
889	391	37	103
887	392	40	109
887	391	36	95
886	390	35	93
884	393	38	91
881	394	38	98
878	390	42	100
878	392	40	96
875	395	41	93
874	391	42	98
870	390	43	102
863	391	48	97
865	396	44	106
863	394	45	105
857	396	51	112
856	392	49	114
855	393	49	116
853	392	50	121
854	395	45	108
852	399	46	100
845	388	49	117
846	382	48	132
841	373	54	145
840	382	49	139
843	379	46	144
839	379	46	141
840	383	42	140
837	385	45	129
836	386	45	122
835	385	45	126
835	381	42	134
836	376	41	136
835	378	43	140
836	384	39	133
834	385	41	129
829	385	44	132
830	382	43	134
831	390	40	119
831	390	40	123
831	385	39	124
830	384	39	123
831	380	38	132
829	377	40	135
828	380	42	134
829	378	39	134
828	380	40	133
828	380	41	137
827	377	44	141
827	378	42	138
826	376	43	145
825	377	45	137
827	378	45	129
826	381	44	132
828	376	43	138
826	378	46	141
826	375	45	138
826	376	47	139
826	374	46	144
830	377	44	133
831	373	44	132
829	373	45	143
830	376	46	135
832	374	43	137
836	370	43	144
835	372	43	136
840	373	40	131
840	371	40	128
842	372	38	127
841	377	42	121
843	373	41	123
842	370	45	130
845	367	41	125
848	369	42	126
848	371	43	125
851	376	43	117
851	371	43	129
851	372	45	129
855	372	43	131
853	381	46	124
857	382	43	123
856	382	47	117
857	385	45	117
854	382	56	126
862	385	45	111
860	382	50	114
857	382	55	122
858	379	55	126
858	377	56	120
861	378	54	124
864	376	55	120
861	378	60	121
862	378	59	123
860	375	64	125
862	399	67	122
857	394	71	127
860	383	69	136
859	389	71	127
870	394	65	118
872	392	63	119
883	399	53	106
885	407	50	111
886	401	46	106
890	403	46	116
889	409	47	110
896	399	39	104
895	403	40	100
895	407	46	104
895	407	44	91
898	408	42	86
900	408	42	96
899	406	50	102
901	406	52	97
901	407	48	100
904	405	49	110
905	402	47	116
905	404	48	116
910	404	42	104
910	406	42	102
911	403	44	111
914	404	42	108
914	400	47	118
916	403	42	117
917	407	43	106
920	401	46	116
920	407	48	117
920	406	48	111
922	406	45	118
923	403	46	117
922	402	48	116
923	404	47	111
927	404	43	113
927	400	43	121
927	402	43	122
927	400	44	119
928	403	43	110
930	405	41	115
931	403	41	118
932	407	40	113
933	406	38	115
934	405	41	117
934	408	42	111
936	409	39	113
935	410	37	110
936	408	37	117
937	408	36	103
937	409	37	100
937	411	37	102
938	409	37	103
935	409	40	112
938	412	37	109
939	411	38	110
938	408	38	112
939	412	38	111
939	411	37	104
937	425	39	100
941	420	35	109
942	415	34	114
935	418	42	108
938	416	39	118
935	414	42	115
933	415	44	115
930	408	45	116
931	409	44	113
933	412	43	105
932	409	43	110
930	409	44	103
931	404	44	105
930	405	44	115
929	404	46	123
926	406	47	119
925	405	49	124
924	407	49	115
925	405	47	116
921	408	50	115
924	408	47	103
923	404	45	109
922	402	45	109
922	403	46	109
919	402	49	111
918	402	47	104
917	406	50	97
915	408	51	92
918	406	49	95
918	410	47	92
920	409	45	95
919	407	45	95
918	406	47	101
917	405	48	105
918	408	46	112
916	408	48	113
917	408	45	111
915	409	48	112
914	408	48	118
912	405	48	121
910	408	51	115
914	407	45	116
912	409	46	109
910	410	49	111
914	410	43	109
910	411	47	112
902	411	56	112
905	410	50	108
907	411	51	105
906	412	51	103
905	412	50	106
902	389	53	113
898	409	58	116
899	408	54	116
903	408	49	115
900	410	52	111
900	407	53	114
899	406	51	115
902	409	47	106
906	408	41	110
908	410	38	106
907	408	39	112
906	406	37	103
904	406	41	103
904	407	39	94
903	407	39	85
902	406	41	81
899	408	45	90
901	405	40	104
900	401	41	114
901	399	41	122
896	401	46	118
897	401	44	118
897	406	44	114
893	401	49	116
894	401	49	114
893	405	48	107
894	403	48	112
895	402	47	113
893	406	48	102
891	406	50	109
894	403	46	112
892	403	45	109
894	401	45	116
893	403	48	113
893	403	46	107
895	405	42	103
896	409	42	92
896	405	40	99
895	405	41	105
894	403	42	115
895	406	41	107
895	405	40	108
897	402	37	115
896	402	38	117
895	402	40	114
894	400	41	119
894	402	41	119
891	401	44	120
891	400	44	117
891	401	44	120
893	402	42	113
893	401	44	117
894	399	40	119
892	399	41	121
893	398	40	121
892	399	41	120
893	399	41	120
893	400	41	115
893	399	41	119
894	400	39	117
893	401	41	117
893	401	38	119
892	399	40	123
891	400	41	117
891	399	41	116
891	400	41	112
890	403	42	115
888	403	43	117
891	405	41	107
889	410	43	105
889	407	42	105
888	405	43	111
887	404	44	117
889	404	41	115
887	404	44	118
884	406	46	113
886	413	46	104
886	410	45	108
891	409	39	109
885	409	46	104
885	413	47	108
885	411	46	108
885	410	46	112
885	411	45	111
884	412	46	108
885	408	44	115
885	407	44	119
885	406	43	119
887	404	42	122
885	405	43	122
887	407	44	117
886	408	45	110
887	414	44	102
886	410	45	107
889	410	43	109
886	411	43	112
887	408	43	116
886	411	45	108
888	413	45	100
886	414	48	104
885	415	48	104
888	414	44	96
886	414	45	95
886	415	43	98
885	416	45	97
886	415	44	105
884	414	45	110
883	413	48	112
883	414	48	111
882	412	47	116
881	410	47	119
881	413	47	113
881	414	45	112
881	420	47	106
880	421	48	109
880	420	46	109
881	427	45	108
882	426	46	100
879	426	48	92
880	427	46	103
880	425	46	107
880	426	46	106
879	423	47	111
883	422	42	116
882	422	43	114
883	420	43	114
883	421	44	112
884	417	42	114
885	417	40	115
884	414	43	113
884	413	40	110
886	408	38	115
886	409	41	118
885	412	46	114
886	414	45	111
886	417	47	112
885	414	48	113
885	416	50	114
884	411	51	121
884	411	51	119
884	415	54	113
884	411	52	118
886	411	51	118
886	410	51	120
885	410	52	119
887	413	49	110
887	412	50	114
886	409	51	122
886	411	51	120
886	410	50	118
889	408	46	121
888	407	46	120
888	407	48	122
888	409	48	122
885	409	49	122
886	408	50	123
885	408	51	122
884	409	53	124
885	412	50	118
886	412	51	118
884	411	50	120
885	417	50	115
888	416	47	114
888	417	46	111
888	416	48	112
887	416	48	109
887	415	47	116
887	419	49	108
886	415	49	113
888	418	46	109
890	415	46	113
889	415	46	110
889	418	48	104
889	415	49	111
889	415	47	115
889	416	48	111
891	414	47	112
890	414	46	117
892	414	45	113
892	411	44	117
891	410	47	117
892	416	47	111
892	414	47	110
892	409	48	114
892	411	48	114
891	411	49	115
891	410	48	114
889	410	50	117
891	411	46	115
890	410	46	114
891	412	45	115
889	411	47	114
891	410	42	114
889	412	44	111
887	414	48	112
888	410	44	118
886	417	46	106
885	420	48	105
885	412	47	113
884	416	49	105
885	410	46	111
884	414	47	111
883	410	46	112
884	413	47	104
882	416	49	99
882	414	47	111
881	409	45	116
880	411	46	114
878	421	50	105
880	416	46	111
879	419	48	112
877	418	48	110
882	420	45	106
879	417	46	110
879	419	45	110
878	419	44	113
878	420	46	105
878	421	44	104
877	421	44	104
877	422	44	103
877	422	43	108
877	419	42	109
876	418	43	112
878	419	40	104
876	420	42	106
877	420	42	103
876	419	40	104
875	420	40	105
876	417	41	103
876	420	41	100
875	421	40	102
873	422	41	101
873	420	43	103
873	420	40	100
871	417	42	104
870	414	42	110
869	416	43	109
867	417	44	108
869	411	41	112
868	410	41	113
867	411	42	110
868	414	42	103
869	414	41	103
868	414	41	108
868	411	43	106
866	413	44	105
863	412	47	106
866	411	44	111
868	402	40	115
867	406	42	110
865	407	43	112
867	404	42	113
867	406	40	105
867	403	42	106
867	402	42	108
868	399	40	112
868	401	41	112
869	402	41	108
868	397	41	113
869	398	41	112
867	401	45	110
870	402	43	108
870	405	43	102
869	402	45	107
868	398	45	111
870	399	42	109
871	399	44	105
871	401	43	103
872	404	46	101
873	403	44	99
874	403	43	101
874	402	44	101
875	403	44	100
875	400	41	103
876	401	45	102
876	399	47	104
877	399	45	104
878	401	43	102
880	404	39	97
881	404	41	97
881	407	41	94
882	400	41	101
882	404	42	103
882	403	41	106
883	407	44	102
883	405	47	102
882	403	47	105
887	407	44	97
887	402	45	104
888	403	46	102
885	402	49	104
888	405	46	102
890	403	46	100
893	409	41	90
895	408	41	79
897	402	37	84
898	410	40	85
897	410	42	80
899	407	41	82
899	412	48	85
900	402	44	87
901	404	44	88
901	402	44	91
902	408	47	87
904	405	47	92
905	409	46	84
905	408	49	80
907	402	48	87
909	402	45	85
910	404	43	78
912	402	40	81
913	400	40	88
913	405	40	84
912	408	47	81
916	411	47	74
915	412	46	75
917	412	46	83
920	413	43	71
920	411	41	72
922	411	38	70
923	409	37	67
922	409	49	72
925	406	41	76
927	405	34	75
928	400	36	81
929	411	40	70
928	411	39	68
931	406	38	78
929	406	45	84
928	406	59	95
928	408	64	92
929	403	63	97
932	407	61	91
933	402	61	97
935	400	58	100
935	404	61	95
936	400	59	97
938	400	59	95
938	402	58	94
943	402	52	94
944	399	53	95
945	399	55	95
947	398	54	97
950	397	51	97
952	396	51	99
953	399	53	98
953	404	52	90
955	404	52	88
956	404	53	86
956	406	52	85
958	403	51	91
957	406	53	90
959	405	52	89
959	404	53	91
959	403	53	91
959	403	53	93
959	408	53	91
961	401	50	92
960	401	51	91
960	402	51	88
961	401	51	88
962	402	49	89
959	402	51	92
960	400	49	94
961	396	47	98
960	396	50	99
958	397	52	98
958	394	53	100
961	394	48	100
961	391	49	100
959	389	51	105
959	384	49	108
957	387	54	110
958	388	54	107
956	393	55	103
957	392	55	102
954	391	56	106
951	394	59	102
952	397	59	100
950	398	62	101
952	399	53	100
951	399	54	102
949	401	55	100
948	405	54	97
950	406	52	100
951	407	49	102
949	408	52	99
947	409	53	103
949	413	50	99
948	412	49	97
946	413	52	101
951	412	46	102
943	415	55	100
946	417	52	100
949	415	51	103
949	417	48	103
948	422	50	96
947	419	51	96
948	422	50	95
949	420	50	100
947	420	54	101
946	424	54	95
946	421	54	99
947	420	54	99
948	422	52	96
945	420	55	95
945	419	55	102
949	417	55	100
948	419	54	99
947	422	59	99
949	423	55	94
949	418	57	103
949	415	56	106
951	419	53	105
952	424	52	98
950	420	56	104
949	419	59	103
950	422	58	103
950	420	58	105
951	423	59	102
952	423	58	103
952	425	57	101
948	425	62	100
951	426	57	99
950	426	60	103
949	424	61	101
949	427	61	102
951	427	57	100
949	425	62	104
951	427	59	103
951	426	59	105
951	427	60	102
952	428	61	105
952	428	62	102
952	428	61	103
952	427	59	105
949	430	66	105
949	428	65	105
947	431	67	102
947	432	69	104
945	428	70	108
952	427	64	109
949	428	68	111
950	431	67	111
957	440	61	98
959	442	62	96
958	441	67	97
962	433	57	107
962	431	58	107
964	431	60	111
963	431	56	114
962	433	58	113
961	432	62	112
962	434	61	114
964	437	58	109
960	437	64	110
962	437	60	110
964	431	60	117
966	435	55	110
964	435	53	111
959	441	61	108
957	440	63	109
958	442	66	111
957	441	64	109
961	445	62	109
958	445	65	109
956	449	65	100
957	450	63	104
955	445	65	111
954	444	66	113
956	446	66	114
949	445	72	114
951	446	69	114
951	447	70	120
949	448	69	117
950	447	69	117
946	449	70	117
946	453	68	114
943	453	68	116
940	456	69	113
945	459	62	111
942	453	63	122
939	454	66	120
938	452	70	126
937	454	65	126
934	454	76	127
931	457	68	120
935	459	64	124
933	455	68	129
936	453	56	129
932	456	59	130
930	458	60	131
929	461	63	128
926	462	63	128
925	462	62	132
927	461	60	134
924	461	63	135
921	463	71	134
921	464	68	137
922	470	68	132
921	470	67	135
921	469	69	135
916	467	75	141
917	474	79	137
917	475	75	135
920	477	69	140
916	477	75	141
915	481	75	137
918	483	73	140
918	481	75	142
919	479	73	146
917	483	74	144
911	489	81	142
912	491	80	138
916	487	74	145
912	493	78	140
908	494	84	141
912	496	84	138
911	497	81	134
905	500	87	139
910	499	81	141
920	503	75	136
915	500	79	142
923	504	72	141
922	511	75	136
913	507	83	141
901	511	96	143
906	508	99	159
902	507	100	161
910	504	91	163
907	503	92	165
907	504	93	168
912	503	89	166
925	499	76	172
920	499	80	173
927	498	70	170
913	501	84	156
903	499	97	169
904	497	97	169
902	498	95	167
899	499	101	168
897	504	104	162
901	496	95	173
898	496	98	175
901	497	92	168
893	494	102	174
899	499	96	170
896	497	98	171
891	491	100	178
889	501	100	162
891	497	96	169
891	497	96	169
889	494	96	177
886	493	98	180
891	498	92	175
882	498	99	172
884	503	96	170
876	501	103	171
875	502	105	177
880	502	98	175
871	503	106	173
871	506	99	173
879	506	91	173
875	505	94	176
874	508	94	175
888	504	79	174
905	510	58	178
899	509	60	180
901	511	56	180
903	512	51	181
899	514	54	183
897	514	54	181
893	517	55	182
889	517	59	181
887	517	58	185
887	519	56	182
882	520	57	181
879	518	58	188
871	521	68	183
872	527	65	180
852	524	84	177
843	527	95	176
836	525	102	181
831	526	106	184
839	527	96	179
835	527	98	185
832	533	104	185
837	529	95	186
835	535	96	179
840	536	87	180
841	539	86	173
830	538	99	186
842	543	86	183
834	542	91	187
831	549	98	185
821	552	108	185
837	553	90	176
826	554	101	191
846	551	77	188
843	552	80	200
831	558	94	197
819	555	103	207
832	558	91	201
824	559	97	203
834	560	85	204
835	565	84	199
829	567	89	200
831	567	85	204
832	570	84	205
822	570	94	215
827	569	88	216
830	570	85	209
829	570	84	216
825	575	90	209
826	578	88	206
826	578	89	216
831	579	87	216
827	578	88	219
836	578	81	226
829	586	92	218
829	583	90	231
833	582	95	241
832	579	90	247
832	586	97	245
832	589	96	251
831	589	97	252
831	586	102	264
832	595	102	249
832	594	102	260
835	595	98	264
834	596	101	268
828	605	110	253
838	604	98	262
841	604	97	264
843	603	94	271
842	605	102	276
843	603	101	277
841	605	102	277
844	608	100	276
853	607	92	282
855	611	91	277
853	614	97	276
857	613	96	281
862	617	94	279
858	616	98	285
859	616	97	287
859	614	97	289
861	618	97	289
869	619	94	289
863	621	98	289
869	623	96	293
870	625	99	296
872	628	100	291
872	630	104	305
874	630	96	309
877	635	98	311
879	638	97	302
882	639	92	306
886	643	91	314
881	645	102	316
882	644	101	314
884	648	103	319
884	648	105	322
888	644	104	330
880	651	118	327
882	662	118	317
884	661	113	325
886	661	108	328
889	660	104	329
891	659	104	332
885	662	108	345
889	665	108	337
882	662	113	341
890	663	103	346
891	667	112	347
889	669	110	340
887	667	110	342
890	669	111	342
894	668	105	351
888	673	115	342
892	671	108	333
891	671	113	342
895	670	105	351
893	671	111	356
892	672	110	351
892	675	111	348
891	675	114	348
890	672	115	348
897	670	108	357
897	673	109	353
899	678	106	350
891	677	114	345
900	676	105	345
896	672	109	361
890	674	115	358
898	676	108	353
898	674	107	359
896	672	111	357
899	673	104	354
900	675	107	349
899	677	109	342
893	674	110	342
896	671	113	350
895	670	108	357
887	671	117	357
892	669	113	352
881	663	121	368
887	666	112	357
880	666	114	357
883	663	109	348
883	666	107	339
879	663	113	341
877	657	111	357
873	658	114	347
870	655	116	352
871	656	110	344
866	653	110	345
867	655	110	347
860	654	111	338
864	648	102	350
865	649	102	337
866	641	95	338
865	644	92	344
863	638	91	339
856	639	95	340
857	635	93	337
854	636	93	346
855	632	91	338
847	630	94	354
848	635	93	343
851	626	87	342
847	627	89	345
838	629	93	329
837	635	97	321
839	626	92	330
834	623	94	328
831	626	100	322
833	623	94	327
832	626	92	324
826	620	97	320
829	624	96	315
827	613	92	301
822	615	87	300
824	612	84	282
824	608	81	270
823	609	78	251
821	604	78	243
820	599	75	225
818	602	74	214
815	604	73	220
816	606	75	213
812	602	78	217
810	601	80	212
808	611	78	203
802	615	83	191
803	609	82	204
804	606	82	201
799	604	82	193
803	612	80	206
802	607	83	199
797	605	82	202
799	604	83	212
799	599	76	207
793	606	84	200
796	607	84	197
794	610	83	190
792	610	83	203
794	608	84	207
793	611	83	211
798	610	78	215
790	607	86	207
792	614	83	208
790	611	87	222
790	613	84	228
794	615	86	217
793	618	80	217
796	614	81	227
794	616	81	224
793	617	85	222
793	619	87	228
796	616	84	233
795	619	85	212
797	616	84	226
800	613	82	237
797	614	86	244
798	614	87	222
797	612	83	213
803	613	79	206
799	615	84	211
799	616	86	211
800	613	83	209
800	614	85	210
802	619	88	214
804	615	87	213
803	615	86	225
804	617	85	215
803	618	85	222
805	621	85	220
803	617	84	232
805	618	87	225
804	623	90	221
806	622	90	222
803	625	90	220
804	622	92	223
805	622	90	226
807	624	89	228
807	621	90	218
807	624	93	224
807	620	99	227
805	622	103	218
802	623	106	211
803	621	106	221
803	620	107	222
801	617	105	233
808	621	101	229
806	624	103	222
811	622	97	224
810	624	98	227
815	626	95	228
808	621	100	231
809	625	101	228
816	620	96	233
812	624	97	221
817	623	97	227
817	622	95	210
818	620	97	211
826	620	90	209
829	621	85	194
833	621	79	201
837	620	79	200
832	622	84	195
841	624	75	197
839	618	77	199
840	616	79	191
842	617	81	192
842	619	83	188
843	616	82	191
842	619	90	191
846	619	88	194
846	614	87	210
849	613	90	208
852	613	86	201
854	611	84	204
855	611	88	203
856	614	91	195
857	611	95	187
857	606	97	186
858	604	97	190
861	605	100	190
859	604	101	188
861	603	96	186
861	606	99	186
862	601	99	185
863	597	95	204
864	601	98	218
864	601	95	236
865	598	95	248
865	595	95	262
866	590	96	260
867	587	91	268
867	587	94	270
865	583	98	278
861	581	100	283
860	583	104	276
861	581	103	274
861	578	102	277
860	578	100	266
860	579	106	248
863	572	100	259
863	578	99	232
863	574	99	228
869	565	90	239
867	566	96	219
867	568	93	208
866	570	95	219
869	562	89	206
868	562	92	201
866	563	91	199
867	563	93	212
869	564	89	197
867	559	91	186
868	557	84	200
870	551	80	203
871	554	79	201
870	551	79	206
869	548	78	201
869	547	77	194
867	546	77	188
865	543	79	187
863	541	81	189
864	543	79	183
862	540	79	177
864	535	75	195
862	538	78	185
862	535	81	169
863	535	74	183
863	535	75	182
863	529	72	192
864	527	70	201
866	526	67	202
864	524	67	210
863	522	66	202
864	519	63	199
863	518	63	180
