658	306	234	289
656	315	240	298
655	303	245	314
666	317	229	288
663	307	234	317
674	318	211	301
668	312	224	314
666	326	221	301
665	336	227	292
685	339	201	295
680	350	202	292
677	362	209	271
672	359	215	306
681	362	208	294
680	372	201	272
688	381	201	265
684	383	203	279
683	378	209	295
676	387	216	299
687	389	210	302
684	406	212	288
681	403	207	307
694	405	203	300
688	416	205	280
693	418	202	311
692	423	200	298
695	428	208	307
699	425	198	302
715	434	178	283
719	437	178	281
715	445	183	278
706	450	189	280
707	447	192	312
712	439	184	304
720	453	173	302
717	467	183	289
707	475	196	306
722	474	179	277
737	481	162	261
743	483	158	284
733	495	179	286
726	477	183	288
723	500	191	301
739	500	163	281
741	501	160	272
746	507	155	259
749	517	151	249
749	518	153	238
743	523	181	281
746	520	169	272
747	519	166	300
761	528	144	273
757	522	150	286
758	533	161	281
772	540	144	247
768	544	147	258
771	546	146	253
768	551	147	245
778	548	136	259
782	554	139	229
774	559	151	257
775	557	144	276
774	560	149	252
776	567	148	266
774	572	159	290
765	570	181	327
772	577	156	286
773	585	174	268
780	585	167	274
797	588	145	240
799	591	144	248
808	593	138	239
809	599	131	226
818	602	128	232
814	599	135	273
809	604	145	271
810	604	145	281
803	608	161	286
805	610	158	278
817	614	136	274
813	615	155	272
807	615	154	310
816	616	142	283
828	624	130	261
827	630	145	258
830	628	137	264
834	623	133	264
831	636	134	250
841	628	127	228
842	638	133	218
849	643	120	214
846	644	128	246
859	647	116	224
853	653	129	230
854	646	122	260
849	653	142	267
848	658	141	289
843	663	150	303
852	654	133	281
858	662	132	282
857	657	132	297
857	666	135	298
872	669	122	275
872	669	125	258
886	670	116	252
872	670	128	274
884	669	117	273
881	673	122	260
886	676	118	244
892	679	115	240
873	683	138	233
881	682	143	245
875	684	150	236
889	681	127	223
900	686	117	224
898	683	119	221
894	681	135	224
878	684	157	213
869	682	165	225
873	678	161	229
868	686	164	230
873	682	158	240
876	678	151	235
886	676	137	217
884	680	131	207
878	678	130	195
877	677	122	197
880	678	114	192
869	670	116	207
862	672	120	186
855	671	115	198
845	671	118	197
832	669	125	212
846	666	101	192
826	666	114	213
813	665	127	213
798	667	142	238
784	665	150	238
761	669	174	268
751	663	188	279
743	662	167	285
736	664	182	294
727	661	167	295
730	663	160	302
723	658	167	299
707	659	180	320
705	662	169	285
710	663	164	262
698	658	166	261
705	658	159	276
691	662	176	264
685	659	180	274
691	657	181	273
697	659	165	249
682	662	184	248
681	653	188	252
678	651	200	247
677	649	201	251
669	648	215	259
679	642	197	245
679	644	209	238
678	650	203	230
675	640	213	240
672	638	220	245
669	636	225	246
657	642	243	232
659	637	244	228
658	633	244	227
643	634	264	233
636	625	269	248
734	698	223	239
758	698	180	246
782	699	134	255
793	696	123	283
795	690	125	321
661	594	132	295
666	612	128	267
654	611	130	231
661	620	103	200
674	617	87	194
668	615	88	195
663	613	89	198
662	613	85	196
656	619	87	196
648	613	94	186
651	613	85	192
645	612	94	182
648	609	90	190
652	605	86	192
657	607	80	192
651	604	84	186
657	603	80	178
665	602	73	176
669	599	74	174
666	599	79	177
669	596	78	174
670	595	81	174
673	594	82	173
681	593	76	173
686	590	74	172
678	591	85	171
690	586	79	165
698	586	71	160
688	588	81	155
687	586	86	167
676	584	97	160
684	584	85	162
690	578	77	163
690	578	76	155
681	584	83	151
672	577	92	155
670	577	84	153
669	576	80	150
666	576	75	149
660	574	77	156
659	576	79	149
660	573	73	156
652	576	82	154
654	577	75	154
656	576	71	154
657	577	69	152
658	578	68	145
657	577	67	145
651	581	72	149
653	581	69	148
654	581	65	151
651	586	68	146
652	587	65	143
653	586	62	142
650	586	63	141
649	586	62	137
649	588	61	128
649	584	61	132
646	582	63	137
647	579	62	137
649	574	58	143
647	581	59	140
644	587	60	133
642	585	63	128
646	584	55	132
641	585	58	133
635	584	65	135
639	585	58	136
631	593	63	125
628	589	67	130
631	590	64	131
627	590	68	130
626	588	66	131
625	594	67	129
621	591	72	131
628	586	61	135
632	590	57	135
631	593	60	126
630	601	59	121
628	595	61	129
627	590	60	130
627	591	62	130
630	591	55	132
634	592	57	128
630	592	67	126
622	591	81	129
631	593	59	119
632	589	61	121
635	588	56	119
629	588	65	119
635	586	52	116
635	584	51	113
637	585	49	113
635	584	56	109
641	580	48	111
639	585	52	108
639	587	52	108
639	589	55	111
637	588	53	108
633	579	58	119
637	584	53	113
634	588	58	113
643	587	46	110
637	592	52	105
640	581	49	115
640	577	50	116
640	577	48	116
635	576	52	117
632	581	53	113
625	571	64	122
623	586	66	107
631	586	51	99
634	574	48	104
633	571	50	111
637	577	45	108
631	582	50	106
628	569	59	116
628	570	60	111
629	568	53	112
630	567	49	106
629	564	52	114
631	565	53	110
634	569	49	104
641	568	48	101
646	562	44	106
645	558	52	109
652	563	52	98
661	560	47	108
667	564	47	103
669	560	48	101
672	560	47	96
681	560	40	97
681	561	44	92
677	559	48	96
681	559	49	99
687	558	43	95
687	558	43	96
684	557	45	95
685	554	43	92
684	553	45	95
684	552	46	95
686	553	44	94
685	550	44	97
683	554	43	93
683	547	42	93
680	547	42	94
676	544	49	95
678	545	50	86
680	547	46	83
682	551	41	78
685	544	37	86
688	540	36	97
688	540	40	87
691	541	42	91
689	539	45	99
691	537	45	97
698	535	40	95
697	538	42	93
702	545	40	83
705	533	40	88
706	526	41	100
706	525	43	98
709	526	41	101
709	525	37	98
713	528	36	90
710	523	38	88
709	525	42	94
707	522	37	97
710	525	39	91
707	523	40	95
709	523	36	94
708	525	37	92
705	518	40	89
708	522	38	78
708	519	39	84
708	524	40	79
713	519	44	76
713	520	39	78
714	521	45	75
716	511	52	83
723	512	47	79
728	517	43	73
732	512	49	79
737	515	45	79
749	510	45	87
754	507	42	87
762	507	41	94
769	509	41	84
781	512	34	81
787	511	41	80
795	517	39	75
802	509	33	78
807	518	37	82
808	509	42	75
814	505	39	74
811	514	43	65
814	510	48	70
820	510	41	67
819	507	44	70
823	509	46	68
825	508	42	70
823	503	40	73
824	503	39	75
825	504	38	76
828	504	36	71
829	507	37	75
826	502	36	77
829	509	32	68
828	502	33	71
828	494	33	70
826	492	35	75
828	498	32	78
828	497	34	71
827	489	36	77
825	490	46	80
827	493	37	74
828	501	35	68
830	497	30	74
829	505	30	69
828	497	32	68
830	496	33	67
829	501	31	69
827	493	34	75
822	492	43	74
829	486	35	70
821	498	42	73
827	501	31	68
826	495	33	73
828	497	35	71
828	497	32	70
828	498	27	66
826	499	32	72
825	494	28	63
827	507	28	57
828	495	25	62
827	494	35	65
827	494	36	71
828	491	35	81
826	490	38	73
826	486	43	69
826	488	40	60
824	491	38	56
819	488	46	59
824	486	41	60
826	486	39	58
827	486	38	60
827	486	40	54
825	485	39	54
827	480	40	58
824	480	45	62
827	480	39	60
829	481	39	58
829	483	35	61
828	479	36	61
827	481	37	59
827	478	40	63
826	484	39	59
829	485	35	48
829	480	34	54
830	479	36	60
826	479	38	58
822	479	43	57
825	475	49	65
828	477	45	61
831	476	39	65
836	476	34	60
833	476	40	58
834	476	32	61
838	476	28	61
835	476	32	65
832	471	37	61
837	473	35	59
836	475	38	54
838	474	34	56
838	470	31	55
838	467	31	57
839	463	31	68
839	464	31	72
838	465	30	64
840	466	32	61
836	465	34	60
835	470	35	58
834	467	36	61
834	456	36	69
838	463	34	62
842	471	32	55
838	464	34	59
838	467	37	56
840	470	43	59
838	470	44	57
839	463	40	66
841	470	35	62
840	472	44	56
840	470	43	58
833	471	46	58
838	474	44	54
839	475	40	52
841	472	36	53
840	475	38	54
840	476	43	58
840	475	47	54
840	474	44	66
841	475	42	58
841	474	44	57
842	473	52	54
843	473	40	58
845	475	40	53
842	473	46	55
841	475	49	52
843	477	42	53
839	471	41	60
842	472	41	59
843	470	42	68
842	461	46	67
850	460	34	68
849	463	37	68
848	462	33	62
847	456	37	68
841	461	38	58
842	458	39	67
845	463	36	62
844	460	34	56
842	462	43	54
836	462	52	57
836	458	57	55
835	452	55	60
833	454	65	59
817	461	59	53
818	460	54	53
825	461	51	55
825	459	49	56
825	459	45	61
830	456	36	54
825	457	41	56
826	456	39	59
828	457	38	54
824	454	45	59
825	455	42	56
827	458	38	53
829	458	34	54
829	456	33	58
827	456	37	61
822	453	42	60
824	453	39	57
819	453	47	58
826	449	36	65
824	455	44	59
823	457	52	63
823	453	42	60
819	450	40	58
825	451	32	62
822	455	35	53
820	445	38	59
822	456	38	59
822	459	40	49
823	459	35	53
819	455	41	56
817	453	43	63
818	445	50	71
816	444	54	63
814	447	64	65
809	446	66	59
809	450	54	65
810	451	51	58
817	449	44	63
816	447	44	60
818	449	39	55
815	446	43	61
820	446	35	54
820	446	39	58
814	445	48	59
814	443	46	62
813	445	48	59
817	442	43	66
812	444	53	60
815	446	46	64
821	445	38	61
822	446	32	67
822	440	28	59
820	444	31	53
820	445	31	50
817	444	30	51
818	444	29	50
819	446	30	49
820	447	30	50
817	447	31	49
817	448	31	49
817	450	32	51
814	445	39	55
813	445	35	57
812	445	35	45
813	446	35	50
812	447	33	50
813	445	36	52
811	445	37	50
808	444	43	54
806	444	43	53
806	444	43	54
809	445	39	51
811	445	36	52
812	442	38	50
807	453	42	45
806	459	42	38
814	455	42	43
811	446	41	51
811	442	36	57
811	438	36	61
813	446	36	55
821	444	29	58
814	442	33	64
809	438	36	73
811	432	37	73
806	428	42	68
809	431	38	79
808	426	42	91
804	422	48	88
804	423	46	85
808	446	46	75
813	428	40	79
811	419	42	83
809	432	47	77
815	437	41	75
817	444	32	62
820	440	30	62
822	444	28	57
822	444	29	58
817	442	33	55
816	452	40	46
817	458	45	49
805	444	48	54
809	459	56	55
814	442	47	64
820	442	38	57
809	440	44	68
735	395	47	78
734	397	48	82
804	439	51	85
733	399	53	77
803	439	56	64
809	449	44	61
814	454	40	55
818	458	33	58
822	448	27	58
818	449	33	56
816	448	34	56
815	449	35	61
818	450	34	58
819	453	30	63
822	448	27	63
821	449	27	53
818	449	30	48
820	453	29	43
824	457	25	40
823	456	27	42
818	448	33	48
814	446	37	49
808	443	44	56
803	449	51	48
810	447	44	48
808	450	45	53
815	453	39	43
816	458	36	41
818	456	36	42
821	457	29	46
823	461	27	44
822	449	28	46
822	451	35	51
821	459	39	46
817	463	48	46
818	451	37	51
823	457	38	49
822	456	36	44
822	457	46	41
822	458	46	39
824	458	41	44
821	454	45	45
822	461	48	39
827	457	39	45
827	451	42	53
825	445	44	61
830	444	40	71
832	442	37	77
827	441	43	88
826	444	41	80
832	438	35	76
829	438	41	70
830	440	39	67
831	443	42	62
831	444	49	60
822	443	56	62
826	444	52	61
826	447	54	56
820	444	52	59
825	443	55	63
820	448	50	70
818	446	48	73
827	445	40	64
828	454	38	59
832	447	40	68
818	447	49	71
821	451	49	60
824	461	49	49
811	446	50	51
809	447	45	53
824	456	49	50
818	461	53	39
817	461	52	48
818	459	50	44
805	440	44	56
819	446	49	51
809	443	40	55
816	458	52	57
800	444	60	61
809	449	49	59
810	458	46	56
815	456	37	49
817	460	36	50
806	451	43	49
800	454	51	55
798	443	47	51
801	442	50	52
810	443	45	54
812	444	38	52
816	443	37	59
801	441	47	56
799	453	50	61
798	432	45	70
789	435	51	64
791	458	46	60
793	453	59	65
780	450	70	60
785	453	78	59
677	415	67	72
684	399	60	94
686	401	55	92
688	402	49	92
688	402	49	92
684	392	52	98
682	394	58	100
682	394	58	100
785	436	58	96
782	441	70	108
782	441	70	108
757	413	84	100
883	253	88	83
885	235	89	85
881	246	96	88
877	250	102	91
874	252	114	89
877	254	101	98
873	238	102	85
871	248	101	74
876	248	100	89
873	248	97	91
874	234	96	94
873	243	102	99
870	217	93	96
865	218	102	115
863	236	119	93
870	241	121	104
870	241	120	120
1118	443	118	102
1230	472	100	121
1422	588	111	127
1437	571	102	145
1451	566	104	153
1433	557	111	154
1441	548	118	158
1424	566	128	167
1447	557	110	158
1429	548	128	170
1450	537	104	179
1461	524	106	172
1436	544	111	201
1448	531	110	191
1471	520	99	188
1446	538	115	199
1460	535	114	181
1464	561	110	196
1477	548	94	222
1476	545	105	211
1490	548	104	203
1470	533	112	210
1480	531	116	201
1495	519	115	222
1500	559	114	243
1502	514	121	254
1504	516	123	252
1509	524	123	267
1516	524	122	272
1517	521	121	282
1529	522	118	278
1520	524	131	276
1526	526	126	291
1528	524	136	289
1529	520	143	288
1545	515	130	299
1559	521	119	297
1553	528	130	286
1558	527	135	297
1568	529	126	283
1570	527	138	285
1577	526	138	303
1585	532	136	295
1588	527	138	304
1606	531	133	294
1599	537	144	288
1607	540	144	291
1607	536	153	305
1607	534	168	309
1613	536	166	306
1623	545	165	285
1632	546	164	288
1657	555	154	294
1665	549	165	293
1655	552	177	301
1668	558	173	295
1689	560	167	292
1690	558	174	301
1680	567	195	289
1688	573	231	302
1699	576	222	298
1681	574	242	312
1677	583	244	328
1738	583	223	379
1669	709	255	405
1729	572	231	451
1701	602	232	479
1727	622	187	462
1655	691	241	407
1748	603	179	457
1681	659	232	426
1694	720	234	415
1694	720	234	415
1694	720	234	415
1713	734	202	372
1713	734	202	372
1720	827	195	299
1736	851	174	239
1736	851	174	239
1728	859	186	215
1728	859	186	215
1728	859	186	215
1718	890	198	187
1718	890	198	187
1718	890	198	187
1718	890	198	187
1790	697	176	164
1797	690	133	181
1801	687	115	163
1800	698	114	139
1794	715	110	124
1793	723	95	93
1783	737	97	75
1775	734	92	76
1755	732	94	75
1751	730	88	74
1741	725	85	79
1733	724	86	77
1717	721	94	76
1715	721	90	77
1716	720	83	74
1707	718	88	75
1709	720	84	72
1707	717	82	75
1705	717	83	72
1709	718	80	76
1708	718	79	79
1706	718	80	75
1705	717	81	74
1706	717	79	71
1696	714	88	76
1697	717	85	78
1697	717	86	70
1697	717	82	73
1699	715	80	72
1694	719	83	74
1692	716	83	70
1688	719	86	68
1682	719	91	73
1682	716	87	70
1682	715	88	79
1677	710	85	82
1682	719	81	74
1672	717	88	71
1667	715	87	73
1665	717	88	69
1669	719	82	66
1663	714	84	72
1668	717	76	70
1665	718	79	68
1661	718	84	71
1663	716	79	73
1661	716	80	70
1655	709	87	77
1661	718	82	70
1654	709	86	76
1658	713	85	71
1660	715	76	73
1662	714	77	73
1655	712	83	76
1657	708	79	79
1660	708	76	77
1656	712	78	75
1656	712	78	74
1654	716	81	74
1653	716	81	71
1657	716	77	75
1663	718	70	71
1658	719	76	73
1656	719	80	77
1659	720	75	79
1657	722	78	75
1658	717	74	78
1655	722	77	76
1651	724	84	74
1656	732	82	69
1656	728	78	74
1650	734	88	70
1661	731	75	75
1659	730	82	83
1659	738	79	72
1657	733	84	78
1660	737	80	79
1657	738	83	78
1661	743	82	76
1659	744	83	76
1662	750	85	75
1663	746	82	87
1666	749	82	80
1665	748	82	78
1661	759	89	75
1661	754	92	81
1664	762	90	82
1662	761	95	79
1666	761	92	86
1669	759	89	91
1677	766	82	86
1673	772	87	86
1674	773	92	87
1678	779	91	85
1678	778	93	90
1682	778	92	91
1684	784	92	90
1684	786	97	91
1688	795	99	88
1691	795	98	90
1696	805	98	87
1703	800	94	90
1699	804	103	92
1702	806	106	98
1711	808	103	98
1708	810	113	100
1712	802	110	123
1708	817	121	109
1714	815	121	112
1704	823	138	117
1707	828	142	113
1723	833	133	115
1729	833	130	123
1741	844	125	113
1745	849	128	112
1760	844	123	114
1767	851	114	112
1769	853	123	111
1765	852	128	116
1770	854	119	110
1767	851	132	108
1774	849	128	114
1758	848	145	120
1775	847	134	123
1779	846	135	118
1788	845	126	115
1778	845	139	120
1774	837	145	119
1768	836	150	120
1767	832	150	121
1784	827	137	124
1791	828	128	116
1797	832	122	115
1792	828	126	121
1800	827	122	109
1787	824	132	112
1796	821	125	115
1803	818	116	110
1800	817	116	114
1792	818	128	116
1784	817	136	121
1795	815	124	115
1793	816	126	117
1787	815	133	123
1794	817	126	116
1793	815	129	125
1783	816	134	123
1784	820	137	133
1794	820	129	146
1787	818	133	131
1791	818	127	123
1794	825	127	127
1800	827	121	122
1807	826	114	119
1807	830	112	122
1816	830	104	121
1819	831	102	126
1817	832	103	128
1808	836	114	130
1808	838	111	128
1805	842	116	128
1797	845	119	118
1804	848	113	126
1814	850	101	127
1819	849	98	123
1818	856	98	123
1811	858	105	127
1837	859	85	120
1834	860	88	138
1829	864	89	138
1837	870	84	134
1840	874	83	140
1840	871	79	142
1841	881	78	149
1846	885	73	166
1848	885	72	175
1865	873	57	161
1865	873	57	161
1865	873	57	161
1865	873	57	161
1658	708	71	173
1658	717	75	162
1658	717	75	162
1658	717	75	162
1658	717	75	162
1658	717	75	162
1658	717	75	162
1658	717	75	162
1658	717	75	162
1658	717	75	162
1658	717	75	162
1722	751	79	141
1745	781	72	123
1745	781	72	123
1755	817	70	102
1775	822	60	81
1782	833	62	76
1782	833	62	76
1782	833	62	76
1810	851	54	73
1815	854	62	74
1815	854	62	74
1828	864	69	75
1828	868	80	71
1836	869	78	69
1840	870	75	80
1846	873	73	76
1848	876	69	74
1854	875	66	77
1855	875	62	77
1862	876	56	77
1866	872	49	78
1868	873	47	79
1869	870	46	81
1868	868	51	79
1857	875	55	84
1859	871	58	73
1863	866	56	75
1862	872	50	69
1865	865	50	75
1867	862	42	78
1863	861	48	75
1864	859	47	74
1860	858	52	72
1854	856	63	72
1852	854	65	76
1850	850	66	75
1849	848	67	76
1847	847	68	76
1845	846	70	77
1844	846	68	73
1842	845	67	76
1841	844	61	73
1840	844	54	74
1842	844	41	73
1843	844	33	77
1842	845	36	74
1843	842	30	74
1841	838	32	79
1842	838	27	77
1841	841	25	72
1836	843	31	67
1835	841	33	71
1832	840	31	72
1826	838	37	74
1825	838	36	72
1825	838	37	75
1823	838	43	70
1819	835	53	73
1820	834	45	74
1819	834	43	73
1820	832	41	74
1816	832	43	73
1818	834	39	72
1821	833	33	73
1822	831	32	74
1818	830	40	74
1819	830	37	75
1821	833	30	70
1823	830	29	71
1823	829	30	73
1825	827	29	73
1826	827	31	73
1828	825	31	75
1832	827	31	72
1835	827	31	72
1838	827	32	72
1845	829	31	72
1847	829	33	72
1856	830	29	73
1860	829	28	74
1868	831	27	75
1873	832	31	74
1872	833	34	75
1880	833	37	76
1888	838	32	73
1889	837	30	75
1891	839	28	72
1888	834	31	81
1887	839	30	76
1887	839	30	76
1895	840	31	76
1895	840	31	76
1895	840	31	76
1895	840	31	76
1895	840	31	76
1895	840	31	76
1895	840	31	76
1895	840	31	76
1895	840	31	76
1895	840	31	76
1895	840	31	76
1895	840	31	76
1895	840	31	76
1895	840	31	76
1895	840	31	76
1895	840	31	76
1895	840	31	76
1895	840	31	76
1895	840	31	76
1895	840	31	76
1895	840	31	76
1895	840	31	76
1895	840	31	76
1895	840	31	76
1895	840	31	76
1895	840	31	76
1895	840	31	76
1895	840	31	76
1895	840	31	76
1895	840	31	76
1895	840	31	76
1895	840	31	76
1895	840	31	76
1895	840	31	76
1895	840	31	76
1895	840	31	76
1800	909	39	68
1766	923	46	75
1795	909	47	71
1777	902	51	76
1781	918	60	81
1790	922	61	75
1767	924	66	66
1763	935	74	57
1763	940	95	54
1757	948	102	47
1754	953	103	44
1758	953	101	45
1752	958	107	44
1747	960	111	42
1751	959	105	44
1750	964	104	41
1747	964	105	44
1747	964	98	45
1745	967	95	42
1739	972	100	40
1734	970	104	43
1731	972	101	42
1720	971	106	45
1718	974	105	43
1710	974	108	44
1701	974	108	46
1700	976	105	45
1691	977	108	44
1678	976	113	46
1673	978	116	46
1676	981	103	44
1668	985	107	41
1667	986	104	41
1663	985	110	46
1648	991	116	42
1652	991	114	43
1653	996	112	41
1656	994	107	47
1647	1002	117	39
1646	1004	115	42
1644	1003	116	47
1642	1007	119	45
1638	1008	122	50
1639	1011	120	50
1643	1017	114	46
1639	1018	115	47
1643	1022	109	48
1634	1024	115	48
1630	1030	117	44
1623	1035	124	40
1611	1039	133	37
1610	1042	126	36
1612	1046	116	30
1597	1050	124	27
1594	1051	123	31
1591	1054	112	24
1579	1057	105	26
1582	1052	93	30
1563	1046	101	41
1563	1046	101	41
1563	1046	101	41
1563	1046	101	41
1563	1046	101	41
1563	1046	101	41
1563	1046	101	41
1563	1046	101	41
1563	1046	101	41
1563	1046	101	41
1563	1046	101	41
1563	1046	101	41
1563	1046	101	41
1563	1046	101	41
1563	1046	101	41
1563	1046	101	41
1563	1046	101	41
1563	1046	101	41
1563	1046	101	41
1563	1046	101	41
1563	1046	101	41
1563	1046	101	41
1563	1046	101	41
1563	1046	101	41
1563	1046	101	41
1563	1046	101	41
1563	1046	101	41
1563	1046	101	41
1563	1046	101	41
1563	1046	101	41
1563	1046	101	41
1563	1046	101	41
1563	1046	101	41
1424	1048	107	36
1421	1055	103	26
1424	1057	91	21
1427	1054	92	24
1426	1050	79	28
1422	1046	78	30
1422	1043	73	33
1424	1038	66	36
1420	1031	66	36
1415	1028	69	35
1411	1018	70	42
1406	1014	74	41
1404	1011	67	37
1398	1002	74	41
1398	998	63	40
1398	993	57	41
1394	986	59	42
1386	980	59	40
1379	974	63	37
1375	968	62	38
1369	961	65	39
1365	956	64	36
1364	948	56	38
1361	942	49	36
1355	934	55	38
1351	929	48	37
1343	921	51	36
1338	915	52	36
1334	906	49	35
1325	898	51	34
1323	888	49	35
1316	876	51	35
1314	864	47	33
1302	850	55	37
1298	836	56	41
1294	825	59	35
1292	814	58	36
1290	801	74	40
1279	788	82	42
1269	778	87	43
1245	758	85	48
1258	753	88	44
1235	735	91	52
1236	724	98	56
1235	718	95	49
1228	703	95	49
1219	697	98	49
1217	674	96	59
1207	668	102	61
1203	655	100	67
1192	637	104	73
1183	626	112	79
1181	617	104	74
1175	609	106	75
1176	598	105	75
1174	586	98	78
1167	578	96	77
1165	567	96	73
1156	560	101	72
1155	551	100	69
1152	542	99	79
1145	529	104	77
1141	525	98	67
1138	517	96	68
1129	506	94	65
1152	500	112	70
1126	489	112	70
1124	482	102	66
1126	471	97	69
1117	463	89	78
1111	458	87	65
1111	450	85	67
1104	441	86	67
1096	429	85	75
1094	422	89	67
1090	417	91	64
1085	411	92	56
1081	402	99	56
1081	393	90	61
1112	390	101	65
1094	379	112	76
1072	372	110	67
1071	365	124	75
1075	360	126	79
1084	351	125	82
1051	353	137	71
1053	351	137	70
1056	349	130	62
1042	342	142	71
1039	340	144	70
1040	338	144	67
1047	333	137	68
1054	332	134	67
1032	335	140	58
1031	331	142	61
1042	326	125	73
1057	323	131	85
1041	327	113	65
1044	326	112	58
1029	326	124	55
1030	323	123	57
1036	322	114	59
1045	321	100	55
1037	323	101	54
1022	321	113	54
1026	320	106	53
1017	320	111	54
1023	317	109	59
1023	316	107	53
1016	316	113	55
1027	316	104	62
1040	314	89	59
1036	319	88	44
1033	313	89	52
1033	314	88	50
1028	312	92	60
1039	311	89	57
1033	311	88	54
1027	310	93	56
1026	312	92	56
1022	314	91	54
1011	316	101	51
1027	314	98	56
1013	319	101	49
1025	320	92	50
1026	318	85	56
1018	319	89	56
1033	321	84	56
1025	321	90	56
1019	323	92	53
1005	325	99	54
1013	325	97	51
1026	323	89	52
1032	321	84	58
1037	323	77	57
1028	322	82	65
1038	322	74	54
1027	325	84	47
1028	324	85	50
1029	321	91	55
1037	320	81	60
1027	321	83	59
1036	319	78	57
1026	319	87	56
1036	321	75	52
1043	319	66	56
1038	319	70	54
1034	317	73	55
1042	318	67	52
1042	317	66	51
1044	314	62	55
1044	309	62	57
1050	310	50	63
1050	312	52	57
1049	314	57	55
1050	315	53	52
1048	316	57	54
1049	312	58	56
1047	309	64	56
1049	314	54	52
1052	312	49	52
1015	314	51	50
1046	309	57	48
1009	311	61	41
1018	308	51	43
1016	303	55	47
1015	302	54	46
1051	288	50	54
1053	282	52	63
1050	278	55	70
1051	269	52	65
1050	272	57	63
1047	271	55	50
1050	265	53	50
1050	259	51	50
1050	256	58	52
1049	258	55	48
1047	254	61	51
1047	255	61	48
1049	254	60	51
1050	254	55	50
1052	252	55	50
1052	246	58	58
1052	251	48	51
1054	244	47	62
1051	247	56	55
1051	249	53	54
1050	247	59	53
1053	246	54	53
1052	244	54	52
1053	244	51	58
1055	244	52	58
1052	243	56	57
1053	245	51	53
1053	243	52	55
1054	241	47	64
1054	241	49	71
1058	239	44	66
1054	233	55	61
1050	236	59	49
1050	236	61	48
1050	234	61	51
1050	235	57	51
1051	233	55	59
1051	230	57	62
1053	230	51	58
1054	228	52	58
1056	228	50	63
1054	227	50	60
1054	225	54	63
1054	226	55	60
1055	224	56	62
1053	227	58	59
1055	226	53	56
1059	226	48	58
1062	225	45	60
1061	224	50	59
1062	223	50	55
1063	223	55	51
1066	225	50	49
1072	225	47	46
1078	225	46	52
1084	226	46	44
1093	227	49	46
1100	224	52	52
1105	226	56	49
1118	227	52	46
1126	226	52	48
1140	224	44	51
1152	225	46	54
1161	226	42	63
1171	228	43	64
1181	229	44	59
1191	228	45	57
1203	227	40	52
1214	230	42	55
1225	227	40	58
1237	229	42	53
1246	231	41	54
1260	230	39	61
1265	230	45	54
1276	234	46	62
1286	234	45	54
1294	234	47	53
1308	236	41	55
1315	236	45	50
1324	238	46	47
1337	238	42	49
1346	237	43	52
1356	235	46	52
1366	236	47	51
1377	238	40	46
1388	237	43	47
1398	237	40	43
1408	236	40	46
1420	237	45	48
1428	235	44	53
1436	237	47	49
1446	237	51	48
1456	236	49	50
1470	238	42	45
1478	239	43	53
1487	239	44	48
1498	237	50	44
1507	238	50	48
1517	238	43	49
1527	241	41	47
1537	238	45	46
1548	237	52	50
1554	237	54	50
1565	238	51	48
1578	239	43	49
1587	239	47	45
1598	239	42	46
1608	237	45	48
1620	238	42	51
1628	237	45	48
1638	238	44	49
1650	238	38	57
1659	239	39	47
1668	239	43	43
1680	240	34	46
1688	240	39	45
1698	239	40	45
1710	238	38	51
1720	238	36	50
1729	238	40	55
1738	238	39	51
1745	240	45	48
1757	240	43	49
1766	239	44	52
1775	238	45	52
1789	238	37	49
1798	239	35	52
1806	238	36	49
1813	240	41	49
1824	239	41	50
1835	238	39	50
1844	238	41	53
1853	240	37	45
1864	239	40	52
1868	237	48	48
1875	237	45	55
1878	235	40	49
1884	233	35	55
1883	234	35	51
1880	231	38	56
1877	227	41	65
1873	229	45	62
1870	229	49	64
1867	225	52	63
1861	228	53	64
1861	225	48	68
1858	220	60	73
1840	224	79	74
1846	224	74	69
1832	226	88	66
1829	227	88	69
1811	227	103	74
1818	223	102	90
1815	228	103	76
1813	228	103	72
1808	229	110	68
1806	230	113	69
1791	228	131	73
1793	228	127	74
1796	228	124	76
1768	233	139	79
1762	230	155	75
1762	228	160	83
1758	231	166	82
1741	236	180	65
1766	230	158	67
1775	227	147	82
1787	228	134	80
1786	230	133	83
1781	234	137	76
1796	235	123	63
1780	237	133	60
1791	235	131	63
1789	239	128	58
1792	238	124	68
1779	238	123	68
1778	237	141	78
1793	239	128	72
1772	237	143	74
1789	239	129	69
1795	240	124	73
1760	240	142	73
1777	235	145	87
1778	238	139	70
1793	238	122	65
1793	238	124	68
1792	239	127	72
1792	239	122	66
1792	239	126	60
1791	238	128	57
1777	239	126	58
1791	239	127	61
1765	239	135	70
1778	237	128	69
1789	239	128	68
1758	241	129	65
1791	236	126	65
1791	236	121	71
1789	236	130	72
1793	238	127	78
1790	238	129	70
1794	237	127	86
1789	234	131	69
1780	236	134	67
1790	237	127	69
1788	236	131	73
1790	238	130	84
1785	234	132	93
1785	229	134	86
1787	233	135	87
1777	231	143	80
1786	234	137	80
1785	235	135	86
1787	236	131	71
1784	236	134	79
1775	236	141	75
1778	231	141	90
1760	234	124	67
1758	235	116	60
1755	235	115	64
1749	235	117	51
1743	234	104	62
1752	235	92	68
1750	237	95	52
1745	237	104	55
1750	237	105	66
