1403	547	385	424
1388	543	363	415
1384	531	327	441
1345	536	347	417
1333	542	335	411
1293	527	367	433
1275	526	354	418
1263	527	344	394
1236	517	356	406
1214	517	352	414
1193	522	373	388
1177	531	340	373
1145	512	357	404
1143	517	326	380
1126	507	317	395
1102	506	333	405
1085	520	309	390
1065	513	315	375
1055	512	299	390
1040	510	289	381
1020	515	287	383
983	516	300	373
969	507	306	383
945	508	315	368
930	506	306	386
925	503	278	368
901	507	300	381
889	512	284	368
883	510	271	364
849	515	288	372
827	507	314	387
810	502	299	391
802	498	291	394
790	502	293	400
784	510	299	391
781	504	298	390
774	500	296	383
780	499	285	374
785	503	285	371
783	496	258	370
776	511	280	357
762	502	313	377
763	495	293	394
756	503	306	375
753	499	317	390
750	498	329	378
756	507	319	362
757	500	321	377
773	497	290	377
782	500	282	376
767	495	297	366
786	495	273	375
774	491	285	383
771	495	292	362
780	496	285	372
757	499	312	402
773	492	291	380
776	495	292	377
790	499	277	356
784	495	277	374
774	485	293	396
768	489	299	389
776	494	291	382
781	488	275	393
765	494	312	378
771	486	305	376
768	485	291	377
788	486	280	380
773	489	296	388
772	482	293	365
777	492	289	357
777	488	285	376
775	485	289	364
768	492	299	369
762	485	311	372
778	491	291	371
786	484	282	366
781	498	295	358
785	495	280	357
782	484	280	374
791	494	287	367
789	493	269	358
780	487	292	386
787	481	292	375
785	488	275	369
763	486	310	381
775	489	270	388
764	488	293	368
754	492	302	377
735	490	320	364
729	482	319	373
737	488	289	377
731	487	294	369
716	487	309	368
726	491	289	381
709	486	312	381
710	490	304	365
719	491	290	356
723	484	280	366
712	489	275	359
729	490	270	347
713	494	285	350
716	488	282	374
724	491	276	359
723	491	276	366
733	491	265	359
720	488	282	361
714	491	288	359
718	493	286	352
721	491	277	340
733	489	265	359
721	485	273	363
722	488	283	375
718	491	292	379
722	490	280	386
726	484	277	364
723	487	282	363
718	481	286	378
719	481	295	376
722	484	283	381
723	494	286	363
726	486	284	366
715	493	296	370
718	481	291	374
712	490	304	351
719	489	296	363
715	488	307	367
724	489	283	354
738	485	273	369
729	484	274	349
731	483	274	367
725	481	274	380
725	490	282	358
720	477	292	393
726	483	286	380
723	476	288	376
731	485	286	368
724	470	293	392
740	489	274	356
737	487	278	373
730	480	283	373
736	489	277	363
726	483	282	376
719	485	299	379
718	492	305	365
732	489	276	350
736	488	269	358
729	492	279	356
730	494	273	367
739	494	267	347
732	492	277	357
736	485	269	364
730	487	282	357
736	490	272	356
741	493	261	346
728	492	281	362
727	489	283	371
735	483	265	363
733	485	273	377
726	479	269	371
729	487	276	388
732	490	277	362
733	489	273	368
730	485	273	365
737	484	276	378
739	487	257	362
729	484	276	382
730	484	278	368
725	491	268	372
728	492	279	360
731	486	279	348
736	490	280	366
740	488	275	370
747	484	272	357
733	482	290	361
737	493	285	349
746	481	292	366
753	485	275	362
775	485	247	348
775	494	262	349
783	487	250	355
796	485	232	355
792	490	246	348
803	487	237	352
802	487	253	349
806	483	246	352
808	486	257	355
822	482	248	350
823	483	243	356
827	476	229	361
837	478	243	353
844	477	230	349
850	467	226	357
856	473	227	354
858	482	230	345
867	470	223	353
882	472	206	352
883	477	212	341
881	473	219	351
896	472	203	348
900	476	211	332
904	476	208	336
911	472	203	329
920	467	195	337
927	473	196	334
925	470	201	338
936	467	195	332
947	468	182	332
943	462	192	330
949	465	190	334
960	466	185	323
957	468	211	319
963	460	195	328
969	466	199	316
975	466	205	315
988	460	197	308
981	459	211	317
997	459	211	312
1000	455	207	318
1014	461	201	301
1009	456	212	315
1025	461	200	297
1032	461	202	303
1036	456	200	309
1043	459	194	296
1054	457	182	293
1055	461	197	298
1065	452	190	305
1069	446	192	311
1077	444	191	302
1083	443	193	300
1082	440	203	311
1098	443	187	293
1109	447	184	289
1114	440	172	296
1123	440	171	289
1133	442	165	289
1133	444	171	282
1140	451	170	266
1144	443	167	290
1150	445	166	276
1159	440	162	280
1155	440	181	279
1164	434	182	277
1170	428	165	288
1168	432	181	274
1183	429	171	280
1178	426	177	271
1186	431	178	272
1180	416	197	279
1187	425	186	271
1191	425	172	276
1197	411	171	287
1205	422	172	262
1200	424	176	269
1200	423	173	268
1202	423	185	261
1204	422	187	265
1209	426	177	252
1211	415	164	270
1218	417	160	276
1221	418	164	278
1213	408	176	270
1206	416	190	263
1209	404	180	274
1222	397	151	279
1210	386	174	284
1229	413	149	249
1203	404	182	254
1205	397	188	266
1223	408	170	260
1216	410	175	252
1215	406	166	259
1206	395	175	274
1205	394	186	264
1209	401	179	258
1223	401	151	259
1232	402	135	247
1217	401	161	248
1225	399	148	238
1234	405	119	235
1236	395	138	248
1233	403	135	242
1233	406	135	227
1236	401	134	240
1238	396	136	242
1242	390	131	242
1244	393	134	231
1253	395	112	211
1246	397	131	226
1251	390	127	229
1258	393	124	225
1258	392	120	229
1263	393	118	221
1258	387	123	207
1262	385	128	224
1262	387	129	213
1265	388	119	203
1273	389	117	212
1274	382	119	219
1276	388	120	225
1285	387	112	226
1283	380	115	212
1280	386	115	211
1281	387	116	196
1289	388	111	186
1292	385	105	182
1298	392	103	173
1296	392	107	179
1308	386	99	196
1302	390	103	195
1306	390	106	185
1308	389	98	185
1311	388	103	182
1315	391	99	185
1317	391	97	179
1317	391	103	172
1321	394	103	180
1320	390	101	188
1326	394	108	186
1333	388	98	187
1331	390	104	193
1339	388	92	174
1340	382	94	182
1339	380	99	188
1334	384	100	176
1340	383	112	181
1343	383	100	177
1343	378	97	178
1342	375	113	175
1350	367	99	188
1361	369	97	181
1359	383	96	167
1364	378	90	169
1370	402	105	149
1369	390	105	148
1369	385	98	167
1365	365	99	187
1361	371	111	180
1361	371	111	180
1361	371	111	180
1361	371	111	180
1383	381	105	180
1389	389	90	180
1388	396	80	176
1386	399	88	179
1384	390	94	166
1384	390	94	166
1384	390	94	166
1384	390	94	166
1352	389	76	149
1345	381	76	156
1332	403	87	147
1306	378	92	151
1292	384	72	142
1292	384	72	142
1250	386	76	132
1250	386	76	132
1211	392	69	121
1188	381	72	127
1160	383	80	111
1160	383	80	111
1107	385	81	115
1049	414	95	98
1060	384	108	113
1043	379	102	122
1042	379	96	124
1022	379	92	119
1023	380	104	132
1007	377	87	118
1005	382	85	101
1005	382	85	101
994	374	74	104
988	380	84	99
991	388	77	96
991	394	71	79
1044	501	85	89
985	395	70	95
989	395	65	87
970	389	74	92
971	393	79	78
973	396	74	82
953	393	85	96
961	359	92	111
971	349	76	121
969	346	71	133
970	349	65	125
963	369	67	131
957	354	72	143
962	350	63	134
962	350	62	130
959	352	61	127
958	353	58	129
950	351	65	131
945	362	65	114
936	356	79	122
935	355	70	127
941	357	65	115
934	342	69	130
931	345	73	127
929	341	70	132
922	370	73	130
926	332	67	133
922	329	69	144
910	336	75	132
913	336	77	132
911	327	74	139
910	352	68	136
908	349	66	121
899	348	78	124
896	348	78	120
900	336	69	136
890	339	78	127
891	350	65	111
883	349	80	116
880	348	79	118
883	348	74	114
886	344	67	108
882	348	70	108
879	343	69	112
877	341	71	115
876	336	75	115
875	339	67	122
872	346	70	112
870	342	73	106
865	347	76	109
864	348	70	109
866	344	73	110
857	353	77	120
864	335	60	122
864	341	58	120
858	338	64	117
859	334	63	123
856	331	65	128
854	335	64	125
855	337	64	120
852	359	61	113
851	338	59	121
855	331	54	122
853	336	55	125
843	363	68	111
841	372	65	96
843	353	67	105
842	340	69	115
844	334	60	123
843	331	60	122
842	342	51	117
839	333	60	124
837	339	61	112
834	335	61	117
837	337	58	116
837	338	61	113
833	335	65	111
828	327	67	120
837	328	62	99
830	327	68	89
835	334	57	91
834	351	58	92
830	330	59	104
818	335	69	101
822	333	68	94
820	328	63	100
816	330	65	100
821	328	60	92
819	332	63	95
814	337	68	110
809	337	71	105
816	336	63	98
812	340	70	88
813	331	66	98
811	337	66	99
805	339	66	93
814	334	64	97
808	336	68	104
806	333	64	107
799	331	77	117
800	326	81	118
801	332	79	112
808	330	57	109
804	330	66	112
798	339	66	101
803	334	61	101
807	332	61	91
804	331	60	75
797	338	61	72
783	350	59	87
786	364	47	88
793	341	55	97
787	351	52	97
794	335	54	109
790	338	57	106
780	357	62	91
778	341	63	89
772	335	75	108
776	329	62	102
776	337	67	91
778	335	59	97
780	340	55	91
776	334	60	101
771	343	65	102
775	336	66	108
768	336	74	103
756	345	70	98
767	348	60	92
757	355	77	86
748	360	75	82
757	342	75	100
760	349	74	88
756	339	80	103
760	330	77	106
760	330	77	106
756	342	82	105
753	347	81	88
758	344	68	105
754	338	68	92
756	337	69	102
747	349	81	91
753	348	74	101
763	344	54	94
763	344	54	94
745	348	65	80
752	340	63	99
744	349	75	94
731	348	87	106
730	343	93	107
728	343	87	101
737	337	68	109
743	349	70	92
746	346	59	96
731	349	71	97
723	358	74	92
723	341	72	77
725	353	69	88
728	348	60	96
725	352	62	102
729	349	55	104
727	341	56	105
727	341	56	105
715	343	68	111
708	343	70	106
714	342	68	113
710	357	66	115
704	347	72	107
706	366	71	99
686	372	86	89
691	359	84	90
678	367	88	94
683	347	70	92
669	349	79	91
680	345	67	98
674	340	66	110
669	353	62	108
675	328	62	101
674	326	62	111
657	353	77	94
654	347	78	92
651	297	81	103
646	387	84	109
640	331	93	127
642	342	91	114
645	340	84	111
636	340	85	124
644	353	74	104
642	361	75	97
645	375	75	87
633	366	72	88
635	372	77	87
635	372	77	87
614	371	87	80
588	372	73	87
598	371	90	88
598	371	90	88
604	378	88	89
601	380	84	88
610	421	95	88
586	369	79	80
582	372	87	89
569	370	99	99
570	371	85	102
551	378	92	85
564	346	73	89
560	331	75	100
554	366	75	96
555	375	66	95
548	356	73	78
544	385	70	69
546	387	70	57
524	396	76	65
518	392	81	80
519	398	79	94
524	389	57	105
513	374	65	121
505	402	73	102
498	378	74	117
482	370	84	120
481	365	79	131
472	374	85	117
475	363	76	118
471	364	73	128
460	359	84	128
441	368	99	118
446	347	75	141
448	356	84	147
440	357	78	147
432	365	84	141
428	367	74	133
416	368	86	134
410	359	87	153
410	359	87	153
382	369	96	130
380	368	99	137
373	387	94	137
381	388	88	111
375	372	90	117
371	449	74	107
361	363	84	122
349	377	98	112
335	392	111	130
252	462	100	136
321	389	116	130
330	369	107	137
311	370	113	136
315	370	112	141
302	390	127	133
301	378	114	129
293	380	123	130
286	388	142	135
298	387	138	120
319	396	125	130
319	376	120	140
301	362	139	164
352	408	126	126
352	421	121	118
367	433	103	109
381	400	100	116
383	390	108	144
394	388	116	146
380	394	134	143
401	410	130	121
435	397	103	131
437	375	123	131
470	402	118	114
460	403	127	119
471	392	129	134
494	332	127	142
511	416	132	107
519	403	144	118
542	412	127	113
575	420	108	91
580	377	109	105
602	438	116	93
616	415	114	101
620	395	119	121
627	429	136	99
642	425	137	111
654	419	134	118
670	422	131	119
684	410	143	120
695	391	146	140
705	374	152	162
722	399	146	140
739	414	149	124
757	413	142	127
776	380	140	150
780	366	153	174
802	342	161	193
803	363	174	172
818	355	167	179
842	376	145	159
843	377	163	163
857	393	163	154
874	378	156	167
886	346	157	191
903	367	153	177
923	388	146	151
931	406	150	140
950	407	182	131
961	391	159	149
975	409	157	131
990	415	164	129
996	421	173	124
1013	426	159	120
1020	415	165	131
1038	421	154	129
1053	414	153	130
1067	404	150	141
1079	409	160	140
1089	397	159	155
1104	406	163	150
1116	415	163	139
1126	413	170	138
1145	421	165	129
1158	434	163	117
1173	430	164	123
1187	425	167	131
1199	423	172	134
1208	434	173	126
1217	416	174	142
1225	426	169	138
1227	443	172	118
1230	424	171	132
1229	427	172	132
1222	423	179	139
1222	425	176	132
1214	435	177	125
1211	429	172	129
1203	439	177	118
1193	431	178	129
1188	442	176	121
1181	439	170	121
1175	439	170	122
1167	447	171	117
1157	441	173	121
1149	443	179	119
1144	436	172	123
1132	446	177	121
1125	437	179	123
1115	437	178	126
1105	440	173	123
1103	432	170	137
1096	448	171	117
1089	458	172	107
1082	447	178	121
1076	438	172	134
1072	431	173	137
1060	434	179	135
1051	448	188	121
1041	438	186	129
1038	454	181	111
1032	440	180	123
1028	432	174	136
1016	436	180	135
1012	420	179	141
1003	449	179	117
997	440	179	124
985	454	181	114
976	450	175	116
965	429	179	142
959	450	178	121
951	445	178	125
945	447	177	123
936	453	176	116
927	460	181	111
918	467	181	102
914	467	176	102
901	470	185	100
897	470	178	99
888	465	183	107
883	467	188	106
878	465	186	108
875	468	189	105
874	465	186	106
868	465	185	112
869	464	184	110
865	462	183	109
866	452	186	125
865	450	183	128
860	455	191	120
860	457	190	118
856	458	192	123
860	453	193	124
858	453	194	128
862	438	189	145
860	426	192	155
867	394	190	186
865	372	192	215
867	357	198	219
871	374	189	207
873	366	192	215
878	367	182	217
873	364	205	220
878	376	191	208
878	367	196	213
882	372	195	203
885	373	191	206
887	361	191	221
883	405	202	189
885	387	209	190
894	384	201	195
899	371	200	206
903	376	202	202
908	361	201	219
915	368	198	208
914	366	211	213
923	377	208	198
942	367	194	210
942	362	196	214
951	364	196	214
953	363	195	215
959	414	192	168
962	444	186	135
972	430	183	140
981	426	186	143
984	412	190	158
987	385	198	187
995	371	201	201
1004	389	198	189
1008	381	197	193
1014	369	200	205
1022	360	200	213
1031	362	202	213
1039	361	195	215
1049	356	198	222
1052	366	196	211
1064	362	200	221
1068	365	205	214
1079	369	205	206
1083	367	208	208
1096	360	201	217
1108	369	196	210
1115	360	195	211
1113	384	209	188
1129	383	200	185
1136	355	199	216
1141	363	206	208
1146	366	214	203
1156	362	209	210
1165	345	204	222
1181	341	198	231
1184	341	214	233
1197	360	210	218
1191	342	227	226
1196	351	224	228
1223	370	205	211
1220	360	209	215
1236	357	210	215
1248	347	205	230
1260	330	187	248
1278	346	187	236
1276	341	208	235
1274	353	217	229
1276	331	216	246
1280	346	220	240
1279	363	214	212
1280	376	216	203
1272	370	222	210
1271	366	210	213
1266	371	200	200
1257	353	201	223
1250	357	202	220
1243	347	188	227
1231	357	188	222
1232	369	190	203
1219	364	195	201
1211	349	192	212
1203	355	185	210
1197	356	181	214
1188	351	189	214
1178	350	182	214
1189	354	160	205
1180	378	157	181
1166	392	156	168
1136	387	183	172
1130	358	173	199
1106	346	194	220
1094	351	197	213
1102	331	172	234
1114	336	152	220
1102	337	153	223
1111	331	136	226
1099	335	136	222
1091	346	138	211
1046	400	173	174
1036	363	190	201
1025	355	183	205
1029	350	180	204
1028	358	167	195
1022	357	162	200
994	354	189	203
997	359	168	192
980	354	189	202
979	346	191	207
1008	342	153	226
977	348	189	207
975	345	190	206
987	347	176	198
982	341	181	203
983	352	169	199
985	348	179	199
985	337	174	223
987	340	178	221
1019	357	153	195
1007	349	167	208
1008	360	178	197
1003	331	193	228
1003	323	207	238
1005	290	221	269
1005	290	221	269
1005	290	221	269
1005	290	221	269
1005	290	221	269
1005	290	221	269
1005	290	221	269
1005	290	221	269
1005	290	221	269
1074	269	247	307
1058	240	265	332
1099	256	241	322
1084	240	235	332
1084	240	235	332
1084	240	235	332
1145	253	232	337
1164	270	238	321
1179	265	209	317
1179	265	209	317
1192	243	187	321
1192	243	187	321
1192	243	187	321
1192	243	187	321
1192	243	187	321
1099	303	217	317
1099	303	217	317
1099	303	217	317
1076	303	253	318
1050	317	279	297
1014	321	247	316
1033	335	259	293
1049	335	225	293
1037	360	221	268
1037	360	221	268
1016	385	230	233
1016	391	233	227
979	394	263	245
970	373	261	266
970	394	278	251
927	423	298	220
966	415	284	224
939	428	272	239
906	387	314	266
934	393	308	245
954	383	274	248
968	395	244	251
957	397	231	247
946	425	249	221
933	408	271	245
928	396	281	255
933	382	284	266
906	411	302	247
911	401	286	255
911	428	286	237
895	419	304	245
893	415	279	250
878	430	303	256
899	414	267	258
884	436	289	239
878	412	302	276
890	416	268	266
913	419	233	271
902	414	250	279
912	412	221	283
890	427	254	277
891	417	260	286
886	415	247	299
891	409	253	303
886	425	269	294
885	419	271	306
881	402	267	327
867	433	295	299
889	430	257	319
884	418	277	334
874	424	276	339
861	431	296	323
836	429	329	332
846	432	305	321
850	436	312	329
848	434	320	339
838	415	326	354
838	431	329	329
838	415	332	357
865	402	302	358
841	432	313	329
838	419	319	332
858	421	288	322
874	416	272	339
867	441	274	323
841	434	315	324
832	418	333	343
849	413	287	347
828	435	324	338
841	425	319	333
822	418	353	346
830	386	336	386
811	397	357	380
815	391	376	372
846	404	335	373
820	430	373	339
801	413	414	360
801	428	384	345
815	426	353	334
811	442	357	313
816	445	356	330
818	436	349	339
798	449	372	332
822	432	365	329
839	446	315	337
823	439	332	331
833	449	324	338
824	445	332	330
846	449	314	333
823	471	330	303
837	461	319	306
828	441	337	333
837	440	325	333
844	472	314	304
861	454	296	313
841	452	304	332
858	430	300	339
856	436	301	342
850	449	316	339
867	457	290	322
881	450	260	326
862	461	296	314
881	450	271	317
870	437	284	343
865	443	297	326
875	450	291	319
868	447	304	319
869	450	303	308
897	446	272	299
898	440	269	313
901	443	281	310
890	445	297	300
901	445	271	313
926	439	254	317
923	446	251	299
931	435	250	297
914	434	277	314
910	435	280	335
905	438	283	296
924	429	263	322
925	435	264	301
916	432	288	301
931	440	245	289
948	428	250	299
959	420	236	294
972	433	217	289
981	433	199	292
973	437	216	292
988	432	209	279
960	429	238	267
991	437	209	287
993	430	212	272
999	424	209	286
1016	409	192	285
1036	421	173	286
1039	418	170	279
1029	426	202	284
1022	428	227	273
1021	420	222	276
1036	417	210	285
1024	422	225	267
1018	417	246	280
1038	419	236	274
1031	418	247	270
1053	418	218	268
1031	420	252	270
1055	411	228	276
1069	403	209	282
1077	406	213	272
1078	421	216	255
1101	404	180	266
1117	396	166	266
1098	435	207	234
1113	433	185	228
1119	437	191	244
1117	434	193	244
1138	409	156	254
1130	412	188	247
1142	400	181	258
1138	397	189	241
1139	416	191	233
1129	413	180	233
1126	411	198	237
1102	398	227	288
1113	409	194	278
1121	384	159	261
1115	396	162	238
1099	393	181	252
1105	394	161	246
1083	389	194	257
1071	387	184	259
1073	403	172	220
1064	397	186	234
1061	384	173	245
1060	393	169	227
1049	406	173	223
1045	402	173	230
1039	404	171	221
1038	396	161	222
1031	402	149	216
1021	411	175	209
1012	415	186	211
1028	407	163	203
1002	445	144	188
1011	431	116	177
1007	430	139	184
990	445	151	176
987	428	149	177
977	415	149	196
984	442	121	164
959	430	140	178
955	423	142	180
963	406	109	188
939	407	129	194
936	451	131	166
924	450	136	155
932	444	121	153
919	432	135	166
911	411	135	185
910	405	123	185
905	382	135	210
915	375	122	220
912	372	114	208
903	378	111	200
891	383	127	200
888	401	110	185
884	441	112	173
890	382	98	202
869	377	123	201
862	393	124	174
869	386	109	168
854	373	111	184
852	378	105	182
847	435	92	178
848	352	90	195
838	357	111	173
837	344	102	171
826	350	111	170
819	400	120	146
818	345	115	160
808	354	103	152
783	364	117	134
786	381	112	129
790	380	104	125
793	373	101	111
798	379	74	96
798	376	69	102
783	375	79	90
