942	489	75	177
943	474	79	167
946	460	78	171
954	449	67	154
954	438	74	156
961	434	72	162
956	426	83	177
960	425	81	187
971	413	71	192
975	409	71	174
981	406	72	170
980	406	76	162
992	395	63	160
992	403	72	171
999	390	66	188
1003	388	64	198
1007	384	66	201
1010	384	66	190
1013	382	66	194
1018	381	67	190
1022	384	65	182
1027	386	65	173
1028	380	67	154
1032	377	66	141
1038	380	65	150
1040	390	64	160
1044	376	64	157
1049	381	65	149
1051	386	63	149
1054	376	65	146
1057	386	64	146
1064	380	57	146
1064	383	60	145
1064	383	60	145
1064	383	60	145
1064	383	60	145
1076	388	58	154
1083	376	50	140
1083	374	57	141
1086	375	52	137
1088	371	50	144
1092	370	51	147
1095	368	51	153
1097	368	50	149
1101	367	45	150
1104	367	44	143
1107	387	44	134
1107	387	44	134
1109	363	43	133
1111	366	42	120
1114	373	40	117
1114	343	46	139
1117	345	42	137
1119	343	41	136
1120	340	45	133
1122	341	47	133
1122	350	48	124
1127	344	45	122
1128	347	47	123
1133	340	42	126
1134	340	44	126
1135	342	44	119
1137	343	45	122
1140	341	45	125
1141	342	45	125
1143	341	43	121
1149	342	41	124
1145	340	45	129
1153	341	37	123
1152	349	41	119
1156	350	40	113
1153	345	48	122
1161	343	40	127
1160	348	40	122
1161	347	42	119
1164	351	43	118
1168	347	42	121
1170	341	43	124
1175	346	40	123
1175	350	43	117
1177	352	45	120
1179	347	46	122
1180	348	46	126
1184	349	45	118
1181	351	50	116
1188	350	42	114
1189	351	47	111
1191	351	45	102
1193	349	43	98
1191	351	45	96
1191	351	45	103
1187	352	44	112
1181	351	44	103
1173	350	47	101
1168	350	45	107
1164	349	48	116
1158	347	47	120
1156	349	46	119
1156	351	46	119
1154	352	46	117
1154	350	48	117
1154	353	50	125
1155	352	49	120
1157	347	52	133
1161	344	48	147
1162	342	51	149
1164	343	52	157
1168	349	51	160
1172	353	49	153
1174	352	49	159
1177	355	52	162
1178	353	56	175
1182	349	52	188
1185	352	55	195
1189	348	57	191
1195	356	54	173
1201	356	54	163
1204	356	56	159
1208	359	53	161
1214	356	55	163
1219	356	53	155
1225	354	57	143
1227	363	58	141
1227	358	57	143
1223	365	57	146
1211	374	55	147
1197	388	59	140
1177	383	57	135
1148	387	56	127
1119	380	59	132
1085	385	59	127
1049	386	56	139
1009	382	57	150
965	386	58	144
928	393	58	141
1007	392	45	142
959	382	46	155
787	384	55	151
733	384	57	152
674	394	59	150
607	392	62	163
557	387	61	165
513	394	66	186
471	392	65	197
432	394	71	187
408	400	68	192
392	396	65	179
380	393	66	180
378	398	64	180
375	395	69	188
378	396	62	164
379	405	68	156
384	415	64	142
396	390	67	161
405	386	66	167
416	390	61	164
426	376	64	172
437	372	64	178
447	393	64	190
459	372	69	173
470	371	62	178
478	368	65	170
488	369	65	169
499	370	64	166
508	366	64	161
517	369	67	160
527	374	62	156
538	363	67	164
548	368	61	155
556	362	63	157
565	367	65	150
573	368	68	148
579	368	73	145
579	368	73	145
601	361	88	158
601	361	88	158
601	361	88	158
601	361	88	158
601	361	88	158
601	361	88	158
601	361	88	158
601	361	88	158
601	361	88	158
601	361	88	158
601	361	88	158
601	361	88	158
601	361	88	158
601	361	88	158
601	361	88	158
682	223	87	174
775	376	117	197
763	365	138	227
763	365	138	227
763	365	138	227
682	217	125	193
682	217	125	193
682	217	125	193
705	222	102	193
705	222	102	193
705	222	102	193
705	222	102	193
758	512	90	186
771	521	73	199
777	529	66	188
893	399	88	190
893	399	88	190
893	399	88	190
901	389	101	196
901	389	101	196
901	389	101	196
901	389	101	196
901	389	101	196
901	389	101	196
901	389	101	196
901	389	101	196
787	521	78	181
800	516	65	169
798	518	70	149
804	522	64	138
805	522	57	131
808	524	52	133
810	525	50	133
812	521	55	131
812	521	53	135
813	524	46	137
813	524	58	121
816	522	50	132
817	527	45	128
818	524	48	122
816	523	45	131
816	523	55	136
817	522	54	140
