621	294	17	37
619	292	18	40
619	289	18	44
619	288	18	46
619	290	18	43
618	289	17	38
618	290	17	37
617	291	16	32
617	295	16	34
617	294	17	35
616	294	16	41
616	291	16	42
615	287	18	48
615	287	17	49
616	287	17	50
614	290	17	47
612	291	17	49
612	290	17	46
614	289	18	45
615	288	23	45
612	299	20	42
613	294	15	40
612	288	20	43
612	293	19	42
611	298	19	43
612	297	15	45
612	297	18	44
611	303	18	42
609	303	18	44
610	300	19	46
610	298	18	48
609	299	18	49
610	300	18	49
609	295	17	53
612	286	20	48
608	301	19	47
608	305	17	45
607	306	17	43
608	308	16	42
610	304	14	48
608	302	15	47
605	303	18	46
607	307	16	46
607	305	16	47
607	300	17	52
607	300	15	52
606	303	17	51
606	303	17	52
607	304	17	49
606	305	17	49
606	305	17	50
606	307	17	48
607	309	15	47
607	307	15	49
608	305	14	51
608	305	14	51
608	315	14	42
607	317	14	40
607	317	14	40
608	318	13	40
608	320	13	38
607	319	14	41
606	314	14	44
606	317	14	43
606	320	14	41
605	323	14	39
605	323	14	39
605	325	14	39
604	324	14	40
604	322	15	40
604	325	14	40
603	323	14	41
603	325	15	39
604	327	13	40
604	327	16	39
605	332	14	36
603	329	14	38
602	332	15	37
603	331	14	38
604	334	13	36
601	329	15	40
602	330	14	41
601	329	15	43
601	331	15	42
601	332	15	40
600	331	15	44
601	335	15	41
600	332	14	40
600	333	13	37
600	334	14	37
598	335	14	43
598	329	12	40
598	338	13	40
596	335	14	44
595	327	13	47
595	329	13	47
594	335	16	48
593	334	15	48
592	334	15	47
591	331	14	47
590	338	15	46
589	335	15	48
589	338	15	46
588	341	15	47
587	334	16	47
586	331	16	54
584	327	17	59
582	327	18	61
582	324	17	62
580	329	19	61
580	327	18	58
580	330	18	59
578	328	19	62
577	328	18	52
576	331	19	52
576	340	17	54
574	331	18	56
572	331	18	58
572	331	18	56
571	331	18	49
573	337	15	53
573	338	16	53
573	339	16	54
573	336	18	54
575	334	18	48
577	339	18	49
581	345	16	53
584	348	17	51
587	346	16	48
590	348	19	42
594	346	18	41
597	348	19	42
603	353	19	46
605	339	19	50
612	350	17	54
611	340	23	55
619	346	20	59
621	341	23	58
628	339	20	56
633	343	19	57
635	341	23	58
642	341	20	65
647	341	21	59
653	342	23	65
658	336	23	67
666	345	21	69
667	342	26	68
676	334	23	66
682	337	22	65
687	336	22	60
692	354	22	60
695	362	20	57
698	367	21	55
699	364	20	53
701	367	19	57
699	355	22	63
699	357	22	61
698	370	21	58
696	367	23	52
698	365	21	55
693	378	21	54
690	379	25	53
689	380	24	49
687	382	24	49
689	384	22	49
684	383	24	55
683	386	24	61
679	381	28	70
677	372	28	79
676	372	26	84
674	365	27	90
672	370	29	95
671	362	28	102
668	361	33	103
669	361	32	107
667	363	32	103
670	366	30	103
669	365	25	97
666	366	27	105
665	374	28	105
660	371	29	103
657	371	34	105
656	375	35	115
660	375	31	118
659	383	30	114
657	382	31	115
661	388	28	121
658	384	29	125
659	392	30	123
660	390	30	128
656	388	32	130
656	390	30	136
658	403	29	124
656	399	34	131
653	398	38	138
651	398	41	140
647	399	45	147
654	401	38	144
651	401	41	147
653	404	40	147
655	419	41	143
657	414	41	152
657	411	41	152
659	429	41	150
659	429	38	154
657	422	44	167
661	428	46	177
660	427	47	177
659	433	48	180
658	429	51	190
654	437	56	188
655	439	53	184
659	471	48	168
660	474	50	173
658	476	48	179
658	475	50	189
653	467	53	198
649	462	54	212
644	463	56	216
636	467	60	223
624	462	70	232
619	466	70	235
612	470	71	239
606	477	78	240
600	478	77	243
595	482	77	254
582	485	91	261
576	489	90	261
566	498	94	264
558	495	96	274
548	499	101	289
540	503	102	298
533	501	101	309
525	517	102	303
516	527	103	310
508	528	111	325
502	531	107	341
491	536	107	344
480	543	112	351
469	552	112	365
455	557	123	367
444	562	121	384
436	569	117	395
423	586	117	405
407	592	124	422
392	600	133	432
386	610	128	433
374	616	135	447
362	626	140	443
340	636	154	432
334	649	147	427
311	657	155	412
279	676	193	398
272	685	181	396
253	698	187	376
244	724	173	339
213	739	188	322
189	756	203	323
172	768	203	310
177	800	188	274
182	809	154	272
202	841	100	229
152	847	131	234
108	865	148	214
67	884	173	195
67	884	173	195
67	884	173	195
67	884	173	195
67	884	173	195
