424	500	125	121
416	498	129	122
409	501	134	118
404	495	131	126
403	498	126	120
396	506	131	115
390	508	130	114
384	504	128	119
383	503	127	125
373	504	126	124
371	500	131	129
362	507	128	125
356	505	131	124
351	504	130	134
346	507	129	129
342	509	123	129
336	510	128	135
325	509	133	131
319	510	137	140
314	516	121	133
308	515	133	137
297	519	141	134
289	519	144	139
287	520	134	141
282	523	135	138
271	520	126	138
266	525	131	136
259	527	141	148
256	527	133	159
246	532	138	159
234	536	145	144
229	533	142	155
226	540	146	174
212	536	137	156
211	539	143	178
208	544	138	183
194	544	143	179
187	544	152	187
189	552	144	185
169	550	157	185
164	551	158	199
159	548	144	194
156	547	148	176
144	550	151	168
135	550	161	178
130	547	158	188
118	546	155	197
113	544	156	199
114	547	152	178
115	544	141	190
96	540	151	211
94	541	153	212
88	536	145	209
84	536	144	209
71	535	150	199
66	533	151	222
48	536	162	206
41	535	166	199
36	540	165	178
35	537	162	171
28	540	160	146
19	539	160	150
10	538	159	151
5	540	158	146
5	537	141	140
-1	539	131	156
-4	552	122	141
-4	552	122	141
29	804	154	134
36	818	146	167
29	830	147	197
10	812	160	224
6	811	172	237
9	815	173	246
9	808	163	259
18	813	158	259
6	812	175	261
20	803	186	226
20	803	186	226
10	809	210	252
10	779	219	261
11	802	230	267
33	809	221	244
26	801	234	269
46	813	228	244
100	813	176	255
99	814	190	253
75	812	225	252
75	812	225	252
75	812	225	252
75	812	225	252
75	812	225	252
75	812	225	252
75	812	225	252
242	762	255	248
242	762	255	248
330	752	234	237
396	773	227	232
75	475	195	249
59	779	159	267
118	751	158	245
182	776	146	239
226	757	159	229
294	731	133	201
342	758	140	230
392	741	143	230
396	490	144	191
436	499	138	176
536	735	125	197
573	732	122	206
611	727	129	222
505	464	150	192
658	729	144	210
692	721	126	228
543	438	143	204
746	710	114	234
758	711	122	241
784	716	122	229
806	715	122	212
819	714	122	222
837	708	123	230
848	704	125	229
858	712	128	222
880	703	116	232
886	707	124	240
894	702	129	232
912	703	114	227
920	705	113	224
928	696	117	238
937	701	116	225
945	694	113	238
958	694	112	232
963	692	108	236
968	691	112	233
975	686	112	239
980	688	107	229
987	688	109	229
987	691	109	226
992	692	114	233
998	688	109	236
999	686	106	256
1005	681	104	251
1007	689	104	233
1007	688	112	229
1013	688	112	220
1022	681	106	240
1026	683	105	254
1031	690	116	226
1036	690	116	225
1047	704	110	200
1055	698	111	218
1064	698	105	213
1066	699	113	228
1072	697	106	240
1078	700	115	224
1081	695	114	241
1086	695	109	241
1086	701	114	233
1088	699	114	235
1092	700	110	228
1094	705	115	224
1095	698	114	215
1099	700	108	218
1099	698	112	216
1098	699	117	201
1102	703	115	218
1104	701	115	223
1104	704	114	239
1107	697	112	236
1108	699	113	234
1107	703	119	240
1109	701	116	241
1114	698	110	251
1113	716	114	242
1117	712	113	242
1117	718	110	225
1119	723	126	237
1117	725	129	226
1128	726	121	232
1128	737	123	228
1129	741	118	220
1132	733	122	252
1133	731	117	262
1132	740	117	259
1130	740	118	266
1136	743	115	268
1136	743	112	269
1135	745	116	267
1138	746	114	262
1139	748	116	265
1138	746	112	256
1135	750	121	258
1137	746	119	252
1139	746	119	247
1140	758	115	240
1141	754	119	250
1138	751	119	257
1144	750	116	251
1144	754	114	254
1144	756	119	252
1146	755	122	252
1145	754	127	252
1141	753	128	258
1142	754	122	258
1144	756	125	266
1151	759	115	253
1149	760	123	258
1151	762	115	246
1151	764	116	241
1142	782	143	232
1145	767	138	256
1148	768	131	255
1152	770	127	271
1157	766	125	281
1154	771	130	297
1160	772	128	298
1166	780	125	283
1162	785	126	271
1167	788	119	273
1159	800	136	270
1158	798	140	274
1164	799	135	267
1169	803	130	259
1162	804	139	260
1163	809	142	261
1166	821	142	249
1171	827	136	247
1172	824	132	242
1170	827	136	247
1167	839	141	227
1174	844	135	216
1176	847	134	226
1177	850	135	216
1167	858	151	209
1165	859	153	209
1165	871	155	198
1163	872	157	198
1165	877	154	195
1169	883	157	191
1168	885	156	186
1169	893	156	181
1169	902	153	170
1169	905	159	166
1168	916	158	161
1170	912	151	164
1174	914	154	161
1171	921	156	158
1166	924	162	148
1161	922	166	153
1161	931	162	142
1157	928	173	144
1158	927	166	149
1156	923	167	152
1155	923	168	152
1158	926	163	149
1159	931	168	145
1169	924	161	154
1173	917	156	160
1186	922	159	154
1196	917	165	157
1219	928	150	147
1228	927	157	147
1239	928	163	150
1246	916	162	163
1256	918	172	159
1285	927	145	146
1286	929	145	145
1294	927	164	148
1298	921	158	152
1298	917	164	160
1302	922	158	153
1306	924	159	147
1306	927	157	151
1310	929	152	147
1310	928	147	145
1311	925	150	153
1309	924	150	154
1309	926	156	151
1311	930	140	146
1307	936	146	140
1308	926	144	149
1307	927	140	148
1309	932	142	142
1314	937	131	141
1314	937	128	138
1313	940	131	133
1314	943	129	133
1316	943	133	134
1317	948	134	129
1318	948	130	127
1318	947	132	127
1323	951	131	126
1328	957	129	120
1337	958	128	117
1345	965	131	113
1355	976	131	100
1382	975	113	102
1397	981	109	96
1424	976	85	89
1445	983	90	90
1474	1002	77	89
1498	1007	68	67
1498	1007	68	67
1539	1018	63	57
1539	1018	63	57
1539	1018	63	57
1539	1018	63	57
1539	1018	63	57
1539	1018	63	57
1539	1018	63	57
1539	1018	63	57
1539	1018	63	57
1539	1018	63	57
1539	1018	63	57
1539	1018	63	57
1539	1018	63	57
1539	1018	63	57
1539	1018	63	57
1539	1018	63	57
1539	1018	63	57
1539	1018	63	57
1539	1018	63	57
1539	1018	63	57
1539	1018	63	57
1539	1018	63	57
1539	1018	63	57
1539	1018	63	57
1539	1018	63	57
1539	1018	63	57
1539	1018	63	57
1539	1018	63	57
1539	1018	63	57
1539	1018	63	57
1539	1018	63	57
1539	1018	63	57
1539	1018	63	57
1539	1018	63	57
1539	1018	63	57
1539	1018	63	57
1539	1018	63	57
1539	1018	63	57
1539	1018	63	57
1539	1018	63	57
1539	1018	63	57
1539	1018	63	57
1539	1018	63	57
1539	1018	63	57
1539	1018	63	57
1539	1018	63	57
1539	1018	63	57
1539	1018	63	57
1539	1018	63	57
1419	995	72	66
1419	995	72	66
1419	995	72	66
1419	995	72	66
1419	995	72	66
1468	969	80	78
1562	805	75	96
1562	805	75	96
1562	805	75	96
1562	805	75	96
1562	805	75	96
1562	805	75	96
1562	805	75	96
1562	805	75	96
1562	805	75	96
1585	983	80	103
1585	983	80	103
1585	983	80	103
1585	983	80	103
1585	983	80	103
1585	983	80	103
1703	861	87	109
1703	861	87	109
1703	861	87	109
1703	861	87	109
1703	861	87	109
1755	851	98	128
1758	844	112	152
1463	713	118	194
1468	706	123	211
1488	714	117	216
1501	716	113	220
1514	714	111	216
1525	721	117	217
1538	728	115	210
1552	734	120	218
1568	736	120	206
1574	743	129	209
1589	747	140	223
1591	747	144	238
1608	755	152	254
1627	766	152	241
1640	767	150	248
1659	779	151	248
1672	786	161	258
1689	795	168	267
1712	803	165	252
1724	820	177	238
1738	828	175	244
1751	845	166	225
1771	868	147	212
1807	891	118	181
1851	906	90	165
1851	906	90	165
1851	906	90	165
1851	906	90	165
1851	906	90	165
1851	906	90	165
1851	906	90	165
1851	906	90	165
1851	906	90	165
1851	906	90	165
1851	906	90	165
1851	906	90	165
1851	906	90	165
1851	906	90	165
1851	906	90	165
1851	906	90	165
1851	906	90	165
1851	906	90	165
1851	906	90	165
1851	906	90	165
1851	906	90	165
1851	906	90	165
1851	906	90	165
1851	906	90	165
1851	906	90	165
1851	906	90	165
1851	906	90	165
1851	906	90	165
1851	906	90	165
1851	906	90	165
1851	906	90	165
1851	906	90	165
1851	906	90	165
1851	906	90	165
1851	906	90	165
1851	906	90	165
1851	906	90	165
1851	906	90	165
1851	906	90	165
1851	906	90	165
1851	906	90	165
1851	906	90	165
1851	906	90	165
1851	906	90	165
1851	906	90	165
1851	906	90	165
1851	906	90	165
1851	906	90	165
1851	906	90	165
1851	906	90	165
1851	906	90	165
1851	906	90	165
1684	811	87	175
1681	833	103	197
1681	833	103	197
1695	843	112	185
1695	843	112	185
1731	846	84	182
1739	856	96	179
1728	867	109	168
1728	867	109	168
1728	867	109	168
1728	867	109	168
1728	867	109	168
1728	867	109	168
1728	867	109	168
1728	867	109	168
1728	867	109	168
1728	867	109	168
1728	867	109	168
1728	867	109	168
1728	867	109	168
1728	867	109	168
1728	867	109	168
1728	867	109	168
1728	867	109	168
1728	867	109	168
1728	867	109	168
1728	867	109	168
1728	867	109	168
1728	867	109	168
1728	867	109	168
1728	867	109	168
1728	867	109	168
1728	867	109	168
1728	867	109	168
1728	867	109	168
1728	867	109	168
1728	867	109	168
1728	867	109	168
1728	867	109	168
1728	867	109	168
1728	867	109	168
1728	867	109	168
1728	867	109	168
1728	867	109	168
1728	867	109	168
1728	867	109	168
1728	867	109	168
1728	867	109	168
1728	867	109	168
1728	867	109	168
1756	884	106	191
1726	874	104	201
1712	863	109	208
1662	873	121	198
1638	872	121	193
1606	857	126	191
1606	857	126	191
1510	835	144	218
1502	830	122	237
1486	799	134	262
1486	799	134	262
1486	799	134	262
1433	809	128	260
1433	809	128	260
1433	809	128	260
1433	809	128	260
1433	809	128	260
1433	809	128	260
1403	818	92	255
1406	817	100	256
1396	805	124	251
1396	805	124	251
1396	805	124	251
1396	805	124	251
1396	805	124	251
1396	805	124	251
1396	805	124	251
1396	805	124	251
1396	805	124	251
1396	805	124	251
1396	805	124	251
1396	805	124	251
1396	805	124	251
1396	805	124	251
1396	805	124	251
1396	805	124	251
1396	805	124	251
1396	805	124	251
1396	805	124	251
1396	805	124	251
1396	805	124	251
1396	805	124	251
1396	805	124	251
1396	805	124	251
1396	805	124	251
1307	824	146	248
1307	824	146	248
1307	824	146	248
1307	824	146	248
1307	824	146	248
1307	824	146	248
1307	824	146	248
1307	824	146	248
1307	824	146	248
1265	826	137	240
1272	821	118	234
1250	819	145	243
1268	814	123	260
1260	805	127	269
1271	827	109	239
1265	820	113	244
1238	814	131	256
1240	831	120	243
1243	825	104	250
1235	831	112	239
1218	828	139	240
1222	825	124	239
1203	830	132	210
1197	825	140	241
1181	831	147	230
1173	825	141	236
1165	819	142	251
1176	824	118	248
1175	821	120	252
1172	830	122	238
1157	823	127	243
1143	817	127	255
1136	812	132	249
1145	817	105	247
1124	820	115	239
1120	807	103	248
1117	817	94	258
1111	822	79	255
1102	822	84	255
1091	824	78	251
1035	788	111	218
1036	809	123	232
1025	785	124	240
1005	793	141	274
1003	794	133	276
993	796	135	277
1009	798	106	270
980	799	126	261
974	806	120	251
969	794	127	261
964	786	126	271
971	785	110	284
973	778	99	301
968	783	105	294
971	784	97	291
972	798	96	281
978	772	83	282
945	769	90	296
941	785	99	295
952	767	68	313
957	785	61	293
951	754	60	322
897	729	89	300
904	773	92	307
868	761	124	315
843	757	154	315
793	755	180	319
753	751	201	301
742	767	192	252
742	775	168	233
735	789	159	230
730	787	169	228
704	785	185	233
704	782	187	230
703	774	181	220
679	812	218	206
661	786	224	215
645	791	242	184
650	830	234	196
624	811	257	211
606	786	258	235
585	792	284	251
570	792	293	270
585	794	288	260
575	792	289	258
583	803	287	243
548	804	323	207
562	798	308	238
525	809	351	214
531	804	342	229
554	804	318	236
500	802	387	241
475	803	407	236
488	804	382	236
528	810	355	245
473	800	421	255
456	819	438	224
563	814	341	237
595	817	322	229
631	833	293	223
675	822	253	230
710	845	221	197
727	835	212	214
467	810	216	254
751	835	195	226
755	838	204	228
765	843	200	222
760	839	217	230
784	842	203	205
808	840	189	204
807	848	194	206
818	842	194	222
833	840	191	221
839	840	188	227
855	840	185	229
859	842	188	228
876	845	180	215
884	844	180	223
890	841	186	226
901	848	181	215
907	843	186	226
920	841	183	222
924	841	190	226
939	843	182	227
947	838	188	232
960	834	184	228
958	831	193	240
977	829	186	225
979	825	193	229
996	824	190	228
1009	818	182	231
1019	820	184	222
1027	817	183	229
1038	813	181	223
1050	810	177	262
1056	807	181	261
1060	802	194	262
1073	800	196	252
1085	796	195	225
1101	797	181	234
1101	793	197	215
1120	791	186	222
1127	787	194	219
1135	781	196	223
1144	777	209	216
1157	777	211	207
1165	771	202	205
1178	766	207	210
1191	763	203	220
1196	758	209	249
1209	752	215	267
1225	742	207	306
1232	743	220	299
1250	734	208	324
1262	734	205	309
1275	729	205	306
1273	725	223	311
1286	717	224	307
1304	709	290	314
1304	683	291	351
1284	690	311	332
1307	692	281	286
1316	694	251	251
1321	691	260	253
1342	692	219	195
1353	679	225	211
1369	680	210	194
1382	677	202	200
1387	678	213	186
1397	674	211	184
1395	669	223	196
1389	667	232	180
1396	687	261	217
1400	669	246	239
1396	672	247	235
1381	665	284	254
1368	659	311	281
1350	653	358	324
1424	631	348	326
1299	644	397	295
1327	629	377	315
1255	642	379	310
1255	621	440	328
1231	626	445	341
1231	626	445	341
1342	579	423	402
1342	579	423	402
897	140	313	391
1141	637	268	343
1158	630	215	397
1160	648	177	340
1139	646	152	296
1101	651	161	271
1077	657	152	268
1057	645	131	270
1030	646	134	270
993	644	156	286
973	646	136	277
942	640	143	285
909	638	136	289
880	637	135	308
851	641	126	296
817	643	129	307
781	621	162	312
744	644	139	312
724	645	123	307
694	652	105	292
664	651	109	295
625	651	119	316
594	649	125	328
571	658	113	309
546	655	108	328
526	660	114	325
508	664	124	329
468	665	148	311
449	666	146	309
439	662	129	294
416	664	109	293
396	668	104	300
381	665	97	309
364	668	90	307
342	670	101	291
326	674	106	302
301	673	120	302
280	678	121	317
263	671	122	303
250	679	121	298
212	677	145	299
198	679	136	286
176	680	141	281
160	676	145	264
151	674	117	257
136	678	112	240
123	678	99	239
102	671	99	245
87	677	88	211
70	683	84	210
43	678	97	218
23	676	106	231
-2	668	122	239
-1	690	99	226
211	732	126	235
173	745	162	216
138	753	170	182
113	750	173	180
84	750	175	179
84	750	175	179
84	750	175	179
1	731	165	195
-16	736	157	198
-4	735	112	187
-4	735	112	187
-4	735	112	187
-4	735	112	187
-4	735	112	187
-4	735	112	187
-4	735	112	187
-4	735	112	187
65	909	135	156
39	615	121	175
39	615	121	175
39	615	121	175
39	615	121	175
39	615	121	175
39	615	121	175
39	615	121	175
39	615	121	175
39	615	121	175
39	615	121	175
39	615	121	175
39	615	121	175
39	615	121	175
39	615	121	175
39	615	121	175
39	615	121	175
39	615	121	175
39	615	121	175
39	615	121	175
39	615	121	175
39	615	121	175
39	615	121	175
39	615	121	175
39	615	121	175
39	615	121	175
39	615	121	175
39	615	121	175
39	615	121	175
39	615	121	175
39	615	121	175
39	615	121	175
39	615	121	175
367	754	120	177
393	780	97	186
387	750	94	205
386	740	91	230
388	744	85	243
378	732	99	241
391	732	87	242
396	726	79	248
398	729	72	235
392	730	83	226
395	723	87	242
399	723	81	243
398	721	78	243
393	722	90	229
390	714	101	248
391	709	97	247
398	720	91	256
397	717	91	269
399	719	100	298
399	691	100	326
383	695	113	317
394	706	100	307
388	704	97	277
389	708	105	258
395	716	91	234
395	710	90	247
389	710	97	260
386	719	87	237
373	709	100	254
362	721	106	269
343	719	94	248
321	728	88	262
295	739	97	246
286	735	87	267
253	735	93	279
229	747	89	294
200	745	95	322
151	750	117	295
125	762	123	276
118	766	99	295
102	791	85	286
38	789	109	284
3	793	118	288
2	800	97	277
2	800	97	277
2	800	97	277
2	800	97	277
2	800	97	277
2	800	97	277
192	523	91	282
154	491	110	313
119	560	120	286
119	560	120	286
119	560	120	286
119	560	120	286
119	560	120	286
119	560	120	286
119	560	120	286
119	560	120	286
119	560	120	286
119	560	120	286
119	560	120	286
119	560	120	286
119	560	120	286
119	560	120	286
119	560	120	286
119	560	120	286
119	560	120	286
119	560	120	286
119	560	120	286
119	560	120	286
119	560	120	286
119	560	120	286
119	560	120	286
119	560	120	286
119	560	120	286
