431	255	206	145
434	254	205	154
430	252	214	162
432	252	213	167
423	251	223	163
434	256	218	159
425	253	222	148
431	255	211	151
428	258	218	139
427	254	216	154
429	257	218	145
428	254	218	159
428	255	214	157
433	259	218	143
429	257	217	148
430	260	215	141
426	259	222	148
431	257	214	159
434	258	214	158
429	260	225	133
429	260	222	136
429	260	225	134
430	256	220	148
432	256	216	160
434	257	212	153
434	260	214	147
429	258	218	146
432	257	218	154
430	262	218	136
429	260	232	132
429	261	221	134
428	257	232	149
432	257	222	148
432	258	219	152
433	259	213	150
436	259	219	149
437	260	210	157
433	260	219	148
435	260	215	148
437	260	216	150
435	255	214	163
431	257	222	157
433	255	215	156
438	259	215	153
432	258	221	148
429	257	229	148
431	261	226	150
432	262	225	142
430	260	226	150
435	262	220	142
433	261	222	141
434	257	227	150
432	259	229	140
434	259	225	147
435	261	224	141
434	262	224	149
436	264	224	148
433	258	224	165
435	264	226	150
429	260	230	160
432	258	225	152
427	257	237	158
430	259	236	158
430	259	226	157
430	259	229	153
431	263	227	146
431	264	226	146
433	260	225	152
431	262	230	155
433	262	227	160
434	260	219	160
436	260	215	151
436	258	218	159
431	261	224	145
431	260	224	157
436	263	219	144
431	263	223	157
434	257	223	165
431	262	227	166
430	259	230	168
429	260	229	161
436	260	219	155
432	265	224	157
435	259	224	165
437	262	223	154
432	264	221	167
435	263	223	157
432	262	234	157
430	261	233	157
435	264	229	157
436	264	225	157
435	264	217	153
433	266	220	162
436	265	222	149
432	266	227	148
433	267	221	152
436	264	223	156
433	266	221	153
440	264	217	149
433	261	222	158
433	260	224	161
432	266	227	147
434	263	224	147
436	266	213	146
434	264	223	155
429	265	225	144
435	262	219	160
436	267	222	144
435	266	222	141
433	270	218	137
434	266	223	149
435	266	225	137
432	271	229	137
433	268	224	143
432	272	227	137
437	266	224	149
433	271	230	131
429	272	237	137
433	271	224	148
436	268	219	145
431	268	227	153
434	267	230	149
433	271	233	137
433	271	229	141
430	268	233	150
433	270	234	143
433	273	228	141
435	272	223	144
437	270	219	142
433	269	227	143
431	270	232	142
438	271	222	139
435	271	228	151
438	268	224	161
434	270	226	159
433	273	233	142
437	269	227	152
433	275	225	158
438	268	227	171
431	272	232	151
433	271	232	152
432	272	236	154
431	269	239	165
431	269	242	168
433	275	231	139
436	273	229	149
431	271	235	159
429	274	231	162
431	274	229	163
434	270	231	173
432	268	235	171
431	269	242	161
433	272	235	168
432	271	234	161
438	270	232	154
434	276	228	161
432	274	234	143
436	275	229	155
434	274	233	154
433	275	232	162
438	271	229	162
431	270	243	161
430	275	239	165
434	273	233	167
433	271	234	158
433	271	234	158
432	273	239	160
431	270	242	163
438	275	232	160
437	269	232	174
430	272	238	175
432	266	232	178
432	274	236	173
426	282	243	159
433	275	236	159
434	274	236	159
434	279	234	160
437	273	228	172
439	277	220	178
436	274	239	167
436	279	238	171
442	274	235	168
434	277	240	164
439	275	229	158
428	279	246	164
439	272	230	171
440	277	221	174
435	275	234	168
440	271	234	171
434	281	240	161
442	280	230	162
437	280	233	161
437	281	232	154
439	281	228	159
438	278	237	164
435	276	237	174
439	276	236	167
440	276	229	173
446	277	224	170
438	284	231	152
440	280	231	159
438	282	231	155
443	283	217	157
444	276	232	170
436	280	239	167
439	282	235	165
442	284	229	163
444	278	231	165
437	283	235	176
440	282	236	157
439	282	240	166
444	278	227	176
437	281	240	170
440	280	234	168
439	286	235	161
447	284	223	172
444	283	225	171
439	279	236	174
442	285	229	176
437	280	244	178
440	279	234	179
438	276	239	180
437	280	248	182
437	288	241	156
445	281	223	162
445	281	230	166
437	284	238	170
437	282	250	176
439	280	247	184
440	283	235	175
440	286	237	173
441	282	244	179
440	286	237	172
443	285	235	174
439	288	243	179
438	286	249	166
437	282	249	180
438	286	249	166
442	283	242	180
437	286	251	173
442	284	242	182
440	286	248	179
446	288	234	169
444	286	233	180
442	289	232	172
445	287	228	175
441	287	236	171
440	291	241	168
441	289	237	170
436	285	251	178
436	289	249	159
444	284	240	176
442	287	248	176
439	288	247	179
441	292	241	171
444	285	227	178
440	287	239	177
434	292	252	166
444	288	235	175
439	289	247	164
440	293	244	152
443	298	233	141
445	296	240	145
444	290	239	156
439	291	243	147
442	291	239	149
445	292	238	146
444	288	236	154
440	293	244	147
441	292	242	152
440	292	239	145
443	292	242	145
441	290	241	148
445	291	234	151
441	293	236	144
441	291	245	147
440	294	240	144
444	294	242	143
441	294	236	146
440	292	252	150
441	292	238	152
442	291	235	164
437	291	246	163
443	293	237	161
444	297	238	145
444	296	227	145
444	297	244	141
447	294	230	151
446	295	235	151
446	293	239	153
436	292	252	142
442	292	234	159
445	293	238	149
447	293	237	156
446	292	234	148
443	294	231	142
443	291	245	160
447	290	234	161
446	295	235	148
443	292	240	146
442	295	242	141
439	289	242	162
442	287	239	173
439	293	247	166
446	290	237	175
441	288	250	180
443	293	240	155
443	292	242	164
440	296	244	162
444	292	242	171
448	290	235	175
444	290	247	164
442	292	246	160
447	296	244	149
446	295	241	152
446	293	240	157
446	295	237	153
447	291	238	155
