1414	536	308	114
1401	532	322	117
1398	537	321	114
1384	538	333	114
1384	541	319	108
1372	535	320	116
1363	534	337	113
1360	537	329	110
1351	539	329	110
1350	536	314	115
1339	534	316	115
1332	541	324	109
1326	541	318	109
1324	540	310	114
1312	541	325	113
1301	541	324	111
1295	543	321	109
1287	543	326	111
1275	541	332	111
1273	539	324	112
1264	538	324	116
1257	536	324	115
1259	538	318	115
1245	538	320	116
1234	540	326	117
1237	542	317	113
1224	544	323	111
1210	541	339	110
1206	541	335	111
1210	535	321	119
1207	536	315	117
1202	538	311	118
1187	542	321	110
1184	541	324	113
1178	535	322	119
1157	531	341	126
1162	536	330	124
1155	535	330	124
1149	538	334	121
1142	533	336	127
1133	535	339	125
1132	535	337	126
1130	539	327	119
1129	537	326	125
1116	538	338	119
1110	538	331	125
1101	537	343	126
1100	536	333	129
1104	536	328	125
1100	533	331	137
1104	537	335	128
1106	538	333	135
1107	539	342	135
1113	545	344	126
1126	541	338	130
1125	547	353	127
1134	542	346	128
1132	552	371	123
1160	549	347	131
1170	547	348	126
1164	557	361	127
1171	549	364	131
1172	552	371	130
1175	552	369	129
1162	555	377	130
1167	557	366	131
1163	555	369	131
1153	558	376	132
1131	555	395	135
1141	556	380	130
1091	557	425	137
1098	556	420	139
1103	554	407	133
1091	554	405	136
1088	560	396	138
1098	554	387	139
1095	554	386	136
1093	552	382	137
1094	558	388	135
1087	547	399	146
1083	560	396	135
1089	560	400	135
1097	556	392	135
1115	558	383	134
1127	564	387	132
1139	561	385	133
1141	561	402	142
1130	564	430	137
1150	571	416	136
1146	565	427	143
1156	568	426	139
1170	564	419	140
1172	565	414	140
1167	568	420	134
1167	567	421	140
1182	568	403	142
1177	565	411	142
1179	571	400	135
1179	569	393	136
1169	567	409	142
1168	570	410	136
1153	567	420	139
1151	572	418	138
1164	567	401	143
1154	558	414	146
1166	565	396	140
1145	562	411	145
1148	566	402	138
1144	567	405	138
1146	569	403	140
1138	571	412	139
1135	569	420	134
1138	566	411	143
1134	570	408	139
1137	564	399	140
1135	564	395	142
1125	562	415	141
1130	567	404	139
1130	563	404	141
1132	561	396	142
1128	562	395	150
1119	561	413	139
1110	569	427	136
1119	568	410	137
1122	567	402	137
1125	564	398	136
1118	567	405	140
1113	568	413	137
1117	572	403	136
1108	571	414	136
1103	566	427	137
1121	563	404	145
1111	571	413	137
1107	565	419	143
1110	572	414	136
1109	567	406	141
1114	565	400	144
1107	568	407	133
1110	569	408	139
1107	560	404	145
1101	570	419	135
1105	565	407	140
1103	563	420	142
1099	567	415	136
1092	562	428	145
1112	565	395	140
1101	567	412	136
1103	562	405	144
1111	574	398	135
1109	571	400	135
1105	569	408	137
1098	566	415	139
1096	562	406	140
1099	567	403	144
1097	567	414	137
1098	562	415	142
1094	569	420	137
1097	567	410	137
1087	565	425	143
1090	571	407	135
1094	564	411	140
1097	573	398	139
1102	565	406	138
1095	565	413	141
1089	566	420	140
1097	566	393	141
1094	567	412	138
1107	571	390	139
1106	569	403	138
1121	569	392	140
1122	570	410	140
1129	573	410	142
1150	569	409	145
1160	573	431	142
1170	567	437	151
1195	574	436	145
1205	575	443	152
1227	582	453	145
1243	580	451	148
1257	586	447	142
1271	582	445	151
1262	578	466	158
1267	585	473	150
1277	585	466	159
1272	584	484	159
1289	582	464	156
1285	584	468	150
1277	583	470	153
1297	583	456	156
1301	584	452	153
1286	583	454	160
1292	582	442	152
1288	583	439	150
1279	589	454	143
1267	579	446	148
1254	590	459	140
1255	580	441	144
1245	583	451	136
1248	580	437	141
1243	581	440	137
1242	577	434	145
1230	575	444	142
1238	579	436	139
1237	576	429	147
1238	578	422	143
1239	577	412	142
1234	579	430	139
1229	581	438	137
1228	580	434	136
1223	581	443	138
1216	580	450	138
1221	580	442	138
1219	569	447	152
1231	574	416	146
1230	572	432	144
1224	573	430	146
1225	574	429	142
1230	581	434	135
1228	577	432	140
1229	573	429	142
1224	576	427	142
1226	573	420	140
1234	579	430	138
1230	577	421	138
1229	578	417	137
1224	572	419	141
1218	575	449	142
1222	578	427	138
1216	577	449	135
1229	582	426	137
1209	580	442	134
1221	572	437	137
1227	577	422	145
1210	574	442	141
1202	575	451	146
1204	576	446	142
1202	577	453	142
1207	571	442	143
1210	577	446	139
1211	579	440	138
1209	583	433	131
1208	572	430	145
1210	579	433	141
1206	576	426	144
1199	575	435	146
1198	578	444	142
1200	580	425	141
1205	576	423	142
1204	576	420	138
1198	580	425	143
1196	572	422	142
1192	578	425	142
1191	573	429	148
1188	576	436	141
1186	572	420	140
1181	575	435	146
1172	577	448	144
1170	576	438	143
1180	579	432	141
1180	572	421	149
1168	568	437	152
1173	578	421	145
1165	575	435	144
1162	575	445	142
1155	568	452	150
1157	580	453	140
1143	573	460	148
1151	577	442	138
1159	577	418	145
1152	577	411	143
1145	582	432	139
1150	577	425	143
1142	578	428	149
1145	582	415	141
1142	582	425	135
1134	582	426	142
1128	583	421	141
1130	578	430	149
1118	580	448	147
1121	581	438	141
1118	578	434	143
1113	580	446	143
1106	578	445	142
1117	583	414	144
1119	585	409	141
1098	579	442	149
1088	586	446	144
1078	587	475	147
1081	590	449	145
1079	582	452	146
1072	590	463	144
1073	592	433	144
1078	588	426	148
1073	594	451	142
1063	596	447	147
1061	597	448	154
1061	593	447	164
1057	592	460	164
1047	592	486	160
1050	598	453	153
1051	591	456	168
1047	594	451	161
1044	595	466	173
1046	591	442	172
1055	598	423	170
1042	592	448	166
1039	592	429	176
1042	595	423	170
1040	594	415	173
1030	597	434	165
1029	593	430	163
1023	597	441	157
1008	590	454	163
1024	597	437	164
1035	589	420	150
1025	596	434	156
1020	591	460	156
1039	594	428	149
1038	595	414	150
1046	595	405	150
1055	600	399	147
1047	599	415	148
1067	602	409	147
1067	601	430	149
1078	601	429	150
1094	605	422	155
1099	608	434	150
1115	607	426	151
1132	616	445	152
1145	616	426	157
1154	615	453	156
1166	616	469	163
1174	619	471	160
1178	622	501	160
1204	621	465	166
1207	631	483	160
1233	630	470	163
1241	635	477	159
1253	630	471	166
1272	636	472	170
1266	644	502	163
1280	644	500	167
1280	642	514	170
1297	652	526	164
1313	648	516	171
1331	655	503	175
1329	647	513	179
1337	648	525	180
1340	643	529	189
1353	670	503	164
1347	658	524	176
1346	664	527	167
1343	658	518	176
1355	663	506	173
1344	665	518	164
1347	661	500	165
1343	660	534	174
1343	657	510	173
1338	653	513	183
1340	659	506	170
1340	664	504	167
1342	663	501	167
1341	666	495	164
1337	666	504	166
1341	658	493	175
1332	664	493	169
1327	665	495	164
1327	662	497	169
1323	668	504	160
1317	665	507	168
1322	665	483	173
1319	660	503	168
1317	668	483	168
1316	670	490	163
1324	666	472	167
1319	669	482	165
1313	664	490	170
1306	670	485	161
1310	666	491	160
1306	665	482	165
1303	675	487	159
1300	666	484	165
1301	664	482	169
1294	673	488	163
1292	669	494	164
1294	669	475	162
1301	665	468	167
1287	672	479	161
1292	680	467	149
1286	666	470	169
1299	662	454	169
1280	663	458	173
1290	668	452	167
1275	668	466	161
1279	669	454	163
1276	658	451	171
1274	663	446	171
1257	663	469	170
1261	665	462	161
1251	664	481	164
1244	656	472	171
1228	656	480	176
1235	666	467	167
1249	662	441	161
1252	661	445	170
1246	654	449	182
1253	666	450	167
1260	665	453	173
1276	661	462	170
1273	664	480	183
1302	670	467	185
1321	669	479	187
1344	676	492	181
1363	683	494	179
1395	686	514	190
1400	705	519	166
1434	694	492	175
1458	694	466	184
1486	703	434	168
1510	693	416	194
1530	692	398	198
1549	693	380	187
1561	706	366	181
1579	699	340	195
1577	698	342	189
1574	702	353	180
1574	707	345	181
1575	699	350	188
1572	698	339	186
1566	692	356	194
1563	694	349	204
1553	702	356	174
1547	692	369	200
1533	699	381	180
1533	697	381	192
1533	691	376	187
1524	696	384	187
1517	698	395	183
1521	699	396	172
1516	695	395	179
1518	700	395	174
1512	696	402	181
1515	693	403	183
1500	698	422	175
1495	695	419	183
1487	689	430	188
1488	687	430	187
1481	689	431	182
1470	696	445	169
1465	691	453	185
1458	688	458	188
1433	691	488	176
1436	688	479	164
1431	689	482	173
1423	696	502	152
1417	692	493	178
1412	688	505	177
1399	689	511	179
1395	683	517	187
1378	684	530	188
1372	680	535	182
1376	675	531	186
1372	690	525	173
1356	691	525	167
1355	678	514	170
1360	681	479	171
1336	666	488	182
1334	669	479	177
1325	667	482	178
1320	661	477	181
1312	665	472	184
1301	649	465	197
1301	660	453	185
1276	661	491	176
1272	657	473	176
1280	655	463	182
1260	652	466	174
1256	648	463	183
1245	648	477	179
1231	635	466	186
1238	633	453	190
1222	636	465	185
1212	631	463	189
1200	636	476	189
1205	632	441	188
1189	635	459	183
1172	631	463	178
1171	631	425	173
1171	630	416	176
1159	632	426	175
1160	623	419	179
1148	628	427	169
1138	624	421	175
1131	618	428	174
1125	619	418	174
1120	622	418	167
1125	620	397	168
1107	618	417	161
1091	618	428	162
1084	612	446	164
1079	618	430	159
1066	611	433	156
1061	618	447	149
1058	619	449	151
1061	615	415	152
1049	615	411	149
1051	612	385	154
1045	612	379	151
1033	605	383	152
1029	611	395	153
1028	610	374	147
1013	608	413	146
999	603	419	150
981	596	432	157
976	593	431	159
981	602	415	151
973	598	428	158
971	594	394	158
957	597	429	149
957	593	420	153
949	593	434	152
947	593	420	150
956	600	370	148
957	589	357	154
956	590	338	153
949	590	351	152
938	587	360	153
940	589	349	148
942	591	343	142
935	590	341	144
935	582	338	158
931	583	326	155
925	587	334	152
922	584	333	156
917	580	327	152
913	579	320	149
916	581	321	147
904	584	328	145
900	583	323	140
894	579	319	149
902	577	319	149
886	574	321	157
884	576	318	145
875	579	322	139
873	580	315	147
874	579	314	143
861	577	311	145
861	576	304	144
846	575	322	141
845	576	315	140
846	580	301	128
838	585	309	129
834	583	310	128
834	583	302	127
823	578	315	132
825	579	299	130
823	576	291	130
808	575	300	126
804	583	298	119
812	580	282	122
799	576	289	126
792	575	295	128
788	575	294	124
776	573	299	127
769	568	303	134
768	570	299	125
756	563	307	127
759	566	303	125
755	567	298	129
751	563	294	133
757	559	280	129
753	561	277	132
754	564	274	125
748	556	277	135
744	569	270	125
737	563	279	128
738	563	267	128
740	566	258	124
731	564	258	129
737	557	259	132
745	559	258	131
742	562	275	123
759	568	268	119
764	566	270	119
788	583	270	107
810	569	268	118
830	566	258	118
850	565	270	116
876	566	252	117
893	568	265	114
929	573	256	111
954	576	252	106
974	570	257	112
1007	577	247	105
1029	577	248	104
1054	563	249	112
1080	564	251	116
1108	568	252	111
1138	571	250	118
1165	568	244	115
1200	587	231	102
1224	576	233	120
1238	588	237	99
1253	574	244	115
1260	563	258	126
1267	554	259	137
1277	554	249	135
1276	550	262	139
1286	564	255	126
1274	553	264	135
1279	558	257	128
1288	575	245	115
1296	581	234	106
1286	582	243	106
1297	587	235	102
1280	540	226	144
1283	546	258	147
1297	556	252	132
1303	542	255	141
1313	543	245	136
1318	550	248	122
1323	549	248	119
1325	549	249	125
1332	535	243	144
1335	542	238	139
1341	560	234	120
1333	537	240	141
1333	546	236	127
1330	543	238	126
1329	545	233	121
1318	543	243	119
1319	535	237	124
1318	536	232	121
1313	530	237	131
1314	525	221	135
1320	527	205	127
1313	523	210	127
1303	519	212	133
1300	522	208	126
1296	522	207	120
1298	525	203	115
1283	519	218	124
1285	522	208	114
1285	515	204	119
1279	515	203	120
1274	514	204	116
1272	513	199	120
1269	510	201	115
1261	508	198	120
1266	503	192	122
1261	503	192	122
1256	508	195	116
1258	505	183	119
1250	504	188	115
1249	506	187	112
1244	504	194	113
1246	510	185	100
1244	508	181	100
1242	500	180	109
1242	505	177	100
1237	500	174	101
1230	504	179	100
1234	504	167	104
1229	498	166	105
1228	504	166	96
1220	496	171	100
1208	502	179	88
1216	501	169	96
1210	494	174	98
1214	492	163	97
1208	490	161	97
1206	492	162	94
1201	489	165	93
1196	489	165	91
1200	490	156	90
1193	489	163	90
1190	486	163	92
1192	492	155	87
1192	488	150	90
1188	490	151	85
1184	485	154	87
1181	484	153	90
1185	478	147	95
1180	483	153	90
1174	481	152	93
1175	479	147	89
1173	478	146	88
1171	480	145	89
1167	478	146	89
1165	473	147	94
1164	476	145	88
1165	476	139	88
1161	477	143	86
1157	478	141	86
1156	476	139	81
1153	472	142	89
1152	477	138	82
1152	476	134	80
1148	475	141	79
1143	474	149	79
1137	473	148	81
1142	474	138	74
1140	467	136	81
1139	472	134	80
1144	469	129	79
1141	472	131	77
1140	468	126	75
1139	464	123	79
1126	469	134	72
1131	469	128	73
1130	465	126	78
1131	460	123	79
1129	465	125	76
1131	462	120	76
1125	474	127	63
1125	470	124	65
1129	466	120	71
1125	467	120	68
1127	464	115	71
1124	461	117	73
1125	459	115	74
1125	467	112	65
1125	460	108	69
1115	456	115	72
1109	454	122	74
1112	456	116	70
1109	458	120	66
1110	463	118	61
1111	460	116	61
1112	459	113	61
1113	457	109	66
1111	454	108	68
1113	457	104	63
1114	461	99	58
1114	460	105	57
1107	454	109	66
1110	456	103	62
1113	454	100	61
1110	450	101	69
1112	449	98	69
1117	455	93	65
1107	448	100	69
1108	447	98	68
1102	445	100	70
1102	441	100	71
1101	443	100	70
1101	443	108	70
1100	441	103	68
1100	445	102	66
1099	444	102	68
1099	443	99	64
1100	443	98	62
1095	437	106	62
1099	437	102	72
1099	435	95	70
1098	439	104	59
1107	441	99	62
1110	436	102	62
1113	438	98	42
1129	433	91	49
1142	434	92	55
1162	435	83	58
1187	435	74	61
1185	438	90	48
1195	444	97	38
1205	441	96	42
1215	437	103	48
1225	438	103	50
1240	436	92	51
1248	437	92	50
1251	433	96	54
1256	436	103	50
1262	435	117	56
1246	432	115	57
1260	431	105	59
1260	427	98	61
1261	431	97	58
1263	427	96	63
1264	429	97	62
1262	422	94	66
1263	427	96	63
1268	429	91	59
1262	426	98	67
1263	425	96	66
1265	425	91	63
1265	431	93	56
1264	428	94	62
1266	428	93	62
1269	428	88	57
1265	425	92	57
1266	426	90	57
1264	424	94	57
1260	425	96	55
1258	427	98	52
1258	430	95	50
1264	424	91	56
1263	426	90	53
1263	421	89	58
1264	422	87	58
1262	420	89	57
1264	425	83	53
1263	421	84	54
1261	420	84	54
1259	415	85	59
1259	415	86	58
1260	415	83	56
1259	416	81	54
1259	418	84	51
1255	414	86	55
1253	414	86	56
1253	414	87	54
1254	413	87	55
1254	415	82	52
1253	411	84	56
1255	412	81	54
1253	412	80	54
1252	410	81	54
1252	410	80	54
1254	412	81	52
1254	412	76	52
1255	411	78	51
1254	412	78	50
1251	411	82	51
1251	412	79	48
1253	409	75	50
1252	411	79	48
1251	409	81	50
1251	408	77	48
1250	409	78	45
1250	410	80	44
1253	409	80	45
1249	408	78	45
1253	408	69	45
1253	408	74	43
1256	406	70	46
1255	406	70	45
1257	405	67	43
1259	404	63	46
1251	402	72	46
1248	404	81	46
1248	399	73	47
1249	399	83	47
1252	399	88	47
1249	399	96	45
1233	393	88	49
1231	397	88	45
1230	395	87	47
1247	398	100	42
1222	392	98	49
1242	394	90	49
1244	393	86	46
1244	393	93	46
1244	392	101	46
1229	388	86	48
1244	387	96	50
1230	388	86	47
1243	385	82	51
1244	387	81	47
1247	385	70	49
1247	385	67	47
1247	384	67	48
1246	385	69	46
1246	384	65	49
1247	382	63	49
1248	381	62	51
1245	381	67	52
1247	381	62	50
1249	382	61	49
1248	375	61	53
1250	379	59	49
1247	377	65	50
1247	376	65	51
1244	375	64	52
1247	375	59	52
1244	377	66	52
1244	379	66	51
1246	380	60	46
1246	381	64	47
1246	378	61	55
1248	382	56	45
1246	383	61	46
1246	382	61	44
1246	379	63	48
1248	381	58	45
1248	378	57	46
1247	378	62	46
1248	377	56	47
1248	378	52	46
1248	377	54	47
1249	377	51	44
1250	377	50	44
1252	379	47	44
1251	377	47	45
1252	377	46	43
1251	375	49	46
1253	377	49	42
1252	374	48	47
1253	375	46	45
1255	378	45	43
1254	375	47	45
1258	377	42	43
1257	376	44	46
1257	373	43	49
1257	374	45	47
1259	372	43	49
1260	373	40	46
1261	370	42	47
1261	370	45	46
1261	369	43	50
1263	368	41	50
1263	370	44	44
1263	371	44	44
1266	367	46	45
1261	367	48	46
1264	363	48	50
1266	371	44	42
1262	367	49	44
1264	365	49	46
1263	366	52	55
1262	365	54	45
1263	367	54	43
1264	367	54	43
1262	364	54	44
1264	364	53	44
1268	369	47	47
1263	364	55	44
1265	365	55	40
1265	364	55	43
1268	373	53	46
1269	365	50	52
1272	362	46	47
1275	370	44	58
1274	364	42	55
1281	364	38	46
1271	366	46	53
1268	378	52	58
1266	366	56	70
1264	363	57	73
1263	366	59	73
1266	366	57	71
1264	366	55	73
1264	363	53	76
1263	361	57	78
1262	361	61	81
1267	362	57	75
1262	362	59	78
1266	365	52	76
1268	362	51	78
1267	364	60	85
1269	364	57	76
1269	359	57	87
1271	362	58	79
1267	363	63	80
1271	356	57	85
1271	359	53	82
1272	360	53	80
1274	360	54	78
1274	360	45	81
1279	362	48	78
1280	362	35	80
1282	362	34	80
1279	362	35	83
1285	356	44	81
1279	362	45	75
1279	363	44	78
1275	362	57	76
1279	361	46	70
1280	361	42	70
1295	360	44	68
1282	360	43	71
1279	356	45	77
1279	360	47	73
1279	360	46	75
1281	355	50	78
1282	352	57	78
1281	345	61	79
1285	355	52	79
1281	354	52	84
1281	348	58	93
1283	349	58	85
1286	350	57	76
1290	346	60	67
1276	359	54	64
1281	355	59	57
1283	360	59	55
1280	355	65	54
1279	357	73	55
1277	355	80	64
1284	350	73	48
1270	357	77	50
1286	345	71	55
1284	346	73	60
1289	335	67	65
1278	348	71	63
1286	357	63	55
1283	353	64	54
1285	357	59	58
1284	349	59	60
1286	341	67	61
1279	349	70	64
1278	355	76	58
1288	344	64	60
1285	343	80	58
1276	349	70	62
1284	349	61	51
1281	355	62	44
1278	354	64	45
1281	352	62	48
1280	357	63	42
1280	351	65	47
1280	354	64	43
1276	355	66	37
1290	361	59	43
1292	355	53	45
1293	355	49	43
1293	354	50	43
1297	353	45	45
1292	356	50	40
1294	358	48	41
1295	358	50	41
1291	354	52	41
1294	357	48	40
1295	359	49	45
1296	354	49	44
1292	355	52	42
1301	357	46	38
1304	355	41	41
1307	354	36	41
1309	358	32	38
1311	360	33	36
1311	360	37	35
1298	357	43	37
1305	354	37	39
1306	354	34	42
