103	350	62	37
101	352	63	35
102	350	60	37
99	351	63	36
99	351	62	37
98	352	62	36
100	351	61	35
99	352	64	35
98	353	62	35
97	353	62	35
95	355	63	34
97	354	63	37
94	357	64	36
94	359	68	34
91	361	70	32
92	362	66	29
94	363	65	31
93	359	64	38
91	363	68	32
90	362	69	31
90	362	68	31
89	364	70	30
92	361	68	34
88	363	71	30
89	361	69	33
88	361	70	30
88	361	72	28
88	363	70	28
87	361	73	32
87	360	72	35
89	359	70	33
89	359	69	34
88	361	70	31
89	359	70	33
89	358	67	36
90	357	69	34
89	354	70	41
91	356	65	35
93	354	64	41
91	356	67	38
90	356	69	38
90	357	69	35
91	356	67	39
91	356	69	39
89	355	70	40
88	354	72	41
91	358	69	36
87	358	72	36
87	360	74	35
82	360	82	36
91	357	76	42
95	358	78	39
104	358	72	38
114	360	73	38
133	356	71	41
154	357	70	39
176	354	69	42
198	358	72	37
235	359	67	36
272	357	62	36
302	352	64	39
343	352	58	38
376	350	57	42
417	349	59	39
459	354	57	33
495	352	55	34
538	350	57	32
583	351	56	32
619	350	54	35
661	349	54	33
697	346	57	37
739	350	59	32
780	350	57	34
810	348	57	36
844	350	54	32
871	349	52	34
883	352	60	33
901	349	58	36
914	347	52	39
925	348	52	40
928	348	55	40
934	351	53	39
941	350	50	39
945	351	49	39
946	349	48	42
945	350	51	43
946	351	52	41
945	350	52	43
946	351	51	42
943	352	55	44
946	349	51	46
944	353	54	42
946	351	52	43
946	353	54	42
946	354	51	42
946	353	52	45
945	354	55	43
946	353	54	46
948	354	50	44
946	356	53	44
946	357	53	44
947	355	51	47
948	357	53	45
948	359	54	43
951	359	53	43
952	363	53	39
951	363	52	40
949	364	56	39
952	363	52	43
951	365	53	41
953	360	51	47
954	360	49	47
953	362	51	45
954	363	50	45
951	364	52	44
951	364	54	42
950	364	57	44
949	365	58	45
946	366	62	43
949	366	57	45
949	365	59	46
952	366	56	45
953	366	55	47
953	368	53	45
952	366	56	46
958	369	53	44
956	373	55	41
959	376	53	37
956	374	57	40
959	371	53	44
959	369	53	48
959	371	52	46
962	372	52	44
961	369	53	48
959	370	56	49
962	372	55	48
958	372	56	47
961	371	53	48
962	370	53	51
961	370	53	50
959	375	61	48
958	376	58	46
961	376	56	46
958	374	58	50
959	375	58	53
959	375	61	51
959	376	62	52
962	376	60	51
968	377	57	51
969	378	52	50
967	379	56	48
968	377	55	52
971	376	54	50
971	371	50	59
971	373	48	58
970	378	57	52
971	380	55	49
971	379	61	48
971	376	58	57
968	377	61	58
968	377	59	60
970	379	57	58
971	381	60	55
974	381	57	54
971	381	62	55
971	383	63	54
970	382	60	55
969	381	56	55
970	381	62	56
970	380	62	58
975	381	56	55
975	381	56	55
975	381	52	59
975	383	60	57
974	382	58	61
973	382	60	60
974	382	58	57
975	383	57	58
974	384	58	56
974	384	57	57
974	384	56	60
969	383	65	59
967	384	66	63
969	384	61	64
967	387	58	57
972	382	56	67
968	386	62	64
969	387	62	60
967	388	65	55
967	390	58	62
963	388	71	68
962	387	70	67
963	387	60	66
964	387	56	66
965	388	62	67
963	387	57	71
961	389	56	68
961	391	58	67
962	391	51	60
961	390	56	64
957	391	56	65
955	389	56	69
953	392	54	67
951	391	60	69
947	392	60	67
948	394	55	59
949	394	57	57
947	394	53	60
949	397	56	62
942	398	58	55
944	396	65	56
942	397	70	66
931	397	60	63
932	400	45	65
937	397	56	66
933	402	61	59
933	402	67	60
929	403	76	69
928	404	76	71
928	404	75	65
924	409	76	56
924	412	73	55
928	408	64	57
924	413	74	64
926	410	74	71
929	409	77	74
928	415	70	71
926	419	71	66
925	420	69	70
924	423	68	66
924	427	70	70
926	428	71	71
929	428	71	73
933	429	64	85
924	430	74	79
921	435	75	82
922	437	74	76
922	440	74	78
924	444	77	79
924	446	75	71
927	443	74	81
927	450	73	78
927	455	72	76
929	452	74	80
928	457	76	79
932	459	74	77
936	461	71	79
939	461	72	82
940	466	74	81
943	467	78	85
946	469	77	82
947	474	82	83
951	480	86	75
957	480	88	79
960	483	86	79
969	483	82	83
977	485	79	84
983	489	81	83
991	492	83	84
996	498	80	80
1008	498	78	83
1020	500	71	86
1019	497	84	92
1031	509	76	88
1035	507	78	88
1046	513	73	90
1056	515	78	89
1058	514	83	95
1069	520	83	91
1077	524	84	91
1080	527	86	94
1085	530	91	95
1093	534	90	90
1104	537	85	93
1107	540	86	92
1110	540	87	98
1112	544	91	95
1109	544	100	99
1113	547	96	100
1115	546	94	101
1115	548	96	103
1115	548	96	102
1118	549	94	100
1117	552	92	107
1119	550	88	106
1107	552	102	108
1111	553	97	105
1109	553	99	110
1110	554	97	109
1108	555	100	109
1106	554	99	112
1105	560	100	109
1098	552	108	116
1100	555	106	116
1097	562	109	113
1094	557	110	115
1095	562	110	116
1089	560	113	119
1093	565	112	115
1089	566	114	117
1089	569	113	112
1087	572	115	112
1086	571	114	114
1078	574	122	114
1079	572	121	112
1080	577	122	120
1080	577	119	117
1075	576	122	117
1073	580	126	114
1073	583	120	112
1069	583	125	119
1066	583	128	120
1062	588	131	118
1059	590	136	119
1059	585	130	122
1057	588	134	126
1051	591	139	125
1052	593	134	123
1051	591	132	121
1046	595	140	125
1042	600	144	121
1040	600	146	120
1036	605	146	111
1037	605	143	120
1033	604	146	121
1032	604	150	122
1028	609	147	116
1025	607	150	125
1022	609	151	127
1018	609	158	130
1016	611	159	124
1013	612	157	130
1011	614	165	134
1015	614	154	132
1008	618	160	128
1006	616	158	136
1002	615	163	134
1000	620	166	130
999	623	161	132
996	622	162	140
990	622	167	129
987	626	167	130
984	625	174	143
979	628	173	141
974	628	175	138
976	630	173	143
969	632	177	147
970	632	172	143
965	631	176	150
963	635	174	150
958	638	183	151
955	635	181	152
950	637	186	153
949	635	178	157
946	635	183	162
938	641	185	154
937	644	187	140
934	644	191	146
930	644	190	155
927	646	190	147
922	647	194	156
918	645	201	161
914	649	204	162
912	649	201	162
914	649	206	165
914	651	198	166
913	655	208	158
911	650	211	171
915	656	212	167
923	655	210	173
926	661	208	172
931	660	217	166
931	659	214	171
935	663	214	174
934	661	223	176
932	663	224	173
936	664	221	171
929	669	223	176
930	668	243	178
928	670	247	178
923	671	251	179
923	670	233	185
918	675	230	179
916	677	236	183
910	675	263	178
906	678	277	187
906	676	283	185
896	688	290	178
893	687	287	181
887	687	283	183
877	684	290	187
876	690	287	185
871	693	295	184
872	689	291	185
869	692	291	191
871	695	292	190
870	698	284	188
874	699	296	186
877	697	295	197
889	688	297	193
891	698	285	205
897	699	294	198
907	700	304	193
920	697	292	200
925	699	303	205
931	694	315	207
941	706	310	204
951	719	307	196
967	712	310	198
973	710	315	194
977	717	319	199
982	709	323	207
980	720	319	210
985	713	335	201
991	715	321	214
987	718	309	214
990	717	316	205
985	713	320	213
974	721	325	208
967	719	329	212
965	715	330	219
962	709	325	232
951	722	335	215
943	712	321	229
943	712	325	225
935	719	335	224
917	716	352	221
916	722	329	216
927	714	341	224
935	718	325	219
914	728	326	222
905	721	340	225
898	735	351	207
918	724	333	218
948	716	309	243
957	718	307	237
942	712	321	249
954	699	320	265
992	704	298	261
1010	711	304	262
1038	713	291	260
1033	723	323	248
1043	724	327	255
1060	739	334	237
1080	745	342	230
1106	720	333	265
1125	716	349	265
1148	707	349	279
1170	726	343	274
1207	739	339	262
1239	751	344	255
1259	755	351	204
1293	756	349	260
1326	765	356	262
1355	784	353	187
1371	779	373	218
1399	786	376	187
1414	801	381	143
1427	801	384	147
1430	806	390	143
1430	805	403	151
1433	809	391	148
1431	802	390	160
1432	805	383	154
1424	800	386	165
1429	803	382	156
1416	804	385	138
1410	800	374	145
1408	808	368	138
1401	807	372	143
1395	808	363	139
1390	792	356	158
1379	779	352	170
1371	777	353	185
1367	784	354	163
1356	782	360	159
1358	781	353	160
1343	780	352	160
1332	779	339	141
1325	785	350	128
1316	783	344	140
1311	779	347	137
1295	784	350	127
1296	793	358	110
1276	777	363	117
1271	772	350	128
1271	772	341	135
1256	772	342	129
1256	771	338	131
1246	768	337	133
1238	769	336	137
1224	770	347	132
1228	770	335	130
1212	763	344	144
1203	763	344	123
1194	765	339	113
1188	765	333	113
1188	761	328	121
1179	765	329	119
1169	765	333	114
1162	764	337	119
1152	761	331	129
1136	759	339	126
1137	757	325	114
1127	757	330	119
1119	751	330	126
1111	751	330	126
1105	750	322	128
1099	747	320	122
1089	744	319	129
1089	741	321	135
1079	739	322	136
1068	738	323	134
1067	736	309	132
1047	744	324	128
1053	744	310	121
1038	741	310	116
1029	743	308	104
1025	743	306	109
1019	734	309	135
1015	738	308	122
1005	735	307	130
995	734	312	131
991	734	302	120
976	731	315	134
974	734	300	122
967	732	303	121
958	731	303	128
954	732	301	120
952	727	290	132
939	730	298	127
937	723	298	138
930	727	296	116
917	726	298	119
912	724	300	120
904	722	294	117
899	722	289	124
894	724	292	115
880	720	302	122
874	722	296	118
870	716	294	126
871	718	289	121
853	717	295	124
848	715	283	119
836	713	295	122
828	713	288	126
824	709	283	124
820	704	277	124
816	703	274	126
808	703	269	120
804	705	263	117
804	697	264	118
791	700	267	118
792	700	258	116
770	689	277	131
771	697	255	120
768	695	261	114
757	691	265	116
750	688	260	121
745	691	256	115
742	689	253	115
735	692	250	112
733	688	254	111
725	688	246	108
711	689	254	110
709	683	249	115
704	681	249	117
700	682	245	110
691	680	251	113
689	679	250	111
691	676	245	112
690	673	242	114
688	672	244	116
691	668	244	118
690	672	249	101
696	667	241	115
698	668	240	115
702	666	234	108
695	664	240	112
699	664	231	109
696	664	231	105
688	663	232	105
684	660	230	107
676	660	236	111
675	659	226	104
669	657	228	101
664	657	228	100
649	651	230	111
650	645	221	111
642	649	230	96
638	651	227	99
631	649	219	93
625	647	222	91
615	649	227	79
611	648	217	82
611	647	215	90
601	644	218	95
596	641	218	98
590	641	215	98
589	636	213	103
587	637	211	93
594	634	208	98
591	634	211	90
598	632	213	86
610	631	205	92
619	629	207	93
634	627	207	86
648	622	213	99
664	620	211	104
690	616	208	103
730	610	190	101
753	611	191	95
776	608	196	101
803	605	189	97
829	604	188	79
871	604	178	66
878	605	193	61
919	606	185	59
949	602	184	63
978	602	185	61
1009	600	186	62
1042	601	182	66
1071	600	189	69
1109	599	179	71
1142	601	173	68
1174	602	182	68
1201	603	177	76
1227	604	179	78
1258	603	169	77
1269	604	175	72
1277	604	179	68
1289	602	176	72
1289	599	180	66
1297	598	179	68
1292	597	179	64
1292	596	179	68
1296	594	174	68
1287	593	178	64
1283	591	172	66
1285	589	169	63
1286	588	161	61
1283	588	161	57
1280	584	155	58
1273	583	161	59
1273	580	153	66
1267	578	157	63
1259	577	159	65
1249	575	162	66
1256	570	152	76
1252	572	147	63
1254	571	138	62
1244	578	147	54
1237	573	144	59
1241	571	137	58
1245	572	130	47
1239	574	131	50
1232	568	133	55
1226	572	134	49
1224	566	133	51
1228	567	124	53
1229	566	115	52
1227	567	112	48
1232	564	106	50
1234	561	99	51
1219	551	109	48
1221	558	103	45
1213	540	105	57
1221	549	93	50
1224	555	90	41
1228	556	81	40
1222	540	86	52
1216	537	82	58
1217	540	82	54
1220	543	74	50
1224	539	64	52
1217	528	65	53
1211	528	67	62
1211	528	67	62
1170	518	65	49
1175	517	57	45
1175	517	57	45
1160	512	71	52
1160	512	71	52
1145	510	83	57
1137	506	94	54
1137	507	88	56
1136	502	95	61
1130	506	93	49
1127	505	104	43
1125	502	93	47
1121	502	97	45
1122	499	93	57
1114	497	100	53
1115	499	104	48
1117	498	95	47
1117	495	97	51
1114	495	94	49
1112	496	95	49
1101	493	104	51
1103	491	96	55
1105	492	92	52
1101	490	93	53
1090	488	103	59
1093	485	94	51
1089	485	95	50
1085	485	97	48
1083	484	97	43
1082	483	94	46
1081	482	92	44
1080	479	89	45
1076	481	92	41
1070	476	96	46
1068	478	91	47
1065	476	93	48
1067	474	90	48
1061	472	93	48
1059	472	91	45
1057	471	92	43
1058	469	87	47
1056	466	87	50
1047	470	94	43
1041	468	99	46
1046	464	87	52
1049	464	84	50
1042	465	90	45
1039	464	88	46
1036	462	90	50
1038	462	84	47
1041	462	81	46
1035	462	84	43
1027	459	89	38
1027	457	88	40
1026	457	84	40
1030	455	78	45
1041	456	66	41
1049	459	57	33
1049	458	52	33
1045	457	53	33
1042	456	54	36
1039	457	57	36
1038	455	54	32
1042	452	45	38
1040	454	47	31
1039	454	47	26
1038	452	44	27
1036	452	44	30
1031	450	49	29
1029	449	47	29
1024	444	51	33
1021	447	52	36
1023	446	48	33
1022	445	47	35
1020	444	45	36
1019	444	46	34
1015	443	46	33
1004	440	55	34
1003	441	54	35
1007	441	48	27
1004	440	50	27
1004	438	49	29
1003	438	46	28
1003	436	45	30
999	434	46	31
997	434	46	32
995	435	46	30
992	434	48	31
991	431	48	33
988	429	50	37
987	428	48	35
989	428	43	34
986	427	43	35
988	426	38	37
981	426	43	35
982	424	43	35
983	424	39	37
974	423	47	33
973	422	46	33
972	421	44	32
971	423	45	31
972	422	43	29
960	419	49	35
959	419	49	33
958	418	48	32
959	418	48	35
960	416	43	33
949	415	42	33
955	415	39	33
955	415	38	30
957	414	37	31
955	414	39	32
953	413	41	33
953	413	41	32
951	412	38	30
948	412	39	30
943	411	42	30
942	412	41	29
942	410	41	30
942	410	40	30
942	409	36	32
942	408	35	30
941	407	34	29
937	408	37	29
