439	629	556	392
485	627	528	386
491	616	534	384
533	609	510	360
576	593	455	351
588	594	453	339
604	582	450	319
618	575	452	304
628	570	454	304
657	568	428	282
675	548	412	290
690	547	408	279
708	543	401	267
714	534	400	273
739	535	383	264
755	523	372	253
765	513	372	255
781	506	365	262
790	505	361	239
817	497	334	228
827	488	340	226
840	484	330	213
853	471	325	216
883	462	297	208
886	452	299	209
900	446	297	206
914	431	289	197
917	427	287	197
939	417	274	190
944	412	269	178
974	408	250	167
974	398	249	166
988	389	245	172
995	386	241	163
1016	380	231	154
1009	373	243	146
1008	371	247	139
1037	363	226	141
1026	364	234	131
1039	348	231	140
1059	352	217	131
1050	342	226	135
1055	344	229	127
1059	337	233	125
1074	335	223	124
1078	334	218	121
1100	330	199	129
1111	329	191	123
1105	324	202	127
1110	325	198	120
1119	327	191	114
1125	324	194	116
1157	324	166	114
1142	317	180	117
1147	322	181	111
1155	316	178	112
1156	316	182	115
1170	314	169	112
1210	315	130	111
1194	314	147	107
1225	311	127	114
1231	311	125	106
1236	313	121	103
1241	313	120	100
1242	313	122	99
1249	311	117	99
1239	308	126	103
1228	309	129	101
1207	297	139	110
1194	301	145	102
1177	297	147	106
1155	292	150	108
1137	297	149	99
1112	298	137	91
1094	303	130	89
1065	297	129	91
1036	293	126	95
1016	295	126	91
995	294	123	91
984	289	119	92
968	294	124	87
960	291	123	87
957	289	120	89
953	288	119	90
949	290	119	88
950	287	119	91
946	291	119	86
953	287	115	88
952	287	115	84
954	285	113	85
951	283	116	89
954	283	110	85
957	273	104	91
956	279	101	89
947	280	107	86
946	281	106	81
942	278	103	85
942	280	99	82
939	276	99	85
936	276	99	85
936	278	101	81
936	278	102	81
935	278	103	78
937	278	99	78
940	277	98	80
941	277	97	77
945	274	93	80
948	274	93	80
950	278	91	73
953	274	92	76
953	278	94	71
958	278	92	68
956	278	96	68
958	278	95	67
958	277	93	70
958	279	89	66
951	278	90	68
940	275	88	69
924	274	87	68
904	270	89	73
879	267	86	74
853	269	87	73
818	276	90	64
785	268	84	73
748	265	85	75
707	263	85	76
658	269	91	71
613	270	94	68
567	269	90	71
522	273	93	70
470	271	93	70
418	272	102	71
389	270	95	72
357	269	94	73
331	267	97	75
305	265	102	80
287	262	102	81
276	270	102	73
265	266	105	75
254	271	111	71
255	265	108	78
256	263	103	79
255	268	103	75
257	267	101	77
256	268	100	77
260	268	97	78
258	268	103	81
256	274	106	77
260	271	105	83
265	273	99	80
261	275	107	82
256	280	111	79
263	278	105	84
269	283	101	81
271	288	97	78
271	288	102	78
263	290	111	81
273	298	105	71
273	297	103	76
278	299	98	73
279	300	96	72
277	296	98	75
272	300	100	69
277	299	98	73
277	299	99	73
279	298	97	74
277	294	100	77
279	299	96	73
279	298	96	74
281	300	95	70
281	298	94	73
280	300	93	75
278	297	98	75
285	298	92	77
290	301	88	74
293	302	91	74
301	303	91	71
313	308	90	69
333	308	85	70
348	308	87	70
361	306	87	73
374	307	91	69
387	311	87	66
400	309	84	70
406	309	84	70
412	312	85	66
420	311	83	65
423	310	83	67
426	311	85	65
426	310	85	66
426	309	86	67
426	307	85	67
426	308	84	66
431	303	81	71
437	306	81	66
443	305	82	67
460	302	81	70
491	303	82	68
514	306	77	62
538	304	83	66
558	305	78	63
577	302	84	67
601	303	74	66
609	304	80	65
626	303	72	62
631	303	72	62
638	301	73	64
643	302	73	58
644	303	76	59
646	303	75	60
647	304	73	58
650	301	72	60
649	301	72	62
649	302	71	60
651	303	74	61
658	299	72	63
663	300	75	62
674	297	69	64
685	300	75	62
702	300	72	60
722	298	73	64
736	299	77	61
753	299	76	61
775	297	74	62
791	301	69	58
804	299	67	61
809	299	72	61
818	299	69	61
825	298	69	60
827	298	70	58
829	299	72	58
831	297	72	62
833	297	71	57
835	299	69	55
838	299	65	56
838	299	71	57
844	297	68	63
850	299	70	63
863	300	68	59
879	301	67	57
895	300	66	61
912	301	74	69
923	299	82	83
945	300	80	85
983	281	68	81
997	292	67	69
1010	298	67	64
1019	300	71	60
1030	302	70	57
1032	300	75	59
1042	299	68	57
1046	299	70	60
1045	299	73	60
1040	301	79	57
1045	299	76	65
1050	300	71	59
1052	300	71	58
1050	298	74	62
1049	297	73	62
1051	293	69	64
1052	294	69	62
1051	296	69	58
1053	295	67	59
1049	292	75	64
1054	290	68	73
1054	292	67	66
1053	289	67	66
1052	286	67	69
1054	294	69	69
1052	289	71	67
1052	300	71	60
1051	304	73	58
1053	304	70	61
1052	302	73	57
1049	300	76	57
1051	299	73	60
1052	302	73	57
1046	297	77	62
1052	297	72	59
1048	300	77	59
1043	301	82	56
1045	302	81	58
1042	301	84	56
1043	300	83	58
1045	301	78	56
1046	301	76	54
1051	299	70	55
1045	295	77	58
1046	300	79	54
1051	300	73	53
1053	299	71	54
1050	301	76	52
1051	297	74	55
1052	297	72	54
1051	293	72	54
1049	289	74	58
1054	283	67	59
1051	275	75	71
1049	283	74	62
1051	290	74	53
1053	288	72	54
1055	289	68	54
1051	281	73	58
1052	276	72	63
1047	265	78	74
1053	266	72	69
1052	271	72	64
1051	263	75	70
1054	259	86	68
1055	254	87	75
1052	255	92	73
1051	253	110	73
1042	254	98	72
1050	252	101	68
1044	249	98	69
1046	254	117	63
1048	253	111	63
1036	250	110	66
1052	248	111	70
1045	246	100	71
1052	248	107	69
1054	242	103	76
1052	245	111	75
1051	242	114	77
1051	236	118	83
1054	234	117	85
1056	244	111	74
1058	246	97	71
1060	242	85	75
1058	244	86	78
1063	244	89	77
1062	236	88	85
1066	238	86	84
1065	239	89	86
1063	245	86	76
1068	247	87	80
1069	252	75	71
1066	250	66	65
1065	251	71	65
1063	253	75	66
1068	260	68	59
1066	258	77	62
1063	256	79	63
1063	253	77	68
1063	250	79	69
1063	245	81	76
1064	244	81	80
1063	248	83	72
1066	255	77	68
1063	255	79	66
1065	256	76	76
1065	255	79	76
1065	257	82	70
1067	255	75	85
1068	251	72	83
1068	252	69	80
1067	254	75	80
1066	256	73	77
1065	249	70	90
1072	244	70	92
1068	246	73	90
1066	259	71	81
1069	258	67	82
1068	263	66	76
1067	272	65	66
1069	263	70	75
1070	262	68	79
1066	255	72	84
1063	257	75	83
1063	258	76	80
1063	254	76	83
1063	260	73	76
1064	254	72	84
1059	252	74	81
1064	256	66	76
1067	260	66	66
1067	258	69	77
1066	262	72	71
1068	255	69	83
1070	256	69	80
1067	263	69	74
1066	255	69	87
1065	254	71	88
1064	258	69	85
1069	252	67	91
1066	256	73	90
1066	253	68	87
1066	255	70	83
1065	251	72	88
1065	251	65	86
1071	247	63	92
1070	250	66	88
1070	254	69	86
1069	249	62	87
1068	253	63	83
1069	246	58	90
1066	253	63	77
1064	256	70	79
1068	258	64	74
1068	256	63	74
1068	257	70	75
1068	254	77	71
1067	254	76	75
1069	258	67	55
1066	259	69	51
1066	258	64	57
1065	258	62	57
1068	257	67	52
1067	256	70	66
1066	254	78	64
1067	252	78	69
1069	252	65	58
1068	251	66	59
1068	250	63	65
1070	251	57	61
1070	252	58	59
1071	252	64	59
1070	254	64	59
1070	252	54	65
1080	250	57	60
1072	251	56	62
1070	251	56	62
1073	249	59	59
1073	250	60	57
1074	251	53	59
1072	246	59	61
1070	241	66	63
1071	235	71	66
1068	237	71	70
1071	232	78	71
