1078	883	247	197
1071	870	237	193
1058	860	231	196
1037	842	244	197
1036	831	229	184
1024	821	227	173
1017	811	218	168
1016	803	208	157
1007	788	201	160
1005	780	193	156
994	772	193	154
980	766	197	144
976	756	192	146
970	750	193	134
962	739	194	138
964	733	178	131
958	725	179	130
955	721	173	112
956	713	166	110
952	705	162	108
944	699	160	107
937	690	164	110
943	681	150	103
935	673	150	101
934	667	147	101
934	661	142	97
925	657	144	94
922	651	145	95
922	644	137	97
915	640	143	99
915	635	133	100
911	632	135	104
910	627	132	100
903	624	131	106
899	620	129	100
896	618	127	95
895	611	126	94
895	610	117	96
890	605	119	85
883	604	122	94
883	597	117	87
879	595	113	93
873	590	115	84
873	588	113	79
869	588	116	75
862	585	120	85
859	581	115	81
852	580	113	89
850	578	115	94
849	574	106	80
845	573	103	77
845	570	96	69
842	568	100	69
834	566	99	68
834	564	92	64
832	561	91	66
830	559	86	64
829	558	86	61
824	556	85	55
818	553	89	66
820	550	81	62
818	549	77	62
813	547	83	65
805	544	86	62
802	542	83	57
802	540	79	57
798	538	80	60
791	537	85	59
788	535	84	59
791	533	77	60
788	533	78	62
783	532	77	58
776	532	82	52
778	530	78	56
774	529	75	53
768	529	82	49
770	528	77	52
767	526	76	52
767	524	73	52
763	522	72	52
758	522	75	53
755	523	76	61
760	522	66	48
749	520	75	56
750	519	73	69
751	518	70	57
746	517	72	55
741	517	76	57
741	517	73	58
739	516	73	57
737	515	72	52
738	515	70	49
735	512	69	55
732	510	72	55
725	508	77	56
721	510	80	57
719	507	78	54
725	506	69	53
725	504	67	49
721	503	70	52
721	502	65	50
718	501	66	49
715	498	68	47
715	499	67	49
712	497	67	48
712	494	64	51
710	494	64	50
706	493	63	47
706	490	65	54
702	491	66	47
705	489	62	45
703	488	62	46
700	486	62	48
696	485	63	55
698	485	58	47
695	484	59	45
695	482	59	51
694	481	58	50
698	479	51	41
697	479	50	40
690	478	57	40
685	477	57	38
687	475	55	39
685	476	54	43
684	475	53	43
681	473	54	44
679	472	54	41
677	472	56	38
674	471	55	40
673	468	56	43
672	468	54	47
670	467	55	45
668	464	54	50
667	464	54	43
668	464	52	42
664	463	55	38
664	462	54	37
664	460	52	38
662	460	53	38
661	457	53	41
660	456	54	40
657	456	53	42
655	455	52	43
654	454	52	43
654	454	53	40
653	452	51	42
650	451	53	43
652	450	51	36
653	449	46	44
651	448	49	37
654	448	45	36
650	446	46	39
647	444	49	39
640	443	56	42
641	442	53	47
644	441	50	38
642	441	49	37
642	441	49	37
642	439	47	38
641	439	46	40
640	438	48	37
640	437	43	32
635	436	48	38
635	437	47	34
635	435	47	33
632	433	48	35
631	433	49	35
632	432	47	34
631	431	44	37
631	431	44	36
629	429	44	42
627	429	46	35
626	428	48	36
623	428	50	33
622	428	50	32
622	428	48	36
616	426	54	33
615	425	55	40
616	425	52	48
616	420	51	38
621	423	45	31
620	423	46	30
616	422	47	30
615	420	49	32
612	420	50	37
617	420	44	32
615	419	44	39
616	420	42	39
612	419	47	49
607	417	54	49
608	417	50	35
609	418	47	32
609	418	45	42
607	415	47	49
609	415	46	49
609	414	43	46
608	414	44	41
607	414	43	40
607	415	44	41
605	413	44	35
606	413	42	36
608	413	40	29
606	412	41	31
604	412	42	35
604	410	41	30
605	410	39	32
605	411	38	32
606	409	37	30
602	410	41	30
601	409	41	37
601	408	39	31
599	408	42	40
597	406	43	43
599	403	42	52
598	399	42	43
599	403	37	43
600	403	39	45
596	400	40	46
599	401	39	40
596	400	41	33
596	402	42	32
597	401	37	31
597	401	37	31
597	401	37	31
597	401	37	31
597	401	37	31
593	405	47	33
591	396	45	42
590	399	51	50
589	393	53	62
591	391	51	58
591	391	51	58
591	391	51	58
591	391	51	58
591	391	51	58
590	390	47	58
590	391	46	54
589	391	47	57
589	391	47	57
590	390	47	62
590	390	47	62
590	390	47	62
590	390	47	62
590	390	47	62
590	390	47	62
590	390	47	62
590	390	47	62
590	390	47	62
590	390	47	62
590	390	47	62
590	390	47	62
590	390	47	62
691	509	54	57
674	509	72	54
663	510	69	49
642	508	71	51
624	511	68	47
604	511	67	43
573	510	72	46
550	509	74	45
525	512	71	40
497	510	69	46
467	513	71	43
426	516	78	45
392	512	85	50
353	518	85	44
318	519	81	45
286	519	82	46
243	521	81	46
211	520	79	48
