1710	674	209	76
1665	663	202	77
1602	661	197	71
1554	658	191	69
1510	649	190	71
1466	647	186	71
1433	646	184	70
1396	647	181	69
1370	642	181	72
1345	640	179	74
1324	639	176	78
1304	641	175	72
1278	644	182	74
1259	641	184	75
1240	642	184	76
1231	641	182	75
1210	643	179	77
1200	648	176	73
1179	650	185	73
1158	649	184	73
1143	649	180	74
1123	649	186	73
1109	653	182	71
1094	654	178	74
1079	651	179	74
1057	653	182	74
1043	659	182	69
1028	660	180	68
1017	660	180	69
1009	659	183	72
1000	659	180	73
1001	659	178	74
998	660	182	72
998	662	187	75
1002	659	186	76
1000	661	188	76
1009	664	190	73
1005	665	187	76
1010	663	193	82
1021	665	191	82
1026	664	190	83
1035	665	189	80
1038	663	195	83
1040	668	200	81
1055	669	198	77
1061	667	191	81
1070	670	195	78
1082	668	196	79
1088	666	193	79
1097	667	197	79
1104	666	193	77
1112	668	199	75
1125	666	197	77
1131	665	195	78
1141	665	196	79
1153	664	196	82
1159	663	202	80
1168	662	203	81
1177	660	200	82
1180	663	213	78
1195	663	205	81
1208	658	203	85
1217	657	205	86
1231	657	209	86
1240	659	209	82
1268	657	196	84
1272	652	203	86
1281	653	206	83
1304	650	197	85
1316	648	188	83
1328	645	201	86
1340	643	210	88
1351	640	208	87
1371	640	203	89
1387	634	199	94
1404	635	203	96
1416	635	207	88
1436	632	195	92
1450	632	199	92
1449	631	203	90
1459	629	194	89
1464	627	187	88
1460	621	183	91
1450	622	186	84
1445	620	178	80
1441	614	166	77
1430	609	165	78
1414	602	169	78
1398	603	172	69
1392	595	162	74
1379	592	159	72
1370	588	156	76
1356	584	158	76
1351	579	148	72
1333	580	153	66
1319	576	152	66
1307	575	150	66
1300	572	146	68
1292	568	142	66
1285	562	137	70
1290	559	121	70
1290	562	111	57
1283	560	102	58
1282	559	93	53
1284	560	82	50
1290	561	67	46
1285	561	60	51
1283	554	54	53
1283	554	54	53
1283	554	54	53
1283	554	54	53
1283	554	54	53
1386	484	65	51
1386	484	65	51
1386	484	65	51
1386	484	65	51
1386	484	65	51
1386	484	65	51
1386	484	65	51
1386	484	65	51
1386	484	65	51
1386	484	65	51
1386	484	65	51
1386	484	65	51
1386	484	65	51
1386	484	65	51
1386	484	65	51
1386	484	65	51
1386	484	65	51
1386	484	65	51
1386	484	65	51
1386	484	65	51
1386	484	65	51
1427	502	70	49
1427	502	70	49
1427	502	70	49
1427	502	70	49
1427	502	70	49
1427	502	70	49
1427	502	70	49
1427	502	70	49
1427	502	70	49
1427	502	70	49
1427	502	70	49
1427	502	70	49
1427	502	70	49
1362	462	79	42
1378	466	80	31
1378	466	80	31
1378	466	80	31
1440	486	87	39
1440	486	87	39
1440	486	87	39
1440	486	87	39
1440	486	87	39
1389	465	95	39
1393	466	95	38
1393	466	95	38
1401	465	93	44
1401	465	93	44
1389	467	105	42
1386	467	108	44
1392	468	104	42
1389	467	103	42
1389	468	109	37
1392	468	104	40
1396	468	105	41
1389	467	112	41
1388	468	115	42
1390	467	117	43
1391	472	118	43
1398	471	124	44
1394	470	121	52
1396	468	124	64
1396	467	122	60
1397	467	113	51
1401	466	113	51
1401	469	113	49
1403	467	111	51
1404	467	106	50
1418	470	102	46
1411	470	105	46
1411	468	115	46
1408	471	122	36
1408	468	112	43
1417	469	110	43
1417	467	107	43
1416	469	114	44
1416	470	111	54
1422	469	110	42
1421	468	121	46
1427	468	122	41
1424	467	120	45
1428	466	118	48
1427	469	127	45
1427	466	123	55
1426	468	131	45
1434	468	121	48
1440	468	123	47
1448	467	112	47
1447	466	112	47
1449	466	119	41
1448	470	121	39
1447	470	127	41
1454	470	125	45
1452	465	129	44
1467	467	120	45
1465	465	121	42
1466	469	120	32
1467	468	121	38
1472	468	114	41
1474	470	119	40
1481	469	116	37
1481	469	118	37
1486	469	108	41
1486	468	125	43
1471	467	123	40
1490	468	127	36
1494	469	134	44
1495	470	137	49
1500	471	132	43
1503	470	128	40
1501	474	131	39
1502	473	137	37
1498	473	142	47
1503	473	141	49
1511	472	135	43
1509	465	141	57
1515	472	136	54
1522	469	121	60
1524	473	120	49
1524	477	133	42
1516	475	117	48
1521	475	121	65
1529	474	106	53
1533	477	108	50
1534	478	127	48
1534	480	133	53
1536	479	133	53
1538	479	133	56
1535	479	137	54
1540	478	139	64
1543	480	133	58
1543	482	132	43
1539	481	133	48
1539	479	130	44
1543	483	138	46
1539	482	145	50
1538	485	149	37
1538	487	152	39
1538	484	153	50
1539	482	150	56
1538	485	149	52
1533	482	138	55
1528	482	131	48
1509	482	138	56
1490	480	128	43
1464	478	130	44
1443	477	128	44
1412	475	129	46
1388	474	118	38
1366	475	114	37
1334	472	114	37
1305	472	113	40
1271	470	111	28
1242	468	108	29
