10	583	192	120
73	576	189	110
128	562	195	105
185	553	202	106
260	548	176	94
329	534	159	94
377	527	154	84
442	516	145	88
488	513	132	79
518	509	135	77
551	508	129	65
575	504	123	66
588	497	126	71
599	493	128	69
617	494	115	70
618	484	115	75
621	480	115	70
626	479	108	68
623	477	111	69
621	474	112	70
617	473	110	67
617	469	110	70
615	470	112	61
609	464	111	68
608	460	109	68
611	460	103	67
601	456	107	68
598	456	104	67
596	452	104	70
591	449	108	67
591	451	103	60
586	448	104	61
585	447	102	62
576	447	107	55
576	445	103	56
573	445	100	58
574	444	99	60
570	441	99	66
566	441	103	67
569	444	94	61
565	446	93	54
563	445	97	58
563	445	94	63
560	444	94	64
557	446	91	65
557	449	88	59
556	451	83	56
550	448	88	58
545	449	89	61
539	445	90	67
534	442	90	70
530	445	93	67
536	448	86	64
535	446	84	66
532	446	86	64
531	444	84	63
535	445	76	63
533	444	75	64
532	442	72	62
528	443	75	62
525	442	78	62
531	444	70	58
525	442	72	61
525	442	73	60
522	441	73	60
523	440	71	59
525	440	64	60
519	440	68	58
521	437	66	59
517	436	68	59
512	435	73	57
509	435	76	56
506	435	70	58
506	433	71	58
499	433	76	55
496	431	77	54
490	431	83	54
487	429	87	57
479	427	93	58
473	426	100	58
469	425	103	58
463	424	107	56
468	422	104	58
469	423	105	54
479	420	103	55
496	422	93	48
517	419	86	52
549	420	76	47
558	416	91	50
586	413	88	51
619	409	82	55
650	410	88	50
682	407	93	49
724	408	85	47
756	402	91	55
790	400	92	53
833	398	89	54
871	399	83	51
901	399	74	50
929	400	74	46
941	398	80	51
950	398	83	47
968	395	77	51
979	393	72	51
993	396	62	45
995	396	67	41
992	394	71	43
993	392	75	51
991	389	77	51
991	390	78	48
983	389	86	46
977	388	93	48
975	387	93	49
974	383	96	60
971	380	95	56
974	381	91	56
980	377	81	54
984	377	79	55
982	379	84	44
980	379	77	43
987	381	70	39
984	378	73	42
985	380	69	38
990	377	64	40
991	378	63	40
989	376	61	40
984	370	64	49
979	366	66	52
978	371	67	42
980	370	66	46
981	371	65	42
975	371	69	41
974	369	68	45
977	371	65	41
976	372	64	42
978	366	60	49
972	367	65	41
971	368	66	39
978	367	57	43
975	365	58	48
980	366	52	43
974	364	58	44
976	364	56	43
980	363	49	43
977	363	49	45
970	367	56	36
971	362	56	42
968	360	58	44
967	360	58	45
965	361	59	42
962	360	61	43
969	358	53	43
963	360	57	41
966	358	52	42
966	359	52	40
969	357	49	40
965	355	51	44
969	351	45	46
963	349	52	51
959	345	54	55
959	349	53	47
963	353	47	39
965	350	43	43
963	352	46	40
957	347	51	45
966	350	41	40
960	347	46	41
956	347	49	41
951	348	54	39
948	347	57	40
951	347	55	39
953	346	51	41
954	345	47	39
951	346	48	39
950	343	50	40
948	342	53	39
944	345	55	37
941	342	56	41
941	340	56	40
937	341	59	39
937	344	58	35
940	342	56	37
934	336	61	44
935	339	58	42
939	339	51	39
942	337	50	38
941	339	52	37
940	340	55	34
942	335	51	42
943	330	51	48
948	328	47	53
947	326	52	58
946	327	48	53
941	327	57	58
944	329	53	54
941	330	55	54
938	331	57	51
935	338	65	45
930	338	66	41
928	339	63	39
932	339	61	38
932	338	63	39
932	337	60	39
929	335	62	39
929	334	64	41
928	335	64	39
928	333	65	44
929	333	57	40
927	329	58	43
931	332	56	37
928	328	60	43
934	327	53	44
933	326	57	45
930	327	51	43
927	326	56	45
929	327	55	40
930	326	53	44
927	324	57	45
920	324	61	40
925	326	55	39
923	323	65	45
924	323	56	44
923	324	58	40
923	323	55	44
925	325	55	41
927	324	55	42
925	322	56	43
922	325	58	41
925	323	57	46
924	325	64	44
926	319	54	51
926	324	60	40
927	325	51	39
929	323	50	42
926	325	54	40
926	325	53	36
922	324	54	38
923	322	54	41
921	323	56	38
921	323	54	38
918	322	58	40
922	317	51	46
920	317	57	42
919	316	59	45
918	314	65	44
919	309	59	51
919	301	54	61
918	295	55	67
922	300	52	63
920	303	57	59
919	302	56	59
920	306	53	56
919	301	55	64
920	304	55	63
922	302	51	63
918	304	56	59
918	303	55	63
919	295	56	69
918	298	59	69
921	296	52	68
919	289	55	77
921	295	51	69
914	293	58	71
916	291	56	69
920	290	52	68
918	298	54	62
916	295	55	65
917	284	53	74
921	288	49	75
920	291	49	71
917	290	51	69
914	293	63	72
917	290	55	74
920	289	49	76
919	292	50	75
916	287	55	78
917	289	54	72
918	291	52	70
919	293	51	70
915	290	59	70
919	286	51	74
917	286	49	73
920	288	47	71
922	289	48	71
919	290	49	69
919	292	49	69
916	287	53	73
919	285	48	72
920	286	48	74
919	287	46	72
919	293	48	63
920	293	46	66
919	290	47	64
918	292	46	65
919	287	45	71
922	285	42	72
919	285	54	78
916	288	56	70
924	286	45	70
920	283	46	72
919	285	47	70
917	288	48	63
916	290	60	66
916	288	56	66
921	291	47	60
926	288	47	71
930	286	49	71
937	288	53	68
953	294	60	66
963	297	53	62
977	291	62	68
997	292	57	66
1019	292	56	66
1040	294	55	67
1066	293	52	61
1090	298	56	56
1115	286	57	67
1145	293	54	58
1170	297	56	56
1200	299	56	53
1232	295	56	56
1261	291	58	63
1295	294	60	62
1323	301	61	53
1352	292	55	63
1390	301	42	52
1406	301	49	56
1424	303	51	57
1438	302	49	51
1446	298	53	60
1455	299	52	53
1459	297	60	60
1467	295	57	63
1470	293	59	67
1473	290	66	76
1473	295	63	64
1474	295	57	64
1476	297	52	57
1478	297	49	57
1476	295	57	58
1472	288	65	70
1472	288	64	74
1475	281	64	83
1478	287	47	77
1476	289	53	72
1469	291	62	73
1476	296	53	62
1478	302	46	54
1478	300	50	57
1478	296	47	61
1475	294	53	66
1479	297	46	60
1482	297	41	61
1479	295	44	60
1481	301	45	54
1481	298	42	61
1474	291	52	69
1477	295	48	65
1477	293	46	65
1481	292	44	66
1481	298	46	62
1482	296	42	61
1481	296	42	61
1483	302	40	51
1484	297	41	55
1482	303	40	50
1482	297	43	56
1484	300	40	57
1482	299	44	56
1485	296	39	58
1480	293	48	67
1478	297	50	54
1479	300	46	51
1481	297	50	58
1483	293	46	65
1481	291	45	65
1481	293	46	67
1481	297	49	60
1487	301	44	52
1485	301	43	51
1484	303	41	44
1484	306	48	42
1486	307	42	43
1482	307	43	46
1483	301	46	48
1483	298	44	56
1485	304	42	47
1484	304	48	49
1490	305	38	47
1486	300	45	51
1488	300	40	53
1488	298	40	56
1489	303	37	49
1490	308	36	42
1487	301	40	48
1487	301	41	55
1488	300	45	59
1487	296	43	59
1487	298	44	59
1487	300	44	60
1486	298	45	60
1489	299	44	64
1488	294	46	75
1488	298	47	65
1490	303	43	60
1489	302	45	60
1491	304	43	57
1493	306	42	55
1492	305	42	54
1494	304	39	59
1493	304	42	57
1496	307	37	52
1499	307	36	55
1498	305	38	62
1498	303	38	70
1497	304	37	65
1492	304	42	65
1495	302	40	63
1493	306	42	59
1497	310	36	48
1494	308	40	53
1493	306	42	58
1494	308	39	52
1495	310	38	50
1493	308	43	55
1492	307	41	59
1491	304	43	62
1489	305	43	62
1488	306	44	58
1488	303	44	63
1488	302	40	65
1486	304	45	59
1486	303	35	60
1482	303	40	60
1484	300	37	63
1481	301	40	63
1476	299	41	71
1478	300	40	62
1477	300	40	58
1478	300	41	67
1478	299	49	67
1475	296	47	71
1474	295	45	71
1475	296	45	67
1473	298	49	68
1474	299	47	57
1474	294	59	63
1474	294	44	69
1476	294	46	65
1475	295	54	61
1477	295	51	58
1476	292	52	67
1474	295	58	60
1474	294	55	67
1477	295	44	60
1475	296	46	60
1475	293	45	67
1471	293	47	65
1474	297	45	57
1475	292	43	64
1479	292	42	60
1476	292	43	61
1474	290	45	67
1482	291	40	71
1483	292	46	70
1477	290	52	71
1477	286	53	69
1479	293	49	62
1487	288	38	72
1487	289	40	67
1486	289	41	67
1485	291	49	65
1486	294	45	56
1491	297	36	55
1493	290	40	63
1491	291	43	65
1489	287	45	72
1495	287	39	70
1495	290	41	66
1495	290	42	64
1500	292	43	62
1493	294	50	64
1493	293	54	64
1495	295	54	61
1504	298	67	63
1508	297	73	64
1507	291	71	73
1510	296	68	71
1510	297	70	77
1507	298	69	71
1510	296	72	77
1485	285	64	79
1508	293	70	76
1511	288	63	87
1514	286	58	85
1486	285	63	77
1500	294	67	67
1503	294	72	63
1484	298	65	54
1502	296	77	58
1485	292	68	58
1507	292	64	54
1500	299	49	53
1507	299	38	51
1508	301	36	56
1504	298	42	56
1502	302	43	46
1504	301	44	53
1503	298	51	58
1509	300	39	58
1513	301	35	56
1513	303	31	48
1510	306	33	42
1506	302	37	45
1506	300	44	47
1507	303	43	48
1506	300	47	49
1510	302	40	45
1514	301	37	47
1511	302	40	54
1503	301	44	53
1505	302	40	43
1509	301	37	47
1509	303	35	45
1511	304	35	43
1516	305	28	44
1516	306	29	44
1516	306	31	42
1515	306	37	43
