630	881	423	199
617	852	430	224
617	856	420	226
613	831	422	243
627	838	412	249
620	831	416	246
641	842	395	243
628	835	408	237
626	854	415	223
618	860	418	214
609	870	425	205
600	873	434	207
601	869	435	206
589	852	457	225
594	836	450	242
607	819	439	258
601	840	442	241
627	826	423	257
630	851	419	227
629	861	412	215
623	852	425	223
626	858	416	216
611	863	430	214
635	868	402	207
629	862	405	220
638	845	408	234
643	858	407	223
646	861	390	211
643	857	400	225
635	854	408	225
630	867	407	208
635	832	409	246
632	842	417	243
632	844	417	232
619	849	425	232
614	860	437	220
627	857	422	220
631	852	414	223
642	845	403	235
622	858	424	227
616	856	434	224
618	836	433	241
621	829	441	255
620	841	439	237
608	842	450	240
606	858	463	214
607	859	447	214
636	853	418	222
623	856	436	218
633	861	425	207
611	855	459	229
635	853	439	227
638	851	434	227
625	852	432	223
633	857	438	221
651	859	399	215
652	858	404	223
625	848	438	235
641	827	417	251
649	835	423	244
652	846	414	232
647	849	415	226
645	855	429	227
627	848	458	231
642	853	431	223
632	860	445	217
630	854	452	225
638	856	448	221
644	864	443	214
641	863	450	218
632	858	468	214
635	860	462	223
654	824	443	262
627	831	487	257
614	833	487	250
613	841	492	240
623	839	474	244
626	858	482	222
668	874	440	194
666	878	446	195
641	883	472	191
611	882	512	196
675	868	454	208
646	872	481	209
661	885	467	196
665	883	447	190
671	883	462	188
697	882	428	196
692	889	428	186
699	878	422	195
700	875	418	200
705	874	418	200
675	873	453	203
694	875	442	202
676	872	467	202
665	874	476	201
679	869	473	207
720	866	431	209
742	865	404	209
741	868	409	202
739	872	410	197
728	866	428	210
710	887	445	183
718	877	444	191
737	879	431	192
754	869	405	203
739	872	422	197
732	870	433	200
735	861	434	214
722	862	449	214
695	867	479	204
671	870	500	202
649	882	529	193
661	863	528	207
637	865	554	215
616	876	567	208
584	867	606	208
620	858	573	221
615	864	576	218
628	875	575	197
630	880	571	206
649	865	561	217
650	850	556	226
667	857	529	232
619	857	590	225
631	867	576	217
633	875	593	212
672	881	549	203
641	876	577	194
625	881	597	193
640	871	583	204
665	890	573	193
670	880	561	194
656	875	574	199
636	886	602	200
640	879	603	197
619	877	620	197
610	888	623	191
640	891	587	185
600	884	611	190
572	888	640	194
552	909	641	174
538	895	639	183
532	892	631	188
499	886	647	195
508	894	637	187
479	889	641	190
459	896	645	189
446	896	651	181
432	894	643	187
420	901	635	179
417	886	621	187
413	912	608	166
414	898	594	177
406	899	592	176
346	885	632	193
326	885	636	204
299	887	650	189
288	902	634	179
360	912	551	161
369	909	540	171
411	915	483	168
440	914	443	166
446	909	424	166
424	909	456	169
439	908	436	172
428	910	442	172
433	906	434	172
414	916	455	162
439	912	426	165
429	911	433	168
420	919	447	156
428	905	443	172
435	908	442	167
421	906	454	168
443	917	440	158
435	922	446	151
434	909	444	168
454	903	430	177
435	912	450	164
448	903	445	171
444	897	449	177
444	902	449	173
454	907	441	169
441	906	459	168
458	899	438	175
460	911	437	163
459	904	439	168
458	908	443	167
473	897	428	178
472	894	433	186
474	894	439	180
469	891	444	188
469	885	447	194
483	878	427	205
482	884	439	190
476	885	445	189
476	880	445	191
478	884	446	190
486	885	434	188
484	897	430	177
485	894	447	181
489	898	437	181
488	896	438	181
486	895	439	181
489	888	444	194
492	894	449	190
500	889	441	183
515	894	421	181
491	891	451	184
492	881	452	197
510	888	432	188
511	884	435	191
518	886	431	191
518	898	429	180
528	893	419	184
526	888	426	192
523	893	429	186
530	885	424	193
562	885	392	191
551	888	404	189
541	893	417	185
534	889	429	189
530	890	439	186
542	893	420	182
550	890	419	185
544	891	417	180
553	886	410	192
563	892	408	179
571	884	400	188
571	884	395	189
572	876	394	202
562	886	407	191
565	879	407	193
556	881	420	193
574	878	409	195
577	880	397	193
580	882	402	195
577	886	400	190
579	882	403	193
577	875	404	199
586	881	394	191
577	881	408	189
584	883	407	194
593	888	398	190
588	878	406	199
575	880	419	194
594	880	411	195
599	878	389	200
603	870	392	205
592	878	397	204
604	870	397	211
589	878	420	198
565	878	425	204
591	874	413	202
600	868	412	207
606	878	404	199
618	877	392	197
615	874	393	196
604	881	405	184
616	880	388	202
600	874	414	201
616	873	396	201
615	872	401	205
602	867	407	209
627	867	391	211
611	874	400	201
613	877	404	198
620	875	404	201
610	866	410	205
623	878	400	200
625	872	400	201
634	873	406	213
621	869	408	202
629	873	404	205
635	877	402	192
636	875	396	203
638	875	403	197
632	878	404	201
638	876	396	198
630	876	412	197
631	869	403	200
636	876	411	198
639	882	399	187
644	876	393	196
632	877	413	195
626	879	411	197
640	882	409	194
647	876	399	192
644	876	402	204
654	875	392	198
632	882	417	195
638	873	411	199
631	879	410	201
643	875	410	198
629	882	409	190
646	889	400	180
650	877	394	193
654	881	402	190
650	882	392	189
665	887	383	188
657	883	399	189
647	893	408	179
645	891	412	186
649	893	403	183
656	893	393	187
642	899	416	179
661	891	393	182
663	882	385	190
665	892	388	183
661	891	394	189
660	885	394	185
669	893	387	186
658	899	399	178
672	901	387	173
660	886	399	191
671	896	391	181
679	893	379	184
670	898	389	173
682	889	374	182
684	893	380	180
689	893	366	183
702	894	349	181
688	894	375	182
671	894	388	183
673	897	393	179
696	887	366	192
691	897	372	175
678	901	387	174
671	901	397	179
673	897	392	179
677	900	393	176
675	894	390	179
693	907	371	175
687	906	379	169
698	906	372	169
701	911	366	164
713	906	352	170
706	906	366	167
710	907	360	170
714	911	360	165
694	915	382	159
696	909	379	166
696	912	378	168
724	907	351	163
702	911	377	164
724	911	354	160
731	906	344	168
724	910	351	167
714	915	361	160
710	914	379	163
712	913	371	163
717	904	373	171
716	913	372	168
706	901	389	186
685	930	408	150
694	920	411	165
707	914	392	163
711	922	384	158
714	912	385	168
714	911	386	166
716	921	387	160
721	912	387	165
712	928	387	150
705	919	405	154
704	929	407	150
705	933	413	143
714	926	399	145
723	923	386	157
721	931	394	145
724	918	396	163
731	915	380	163
730	917	394	165
732	915	379	165
732	919	385	163
746	926	375	155
734	917	386	167
735	926	388	152
719	934	413	148
721	925	408	161
736	933	385	148
751	923	383	148
715	928	407	154
733	929	408	151
723	927	416	156
716	924	420	155
744	924	396	154
743	929	396	144
735	935	409	142
751	921	396	155
740	922	397	162
734	928	416	154
720	923	430	162
737	938	413	145
749	925	408	150
749	926	398	156
767	924	377	151
759	932	390	146
763	930	399	146
783	915	372	162
804	926	341	154
803	916	336	162
774	925	373	156
777	932	384	146
763	929	402	155
744	933	420	146
748	914	420	170
751	918	407	161
744	931	423	145
748	940	424	141
731	930	431	151
727	937	444	149
703	928	479	148
687	935	486	151
695	934	484	154
681	931	496	151
684	933	486	152
681	940	481	144
662	936	496	144
657	935	498	147
662	939	482	138
631	938	484	139
630	939	487	142
608	946	500	136
615	940	474	142
593	943	475	136
591	937	469	141
554	949	485	135
561	951	463	125
574	946	436	127
587	944	415	132
574	940	421	141
573	934	409	143
572	943	401	138
569	931	399	147
563	929	413	150
545	940	427	142
554	936	409	149
570	935	398	149
561	932	408	147
561	934	415	147
564	929	412	151
548	932	423	148
565	939	399	142
572	928	394	155
557	941	414	137
567	935	401	145
567	924	399	153
562	931	401	154
578	923	390	158
564	930	403	151
566	931	405	146
555	930	418	145
572	926	403	160
569	917	400	166
575	912	392	170
582	906	379	173
587	901	379	176
584	902	389	177
579	907	383	167
560	907	409	172
557	915	417	162
572	897	400	195
569	895	401	186
584	902	376	174
589	904	373	175
565	904	404	177
545	907	421	172
562	908	411	168
561	906	407	170
558	915	409	159
541	916	437	158
545	907	423	173
537	912	437	169
559	912	413	160
562	910	400	164
567	914	404	162
571	913	400	164
571	901	396	175
580	908	389	171
566	908	400	168
555	904	419	173
546	904	428	175
546	909	425	166
535	908	424	164
532	895	444	181
524	903	451	172
531	910	445	175
511	903	458	177
532	893	443	193
550	900	430	184
535	888	428	189
563	895	395	181
573	882	391	194
578	883	382	187
580	882	389	187
557	881	409	190
528	892	446	181
492	895	485	188
490	883	482	199
474	894	502	191
455	891	522	189
455	891	526	195
456	890	508	190
468	890	518	191
455	883	517	202
454	866	515	215
450	868	520	213
462	871	511	209
465	866	509	218
464	861	510	223
467	864	505	213
447	877	521	203
454	869	525	207
458	857	516	223
448	868	535	217
454	870	522	209
453	851	528	220
467	868	499	207
458	866	522	207
462	862	507	218
465	865	511	211
450	857	523	219
458	858	510	222
456	856	514	224
461	833	503	252
436	859	526	214
457	860	513	220
447	847	515	235
468	849	505	234
455	863	514	216
458	849	508	225
454	854	509	230
448	835	508	243
452	849	508	232
442	858	527	215
431	849	536	229
442	848	520	226
437	862	523	217
417	848	548	230
440	852	521	220
445	842	515	233
425	837	520	242
446	853	510	230
423	855	541	224
424	845	526	224
436	840	517	236
436	847	510	230
436	843	508	238
434	846	507	232
428	840	517	239
416	846	533	229
425	832	507	244
428	845	516	227
422	832	511	256
418	838	513	231
433	846	504	228
430	825	504	258
442	847	486	221
435	833	485	238
412	825	511	246
427	832	493	249
428	818	488	256
424	826	489	255
392	814	518	256
430	831	486	235
419	824	493	253
397	823	516	245
417	829	497	247
422	819	488	248
401	826	509	253
392	807	518	260
417	828	489	240
405	821	497	251
400	821	500	261
398	824	502	252
389	821	506	252
411	824	471	239
401	823	487	254
392	807	495	260
383	824	506	247
387	823	498	249
394	831	477	238
395	829	476	244
383	823	491	249
382	816	492	253
366	816	497	259
384	824	490	246
374	825	498	240
382	828	492	246
377	829	490	237
383	827	484	247
371	825	491	251
369	821	495	252
365	820	485	252
357	821	495	256
376	832	463	243
360	831	490	240
366	827	483	241
360	832	487	239
352	826	487	249
365	830	481	240
343	829	503	249
355	834	478	238
344	831	487	244
339	819	499	256
315	821	514	252
315	834	521	234
324	834	505	241
332	837	495	236
325	841	495	240
320	838	496	240
320	840	498	235
325	838	488	238
308	846	494	235
328	849	484	224
303	851	508	222
305	840	499	246
304	854	506	223
289	843	514	235
293	856	503	219
285	848	507	237
268	844	529	233
273	846	513	236
281	854	510	218
287	858	508	222
279	845	517	230
285	852	511	229
274	858	522	227
287	856	508	226
304	854	493	226
313	865	493	212
311	861	491	222
300	858	500	222
296	857	510	217
282	848	523	229
272	850	523	232
268	851	533	226
232	864	560	213
268	862	518	223
301	861	488	224
310	865	472	212
294	861	490	223
282	858	498	223
233	868	550	216
224	870	550	212
203	866	569	218
216	874	564	208
225	877	544	208
219	883	552	196
217	887	558	197
193	876	571	213
169	877	600	211
157	877	611	210
163	875	599	217
99	886	666	204
68	892	690	192
141	893	610	196
110	876	643	208
98	897	645	193
189	887	554	196
165	870	578	216
142	881	591	212
101	863	635	225
134	880	595	214
93	881	641	205
66	880	668	202
70	884	655	199
103	863	621	228
98	857	619	231
69	870	657	217
113	859	626	220
123	839	614	241
89	865	649	216
92	850	655	235
91	835	656	247
97	869	655	216
108	849	645	226
157	847	597	236
148	824	604	252
166	825	581	254
160	843	584	238
192	843	562	241
178	837	564	237
198	816	539	252
188	826	553	255
199	817	542	259
195	839	538	233
199	821	532	268
183	824	553	260
196	828	537	244
184	831	544	235
188	827	546	245
199	832	539	252
179	828	563	247
164	829	582	245
190	833	570	237
179	838	584	241
198	833	581	242
206	830	565	248
211	836	570	239
244	838	534	243
257	830	524	243
293	822	488	244
267	830	511	242
255	816	532	256
246	831	534	240
290	821	486	246
265	836	516	234
281	842	498	221
264	830	514	243
293	830	478	237
296	824	473	248
286	832	481	232
275	835	498	236
291	822	477	247
280	830	480	236
295	823	477	245
296	815	462	252
295	820	474	246
293	812	479	255
303	815	477	251
301	830	482	238
320	811	466	251
315	810	470	251
330	818	469	243
350	814	452	245
359	807	437	262
365	793	443	282
367	800	438	277
375	801	459	263
363	801	460	254
389	774	446	304
391	784	447	284
410	791	434	273
429	781	424	298
429	781	427	300
455	789	412	253
455	796	422	281
467	774	413	264
466	793	418	272
465	767	415	296
482	777	404	281
489	778	398	306
480	765	417	295
486	774	411	308
484	763	415	309
504	762	400	323
500	757	396	319
515	761	383	321
502	758	392	321
506	774	384	304
501	759	391	320
521	761	375	318
515	754	364	323
512	756	380	321
525	752	361	323
514	753	368	317
518	754	371	317
523	752	365	319
527	752	351	326
529	755	363	311
526	749	360	313
532	747	358	320
529	745	360	322
525	748	368	320
532	740	357	332
531	746	372	325
556	735	355	326
553	737	340	347
550	742	361	327
557	726	364	346
567	718	350	354
571	738	355	336
590	738	343	332
602	724	333	341
602	722	353	361
609	712	342	364
622	730	328	339
637	725	336	348
635	706	337	363
662	721	320	355
671	704	316	362
685	711	304	361
683	709	330	372
683	704	335	358
684	697	347	371
702	709	319	351
710	714	318	357
716	694	310	376
714	699	324	367
730	698	303	366
717	704	322	363
716	686	323	381
713	709	330	354
710	694	331	380
724	704	316	360
720	703	317	366
736	709	297	362
733	702	303	380
729	703	309	375
728	699	308	374
731	703	306	364
731	698	309	374
739	705	302	372
745	697	302	376
744	703	288	370
736	694	294	379
731	687	302	383
733	685	294	385
733	685	296	390
751	679	290	387
733	694	303	394
749	689	298	384
752	678	294	399
778	680	271	388
768	678	292	386
775	679	301	384
803	669	284	397
824	671	267	409
835	665	269	410
848	664	267	410
863	662	254	406
885	682	255	387
897	676	246	391
913	688	238	386
920	660	254	403
944	652	255	410
951	665	244	411
973	663	245	411
975	659	269	415
1000	661	231	411
994	662	267	420
1007	657	258	414
1005	676	273	386
1018	664	263	406
1026	661	247	413
1021	662	257	416
1024	656	248	410
1033	657	239	427
1031	652	242	417
1033	658	246	424
1022	659	267	410
1030	660	238	415
1023	656	258	421
1020	662	278	404
1022	650	250	418
1022	651	261	428
1028	647	251	426
1033	656	232	413
1036	649	249	423
1030	649	243	421
1041	648	218	420
1028	647	253	424
1040	641	229	420
1029	633	219	442
1030	646	228	434
1035	643	216	446
1038	648	214	427
1033	641	225	426
1027	622	253	445
1023	650	245	432
1048	643	203	419
1041	639	207	435
1028	638	218	441
1035	631	209	442
1041	631	207	433
1029	635	231	434
1034	646	214	422
1039	635	206	435
1040	638	211	423
1044	636	198	437
1041	625	200	431
1049	639	188	441
1039	623	208	443
1047	650	196	431
1050	634	190	436
1041	617	203	451
1039	622	200	454
1042	626	198	446
1044	623	203	442
1049	627	191	446
1043	621	198	448
1031	625	231	444
1037	620	198	451
1037	623	196	450
1039	624	204	444
1040	616	202	447
1038	613	198	460
1039	615	195	463
1047	615	180	464
1042	620	192	438
1042	623	188	444
1038	614	195	459
1036	620	199	445
1042	623	155	451
1046	604	155	454
1036	615	184	452
1038	608	188	457
1043	615	189	463
1041	615	194	452
1030	609	203	465
1026	619	207	449
1032	609	231	458
1037	621	222	448
1026	609	237	462
1036	613	192	463
1039	617	196	449
1035	606	191	472
1033	605	189	463
1024	616	196	463
1029	602	259	479
1045	643	265	431
1007	599	212	470
1027	615	262	458
1016	603	327	478
962	615	269	440
1022	623	205	448
1022	594	197	486
1021	609	206	466
1016	602	204	470
1020	597	208	485
1027	630	265	447
1041	631	311	436
989	595	295	479
1013	572	209	502
1018	599	206	472
1025	629	266	453
1028	616	312	451
982	615	274	423
1009	629	267	451
1020	620	239	450
1019	627	283	456
1044	625	310	447
979	624	315	447
987	595	288	485
997	609	278	460
997	630	358	442
937	642	371	388
980	621	374	458
865	608	334	456
999	617	311	467
990	614	343	464
1026	644	418	429
969	627	406	440
994	610	494	487
940	627	489	443
825	612	401	452
971	612	452	462
851	601	437	452
882	620	348	441
953	639	326	423
989	629	350	451
905	634	381	442
929	639	311	431
953	618	261	455
967	609	204	463
954	626	207	448
939	628	240	451
946	632	231	452
956	620	215	447
953	623	208	452
942	620	219	453
950	632	203	442
952	616	225	456
948	608	211	468
944	608	212	473
939	594	217	476
943	615	212	470
947	611	204	465
935	600	206	479
935	599	203	476
928	601	222	477
928	601	213	476
910	604	225	467
927	604	208	482
941	590	199	491
933	584	206	477
932	609	185	463
933	600	177	478
920	602	195	459
922	589	195	484
917	593	201	471
920	583	200	503
912	593	214	471
911	584	194	479
896	588	192	490
931	589	135	481
927	599	163	478
919	568	180	520
898	588	219	495
885	601	227	482
878	591	228	480
896	588	193	482
895	579	166	490
909	597	179	480
898	603	213	487
886	592	211	478
871	588	217	489
880	584	198	495
877	584	205	477
879	587	193	484
876	599	208	476
876	587	154	484
871	585	176	476
866	597	175	471
863	596	182	483
845	587	178	499
863	591	192	492
858	591	175	480
860	598	163	478
863	591	167	447
843	594	211	494
856	587	207	494
854	591	227	482
843	589	195	489
860	590	176	476
845	592	172	491
828	598	214	493
804	588	222	491
808	585	251	496
826	587	278	496
830	591	309	480
759	593	358	482
817	578	271	505
821	587	294	501
762	590	263	492
806	582	272	497
826	588	267	486
787	587	243	506
779	598	292	480
811	581	247	481
827	592	189	480
816	593	209	476
820	585	192	485
834	588	186	493
843	591	214	497
837	586	214	488
822	596	236	480
831	574	200	497
833	547	174	523
847	577	171	493
838	574	178	473
828	580	193	491
827	581	180	490
835	571	193	515
848	590	227	478
846	593	288	480
807	577	238	492
812	575	305	507
837	575	260	492
847	548	344	487
755	568	279	524
768	569	233	495
817	545	193	531
831	565	205	519
819	567	222	499
806	563	226	520
854	547	186	534
848	556	191	526
842	559	201	520
871	565	165	501
898	541	154	537
893	552	174	524
891	552	195	532
909	549	197	534
905	553	190	534
924	545	183	533
915	563	183	523
884	577	226	504
905	561	203	515
937	557	181	531
928	538	187	511
935	550	177	520
939	558	157	523
915	541	180	534
924	547	176	529
927	536	176	539
908	552	176	541
932	524	157	572
929	543	172	544
923	569	194	520
933	536	185	549
920	534	164	554
940	543	156	526
932	521	162	528
916	531	170	549
905	528	173	549
890	546	189	533
896	532	174	553
871	523	197	563
872	544	180	529
901	539	168	542
893	547	181	539
884	527	180	552
902	538	180	552
919	530	142	554
934	533	119	547
925	530	144	555
910	531	179	528
910	531	170	543
900	528	163	552
910	530	195	549
907	531	165	558
899	524	195	544
910	522	165	557
907	532	160	542
893	528	170	564
910	512	163	554
891	516	168	580
896	512	167	557
916	520	163	567
896	519	161	559
911	526	188	555
893	509	171	577
902	515	173	563
891	518	166	566
901	512	140	568
902	515	150	572
890	527	177	555
894	513	155	565
895	532	181	560
903	520	156	553
889	513	161	582
905	505	159	573
905	524	146	556
901	529	164	528
899	522	188	569
903	512	196	581
899	523	170	576
879	506	161	561
890	527	162	567
894	519	169	560
891	518	193	551
883	523	235	566
896	532	239	554
824	513	216	573
868	522	195	563
880	504	160	576
892	520	160	560
881	508	179	561
884	503	155	574
880	525	178	568
870	506	195	571
877	525	268	563
875	524	318	554
674	499	355	567
874	510	326	558
736	509	368	581
696	532	441	541
654	524	559	551
641	496	631	565
642	585	598	541
621	493	716	573
635	502	794	535
555	611	930	497
572	528	905	542
572	528	905	542
537	498	903	560
544	595	1008	588
572	492	913	553
611	513	809	450
585	551	908	492
627	498	767	560
619	506	827	546
591	490	834	567
598	499	869	545
591	486	823	574
590	486	869	581
579	490	888	574
588	469	871	597
579	502	842	555
577	479	840	577
502	495	912	555
589	507	830	482
582	539	840	492
607	492	885	565
588	490	842	556
548	480	879	571
567	540	873	496
534	500	892	502
570	504	914	536
498	498	965	560
473	497	962	555
542	512	953	524
570	496	867	561
544	496	900	560
552	476	907	594
564	501	880	548
590	500	844	543
568	504	916	558
509	511	997	543
523	530	973	513
515	510	937	520
532	510	968	535
488	489	988	580
464	507	1047	550
513	492	981	554
511	482	963	583
524	504	1006	533
560	533	919	429
460	515	1043	530
513	522	951	493
524	493	929	552
513	509	959	525
464	501	1072	553
453	500	1043	558
423	518	1173	537
495	508	1058	528
522	522	968	525
488	515	976	547
512	512	949	520
491	521	967	510
452	503	1005	543
443	544	1071	495
419	524	1104	516
415	517	1041	539
440	498	1087	554
435	526	1029	501
415	534	1109	508
420	534	1142	529
438	537	1140	498
381	534	1177	515
382	537	1098	510
451	513	1018	527
436	517	1012	543
414	535	1028	499
419	532	1023	507
449	534	1002	521
409	537	1062	509
433	526	1010	531
435	526	993	514
448	528	971	506
457	532	957	516
467	523	905	527
436	527	986	514
471	530	969	500
468	521	932	513
493	532	948	508
470	535	970	515
471	537	1007	504
511	532	973	502
520	527	968	527
505	520	971	533
522	521	967	534
565	548	977	480
546	551	988	482
545	519	942	547
561	533	1015	511
579	534	1068	521
573	564	1027	470
619	551	965	490
688	539	888	483
661	527	967	516
679	545	1023	515
701	524	951	511
655	502	854	559
775	543	908	520
736	547	918	517
698	553	910	480
671	534	1062	524
648	583	1111	448
646	562	1127	484
642	542	1118	503
638	561	1128	486
674	565	1067	483
663	567	1125	466
657	538	1184	500
673	518	1083	532
679	534	1030	513
654	559	1094	485
669	559	1070	480
605	527	1144	526
642	550	1140	489
650	547	1086	494
644	548	1086	496
615	540	1133	498
611	551	1119	494
610	543	1130	493
626	558	1086	490
638	533	1048	504
625	551	1022	487
634	538	997	510
618	500	823	550
686	537	954	515
626	539	1051	495
611	534	1095	503
584	532	1083	524
561	546	1136	500
550	547	1209	495
595	530	1084	517
576	540	1088	496
556	521	1130	528
606	539	1081	491
599	537	1046	500
569	526	1066	532
570	539	1187	497
580	502	1099	537
558	520	1134	517
550	518	1203	528
563	523	1135	516
585	531	1157	519
576	531	1124	514
577	530	1085	514
575	477	1041	567
627	515	987	533
603	510	1010	541
611	507	911	537
606	547	1088	494
558	534	1125	500
557	518	1152	513
597	532	1115	501
602	527	1065	511
602	526	1096	519
588	520	1121	505
585	528	1118	503
548	542	1182	502
533	523	1172	523
597	538	1125	492
604	527	1009	510
565	533	1082	491
590	531	1106	523
547	525	1190	523
533	542	1243	499
545	541	1210	486
564	533	1128	503
566	535	1158	501
585	526	1076	510
562	567	1151	469
584	548	1085	497
570	546	1035	487
563	541	1100	512
594	535	1035	507
572	532	1104	525
600	536	1083	501
589	533	1064	511
573	510	1102	545
588	544	1108	495
583	527	1122	503
580	538	1148	496
561	513	1170	525
567	547	1173	491
576	520	1119	502
582	538	1113	512
584	539	1051	501
592	523	983	521
628	531	891	515
621	501	776	539
683	531	817	541
632	515	795	541
736	543	838	520
676	564	773	474
631	509	768	551
692	522	822	539
678	512	728	549
772	524	742	531
724	544	706	513
755	531	576	530
793	538	564	515
744	524	610	543
710	510	639	544
697	499	631	555
678	491	677	555
662	490	672	555
715	467	644	591
683	521	661	526
798	512	532	549
747	533	614	522
715	495	649	567
723	495	596	562
648	479	693	574
735	543	615	487
692	502	663	550
669	484	684	571
656	497	707	558
729	534	716	524
655	512	740	539
644	504	747	542
600	473	808	584
685	524	823	528
623	504	783	537
590	488	811	552
584	472	809	574
573	484	805	549
612	486	855	571
576	474	848	565
561	465	830	583
637	509	748	529
593	462	800	593
560	487	839	569
623	490	812	566
585	457	778	567
581	469	775	558
588	497	800	545
587	443	746	604
645	494	713	530
604	459	756	582
586	465	767	572
581	465	801	571
615	483	786	560
575	478	811	573
582	460	807	583
596	481	740	564
582	454	749	586
584	449	826	599
574	457	817	598
547	442	825	619
578	476	774	578
559	452	797	593
562	453	819	597
557	452	799	591
546	462	829	592
566	462	809	582
570	460	801	591
561	456	799	596
538	465	846	577
535	443	879	610
536	466	835	572
539	453	817	602
553	463	813	590
538	461	855	582
543	464	847	612
546	464	824	588
524	475	898	579
543	452	836	586
545	458	817	604
529	454	841	591
541	478	851	588
547	469	819	576
536	451	797	600
518	461	847	591
522	464	839	583
543	444	830	613
534	476	833	566
523	489	828	585
500	476	881	584
508	445	900	611
507	484	880	570
499	480	896	576
510	437	888	618
520	484	843	596
519	457	851	601
518	489	834	568
481	397	910	655
484	476	953	593
482	454	922	596
510	489	873	578
518	458	821	608
534	466	822	597
492	446	864	609
513	449	886	632
478	427	900	643
546	458	802	596
550	500	822	560
459	416	946	645
461	446	946	619
487	454	853	615
480	446	852	624
497	464	843	595
519	446	836	621
521	428	804	619
579	468	763	600
561	420	780	634
563	470	760	597
544	477	819	592
509	452	828	618
563	399	748	672
538	407	788	650
502	460	852	614
523	430	815	635
552	448	752	609
548	431	757	614
567	459	769	619
541	423	767	629
527	431	839	653
487	431	876	611
545	432	797	615
496	434	878	636
458	448	899	596
481	460	893	600
507	486	855	583
503	412	807	665
473	480	875	619
498	426	764	641
531	451	749	615
505	460	814	619
507	441	835	632
501	445	837	623
492	465	858	603
472	443	892	620
491	411	790	651
492	457	862	624
486	443	826	610
495	446	794	620
497	451	795	624
503	433	767	616
491	454	771	615
516	472	731	585
485	428	774	653
461	437	818	635
490	431	780	641
457	436	847	625
436	496	855	562
455	453	850	611
449	434	883	634
409	433	918	647
420	446	892	622
414	458	913	603
415	431	906	639
416	432	898	649
414	458	881	620
392	427	974	648
402	443	957	619
368	416	1004	672
400	476	877	583
419	437	795	636
427	448	891	622
429	454	823	612
421	433	900	635
401	445	915	625
404	437	893	643
416	460	857	633
370	433	954	652
381	429	934	638
385	464	955	603
390	468	915	606
407	454	865	616
435	470	828	599
375	451	926	640
377	451	911	618
375	472	962	608
394	459	908	608
392	444	868	631
407	431	882	646
399	432	949	645
404	457	926	617
369	411	987	669
396	475	892	588
371	455	1008	624
405	463	950	602
386	425	926	661
371	439	933	626
397	465	937	617
411	471	927	602
442	442	881	632
440	438	916	625
396	416	970	657
349	464	1057	622
323	467	1112	585
419	475	968	588
366	479	1008	583
374	433	1050	655
363	460	1038	604
377	455	1022	619
349	434	1095	630
372	495	1044	568
325	465	1126	603
349	454	1105	612
390	446	1054	605
384	472	1054	609
402	453	1062	606
393	458	1089	606
329	464	1093	595
421	452	977	622
435	461	1016	605
420	449	996	622
438	478	950	598
470	459	938	621
426	505	1004	564
399	487	1060	571
419	491	991	574
421	478	1012	593
407	448	961	630
443	452	942	611
424	469	931	613
442	451	912	637
399	464	939	615
452	512	803	552
441	458	796	618
416	467	842	603
437	465	788	612
406	485	837	596
380	453	850	617
348	476	948	600
355	485	906	569
337	467	936	617
381	481	868	585
414	479	823	598
403	446	834	630
363	451	907	622
418	485	839	569
410	478	831	603
413	456	819	619
426	466	826	595
422	486	842	575
412	478	839	581
425	474	827	586
420	475	846	590
458	467	801	595
360	474	902	602
404	469	843	620
394	470	833	586
414	466	829	608
404	472	857	582
403	460	852	598
396	453	843	613
354	464	923	596
367	468	913	593
394	450	834	628
376	476	881	584
359	499	916	529
370	462	865	588
356	496	925	564
341	448	927	595
360	464	919	589
318	453	956	608
359	457	907	582
356	460	895	580
349	435	924	633
380	443	892	625
337	453	930	600
349	437	896	608
373	451	872	633
379	448	892	603
351	458	948	606
386	457	878	609
395	460	856	619
389	468	902	609
416	484	859	589
355	473	928	602
361	495	940	554
409	495	854	562
420	496	858	566
433	506	827	553
398	482	862	586
392	470	895	610
405	497	888	573
396	485	883	589
381	491	919	573
356	477	937	602
417	497	851	570
416	496	878	570
355	504	952	564
396	495	896	567
406	500	886	553
400	522	884	537
419	498	860	554
397	524	903	529
379	510	921	545
341	501	970	561
330	503	962	564
330	496	973	563
407	504	893	561
380	497	910	558
365	486	944	580
387	489	896	583
368	481	923	597
375	488	920	582
309	491	996	583
365	514	943	540
374	475	894	594
339	472	978	597
328	509	965	553
296	509	1011	547
345	467	949	589
339	478	953	597
361	500	914	562
334	509	974	556
358	495	934	575
354	509	936	562
345	503	936	564
337	507	965	562
326	482	997	593
307	455	996	605
353	479	954	618
383	488	896	575
342	501	971	569
325	486	964	571
294	501	1031	575
343	466	973	596
295	440	1041	645
343	450	965	614
331	475	969	601
268	493	1049	578
349	546	937	512
337	487	968	591
315	491	984	579
295	501	1008	576
284	460	1043	607
305	498	1010	578
271	494	1048	565
263	508	1056	560
242	485	1078	579
277	488	1052	582
249	475	1080	580
250	499	1070	581
290	480	1037	574
267	484	1059	600
310	473	1013	582
297	470	1045	627
287	496	1039	575
297	507	1032	563
308	486	1034	586
272	510	1073	553
286	493	1055	570
276	514	1027	563
278	499	1030	571
306	528	1014	540
264	539	1072	526
233	529	1094	547
231	516	1117	556
227	539	1091	522
218	507	1112	571
217	526	1118	548
173	549	1161	511
175	506	1163	575
234	507	1133	575
182	527	1162	552
223	508	1128	572
187	515	1157	563
124	526	1221	555
70	504	1308	583
156	495	1212	593
211	499	1151	583
156	525	1230	552
127	523	1251	545
76	533	1330	540
6	563	1373	508
81	533	1296	550
251	472	1142	605
253	508	1104	562
207	533	1135	532
255	521	1130	543
151	529	1238	556
112	536	1252	542
55	534	1323	538
93	514	1340	558
86	554	1297	523
59	538	1385	525
51	562	1332	514
68	525	1330	551
73	547	1344	533
64	527	1368	550
111	554	1287	518
51	552	1353	547
39	530	1401	540
26	529	1413	523
36	549	1422	529
45	574	1366	517
39	491	1444	603
52	572	1353	488
38	537	1413	535
15	515	1438	546
31	562	1396	509
39	522	1409	546
22	548	1437	517
12	562	1455	519
0	547	1483	535
15	527	1496	551
34	567	1421	492
58	586	1392	507
55	559	1422	500
51	539	1455	548
22	528	1426	540
20	529	1475	545
-21	516	1580	552
-5	504	1540	556
14	545	1499	524
24	537	1488	534
-1	531	1552	538
6	558	1507	503
36	547	1524	521
11	503	1550	564
10	546	1550	536
-9	516	1590	552
31	522	1529	581
-1	530	1589	531
-20	538	1631	537
-10	525	1576	558
-6	533	1591	553
40	504	1592	569
-5	523	1616	575
-28	504	1675	553
-6	510	1666	545
8	496	1626	559
13	557	1561	518
15	543	1572	531
8	541	1628	518
25	509	1616	572
68	515	1589	537
14	507	1651	578
-8	536	1659	520
-3	529	1688	517
20	535	1643	528
25	461	1668	627
1	521	1728	531
-21	517	1730	564
-9	478	1721	592
4	526	1684	551
10	529	1688	545
63	519	1646	557
27	545	1604	527
20	524	1628	536
7	565	1673	502
-17	546	1690	523
28	546	1613	511
25	530	1642	530
95	506	1597	554
7	540	1676	524
38	508	1635	577
43	476	1619	606
-1	485	1667	586
29	449	1675	626
5	541	1657	514
32	526	1625	555
24	513	1649	563
26	488	1697	567
17	553	1628	518
13	537	1655	549
60	511	1639	544
70	446	1656	610
30	551	1631	541
31	518	1648	553
15	481	1684	574
12	553	1594	512
25	544	1612	517
5	511	1663	565
2	547	1696	503
-4	552	1712	521
40	496	1665	580
18	521	1711	565
29	535	1638	521
-5	541	1719	530
22	524	1704	543
28	515	1757	551
2	510	1806	573
3	516	1809	532
2	537	1842	514
-28	505	1883	559
12	532	1836	546
24	505	1838	567
-21	526	1868	562
22	553	1793	541
14	525	1855	552
-1	526	1887	544
-16	517	1929	537
10	535	1923	529
30	530	1892	534
-3	506	1923	548
10	546	1888	537
0	591	1947	467
19	565	1874	483
194	583	1686	499
250	549	1674	520
328	588	1570	456
335	595	1528	488
411	547	1466	506
401	572	1454	503
370	567	1510	490
373	585	1510	499
391	563	1487	499
348	601	1541	479
318	588	1557	484
332	579	1586	494
384	551	1503	527
340	560	1560	495
336	574	1533	502
277	565	1573	503
282	584	1590	484
307	563	1601	518
316	527	1546	556
259	615	1608	452
268	607	1599	476
281	547	1492	530
321	571	1545	507
309	557	1601	508
254	564	1579	505
303	609	1567	467
335	588	1539	473
252	586	1550	494
213	586	1654	477
243	585	1623	508
228	586	1618	489
189	573	1662	486
141	584	1702	495
64	611	1768	443
217	606	1654	461
188	574	1628	503
196	574	1635	481
205	597	1623	462
58	560	1765	528
192	572	1636	513
179	633	1669	414
112	584	1745	502
135	588	1718	483
309	618	1558	450
229	608	1612	446
171	621	1649	430
135	603	1748	451
51	608	1813	441
184	610	1674	446
215	644	1622	419
231	608	1638	468
184	634	1706	416
151	648	1724	408
65	590	1817	483
66	594	1731	455
126	613	1732	440
36	595	1825	472
92	607	1787	447
79	616	1807	456
72	622	1813	426
60	596	1791	466
84	624	1794	438
41	601	1830	459
35	626	1839	425
45	599	1787	465
63	591	1744	467
17	596	1836	473
11	589	1855	481
11	606	1833	452
25	644	1828	423
25	601	1784	461
37	620	1783	442
93	652	1722	400
77	616	1645	447
50	614	1621	475
147	611	1610	443
134	628	1587	440
81	626	1609	448
177	638	1568	430
89	652	1644	413
79	656	1675	407
177	649	1649	406
196	588	1636	480
86	615	1668	453
93	627	1674	449
72	597	1676	465
33	618	1735	453
7	616	1757	447
76	572	1762	523
33	638	1733	422
42	613	1778	462
40	597	1803	443
23	580	1799	490
31	615	1815	442
21	593	1827	476
-1	565	1807	470
-3	588	1776	470
42	548	1798	511
3	593	1720	495
18	596	1847	478
-15	601	1881	477
3	578	1819	493
1	568	1855	477
-14	631	1886	466
-7	564	1866	503
11	596	1868	475
8	578	1870	501
13	592	1811	466
6	622	1850	451
24	610	1824	447
7	626	1857	448
28	600	1839	454
-4	615	1882	447
20	569	1816	501
11	565	1829	543
-3	615	1869	444
19	558	1810	525
34	599	1785	484
10	552	1845	497
-14	626	1880	467
7	601	1864	448
15	595	1866	476
-1	578	1891	492
-7	573	1892	488
-10	590	1874	499
32	582	1859	485
28	576	1865	491
11	584	1877	492
90	591	1801	475
39	641	1834	417
33	625	1857	438
22	610	1875	464
80	595	1815	444
4	633	1887	457
14	612	1871	405
97	657	1811	421
72	594	1825	479
25	600	1876	484
26	528	1894	536
-2	599	1905	460
6	574	1904	495
-7	596	1887	475
-2	616	1894	458
13	514	1897	550
-17	589	1922	500
-7	602	1903	467
-2	577	1920	496
17	599	1886	459
39	601	1865	489
23	570	1897	490
68	561	1858	526
-5	571	1909	536
-28	546	1929	521
-8	564	1943	535
30	519	1884	541
-1	545	1927	543
24	543	1905	528
28	563	1902	537
-2	524	1934	514
37	547	1924	538
29	529	1872	542
32	572	1897	534
150	575	1758	494
-5	538	1773	574
-4	551	1762	496
27	587	1821	482
5	539	1908	522
-2	582	1941	515
-118	601	2068	461
-29	552	1965	496
-15	666	1965	427
31	598	1894	459
8	554	1918	522
36	491	1931	569
70	552	1863	548
101	534	1821	514
9	573	1922	524
38	533	1933	531
-73	578	1962	503
29	584	1924	457
-87	559	2050	526
7	523	1957	523
-8	596	1930	517
11	549	1949	505
-59	586	1958	503
-31	568	1961	498
43	504	1895	586
136	538	1809	565
-44	471	1638	631
-33	521	1450	572
242	545	1508	534
0	532	1290	538
185	542	1203	535
188	560	989	510
297	541	888	534
339	534	744	530
304	524	797	545
322	529	774	549
314	517	786	568
387	515	702	554
325	504	767	573
296	528	802	533
300	524	806	561
313	525	785	562
314	485	766	597
307	532	790	536
307	494	783	578
321	517	773	553
321	536	786	551
294	509	807	551
313	538	804	539
320	519	782	550
323	519	770	541
340	524	754	554
250	487	871	596
308	524	799	533
320	533	800	547
264	523	843	552
256	522	843	544
290	530	810	527
285	531	825	556
315	501	781	567
307	521	778	552
335	503	743	568
346	544	747	522
340	508	749	560
315	509	793	555
309	506	776	559
324	526	779	530
336	525	742	546
319	519	770	548
325	492	761	594
299	530	796	527
252	548	848	539
250	507	848	551
271	533	823	547
323	509	763	560
337	527	757	538
315	524	779	544
307	507	793	562
244	532	853	543
273	522	824	576
274	512	815	561
276	513	795	561
298	523	798	564
309	506	778	572
314	485	770	609
306	512	765	565
299	533	787	523
266	526	812	542
325	546	767	519
343	519	744	552
315	519	754	551
309	546	773	512
340	519	732	542
302	509	783	560
341	524	742	547
338	525	746	545
346	539	731	524
343	524	728	534
338	556	734	504
350	513	720	554
327	515	750	560
350	539	720	530
316	529	775	542
336	543	737	530
338	512	754	548
381	531	694	536
350	522	734	560
338	485	738	593
299	567	782	514
277	538	817	529
266	535	822	529
302	503	775	585
261	550	830	526
237	529	851	549
225	579	879	493
194	545	888	513
200	545	895	525
204	571	884	483
193	562	890	493
224	563	855	488
255	547	842	514
336	512	752	576
267	556	818	513
301	551	785	515
338	518	756	557
288	554	809	502
266	544	834	522
318	543	770	522
303	541	796	526
316	538	777	551
327	527	757	546
285	535	807	540
317	540	773	549
348	521	734	567
333	537	760	538
347	545	741	521
351	548	731	523
370	518	714	556
313	544	773	525
225	539	865	535
170	587	925	471
134	580	965	474
149	551	956	500
162	544	934	533
237	535	842	532
197	542	901	544
255	552	851	509
283	533	807	538
268	534	830	533
189	525	927	538
179	575	914	487
220	575	858	484
195	564	895	499
178	564	914	499
161	547	923	511
183	555	924	521
195	561	892	517
228	552	872	521
242	518	853	557
162	599	929	476
96	619	1001	459
55	563	1074	522
16	559	1124	511
201	580	891	484
174	566	911	504
159	581	933	473
180	562	918	502
127	570	981	504
94	578	1001	494
135	555	990	519
67	531	1039	529
120	570	971	510
177	549	903	517
195	542	880	512
124	588	962	477
145	549	959	529
144	569	953	482
132	557	970	517
121	543	974	511
159	569	946	514
111	557	981	507
138	555	974	511
90	556	1004	509
117	565	983	511
182	549	916	510
161	550	938	525
92	569	1002	483
126	561	961	508
84	557	1019	509
69	582	1029	496
56	555	1057	505
34	555	1076	499
49	612	1068	441
27	567	1095	496
59	542	1066	541
55	515	1046	561
132	574	963	497
35	563	1061	510
71	550	1056	514
53	580	1055	488
76	573	1021	505
45	559	1053	490
13	564	1110	508
25	564	1109	497
78	568	1037	507
79	546	1023	538
53	554	1068	507
33	579	1109	492
51	558	1066	517
123	605	986	468
152	575	964	496
130	571	973	501
195	540	906	541
220	513	887	563
199	528	902	556
191	527	895	554
227	537	866	538
228	508	861	578
218	524	877	542
223	509	858	582
219	492	869	590
201	541	899	535
216	534	890	541
221	542	892	530
203	549	885	533
173	520	910	554
184	500	914	592
180	517	908	560
189	473	907	615
112	528	1006	549
108	533	1018	554
94	538	1011	529
78	562	1036	524
92	589	1017	497
128	516	999	564
137	534	982	535
121	517	982	556
151	503	951	579
143	534	973	552
197	546	894	537
127	549	984	539
136	517	949	552
125	543	970	529
106	543	1003	547
106	560	986	528
120	507	1000	572
77	523	1053	581
83	492	1038	600
68	489	1046	589
77	506	1023	577
71	507	1077	583
44	499	1082	592
97	532	1009	561
85	533	1052	545
75	524	1054	576
68	484	1052	606
63	496	1033	597
85	551	1037	537
87	536	1036	544
42	541	1103	555
45	573	1103	534
82	536	1048	532
49	550	1113	531
55	531	1104	567
63	527	1083	550
80	533	1079	539
69	553	1078	527
53	507	1068	572
80	537	1058	547
73	527	1051	548
65	534	1108	540
38	545	1121	535
55	540	1112	527
42	537	1141	540
67	538	1130	534
48	566	1111	520
73	536	1084	547
75	504	1043	588
39	521	1075	572
55	549	1109	541
56	520	1102	575
40	533	1139	543
30	530	1167	552
83	548	1082	549
69	534	1071	555
33	534	1097	548
58	536	1098	550
38	535	1138	541
32	552	1196	551
44	553	1164	519
61	550	1118	525
99	520	1069	531
63	517	1109	546
57	471	1072	600
66	505	1057	575
61	486	1041	584
53	522	1104	542
83	525	1056	575
67	508	1015	560
67	514	1032	551
39	492	1060	567
31	476	1055	590
19	494	1081	566
32	520	1094	557
47	497	1037	568
32	498	1049	572
48	507	1010	573
27	536	993	522
42	475	1056	591
18	513	1071	547
48	499	1012	573
22	512	1042	545
38	517	1083	551
26	488	1076	588
44	517	1070	546
34	515	1041	560
11	495	1064	565
26	473	1023	613
29	526	1050	552
19	520	1085	545
25	524	1107	541
21	547	1099	521
9	516	1076	555
18	538	1151	535
25	530	1104	560
24	492	1068	586
2	492	1109	586
2	552	1123	511
42	519	1083	550
23	530	1125	534
30	492	1075	585
31	489	1023	577
26	500	1034	581
19	469	1036	606
6	511	1088	549
26	515	1091	536
50	502	1056	560
40	531	1039	532
25	522	1017	541
14	528	1089	537
21	505	1116	561
19	517	1065	538
29	481	1018	581
24	514	1058	556
9	492	1106	574
19	511	1077	545
24	489	1052	567
26	518	1047	540
24	485	1029	573
32	491	1021	566
20	504	1030	562
42	513	993	538
23	515	1083	546
23	515	1054	533
17	511	1037	547
35	484	994	569
16	524	1075	545
9	510	1079	554
2	512	1074	538
61	530	992	521
58	506	1050	565
36	488	995	551
37	514	1004	565
6	480	1031	575
-10	519	1069	575
-5	508	1109	572
9	490	1077	568
-6	510	1111	552
9	501	1066	547
3	506	1116	550
8	519	1071	539
15	479	1048	575
4	507	1079	552
0	537	1128	517
45	542	1107	511
-14	522	1087	532
-1	502	1090	543
20	493	1078	544
2	502	1145	551
19	516	1073	524
48	527	1066	517
31	523	1109	528
84	549	1069	490
31	547	1102	520
7	534	1122	512
27	547	1113	504
26	546	1098	498
-1	547	1140	499
44	534	1103	517
52	507	1071	548
37	509	1107	535
84	522	1052	528
80	543	1064	515
30	498	1140	547
73	548	1093	524
29	513	1148	542
45	526	1134	537
95	540	1065	521
98	564	1084	495
47	536	1154	506
106	563	1104	492
21	539	1198	527
67	512	1124	548
47	561	1154	501
53	549	1156	514
67	556	1147	540
122	562	1059	502
103	568	1100	483
109	545	1104	525
52	573	1145	485
108	579	1102	481
69	568	1140	484
41	562	1173	497
12	555	1209	526
43	557	1195	510
4	558	1208	514
11	585	1221	503
79	579	1136	498
82	584	1134	484
110	586	1113	477
88	589	1130	479
38	577	1180	486
55	608	1150	464
21	590	1205	479
32	586	1188	477
117	603	1109	467
53	597	1174	481
41	593	1182	476
13	640	1181	422
163	604	1064	471
105	595	1107	463
66	613	1141	451
146	651	1090	423
78	624	1135	439
30	642	1173	448
18	634	1209	428
3	625	1216	452
38	625	1187	444
5	628	1203	438
56	652	1185	436
42	633	1187	434
27	628	1188	435
0	635	1232	436
-5	634	1244	444
21	641	1205	417
12	637	1203	432
3	634	1238	440
32	649	1189	432
117	638	1123	414
66	628	1153	434
47	611	1176	467
2	631	1212	417
18	645	1190	423
27	635	1210	442
29	647	1220	422
31	622	1205	447
61	653	1143	419
18	658	1218	404
34	637	1205	428
44	647	1206	414
67	634	1178	433
31	629	1188	441
135	656	1103	421
108	657	1127	413
147	652	1107	408
107	658	1126	408
134	657	1109	417
76	663	1186	399
68	672	1181	381
11	672	1232	386
24	654	1227	414
28	659	1236	401
22	688	1244	395
23	666	1238	400
29	684	1233	384
33	694	1223	362
-2	668	1265	393
0	699	1259	364
80	696	1177	383
66	711	1195	323
20	711	1264	352
49	689	1229	379
54	709	1233	337
49	677	1238	390
27	684	1255	368
24	681	1252	377
54	701	1242	378
34	682	1259	377
18	720	1288	344
11	727	1299	325
20	695	1306	365
15	687	1288	365
17	681	1279	395
81	720	1226	327
30	714	1282	359
0	704	1303	343
-4	671	1354	398
-5	681	1341	384
31	669	1309	396
13	640	1364	433
20	676	1333	385
0	705	1345	344
3	656	1376	413
4	662	1352	414
12	656	1348	417
-11	718	1368	350
0	718	1379	334
13	723	1367	327
-15	676	1418	397
6	712	1359	345
11	686	1379	373
12	670	1371	398
0	711	1374	361
4	701	1384	362
-4	733	1394	328
14	722	1365	336
19	677	1367	403
-4	743	1388	317
7	732	1389	327
15	696	1395	370
-3	705	1410	352
1	708	1412	374
3	715	1364	342
-15	712	1407	350
8	651	1344	415
0	696	1427	369
-10	678	1373	391
-13	650	1464	429
1	684	1379	371
-7	674	1439	410
-8	672	1472	388
-34	679	1435	405
8	617	1320	445
4	625	1310	458
6	597	1274	483
-8	665	1415	408
-7	646	1309	426
-5	593	1310	488
-13	625	1289	448
32	530	1202	541
2	660	1250	413
5	603	1354	467
17	624	1205	452
3	560	1230	516
-4	546	1247	509
17	593	1232	454
-5	634	1262	424
-2	585	1246	476
9	613	1240	448
11	625	1298	430
4	554	1320	503
4	552	1375	497
5	574	1279	481
-7	564	1325	489
-10	565	1376	492
-15	588	1545	472
-39	484	1421	531
1	455	1347	573
-7	571	1393	624
14	459	1396	587
6	351	1448	714
-44	564	1502	569
-3	466	1321	565
-2	556	1323	596
-3	507	1344	511
-7	461	1347	576
-32	589	1433	656
-35	491	1450	579
-1	475	1363	585
17	403	1307	658
-6	423	1362	618
9	367	1357	674
42	597	1233	478
0	512	1323	544
-17	485	1387	568
-20	467	1401	594
-3	482	1388	571
-33	463	1439	579
-9	450	1406	603
-12	412	1429	640
0	366	1434	672
15	298	1457	711
-4	525	1391	522
-30	521	1446	554
9	422	1496	608
1	316	1537	723
8	296	1523	716
0	319	1534	693
6	302	1596	726
19	293	1525	718
27	308	1457	697
7	299	1525	698
17	309	1562	737
25	269	1509	753
15	313	1569	726
14	282	1586	732
77	482	1470	590
-6	358	1563	695
4	281	1607	785
10	275	1560	758
25	290	1618	743
28	254	1535	772
17	292	1613	734
18	267	1626	756
39	305	1524	689
15	338	1585	740
1	344	1539	705
30	289	1577	712
41	277	1579	784
-11	291	1608	739
9	291	1615	708
36	299	1587	724
19	277	1650	734
59	307	1580	692
202	338	1435	631
379	358	1244	700
115	387	1460	657
261	370	1367	657
40	358	1534	654
91	376	1547	667
106	351	1525	678
272	333	1369	674
20	317	1570	727
1	324	1623	700
36	268	1599	756
27	303	1588	722
18	311	1631	696
28	306	1634	718
35	309	1598	699
48	321	1607	707
98	316	1524	696
41	337	1607	665
67	315	1561	723
125	296	1543	717
309	327	1274	698
492	327	1085	714
428	355	1156	693
481	295	1101	778
510	310	1056	724
506	399	1031	669
484	396	1043	651
460	481	1058	560
487	459	1029	615
497	407	1012	642
484	377	1029	671
419	328	1087	717
427	365	1043	704
422	354	1058	698
527	320	895	739
461	333	949	729
486	359	924	715
547	388	843	674
643	428	719	625
681	392	654	656
583	374	766	683
657	462	680	579
486	462	863	591
575	372	796	690
654	428	692	629
606	394	721	652
604	433	733	617
633	461	706	581
475	405	829	638
588	436	763	605
576	367	788	687
636	421	719	639
462	439	892	613
577	415	772	621
580	445	761	604
638	468	705	598
654	409	678	639
592	491	758	546
558	397	789	664
609	434	722	614
630	406	715	635
624	469	712	548
615	433	726	623
618	379	728	660
595	442	759	587
619	422	697	612
624	442	723	599
577	479	790	554
531	432	834	606
617	401	763	655
591	399	745	648
643	472	717	580
636	408	712	638
673	464	668	588
652	440	700	615
633	426	705	619
671	467	655	585
632	470	700	573
663	430	678	625
639	422	707	621
641	484	715	561
615	475	723	573
658	430	691	618
613	428	730	614
634	463	688	587
673	427	626	621
671	432	676	640
612	418	739	633
562	423	807	633
661	484	674	585
654	431	696	619
640	415	701	635
668	463	679	598
603	402	737	653
635	451	715	592
621	456	750	601
616	426	741	639
601	424	758	625
581	450	774	599
642	469	705	604
640	448	709	611
653	398	711	655
614	432	732	621
622	424	740	625
641	443	734	616
618	412	729	642
651	442	705	609
610	392	756	655
593	435	757	621
667	461	693	592
605	421	749	631
605	459	767	586
633	458	705	595
598	453	734	600
558	432	793	625
544	493	804	559
589	425	766	638
638	480	709	580
576	435	801	622
600	435	774	629
600	340	782	726
597	354	770	693
565	418	791	624
560	461	814	585
561	383	817	674
527	416	841	640
481	432	901	612
533	441	842	613
495	400	878	653
571	364	805	685
564	380	817	678
569	400	801	647
585	407	764	640
551	475	842	570
574	380	823	692
567	390	827	667
562	399	824	647
575	439	776	605
595	417	787	629
519	430	854	615
609	392	805	659
598	419	755	632
579	380	805	677
555	443	822	608
576	428	811	622
583	392	818	662
636	408	751	625
618	400	784	638
605	373	803	661
614	381	771	656
605	410	810	623
608	445	802	618
573	343	866	713
649	402	772	637
677	452	715	607
630	366	773	696
654	418	738	621
653	466	762	598
606	439	844	617
623	476	797	581
651	413	775	656
626	453	797	591
622	431	818	640
633	428	797	637
614	423	835	635
611	451	848	613
619	471	844	575
595	484	846	566
629	411	814	637
660	476	761	594
609	441	849	620
592	418	875	646
595	465	867	602
587	484	869	588
645	424	822	653
608	461	874	594
583	423	896	643
567	492	919	571
587	417	903	657
564	432	919	619
576	489	896	590
580	435	903	616
507	423	979	655
528	432	931	638
544	409	943	657
519	426	934	645
520	447	933	623
482	446	974	631
528	474	913	584
524	472	941	623
589	479	837	580
521	475	908	599
524	499	919	573
491	493	939	571
482	488	949	590
474	476	1002	577
500	487	952	576
497	526	947	543
450	534	993	524
444	525	991	521
466	520	974	542
479	512	967	562
455	527	1005	526
464	529	962	545
475	499	987	585
468	502	968	563
468	521	978	522
445	521	976	541
460	544	935	506
403	495	1021	565
405	528	1049	536
388	469	1047	590
305	471	1155	524
389	480	1049	600
366	472	1025	601
340	510	1066	545
381	491	998	560
273	503	1148	548
242	471	1177	567
213	472	1213	588
238	472	1187	584
249	481	1183	568
261	431	1173	596
253	437	1139	473
252	497	1131	565
279	484	1109	553
255	488	1157	559
346	515	1071	529
232	485	1147	554
247	461	1146	531
332	447	1086	624
312	513	1081	512
376	522	1033	509
332	513	1046	548
357	501	1020	531
304	520	1091	568
399	478	988	529
454	520	918	521
410	530	944	488
439	538	978	438
323	524	1045	538
308	543	1112	501
361	548	1039	492
461	471	971	574
399	550	984	500
317	548	1069	492
436	492	991	560
380	545	1030	491
348	522	1081	525
301	541	1137	498
275	556	1200	484
323	508	1114	529
318	581	1039	458
346	548	1039	500
347	536	1099	515
350	548	1065	493
329	541	1136	504
339	528	1127	509
329	538	1110	492
307	534	1160	499
293	550	1178	473
309	538	1171	490
309	541	1178	492
337	541	1129	472
345	539	1170	496
341	540	1149	490
348	548	1115	482
360	547	1107	483
337	553	1156	476
353	562	1135	443
369	581	1027	439
376	588	908	420
582	511	954	463
411	546	1053	481
394	570	1063	444
338	587	1123	428
379	539	1089	463
386	592	1023	436
401	514	1116	519
373	543	1098	477
397	537	1113	503
387	569	1063	455
378	571	1091	442
348	585	1097	437
388	563	1095	462
378	590	1089	430
352	590	1090	431
382	594	1062	435
369	566	1085	456
366	544	1116	466
363	563	1141	443
359	633	1100	393
358	584	1107	434
365	603	1083	417
365	592	1058	428
347	665	1023	358
365	663	894	342
393	666	821	335
443	736	819	244
437	767	765	192
424	756	778	210
439	762	800	206
424	767	789	195
432	779	741	185
429	785	708	186
452	781	745	180
443	774	726	196
437	788	703	180
494	780	703	187
488	790	654	181
506	772	702	197
471	783	674	188
462	789	650	192
473	799	659	170
472	771	708	197
465	782	709	189
463	764	746	214
472	775	708	199
491	785	653	186
493	799	642	177
511	787	671	184
509	794	638	185
489	766	689	212
507	772	692	216
511	786	655	183
518	795	640	186
522	772	656	206
521	773	693	216
523	779	669	193
547	794	596	188
549	803	597	182
542	784	629	188
549	794	602	201
581	776	564	205
567	785	595	200
568	781	594	206
576	771	593	217
589	786	570	207
579	763	565	223
587	762	586	227
598	763	577	232
597	782	568	214
615	781	549	215
631	788	523	212
614	783	562	205
625	789	543	203
647	781	522	220
640	778	547	213
642	788	556	200
656	786	534	206
642	775	557	221
656	737	530	260
668	770	524	225
690	778	494	220
712	760	482	241
707	768	469	237
723	778	468	226
742	754	456	257
741	748	448	257
761	780	431	222
748	767	454	238
773	782	424	220
766	785	427	216
768	783	435	224
802	767	411	245
823	776	383	230
826	777	379	229
827	763	385	240
804	775	415	225
793	774	447	228
810	764	414	249
801	775	422	235
826	775	409	233
833	778	401	232
809	764	425	252
874	769	384	246
923	771	331	245
879	764	386	254
929	721	330	295
946	757	317	264
893	747	379	272
914	754	354	257
872	757	402	274
849	779	433	232
871	779	418	237
866	772	421	246
899	772	389	248
888	776	405	240
886	779	401	244
931	763	357	263
918	780	373	241
905	756	378	269
897	753	398	266
889	777	409	243
900	782	387	236
916	761	376	263
938	782	353	233
966	766	320	254
986	765	304	255
996	768	289	250
994	770	293	247
997	762	279	263
989	767	290	252
985	759	299	259
991	756	290	266
1000	769	280	255
998	770	279	248
993	761	289	258
1002	746	282	274
1002	748	275	285
1010	748	274	275
946	749	321	284
974	727	325	299
989	743	319	282
993	715	303	316
996	711	292	315
1003	753	291	271
999	743	286	286
996	739	317	285
1006	736	283	293
1000	703	297	323
1002	711	285	315
1000	695	290	332
999	717	298	310
980	727	299	305
980	704	299	319
966	729	294	290
952	713	299	307
949	729	288	295
931	702	303	320
932	668	282	362
914	690	297	329
917	691	297	329
916	682	283	334
899	700	304	312
908	750	294	269
902	740	288	275
905	715	288	298
898	696	270	321
901	669	272	355
898	683	305	343
909	669	277	363
901	696	279	324
897	694	285	323
895	694	270	328
900	670	293	349
898	669	291	344
894	695	291	323
897	704	266	318
881	666	307	352
876	685	310	341
882	699	302	327
877	658	317	370
884	662	312	359
892	655	282	373
900	680	289	335
888	669	293	353
890	688	298	341
881	672	297	356
873	674	322	361
838	676	344	342
878	650	311	375
884	661	304	361
892	658	308	358
890	667	292	349
883	670	308	357
889	667	309	344
885	683	299	329
888	669	292	338
893	664	287	346
883	687	295	326
892	674	266	333
870	680	294	339
870	658	273	362
857	690	321	323
853	684	280	330
850	664	273	350
843	668	265	341
834	678	305	341
822	667	286	349
815	656	274	359
812	647	284	372
812	656	282	360
811	657	273	354
813	649	293	378
799	660	297	356
810	661	281	345
804	660	288	354
799	657	275	349
800	669	286	356
792	666	303	352
798	673	284	343
794	679	298	348
804	668	284	350
802	682	323	327
807	666	287	348
788	674	295	335
783	689	298	328
800	665	296	350
791	668	304	347
795	685	299	329
807	689	309	322
794	680	294	333
802	697	296	318
781	674	322	339
787	668	313	365
776	673	299	348
805	660	293	355
795	669	285	345
789	653	313	374
779	670	312	365
795	660	286	365
789	675	281	338
792	688	307	324
784	684	343	343
756	670	338	352
786	660	317	369
776	662	298	354
775	666	321	343
777	671	315	343
789	671	306	348
775	684	304	337
796	664	299	348
784	664	297	345
787	667	293	350
783	683	277	334
782	696	295	320
785	693	300	320
790	696	325	315
780	689	291	318
788	673	301	331
761	689	316	320
700	687	379	327
675	719	409	309
681	711	413	317
676	702	417	323
664	707	443	326
657	690	431	335
741	699	356	308
692	705	387	319
687	728	375	290
770	711	319	293
743	754	341	260
725	754	353	246
708	734	368	281
661	740	423	285
735	708	349	317
677	716	420	309
675	707	399	331
667	705	401	345
729	702	411	341
667	687	414	356
644	646	413	417
740	672	346	373
677	707	386	351
661	680	411	377
675	699	405	355
649	687	434	365
667	704	377	353
665	659	418	399
666	686	400	382
673	686	388	370
671	736	420	314
664	695	424	363
652	692	441	360
669	689	408	370
637	664	438	388
664	677	421	384
670	655	391	410
677	680	383	385
681	705	390	353
659	699	414	354
670	674	384	380
677	689	388	368
662	676	407	386
667	703	408	343
657	734	430	312
669	724	413	324
668	681	409	384
664	673	427	391
665	673	417	389
652	692	468	360
653	680	449	370
667	674	444	387
654	655	418	397
655	689	434	373
676	688	422	366
679	656	376	402
672	684	407	363
646	685	424	384
636	664	434	393
654	647	407	413
678	655	371	402
661	698	418	360
685	677	381	376
672	675	405	386
666	670	401	394
673	689	411	374
677	664	402	396
687	704	386	357
665	685	447	370
674	737	415	323
693	725	392	324
686	713	401	338
681	722	392	339
690	734	407	310
