857	402	792	421
874	395	751	439
879	399	748	442
857	374	740	489
885	404	737	494
887	411	699	491
868	436	699	443
844	461	719	427
832	455	737	439
846	476	704	425
858	480	677	420
861	504	650	408
848	496	659	434
829	515	655	415
836	521	651	413
824	528	647	406
824	556	639	397
824	559	621	424
821	568	609	419
823	567	610	414
821	586	598	381
805	592	621	398
804	593	603	402
791	604	612	390
799	601	592	395
802	619	577	372
800	630	570	367
804	631	550	373
797	642	559	358
782	648	571	371
790	668	548	357
798	656	537	366
797	655	527	369
791	675	511	356
795	662	500	368
787	662	517	369
781	666	520	367
765	689	544	344
769	678	534	376
785	681	511	353
782	681	485	348
785	691	476	342
776	700	474	321
770	683	477	342
768	686	489	338
778	688	455	330
773	681	456	329
764	681	466	328
764	675	457	328
761	680	461	318
751	664	492	333
763	660	445	341
755	671	454	333
753	678	450	320
747	666	464	331
752	678	454	305
749	672	447	319
736	657	454	331
697	663	456	315
702	664	424	313
657	655	435	321
629	657	433	308
612	669	422	307
599	669	405	301
550	665	425	302
522	662	438	314
489	656	446	322
486	673	425	293
470	667	441	309
468	670	424	296
461	650	417	325
442	656	410	308
445	670	407	292
445	666	406	293
446	662	400	301
437	667	404	291
419	665	410	287
423	660	406	291
421	659	392	291
420	649	400	301
413	651	386	296
410	653	386	293
413	647	384	300
408	652	369	280
395	647	377	281
386	645	377	284
374	634	395	297
380	633	366	302
378	643	359	261
383	641	365	270
391	641	359	266
398	635	368	264
419	628	357	265
441	616	354	274
473	610	342	264
489	603	338	269
531	599	340	247
577	586	309	258
605	595	305	236
633	583	309	244
662	580	303	249
689	581	297	242
714	583	290	223
726	583	290	217
742	576	286	226
732	577	298	232
746	576	286	234
746	568	284	238
745	563	284	234
741	572	285	229
740	569	277	231
741	562	265	227
740	554	275	229
748	562	259	221
746	558	252	226
732	559	265	214
742	562	256	219
743	558	247	213
747	554	250	215
750	554	238	213
739	553	246	220
731	558	250	207
735	556	248	205
724	554	252	213
731	553	246	209
726	555	241	195
699	553	276	202
715	557	257	203
731	553	243	210
727	555	236	201
723	555	243	199
726	561	231	193
729	555	235	194
719	563	236	189
726	555	233	197
719	562	244	196
721	563	245	196
716	564	243	200
724	567	234	202
712	566	238	198
726	573	230	184
727	574	221	184
723	573	231	195
731	573	216	199
731	574	215	203
727	578	214	191
729	577	221	180
724	579	217	173
723	579	221	196
731	581	209	198
720	581	219	199
713	586	224	191
730	585	204	193
729	589	200	191
721	591	212	191
732	592	200	188
727	591	202	186
722	594	210	185
715	591	213	187
713	591	217	189
724	593	193	183
718	600	209	195
715	598	208	192
707	602	210	184
717	603	206	175
714	603	205	174
721	604	204	166
719	606	201	172
716	600	202	177
719	598	193	178
721	603	193	173
721	598	189	181
711	603	199	174
726	601	175	177
717	598	187	170
721	596	195	175
716	595	191	174
722	593	182	177
720	596	184	164
720	593	184	174
716	593	186	172
713	591	187	172
723	589	177	169
716	588	181	168
718	592	184	167
716	589	187	172
706	587	191	172
716	590	177	171
717	577	178	177
704	585	193	163
712	585	180	156
703	585	188	160
702	579	192	170
709	576	182	180
711	574	175	178
697	577	187	172
701	578	184	170
712	574	171	171
715	578	164	159
707	578	174	147
709	576	175	146
703	574	186	162
703	572	173	170
710	577	167	159
706	574	170	160
704	573	172	162
701	574	173	160
706	567	167	166
701	570	169	160
700	569	172	163
697	569	172	166
692	571	175	158
686	568	181	161
687	569	177	156
691	569	172	159
699	568	165	162
689	570	175	148
685	564	177	161
694	567	165	147
696	565	164	145
703	562	155	161
695	566	159	159
696	562	158	166
699	571	153	152
700	562	153	150
692	565	158	144
680	565	172	149
686	564	163	154
684	565	161	159
679	561	166	156
676	563	165	159
683	559	161	162
682	561	159	154
674	560	168	151
682	560	159	171
676	559	163	171
676	562	167	147
682	562	162	141
675	561	174	166
678	561	168	156
678	563	172	161
686	563	165	151
683	564	168	151
680	562	168	154
679	560	173	157
677	564	180	161
687	565	165	151
683	565	172	164
675	563	177	164
681	563	167	157
687	562	162	163
682	561	168	172
682	563	167	170
664	564	186	170
645	564	197	158
640	563	204	160
652	564	193	150
683	563	159	153
667	560	172	169
666	565	173	174
657	565	182	173
653	563	182	180
657	560	177	174
650	566	182	172
667	568	165	166
652	573	180	158
649	573	179	167
654	574	173	164
657	575	167	169
644	574	181	161
652	572	172	159
648	572	178	159
650	572	173	155
648	573	174	155
633	572	188	160
647	567	174	163
626	567	196	172
630	565	189	163
637	562	179	161
643	564	172	159
638	560	174	156
634	561	180	157
621	559	190	151
626	555	188	163
622	554	196	165
623	558	189	148
632	553	181	154
630	553	184	156
631	552	183	155
651	551	161	148
641	550	175	161
619	553	192	145
625	552	191	151
628	548	190	154
641	547	176	155
643	548	173	144
642	547	173	146
637	546	187	157
637	548	184	144
628	547	196	146
635	544	187	151
644	546	179	151
649	543	181	156
652	546	176	146
650	548	177	145
661	542	167	158
653	547	179	143
648	546	185	139
635	548	204	143
648	552	191	146
663	555	180	143
653	558	184	143
662	557	176	142
678	559	166	142
678	563	166	139
683	564	162	148
688	566	157	145
674	569	170	144
683	570	161	145
673	570	170	145
672	572	174	141
668	574	181	142
680	572	162	145
682	575	159	145
664	572	177	148
656	579	188	140
661	573	185	144
681	573	159	147
674	576	164	144
667	577	171	146
669	581	168	140
667	579	170	146
669	584	167	139
677	582	157	140
665	584	171	141
673	586	162	143
678	588	154	139
676	591	157	137
673	590	160	138
662	590	169	139
673	592	163	138
673	592	162	137
668	591	166	140
663	591	169	141
662	594	170	140
670	600	165	137
664	598	167	135
663	602	166	128
649	600	183	135
662	601	173	135
652	605	178	129
658	602	173	134
669	608	158	128
664	609	164	128
657	606	168	132
657	606	170	131
658	608	177	128
647	611	177	130
648	616	185	124
651	613	183	132
653	617	171	126
661	618	167	123
662	617	164	128
677	618	146	124
652	623	169	125
658	621	173	124
649	624	175	116
654	622	176	124
654	629	165	118
661	629	165	122
658	629	166	122
657	628	168	124
653	628	178	122
660	627	159	125
655	636	162	120
656	644	163	109
651	643	161	110
646	641	173	115
659	640	154	125
650	642	170	118
660	641	168	126
650	641	159	124
638	643	171	122
641	642	177	129
638	646	184	126
641	644	189	125
634	650	185	124
633	650	180	124
642	651	163	126
645	651	158	125
640	651	167	123
638	652	171	126
640	654	165	126
635	659	181	127
648	656	160	131
655	663	146	116
654	667	142	110
644	664	154	121
646	664	158	125
616	665	176	122
629	672	164	121
630	673	162	118
639	669	156	120
647	673	153	119
643	674	168	120
620	677	163	118
605	684	177	110
610	680	173	115
602	679	180	123
622	680	158	126
611	679	165	133
612	681	171	133
610	684	175	128
608	686	176	121
617	691	166	118
611	690	163	125
629	697	148	119
622	695	163	123
610	694	171	129
599	692	178	134
609	699	179	127
601	693	181	136
613	700	174	125
595	707	192	119
598	702	196	131
576	705	217	125
621	714	174	117
618	711	179	118
632	716	164	116
643	716	153	120
641	721	155	124
637	730	169	109
633	723	179	129
641	725	168	119
646	724	173	117
638	731	183	115
641	722	187	128
634	730	193	116
639	733	185	125
646	732	183	124
653	731	175	126
654	730	166	131
652	737	171	135
648	740	177	129
651	737	170	137
650	734	182	145
658	737	181	141
670	731	169	149
679	740	163	139
681	746	163	141
707	752	138	134
675	742	161	145
693	744	138	144
688	747	118	146
705	752	103	143
711	767	99	131
719	770	102	129
725	771	116	132
725	771	116	132
714	762	127	137
753	764	147	127
709	773	181	127
696	762	189	144
686	758	153	152
725	755	117	160
722	766	111	185
744	763	98	157
741	772	102	154
748	789	88	164
753	775	94	151
760	785	89	131
774	795	76	133
773	796	82	144
775	796	85	136
774	816	85	128
782	796	82	138
783	797	89	147
812	802	115	131
779	817	126	126
798	800	127	142
807	800	122	150
759	810	159	142
742	810	183	143
740	810	186	150
755	813	175	150
742	817	189	149
752	823	178	142
765	823	173	149
749	824	189	164
768	818	187	164
755	816	193	172
732	830	226	158
735	828	220	165
758	832	213	154
759	844	200	156
738	833	218	168
734	830	229	169
733	836	225	165
751	825	209	179
749	851	208	157
737	826	226	176
736	849	227	158
753	830	215	184
732	852	233	164
727	847	242	166
730	858	235	156
726	854	239	161
725	839	238	181
728	871	236	156
722	864	248	157
722	874	248	157
716	875	256	157
718	875	249	152
725	846	247	187
697	867	273	171
707	870	263	167
710	872	257	167
711	888	263	155
722	864	252	186
722	899	236	155
751	881	211	171
732	884	231	168
724	894	241	159
738	904	231	158
722	900	252	158
736	894	232	170
742	904	222	158
751	911	220	147
745	918	221	146
743	932	215	138
729	912	236	158
715	912	252	155
721	934	243	135
708	942	258	123
748	936	229	133
730	941	240	134
702	940	268	129
693	960	275	111
719	961	248	112
754	971	215	99
759	979	202	90
749	966	214	104
742	978	225	93
740	979	230	92
750	970	218	101
752	954	217	121
765	978	207	95
773	970	197	100
762	971	212	103
758	968	209	103
769	972	200	98
771	985	195	88
765	971	203	101
770	972	203	97
749	979	216	91
738	970	228	101
742	964	231	107
741	954	234	116
741	955	244	118
733	952	238	117
740	964	234	104
734	955	231	114
747	957	240	109
740	965	227	102
739	969	231	99
748	971	223	94
745	968	221	94
751	958	216	106
766	934	212	125
743	920	235	143
752	892	237	172
754	895	238	168
755	902	226	161
746	901	231	161
753	899	228	160
768	898	212	159
776	884	201	175
762	897	218	154
757	890	223	156
744	899	237	143
749	895	236	149
753	894	228	146
759	881	227	159
781	863	209	176
818	863	172	177
782	876	196	154
792	886	184	134
770	888	207	126
779	886	196	126
777	896	198	111
804	873	180	134
811	888	166	118
827	869	152	132
839	842	142	161
828	846	154	163
801	843	184	155
825	846	160	148
831	846	163	143
830	851	149	131
803	862	180	126
815	855	159	136
813	829	163	150
817	828	161	157
827	836	155	137
825	830	157	141
827	833	150	137
820	844	154	121
828	839	147	123
827	827	150	140
845	818	131	128
833	834	148	120
828	822	141	126
827	819	147	130
828	818	149	127
833	810	142	127
834	813	147	123
818	802	158	127
830	804	149	129
842	823	137	112
829	807	156	123
831	806	152	126
829	816	156	110
830	814	147	114
830	807	144	119
831	816	149	105
836	817	151	102
818	799	170	123
804	793	177	127
800	793	173	130
821	802	160	117
835	798	140	117
838	802	140	115
832	809	144	113
830	802	147	114
830	815	140	97
834	805	140	106
838	815	135	99
833	818	135	92
833	818	136	89
836	818	134	85
839	817	129	85
838	797	131	103
835	804	132	97
838	799	132	95
840	795	133	96
834	780	134	115
843	776	127	116
840	786	129	106
840	783	126	110
840	781	127	113
832	787	137	107
837	770	134	121
830	769	142	118
838	761	135	127
831	773	139	111
828	772	142	110
831	768	140	116
837	764	127	128
840	767	130	112
834	767	144	117
830	769	139	111
826	770	146	109
827	768	141	115
831	766	143	112
840	766	139	104
838	763	142	115
839	764	133	113
839	765	129	111
831	765	131	107
830	761	130	108
836	757	127	108
834	761	134	109
833	760	146	107
830	760	130	107
829	758	144	105
826	756	151	105
823	755	143	107
826	762	148	98
827	755	148	111
829	760	126	103
831	761	124	96
827	755	124	99
820	748	134	113
816	745	134	118
818	747	133	112
817	747	138	106
830	750	131	101
831	749	138	103
816	746	131	110
831	748	129	107
826	751	124	101
833	747	112	104
826	754	122	94
828	757	121	90
828	751	115	97
826	759	121	84
833	746	115	98
822	758	128	87
809	751	146	93
820	749	128	94
827	753	128	87
826	753	122	90
817	757	128	86
816	757	130	85
828	749	120	97
826	735	115	111
834	745	109	103
825	751	119	95
824	753	123	89
822	757	124	85
814	747	134	94
806	745	143	97
811	744	140	95
812	745	137	94
809	746	135	92
823	741	125	100
823	737	126	103
819	740	126	103
817	741	130	101
814	746	132	92
819	748	126	87
819	739	132	91
823	736	131	89
815	737	130	87
818	735	129	92
820	735	130	88
804	727	144	103
814	725	127	98
820	730	130	91
818	732	128	90
817	732	125	88
824	733	112	83
819	730	112	82
811	723	125	90
817	721	115	94
822	719	110	95
815	717	120	100
812	716	122	98
820	717	121	97
813	715	128	100
816	715	117	97
815	716	117	96
811	717	122	93
813	714	117	96
801	718	132	93
803	717	131	93
799	726	130	84
801	714	127	99
801	713	130	96
808	711	123	99
809	713	115	97
811	711	115	95
800	707	128	99
802	708	126	98
809	710	119	98
802	710	131	91
798	709	130	90
806	709	120	92
809	706	121	96
791	705	137	100
803	711	124	95
806	713	118	95
810	709	114	97
811	709	113	90
815	707	106	91
814	704	110	103
808	705	116	97
798	708	127	95
800	709	122	93
803	707	123	89
798	708	121	90
799	707	120	90
793	705	129	95
796	706	127	95
791	706	130	96
797	704	123	95
802	704	120	93
797	709	114	94
791	705	117	96
796	704	117	96
791	700	122	100
796	700	114	98
783	701	130	95
790	702	129	92
793	703	125	97
788	709	127	87
798	706	120	95
794	708	122	91
792	705	135	89
796	704	134	88
799	703	123	87
797	705	128	89
808	705	117	87
812	699	115	98
820	704	108	93
814	707	112	88
819	708	106	86
816	710	115	85
820	708	111	87
806	707	125	86
812	710	120	89
821	706	110	95
819	705	115	94
813	704	121	95
816	708	122	92
813	707	119	91
813	708	123	88
815	706	114	93
818	707	111	90
820	708	110	96
816	709	112	93
813	708	118	92
809	710	120	89
805	709	132	93
806	714	128	86
822	711	118	87
824	711	122	87
818	709	130	93
822	708	133	94
821	712	133	87
836	713	121	86
848	718	113	83
836	716	126	86
846	715	120	89
848	712	121	90
845	718	125	86
843	717	122	88
841	712	126	98
838	713	125	91
846	716	124	90
852	720	116	83
847	718	123	83
851	721	115	83
857	723	112	81
852	719	118	87
852	718	113	89
849	723	116	87
858	716	104	91
856	715	109	88
851	716	117	89
857	714	109	90
857	713	109	96
858	714	106	97
853	717	108	96
854	715	111	93
860	718	103	89
852	715	115	94
847	724	119	86
848	716	117	94
849	716	121	95
849	718	116	96
853	715	116	99
850	714	118	97
853	724	117	86
848	721	129	90
858	714	117	95
845	719	127	94
845	716	128	97
846	716	126	100
841	717	126	102
845	720	126	101
840	722	127	94
849	717	121	97
844	720	125	98
845	721	129	95
842	720	126	100
842	719	127	97
850	718	120	99
849	718	118	100
845	723	125	96
846	722	121	97
846	719	123	100
839	718	123	102
847	720	120	99
846	717	121	100
845	718	121	101
849	716	118	109
848	720	119	96
844	716	124	105
850	726	118	97
845	724	126	92
840	722	129	96
845	721	121	101
844	719	126	100
843	720	125	100
846	720	121	103
846	722	124	101
843	725	118	98
843	723	120	98
841	721	129	105
842	722	125	101
842	719	128	108
843	722	129	108
840	726	135	106
842	721	133	107
849	724	121	107
839	722	125	112
849	728	118	100
853	723	111	110
843	727	128	106
847	725	120	115
846	728	120	105
847	730	121	107
840	732	131	112
847	730	130	112
845	728	129	116
845	734	128	116
845	737	135	117
845	741	126	114
845	743	128	115
846	740	130	114
845	740	128	116
846	744	135	114
847	748	130	116
845	747	130	119
849	749	122	120
850	753	125	116
848	755	131	115
847	759	125	117
851	762	118	111
849	760	120	111
852	761	120	121
850	762	125	117
853	762	123	116
855	763	121	117
854	762	120	114
857	763	119	115
861	765	124	122
855	768	136	115
860	765	121	114
858	768	133	117
858	770	127	115
861	768	122	116
862	769	122	113
865	770	116	117
861	766	118	119
867	767	114	118
866	766	115	121
866	765	117	127
868	767	112	122
864	767	119	119
870	766	112	118
868	766	110	129
871	765	112	125
869	765	112	131
867	770	117	122
866	770	114	121
870	769	115	122
868	765	114	128
871	766	115	123
871	768	111	127
872	767	110	122
876	765	108	125
873	765	112	125
874	766	111	124
874	765	110	121
877	765	107	123
874	766	113	120
881	761	106	131
877	764	112	126
874	764	118	130
881	761	110	127
879	766	112	124
885	764	110	130
884	763	110	125
884	766	110	128
881	762	112	125
883	762	114	127
883	763	112	123
885	765	110	130
881	762	119	128
884	762	115	124
886	762	115	132
888	761	111	129
886	765	116	129
888	761	116	133
890	762	114	130
890	764	113	132
891	763	114	131
894	762	113	134
896	762	112	136
891	768	117	135
896	764	117	135
896	762	117	138
895	764	116	135
899	765	112	134
901	764	108	131
904	766	110	133
905	766	108	139
901	763	114	141
905	761	111	143
905	764	115	139
908	763	109	143
908	763	109	147
906	765	112	143
913	764	108	139
908	766	110	140
911	766	108	141
908	763	112	142
912	765	112	147
912	768	117	142
918	764	110	145
909	767	120	145
913	768	113	142
914	768	113	143
920	771	112	140
920	768	112	145
922	769	110	139
919	771	112	143
923	768	112	146
920	768	114	143
925	768	110	146
922	770	115	142
924	769	117	146
921	773	116	141
923	769	114	146
918	772	118	146
923	774	112	144
924	777	114	140
926	777	113	138
927	779	111	138
929	775	111	144
927	777	117	141
927	775	116	148
933	782	109	141
937	782	105	140
931	779	116	144
940	783	108	141
933	783	115	138
934	784	113	141
926	783	122	142
927	780	124	147
938	784	116	142
937	785	116	141
930	786	120	141
937	789	114	138
940	791	116	139
945	787	110	145
946	787	111	145
941	788	115	141
941	795	116	136
946	791	113	141
942	791	116	139
941	794	123	140
945	796	117	138
946	792	114	140
956	795	111	139
951	791	116	145
958	797	109	139
953	797	113	140
949	797	116	139
953	802	111	134
958	800	109	136
954	804	115	132
956	800	110	137
957	800	112	135
953	801	119	138
962	802	112	133
961	805	112	135
963	802	111	136
963	803	112	135
959	805	118	135
957	803	123	137
960	804	117	133
956	805	124	135
970	804	113	136
965	804	114	138
966	808	112	133
967	804	121	140
968	804	117	139
965	803	119	142
968	801	116	143
969	807	118	137
963	808	123	138
974	813	115	130
966	811	121	134
974	812	117	135
969	812	121	133
975	806	120	140
970	809	121	139
979	808	117	138
979	808	119	138
978	805	117	142
974	812	122	137
977	812	126	132
972	812	129	135
975	809	130	135
979	815	122	130
982	815	122	128
978	812	126	132
978	811	128	135
983	814	130	128
980	817	132	127
984	806	127	136
980	805	128	139
978	802	133	142
975	805	143	137
975	812	144	132
977	812	138	132
981	817	133	127
986	826	131	116
985	821	133	118
981	823	144	117
980	831	146	111
979	824	144	114
984	819	139	118
976	808	151	128
986	814	142	126
982	804	145	131
978	798	152	139
987	796	142	140
980	800	146	133
987	809	147	128
992	808	141	124
984	811	150	123
976	795	151	140
980	796	150	134
989	798	141	131
982	809	148	123
983	809	148	119
978	807	155	123
999	803	141	127
1003	805	138	126
1004	806	134	121
1004	809	134	120
997	804	137	119
994	819	139	100
1005	821	137	99
1004	818	141	104
998	823	147	98
999	812	141	106
1000	827	149	91
1002	818	143	100
1002	805	140	115
997	803	146	115
997	803	159	116
999	792	154	131
995	810	156	114
990	803	155	109
987	795	168	126
996	786	153	133
991	793	161	128
986	784	162	136
992	785	161	134
998	796	155	122
1002	801	156	116
994	799	163	118
996	799	157	123
998	798	156	124
1010	812	142	113
1004	798	145	124
1009	806	144	122
1006	797	152	130
1000	799	159	128
1006	795	162	129
997	798	167	133
1011	814	143	112
1016	833	141	93
1013	838	142	86
1016	840	139	80
1024	839	131	87
1023	829	137	100
1013	820	150	106
1012	810	147	118
1006	811	149	121
1003	810	156	115
1012	802	150	129
992	804	165	126
1011	800	155	127
1009	803	157	134
1012	803	158	128
1001	799	163	134
995	801	165	131
1004	801	157	135
1011	802	154	131
997	803	166	131
978	802	182	130
970	801	190	132
976	801	184	130
968	815	187	118
961	807	196	121
961	805	194	121
975	801	182	130
996	802	152	128
1004	798	148	133
1004	797	149	133
1005	800	158	131
993	803	156	126
989	801	163	127
961	808	186	125
961	795	185	142
946	794	191	139
947	791	196	137
943	799	191	123
937	796	202	129
925	794	210	131
911	794	225	128
942	801	191	121
933	797	187	127
981	797	154	127
987	798	137	123
975	788	142	137
985	795	133	133
995	791	120	129
983	798	129	124
993	789	109	131
979	789	126	131
967	798	135	128
951	798	150	121
944	796	162	122
951	801	150	121
970	800	132	118
947	794	143	122
957	793	136	125
964	802	143	120
935	794	145	125
930	800	150	112
928	793	144	126
951	791	128	130
942	791	150	128
918	792	154	126
937	793	132	118
940	803	134	113
933	814	139	102
930	806	131	107
927	815	157	99
926	817	148	101
898	809	153	110
922	813	127	106
917	804	129	111
931	799	117	115
919	802	128	118
905	797	144	120
905	784	153	133
893	803	165	115
906	824	142	96
895	817	139	107
900	821	129	107
897	798	129	121
901	800	127	121
893	801	128	119
894	805	130	110
883	810	154	108
873	815	142	102
869	806	149	117
859	799	147	116
878	825	130	97
878	830	130	88
870	833	137	85
876	837	142	86
870	829	131	94
863	825	140	98
856	814	149	108
856	812	153	114
857	809	143	121
855	811	150	112
862	802	146	118
859	802	134	116
850	803	148	128
843	803	158	119
836	808	181	105
846	798	165	115
843	794	177	122
843	800	180	118
807	801	174	118
826	804	158	112
819	799	168	116
837	802	149	113
836	804	142	112
835	806	139	107
835	800	133	109
841	805	133	108
834	796	128	117
830	795	144	114
819	790	140	118
824	797	134	106
829	789	133	121
832	788	118	123
837	797	122	108
838	814	120	90
826	816	126	85
818	806	133	88
814	795	141	96
810	796	136	98
812	791	144	100
814	785	138	106
814	784	128	107
812	784	139	103
820	787	127	102
817	784	131	106
818	782	122	107
810	785	128	95
814	780	123	103
805	770	125	115
804	774	126	110
805	780	129	100
807	778	137	98
803	766	131	113
807	781	122	96
790	766	139	110
774	771	154	101
786	776	143	96
796	765	130	111
799	764	136	111
802	767	121	101
804	762	123	101
803	763	114	100
799	761	124	103
803	756	123	110
799	759	132	101
803	768	118	85
803	763	120	90
801	756	117	95
794	760	126	96
799	750	120	105
794	746	120	99
796	749	120	94
796	748	124	93
785	739	137	102
792	738	132	102
794	737	134	101
788	735	135	98
784	733	133	106
789	732	128	98
791	733	132	92
784	731	128	93
785	726	142	92
790	721	126	95
788	720	126	95
798	720	120	88
797	715	121	87
796	711	115	84
784	708	132	88
779	705	137	85
775	710	141	79
766	699	146	89
770	694	139	92
786	694	122	83
789	692	127	82
785	693	111	78
780	688	119	81
781	680	120	88
779	678	125	83
793	678	116	81
788	670	123	85
776	674	119	84
774	669	124	82
791	663	108	82
793	660	102	81
793	660	103	79
786	659	106	76
787	655	106	79
790	650	101	80
785	651	109	79
781	650	124	78
779	647	112	79
766	642	126	82
778	633	119	87
785	630	112	87
775	627	116	83
770	623	115	86
766	623	111	83
781	627	106	75
770	621	118	76
769	617	112	77
766	617	119	75
772	614	114	77
769	612	113	88
774	613	110	78
764	617	116	69
757	611	132	74
748	613	131	73
766	605	119	83
775	611	107	72
780	606	107	71
781	608	103	71
769	603	119	73
785	605	104	67
780	602	99	72
780	601	100	71
772	600	107	68
776	599	106	69
788	596	94	75
779	595	100	72
773	596	105	67
771	591	112	74
761	589	119	72
770	587	111	70
777	588	104	64
781	583	103	71
771	584	112	67
784	586	105	65
785	583	102	74
778	580	101	73
771	577	109	74
765	576	118	72
761	575	119	72
768	578	114	65
763	575	115	67
771	572	112	69
765	576	116	63
760	573	114	64
765	574	109	62
769	568	103	70
764	566	107	71
763	568	110	66
768	563	104	73
765	563	106	66
776	561	92	69
779	560	100	70
776	558	98	64
772	556	98	67
771	555	98	70
773	554	97	70
773	554	96	66
771	553	102	64
772	552	95	63
777	550	85	62
774	549	89	59
773	548	94	59
775	546	93	64
769	546	96	61
768	544	94	64
768	541	96	68
776	540	89	64
774	538	94	67
780	547	80	54
779	544	78	61
780	543	76	63
780	545	77	59
772	541	88	64
772	548	86	56
767	543	91	59
768	545	88	57
771	543	88	57
768	541	92	59
760	539	99	66
767	540	85	59
767	538	85	64
766	536	91	66
766	534	91	64
764	535	95	62
765	530	89	63
765	529	87	64
766	528	83	61
766	525	84	63
767	524	86	64
768	524	85	61
766	522	86	58
766	519	83	61
767	516	80	63
763	517	85	63
760	514	89	58
761	511	87	62
764	510	89	62
766	507	82	59
762	506	90	63
761	505	85	59
761	505	85	56
763	503	81	57
761	503	82	58
762	502	84	57
761	501	85	62
761	500	81	62
764	499	78	60
762	498	83	60
760	497	84	62
760	495	84	61
759	493	86	64
759	493	85	63
761	492	81	62
759	492	83	64
761	492	82	60
760	489	81	58
761	489	82	60
758	487	80	62
759	488	80	59
757	487	84	58
757	486	85	57
760	485	81	56
756	484	87	60
758	483	81	61
758	482	78	57
757	481	75	62
755	480	82	62
755	480	81	58
758	478	78	62
758	479	78	58
756	477	81	55
755	475	80	54
758	474	75	56
756	472	77	55
757	472	77	56
758	472	78	55
753	471	83	56
754	471	82	53
756	468	77	56
757	468	76	54
756	467	75	53
755	465	77	59
755	464	78	58
757	465	74	59
753	464	79	56
754	462	77	58
755	461	76	52
754	460	78	53
755	458	85	56
753	458	85	56
753	457	80	53
754	455	77	55
752	455	78	56
751	453	85	58
755	452	76	52
754	452	76	51
753	450	78	50
755	451	76	51
753	448	78	54
754	447	79	52
756	446	75	52
754	446	75	55
754	445	76	54
754	443	74	52
754	441	74	55
755	441	73	51
754	440	74	53
754	439	75	48
752	439	79	52
754	437	75	52
752	435	76	50
753	434	76	52
752	433	74	52
752	433	74	52
752	432	77	53
753	429	74	53
753	427	72	56
751	427	75	56
751	426	74	53
751	424	74	52
751	423	76	48
752	422	75	52
751	420	76	58
748	418	79	49
749	419	77	49
749	416	77	52
748	416	81	53
749	414	78	51
750	414	75	51
750	412	72	51
751	412	76	47
753	411	71	49
750	409	73	50
749	408	74	50
750	405	72	51
749	405	74	51
748	404	74	49
748	402	73	51
748	402	74	49
748	399	72	52
749	398	71	49
749	397	71	53
749	395	71	48
749	394	70	47
749	392	70	43
749	391	72	43
749	390	71	47
748	389	71	45
748	388	71	45
747	387	73	43
747	385	72	45
748	383	70	49
748	382	71	47
748	382	71	47
750	382	71	42
751	381	69	41
752	378	67	42
750	377	70	43
749	377	72	41
749	373	73	44
751	373	68	39
750	372	67	41
749	368	67	43
749	368	69	44
749	365	69	42
750	365	70	41
749	364	70	37
748	363	69	36
750	362	66	35
749	360	70	37
748	357	68	43
750	356	65	40
752	353	63	45
750	352	65	42
749	348	66	47
748	350	67	38
750	350	67	35
748	348	65	37
751	347	65	36
747	344	67	39
748	344	65	39
749	340	63	41
750	341	61	39
749	338	67	46
748	336	65	41
749	335	63	39
748	334	64	40
747	334	64	37
747	332	63	35
747	333	66	39
746	331	65	37
746	331	67	35
746	328	65	36
747	327	61	37
747	324	63	40
747	324	64	42
746	322	63	38
746	323	62	38
743	318	67	45
744	318	65	41
744	318	63	40
745	317	61	37
744	317	62	38
744	316	61	37
743	316	60	38
741	313	63	39
741	311	62	41
742	311	61	36
738	309	65	41
739	309	63	44
738	307	63	43
738	306	64	40
737	308	64	36
736	309	64	37
738	306	62	40
737	306	61	37
735	302	64	42
735	301	62	44
734	302	65	43
735	304	63	45
733	304	65	42
734	303	64	42
734	304	63	41
734	305	62	42
730	302	66	43
731	303	66	43
730	302	65	44
731	301	65	45
731	302	64	47
731	300	64	44
731	305	65	38
732	301	63	45
731	302	64	44
731	303	61	41
730	302	62	44
730	303	63	40
731	303	62	42
730	302	62	44
729	303	64	45
730	298	63	47
731	301	63	47
734	294	64	50
735	304	64	41
738	303	63	43
738	298	64	45
738	301	67	45
742	303	63	45
741	301	65	46
744	302	62	41
743	297	64	47
744	299	64	43
744	298	63	50
745	299	65	41
745	302	64	38
743	300	65	40
745	303	64	37
747	304	62	37
745	303	63	39
747	303	62	41
745	302	66	42
747	298	64	47
751	299	62	49
753	301	64	48
755	299	68	46
760	303	65	46
761	302	67	45
766	298	65	51
768	298	66	49
765	297	69	52
769	301	66	44
771	301	65	44
770	300	66	44
772	299	63	46
772	301	64	45
772	300	65	39
772	298	65	40
774	301	62	38
773	302	64	38
775	302	63	38
774	300	64	40
774	298	63	41
774	301	63	38
775	302	64	37
776	302	63	36
776	302	63	37
776	300	64	37
776	300	64	38
777	301	65	36
778	300	64	39
778	299	65	43
779	297	66	42
779	301	65	39
779	299	65	41
779	297	67	39
779	299	68	37
782	301	68	34
782	301	68	37
784	296	67	43
784	301	67	36
785	300	68	38
786	297	68	40
788	300	69	40
788	298	69	42
789	296	69	44
791	298	69	42
792	299	69	42
793	300	69	39
795	299	69	43
797	300	68	38
799	300	68	40
800	300	68	37
804	300	66	37
802	300	69	41
803	299	70	44
805	299	71	40
807	301	70	38
809	301	68	37
809	298	72	41
809	298	72	40
814	302	69	33
815	301	69	36
816	299	71	41
817	299	71	42
817	301	73	43
822	302	72	36
824	301	68	39
826	299	69	44
830	302	69	38
829	303	71	41
830	299	72	40
831	300	72	44
835	299	70	46
837	299	70	44
835	296	76	44
837	298	76	42
846	300	69	41
843	298	72	44
848	301	71	38
847	297	73	47
853	296	70	48
853	295	69	49
853	297	72	50
852	296	75	52
854	295	75	49
854	300	77	48
860	302	72	43
855	295	81	51
857	298	80	52
859	295	81	51
861	292	81	55
862	293	82	56
865	298	79	51
866	294	81	54
864	294	81	59
869	294	80	52
870	289	78	63
870	289	79	65
867	291	82	57
871	297	83	49
869	297	83	48
873	300	83	47
872	299	83	49
877	299	75	47
872	292	84	53
871	293	83	52
874	293	82	55
874	291	83	56
874	282	91	62
873	282	86	63
875	287	84	57
875	287	85	57
876	289	82	56
877	284	82	64
879	295	78	49
878	293	82	53
884	294	74	53
880	295	79	54
880	289	82	58
882	294	78	50
882	289	79	59
881	289	80	60
883	287	81	63
880	290	82	58
880	283	81	67
879	285	82	61
880	287	84	62
878	294	83	55
878	298	82	52
880	300	83	48
880	299	84	48
879	294	81	57
879	288	83	61
877	289	88	62
878	290	84	59
876	293	86	57
878	288	86	61
879	289	86	59
881	286	83	66
881	287	83	60
874	283	91	66
874	279	90	71
874	288	93	60
875	292	92	58
879	298	84	50
879	297	83	52
875	293	88	58
876	291	91	57
877	289	88	62
876	295	87	56
883	295	81	54
877	290	84	58
878	285	84	65
875	287	86	61
874	288	91	63
875	291	88	57
872	295	89	54
875	293	86	55
878	290	84	60
876	291	85	58
875	292	89	58
869	292	93	62
873	287	85	62
873	292	88	59
870	296	91	61
871	290	87	60
872	280	89	72
865	284	94	86
869	292	88	68
864	287	94	78
867	286	90	70
865	288	92	63
865	293	92	58
866	301	93	48
862	297	106	61
862	295	101	59
864	296	94	57
863	302	90	49
862	307	87	48
862	298	85	59
863	298	91	58
864	299	85	55
871	304	82	43
860	302	94	47
859	305	90	48
858	307	91	45
858	302	95	51
856	308	92	46
859	305	88	47
862	306	85	46
858	305	87	49
856	304	92	49
851	307	94	47
854	302	89	50
860	307	84	46
851	309	90	43
851	312	91	42
851	304	90	51
849	310	91	44
854	311	85	45
855	308	84	47
851	301	88	55
851	306	88	51
844	309	93	47
843	308	93	50
848	307	88	47
842	311	93	41
841	309	93	46
852	309	83	45
844	306	87	52
850	302	81	61
840	308	90	50
842	306	88	52
836	306	92	56
838	304	89	57
836	306	94	53
837	311	89	48
837	310	86	57
829	310	94	58
832	310	90	56
831	307	93	49
829	308	92	58
825	308	96	58
827	306	95	64
826	312	92	55
828	307	91	55
824	305	95	59
823	308	94	61
824	312	91	48
822	310	95	54
820	312	94	51
815	310	97	57
821	311	91	56
818	313	91	48
814	311	94	53
818	312	93	48
820	315	89	49
815	312	91	52
811	315	94	48
809	313	93	54
818	314	87	49
818	314	86	49
812	313	89	52
808	314	92	51
810	314	90	48
810	313	91	59
811	313	89	51
814	315	85	54
809	317	88	47
812	317	87	45
807	317	92	46
805	315	93	45
808	317	90	44
806	317	91	48
812	320	84	47
812	318	85	46
813	315	85	53
802	314	96	57
805	314	95	54
805	311	95	57
802	311	98	61
805	316	96	56
802	316	98	56
807	318	94	52
803	318	98	51
804	319	100	50
803	316	101	52
803	316	103	51
806	315	99	53
806	312	100	58
807	313	99	59
809	315	98	53
813	314	96	55
810	313	99	54
814	314	98	54
812	308	100	61
814	311	100	59
815	313	101	59
816	317	101	59
818	310	101	70
817	313	106	60
821	310	101	67
820	313	102	64
825	317	101	57
823	312	103	58
826	312	102	59
825	316	103	56
826	312	107	63
829	311	105	62
831	314	106	67
832	314	105	71
832	309	111	75
834	313	111	81
836	315	106	69
839	308	107	72
839	312	111	64
841	314	108	71
842	311	110	75
843	317	110	66
846	314	108	65
848	316	106	60
849	314	109	62
850	316	110	63
851	321	110	66
852	315	110	71
855	313	111	78
855	312	109	74
855	320	115	59
855	320	113	63
857	321	111	65
857	322	114	65
859	317	114	83
859	320	118	63
863	316	112	68
865	319	113	68
866	316	115	70
866	320	116	63
870	322	113	59
867	320	117	68
869	320	119	66
870	317	119	66
872	320	118	62
870	320	122	64
873	322	118	64
878	322	115	69
879	318	117	70
878	314	122	80
878	317	124	79
878	320	122	78
882	318	120	79
880	319	125	81
881	319	128	74
884	319	124	76
883	319	127	71
885	321	123	70
887	323	121	66
886	323	126	73
886	323	125	71
890	321	121	70
888	325	126	68
891	327	123	69
892	323	126	72
891	324	128	68
894	321	125	77
893	329	129	61
893	328	131	66
895	324	127	79
896	326	129	81
895	318	132	81
898	319	129	87
900	323	131	79
898	326	130	73
897	326	130	79
897	320	131	94
897	326	135	81
897	324	136	86
899	327	135	77
899	330	131	80
901	328	130	85
897	326	134	83
899	330	131	78
896	328	136	89
896	328	133	82
892	327	135	87
886	327	137	91
883	329	135	82
874	328	133	85
868	329	140	84
864	332	130	84
856	331	139	92
851	328	132	91
849	329	136	95
841	333	141	81
841	334	140	82
838	334	139	87
834	329	142	100
834	331	140	90
833	334	140	85
832	332	139	89
831	330	138	92
828	331	141	100
828	333	146	90
826	336	142	88
825	331	143	104
823	328	149	101
823	328	146	105
822	327	147	103
818	329	149	102
821	336	148	89
821	337	143	97
819	333	148	102
817	331	142	102
819	334	145	102
816	335	150	98
814	338	152	94
815	338	148	92
814	339	147	97
811	341	152	93
811	336	150	106
810	337	149	105
810	334	149	110
807	338	148	109
803	337	153	105
799	334	158	116
802	335	141	104
801	336	150	97
797	335	155	107
795	333	156	108
792	339	149	103
793	335	152	108
786	346	160	88
788	341	154	102
787	339	155	102
783	341	162	107
781	342	160	114
779	340	162	109
780	340	162	118
777	338	164	114
777	344	162	105
776	347	164	101
776	344	165	105
774	347	168	105
774	350	162	105
774	346	161	111
771	351	165	108
768	348	170	119
768	345	174	116
772	353	169	107
771	358	169	105
767	356	174	107
770	347	173	127
766	351	176	121
772	358	172	112
772	356	174	112
774	355	174	122
777	367	176	108
774	362	178	123
777	371	177	117
777	369	178	118
778	367	178	123
781	374	174	111
780	368	177	123
778	367	180	128
778	370	183	123
774	369	187	126
779	373	182	126
777	370	184	124
779	366	177	127
777	368	183	124
779	366	180	123
774	367	183	122
778	363	181	124
776	362	182	131
776	361	187	126
775	360	181	126
774	353	182	135
773	353	184	130
773	348	183	139
771	344	184	141
773	348	183	127
771	347	181	129
769	339	181	139
768	340	182	137
767	339	177	133
769	334	175	134
764	333	182	141
762	334	173	133
762	327	178	148
757	329	174	135
759	331	179	139
753	327	177	140
751	327	186	141
755	330	167	127
755	328	177	137
751	326	174	144
750	328	178	139
746	327	173	136
750	327	178	146
745	332	170	136
750	332	173	141
746	329	170	145
744	331	168	137
748	333	171	136
742	334	168	138
745	332	174	141
735	336	173	137
741	339	173	135
737	337	164	141
740	340	173	134
737	338	166	136
739	337	177	142
731	340	166	138
731	335	174	144
732	339	164	138
729	342	171	136
723	342	174	134
727	341	171	134
723	342	172	133
725	341	168	137
722	344	166	134
722	345	168	133
723	347	162	132
722	348	164	130
719	345	166	133
719	350	161	128
717	344	172	135
718	346	159	131
714	343	169	135
710	342	165	132
711	345	170	133
712	340	161	132
711	340	163	135
713	346	159	133
709	347	159	132
711	349	167	130
705	359	159	120
705	352	167	130
700	354	161	128
707	352	161	128
698	356	159	123
697	347	168	132
699	348	158	126
702	349	159	127
700	350	163	123
697	348	158	125
701	349	162	123
698	347	157	123
692	344	166	128
697	343	158	127
693	346	155	125
690	349	156	120
690	347	159	120
685	347	154	120
684	344	161	121
682	344	158	123
680	343	157	120
690	344	153	116
681	343	155	123
678	343	152	120
677	340	155	121
671	345	155	118
673	346	149	116
670	348	151	113
668	345	145	115
665	343	149	114
664	344	147	114
663	343	148	111
661	341	145	118
657	341	144	115
655	340	150	112
651	344	146	113
649	344	153	111
644	340	147	115
646	343	141	112
647	343	141	107
640	341	139	112
638	343	140	107
632	342	142	111
632	342	142	110
631	342	136	110
627	342	136	106
631	344	133	102
623	342	136	106
619	344	138	104
617	344	133	102
612	345	137	101
610	343	135	104
603	343	137	105
604	344	133	102
597	342	134	103
595	343	135	101
595	343	130	99
592	341	127	98
586	341	128	98
582	340	123	98
578	335	125	104
566	336	131	100
568	333	126	103
565	334	130	103
560	335	129	100
561	336	124	96
563	335	121	98
562	335	123	98
563	336	123	97
560	336	122	97
561	335	125	99
563	336	118	95
564	336	121	96
562	336	119	94
559	339	123	94
558	335	127	97
559	337	120	94
563	336	118	95
563	336	120	95
561	337	126	91
564	335	119	96
566	338	117	94
568	337	114	92
560	338	123	92
565	339	117	93
565	340	122	89
559	338	124	88
561	337	123	93
562	336	125	89
560	340	126	87
568	338	122	85
573	339	118	90
580	333	116	91
583	334	119	90
587	336	120	89
591	336	119	88
597	335	113	88
601	334	110	84
601	334	113	84
604	335	113	83
599	334	115	86
603	334	115	83
606	333	111	85
603	333	112	83
607	333	113	81
606	334	111	85
608	331	106	89
605	333	110	85
603	334	111	81
607	335	109	82
608	334	105	82
604	335	114	84
604	335	108	80
606	335	106	83
605	338	107	79
603	338	112	83
601	342	111	82
603	340	109	82
603	345	107	80
603	346	106	81
606	345	105	80
607	348	102	79
603	348	104	79
605	350	103	77
605	353	101	76
600	353	104	75
604	351	103	77
601	354	103	78
602	356	103	78
602	356	103	80
597	359	109	75
600	358	107	77
597	360	107	77
596	360	108	77
598	364	105	74
600	364	103	77
601	364	101	77
597	365	105	77
600	367	103	76
601	370	101	74
601	370	100	76
601	369	102	78
601	371	100	76
602	372	99	75
597	373	104	79
598	373	105	78
601	378	103	75
599	378	103	75
598	378	104	78
603	378	100	82
601	379	98	80
601	383	101	77
601	383	100	76
605	385	97	76
602	384	98	78
601	386	104	81
599	386	104	79
601	389	101	77
603	389	100	78
604	393	98	76
603	390	99	77
604	391	98	78
602	391	101	76
604	394	99	76
602	393	98	79
604	397	99	74
605	396	95	75
603	397	99	77
605	399	94	73
602	400	100	76
603	401	98	73
605	404	95	73
604	404	96	75
604	406	95	72
603	407	96	74
601	407	100	74
602	410	100	71
601	410	99	73
600	411	101	73
600	411	100	76
603	413	97	74
602	409	97	77
601	412	99	77
601	414	98	78
606	417	90	77
602	416	93	76
601	417	95	77
601	419	93	78
600	421	94	76
600	420	95	80
600	422	96	78
601	422	95	78
602	426	89	77
599	428	95	73
601	429	95	76
598	429	95	76
601	431	91	76
602	433	91	75
598	435	95	73
594	437	98	76
596	436	98	76
601	439	88	75
599	440	94	73
596	441	94	74
600	443	92	75
599	445	92	73
596	446	93	74
595	447	94	78
593	448	97	79
595	451	94	77
594	453	95	74
594	454	93	74
597	454	88	76
593	456	94	77
591	457	98	76
594	460	91	75
593	462	93	74
592	462	97	75
592	465	94	75
591	465	93	77
591	466	96	75
587	466	100	75
590	470	90	72
590	471	92	73
590	472	90	75
590	475	88	73
586	477	94	72
584	479	96	71
581	481	96	72
581	483	96	72
582	483	95	73
582	484	92	72
580	485	94	74
579	488	93	74
582	491	90	73
580	491	89	74
577	493	95	73
581	495	92	73
579	495	90	74
579	498	93	73
578	499	90	75
576	502	92	72
572	503	96	74
576	505	89	75
573	506	92	78
570	508	96	75
567	510	98	76
568	511	96	76
570	515	91	73
568	515	94	74
567	517	96	72
566	518	94	76
568	519	91	74
566	524	93	72
566	524	90	73
563	524	93	73
564	528	94	71
564	530	95	73
560	532	98	74
558	533	96	74
558	535	97	72
557	536	95	74
559	539	98	72
558	540	95	75
557	541	96	74
556	543	97	76
