938	908	142	165
938	908	136	159
939	902	145	168
936	898	152	166
937	892	146	176
936	889	138	178
940	887	141	176
943	887	134	178
945	894	137	164
948	886	132	170
940	882	141	167
939	882	150	170
942	890	147	154
944	882	141	162
945	886	145	156
941	878	148	164
952	881	134	159
955	870	113	165
950	873	148	157
946	870	135	164
943	863	151	164
948	860	143	161
954	859	123	163
956	856	127	161
952	847	123	162
951	855	137	152
953	854	141	148
952	851	142	144
954	849	129	149
953	843	149	152
953	841	125	149
959	841	142	141
963	837	122	145
966	837	115	136
964	835	130	136
964	838	114	131
962	833	112	136
963	823	112	145
964	828	113	137
955	821	128	148
957	820	119	138
960	820	118	137
962	820	120	130
964	814	136	132
968	815	112	126
968	807	115	132
964	801	111	132
965	804	122	131
969	796	113	134
971	809	115	117
976	804	115	117
974	797	110	126
974	796	108	123
975	783	108	131
976	790	101	120
979	784	101	127
979	790	101	108
978	785	102	109
977	781	109	109
973	781	121	110
972	776	115	115
975	772	110	115
976	775	108	108
972	767	114	115
976	768	117	113
974	758	114	119
977	759	96	109
979	756	96	122
980	751	97	114
983	737	88	130
982	749	94	115
981	745	94	112
980	745	104	111
980	745	117	105
976	745	125	102
975	730	118	117
972	730	118	112
976	737	112	106
970	732	127	104
968	733	117	101
978	732	114	107
973	732	104	100
977	734	99	100
980	736	100	92
983	730	107	101
977	723	132	107
976	732	129	99
980	731	112	106
977	733	110	101
985	727	110	110
982	736	101	97
987	741	93	90
986	735	104	93
987	736	99	93
987	731	104	97
986	731	102	99
985	735	99	94
988	729	102	101
984	730	107	99
980	728	126	97
983	717	118	113
982	726	114	104
983	725	103	106
986	722	102	107
982	727	113	100
981	727	105	102
982	723	98	106
985	718	97	112
985	727	101	96
988	733	88	96
987	727	101	96
987	734	108	90
988	737	86	90
992	740	85	87
992	735	99	82
987	736	91	95
989	742	105	89
985	733	113	99
982	728	115	105
980	731	116	107
976	730	132	95
979	728	115	103
982	729	96	102
985	727	101	104
985	727	103	99
981	730	106	97
983	725	105	104
983	728	117	99
987	724	110	100
987	722	103	97
989	726	85	97
996	720	74	102
993	726	84	90
990	727	90	91
989	734	83	81
992	727	83	91
989	717	95	102
989	718	92	99
987	723	92	94
990	724	93	94
986	720	94	91
986	723	90	90
989	722	101	90
985	720	100	95
985	715	92	101
987	716	95	97
989	717	91	90
988	715	90	92
992	716	89	95
992	717	91	90
992	718	85	89
989	721	98	81
990	720	96	85
990	714	88	92
990	707	100	97
988	713	95	94
992	714	101	90
990	712	93	85
986	713	101	87
990	708	94	96
989	712	103	89
986	713	106	91
987	702	123	101
982	706	121	96
981	701	133	103
983	706	119	97
986	700	126	100
987	708	102	91
989	712	91	90
990	704	96	103
993	710	107	92
991	714	103	93
988	710	107	92
990	707	93	93
992	707	83	90
993	709	90	85
993	707	95	88
992	702	89	99
991	702	93	96
991	704	93	94
985	692	110	104
992	705	99	88
989	702	87	92
990	700	100	95
988	701	92	98
990	701	103	95
986	698	105	105
994	694	88	106
993	697	105	100
992	707	89	93
997	704	90	88
996	709	83	83
995	698	89	92
995	697	87	94
993	703	85	88
995	702	87	85
994	697	83	88
992	698	89	90
993	696	90	90
992	693	90	99
993	692	91	95
986	691	106	93
993	690	88	91
995	691	90	95
996	691	82	91
997	693	83	92
990	687	96	91
989	685	97	92
996	690	96	84
994	690	91	93
997	686	91	96
995	688	97	90
997	688	91	90
997	682	93	97
998	686	95	91
993	684	95	89
999	684	92	89
994	684	103	86
994	679	89	88
996	674	89	95
993	673	87	100
993	677	96	98
997	679	90	88
993	678	93	92
989	676	100	95
994	674	98	94
989	673	95	91
999	678	83	90
997	677	96	86
996	677	89	88
998	680	85	86
998	680	89	82
997	684	89	80
997	678	91	92
997	671	103	96
996	672	102	91
995	676	101	92
993	676	110	94
993	680	106	97
996	677	111	90
992	683	110	91
992	673	115	95
995	675	99	102
986	673	107	101
994	681	102	96
991	682	102	89
994	680	98	92
1000	684	98	97
998	676	95	98
1000	686	98	89
1000	683	97	95
999	680	112	98
997	684	106	96
995	679	113	101
994	675	105	97
1004	684	93	92
999	682	103	106
996	682	101	99
992	680	111	107
984	685	121	102
982	684	123	105
983	684	115	101
990	685	110	104
990	687	114	98
980	685	120	103
983	686	127	103
985	691	121	101
988	690	117	100
995	687	108	103
997	694	103	98
1001	691	101	104
995	695	109	95
995	692	106	104
1002	694	100	105
1003	700	99	100
1000	696	105	107
984	696	118	105
985	699	123	102
988	702	117	103
984	698	127	110
980	700	124	108
979	704	129	103
984	704	124	98
981	702	128	105
981	704	133	108
982	707	124	97
985	706	120	113
985	708	118	102
985	710	122	101
984	710	122	109
988	712	121	107
994	711	111	109
983	713	124	115
984	712	127	116
981	710	129	116
983	715	127	113
979	715	133	113
979	721	134	107
976	719	138	108
977	723	137	104
978	721	137	107
979	720	132	111
975	721	139	113
978	721	137	121
975	723	140	120
975	729	144	117
982	729	138	116
985	727	133	122
982	741	138	109
983	741	137	111
986	740	130	118
986	745	132	106
977	741	147	109
984	739	142	114
981	741	141	116
985	744	138	116
974	742	149	124
976	739	147	129
977	741	140	117
977	742	139	113
976	744	143	119
977	740	136	116
975	744	143	111
974	742	148	112
972	740	148	110
976	736	135	126
971	738	152	124
970	739	149	114
972	737	148	112
973	735	142	118
971	736	148	117
970	734	147	109
970	735	139	107
965	735	151	113
967	729	142	108
963	724	151	116
964	726	142	114
961	726	141	109
961	724	142	112
960	724	144	121
956	725	144	107
955	722	149	126
955	724	139	109
954	722	145	104
951	724	149	108
953	720	142	107
951	724	146	108
952	722	146	113
949	720	146	124
947	720	153	123
942	721	158	123
945	722	148	133
942	723	155	127
941	724	154	125
940	721	147	115
938	722	151	108
937	723	155	119
937	721	153	129
934	720	150	118
929	720	160	126
930	723	160	143
929	723	160	158
929	723	154	151
929	721	157	160
925	719	158	164
929	719	150	166
922	725	159	161
926	712	153	141
919	717	161	159
915	722	166	163
915	723	167	162
914	724	165	163
913	726	164	159
913	724	160	170
912	721	157	135
904	727	171	147
905	730	164	140
907	731	162	116
903	728	161	119
902	731	160	113
902	729	162	116
900	728	164	123
895	731	170	126
897	732	165	119
897	733	164	121
893	732	164	136
891	734	167	127
888	733	168	131
885	737	170	133
883	736	175	142
882	737	176	143
884	735	172	153
881	735	171	153
882	738	168	131
881	740	167	138
877	738	173	127
872	734	180	139
870	742	178	128
868	739	178	134
870	743	176	132
864	743	181	131
867	743	173	126
866	746	178	126
858	742	184	138
855	750	187	122
857	747	187	135
856	747	181	138
857	748	183	128
854	744	182	144
850	754	191	132
851	753	182	125
851	752	183	137
849	755	185	132
847	751	187	143
847	756	184	130
846	757	183	131
843	757	183	128
843	753	185	139
840	759	182	131
840	760	189	135
832	760	190	136
832	763	187	130
829	764	191	125
830	764	188	133
824	764	197	139
820	757	197	158
833	762	182	142
816	766	200	142
816	767	196	137
812	771	195	136
812	769	198	140
806	776	195	126
809	776	197	131
801	774	209	136
804	775	206	133
802	776	207	143
799	779	204	137
796	782	206	128
794	781	214	138
801	784	206	132
806	783	201	129
810	778	194	144
807	778	196	145
797	783	205	138
797	784	208	152
789	787	214	141
780	789	222	139
784	793	224	149
794	798	208	142
795	792	207	140
785	792	212	151
774	796	229	160
781	799	222	151
778	797	224	159
800	799	202	141
796	798	198	138
786	791	208	142
791	805	199	135
799	803	192	148
818	807	169	144
839	808	143	139
841	807	137	137
833	803	140	158
844	814	125	143
845	808	123	160
820	807	155	157
829	807	140	155
838	805	128	144
841	804	123	161
844	803	121	156
842	800	117	159
838	809	118	151
834	805	121	159
841	806	114	159
824	810	127	155
817	803	131	150
826	801	122	147
843	805	99	149
837	804	103	144
833	803	107	147
826	817	109	137
830	810	101	140
818	803	115	148
821	804	110	154
823	819	103	138
831	813	91	142
825	817	95	140
831	820	88	135
826	798	89	126
821	801	91	133
810	812	103	137
802	808	110	143
796	799	115	150
785	793	123	153
800	805	106	142
807	807	100	139
802	794	101	147
790	789	111	150
789	794	110	148
787	783	111	152
769	784	127	157
760	788	134	150
759	789	133	146
755	792	131	147
762	779	129	155
759	788	130	141
772	787	116	147
782	793	102	142
782	796	99	137
784	798	95	131
779	796	97	134
766	790	108	140
745	780	128	147
739	784	132	141
731	784	138	143
740	785	124	141
730	786	135	141
735	788	128	136
729	787	136	133
721	783	133	134
721	783	139	143
726	785	129	119
735	786	123	130
727	786	132	133
729	783	134	127
729	783	134	127
719	782	132	118
722	784	125	138
722	782	117	140
728	789	121	116
724	785	121	127
730	788	128	114
730	788	128	114
730	788	128	114
690	796	136	133
668	785	150	148
664	785	149	166
674	782	168	163
655	783	162	179
655	783	162	179
658	787	153	175
660	787	137	171
656	783	133	184
656	783	133	184
656	783	133	184
656	783	133	184
653	790	141	178
659	790	138	169
665	791	127	175
639	794	150	174
650	783	136	180
658	787	131	174
652	787	137	171
652	793	130	174
659	789	104	175
660	792	111	170
668	784	106	161
662	788	109	175
663	768	104	185
668	782	98	182
649	756	120	200
650	759	139	209
663	779	125	184
679	783	111	176
685	784	104	173
672	766	125	171
692	785	122	170
695	779	130	169
691	778	127	178
696	781	132	172
698	776	133	178
704	783	147	170
707	781	163	168
704	779	170	169
722	772	179	173
730	778	163	184
718	771	183	184
782	771	149	173
789	778	143	167
787	781	155	164
800	783	160	163
791	770	186	177
781	783	204	164
836	789	171	152
851	780	159	161
888	780	135	162
883	777	155	165
911	775	146	164
925	774	139	164
935	783	134	177
972	779	109	159
985	791	108	147
936	807	129	140
988	794	129	141
997	787	132	150
1002	785	135	147
1003	786	128	153
1006	787	129	152
1011	785	120	151
1013	775	116	165
1019	759	107	181
1027	774	100	166
1027	788	105	148
1022	776	110	163
979	791	141	194
1011	737	133	201
1018	771	134	162
984	789	146	148
1018	781	119	153
1018	783	115	153
1019	788	114	150
1019	788	112	148
1020	780	106	163
1020	772	105	168
1018	756	110	180
1019	777	114	160
1020	762	111	175
1025	785	111	157
1019	790	126	148
1015	787	142	151
1029	773	114	167
1031	779	121	160
1027	782	127	156
1035	786	122	157
1041	788	109	153
1039	784	115	157
1039	796	130	146
1039	790	129	149
1039	777	130	163
1053	792	109	150
1042	786	130	153
1041	783	137	152
1047	782	127	156
1047	782	132	152
1046	784	120	153
1049	768	118	171
1056	760	109	180
1043	779	122	164
1045	773	123	167
1040	766	126	175
1045	754	114	186
1050	746	106	192
1046	789	115	156
1046	785	122	155
1049	777	114	166
1055	780	106	161
1050	783	109	157
1058	786	109	150
1061	793	116	150
1065	791	114	156
1072	792	112	152
1070	798	122	142
1079	793	130	146
1090	783	119	161
1093	786	125	158
1099	782	119	162
1113	786	110	159
1113	790	132	151
1119	793	118	156
1129	804	123	141
1132	800	137	143
1136	790	141	158
1153	784	122	163
1158	782	130	166
1170	766	115	179
1180	771	110	177
1197	793	116	156
1192	794	132	160
1189	782	144	171
1199	800	128	155
1224	802	129	154
1224	817	130	139
1241	816	118	140
1241	811	130	142
1255	803	120	152
1258	807	118	151
1253	810	122	148
1265	812	117	148
1271	801	106	159
1285	808	93	152
1280	811	102	147
1272	813	109	146
1275	813	118	147
1267	808	120	157
1269	805	139	154
1273	807	139	152
1269	801	143	156
1276	803	128	155
1269	804	125	154
1268	807	136	152
1275	804	133	156
1271	789	155	167
1281	795	147	166
1292	804	138	159
1285	771	147	189
1298	799	152	159
1296	811	160	157
1321	818	145	148
1319	810	154	159
1331	809	172	163
1360	822	159	155
1380	823	139	153
1392	836	162	145
1402	833	146	150
1427	832	128	156
1436	836	141	153
1457	839	151	154
1472	849	140	149
1490	847	144	151
1472	844	169	161
1491	835	156	170
1504	856	155	151
1513	862	150	146
1516	854	138	152
1515	861	157	148
1516	857	147	150
1513	860	158	151
1514	853	152	153
1518	856	147	152
1521	854	138	154
1530	856	125	153
1530	855	133	150
1520	858	136	150
1519	853	134	153
1508	854	153	158
1508	842	141	164
1519	862	125	138
1509	844	154	164
1515	853	167	155
1518	852	150	162
1523	847	129	163
1523	860	153	134
1539	855	132	130
1513	856	149	136
1508	857	175	122
1517	860	185	138
1502	857	181	179
1501	851	181	207
1503	857	189	215
1498	850	181	211
1501	854	160	214
1504	854	158	219
1554	856	209	219
1540	847	227	223
1501	859	232	216
1492	855	236	216
1491	854	220	216
1480	858	220	213
1487	860	188	203
1498	851	158	213
1517	847	135	190
1513	851	131	159
1513	861	137	154
1512	860	138	168
1513	859	142	165
1509	851	144	167
1515	859	136	165
1508	855	161	164
1516	860	140	167
1519	858	134	170
1512	860	132	172
1515	857	150	177
1509	853	154	179
1511	869	147	168
1527	874	135	166
1517	866	141	169
1523	870	130	175
1528	872	132	171
1541	866	114	185
1544	887	107	166
1545	883	123	171
1530	865	128	188
1531	847	112	209
1545	858	114	202
1547	852	98	213
1572	849	133	223
1540	842	134	228
1539	846	164	225
1545	886	199	198
1554	869	220	202
1535	860	247	204
1557	897	235	161
1499	904	279	157
1508	906	299	159
1510	899	282	159
1529	910	267	152
1559	912	236	143
1556	912	223	151
1519	915	223	155
1564	915	213	148
1551	924	201	146
1568	913	208	157
1546	887	200	183
1550	871	225	194
1565	900	212	166
1581	896	214	165
1563	898	172	151
1569	914	186	155
1570	897	211	170
1506	906	216	164
1556	907	229	162
1582	906	200	165
1590	903	188	163
1573	915	210	154
1570	902	219	163
1568	899	257	161
1545	913	261	141
1567	903	229	163
1573	889	208	177
1575	885	218	179
1572	896	216	173
1583	889	204	181
1592	887	194	179
1587	917	209	146
1587	917	224	153
1561	918	251	151
1584	923	223	125
1547	923	236	148
1580	929	229	125
1555	911	226	157
1576	919	235	139
1588	926	219	140
1597	921	226	150
1603	928	229	133
1568	916	236	156
1567	924	265	137
1592	916	241	143
1598	926	224	145
1599	929	224	137
1596	932	233	139
1592	938	232	128
1597	936	225	127
1600	930	200	138
1593	923	196	149
1631	927	201	143
1618	935	221	138
1601	955	254	108
1604	895	224	138
1679	947	237	124
1603	946	244	126
1603	938	257	131
1602	917	247	154
1605	901	245	156
1608	914	300	149
1585	918	244	144
1675	924	242	147
1607	914	211	142
1639	924	220	144
1625	918	214	144
1630	929	204	135
1623	934	230	135
1628	922	219	137
1633	927	213	137
1633	924	236	141
1637	925	277	141
1615	929	299	138
1570	924	347	144
1571	909	346	158
1598	922	329	146
1600	933	315	136
1593	923	324	143
1605	918	319	148
1613	900	303	170
1590	913	329	156
1579	915	336	154
1560	910	357	159
1560	910	357	159
1560	910	357	159
1560	910	357	159
1560	910	357	159
1560	910	357	159
1560	910	357	159
1560	910	357	159
1560	910	357	159
1560	910	357	159
1560	910	357	159
1560	910	357	159
1560	910	357	159
1560	910	357	159
1560	910	357	159
1560	910	357	159
1560	910	357	159
1560	910	357	159
1560	910	357	159
1560	910	357	159
1560	910	357	159
1560	910	357	159
1560	910	357	159
1560	910	357	159
1560	910	357	159
1560	910	357	159
1560	910	357	159
1560	910	357	159
1560	910	357	159
1560	910	357	159
1560	910	357	159
1560	910	357	159
1560	910	357	159
1560	910	357	159
1560	910	357	159
1560	910	357	159
1560	910	357	159
1560	910	357	159
1560	910	357	159
1560	910	357	159
1560	910	357	159
1560	910	357	159
1560	910	357	159
1560	910	357	159
1560	910	357	159
1560	910	357	159
1560	910	357	159
1560	910	357	159
1560	910	357	159
1560	910	357	159
1560	910	357	159
1560	910	357	159
1560	910	357	159
1560	910	357	159
1560	910	357	159
1560	910	357	159
1560	910	357	159
1560	910	357	159
1560	910	357	159
1560	910	357	159
1560	910	357	159
1560	910	357	159
1560	910	357	159
1560	910	357	159
1560	910	357	159
1560	910	357	159
1560	910	357	159
1560	910	357	159
1560	910	357	159
1560	910	357	159
1560	910	357	159
1560	910	357	159
1560	910	357	159
1560	910	357	159
1560	910	357	159
1560	910	357	159
1560	910	357	159
1560	910	357	159
1560	910	357	159
1560	910	357	159
1560	910	357	159
1560	910	357	159
1560	910	357	159
1560	910	357	159
1560	910	357	159
1560	910	357	159
1560	910	357	159
1560	910	357	159
1560	910	357	159
1560	910	357	159
1560	910	357	159
1560	910	357	159
1560	910	357	159
1560	910	357	159
1560	910	357	159
1560	910	357	159
1560	910	357	159
1560	910	357	159
1560	910	357	159
1560	910	357	159
1560	910	357	159
1560	910	357	159
1560	910	357	159
1560	910	357	159
1560	910	357	159
1560	910	357	159
1560	910	357	159
1560	910	357	159
1560	910	357	159
1560	910	357	159
1560	910	357	159
1560	910	357	159
1560	910	357	159
1560	910	357	159
1560	910	357	159
1560	910	357	159
1560	910	357	159
1560	910	357	159
1560	910	357	159
1560	910	357	159
1560	910	357	159
1560	910	357	159
1560	910	357	159
1560	910	357	159
1560	910	357	159
1560	910	357	159
1560	910	357	159
1560	910	357	159
1560	910	357	159
1560	910	357	159
1560	910	357	159
1560	910	357	159
1560	910	357	159
1560	910	357	159
1560	910	357	159
1560	910	357	159
1560	910	357	159
1560	910	357	159
1560	910	357	159
1560	910	357	159
1560	910	357	159
1560	910	357	159
1560	910	357	159
1560	910	357	159
1560	910	357	159
1560	910	357	159
1560	910	357	159
1560	910	357	159
1560	910	357	159
1560	910	357	159
1560	910	357	159
1560	910	357	159
1560	910	357	159
1560	910	357	159
1560	910	357	159
1560	910	357	159
1560	910	357	159
1560	910	357	159
1560	910	357	159
1560	910	357	159
1560	910	357	159
1560	910	357	159
1560	910	357	159
1560	910	357	159
1560	910	357	159
1560	910	357	159
1560	910	357	159
1560	910	357	159
1560	910	357	159
1560	910	357	159
1560	910	357	159
1560	910	357	159
1560	910	357	159
1560	910	357	159
1560	910	357	159
1560	910	357	159
1560	910	357	159
1560	910	357	159
1560	910	357	159
1560	910	357	159
1560	910	357	159
1560	910	357	159
1560	910	357	159
1560	910	357	159
1560	910	357	159
1560	910	357	159
1560	910	357	159
1560	910	357	159
1560	910	357	159
1560	910	357	159
1560	910	357	159
1560	910	357	159
1560	910	357	159
1560	910	357	159
1560	910	357	159
1560	910	357	159
1560	910	357	159
1560	910	357	159
1560	910	357	159
1560	910	357	159
1560	910	357	159
1560	910	357	159
1560	910	357	159
1560	910	357	159
1560	910	357	159
1560	910	357	159
1560	910	357	159
1560	910	357	159
1560	910	357	159
1560	910	357	159
1560	910	357	159
1560	910	357	159
1560	910	357	159
1560	910	357	159
1560	910	357	159
1560	910	357	159
1560	910	357	159
1560	910	357	159
1560	910	357	159
1560	910	357	159
1560	910	357	159
1560	910	357	159
1560	910	357	159
1560	910	357	159
1560	910	357	159
1560	910	357	159
1560	910	357	159
1560	910	357	159
1560	910	357	159
1560	910	357	159
1560	910	357	159
1560	910	357	159
1560	910	357	159
1560	910	357	159
1560	910	357	159
1560	910	357	159
1560	910	357	159
1560	910	357	159
1560	910	357	159
1560	910	357	159
1560	910	357	159
1560	910	357	159
1560	910	357	159
1560	910	357	159
1560	910	357	159
1560	910	357	159
1560	910	357	159
1560	910	357	159
1560	910	357	159
1560	910	357	159
1560	910	357	159
1560	910	357	159
1560	910	357	159
1560	910	357	159
1560	910	357	159
1560	910	357	159
1560	910	357	159
1560	910	357	159
1560	910	357	159
1560	910	357	159
1560	910	357	159
1560	910	357	159
1560	910	357	159
1560	910	357	159
1560	910	357	159
1560	910	357	159
1560	910	357	159
1560	910	357	159
1560	910	357	159
1560	910	357	159
1560	910	357	159
1560	910	357	159
1560	910	357	159
1560	910	357	159
1560	910	357	159
1560	910	357	159
1560	910	357	159
1560	910	357	159
1560	910	357	159
1560	910	357	159
1560	910	357	159
1560	910	357	159
1560	910	357	159
1560	910	357	159
1560	910	357	159
1560	910	357	159
1560	910	357	159
1560	910	357	159
1560	910	357	159
1560	910	357	159
1560	910	357	159
1560	910	357	159
1560	910	357	159
1560	910	357	159
1560	910	357	159
1560	910	357	159
1560	910	357	159
1560	910	357	159
1560	910	357	159
1560	910	357	159
1560	910	357	159
1560	910	357	159
1560	910	357	159
1560	910	357	159
1560	910	357	159
1560	910	357	159
1560	910	357	159
1560	910	357	159
1560	910	357	159
1560	910	357	159
1560	910	357	159
1560	910	357	159
1560	910	357	159
1560	910	357	159
1560	910	357	159
1560	910	357	159
1560	910	357	159
1560	910	357	159
1560	910	357	159
1560	910	357	159
1560	910	357	159
1560	910	357	159
1560	910	357	159
1560	910	357	159
1560	910	357	159
1560	910	357	159
1560	910	357	159
1560	910	357	159
1560	910	357	159
1560	910	357	159
1560	910	357	159
1560	910	357	159
1560	910	357	159
1560	910	357	159
1560	910	357	159
1560	910	357	159
1560	910	357	159
1560	910	357	159
1560	910	357	159
1560	910	357	159
1560	910	357	159
1560	910	357	159
1560	910	357	159
1560	910	357	159
1560	910	357	159
1560	910	357	159
1560	910	357	159
1560	910	357	159
1560	910	357	159
1560	910	357	159
1560	910	357	159
1560	910	357	159
1560	910	357	159
1560	910	357	159
1560	910	357	159
1560	910	357	159
1560	910	357	159
1560	910	357	159
1560	910	357	159
1560	910	357	159
1560	910	357	159
1560	910	357	159
1560	910	357	159
1560	910	357	159
1560	910	357	159
1560	910	357	159
1560	910	357	159
1560	910	357	159
1560	910	357	159
1560	910	357	159
1560	910	357	159
1560	910	357	159
1560	910	357	159
1560	910	357	159
1560	910	357	159
1560	910	357	159
1560	910	357	159
1560	910	357	159
1560	910	357	159
1560	910	357	159
1560	910	357	159
1560	910	357	159
1560	910	357	159
1560	910	357	159
1560	910	357	159
1560	910	357	159
1560	910	357	159
1560	910	357	159
1560	910	357	159
1560	910	357	159
1560	910	357	159
1560	910	357	159
1560	910	357	159
1560	910	357	159
1560	910	357	159
1560	910	357	159
1560	910	357	159
1560	910	357	159
1560	910	357	159
1560	910	357	159
1560	910	357	159
1560	910	357	159
1560	910	357	159
1560	910	357	159
1084	490	331	199
883	870	247	202
930	887	211	182
990	897	172	169
978	904	198	169
1026	890	158	182
1010	898	186	170
1008	911	198	162
1052	896	155	176
1035	884	166	186
1059	893	154	184
1046	892	156	188
1027	899	184	176
1019	917	202	154
1029	931	193	144
1034	917	189	158
1063	915	164	161
1034	907	178	167
1051	913	164	161
1036	899	171	176
1044	909	166	169
1021	905	188	170
1034	910	185	159
1023	920	197	154
1025	936	193	138
1025	935	196	136
1033	944	186	136
1032	918	189	161
1034	905	179	172
1016	915	191	158
1013	925	200	148
1022	947	192	127
1022	963	189	108
1044	922	156	151
1045	900	138	176
1047	893	142	177
1035	882	149	192
1033	898	143	180
1032	891	138	189
1031	887	132	191
1025	880	137	199
1032	901	126	178
1029	901	132	177
1029	908	134	170
1025	889	125	191
1030	893	129	185
1027	893	129	183
1023	888	132	188
1034	898	115	180
1024	885	122	189
1016	929	150	148
1036	943	129	130
1024	961	146	113
1012	927	153	142
1021	915	139	159
1026	888	131	182
1009	891	142	184
1021	899	135	178
1027	894	136	182
1022	885	133	191
1024	879	132	197
1026	896	130	177
1021	885	139	192
1035	891	121	185
1027	893	139	183
1022	889	134	188
1027	878	119	200
1022	879	130	198
1026	887	126	189
1031	870	123	204
1035	891	120	185
1024	907	133	170
1033	896	129	183
1028	862	134	208
1033	893	131	186
1027	877	137	198
1025	896	148	191
1011	878	163	191
1033	912	139	169
1029	900	145	176
1023	865	144	195
1037	890	129	188
1040	925	126	167
1023	925	149	150
1013	894	164	184
1011	857	162	217
1016	888	155	190
1026	857	141	211
1020	871	156	202
1037	915	132	164
1023	888	140	187
1036	922	135	158
1035	906	135	169
1040	911	124	169
1036	911	131	167
1036	940	130	138
1041	949	131	129
1035	952	134	124
1037	950	137	126
1039	957	129	118
1039	956	140	120
1046	956	143	122
1045	924	117	119
1043	948	138	130
1040	948	148	130
1032	951	145	126
1038	948	138	131
1043	943	138	136
1038	945	135	134
1036	952	138	128
1033	936	137	143
1032	948	150	132
1029	948	154	131
1029	948	138	132
1033	950	147	128
1038	948	142	132
1042	929	127	151
1038	932	137	149
1038	932	137	143
1043	932	137	148
1035	918	142	161
1033	930	141	154
1033	921	132	160
1031	932	137	150
1031	945	148	135
1033	924	136	156
1033	930	136	150
1029	912	148	169
1027	902	143	179
1028	885	141	193
1025	876	142	204
1033	881	133	198
1030	859	146	220
1028	908	145	195
1027	916	148	164
1023	934	157	146
1031	936	140	143
1029	937	148	144
1029	931	138	148
1026	932	148	145
1033	950	153	127
1033	941	139	137
1030	940	150	138
1031	937	137	142
1026	928	159	149
1027	915	150	164
1038	921	127	157
1025	908	137	171
1009	877	155	200
1028	862	134	211
1004	899	162	176
1014	877	147	201
1022	848	144	229
1039	891	122	185
1031	872	135	197
1031	915	130	163
1026	892	153	181
1010	864	164	210
1019	856	154	213
1018	897	156	177
1007	873	168	195
1010	864	163	209
1014	851	157	227
1032	885	138	190
1020	873	153	204
1036	920	124	164
1028	909	143	171
1031	901	138	180
1017	873	154	203
1026	865	143	213
1039	894	133	184
1022	870	148	205
1027	888	143	185
1034	869	134	201
1019	878	151	192
1013	898	159	172
1012	884	161	183
1015	886	154	183
1015	936	165	135
1012	914	160	156
1019	894	156	177
1029	894	143	178
1036	919	136	150
1020	908	158	161
1015	909	165	166
1027	912	161	161
1023	922	160	156
1032	923	161	152
995	925	173	146
1002	930	161	144
998	932	173	142
1011	939	145	133
1028	948	135	123
1035	944	137	130
1038	950	130	122
1034	940	135	130
1035	935	146	127
1064	932	113	129
1071	948	111	120
1060	943	125	125
1061	933	124	138
1081	952	105	121
1082	949	103	127
1096	953	97	125
1091	952	97	126
1024	900	101	116
1031	914	103	107
1037	920	94	131
1044	930	92	137
1049	940	95	136
1064	949	84	124
939	856	106	124
927	880	130	119
1051	968	117	109
952	911	111	84
1073	1005	106	71
960	948	105	73
968	961	101	87
976	959	94	106
972	960	97	114
962	971	121	94
959	972	118	100
966	977	118	97
968	986	117	88
972	984	116	90
974	987	117	84
980	986	108	88
979	985	109	89
992	983	96	90
996	984	90	95
998	974	88	102
1008	973	77	104
1009	975	76	101
1003	981	80	95
1003	969	79	105
1003	966	79	108
1010	960	74	114
1014	959	71	115
1009	958	77	122
1012	955	73	116
1013	953	70	116
1014	960	68	114
1017	958	66	115
1013	968	74	105
1011	971	77	104
1006	976	81	99
1009	979	79	95
1004	980	84	98
1001	988	88	88
1013	993	75	84
1012	997	73	80
1016	1008	66	73
1014	1010	67	68
1016	1021	67	57
1021	1023	68	52
1017	1017	69	59
933	990	66	69
923	996	67	73
917	991	71	83
927	1003	68	75
932	1015	68	62
928	1021	72	58
951	1029	55	50
954	1037	48	37
959	1042	39	34
957	1045	44	32
957	1045	44	32
957	1045	44	32
953	1030	39	34
955	1037	42	32
956	1036	37	34
956	1037	37	35
966	1033	35	43
948	1036	41	37
948	1036	41	37
948	1036	41	37
948	1036	41	37
936	1019	40	45
936	1019	40	45
936	1019	40	45
936	1019	40	45
936	1019	40	45
911	1017	48	50
809	1015	45	56
904	1011	51	66
909	1000	40	73
948	1006	31	66
948	1006	31	66
948	1006	31	66
951	1009	41	65
922	1003	49	75
939	981	57	76
912	996	62	83
903	996	69	83
900	995	73	85
893	992	85	85
886	996	81	76
920	983	68	80
892	999	83	77
884	1005	87	73
909	1002	91	62
914	999	81	63
916	1002	79	69
917	1003	85	71
882	1004	99	73
886	997	110	79
876	990	109	86
885	984	87	91
887	982	86	96
875	980	91	97
865	983	97	92
879	989	85	88
909	979	76	95
920	973	88	104
896	978	92	101
915	975	94	79
746	999	78	78
902	988	93	81
858	999	106	65
908	1000	101	64
930	1010	84	65
930	1007	80	67
932	1017	78	60
937	1018	71	61
943	1021	61	57
955	1011	52	57
950	1019	49	54
952	1022	58	52
940	1032	73	43
953	1027	61	48
895	1021	54	55
897	1019	62	53
898	1018	69	58
907	1024	67	52
881	1027	66	47
877	1022	65	54
880	1018	65	55
898	1010	69	63
989	1005	75	69
905	992	75	79
904	977	68	97
900	992	80	81
1058	902	69	92
1053	913	66	105
1092	950	69	105
1042	919	82	107
1061	944	100	117
1030	944	126	121
1023	954	136	124
1014	953	146	123
1020	962	138	112
1022	966	140	107
1021	983	140	89
1031	986	125	89
1020	983	129	92
1020	989	135	90
1019	992	135	80
1023	993	131	79
938	980	124	82
923	976	138	93
913	960	152	101
1014	968	144	103
1028	963	134	110
1028	963	134	110
1028	963	134	110
950	887	147	130
934	885	158	157
925	868	168	189
903	862	203	218
898	878	199	201
912	894	188	179
899	903	200	172
885	900	224	171
883	884	230	189
871	877	230	196
870	882	229	188
801	910	222	161
854	917	198	159
863	923	203	149
852	912	231	163
852	912	231	163
852	912	231	163
852	912	231	163
852	912	231	163
670	890	252	175
731	865	251	203
937	430	261	236
1451	730	266	293
1620	778	292	284
1463	733	266	310
1632	796	284	271
1484	749	229	309
1476	712	251	352
1486	729	253	336
1449	704	302	364
1454	694	269	370
1446	681	308	384
1445	711	328	360
1431	704	326	358
1428	683	346	380
1452	672	336	397
1394	689	377	380
1447	697	336	373
1437	692	367	367
1446	718	408	345
1428	767	460	301
1456	759	460	293
1435	776	476	285
1296	744	489	305
1437	772	486	303
1348	792	562	274
1391	843	524	220
1338	822	564	241
1335	820	583	239
1344	823	568	238
1370	821	536	244
1392	714	527	340
1373	775	540	289
1351	835	557	229
1401	749	524	319
1431	791	475	280
1487	799	419	269
1510	820	393	251
1511	800	406	262
1501	821	409	238
1478	842	435	217
1471	765	437	297
1505	817	419	252
1474	824	440	242
1501	803	425	260
1494	787	422	272
1511	819	404	251
1519	836	396	236
1523	848	396	215
1517	805	396	258
1483	827	431	235
1504	826	411	234
1507	849	404	217
1519	778	391	290
1498	822	414	243
1493	818	424	241
1494	815	428	257
1485	857	441	202
1478	808	434	259
1468	816	444	245
1447	791	473	278
1491	796	414	268
1525	816	389	255
1568	847	342	215
1553	829	364	242
1467	816	453	252
1469	817	448	250
1473	854	456	215
1481	813	442	249
1472	758	448	306
1491	786	417	286
1538	793	382	273
1518	812	394	256
1519	792	398	285
1536	803	381	269
1525	792	393	280
1508	773	407	290
1466	758	433	310
1435	777	486	280
1466	797	452	262
1457	794	468	277
1452	812	458	261
1482	787	452	273
1481	813	433	253
1462	849	466	223
1469	854	449	208
1502	859	418	208
1473	831	447	238
1468	799	468	272
1511	820	412	245
1479	797	448	266
1488	837	444	229
1507	849	403	218
1485	857	440	214
1502	819	419	248
1503	835	416	233
1515	870	414	201
1531	882	400	189
1540	880	390	192
1494	867	424	202
1497	865	421	204
1487	860	426	210
1516	848	395	217
1512	873	414	196
1495	860	421	205
1513	853	402	223
1558	865	373	204
1582	856	334	218
1597	908	318	166
1590	874	335	195
1528	862	393	207
1506	862	414	214
1540	885	379	182
1518	876	401	195
1498	851	416	214
1532	851	391	223
1548	848	373	217
1509	843	414	227
1520	866	404	203
1492	873	423	196
1492	846	428	218
1494	882	426	190
1502	875	416	191
1498	861	420	202
1514	831	410	229
1529	874	382	195
1521	883	395	183
1514	879	403	186
1494	885	424	183
1498	885	427	182
1496	896	424	169
1482	892	433	173
1491	871	433	194
1510	885	403	186
1515	894	403	170
1541	905	372	162
1559	878	364	189
1550	876	370	198
1549	863	375	199
1526	848	381	228
1481	822	432	243
1459	870	461	202
1478	834	434	233
1448	872	466	192
1472	835	430	227
1511	817	398	247
1529	797	382	265
1560	847	339	217
1538	853	373	219
1487	829	417	222
1507	803	415	258
1458	778	452	278
1485	804	432	257
1463	821	449	243
1484	863	442	197
1505	908	416	158
1559	860	350	201
1557	877	350	189
1553	863	360	197
1526	844	391	212
1494	844	422	211
1481	864	439	196
1481	854	437	208
1451	858	468	203
1471	853	436	205
1451	854	459	209
1460	874	462	185
1481	847	435	213
1495	836	425	230
1495	884	428	177
1520	880	399	185
1543	885	371	179
1576	907	339	162
1611	928	301	139
1612	922	300	146
1630	908	286	160
1647	914	275	153
1619	898	296	174
1611	928	297	140
1603	937	309	130
1595	950	312	119
1598	925	320	141
1597	932	312	136
1596	931	315	137
1623	939	287	129
1607	906	308	161
1634	882	285	184
1617	912	295	164
1602	918	320	148
1598	949	320	119
1600	969	323	100
1608	941	314	128
1630	971	287	99
1660	952	262	120
1642	942	274	125
1609	934	308	136
1606	928	313	136
1594	932	322	133
1602	925	320	140
1610	943	310	125
1604	920	316	150
1605	950	312	118
1642	974	280	95
1645	975	280	96
1632	953	285	121
1631	938	286	131
1651	927	265	142
1658	953	262	120
1651	943	263	125
1639	930	277	139
1643	944	272	128
1663	952	258	117
1673	936	239	136
1654	918	257	153
1623	919	289	150
1597	926	319	140
1591	910	325	157
1568	890	344	175
1584	884	333	177
1546	895	374	173
1540	857	377	208
1497	847	417	220
1511	820	406	249
1520	766	387	296
1565	801	350	261
1594	833	328	227
1551	818	357	250
1567	790	346	273
1552	788	365	277
1590	808	332	255
1561	796	361	267
1477	778	417	293
1513	772	400	300
1546	800	377	261
1532	806	390	267
1410	804	428	264
1475	771	444	303
1518	786	395	276
1572	812	348	264
1606	836	318	229
1604	809	319	255
1622	841	299	232
1647	834	276	235
1554	844	324	220
1543	834	372	232
1551	846	360	224
1551	864	366	209
1562	877	343	197
1561	880	356	190
1558	856	364	218
1572	825	340	242
1545	819	366	255
1544	839	368	237
1568	827	347	253
1574	866	342	207
1587	886	322	182
1556	867	356	204
1533	856	389	218
1484	881	434	182
1541	876	383	189
1582	870	340	197
1597	866	307	205
1573	841	340	230
1581	829	335	244
1569	806	343	255
1555	789	360	279
1586	772	330	296
1625	798	298	276
1538	758	365	306
1528	752	384	313
1585	794	338	275
1508	763	375	308
1543	773	377	296
1542	788	384	280
1556	756	365	316
1565	804	347	260
1545	792	371	282
1526	795	395	281
1525	766	388	304
1510	792	406	273
1463	764	453	307
1405	794	513	273
1385	807	536	255
1453	807	561	250
1401	808	516	266
1414	850	508	220
1433	888	475	185
1469	915	454	156
1476	918	442	152
1525	909	398	166
1489	907	423	167
1560	915	364	157
1555	920	373	151
1575	925	344	145
1610	922	311	147
1619	929	296	142
1635	935	276	132
1616	928	294	143
1604	941	310	128
1609	962	313	103
1631	942	285	132
1615	955	304	115
1641	957	275	116
1637	950	276	127
1633	949	279	126
1619	957	291	118
1627	873	286	153
1635	953	278	125
1630	947	281	123
1631	943	280	129
1635	939	274	135
1619	963	289	109
1615	960	295	114
1651	968	269	103
1648	969	270	107
1641	956	272	121
1635	960	281	115
1630	961	289	112
1642	971	282	103
1681	960	262	112
1683	961	237	112
1677	947	239	128
1704	943	212	132
1698	950	219	124
1711	948	206	125
1729	959	187	115
1747	971	169	107
1729	970	185	108
1742	981	176	94
1744	996	176	79
1754	999	160	74
1742	984	173	91
1747	985	167	90
1738	990	176	82
1746	992	166	84
1736	976	183	97
1739	964	183	108
1741	957	173	113
1738	965	179	105
1740	961	183	114
1726	953	194	116
1741	943	172	129
1726	931	183	141
1726	914	186	157
1728	886	187	186
1737	946	176	136
1737	925	179	146
1750	939	159	132
1742	957	172	112
1756	965	157	109
1757	974	159	98
1750	954	165	113
1768	953	148	117
1779	948	142	122
1753	985	161	116
1771	987	149	91
1766	964	154	107
1773	968	144	106
1781	971	136	104
1782	981	139	96
1795	977	119	96
1788	983	128	89
1783	963	133	113
1788	950	131	126
1797	953	117	117
1785	965	130	114
1800	970	117	105
1802	960	115	114
1809	952	109	117
1816	972	96	100
1835	973	81	104
1832	964	83	113
1835	983	83	96
1809	973	108	103
1821	985	96	91
1830	993	87	83
1825	1010	91	69
1836	1009	82	69
1841	1006	77	69
1849	1006	71	66
1840	1009	78	68
1839	999	78	76
1819	1006	96	70
1808	1010	107	67
1813	1013	106	59
1818	1001	100	71
1816	1013	102	63
1816	1014	100	63
1806	1007	108	68
1815	998	103	74
1822	986	94	88
1835	998	83	78
1832	1004	82	75
1836	1007	79	69
1828	1010	88	68
1835	1014	83	54
1830	1017	89	57
1817	1018	98	59
1822	1013	94	60
1835	1013	83	66
1839	1022	79	56
1847	1031	71	45
1841	1027	73	50
1851	1030	62	47
1850	1022	67	55
1840	1018	75	62
1847	1006	66	71
1853	1020	63	61
1860	1016	59	59
1864	1020	51	56
1870	1023	47	54
1853	1013	52	51
1871	1017	44	56
1867	1028	46	48
1863	1023	47	49
1867	1026	48	48
1871	1034	50	43
1873	1023	46	51
1867	1031	53	43
1864	1020	54	44
1860	1024	57	48
1854	1021	60	54
1848	1016	60	57
1862	1024	55	50
1865	1020	54	57
1870	1021	46	56
1875	1033	47	45
1863	1035	53	39
1860	1033	59	42
1869	1027	51	50
1872	1023	43	50
1868	1034	50	43
1872	1029	48	49
1867	1034	50	44
1865	1041	54	36
1868	1028	48	45
1877	1026	43	45
1860	1020	47	47
1863	1032	53	46
1869	1024	50	49
1863	1031	53	46
1856	1022	61	48
1850	1015	64	57
1845	1012	70	64
1850	1004	61	71
1852	1003	61	71
1854	1025	58	53
1859	1020	57	56
1855	1016	59	54
1862	1015	54	61
1862	1010	55	63
1872	1009	45	64
1863	1021	51	56
1866	1021	51	52
1866	1016	48	58
1858	1011	54	62
1862	1021	57	53
1854	1019	65	57
1848	1010	66	63
1841	1008	76	66
1833	1011	85	64
1829	1012	89	62
1829	1018	87	57
1833	1009	82	61
1830	1019	86	54
1817	1012	102	58
1817	1005	99	62
1823	999	96	69
1810	1008	104	66
1835	1018	86	55
1833	1017	84	60
1820	1023	95	51
1823	1031	92	44
1829	1025	88	50
1842	1023	79	50
1842	1019	77	58
1845	1011	74	65
1845	1016	70	58
1849	1028	69	48
1837	1024	80	51
1832	1033	82	42
1824	1040	85	36
1860	1037	85	38
1834	1036	74	38
1852	1037	66	29
1855	1037	64	33
1855	1034	64	37
1858	1031	62	43
1854	1029	64	46
1849	1038	67	39
1842	1042	77	35
1834	1045	84	31
1841	1052	81	24
1847	1033	73	30
1842	1051	68	25
1864	1054	55	23
1868	1054	52	25
1880	1052	42	25
1880	1053	41	24
1876	1053	43	19
1874	1054	45	20
1871	1052	48	23
1873	1049	47	29
1867	1049	50	29
1870	1049	47	31
1858	1034	48	40
1851	1027	54	44
1863	1042	55	34
1870	1039	48	32
1869	1035	49	42
1870	1038	48	39
1876	1030	43	47
1870	1024	48	51
1878	1042	44	38
1868	1043	49	34
1867	1050	51	28
1878	1050	42	28
1875	1051	45	26
1870	1048	48	26
1874	1043	46	31
1871	1038	46	39
1866	1037	52	38
1870	1031	49	46
1861	1022	44	56
1864	1036	46	46
1868	1031	44	44
1864	1025	53	49
1862	1027	52	49
1851	1030	56	46
1847	1029	61	46
1846	1027	70	48
1844	1022	74	54
1847	1032	67	46
1846	1023	71	54
1845	1019	56	60
1849	1009	51	66
1841	1027	63	58
1843	1034	64	44
1849	1031	69	46
1854	1039	62	33
1852	1036	66	38
1843	1039	74	33
1852	1036	66	41
1862	1027	57	48
1870	1020	50	53
1853	1022	60	53
1854	1014	52	59
1855	1032	56	44
1856	1027	61	50
1850	1033	64	43
1850	1022	65	51
1847	1028	68	50
1852	1032	66	43
1850	1025	66	52
1846	1021	71	53
1847	1017	71	56
1838	1011	79	63
1851	1019	66	57
1856	1020	62	56
1848	1018	72	58
1853	1024	66	53
1853	1027	62	50
1854	1023	64	55
1863	1026	56	53
1869	1016	48	56
1866	1029	52	48
1871	1020	50	50
1857	1035	50	41
1871	1031	49	46
1872	1018	46	56
1858	1032	45	46
1872	1021	46	53
1869	1032	49	46
1864	1029	54	47
1866	1018	46	55
1870	1028	48	50
1866	1018	52	56
1863	1023	56	52
1854	1039	63	43
1848	1029	66	46
1844	1034	67	42
1858	1037	60	39
1863	1029	56	44
1866	1031	53	45
1858	1033	59	42
1849	1031	65	46
1852	1033	63	44
1847	1030	71	42
1842	1027	76	50
1851	1026	68	51
1856	1022	63	49
1863	1025	55	45
1867	1042	50	37
1864	1037	50	41
1873	1031	43	46
1873	1023	41	51
1874	1038	44	43
1871	1030	48	47
1862	1023	52	51
1857	1018	60	57
1864	1008	57	65
1847	1000	70	74
1825	1009	75	66
1833	1015	72	61
1826	1015	84	61
1837	1020	78	57
1825	1024	90	53
1825	1017	88	55
1823	1022	95	50
1817	1022	97	53
1822	1031	94	42
1832	1033	82	44
1835	1036	81	42
1838	1011	79	46
1848	1028	70	46
1855	1030	64	46
1856	1028	62	49
1860	1030	60	44
1858	1022	61	52
1870	1017	53	57
1849	1006	53	66
1842	1015	50	63
1854	1008	61	65
1855	1012	64	65
1861	1015	57	63
1852	1020	65	58
1844	1021	70	56
1850	1026	66	52
1841	1021	67	57
1846	1012	68	66
1853	1012	66	63
1839	1011	60	65
1843	1015	70	63
1844	1003	72	72
1841	998	78	77
1834	990	83	86
1834	988	83	87
1825	980	91	96
1786	973	109	104
1788	980	128	95
1806	986	108	89
1796	971	122	103
1802	971	114	104
1804	977	114	96
1810	958	106	116
1805	952	108	121
1800	947	119	125
1814	952	103	120
1817	950	100	129
1799	956	126	122
1813	932	104	141
1781	950	98	121
1811	970	103	110
1798	955	114	122
1805	951	115	119
1775	950	139	120
1776	958	140	120
1794	958	120	114
1788	966	116	106
1805	965	113	98
1798	976	116	90
1801	969	113	101
1809	961	100	115
1826	957	92	120
1782	962	89	110
1821	947	98	125
1819	967	97	105
1814	973	98	98
1821	968	97	104
1814	961	99	108
1823	978	95	98
1826	991	87	81
1831	986	81	89
1831	985	85	90
1831	978	82	95
1823	988	94	90
1796	993	109	83
1808	975	110	97
1795	987	119	87
1810	996	107	79
1798	998	119	77
1785	989	127	86
1782	979	127	95
1783	978	125	98
1795	975	120	99
1806	972	111	98
1797	974	114	97
1802	975	114	100
1796	984	119	89
1801	988	116	83
1800	989	116	84
1791	1002	124	72
1779	998	140	76
1774	1003	137	72
1787	993	129	81
1777	1005	136	70
1792	996	121	73
1801	986	115	88
1792	1001	119	74
1780	1000	134	75
1772	994	145	79
1765	988	147	88
1766	995	143	80
1790	1005	122	69
1816	1014	101	59
1818	1014	99	63
1808	1016	104	58
1817	1026	95	49
1818	1017	95	58
1819	1007	98	66
1821	993	95	79
1825	1002	90	73
1824	1007	92	70
1813	1007	99	69
1807	1011	105	64
1825	1006	88	61
1826	1000	88	70
1837	1005	78	69
1832	1009	83	65
1833	999	86	76
1829	991	90	83
1829	982	82	87
1836	1008	81	66
1838	1017	74	58
1844	1014	66	62
1832	1011	76	62
1819	1008	89	68
1832	1001	79	76
1831	1006	84	68
1819	1007	100	70
1807	995	112	79
1800	998	111	76
1805	1004	109	72
1806	1015	116	60
1818	1014	101	60
1823	1008	93	68
1832	1015	87	61
1829	1023	86	53
1819	1022	98	52
1810	1023	107	52
1801	1022	113	52
1818	1025	97	47
1817	1024	101	45
1826	1020	91	55
1822	1009	94	62
1817	999	98	73
1802	1010	109	60
1810	1006	109	68
1807	998	106	74
1810	1002	102	72
1811	1004	107	70
1804	998	103	79
1816	1003	100	73
1816	1003	101	74
1821	988	96	88
1824	989	96	86
1813	975	98	99
1818	968	92	101
1816	999	102	78
1792	977	118	87
1799	971	113	105
1803	968	110	106
1802	977	112	99
1798	980	114	93
1809	988	107	88
1795	985	118	89
1789	1004	125	71
1781	1005	140	68
1816	998	103	75
1820	1004	97	73
1822	1020	94	58
1830	1028	88	49
1830	1026	88	50
1824	1015	95	60
1820	1020	91	58
1839	1008	80	66
1832	1005	85	73
1845	1009	74	61
1834	1010	76	65
1837	998	79	77
1838	992	75	85
1838	1002	73	72
1829	1012	80	63
1835	1019	81	59
1834	1020	82	58
1828	1011	88	66
1836	1019	79	57
1839	1011	79	68
1833	1009	82	71
1823	1002	93	74
1823	992	94	86
1833	974	85	97
1808	990	75	85
1832	973	82	98
1804	1002	92	73
1816	1001	98	73
1814	1004	100	72
1825	1004	91	66
1811	995	102	78
1818	1001	94	73
1807	996	97	78
1804	989	94	86
1811	980	84	94
1806	982	109	92
1810	982	106	91
1801	975	116	96
1810	982	107	95
1800	986	116	84
1793	979	120	89
1780	976	132	95
1798	984	122	90
1803	997	116	80
1787	1001	128	77
1780	1003	134	71
1767	998	136	75
1790	1013	120	62
1812	1000	103	72
1817	992	98	81
1806	981	111	93
1820	981	99	94
1832	983	82	90
1844	993	69	78
1850	982	62	90
1852	1003	57	80
1851	1007	64	69
1841	998	67	74
1842	986	65	77
1835	1000	82	75
1829	996	86	80
1836	998	82	76
1842	1000	78	75
1837	1000	76	76
1851	1001	68	70
1828	1001	74	71
1823	1006	90	66
1822	1005	94	68
1818	991	94	76
1810	985	105	88
1803	970	113	104
1799	956	119	117
1818	972	99	102
1812	955	102	118
1813	965	101	110
1825	954	92	122
1823	967	91	111
1837	975	79	100
1830	986	85	89
1832	978	81	96
1834	981	84	99
1847	985	71	96
1834	982	81	92
1840	970	76	109
1847	958	68	119
1823	974	89	115
1811	953	103	122
1803	954	113	121
1803	963	113	117
1801	943	116	129
1822	945	100	128
1790	947	125	127
1773	936	136	140
1756	930	152	141
1751	922	165	150
1760	934	157	139
1749	945	163	130
1756	923	163	150
1735	931	170	137
1725	926	187	149
1725	922	174	148
1714	899	198	170
1710	898	208	170
1717	890	204	179
1734	888	180	178
1754	896	155	173
1744	875	174	191
1744	872	172	197
1718	874	195	198
1708	904	194	164
1693	926	197	139
1707	921	205	149
1726	928	188	137
1729	932	186	133
1732	940	186	133
1737	920	179	155
1736	895	178	179
1751	900	157	174
1761	898	157	172
1759	900	154	171
1742	872	173	196
1729	858	186	213
1746	843	168	230
1739	863	176	213
1722	870	192	200
1692	865	216	208
1676	867	227	201
1662	860	248	209
1653	855	268	216
1661	870	262	199
1657	871	262	196
1655	868	262	203
1671	858	252	213
1674	842	241	231
1671	832	242	236
1675	832	235	239
1667	803	236	270
1671	788	236	287
1667	801	246	274
1682	811	229	266
1677	813	180	261
1677	872	188	198
1695	879	209	195
1686	896	223	171
1681	891	234	185
1669	878	240	189
1665	847	236	225
1671	835	201	238
1687	817	212	257
1698	850	190	223
1696	865	213	204
1699	854	217	215
1721	835	192	235
1732	829	182	240
1711	870	198	200
1722	852	189	222
1743	857	164	215
1729	913	175	162
1707	914	190	158
1683	921	212	152
1701	910	208	157
1701	909	191	158
1729	892	183	176
1718	884	196	185
1699	897	209	172
1715	904	194	167
1692	883	224	188
1700	878	213	192
1709	848	206	220
1693	852	218	221
1665	868	243	195
1654	883	249	182
1658	891	252	181
1640	893	274	183
1667	893	251	157
1687	888	224	183
1700	881	210	187
1728	888	185	183
1737	871	177	202
1770	863	144	210
1773	898	139	218
1748	892	150	177
1748	881	167	179
1730	876	184	196
1738	832	174	208
1713	892	198	173
1729	920	192	152
1720	895	201	174
1748	913	173	157
1777	911	141	159
1777	890	145	187
1795	895	123	182
1813	890	106	182
1780	912	96	170
1814	931	103	184
1791	943	96	148
1776	943	97	130
1807	977	94	107
1814	991	100	86
1806	991	110	85
1818	1000	97	79
1811	1010	100	63
1823	1008	95	67
1818	998	98	77
1825	985	88	88
1822	980	95	91
1805	970	104	102
1808	969	105	105
1800	950	115	119
1808	969	107	106
1794	952	122	120
1782	941	130	125
1780	919	135	155
1794	899	122	165
1753	939	99	135
1817	976	97	103
1808	980	103	92
1794	987	119	89
1806	983	108	91
1810	968	107	107
1819	962	96	112
1823	962	92	113
1829	968	86	110
1835	975	80	101
1838	981	79	96
1837	999	81	81
1847	998	69	78
1843	1000	72	79
1844	987	72	88
1835	982	79	96
1838	982	77	94
1826	982	88	96
1835	980	77	96
1836	977	79	97
1829	980	87	101
1820	984	93	89
1814	985	105	90
1804	987	113	87
1805	973	114	99
1788	977	130	95
1794	977	122	95
1785	979	128	93
1800	963	115	108
1818	964	94	112
1832	961	83	118
1820	944	95	129
1816	942	98	133
1814	972	104	122
1825	970	93	102
1825	961	91	113
1835	950	85	126
1805	949	109	128
1798	934	113	135
1813	953	103	123
1823	958	92	111
1830	974	89	101
1834	986	81	88
1827	979	90	98
1834	984	81	86
1826	984	92	91
1815	980	98	96
1802	978	112	96
1822	978	94	96
1810	967	104	110
1797	980	117	96
1811	979	109	96
1798	991	118	83
1809	992	106	84
1816	990	101	87
1817	996	99	81
1822	991	93	81
1818	991	92	85
1813	979	102	94
1794	984	118	89
1775	973	130	101
1767	985	140	86
1775	991	137	83
1799	983	115	94
1787	971	129	107
1786	987	130	90
1786	992	127	81
1780	996	130	82
1765	984	151	88
1746	995	170	82
1757	988	159	86
1738	980	172	92
1752	988	158	86
1774	994	138	81
1794	994	121	82
1796	979	122	95
1815	990	106	86
1795	994	118	80
1825	981	95	91
1825	978	92	98
1838	979	76	94
1840	992	77	84
1845	985	69	89
1834	998	82	79
1827	1002	89	71
1829	1015	87	58
1822	1009	88	66
1826	1000	92	75
1818	1012	96	62
1815	1007	100	68
1820	1009	94	67
1818	1012	99	65
1817	1000	101	77
1810	999	105	75
1818	997	100	77
1813	992	105	84
1808	984	109	89
1796	974	121	97
1790	961	129	112
1791	971	120	101
1781	957	133	112
1777	939	136	122
1764	942	155	123
1750	943	169	126
1733	935	185	136
1737	952	179	119
1736	972	176	103
1747	975	171	99
1738	984	179	84
1767	985	147	87
1799	987	114	82
1794	989	122	83
1783	986	136	87
1765	982	149	95
1763	971	152	104
1757	944	156	125
1769	941	148	117
1764	925	150	141
1764	922	153	155
1767	936	144	138
1774	927	146	142
1762	942	153	129
1770	938	146	135
1779	952	136	118
1776	964	138	109
1780	981	136	93
1759	1003	154	73
1754	997	159	76
1768	976	147	94
1760	982	157	92
1756	985	136	90
1774	999	143	74
1774	1014	141	59
1789	1023	127	51
1796	1026	122	52
1815	999	100	68
1799	1006	115	67
1826	1006	91	71
1831	1013	85	66
1841	1005	77	71
1834	1002	78	73
1834	999	77	73
1837	995	80	63
1833	1026	83	51
1829	1018	86	57
1817	1011	96	65
1810	1018	77	58
1814	1014	82	60
1822	1020	91	57
1821	1011	94	61
1829	1026	91	50
1817	1018	101	54
1817	1016	101	58
1811	1012	105	62
1835	1003	87	69
1827	993	89	84
1828	995	86	83
1822	1004	97	74
1810	1000	99	79
1811	1002	96	71
1834	1000	84	75
1816	1001	100	74
1811	1001	103	73
1818	1001	96	74
1820	994	95	78
1808	1000	107	71
1801	988	118	86
1801	986	111	89
1798	990	118	85
1783	980	130	94
1765	969	148	105
1760	957	157	113
1751	944	167	130
1738	921	179	153
1745	894	172	175
1741	886	171	194
1732	878	180	195
1727	897	182	178
1725	901	189	171
1736	902	184	173
1728	877	189	194
1719	903	197	169
1739	915	178	156
1759	938	163	135
1739	911	173	160
1772	918	146	160
1751	918	164	159
1739	939	180	134
1708	955	197	118
1744	966	170	102
1727	961	190	109
1717	983	204	88
1746	981	168	93
1774	978	145	94
1772	995	144	78
1767	992	147	79
1770	1008	145	64
1777	1009	138	63
1780	1009	135	67
1778	1016	139	58
1785	1020	130	56
1784	1025	131	48
1790	1018	127	56
1798	1016	116	58
1812	1017	103	58
1803	1014	115	61
1793	1008	116	66
1806	1003	106	73
1803	1012	112	64
1798	1009	120	64
1807	1008	112	66
1799	1021	108	52
1809	1018	106	54
1826	1016	89	58
1818	1010	97	65
1812	1008	101	66
1813	1004	102	69
1793	1008	112	65
1801	1004	111	70
1796	1015	120	60
1810	1008	106	70
1800	1008	108	68
1818	1003	96	75
1826	1000	89	76
1809	1002	100	76
1817	992	100	86
1829	981	86	93
1815	996	102	81
1807	991	112	86
1801	990	118	83
1781	985	135	89
1776	979	138	95
1774	964	139	111
1773	970	142	105
1775	983	141	96
1772	964	141	109
1760	971	154	104
1765	979	143	95
1767	978	146	96
1752	980	160	96
1744	960	173	117
1723	940	190	139
1728	915	187	152
1722	924	175	151
1711	924	205	147
1717	935	202	144
1714	908	203	157
1712	936	205	132
1701	961	216	115
1703	982	214	90
1721	979	194	91
1739	993	178	82
1746	1000	171	72
1752	994	164	79
1777	1002	147	72
1760	999	154	75
1758	1006	158	64
1768	1011	150	58
1781	1002	136	73
1775	1009	137	66
1797	1014	117	60
1805	1003	113	68
1816	991	100	77
1816	988	99	86
1820	982	90	93
1814	982	96	93
1815	974	96	99
1821	956	94	115
1785	980	113	105
1794	970	124	104
1808	962	107	112
1824	967	90	104
1824	982	89	89
1818	991	99	77
1827	1000	86	70
1820	992	95	81
1808	992	104	84
1795	986	121	91
1776	997	133	75
1797	998	120	72
1793	996	120	78
1796	1002	122	75
1787	985	130	90
1779	983	136	91
1772	985	143	89
1778	1000	141	70
1767	999	150	74
1768	1002	149	72
1761	1002	154	70
1779	1011	134	63
1781	1014	133	62
1790	1010	125	66
1793	1002	121	72
1805	987	115	86
1787	984	127	90
1794	979	120	95
1786	963	131	112
1788	949	131	121
1775	972	136	103
1790	971	123	105
1799	971	115	102
1807	973	99	101
1809	978	107	93
1817	973	103	96
1817	964	97	104
1823	951	92	121
1799	977	86	95
1829	971	90	106
1798	969	119	107
1802	978	117	96
1786	990	135	83
1797	978	119	94
1801	964	114	108
1815	966	105	107
1823	960	93	116
1836	967	82	107
1824	994	89	80
1837	998	76	76
1844	996	73	76
1849	998	72	76
1834	1003	82	72
1822	993	90	81
1835	1004	84	71
1845	1006	74	69
1852	1001	65	75
1848	999	70	76
1820	990	69	77
1832	1010	84	66
1836	1003	78	70
1839	994	74	82
1843	993	74	84
1846	977	67	91
1837	988	75	82
1829	988	83	88
1818	992	95	82
1819	992	94	82
1812	994	104	80
1808	983	109	91
1815	984	102	91
1807	980	111	94
1800	985	118	90
1800	979	113	99
1787	975	120	101
1786	973	132	98
1790	978	125	95
1808	982	106	90
1806	979	111	95
1796	986	119	88
1781	979	134	95
1776	972	142	104
1777	970	130	101
1789	970	126	101
1795	975	114	98
1807	985	110	91
1804	974	113	102
1815	971	105	106
1807	959	108	113
1814	975	101	97
1832	974	87	94
1842	991	71	87
1828	995	83	83
1820	995	85	80
1823	1007	82	71
1839	1001	76	76
1842	990	77	83
1844	971	70	97
1818	994	70	77
1852	982	64	93
1845	1003	67	71
1838	1008	67	67
1835	1003	82	68
1818	1003	93	72
1815	1005	102	68
1815	1011	97	61
1822	1018	96	60
1815	1028	93	46
1815	1032	103	41
1820	1028	87	45
1820	1030	91	45
1820	1027	93	49
1812	1032	99	42
1824	1011	88	62
1814	1012	93	61
1821	1018	91	57
1829	1028	82	44
1841	1032	74	44
1835	1037	77	39
1842	1030	72	42
1832	1029	81	46
1830	1034	83	41
1841	1041	74	36
1852	1044	62	30
1868	1047	53	31
1871	1041	50	33
1862	1034	52	39
1876	1041	44	38
1875	1042	43	35
1879	1038	38	40
1875	1036	41	42
1878	1031	41	44
1869	1046	47	34
1874	1038	44	37
1868	1038	49	37
1873	1037	46	39
1857	1033	50	40
1870	1038	47	36
1870	1036	46	42
1869	1027	49	44
1863	1029	54	43
1859	1029	56	42
1858	1022	55	46
1857	1036	62	38
1848	1032	69	43
1848	1037	73	40
1841	1048	75	30
1847	1050	66	28
1850	1050	67	27
1857	1055	62	23
1867	1043	52	30
1862	1040	58	35
1861	1031	56	43
1856	1030	60	45
1861	1034	59	44
1860	1025	59	53
1863	1016	57	59
1857	1012	62	62
1851	1015	67	58
1852	1024	65	53
1861	1026	59	51
1859	1022	61	55
1867	1019	52	58
1869	1016	50	58
1873	1028	48	53
1860	1028	52	48
1867	1030	51	49
1872	1022	49	54
1856	1025	61	51
1860	1017	57	57
1858	1032	61	45
1853	1027	64	47
1848	1021	69	53
1842	1022	75	55
1838	1018	78	54
1826	1020	92	56
1821	1008	95	63
1827	996	90	64
1826	1003	90	65
1816	994	95	72
1827	991	86	86
1838	999	69	72
1828	1000	86	76
