1044	518	47	41
1044	518	48	39
1045	518	48	39
1045	518	50	39
1046	518	48	40
1047	518	48	36
1048	519	47	36
1050	519	48	36
1049	520	49	35
1051	519	46	35
1050	516	50	39
1052	515	48	40
1053	517	47	36
1051	515	50	36
1053	516	48	35
1053	515	48	38
1055	514	47	39
1054	516	49	35
1055	513	50	40
1056	512	44	40
1055	511	47	42
1056	514	46	38
1056	515	49	37
1057	516	46	36
1058	514	46	38
1056	514	49	38
1056	512	52	38
1057	513	52	38
1058	512	55	41
1059	511	50	40
1061	509	50	42
1061	512	48	39
1059	512	52	41
1062	512	49	39
1062	511	50	39
1063	512	50	39
1063	515	51	36
1063	515	51	37
1065	514	49	37
1064	513	49	38
1065	515	51	36
1064	514	50	38
1063	514	50	37
1061	513	48	37
1059	509	50	42
1057	513	43	39
1053	513	46	40
1047	514	47	38
1042	517	46	35
1038	516	49	35
1035	515	50	37
1032	514	45	38
1030	514	44	39
1029	513	45	40
1028	514	44	40
1025	516	44	38
1025	516	46	38
1024	518	47	37
1024	515	49	40
1025	515	47	39
1024	517	48	37
1025	515	51	39
1024	516	49	37
1026	518	50	36
1026	516	51	38
1026	516	52	38
1026	516	47	38
1025	516	50	38
1028	517	50	38
1028	516	48	39
1029	516	46	39
1031	516	48	38
1031	516	47	38
1031	517	46	38
1032	516	45	39
1032	518	49	38
1030	518	54	39
1031	518	53	38
1032	518	49	39
1031	519	50	36
1034	520	46	35
1035	518	49	38
1034	517	46	39
1035	518	44	38
1036	518	45	39
1036	518	46	39
1037	520	46	38
1037	519	47	39
1033	520	53	38
1037	519	51	40
1037	521	51	36
1040	519	47	40
1040	519	47	40
1041	520	48	39
1042	526	44	34
1041	523	49	37
1042	523	48	36
1042	523	48	37
1042	521	51	38
1043	520	50	39
1043	519	49	39
1043	521	50	39
1042	519	54	40
1042	521	53	38
1044	519	50	40
1044	518	54	42
1044	520	53	39
1045	519	54	39
1045	519	49	40
1046	519	51	39
1045	519	51	41
1046	519	49	40
1047	519	47	39
1046	519	48	39
1045	518	53	39
1043	519	51	40
1042	519	52	40
1042	518	47	40
1040	518	52	38
1036	518	50	40
1030	519	55	39
1022	518	53	40
1016	518	51	41
1007	519	51	38
997	518	51	38
989	518	50	39
976	518	51	39
962	518	51	40
952	517	50	41
938	519	50	38
927	519	50	39
917	518	51	42
910	518	51	39
903	520	50	36
897	519	50	37
893	518	50	39
890	518	49	39
886	518	48	40
886	517	46	40
884	519	48	39
883	518	47	40
884	519	46	38
882	518	47	38
882	518	47	39
882	519	46	40
880	519	50	38
881	519	53	38
880	520	54	38
882	519	50	39
882	520	49	38
881	520	52	38
883	520	51	39
882	520	49	37
880	519	55	38
880	518	53	40
880	520	53	38
880	519	52	39
880	520	53	40
880	519	51	41
881	521	51	38
881	519	50	39
881	520	48	40
881	520	50	37
881	520	47	39
879	520	51	38
881	521	49	37
880	521	50	38
880	520	49	40
881	520	50	40
880	520	49	39
880	521	51	38
880	521	49	39
881	522	48	37
881	522	47	36
881	523	48	37
880	522	51	38
879	522	50	39
878	524	52	38
879	524	51	35
879	523	52	37
880	523	49	37
881	523	51	39
879	523	50	36
879	523	53	38
879	525	53	36
880	523	51	39
878	524	54	39
878	524	51	39
880	525	53	36
879	524	50	37
879	524	51	41
879	525	51	38
878	524	52	39
880	526	48	37
880	525	50	38
881	526	50	39
880	526	51	37
879	526	52	38
879	526	49	39
879	528	52	36
878	527	49	38
879	527	49	38
878	526	50	38
877	526	49	37
879	526	49	38
877	526	53	38
877	526	51	39
878	526	50	40
877	526	50	40
878	526	51	43
876	527	51	39
877	527	48	38
877	527	50	40
878	529	51	38
879	529	49	38
878	529	51	38
878	528	51	41
878	527	54	39
877	528	52	37
877	528	51	40
877	527	51	41
877	528	52	39
878	528	51	40
877	528	49	42
878	528	51	40
877	529	49	39
877	530	49	38
877	529	52	39
878	529	49	39
878	529	51	40
876	529	52	40
876	529	55	39
877	530	55	39
876	530	52	41
875	530	57	42
876	531	53	41
876	531	52	39
875	531	53	42
874	531	55	41
875	531	55	42
874	531	52	41
876	532	51	38
876	533	51	39
876	532	46	40
875	533	50	39
876	533	51	40
874	531	54	41
873	531	53	41
872	532	53	40
875	531	51	44
874	532	52	41
874	533	50	39
874	533	51	39
875	533	48	40
873	533	52	38
873	533	53	40
872	533	52	40
872	533	51	39
874	531	52	41
874	531	52	40
873	532	51	39
872	531	52	41
872	533	52	40
872	532	53	39
871	533	56	39
871	533	54	40
872	532	54	39
871	533	53	39
872	531	54	42
872	531	52	39
871	532	53	38
870	531	58	40
871	531	56	40
869	532	57	40
867	533	60	38
867	533	61	37
868	532	56	40
869	531	57	41
868	532	53	38
870	532	53	38
870	531	55	40
870	532	55	41
868	531	57	40
869	532	54	38
870	531	55	41
870	530	58	41
867	531	60	39
870	531	58	39
870	531	56	40
869	531	57	39
868	530	54	39
869	531	51	39
869	531	51	42
865	531	57	41
865	531	58	40
867	532	56	40
866	532	56	40
865	533	55	40
866	534	57	37
868	534	54	40
865	533	57	40
866	534	52	39
866	535	54	37
867	534	54	39
867	533	55	40
867	534	59	40
866	533	55	39
866	533	53	40
866	533	52	42
867	534	50	41
866	534	54	41
865	536	50	40
864	534	53	42
864	534	50	42
865	534	51	42
866	534	48	43
865	533	49	42
866	536	50	41
865	536	50	39
866	534	51	41
866	534	51	41
865	534	49	42
865	535	49	41
866	536	47	38
866	535	51	39
864	535	51	41
866	537	49	39
864	537	51	37
863	536	56	41
863	537	53	38
865	536	50	39
864	536	47	38
865	537	51	38
864	537	52	38
866	537	49	38
865	537	49	38
865	538	53	38
864	537	50	39
865	538	50	37
862	537	57	40
863	537	54	40
863	536	53	41
863	536	53	42
863	537	55	42
863	538	51	38
863	538	52	39
863	537	51	40
863	537	55	41
863	538	53	37
863	537	49	38
864	538	48	39
863	538	50	39
863	537	52	40
862	537	53	42
861	537	54	42
861	537	53	41
860	538	53	39
861	536	49	43
862	539	48	38
861	538	51	38
861	537	50	40
860	537	50	40
861	537	49	38
860	537	53	40
860	536	49	40
861	537	48	39
861	536	51	44
862	537	51	43
860	539	49	37
861	539	49	36
860	542	49	36
860	537	49	38
860	536	51	42
861	537	49	40
860	537	50	42
859	535	49	43
859	535	47	42
859	536	49	42
860	536	48	42
860	536	46	41
861	536	44	40
859	536	48	41
859	537	48	42
859	537	47	41
860	536	46	42
859	537	50	41
858	536	50	41
857	536	56	44
858	537	50	39
858	537	50	40
858	537	50	39
859	536	50	40
857	537	54	42
856	536	52	42
858	536	48	41
858	536	46	41
858	537	50	39
858	535	49	41
857	536	47	42
858	536	46	43
858	537	50	42
858	536	48	41
857	537	51	39
856	537	52	39
857	537	49	42
858	538	49	39
857	538	50	39
856	537	54	41
855	537	57	38
855	540	52	36
856	538	51	38
854	538	53	38
855	535	52	43
855	536	51	40
855	536	48	43
855	537	47	38
853	538	54	39
855	537	49	41
855	537	47	42
854	538	51	38
853	537	57	40
854	536	55	41
853	536	55	41
852	539	54	39
853	538	51	37
853	537	50	39
853	538	48	39
854	538	50	40
853	538	49	41
853	538	47	40
853	538	47	40
852	538	48	42
853	539	51	41
853	539	51	41
853	537	48	44
853	538	48	41
853	538	47	41
853	541	49	37
852	541	47	39
852	540	50	38
853	540	49	38
852	541	51	38
851	539	54	38
852	539	49	42
852	540	49	41
853	539	52	41
851	539	50	43
851	539	48	43
852	542	47	40
851	541	50	42
851	539	49	43
851	539	51	40
851	539	49	43
850	540	51	44
850	541	49	40
849	540	49	41
850	539	49	41
851	539	47	42
852	540	45	41
851	540	48	40
853	540	48	42
855	540	50	39
858	541	51	37
862	540	49	41
866	542	53	37
871	542	53	39
876	542	50	39
880	546	47	32
883	541	49	36
882	543	52	33
887	546	49	31
889	544	51	34
890	543	49	34
891	543	48	34
893	541	49	36
893	541	45	38
892	538	48	40
893	539	46	39
893	539	46	40
894	538	46	41
893	538	47	40
893	538	47	39
892	539	49	39
892	538	51	40
893	541	49	37
893	544	48	34
892	538	48	36
893	538	47	39
893	538	46	39
893	543	50	34
892	541	49	36
892	541	50	36
893	539	47	37
893	543	47	36
890	537	48	38
890	538	50	39
891	535	46	42
890	536	50	42
891	536	46	39
891	536	45	41
891	538	46	37
889	535	47	39
889	536	45	36
891	533	42	44
889	534	47	39
890	533	44	39
889	530	45	42
889	530	47	42
889	531	49	40
890	530	45	40
889	530	46	41
889	531	45	39
889	530	44	40
888	530	46	39
889	531	46	38
889	533	44	36
888	531	49	40
888	531	50	41
888	531	48	37
887	531	46	36
887	529	45	38
888	531	45	37
888	532	44	34
887	530	47	37
887	530	43	38
886	529	46	39
888	529	44	39
887	528	45	41
888	528	43	39
887	528	44	37
888	527	45	36
888	527	43	38
887	526	46	39
887	526	45	38
887	526	45	37
888	525	43	39
887	525	47	39
886	525	47	40
887	525	46	41
887	525	46	41
887	526	45	39
886	524	46	39
886	524	46	39
886	525	46	36
886	525	46	38
885	524	52	39
884	523	52	41
886	523	44	39
886	524	43	40
886	524	43	38
885	523	44	39
886	524	43	37
886	523	42	39
885	523	44	40
885	523	43	38
885	524	42	37
886	526	44	35
885	526	45	35
885	524	44	36
885	523	44	39
886	523	41	38
885	524	42	36
886	522	42	39
886	521	42	41
886	523	43	37
885	523	46	38
885	524	43	39
885	522	43	40
886	523	44	38
886	523	42	41
885	522	43	37
884	523	45	36
883	522	46	39
886	523	43	39
885	523	45	37
885	524	43	37
885	522	43	41
884	523	45	40
885	523	43	38
886	522	42	40
885	522	43	41
884	522	43	40
885	522	43	39
884	521	44	38
884	523	43	39
884	523	44	38
884	522	43	40
885	523	41	37
885	521	43	41
883	522	43	39
883	520	44	42
884	522	44	41
883	523	46	38
884	522	44	40
884	522	44	39
884	522	44	39
884	523	44	37
884	523	45	38
884	524	44	36
884	524	46	36
883	522	45	38
883	522	44	40
882	523	46	36
884	523	43	37
883	522	43	38
883	521	44	40
884	521	45	40
883	521	45	40
882	521	46	38
882	522	47	37
882	521	45	39
883	522	46	37
882	520	44	40
882	521	43	38
881	520	46	41
881	520	46	38
882	520	45	38
881	521	45	38
881	521	46	38
881	521	44	37
882	519	44	40
882	521	44	37
880	520	44	39
880	521	45	37
879	523	45	34
879	520	47	37
879	521	47	37
880	520	46	38
879	520	43	38
880	521	43	40
879	519	44	42
879	519	44	41
879	519	45	40
878	520	47	39
878	520	47	40
878	520	47	39
879	521	45	38
879	520	45	38
880	521	42	38
879	521	45	39
878	520	47	41
878	519	47	40
879	521	43	40
879	521	43	39
878	520	46	41
879	521	44	40
878	522	45	39
878	522	47	39
878	521	43	41
878	522	43	40
877	523	45	40
876	524	47	38
877	522	43	43
877	523	45	42
877	523	46	40
876	524	49	41
877	524	45	40
876	525	47	42
875	524	50	42
874	526	49	41
875	526	48	40
874	526	51	43
875	526	49	40
874	528	49	39
874	528	50	39
874	527	45	42
874	529	47	42
874	529	49	42
874	529	50	43
873	529	48	41
874	528	47	44
873	530	47	40
873	530	47	42
873	531	47	41
873	531	51	43
873	532	49	42
872	532	50	42
873	531	50	44
872	532	49	43
872	532	48	44
871	533	51	42
870	533	53	41
871	533	49	43
871	533	47	43
872	534	44	42
870	536	48	40
870	537	49	41
870	536	51	41
870	536	49	41
868	535	49	43
870	537	49	42
868	537	55	43
868	537	54	42
869	537	52	42
868	536	54	43
870	538	47	43
870	539	48	42
870	539	49	41
869	538	50	43
869	539	47	41
869	540	49	41
869	539	47	44
869	540	45	44
869	541	45	42
869	541	47	42
869	541	47	45
869	539	49	45
869	539	51	47
869	540	50	47
868	543	50	43
868	541	49	46
868	543	47	45
866	544	47	41
866	542	53	46
866	542	51	45
866	545	50	44
865	546	50	42
865	543	51	44
867	546	49	43
865	544	48	44
865	542	56	47
865	543	50	44
865	545	48	43
864	546	50	44
865	546	50	44
865	547	51	43
867	548	48	42
866	546	52	44
866	548	49	41
867	548	53	41
868	547	50	44
868	546	50	44
870	547	51	43
870	546	49	44
870	546	46	45
870	547	50	43
872	547	49	42
871	549	50	41
872	549	51	40
873	550	50	40
874	550	51	40
873	550	52	40
874	549	55	41
876	549	52	42
876	548	54	43
877	547	51	42
878	547	49	43
878	546	50	43
880	550	49	40
879	546	50	45
880	547	50	43
882	546	48	43
881	547	53	41
883	548	51	40
883	548	51	41
886	547	48	40
887	548	48	39
888	546	47	42
887	546	50	40
889	547	51	39
890	547	52	39
892	546	50	39
894	544	48	42
893	545	50	41
895	545	50	40
896	543	54	43
898	543	50	42
897	543	52	41
898	543	56	42
900	545	53	40
903	547	49	37
904	545	49	39
905	543	51	41
906	542	51	41
908	541	49	42
910	541	49	41
911	541	50	41
910	541	49	41
913	541	50	40
915	540	50	41
914	539	49	41
915	538	51	42
916	538	56	43
917	538	53	43
917	539	53	41
919	540	52	42
923	539	52	41
922	539	52	43
925	539	49	42
927	539	48	41
927	540	49	43
928	540	49	41
928	540	51	41
931	540	50	42
931	539	52	42
932	539	50	42
933	539	52	42
933	539	54	41
934	539	53	41
930	538	58	42
933	540	56	41
939	539	51	41
940	539	49	42
941	540	52	41
940	539	52	40
942	540	52	41
942	538	55	42
943	538	54	41
946	539	56	42
946	539	55	41
946	541	52	40
947	541	54	40
947	540	56	43
948	540	56	41
950	541	55	40
950	541	56	40
949	539	59	43
954	538	53	44
955	539	52	43
955	540	53	41
958	541	54	42
959	541	49	42
959	541	53	41
957	542	55	40
960	541	54	42
961	540	53	43
959	540	54	43
961	539	56	43
961	542	57	41
961	541	57	42
962	541	57	41
964	540	57	43
964	543	60	39
966	541	56	42
968	541	55	42
965	541	59	42
969	542	57	41
970	541	54	41
973	541	52	42
972	541	52	43
967	541	62	42
970	542	60	43
975	548	55	36
975	543	53	42
976	545	49	39
975	543	54	41
976	543	59	42
979	543	54	41
979	543	54	42
980	543	53	43
978	543	55	42
981	543	53	44
980	544	55	44
984	549	54	38
982	545	56	43
983	545	55	44
981	544	59	43
984	544	57	44
983	545	58	43
987	551	54	38
986	546	57	45
988	547	56	41
987	547	56	43
990	547	55	43
988	547	58	44
990	548	58	41
989	547	63	44
990	548	59	44
989	547	56	44
992	547	56	44
989	549	61	41
996	552	54	40
996	553	55	38
994	549	57	44
995	550	57	42
998	552	55	40
997	551	54	40
992	549	61	46
997	551	60	42
1000	552	59	41
996	550	62	44
997	551	57	45
999	552	58	43
1000	554	58	40
1004	553	52	42
1002	553	56	44
1003	553	55	44
1004	554	57	43
1003	553	61	44
1003	553	61	43
1007	557	56	39
1002	554	64	42
1006	556	57	41
1007	556	58	41
1006	555	60	42
1002	555	68	44
1005	555	64	45
1006	554	63	46
1008	554	60	49
1008	555	59	46
1011	555	58	47
1007	559	60	44
1011	559	59	43
1011	558	57	45
1013	563	58	40
1015	560	53	44
1010	560	60	43
1015	565	56	39
1015	564	56	41
1014	564	57	40
1015	564	58	42
1015	562	59	45
1014	562	61	46
1017	564	57	46
1019	568	54	40
1018	572	56	36
1018	569	57	39
1020	572	57	34
1022	572	54	36
1022	575	53	34
1021	573	54	38
1024	574	54	38
1023	570	55	43
1020	569	59	46
1020	569	62	47
1018	568	63	49
1017	570	64	47
1021	571	62	47
1022	573	59	44
1021	572	59	44
1018	572	64	46
1017	573	63	45
1019	575	66	44
1021	577	63	40
1023	576	62	45
1020	575	62	44
1020	575	64	46
1016	575	69	47
1017	574	68	48
1018	575	66	47
1018	575	62	48
1017	575	68	48
1021	576	61	47
1019	576	61	47
1017	577	65	48
1021	578	58	46
1021	580	60	42
1019	581	62	43
1018	581	61	43
1018	579	61	44
1019	577	62	47
1016	579	67	45
1015	578	64	46
1015	579	63	46
1014	579	60	47
1012	580	65	47
1012	578	68	49
1012	585	66	40
1014	582	59	44
1011	580	61	45
1010	580	63	45
1010	579	61	44
1009	580	62	43
1005	580	67	45
1005	579	66	46
1008	580	59	43
1006	584	62	39
1006	583	60	41
1006	580	60	43
1004	577	62	48
1004	578	59	46
1000	579	64	46
1001	579	63	44
1002	581	60	44
1001	585	61	39
999	588	60	35
999	587	60	36
995	586	63	38
992	578	64	46
994	579	58	47
991	578	63	47
990	576	64	49
990	577	64	48
993	576	59	47
989	577	65	47
990	576	61	50
990	577	60	47
990	579	60	45
988	580	63	44
986	577	65	49
990	576	63	49
989	580	61	46
987	577	62	48
987	576	64	47
986	576	64	48
986	580	64	44
987	576	59	48
986	576	64	49
983	576	64	48
984	577	61	48
983	586	67	38
984	588	61	36
985	587	58	40
985	587	58	43
984	587	60	44
984	586	59	46
982	589	64	44
982	586	70	44
983	588	67	41
981	585	64	46
981	589	64	40
979	591	67	39
981	590	62	39
980	591	63	34
982	589	59	38
979	583	64	43
979	581	60	43
979	584	59	41
978	579	61	45
977	577	62	45
976	580	63	41
976	581	61	37
976	577	63	43
976	571	61	46
975	572	61	47
975	570	60	49
974	570	61	49
975	570	57	47
976	570	57	49
975	568	62	52
973	571	65	50
972	571	65	48
971	574	64	45
974	571	60	50
974	572	60	48
976	577	58	44
976	575	57	48
974	582	60	40
975	579	62	42
975	582	63	41
976	582	60	43
974	581	62	46
975	581	60	44
977	580	59	45
976	579	62	47
974	578	61	47
975	581	61	42
974	581	66	43
975	578	62	45
975	578	59	47
976	583	62	42
976	582	64	44
975	580	61	46
975	579	60	48
974	580	62	48
974	580	62	47
973	579	62	45
973	580	64	46
973	578	61	49
972	579	61	45
970	580	63	47
969	579	62	48
965	580	69	47
966	579	70	50
968	579	63	48
966	579	62	48
964	582	63	45
965	581	60	47
965	578	60	49
963	578	66	49
963	581	63	45
964	581	58	47
961	585	63	43
963	586	59	38
961	585	61	41
963	579	61	46
962	583	60	43
959	582	63	45
961	586	57	40
960	589	64	36
960	589	59	37
959	592	62	34
960	587	56	39
961	589	58	40
960	591	59	35
960	587	57	39
960	582	55	47
958	583	57	46
960	587	55	43
959	583	60	51
959	584	59	48
958	585	60	45
959	590	60	44
958	589	60	44
957	587	59	46
957	594	59	40
957	591	56	41
956	597	60	35
957	599	61	36
959	592	56	42
956	598	59	37
957	599	55	36
955	598	60	39
953	601	62	34
956	602	58	34
956	599	56	37
956	601	57	37
957	602	56	34
955	602	56	34
956	599	56	37
956	602	60	35
954	597	62	40
956	604	57	32
955	598	57	41
955	597	56	41
956	594	56	44
953	593	63	46
953	593	62	47
954	599	54	42
954	596	56	44
953	595	56	48
954	600	59	39
954	602	53	40
955	602	55	38
954	606	56	34
954	606	57	34
954	604	57	37
956	608	54	35
955	604	56	38
952	597	59	46
949	599	62	47
949	598	64	47
951	603	58	42
950	605	59	39
951	606	59	37
948	606	66	43
947	608	66	41
949	608	64	40
949	606	59	43
949	606	60	45
953	607	59	43
951	611	60	42
950	608	62	41
949	602	58	49
944	603	65	47
945	605	69	46
946	602	61	50
941	599	69	56
931	601	79	51
938	604	74	49
946	601	66	51
944	601	68	53
945	605	63	49
940	597	69	58
943	603	63	47
942	603	66	50
934	606	70	49
937	606	72	49
939	610	68	47
931	605	75	50
941	611	66	45
947	617	59	38
946	619	60	39
948	621	56	34
949	623	54	31
947	616	55	38
946	619	58	38
947	621	55	35
946	620	56	38
945	625	56	35
945	623	60	37
945	622	59	36
946	622	54	40
945	621	60	42
944	623	56	41
944	623	61	42
945	626	56	37
945	624	56	39
944	625	57	42
944	625	55	41
945	624	52	43
947	624	48	44
944	625	54	42
943	626	54	42
943	628	58	44
944	629	53	42
943	630	51	39
943	632	50	34
942	628	53	37
939	627	54	39
942	627	49	41
941	626	50	41
939	626	52	38
939	625	52	38
937	624	54	37
937	624	51	41
936	624	51	35
937	622	52	36
935	621	52	36
934	620	51	35
934	621	45	35
933	619	48	37
933	619	47	37
932	618	51	38
933	616	44	38
930	620	47	35
932	615	43	39
930	618	47	36
927	617	47	40
924	616	50	40
923	615	52	46
927	616	49	41
927	614	45	40
927	615	46	38
927	617	44	36
928	614	42	40
927	612	43	37
927	613	41	37
924	615	47	34
923	614	45	37
923	614	44	37
924	611	43	39
922	611	43	39
923	611	45	43
924	614	42	38
922	614	42	32
919	613	43	37
912	612	48	43
920	613	44	40
918	612	42	40
918	608	42	44
919	612	41	36
917	611	41	36
919	612	41	38
919	611	40	39
918	611	38	38
914	609	42	42
913	610	44	43
915	610	41	34
913	611	40	33
913	609	36	36
914	608	39	38
914	610	36	36
912	610	38	35
913	610	40	39
913	610	36	36
910	609	39	39
912	611	37	39
910	610	37	40
909	611	36	37
907	612	36	41
906	612	39	40
911	613	34	35
907	614	37	37
906	614	38	36
907	612	39	40
900	614	46	39
903	613	44	39
897	612	49	44
902	614	45	41
906	612	41	39
899	612	47	40
905	615	42	33
910	615	39	35
910	616	36	34
910	613	34	37
909	616	36	38
907	613	35	36
905	612	38	38
903	614	41	38
901	615	42	40
899	610	43	45
900	611	41	44
901	613	41	41
900	613	40	41
900	613	37	35
900	615	37	35
895	614	38	37
898	615	37	35
898	615	37	32
894	616	39	38
895	614	37	38
895	614	35	37
891	616	40	40
890	613	37	38
889	614	38	39
888	612	37	40
887	613	37	38
886	615	40	36
883	612	40	37
881	613	40	38
881	612	39	38
879	615	39	36
875	612	43	43
876	610	40	40
871	611	43	47
865	611	47	43
861	611	47	44
859	609	46	44
858	610	42	43
858	609	40	36
857	608	39	39
859	609	36	33
856	609	38	38
858	610	38	37
858	607	37	40
859	608	38	40
857	608	40	40
855	608	40	40
858	611	37	39
857	609	39	39
857	609	38	39
859	610	37	39
859	611	38	38
859	610	39	39
861	613	37	39
859	611	39	42
862	613	37	40
859	611	36	39
859	614	39	40
860	613	37	38
860	612	36	42
857	611	39	40
858	612	36	38
858	608	39	42
856	609	38	39
855	610	39	38
856	610	39	39
856	610	38	38
854	609	37	39
850	607	42	43
849	607	42	39
845	606	44	41
847	610	41	36
846	608	41	37
844	607	39	37
840	607	41	38
843	607	40	38
842	606	39	37
842	606	41	37
837	603	44	40
840	606	41	39
837	607	44	38
839	607	41	37
841	606	39	37
840	608	40	38
838	607	40	38
840	607	38	39
838	606	41	40
844	605	34	41
842	607	39	39
841	608	41	38
843	607	37	39
845	608	34	39
845	609	37	36
841	609	39	37
844	609	38	38
845	611	36	37
844	611	36	39
843	611	40	40
844	612	37	43
843	613	38	42
846	615	37	39
845	617	36	38
845	620	40	34
845	617	38	37
847	618	36	38
847	619	39	37
846	622	37	36
848	623	35	34
848	623	34	35
846	622	36	38
847	623	36	37
847	623	34	37
848	624	35	36
846	624	38	36
846	623	35	38
849	623	35	37
848	624	38	38
847	624	36	37
847	623	38	38
848	624	35	37
845	623	42	41
844	624	44	41
847	626	39	39
848	625	38	37
848	626	40	35
848	629	38	34
847	628	36	36
848	627	38	37
848	626	38	36
852	628	33	36
851	629	33	35
851	628	34	37
852	627	34	41
850	629	36	39
849	629	39	37
850	628	36	37
848	629	38	40
853	629	35	35
853	629	34	31
853	627	34	37
853	630	36	33
852	630	40	35
856	626	35	39
854	628	38	39
855	628	36	34
855	627	36	37
856	629	33	36
855	629	36	36
857	630	35	37
853	629	41	37
855	630	38	33
851	629	42	39
857	630	37	34
857	628	36	36
853	628	38	41
857	630	36	39
855	630	38	41
861	630	33	37
860	630	34	36
855	629	36	39
850	629	41	42
860	629	32	33
862	629	32	30
862	628	33	34
863	628	32	32
863	630	31	34
862	628	32	41
862	626	32	41
860	627	35	40
862	626	34	37
862	626	34	39
862	629	35	31
864	630	31	29
866	626	29	34
866	626	30	33
864	628	33	33
862	626	35	36
861	627	37	37
862	624	38	43
859	627	38	39
870	626	33	39
868	625	31	36
870	628	31	32
867	625	33	34
864	623	36	36
872	625	34	33
872	625	31	36
874	626	30	31
876	625	28	36
877	626	27	32
878	627	27	34
879	626	31	36
878	624	32	34
877	625	30	36
877	626	32	39
878	625	33	35
880	627	31	36
881	625	30	37
881	628	31	37
879	627	31	36
881	628	31	32
880	627	32	33
882	628	31	36
883	627	27	36
880	630	32	33
881	630	31	31
883	630	31	32
883	626	32	34
886	624	29	39
881	628	31	41
880	629	32	39
880	631	31	37
879	627	34	40
876	629	37	37
879	629	29	42
881	614	26	44
879	626	30	42
876	629	36	43
875	634	29	38
874	630	32	31
874	629	27	27
878	631	27	25
878	631	26	25
881	629	25	27
880	632	27	25
879	629	25	27
880	638	25	28
879	628	30	33
880	627	26	36
879	627	33	33
879	625	34	42
876	623	33	44
881	625	29	40
876	624	34	42
885	626	26	39
880	627	29	37
887	628	31	34
882	627	29	34
890	627	21	35
888	631	25	30
895	637	27	25
895	637	27	25
895	637	27	25
895	637	27	25
894	633	29	24
894	636	30	20
889	638	27	17
896	638	26	16
893	637	20	16
896	632	15	19
894	634	16	21
894	634	16	21
892	636	19	19
925	637	19	19
925	637	19	19
925	637	19	19
925	637	19	19
925	637	19	19
925	637	19	19
925	637	19	19
925	637	19	19
925	637	19	19
896	638	17	17
896	638	17	17
896	638	17	17
896	638	17	17
896	638	17	17
896	638	17	17
896	638	17	17
896	638	17	17
896	638	17	17
896	638	17	17
896	638	17	17
896	638	17	17
896	638	17	17
896	638	17	17
896	638	17	17
896	638	17	17
896	638	17	17
896	638	17	17
896	638	17	17
896	638	17	17
896	638	17	17
896	638	17	17
896	638	17	17
896	638	17	17
911	639	17	16
910	639	16	16
909	639	17	15
907	639	19	16
906	638	20	17
904	636	19	19
905	637	21	21
903	637	23	21
902	634	24	26
899	636	28	25
896	628	30	29
896	626	30	35
894	622	35	37
887	619	33	46
898	624	31	51
894	623	33	61
891	613	35	55
883	612	43	53
883	616	43	46
888	617	38	39
889	620	38	37
889	620	38	37
889	620	38	37
889	620	38	37
889	620	38	37
889	620	38	37
889	620	38	37
889	620	38	37
889	620	38	37
889	620	38	37
889	620	38	37
889	620	38	37
889	620	38	37
889	620	38	37
889	620	38	37
889	620	38	37
889	620	38	37
889	620	38	37
889	620	38	37
889	620	38	37
889	620	38	37
889	620	38	37
889	620	38	37
889	620	38	37
889	620	38	37
889	620	38	37
889	620	38	37
889	620	38	37
858	625	34	36
858	625	34	36
858	625	34	36
858	625	34	36
858	625	34	36
858	625	34	36
858	625	34	36
858	625	34	36
858	625	34	36
858	625	34	36
858	625	34	36
858	625	34	36
858	625	34	36
858	625	34	36
858	625	34	36
858	625	34	36
858	625	34	36
858	625	34	36
858	625	34	36
858	625	34	36
858	625	34	36
858	625	34	36
858	625	34	36
858	625	34	36
858	625	34	36
858	625	34	36
858	625	34	36
858	625	34	36
858	625	34	36
858	625	34	36
858	625	34	36
858	625	34	36
858	625	34	36
858	625	34	36
858	625	34	36
858	625	34	36
858	625	34	36
858	625	34	36
858	625	34	36
858	625	34	36
858	625	34	36
858	625	34	36
858	625	34	36
858	625	34	36
858	625	34	36
858	625	34	36
858	625	34	36
858	625	34	36
858	625	34	36
858	625	34	36
858	625	34	36
858	625	34	36
858	625	34	36
858	625	34	36
858	625	34	36
858	625	34	36
858	625	34	36
858	625	34	36
858	625	34	36
858	625	34	36
858	625	34	36
858	625	34	36
858	625	34	36
858	625	34	36
858	625	34	36
858	625	34	36
858	625	34	36
858	625	34	36
858	625	34	36
858	625	34	36
858	625	34	36
858	625	34	36
858	625	34	36
858	625	34	36
858	625	34	36
858	625	34	36
858	625	34	36
858	625	34	36
858	625	34	36
858	625	34	36
858	625	34	36
858	625	34	36
858	625	34	36
858	625	34	36
858	625	34	36
858	625	34	36
830	620	34	34
830	620	34	34
830	620	34	34
830	620	34	34
830	620	34	34
830	620	34	34
830	620	34	34
830	620	34	34
830	620	34	34
830	620	34	34
830	620	34	34
830	620	34	34
836	616	37	32
836	620	33	30
832	620	32	25
832	620	32	25
832	620	32	25
832	620	32	25
832	620	32	25
832	620	32	25
832	620	32	25
832	620	32	25
832	620	32	25
778	615	26	22
734	639	26	18
735	638	27	20
749	630	22	19
735	638	16	20
736	641	17	19
737	640	18	18
736	639	20	20
738	639	22	20
741	644	19	21
737	642	23	25
739	642	26	28
738	644	30	29
734	639	33	32
741	643	26	31
750	637	27	27
750	643	26	29
750	645	24	27
751	639	20	24
751	645	24	22
751	642	26	25
758	640	24	23
753	645	29	25
750	645	28	25
754	646	33	22
755	648	29	26
758	648	36	24
757	644	35	25
760	646	32	28
759	647	31	27
767	645	27	25
765	648	27	25
773	650	26	22
770	652	28	19
774	652	30	21
771	652	32	24
774	653	32	20
780	652	38	21
775	651	35	22
783	651	34	26
782	654	30	23
791	653	25	30
785	651	30	29
794	653	31	26
792	654	30	24
800	661	29	22
796	655	32	25
799	657	33	26
805	658	32	27
815	662	28	23
825	669	22	23
826	669	22	21
831	670	18	18
834	671	19	18
835	675	20	18
834	674	24	18
837	674	25	21
840	675	23	19
843	672	21	22
843	670	20	24
846	675	18	31
846	676	17	30
847	676	20	35
846	672	23	32
845	673	30	30
846	675	31	28
836	678	33	24
840	678	35	25
843	680	32	24
833	676	40	21
836	678	36	22
838	676	33	25
843	673	29	27
845	677	26	23
845	676	26	27
846	674	26	27
844	680	28	25
844	681	30	22
845	684	28	22
845	684	25	22
847	684	19	18
849	688	17	15
848	687	19	17
850	688	17	18
850	694	17	17
851	695	17	15
851	694	18	13
852	696	17	12
853	697	16	12
852	698	18	13
853	698	18	15
853	698	17	14
855	699	16	12
855	697	16	14
854	697	17	17
856	695	15	21
855	695	17	23
855	693	18	23
856	692	18	24
855	690	18	24
857	689	18	23
857	695	19	24
856	696	22	21
857	695	23	19
858	695	22	20
860	699	20	21
861	697	18	21
859	700	20	19
861	701	18	18
862	700	17	19
862	703	18	20
863	703	17	19
863	706	17	18
863	706	18	18
863	704	19	21
864	709	18	18
864	710	18	16
865	710	18	18
867	715	17	14
867	714	18	17
867	714	17	17
868	717	17	16
868	718	16	16
868	719	16	16
869	720	17	17
870	722	16	15
870	723	16	15
870	723	17	15
870	721	17	18
870	725	18	15
871	724	17	17
870	722	18	20
872	720	17	22
873	726	16	18
872	726	18	15
873	728	17	15
873	727	17	16
873	726	17	16
873	726	17	16
874	727	18	15
875	728	16	15
874	727	18	15
874	726	18	16
875	726	18	16
876	728	17	15
876	728	18	14
877	727	17	14
877	727	16	14
877	726	17	14
877	727	16	13
877	726	16	14
878	726	17	14
878	725	17	16
879	725	16	16
879	724	16	15
879	724	16	15
879	724	16	16
879	722	16	18
880	721	16	18
879	721	17	21
879	717	17	22
880	719	17	19
881	718	17	18
881	717	16	17
881	718	18	16
880	717	19	18
881	717	18	20
881	712	20	22
880	713	21	20
882	712	17	22
881	707	18	22
881	710	20	19
881	709	18	23
883	705	16	21
882	704	18	23
880	705	19	25
881	705	18	25
882	702	17	23
882	703	18	21
882	703	18	21
883	699	20	21
885	699	18	19
884	698	18	21
884	697	18	18
885	696	18	17
884	694	20	18
885	693	20	20
886	690	17	24
886	691	17	25
887	687	18	21
887	688	17	21
887	687	19	24
886	682	25	28
886	683	29	30
888	676	33	37
888	676	36	36
886	673	37	39
887	668	37	39
887	664	41	41
878	664	40	39
883	669	41	36
887	664	40	41
887	660	38	43
888	664	36	39
889	656	37	39
887	658	39	39
887	656	37	41
889	654	36	44
888	654	33	36
889	654	33	35
888	652	36	38
891	647	32	43
892	638	32	46
891	645	35	42
892	642	38	49
892	637	36	51
892	643	32	41
891	640	33	40
890	639	32	38
891	637	29	39
891	637	33	42
891	638	35	35
891	638	35	35
891	639	38	36
893	639	36	36
892	637	37	44
891	637	37	44
892	637	37	36
892	638	38	37
893	635	36	43
895	637	37	45
894	637	37	40
895	635	35	39
896	641	35	37
895	641	31	40
898	642	36	39
896	650	34	34
899	652	33	32
900	651	29	35
900	654	28	32
900	660	30	33
900	654	32	34
901	653	35	37
902	655	28	39
903	654	32	39
902	653	40	38
902	655	37	42
901	654	37	47
901	652	36	47
903	652	40	48
905	650	33	52
904	651	37	47
902	648	39	53
904	652	37	43
905	653	36	44
904	653	37	42
905	652	38	43
904	652	34	40
904	653	33	39
905	653	34	41
904	651	32	41
906	653	31	40
905	651	34	41
906	650	32	41
905	651	35	40
904	653	31	39
906	649	31	40
906	648	31	41
907	647	35	40
908	642	34	44
907	648	34	41
906	644	34	41
907	642	34	44
907	641	35	45
907	641	32	45
908	641	33	46
907	645	33	37
910	639	31	41
908	640	33	41
909	635	34	44
910	633	34	47
910	634	32	45
910	632	34	43
911	632	33	42
911	630	32	44
911	630	33	45
909	628	35	42
909	628	34	44
911	625	35	45
911	622	35	48
913	621	34	50
912	617	34	48
913	622	34	44
916	620	30	46
916	620	33	46
915	619	35	46
916	618	35	44
916	617	39	43
915	616	33	42
916	611	33	41
916	604	30	48
916	604	35	43
916	599	31	42
916	602	32	46
914	601	34	43
917	600	33	42
916	600	34	44
916	602	34	40
915	599	34	42
915	597	35	44
916	595	33	44
916	598	33	43
916	598	36	42
919	596	32	44
919	598	32	46
918	593	34	49
919	595	32	49
921	599	34	43
920	595	37	45
920	596	34	43
921	596	34	45
921	590	37	52
921	590	34	51
923	589	33	51
922	594	35	45
922	594	37	47
923	595	35	45
923	591	36	48
926	589	34	52
928	588	35	54
927	588	33	55
927	590	35	52
926	590	37	50
926	591	36	49
927	591	36	48
927	590	37	47
927	587	37	51
928	587	37	52
928	587	37	51
928	588	38	49
929	587	37	49
930	581	35	54
930	581	35	53
929	587	38	47
929	584	37	51
930	584	38	52
932	583	37	50
932	583	38	52
933	582	37	53
933	580	36	52
934	581	36	50
936	581	36	49
934	584	39	46
935	583	37	48
935	581	37	48
936	582	37	48
938	577	36	52
935	577	39	51
936	576	38	49
936	574	38	52
939	572	35	50
940	569	36	53
939	569	37	53
940	570	36	51
939	573	36	48
940	570	36	53
941	568	35	54
941	565	35	57
942	564	35	59
944	567	34	54
941	565	39	56
943	563	36	60
944	566	36	56
944	562	36	61
944	563	38	58
946	565	36	55
945	565	38	57
946	564	38	59
946	564	37	60
948	565	35	60
949	566	36	59
949	563	37	64
950	564	36	63
951	566	35	63
951	569	36	61
951	568	38	61
950	568	41	64
952	570	40	63
953	576	38	60
952	575	42	61
954	572	39	66
955	574	40	64
955	573	41	67
957	574	38	68
958	575	39	67
958	577	39	64
960	577	40	67
961	578	39	68
960	580	39	69
960	581	42	69
959	587	44	63
962	583	40	68
964	582	37	70
959	587	44	66
956	586	48	69
960	585	44	73
959	586	42	72
959	588	46	70
961	590	40	71
960	589	41	73
960	589	42	73
960	591	41	74
958	589	43	77
961	592	40	74
957	594	43	75
955	595	44	77
956	598	42	73
955	597	44	75
952	597	45	77
949	600	49	76
948	602	49	72
947	602	48	76
945	602	46	78
942	601	49	79
939	605	50	77
937	606	48	76
934	605	50	78
936	605	49	80
932	605	49	83
929	608	49	79
930	607	50	83
929	607	48	86
929	611	48	83
926	612	51	82
927	610	47	87
927	612	49	86
927	615	49	86
927	615	51	89
923	619	52	84
924	620	50	82
922	619	57	90
925	622	51	85
925	623	49	88
924	627	51	84
926	629	52	85
922	629	53	89
921	627	54	92
919	628	57	96
923	631	52	92
924	632	51	94
922	634	54	95
918	634	57	94
920	635	55	98
920	637	55	99
918	640	54	94
918	641	57	97
920	643	55	92
922	644	53	81
919	648	55	85
921	645	55	92
920	646	55	105
920	646	53	98
919	645	56	99
918	647	58	106
916	646	59	111
919	646	56	115
918	648	58	112
918	646	57	115
917	647	59	115
920	651	56	113
916	649	61	115
921	652	55	113
922	652	55	115
916	656	61	111
915	658	65	108
914	656	65	113
916	657	64	115
916	656	63	121
916	660	64	117
917	663	63	113
915	660	66	120
918	661	62	121
918	660	63	124
917	664	65	121
907	665	75	122
917	666	66	117
918	669	65	115
918	671	64	117
920	663	63	125
921	666	64	119
923	664	61	126
924	667	61	119
924	667	61	122
923	668	63	123
923	676	65	117
925	678	61	115
926	674	61	121
925	674	64	123
926	672	65	130
926	677	62	124
927	675	65	128
929	680	61	120
930	678	61	125
931	682	62	119
930	684	63	118
930	681	66	122
934	682	62	127
937	676	57	135
935	680	61	129
936	682	61	127
931	685	69	128
932	683	65	119
928	684	69	127
915	689	85	116
932	684	72	121
937	688	64	125
938	688	61	118
937	685	64	122
942	683	61	120
944	681	59	110
944	682	59	85
949	683	53	71
950	685	54	68
949	683	56	82
949	682	58	80
953	679	54	80
952	679	59	69
952	674	56	69
955	675	53	80
957	674	52	78
956	672	57	80
959	669	54	82
959	668	51	74
959	667	52	74
963	658	50	74
963	657	51	85
963	657	52	67
965	652	49	66
965	651	52	74
965	651	51	72
961	638	56	70
964	646	55	73
968	647	55	67
971	644	45	60
972	646	49	58
971	645	52	59
974	643	47	49
972	639	53	61
975	642	49	67
974	634	45	53
977	643	42	66
981	635	39	75
979	620	47	74
977	625	55	69
983	636	48	63
984	637	46	67
981	627	52	61
988	636	48	49
987	631	52	52
983	631	56	60
992	629	50	51
993	626	46	61
988	625	54	68
990	622	54	71
994	618	56	80
993	617	58	82
996	619	52	82
996	612	54	80
997	614	50	75
1000	614	54	73
999	610	56	74
997	608	56	69
996	607	60	65
989	605	68	62
993	604	69	66
1001	598	61	71
1006	601	52	56
1006	596	53	65
1008	596	52	57
1008	596	50	65
1010	593	47	60
1013	591	48	53
1015	592	48	51
1014	589	53	56
1016	582	51	62
1017	587	54	56
1018	584	52	56
1019	582	52	56
1019	578	52	63
1020	577	55	62
1021	572	50	64
1023	573	48	54
1024	573	49	56
1025	568	53	52
1026	562	44	64
1025	560	52	65
1027	562	49	55
1025	560	48	61
1028	550	49	54
1028	550	51	59
1028	549	47	57
1029	548	49	50
1030	546	50	47
1030	541	50	52
1032	540	49	56
1035	537	47	56
1032	528	53	64
1031	525	55	63
1034	523	55	68
1036	518	52	63
1036	518	53	67
1037	512	63	71
1036	506	63	66
1036	504	62	71
1039	503	55	67
1039	502	62	59
1039	495	55	66
1041	497	57	70
1040	494	64	84
1042	498	66	79
1043	494	63	80
1044	492	59	82
1041	492	61	90
1047	496	53	100
1047	502	69	97
1045	505	87	90
1040	500	100	97
1043	498	106	100
1046	499	95	94
1048	506	83	88
1049	503	71	84
1048	505	68	81
1051	506	63	77
1046	504	74	76
1046	500	66	85
1048	502	64	82
1047	511	61	74
1044	511	58	70
1045	511	58	77
1042	509	63	65
1042	512	58	63
1041	513	53	72
1039	514	54	77
1037	512	63	78
1033	509	67	75
1030	510	65	79
1026	503	69	88
1025	502	73	91
1023	506	70	88
1013	510	66	81
1020	517	60	75
1013	514	63	73
1013	512	60	65
1012	512	61	65
1006	514	62	57
1004	519	57	65
998	517	66	62
994	518	70	66
987	519	82	67
982	516	91	79
978	511	87	87
974	511	80	90
973	512	76	89
968	513	76	88
967	519	71	81
963	518	73	82
960	517	75	87
962	526	70	73
961	521	71	88
959	530	67	79
959	525	69	84
961	521	76	92
959	528	77	83
959	522	92	99
960	529	69	91
960	533	77	92
959	536	79	83
959	541	72	79
955	538	85	88
957	550	86	78
956	545	71	86
957	547	69	92
956	541	74	91
955	548	71	89
955	543	78	95
955	550	82	89
957	549	73	88
956	552	86	82
956	553	71	85
955	544	76	96
950	543	88	103
953	547	84	97
955	545	82	98
953	545	82	99
950	546	82	98
954	547	86	102
956	540	81	106
955	543	83	108
954	544	82	107
953	546	86	107
950	551	79	101
951	551	83	108
955	549	77	107
956	546	85	110
953	551	80	103
954	553	94	99
955	549	89	109
954	544	79	117
953	550	85	110
953	543	88	110
953	534	89	118
958	542	79	113
962	543	71	113
947	550	87	110
949	542	94	109
948	541	89	107
950	538	87	109
952	534	86	116
951	533	89	116
948	531	88	122
951	527	82	123
948	530	85	121
947	525	93	126
965	512	70	140
970	512	65	138
964	531	70	118
954	527	85	112
948	520	95	118
950	518	88	125
949	531	82	107
947	520	89	113
948	512	94	120
949	527	85	102
947	522	91	102
949	518	95	107
950	510	95	111
953	495	83	130
949	512	90	113
949	517	89	103
950	518	91	101
952	518	89	90
950	511	92	106
950	511	88	102
948	490	99	113
949	499	98	110
950	496	95	112
949	498	94	107
952	499	94	96
953	492	94	106
952	490	90	106
957	494	86	104
959	465	87	119
963	462	86	139
963	462	81	148
963	455	90	154
959	456	105	159
966	449	85	168
956	458	104	162
965	452	91	172
959	454	100	174
968	441	94	177
967	451	89	178
972	447	88	186
966	457	92	176
976	440	76	196
978	453	75	187
988	447	68	195
981	454	78	188
987	452	73	184
966	480	96	168
968	476	96	180
960	485	108	162
965	495	99	161
964	485	103	173
961	500	102	167
968	482	95	175
972	476	94	185
966	485	101	180
967	480	101	188
971	485	96	185
967	494	104	177
968	505	100	171
969	508	103	168
972	521	98	155
976	537	94	141
972	541	98	141
972	512	106	157
973	528	101	146
972	536	103	138
980	529	105	142
979	541	104	137
978	551	105	128
979	543	112	132
980	542	113	126
982	552	112	123
981	550	117	134
988	548	111	147
993	556	104	135
990	551	112	139
997	562	103	135
996	561	109	137
1000	556	107	144
1000	562	109	142
1003	567	107	128
1007	567	104	139
1009	565	108	135
1013	564	114	128
1017	561	113	140
1017	550	114	159
1023	551	105	159
1027	561	108	149
1027	565	106	145
1034	567	100	134
1040	567	98	137
1045	535	102	142
1039	543	132	145
1044	553	108	156
1050	563	98	157
1056	561	90	159
1060	548	99	154
1065	550	104	162
1068	546	105	167
1074	541	97	173
1074	551	94	155
1079	555	94	149
1082	565	88	137
1089	544	92	126
1094	554	81	131
1095	550	89	148
1096	553	85	147
1102	552	81	142
1106	555	80	137
1101	556	93	130
1113	556	80	131
1110	549	96	142
1119	548	92	125
1120	544	97	128
1128	549	78	131
1133	549	76	151
1147	511	85	149
1141	522	92	141
1146	530	77	149
1148	540	70	141
1157	510	84	142
1158	518	88	140
1157	521	86	147
1158	524	81	143
1165	520	96	134
1170	521	103	109
1177	526	96	104
1179	521	92	96
1181	528	86	93
1186	527	91	84
