1166	551	19	33
1165	552	19	30
1162	551	19	30
1159	551	19	31
1159	552	16	29
1154	551	18	32
1153	550	16	34
1150	552	16	31
1147	550	17	31
1142	550	19	32
1140	551	19	32
1138	549	20	35
1135	550	19	32
1134	550	16	35
1130	549	17	33
1127	549	18	35
1120	550	21	38
1118	548	18	40
1115	551	19	39
1112	550	20	38
1106	551	22	35
1103	552	23	36
1100	553	19	35
1095	553	23	33
1093	556	25	31
1089	554	20	34
1088	551	17	35
1085	553	20	32
1083	552	20	31
1082	551	18	33
1078	550	20	34
1075	550	18	34
1073	551	19	33
1071	552	19	31
1070	552	18	30
1069	552	19	32
1066	551	18	29
1064	551	18	33
1063	550	20	32
1062	550	20	32
1063	549	17	29
1062	549	18	31
1061	547	19	31
1057	544	23	35
1058	544	23	35
1058	545	22	33
1058	544	19	32
1060	544	18	34
1058	543	21	29
1057	542	19	33
1055	538	23	38
1056	537	19	35
1055	537	21	38
1056	536	20	36
1055	536	20	37
1056	537	20	35
1056	534	20	40
1056	534	21	34
1055	535	19	35
1056	532	17	37
1055	533	18	35
1055	532	20	34
1057	533	15	32
1057	532	16	32
1055	533	17	31
1057	532	16	33
1056	533	18	32
1056	532	17	32
1056	531	16	35
1056	532	16	33
1057	533	16	33
1056	534	16	34
1055	533	19	33
1055	535	19	30
1055	534	17	35
1055	534	19	34
1055	534	19	33
1056	536	19	32
1055	537	19	31
1057	537	17	31
1056	538	18	31
1058	538	17	34
1058	538	19	34
1057	538	19	34
1057	537	17	36
1058	536	18	37
1057	537	18	37
1057	540	18	34
1056	540	18	35
1058	543	17	33
1058	541	17	35
1057	541	17	38
1057	542	19	36
1058	543	17	33
1058	545	17	32
1057	548	17	31
1057	547	19	33
1055	549	20	33
1057	548	17	35
1055	547	20	34
1057	551	17	31
1056	551	18	32
1057	550	17	35
1057	553	18	33
1056	554	18	34
1057	556	18	34
1057	557	18	31
1055	557	19	33
1056	557	19	34
1056	556	19	35
1057	558	18	34
1057	559	18	36
1057	558	19	38
1057	561	18	34
1056	560	20	37
1057	562	18	34
1058	565	17	34
1056	564	18	35
1057	563	16	37
1055	564	17	38
1056	569	17	36
1055	567	17	39
1054	569	17	38
1055	569	16	40
1055	573	16	37
1055	574	15	36
1055	576	17	34
1053	576	18	37
1054	578	17	36
1053	576	17	38
1050	580	20	35
1050	579	21	35
1051	581	21	34
1050	584	19	34
1047	584	22	36
1048	585	19	31
1046	590	19	29
1045	590	18	30
1045	590	18	32
1043	591	18	33
1041	592	22	35
1042	592	18	33
1040	593	19	37
1039	592	19	38
1039	595	16	35
1038	594	16	38
1038	594	18	36
1034	597	19	35
1034	596	19	37
1030	596	21	40
1030	598	21	39
1029	602	20	40
1029	604	18	35
1026	604	18	33
1025	605	18	32
1024	607	17	32
1024	606	16	34
1023	607	16	33
1021	607	17	38
1019	608	18	37
1017	608	21	37
1016	611	20	34
1014	611	20	34
1014	611	18	35
1014	612	19	36
1012	611	19	38
1010	612	21	36
1010	612	20	36
1010	612	18	36
1008	614	18	35
1007	615	18	34
1005	615	20	37
1005	619	21	35
1005	621	20	34
1005	619	21	37
1005	623	18	33
1006	622	18	36
1004	621	18	37
1005	621	16	37
1003	627	20	38
1005	626	18	36
1006	626	17	37
1005	626	17	38
1006	632	17	34
1005	632	18	33
1005	624	17	34
1004	629	18	37
1002	627	21	43
1000	627	22	41
1002	626	21	45
1002	626	20	44
1002	626	21	45
1001	626	22	43
1002	625	21	43
998	630	25	43
996	631	28	40
1002	626	24	44
1005	627	20	47
1006	626	21	45
1006	626	20	45
1007	628	20	42
1004	630	24	40
1006	630	22	40
1007	631	23	39
1008	629	21	40
1008	629	23	40
1009	624	23	46
1008	625	24	44
1008	626	22	40
1011	624	22	40
1011	627	22	37
1010	622	26	43
1009	622	26	37
1007	622	29	36
1012	619	25	38
1013	618	25	38
1014	617	24	39
1012	615	25	42
1016	612	22	43
1018	614	21	37
1015	613	24	40
1011	612	28	37
1016	608	24	42
1020	608	20	39
1020	606	20	41
1021	606	19	43
1021	605	18	43
1021	606	18	38
1021	604	19	40
1022	605	17	43
1022	606	17	39
1023	607	20	37
1023	608	19	33
1023	607	19	34
1023	606	20	34
1023	607	20	33
1023	608	20	32
1022	607	20	33
1022	603	22	37
1022	605	19	36
1023	605	20	35
1022	607	23	33
1022	605	24	35
1022	605	22	36
1023	604	22	39
1024	605	21	37
1024	603	21	38
1023	604	21	38
1023	606	21	36
1023	605	22	35
1022	604	21	37
1023	603	21	37
1024	604	22	36
1024	603	21	35
1025	602	24	39
1025	603	20	37
1023	605	24	35
1025	604	22	35
1027	603	19	36
1026	604	19	35
1028	603	19	36
1029	608	19	33
1028	606	18	35
1028	606	19	34
1028	606	19	34
1028	607	18	34
1026	605	21	36
1027	604	20	37
1025	602	24	41
1027	604	21	35
1028	604	19	35
1028	605	19	33
1029	606	19	31
1028	605	20	32
1028	604	20	32
1027	603	21	35
1027	603	20	36
1028	604	20	37
1028	603	21	35
1029	600	19	38
1029	602	20	37
1029	601	21	39
1029	600	19	38
1027	601	22	32
1027	601	23	32
1027	601	23	34
1025	603	25	36
1026	601	25	32
1026	600	24	35
1027	600	22	33
1026	601	26	36
1029	597	23	35
1030	599	21	33
1030	601	19	33
1030	600	20	36
1030	599	21	34
1032	598	19	38
1031	598	21	37
1031	597	20	38
1031	595	22	39
1032	595	22	38
1031	593	22	41
1029	594	23	42
1028	593	25	39
1028	595	23	37
1031	592	21	40
1033	593	20	39
1032	593	22	39
1032	595	20	31
1034	596	19	30
1033	597	19	29
1032	597	20	29
1032	597	22	30
1033	595	18	30
1033	593	19	32
1034	593	18	33
1036	592	16	33
1035	594	17	33
1036	593	18	31
1035	590	19	33
1036	591	17	31
1038	592	16	30
1038	589	16	32
1038	589	15	35
1038	587	15	36
1037	586	17	36
1037	586	18	36
1036	585	19	37
1032	584	23	38
1034	584	21	39
1032	584	23	39
1038	584	19	36
1037	583	19	37
1037	582	18	37
1037	580	17	38
1036	580	19	40
1034	581	21	41
1033	580	22	42
1037	579	19	45
1037	578	18	46
1038	578	16	45
1038	578	18	45
1038	577	18	47
1038	577	17	45
1039	577	17	45
1040	575	16	47
1039	577	20	45
1037	576	19	44
1040	575	16	38
1038	577	17	39
1040	576	18	39
1041	577	17	37
1041	577	18	37
1043	578	16	33
1042	578	18	31
1041	579	20	29
1043	582	18	28
1043	580	20	31
1043	578	19	33
1045	578	18	33
1045	577	17	36
1043	576	19	34
1045	576	19	33
1048	576	19	33
1054	575	19	31
1069	580	20	27
1069	580	20	27
1118	579	17	30
1118	579	17	30
1118	579	17	30
1118	579	17	30
1118	579	17	30
1118	579	17	30
1118	579	17	30
1118	579	17	30
1118	579	17	30
1118	579	17	30
1118	579	17	30
1118	579	17	30
1118	579	17	30
1118	579	17	30
1118	579	17	30
1118	579	17	30
1118	579	17	30
1118	579	17	30
1118	579	17	30
1118	579	17	30
1118	579	17	30
1118	579	17	30
1118	579	17	30
1118	579	17	30
1118	579	17	30
1118	579	17	30
1118	579	17	30
1118	579	17	30
1071	550	20	25
1071	550	20	25
1071	550	20	25
1100	557	24	29
1100	557	24	29
1100	557	24	29
1100	557	24	29
1100	557	24	29
1125	556	28	31
1125	556	28	31
1125	556	28	31
1125	556	28	31
1125	556	28	31
1128	554	31	36
1128	554	31	36
1124	555	34	31
1124	555	34	31
1124	555	34	31
1124	555	34	31
1124	555	34	31
1124	555	34	31
1124	555	34	31
1124	555	34	31
1126	559	34	36
1126	559	34	36
1126	559	34	36
1126	559	34	36
1126	559	34	36
1126	559	34	36
1126	559	34	36
1126	559	34	36
1126	559	34	36
1123	563	37	34
1123	563	37	34
1123	563	37	34
1123	563	37	34
1123	563	37	34
1123	563	37	34
1123	563	37	34
1123	563	37	34
1123	563	37	34
1124	559	38	34
1124	559	38	34
1124	559	38	34
1124	559	38	34
1130	559	32	36
1130	559	32	36
1130	558	35	38
1125	559	39	38
1127	560	37	41
1131	559	33	37
1131	558	34	37
1130	560	36	34
1126	558	39	35
1125	559	41	34
1125	559	41	34
1125	559	41	34
1130	558	36	36
1131	559	33	37
1132	557	34	41
1132	558	33	36
1133	559	31	35
1133	564	31	38
1129	557	35	44
1129	557	35	44
1130	558	34	42
1133	559	30	34
1133	558	31	36
1135	557	29	38
1137	558	28	40
1135	559	31	34
1134	559	32	36
1134	558	33	37
1137	559	31	37
1137	559	31	33
1137	558	30	36
1138	559	31	37
1137	558	31	38
1138	559	31	36
1137	559	32	37
1137	558	31	36
1140	559	27	35
1141	559	27	34
1140	559	31	36
1140	558	28	37
1140	558	31	39
1140	558	30	38
1138	558	36	34
1135	559	36	35
1140	559	32	36
1139	558	33	29
1141	558	31	34
1138	559	33	32
1136	559	38	32
1136	559	40	30
1134	559	38	34
1132	560	42	35
1134	560	39	37
1133	560	34	41
1127	559	36	37
1114	561	38	34
1091	568	40	34
1113	558	39	35
1057	560	40	35
1028	558	38	34
1008	561	34	37
980	559	36	37
980	559	36	37
920	557	29	40
887	557	32	40
860	561	35	41
816	560	40	36
784	562	41	37
760	563	39	39
727	563	41	40
710	566	36	33
691	567	39	37
680	568	32	38
668	568	33	39
661	570	30	37
653	569	29	37
649	570	28	36
644	570	35	34
643	569	33	35
643	568	34	39
640	569	35	39
644	571	29	37
642	568	31	36
642	567	32	39
640	565	33	41
640	567	34	36
640	565	36	42
642	564	34	44
641	565	34	42
641	562	35	50
643	560	34	56
644	563	34	47
645	564	34	42
641	563	40	43
640	563	40	42
645	564	34	38
643	563	35	37
644	563	33	38
644	562	34	37
646	560	31	38
643	560	33	41
642	560	34	38
644	559	33	40
644	560	33	39
643	560	34	40
642	560	36	39
645	560	33	39
645	560	33	37
643	560	35	37
638	558	41	41
641	559	41	39
640	560	39	35
640	559	40	37
642	558	37	34
643	559	36	34
645	559	35	33
644	558	32	35
644	557	34	38
642	558	37	34
641	557	39	36
644	556	35	37
642	555	35	37
641	555	35	38
639	554	37	41
641	556	36	39
639	554	36	38
642	552	33	39
640	555	35	37
644	553	30	38
640	554	34	39
640	552	33	40
640	553	33	38
641	553	32	39
644	551	29	38
644	551	29	40
641	550	31	41
642	550	31	37
643	550	30	41
643	551	30	40
647	549	25	44
647	550	25	40
640	552	29	37
638	552	35	38
640	551	33	38
641	553	31	38
641	552	31	39
640	551	33	39
642	553	30	37
640	552	30	36
638	551	32	32
650	552	25	33
646	554	29	36
643	553	31	37
641	557	35	34
643	555	31	36
643	553	30	40
642	555	32	38
641	554	34	39
644	555	34	40
647	555	30	40
646	557	29	38
644	556	31	39
643	557	34	36
645	557	35	42
646	556	32	45
645	556	34	48
646	555	34	55
643	556	36	48
643	556	38	46
647	558	35	39
646	557	37	42
647	559	35	42
645	559	36	39
650	560	30	36
648	559	32	37
647	560	33	36
648	559	30	40
647	559	32	40
646	559	36	36
643	559	39	39
643	559	40	39
643	560	40	37
646	560	37	39
647	557	37	42
649	559	36	41
648	559	35	37
650	558	31	42
647	559	33	39
648	559	35	38
647	559	35	38
647	559	34	35
646	559	38	37
645	558	40	35
644	558	40	36
647	558	36	36
650	559	32	36
649	558	37	38
646	558	37	38
647	558	38	36
652	558	31	39
648	557	35	42
651	556	31	41
646	558	35	38
646	557	34	37
648	559	34	37
649	558	34	39
646	555	36	44
648	555	34	41
645	556	39	43
640	557	43	37
644	557	41	31
645	556	40	34
647	556	37	35
646	555	38	30
646	556	39	28
648	555	37	34
649	555	36	35
648	554	36	35
648	555	37	35
648	554	37	36
648	555	39	37
650	556	35	33
649	555	35	34
650	555	34	36
648	554	37	32
646	553	39	38
647	550	37	42
650	552	34	39
646	554	39	41
644	554	41	37
647	553	41	37
648	555	38	37
649	552	37	40
653	553	32	39
651	551	34	42
647	551	39	47
652	553	35	46
653	552	32	42
653	553	33	38
654	553	33	42
653	552	33	43
654	551	33	42
655	552	30	43
654	552	33	46
654	551	34	43
652	551	34	44
652	551	35	44
652	554	35	41
651	555	35	39
652	558	34	37
655	559	31	35
657	559	29	37
654	557	33	39
655	559	31	41
653	558	30	41
653	561	31	40
653	560	31	47
655	561	30	45
653	563	32	44
650	565	34	41
650	567	34	41
652	567	31	42
652	570	30	43
650	572	31	40
648	574	35	42
649	573	33	44
650	573	34	43
645	576	38	42
645	576	37	41
646	576	35	45
644	576	35	45
645	576	35	45
641	576	40	44
637	581	43	45
640	576	39	53
643	577	31	58
643	585	30	52
642	589	32	53
640	588	32	55
639	587	33	59
638	587	35	58
633	589	41	53
633	589	36	65
634	589	40	75
632	585	41	82
632	583	37	90
629	578	45	81
624	579	46	78
619	597	48	77
620	598	47	73
622	597	45	75
622	597	47	81
622	598	43	84
622	600	43	85
620	602	45	89
620	603	46	85
616	607	49	76
618	607	45	64
619	608	45	72
619	608	45	73
614	612	47	68
608	614	51	78
607	620	50	79
607	619	47	84
607	622	46	82
605	627	47	80
599	624	52	89
597	630	52	84
592	634	60	77
597	641	54	79
597	635	49	83
595	650	50	76
592	653	47	82
592	655	47	81
587	661	50	73
583	667	53	58
576	672	56	58
572	676	54	54
571	684	50	56
568	686	53	55
568	701	51	59
555	697	50	66
546	696	57	75
541	702	50	77
534	706	52	78
531	704	53	81
525	709	52	86
516	721	54	84
507	719	57	97
491	738	59	83
482	738	60	89
474	739	63	96
459	747	66	92
448	751	62	102
438	761	66	97
421	768	61	98
410	780	65	98
393	780	64	104
385	785	71	107
356	800	80	97
338	806	74	106
334	808	79	98
301	818	84	106
303	826	86	91
282	833	99	97
243	849	86	108
213	864	99	121
201	861	104	127
170	880	102	135
168	885	108	114
129	898	121	133
106	907	118	136
80	922	108	147
76	930	113	144
46	949	102	126
23	962	95	114
23	962	95	114
23	962	95	114
23	962	95	114
23	962	95	114
23	962	95	114
23	962	95	114
23	962	95	114
23	962	95	114
23	962	95	114
23	962	95	114
23	962	95	114
23	962	95	114
23	962	95	114
23	962	95	114
23	962	95	114
23	962	95	114
23	962	95	114
23	962	95	114
23	962	95	114
23	962	95	114
23	962	95	114
23	962	95	114
23	962	95	114
23	962	95	114
23	962	95	114
23	962	95	114
23	962	95	114
23	962	95	114
23	962	95	114
23	962	95	114
23	962	95	114
23	962	95	114
23	962	95	114
23	962	95	114
23	962	95	114
23	962	95	114
23	962	95	114
23	962	95	114
23	962	95	114
23	962	95	114
23	962	95	114
23	962	95	114
23	962	95	114
23	962	95	114
23	962	95	114
23	962	95	114
23	962	95	114
23	962	95	114
23	962	95	114
23	962	95	114
23	962	95	114
23	962	95	114
23	962	95	114
23	962	95	114
23	962	95	114
23	962	95	114
23	962	95	114
23	962	95	114
23	962	95	114
23	962	95	114
23	962	95	114
23	962	95	114
23	962	95	114
23	962	95	114
23	962	95	114
23	962	95	114
23	962	95	114
23	962	95	114
23	962	95	114
23	962	95	114
23	962	95	114
23	962	95	114
23	962	95	114
23	962	95	114
23	962	95	114
23	962	95	114
23	962	95	114
23	962	95	114
23	962	95	114
23	962	95	114
23	962	95	114
23	962	95	114
23	962	95	114
23	962	95	114
23	962	95	114
23	962	95	114
23	962	95	114
23	962	95	114
23	962	95	114
23	962	95	114
23	962	95	114
23	962	95	114
23	962	95	114
23	962	95	114
23	962	95	114
23	962	95	114
23	962	95	114
23	962	95	114
23	962	95	114
23	962	95	114
23	962	95	114
23	962	95	114
23	962	95	114
23	962	95	114
23	962	95	114
23	962	95	114
23	962	95	114
23	962	95	114
23	962	95	114
23	962	95	114
23	962	95	114
23	962	95	114
23	962	95	114
23	962	95	114
23	962	95	114
23	962	95	114
23	962	95	114
23	962	95	114
23	962	95	114
23	962	95	114
23	962	95	114
23	962	95	114
23	962	95	114
23	962	95	114
23	962	95	114
23	962	95	114
23	962	95	114
23	962	95	114
23	962	95	114
23	962	95	114
23	962	95	114
23	962	95	114
23	962	95	114
23	962	95	114
23	962	95	114
23	962	95	114
23	962	95	114
23	962	95	114
23	962	95	114
23	962	95	114
23	962	95	114
23	962	95	114
23	962	95	114
23	962	95	114
23	962	95	114
23	962	95	114
23	962	95	114
23	962	95	114
23	962	95	114
23	962	95	114
23	962	95	114
23	962	95	114
23	962	95	114
23	962	95	114
23	962	95	114
23	962	95	114
23	962	95	114
23	962	95	114
23	962	95	114
23	962	95	114
23	962	95	114
23	962	95	114
23	962	95	114
23	962	95	114
23	962	95	114
23	962	95	114
23	962	95	114
23	962	95	114
23	962	95	114
23	962	95	114
23	962	95	114
23	962	95	114
23	962	95	114
23	962	95	114
23	962	95	114
23	962	95	114
23	962	95	114
23	962	95	114
23	962	95	114
23	962	95	114
23	962	95	114
23	962	95	114
23	962	95	114
23	962	95	114
23	962	95	114
23	962	95	114
23	962	95	114
23	962	95	114
23	962	95	114
23	962	95	114
23	962	95	114
23	962	95	114
23	962	95	114
23	962	95	114
23	962	95	114
23	962	95	114
23	962	95	114
23	962	95	114
23	962	95	114
23	962	95	114
23	962	95	114
23	962	95	114
23	962	95	114
23	962	95	114
23	962	95	114
23	962	95	114
23	962	95	114
23	962	95	114
23	962	95	114
23	962	95	114
23	962	95	114
23	962	95	114
23	962	95	114
23	962	95	114
23	962	95	114
23	962	95	114
23	962	95	114
23	962	95	114
23	962	95	114
23	962	95	114
23	962	95	114
23	962	95	114
23	962	95	114
23	962	95	114
23	962	95	114
23	962	95	114
23	962	95	114
23	962	95	114
23	962	95	114
23	962	95	114
23	962	95	114
23	962	95	114
23	962	95	114
23	962	95	114
23	962	95	114
23	962	95	114
23	962	95	114
23	962	95	114
23	962	95	114
23	962	95	114
23	962	95	114
23	962	95	114
23	962	95	114
23	962	95	114
23	962	95	114
23	962	95	114
23	962	95	114
23	962	95	114
23	962	95	114
23	962	95	114
23	962	95	114
23	962	95	114
23	962	95	114
23	962	95	114
23	962	95	114
23	962	95	114
23	962	95	114
23	962	95	114
23	962	95	114
23	962	95	114
23	962	95	114
23	962	95	114
23	962	95	114
23	962	95	114
23	962	95	114
23	962	95	114
23	962	95	114
23	962	95	114
23	962	95	114
23	962	95	114
23	962	95	114
23	962	95	114
23	962	95	114
23	962	95	114
23	962	95	114
23	962	95	114
23	962	95	114
23	962	95	114
23	962	95	114
23	962	95	114
23	962	95	114
23	962	95	114
23	962	95	114
23	962	95	114
23	962	95	114
23	962	95	114
23	962	95	114
23	962	95	114
23	962	95	114
23	962	95	114
23	962	95	114
23	962	95	114
23	962	95	114
23	962	95	114
23	962	95	114
23	962	95	114
23	962	95	114
23	962	95	114
23	962	95	114
23	962	95	114
23	962	95	114
23	962	95	114
23	962	95	114
23	962	95	114
23	962	95	114
23	962	95	114
23	962	95	114
23	962	95	114
23	962	95	114
23	962	95	114
23	962	95	114
23	962	95	114
23	962	95	114
23	962	95	114
23	962	95	114
23	962	95	114
23	962	95	114
23	962	95	114
23	962	95	114
23	962	95	114
23	962	95	114
23	962	95	114
23	962	95	114
23	962	95	114
23	962	95	114
23	962	95	114
23	962	95	114
23	962	95	114
23	962	95	114
23	962	95	114
23	962	95	114
23	962	95	114
23	962	95	114
23	962	95	114
23	962	95	114
23	962	95	114
23	962	95	114
23	962	95	114
23	962	95	114
23	962	95	114
23	962	95	114
23	962	95	114
23	962	95	114
23	962	95	114
23	962	95	114
23	962	95	114
23	962	95	114
23	962	95	114
23	962	95	114
23	962	95	114
23	962	95	114
23	962	95	114
23	962	95	114
23	962	95	114
23	962	95	114
23	962	95	114
23	962	95	114
23	962	95	114
23	962	95	114
23	962	95	114
23	962	95	114
23	962	95	114
23	962	95	114
23	962	95	114
23	962	95	114
23	962	95	114
23	962	95	114
23	962	95	114
23	962	95	114
23	962	95	114
23	962	95	114
23	962	95	114
23	962	95	114
23	962	95	114
23	962	95	114
23	962	95	114
23	962	95	114
23	962	95	114
23	962	95	114
23	962	95	114
23	962	95	114
23	962	95	114
23	962	95	114
23	962	95	114
23	962	95	114
23	962	95	114
23	962	95	114
23	962	95	114
23	962	95	114
23	962	95	114
23	962	95	114
23	962	95	114
23	962	95	114
23	962	95	114
23	962	95	114
23	962	95	114
23	962	95	114
23	962	95	114
23	962	95	114
23	962	95	114
23	962	95	114
23	962	95	114
23	962	95	114
23	962	95	114
23	962	95	114
23	962	95	114
23	962	95	114
23	962	95	114
23	962	95	114
23	962	95	114
23	962	95	114
23	962	95	114
23	962	95	114
23	962	95	114
23	962	95	114
23	962	95	114
23	962	95	114
23	962	95	114
23	962	95	114
23	962	95	114
23	962	95	114
23	962	95	114
23	962	95	114
23	962	95	114
23	962	95	114
23	962	95	114
23	962	95	114
23	962	95	114
23	962	95	114
23	962	95	114
23	962	95	114
23	962	95	114
23	962	95	114
23	962	95	114
23	962	95	114
23	962	95	114
23	962	95	114
23	962	95	114
23	962	95	114
23	962	95	114
23	962	95	114
23	962	95	114
23	962	95	114
23	962	95	114
23	962	95	114
23	962	95	114
23	962	95	114
23	962	95	114
23	962	95	114
23	962	95	114
23	962	95	114
23	962	95	114
23	962	95	114
23	962	95	114
23	962	95	114
23	962	95	114
23	962	95	114
23	962	95	114
23	962	95	114
23	962	95	114
23	962	95	114
23	962	95	114
23	962	95	114
23	962	95	114
23	962	95	114
23	962	95	114
23	962	95	114
23	962	95	114
23	962	95	114
23	962	95	114
23	962	95	114
23	962	95	114
23	962	95	114
23	962	95	114
23	962	95	114
23	962	95	114
23	962	95	114
23	962	95	114
23	962	95	114
23	962	95	114
23	962	95	114
23	962	95	114
23	962	95	114
23	962	95	114
23	962	95	114
23	962	95	114
23	962	95	114
23	962	95	114
23	962	95	114
23	962	95	114
23	962	95	114
23	962	95	114
23	962	95	114
23	962	95	114
23	962	95	114
23	962	95	114
23	962	95	114
23	962	95	114
23	962	95	114
23	962	95	114
23	962	95	114
23	962	95	114
23	962	95	114
23	962	95	114
23	962	95	114
23	962	95	114
23	962	95	114
23	962	95	114
23	962	95	114
23	962	95	114
23	962	95	114
23	962	95	114
23	962	95	114
23	962	95	114
23	962	95	114
23	962	95	114
23	962	95	114
23	962	95	114
23	962	95	114
23	962	95	114
23	962	95	114
23	962	95	114
23	962	95	114
23	962	95	114
23	962	95	114
23	962	95	114
23	962	95	114
23	962	95	114
23	962	95	114
23	962	95	114
23	962	95	114
23	962	95	114
23	962	95	114
23	962	95	114
23	962	95	114
23	962	95	114
23	962	95	114
23	962	95	114
23	962	95	114
23	962	95	114
23	962	95	114
23	962	95	114
23	962	95	114
23	962	95	114
23	962	95	114
23	962	95	114
23	962	95	114
23	962	95	114
23	962	95	114
23	962	95	114
23	962	95	114
23	962	95	114
23	962	95	114
23	962	95	114
23	962	95	114
23	962	95	114
23	962	95	114
23	962	95	114
23	962	95	114
23	962	95	114
23	962	95	114
23	962	95	114
23	962	95	114
23	962	95	114
23	962	95	114
23	962	95	114
23	962	95	114
23	962	95	114
23	962	95	114
23	962	95	114
23	962	95	114
23	962	95	114
23	962	95	114
23	962	95	114
23	962	95	114
23	962	95	114
23	962	95	114
23	962	95	114
23	962	95	114
23	962	95	114
23	962	95	114
23	962	95	114
23	962	95	114
23	962	95	114
23	962	95	114
23	962	95	114
23	962	95	114
23	962	95	114
23	962	95	114
23	962	95	114
23	962	95	114
23	962	95	114
23	962	95	114
23	962	95	114
23	962	95	114
23	962	95	114
23	962	95	114
23	962	95	114
23	962	95	114
23	962	95	114
23	962	95	114
23	962	95	114
23	962	95	114
23	962	95	114
23	962	95	114
23	962	95	114
23	962	95	114
23	962	95	114
23	962	95	114
23	962	95	114
23	962	95	114
23	962	95	114
23	962	95	114
23	962	95	114
23	962	95	114
23	962	95	114
23	962	95	114
23	962	95	114
23	962	95	114
23	962	95	114
23	962	95	114
23	962	95	114
23	962	95	114
23	962	95	114
23	962	95	114
23	962	95	114
23	962	95	114
23	962	95	114
23	962	95	114
23	962	95	114
23	962	95	114
23	962	95	114
23	962	95	114
23	962	95	114
23	962	95	114
23	962	95	114
23	962	95	114
23	962	95	114
23	962	95	114
23	962	95	114
23	962	95	114
23	962	95	114
23	962	95	114
23	962	95	114
23	962	95	114
23	962	95	114
23	962	95	114
23	962	95	114
23	962	95	114
23	962	95	114
23	962	95	114
23	962	95	114
23	962	95	114
23	962	95	114
23	962	95	114
23	962	95	114
23	962	95	114
23	962	95	114
23	962	95	114
23	962	95	114
23	962	95	114
23	962	95	114
23	962	95	114
23	962	95	114
23	962	95	114
23	962	95	114
23	962	95	114
23	962	95	114
23	962	95	114
23	962	95	114
23	962	95	114
23	962	95	114
23	962	95	114
23	962	95	114
23	962	95	114
23	962	95	114
23	962	95	114
23	962	95	114
23	962	95	114
23	962	95	114
23	962	95	114
23	962	95	114
23	962	95	114
23	962	95	114
23	962	95	114
23	962	95	114
23	962	95	114
23	962	95	114
23	962	95	114
23	962	95	114
23	962	95	114
23	962	95	114
23	962	95	114
23	962	95	114
23	962	95	114
23	962	95	114
23	962	95	114
23	962	95	114
23	962	95	114
23	962	95	114
23	962	95	114
23	962	95	114
23	962	95	114
23	962	95	114
23	962	95	114
23	962	95	114
23	962	95	114
23	962	95	114
23	962	95	114
23	962	95	114
23	962	95	114
23	962	95	114
23	962	95	114
23	962	95	114
23	962	95	114
23	962	95	114
23	962	95	114
23	962	95	114
23	962	95	114
23	962	95	114
23	962	95	114
23	962	95	114
23	962	95	114
23	962	95	114
23	962	95	114
23	962	95	114
23	962	95	114
23	962	95	114
23	962	95	114
23	962	95	114
23	962	95	114
23	962	95	114
23	962	95	114
23	962	95	114
23	962	95	114
23	962	95	114
23	962	95	114
23	962	95	114
23	962	95	114
23	962	95	114
23	962	95	114
23	962	95	114
23	962	95	114
23	962	95	114
23	962	95	114
23	962	95	114
23	962	95	114
23	962	95	114
23	962	95	114
23	962	95	114
23	962	95	114
23	962	95	114
23	962	95	114
23	962	95	114
23	962	95	114
23	962	95	114
23	962	95	114
23	962	95	114
23	962	95	114
23	962	95	114
23	962	95	114
23	962	95	114
23	962	95	114
23	962	95	114
23	962	95	114
23	962	95	114
23	962	95	114
23	962	95	114
23	962	95	114
23	962	95	114
23	962	95	114
23	962	95	114
23	962	95	114
23	962	95	114
23	962	95	114
23	962	95	114
23	962	95	114
23	962	95	114
23	962	95	114
23	962	95	114
23	962	95	114
23	962	95	114
23	962	95	114
23	962	95	114
23	962	95	114
23	962	95	114
23	962	95	114
23	962	95	114
23	962	95	114
23	962	95	114
23	962	95	114
23	962	95	114
23	962	95	114
23	962	95	114
23	962	95	114
23	962	95	114
23	962	95	114
23	962	95	114
23	962	95	114
23	962	95	114
23	962	95	114
23	962	95	114
23	962	95	114
23	962	95	114
23	962	95	114
23	962	95	114
23	962	95	114
23	962	95	114
23	962	95	114
23	962	95	114
23	962	95	114
23	962	95	114
23	962	95	114
23	962	95	114
23	962	95	114
23	962	95	114
23	962	95	114
23	962	95	114
23	962	95	114
23	962	95	114
23	962	95	114
23	962	95	114
23	962	95	114
23	962	95	114
23	962	95	114
23	962	95	114
23	962	95	114
23	962	95	114
23	962	95	114
23	962	95	114
23	962	95	114
23	962	95	114
23	962	95	114
23	962	95	114
23	962	95	114
23	962	95	114
23	962	95	114
23	962	95	114
23	962	95	114
23	962	95	114
23	962	95	114
23	962	95	114
23	962	95	114
23	962	95	114
23	962	95	114
23	962	95	114
23	962	95	114
23	962	95	114
23	962	95	114
23	962	95	114
23	962	95	114
23	962	95	114
23	962	95	114
23	962	95	114
23	962	95	114
23	962	95	114
23	962	95	114
23	962	95	114
23	962	95	114
23	962	95	114
23	962	95	114
23	962	95	114
23	962	95	114
23	962	95	114
23	962	95	114
23	962	95	114
23	962	95	114
23	962	95	114
23	962	95	114
23	962	95	114
23	962	95	114
23	962	95	114
23	962	95	114
23	962	95	114
23	962	95	114
23	962	95	114
23	962	95	114
23	962	95	114
23	962	95	114
23	962	95	114
23	962	95	114
23	962	95	114
23	962	95	114
23	962	95	114
23	962	95	114
23	962	95	114
23	962	95	114
23	962	95	114
23	962	95	114
23	962	95	114
23	962	95	114
23	962	95	114
23	962	95	114
23	962	95	114
23	962	95	114
23	962	95	114
23	962	95	114
23	962	95	114
23	962	95	114
23	962	95	114
23	962	95	114
23	962	95	114
23	962	95	114
23	962	95	114
23	962	95	114
23	962	95	114
23	962	95	114
23	962	95	114
23	962	95	114
23	962	95	114
23	962	95	114
23	962	95	114
23	962	95	114
23	962	95	114
23	962	95	114
23	962	95	114
23	962	95	114
23	962	95	114
23	962	95	114
23	962	95	114
23	962	95	114
23	962	95	114
23	962	95	114
23	962	95	114
23	962	95	114
23	962	95	114
23	962	95	114
23	962	95	114
23	962	95	114
23	962	95	114
23	962	95	114
23	962	95	114
23	962	95	114
23	962	95	114
23	962	95	114
