1205	375	80	229
1199	389	83	221
1201	394	84	216
1199	392	90	222
1205	394	80	233
1205	390	82	223
1204	398	89	213
1206	398	84	212
1205	392	85	219
1209	398	85	209
1212	400	78	208
1213	392	80	211
1212	387	87	216
1213	389	84	220
1214	390	82	209
1219	395	75	209
1225	388	70	221
1224	394	74	213
1222	399	75	213
1224	398	76	204
1225	396	70	205
1229	393	69	225
1227	396	72	212
1230	394	70	211
1229	391	70	206
1229	390	69	212
1231	386	71	206
1229	381	72	214
1229	380	73	205
1227	385	75	207
1228	387	76	202
1228	386	73	205
1226	383	76	204
1227	391	72	204
1229	390	71	197
1229	379	71	209
1231	389	72	198
1235	384	74	207
1234	382	76	200
1234	389	75	193
1239	389	64	198
1241	384	67	202
1238	378	69	202
1238	382	73	199
1236	370	75	210
1242	366	76	215
1242	374	70	203
1241	386	65	194
1241	382	61	201
1238	380	58	200
1216	386	70	191
1200	378	73	186
1173	381	75	194
1154	382	64	199
1130	382	62	190
1106	382	61	190
1073	383	73	190
1053	376	64	196
1035	380	61	194
1017	375	66	184
1002	378	65	181
993	376	61	178
985	371	63	181
983	377	61	178
980	381	57	173
976	380	57	171
972	377	64	174
974	372	63	174
972	377	59	171
973	374	59	174
971	371	59	167
967	372	57	180
963	378	63	174
954	379	60	167
942	378	63	159
929	380	61	164
921	382	61	161
913	375	57	163
907	375	53	170
896	374	55	168
895	376	54	168
889	375	55	168
886	375	50	167
885	374	51	171
880	375	55	167
872	374	60	171
880	376	50	173
878	375	50	164
878	378	50	167
878	380	46	165
876	384	52	171
873	385	58	168
871	388	55	169
875	391	51	167
872	393	56	167
866	386	60	182
866	388	61	182
864	394	63	185
868	407	58	176
869	418	57	171
870	430	56	166
868	429	62	171
865	445	63	167
864	452	66	168
866	451	64	161
871	455	59	163
877	461	47	172
873	464	53	168
872	464	59	172
873	476	54	169
873	464	55	182
869	484	56	170
870	481	57	177
871	491	57	168
865	486	65	175
865	493	60	175
871	495	56	153
869	499	60	158
873	502	52	153
869	495	54	163
873	505	53	159
871	514	52	154
876	519	46	149
875	519	49	153
873	519	51	148
871	511	52	155
865	515	57	153
865	520	56	147
866	526	55	143
864	520	60	153
864	515	55	156
862	510	54	155
865	518	52	152
864	516	49	146
864	521	50	139
864	526	55	139
863	519	56	146
866	516	54	153
864	516	56	142
865	511	49	146
862	511	53	154
867	521	48	141
865	522	51	144
866	516	46	135
868	525	42	138
863	526	47	136
855	520	43	142
846	525	42	142
840	510	39	148
829	523	39	139
822	523	41	146
815	518	35	151
806	518	34	146
795	519	44	142
793	526	40	145
784	528	48	130
789	534	45	128
782	527	49	135
782	527	46	137
781	524	48	130
782	521	50	137
781	519	49	146
782	527	45	137
781	519	46	139
782	523	46	135
782	530	44	124
783	528	44	129
780	521	42	135
782	519	40	141
781	516	42	142
782	519	41	135
781	525	41	135
779	524	43	135
781	527	43	130
777	523	44	134
779	520	42	139
778	521	39	142
780	526	39	138
779	526	36	141
780	522	37	137
776	526	43	130
776	523	41	134
777	523	34	135
777	521	33	141
777	526	37	136
778	525	35	134
776	530	37	143
777	524	39	133
774	528	40	137
775	530	38	140
774	525	40	146
774	518	40	143
775	522	37	140
775	529	34	133
778	524	31	135
773	527	37	133
779	517	34	140
780	523	32	137
777	525	32	138
776	531	36	138
780	526	37	134
775	522	35	141
778	530	37	138
772	526	44	141
779	531	50	134
776	532	41	127
779	539	38	126
779	538	40	128
779	539	37	130
778	537	39	136
775	541	43	135
775	540	43	134
777	539	37	133
778	541	34	130
778	543	34	125
778	529	38	126
774	545	43	111
777	543	43	125
780	537	43	134
775	534	42	138
779	541	40	131
771	542	46	138
777	529	43	141
780	547	39	147
777	539	43	147
778	531	37	140
777	528	40	150
775	534	45	141
778	533	44	145
781	542	41	134
781	543	41	133
776	546	46	129
776	541	44	136
779	536	41	139
780	544	45	131
776	541	44	136
779	549	44	129
781	549	43	123
780	550	48	122
777	546	54	130
778	543	55	142
781	543	51	126
781	546	55	131
772	544	67	125
778	541	61	131
787	544	53	125
791	544	52	126
790	548	55	124
787	533	57	135
794	552	55	121
798	541	54	129
796	539	51	130
798	542	50	122
800	538	48	128
805	537	46	134
808	542	45	129
812	540	45	111
810	532	44	118
816	532	43	116
816	541	49	122
816	538	53	121
816	535	47	112
819	531	57	120
821	533	54	123
819	534	54	124
825	542	49	118
827	542	55	115
824	538	58	116
827	541	62	115
833	539	57	116
830	540	63	108
841	538	54	122
842	536	57	112
843	527	51	123
851	527	49	132
850	527	51	131
852	535	49	126
856	528	47	118
860	529	42	115
858	519	46	131
857	514	49	133
865	524	45	128
866	516	49	129
870	525	42	123
870	516	46	124
865	517	46	126
866	519	50	117
873	515	43	119
874	515	50	123
883	518	44	117
882	518	45	124
885	510	46	108
890	527	40	103
885	530	50	107
891	512	44	120
891	512	48	120
892	509	45	118
890	503	56	123
891	504	56	126
893	502	57	119
895	500	56	123
904	501	45	117
895	507	57	113
898	515	56	104
901	506	54	112
905	497	55	123
908	497	57	121
910	496	53	116
911	496	53	115
912	492	51	116
914	500	52	121
919	498	48	122
920	492	54	130
921	490	50	129
925	490	48	132
928	480	40	141
930	487	43	133
934	492	37	124
934	488	36	131
927	491	45	129
926	494	52	129
931	489	52	126
929	489	55	120
933	494	48	120
937	492	48	119
939	495	44	126
938	492	41	128
945	488	44	121
947	491	42	115
948	491	45	116
948	497	41	103
949	494	45	104
946	500	53	112
949	505	44	111
949	502	45	119
953	494	43	125
950	495	48	126
950	496	45	122
948	512	56	110
949	498	53	121
950	495	52	128
955	500	54	125
956	494	50	132
953	496	56	136
956	497	55	130
958	490	50	139
960	483	55	156
963	490	57	148
967	497	52	137
968	508	49	128
972	505	44	130
972	508	44	131
971	503	48	136
972	500	47	136
975	499	46	141
974	502	49	136
979	498	46	142
983	496	44	147
979	488	41	140
984	509	41	136
978	520	47	144
982	494	40	148
986	518	44	137
985	512	43	132
990	514	42	136
989	516	46	135
994	512	41	142
997	511	42	153
994	509	40	147
996	519	43	140
992	515	49	130
996	515	41	146
996	507	44	141
997	511	47	140
997	510	50	152
1000	513	44	137
1001	514	50	145
994	523	65	143
1001	526	46	130
1000	526	49	141
1006	533	47	135
1003	539	47	134
1004	550	54	131
1006	550	55	133
1002	544	58	143
1013	556	49	132
1017	556	46	131
1021	520	47	130
1009	567	50	132
1016	563	49	135
1020	555	49	145
1020	562	42	141
1025	546	43	151
1021	547	54	154
1020	567	49	136
1021	566	52	121
1020	578	55	128
1024	562	59	131
1023	550	63	150
1032	537	62	155
1034	547	51	167
1037	551	46	162
1032	536	51	175
1030	529	60	183
1035	532	57	181
1033	559	55	154
1031	565	51	142
1035	563	56	141
1032	574	51	136
1032	578	53	125
1040	576	50	121
1044	583	42	124
1039	587	47	117
1027	570	52	136
1025	570	51	134
1014	572	58	128
1012	573	58	133
1003	564	62	131
1010	583	53	123
1006	594	50	114
1003	584	51	116
1001	599	51	112
1002	593	51	113
1004	600	50	109
1009	607	40	101
1009	613	41	97
1016	594	36	114
1012	585	41	122
1011	588	43	124
1012	577	49	122
1006	586	42	120
1005	593	44	113
986	595	49	118
975	576	53	128
979	588	49	122
978	591	34	106
970	597	42	104
963	588	39	113
962	594	41	129
960	601	35	129
958	583	35	122
953	597	46	123
957	599	43	119
954	605	45	109
950	611	50	102
941	613	53	101
934	600	51	114
915	593	53	122
911	593	44	112
891	610	39	106
870	612	46	103
839	616	48	99
829	620	47	94
808	621	43	93
792	617	44	99
780	605	48	106
770	598	42	120
760	594	48	121
755	602	49	120
751	597	46	129
742	592	58	133
747	591	53	145
750	584	49	151
749	586	46	155
749	587	50	161
750	591	44	156
751	590	47	147
752	593	44	145
755	597	42	154
757	595	41	166
743	575	55	155
751	592	46	150
745	596	52	138
746	595	48	150
746	591	45	147
749	608	45	140
742	598	47	148
742	600	45	135
744	606	47	141
742	605	49	149
743	603	46	153
744	605	47	158
746	606	44	149
746	608	45	162
749	604	44	154
748	607	46	150
750	610	49	149
752	606	45	147
752	626	52	142
755	621	46	132
757	614	45	140
760	604	39	144
763	602	41	142
765	608	44	157
765	598	45	154
765	601	45	150
768	595	43	148
771	590	44	146
772	592	41	142
774	588	42	143
774	589	40	139
776	590	38	146
776	589	42	149
774	594	45	145
777	595	42	144
778	596	42	144
777	598	42	141
779	602	40	128
781	604	41	132
783	604	41	140
783	605	41	136
786	605	37	145
787	604	40	147
785	605	42	147
787	607	40	148
789	605	39	166
789	605	41	153
789	604	43	146
789	605	41	143
790	608	44	142
790	607	41	134
790	611	48	136
789	611	43	139
792	615	42	133
795	616	41	135
794	621	43	136
795	621	39	137
798	624	38	134
799	626	39	133
800	636	38	148
799	628	39	152
800	631	42	142
801	632	40	138
801	633	39	135
801	634	41	134
802	633	39	133
804	633	40	132
806	632	39	135
806	631	40	137
805	629	38	137
807	631	38	134
805	631	40	135
807	630	40	136
809	631	42	137
809	632	39	128
807	631	40	128
809	630	38	131
808	630	39	133
808	628	39	131
809	628	38	134
810	627	37	122
809	628	40	129
807	627	42	125
809	625	39	131
809	625	38	122
812	625	37	127
809	625	42	129
812	626	39	129
811	624	38	130
814	626	38	138
811	627	41	146
812	625	40	134
814	625	38	130
813	627	40	135
812	628	41	138
815	627	39	128
816	626	35	127
816	625	37	127
816	625	39	119
817	623	40	126
819	621	37	126
819	622	39	119
821	621	37	120
821	620	37	122
820	624	40	122
821	624	38	132
821	623	38	125
820	631	37	137
822	630	36	131
821	634	39	134
821	636	37	127
823	641	38	130
821	644	38	126
821	646	36	124
823	649	35	136
824	655	33	135
823	655	34	131
823	658	33	129
823	663	35	144
823	662	39	147
821	666	39	148
825	669	36	144
821	670	43	157
825	674	39	166
825	675	38	161
826	671	38	162
825	644	45	163
823	674	44	166
825	649	45	157
824	678	42	146
827	679	39	149
827	673	42	143
829	679	38	153
829	675	39	151
829	677	43	155
832	667	44	162
831	666	53	157
830	669	70	155
830	667	81	161
828	667	69	145
829	671	73	136
832	670	81	142
823	673	80	134
829	669	88	118
825	671	76	110
831	671	79	109
824	675	72	115
831	672	79	103
821	669	82	122
831	672	78	129
827	671	60	117
832	673	59	106
832	677	44	98
834	675	42	103
834	676	41	106
833	671	41	104
833	679	43	110
831	675	44	124
828	672	51	110
829	671	47	111
828	668	49	113
829	671	66	113
827	673	76	109
827	674	81	119
821	671	64	116
826	669	75	114
825	672	82	110
823	667	73	114
829	670	80	108
827	677	79	117
828	668	86	114
826	667	82	112
825	665	79	116
830	664	71	113
828	666	73	109
831	663	75	114
830	658	74	119
830	656	73	119
830	650	76	128
833	647	70	125
829	659	77	114
830	661	79	116
829	659	78	118
830	657	76	122
829	657	78	122
830	659	76	120
827	661	77	118
827	661	80	118
827	664	79	117
827	662	77	117
826	660	73	125
826	660	84	126
825	656	82	129
826	659	83	124
824	654	83	129
821	652	93	131
822	651	84	131
820	650	91	129
822	657	88	128
820	666	97	125
821	658	93	126
819	654	96	133
818	653	99	136
819	656	99	138
818	662	92	127
820	658	83	128
820	650	81	139
821	652	85	135
820	651	91	136
825	657	100	139
826	654	95	142
827	657	93	138
830	662	93	135
830	658	91	135
829	651	97	143
831	651	107	144
832	656	89	139
832	655	88	140
829	652	89	143
830	647	88	145
828	649	94	148
827	655	97	147
826	659	95	141
828	656	90	145
824	657	90	144
821	665	107	135
820	658	102	150
816	656	103	143
818	657	98	147
819	659	96	144
816	659	104	150
813	658	106	150
810	652	111	157
808	656	112	155
810	652	106	160
811	650	103	161
810	650	108	161
806	654	107	157
805	648	112	169
803	660	112	159
802	655	112	163
801	657	110	165
803	660	109	164
796	654	116	172
797	651	111	179
798	652	110	185
792	655	117	179
792	659	121	183
789	663	132	185
788	663	119	179
785	668	126	177
789	657	111	188
783	651	121	194
782	660	127	188
781	659	127	194
783	662	124	195
777	663	129	184
772	654	127	194
775	659	134	208
775	657	134	201
776	654	129	207
773	646	133	210
773	650	140	201
776	647	122	198
775	657	121	187
772	651	117	197
771	650	125	194
769	646	131	198
766	648	144	196
772	648	140	199
776	644	131	205
783	645	141	205
790	642	141	204
799	642	132	200
807	642	126	197
813	642	131	201
820	644	132	199
825	636	139	209
823	645	158	203
834	647	132	193
832	644	147	197
828	641	149	204
825	639	150	204
831	640	143	208
830	639	147	209
835	641	146	199
835	644	145	208
832	639	155	215
832	631	155	220
828	635	162	219
832	645	146	194
832	640	157	206
839	634	149	215
848	630	142	221
875	637	139	214
887	632	132	217
909	630	138	215
906	627	146	224
939	627	137	228
940	617	138	235
942	622	144	225
942	624	149	223
961	631	137	217
960	627	149	221
963	630	146	220
940	631	172	218
955	622	157	222
971	622	144	225
974	625	137	221
972	624	145	228
973	631	140	223
973	630	141	222
970	629	150	217
977	629	143	225
962	632	169	223
961	632	170	225
965	628	156	227
944	632	176	223
950	624	165	216
946	625	181	226
950	621	170	244
955	629	168	239
956	625	155	227
966	632	154	227
960	626	158	233
954	617	178	247
959	619	150	243
955	620	162	238
956	627	166	231
951	620	166	247
956	622	155	248
961	627	150	244
959	630	163	239
948	633	163	241
949	627	167	250
941	621	172	249
952	647	174	225
934	625	176	239
900	623	211	246
878	621	222	248
931	634	184	236
911	626	207	252
873	624	241	246
834	602	273	272
854	615	262	264
869	626	250	250
853	607	258	258
848	609	256	260
833	585	285	303
809	598	301	302
833	606	299	305
812	602	302	263
808	601	298	273
851	605	258	274
845	611	264	260
901	634	231	259
861	592	267	288
854	605	255	272
858	597	242	277
854	608	261	273
843	612	266	264
847	630	262	250
855	631	269	245
849	636	271	240
845	611	258	285
841	621	247	260
842	605	239	273
845	623	234	284
814	619	243	277
800	615	251	274
802	642	215	246
718	620	257	277
694	619	281	308
670	640	251	269
627	648	290	260
551	637	279	264
546	659	280	252
554	631	242	291
467	645	261	289
438	652	264	275
394	640	280	289
358	644	289	305
346	636	254	325
259	652	292	313
277	642	262	336
291	696	232	290
216	670	262	312
236	660	236	328
225	677	245	322
209	671	243	332
200	672	265	338
190	672	257	317
199	680	263	334
201	663	267	345
157	658	332	341
159	673	334	339
220	657	343	340
255	668	331	324
312	672	322	319
332	655	324	317
402	640	301	316
449	633	305	318
490	638	305	310
561	633	283	301
584	624	331	308
659	634	288	299
640	608	344	332
668	586	365	362
721	617	360	343
700	588	375	415
709	564	396	480
680	528	400	523
702	532	420	525
647	532	479	533
729	552	417	485
728	547	404	509
690	531	437	529
720	531	426	527
739	567	441	484
723	530	415	502
752	575	445	464
709	551	441	475
760	576	422	475
702	549	441	467
760	557	412	465
761	532	362	422
795	576	376	425
739	543	401	488
772	563	416	473
705	553	456	486
653	535	461	504
703	541	435	506
669	530	440	515
741	541	425	507
701	562	411	495
658	546	471	508
635	540	488	505
721	534	412	508
669	546	460	485
696	545	442	501
650	540	457	495
726	568	416	476
665	573	436	426
729	545	428	487
685	570	432	469
653	544	423	510
701	545	478	514
644	533	475	523
646	544	471	498
675	559	488	494
638	518	471	518
644	530	428	528
654	536	421	497
655	564	429	492
664	539	397	505
690	570	437	461
632	540	473	512
650	542	442	494
648	540	383	519
686	566	437	475
650	536	439	508
655	542	390	520
644	531	350	520
704	560	387	480
678	557	403	475
649	545	355	486
702	539	397	496
669	553	356	491
701	550	422	494
662	541	444	507
648	554	447	503
658	547	434	489
615	534	459	522
637	517	363	529
721	556	370	484
660	538	426	517
610	522	478	503
617	534	423	518
687	565	443	468
606	527	481	532
622	551	435	489
588	544	493	497
619	530	423	512
629	553	323	491
691	538	380	505
666	566	376	488
595	550	425	503
688	548	411	496
628	531	452	514
622	535	386	524
679	541	437	510
601	551	489	500
610	553	420	490
605	548	438	503
639	547	385	484
620	544	294	499
668	558	307	481
714	579	373	445
669	561	403	478
625	541	414	507
629	546	425	504
633	540	404	523
645	527	331	533
685	529	304	517
726	551	271	499
786	558	260	471
845	548	247	489
783	545	261	496
818	524	267	530
866	550	239	505
928	560	170	484
956	576	184	445
902	570	213	455
926	568	210	459
956	568	236	461
888	553	227	500
919	549	226	498
880	547	244	487
949	576	174	470
996	579	224	433
977	595	297	410
830	552	289	484
898	540	225	520
942	557	260	491
889	537	225	510
909	547	232	490
902	528	229	526
887	533	237	531
938	543	201	512
989	548	263	499
848	543	285	501
903	540	297	500
867	526	261	525
919	540	317	500
876	553	299	469
836	552	302	476
926	541	312	501
897	551	347	482
837	541	408	513
819	509	356	545
818	497	318	541
868	530	355	523
839	530	353	510
816	509	351	533
857	527	409	513
793	531	444	515
790	504	412	551
761	495	430	569
808	489	322	555
910	516	359	531
814	511	427	539
815	518	304	509
906	535	315	489
853	535	315	495
832	523	294	515
891	551	366	494
836	546	428	508
826	507	305	536
885	525	375	520
829	531	406	518
820	524	342	516
834	503	287	547
828	510	266	547
892	512	234	544
837	520	271	521
904	553	328	469
880	543	329	497
839	525	332	515
803	492	302	553
857	527	287	518
848	522	270	519
830	508	292	539
903	532	346	520
830	552	414	491
790	529	412	535
813	529	373	497
817	518	282	510
880	550	312	475
820	536	380	520
819	512	326	541
813	513	306	545
782	509	334	552
853	553	383	493
838	514	299	510
832	519	269	537
884	527	291	524
851	505	255	542
820	508	293	548
830	514	280	551
818	504	294	548
791	489	314	574
801	515	302	538
856	518	296	527
866	505	243	523
830	507	261	556
878	504	221	549
819	476	278	575
777	505	324	550
846	486	341	579
830	537	280	510
844	545	255	513
806	529	293	536
856	525	348	533
805	520	375	540
817	497	276	550
866	538	250	517
833	528	266	523
827	546	259	514
830	542	265	517
852	547	304	507
841	523	270	526
809	533	281	515
851	543	261	520
822	552	276	513
824	552	260	491
823	550	257	500
845	570	278	487
834	575	245	476
860	568	271	493
849	578	251	469
842	566	231	490
877	562	230	494
847	551	235	500
853	566	207	497
845	569	235	488
835	564	230	491
872	556	223	502
852	553	228	504
853	537	254	521
853	565	227	492
852	555	221	511
849	565	223	497
852	559	227	499
845	549	232	510
846	546	224	509
845	539	238	527
832	514	253	536
832	553	233	497
855	548	250	508
845	553	242	506
851	545	225	515
851	547	231	513
842	538	246	517
835	531	243	526
839	543	233	496
812	520	284	541
829	537	257	525
826	538	257	520
856	550	257	513
851	552	243	504
850	551	227	506
841	574	241	482
850	554	233	502
854	551	220	503
853	537	225	522
848	544	242	508
850	558	231	500
850	552	233	506
852	579	234	478
836	565	252	493
837	566	255	499
851	551	235	489
860	563	219	495
854	554	222	502
857	556	237	506
864	560	214	503
861	564	228	490
858	548	223	513
852	545	236	515
854	544	229	514
859	555	229	504
855	570	229	494
842	567	248	491
850	564	232	498
851	554	237	506
852	556	234	506
852	549	228	516
855	564	231	496
854	559	225	498
860	553	231	500
856	529	237	533
853	561	233	495
851	552	226	504
850	564	231	492
855	564	247	488
858	578	224	478
861	575	227	482
846	579	240	481
857	555	240	502
856	582	225	476
849	578	243	484
849	566	240	469
848	582	241	471
853	563	244	498
844	568	251	497
841	595	253	440
843	589	240	452
856	592	222	432
849	603	225	382
857	600	187	386
846	601	235	385
849	605	236	385
837	595	211	379
851	593	162	392
845	605	172	388
840	605	188	384
841	601	191	376
823	592	245	396
842	603	241	426
845	590	235	456
840	581	252	469
838	585	249	461
834	596	245	459
832	598	230	444
835	571	231	474
836	616	213	431
830	604	207	447
816	602	261	458
829	597	233	450
837	598	218	460
834	603	196	444
833	613	205	428
827	597	224	459
822	582	238	475
824	571	220	467
817	582	247	480
817	611	231	451
817	645	220	415
812	606	220	453
804	588	251	476
803	605	224	462
793	588	258	473
792	600	273	470
789	577	275	490
785	611	245	447
781	615	256	453
775	595	266	473
765	583	261	483
775	620	277	441
759	612	274	449
761	592	290	478
754	598	286	458
737	613	276	445
731	639	300	425
731	627	302	433
730	596	293	458
731	623	297	434
718	659	302	392
715	658	307	401
705	621	334	440
704	640	332	419
704	634	325	428
693	620	330	450
692	630	324	435
686	654	346	412
698	660	335	394
692	654	347	407
704	644	340	414
696	640	343	413
705	640	354	424
744	648	372	394
734	629	396	421
741	625	387	431
750	642	396	404
738	607	389	444
803	627	349	426
732	644	385	417
738	646	377	412
786	616	364	449
733	656	405	395
727	636	388	420
726	634	397	430
727	635	412	416
718	646	414	414
712	631	428	424
717	634	421	417
724	615	424	447
728	625	408	428
759	615	417	452
859	615	369	446
851	644	343	422
780	634	427	427
829	636	523	419
764	646	492	397
839	631	562	411
772	590	553	457
749	553	502	490
835	530	534	536
766	533	489	521
752	544	502	511
886	551	506	495
730	564	500	472
783	573	537	499
727	566	512	491
834	564	497	488
738	596	586	443
699	573	584	476
677	595	620	447
631	582	737	470
629	571	688	474
633	542	617	513
613	545	566	498
759	565	484	482
725	587	596	453
667	558	613	497
580	561	744	488
586	541	765	496
572	563	770	492
562	583	725	455
557	598	715	459
553	620	793	419
569	600	774	444
560	593	809	445
578	552	769	495
541	597	819	450
538	597	824	446
536	587	806	457
551	594	790	444
541	594	800	437
549	599	797	447
550	607	822	419
564	575	784	480
558	604	773	436
557	634	799	422
543	599	785	447
565	606	779	430
562	605	772	438
539	628	815	409
564	597	784	449
528	577	814	467
550	604	782	430
547	634	822	399
535	603	803	443
560	597	755	455
563	570	795	478
543	622	819	404
535	607	807	432
521	593	836	459
561	567	805	476
574	561	763	481
569	581	759	471
618	573	703	481
547	625	780	406
572	608	789	445
532	598	786	435
543	584	801	461
565	594	766	456
535	602	811	451
