993	708	34	104
993	705	35	104
995	703	35	114
992	703	42	110
990	699	45	116
994	690	42	125
994	690	42	125
995	693	41	131
997	702	41	122
997	702	39	117
996	701	44	119
997	710	43	113
1005	693	34	120
1006	696	38	126
1004	688	35	126
1002	691	42	115
1006	686	40	107
1004	696	43	100
1003	740	36	109
1009	687	37	109
1009	687	41	101
1009	687	41	101
1015	684	38	102
1014	688	37	92
1016	690	37	100
1016	685	36	105
1016	685	36	105
1016	685	36	105
1016	684	39	97
1017	683	40	94
1019	685	44	99
1019	685	44	99
1001	766	37	105
1001	766	37	105
1029	680	37	101
1027	677	38	108
1024	676	46	105
1024	676	46	105
1030	680	38	107
1030	680	38	107
1030	680	38	107
1030	680	38	107
1034	661	30	123
1039	683	33	118
1039	683	33	118
1033	677	40	105
1037	674	39	105
1037	674	39	105
1037	674	39	105
1036	666	42	97
1036	666	42	97
1038	672	42	99
1038	672	42	99
1046	661	35	99
1046	661	35	99
1046	661	35	99
1045	667	36	101
1045	667	36	101
1046	676	42	93
1050	678	38	83
1050	678	38	83
1050	671	37	88
1048	668	37	84
1048	668	37	84
1048	668	37	84
1048	668	37	84
1062	674	30	90
1055	660	33	105
1018	799	39	99
1018	799	39	99
1018	799	39	99
1018	799	39	99
1018	799	39	99
1018	799	39	99
1018	799	39	99
1018	799	39	99
1064	674	28	85
1064	674	28	85
1064	654	32	90
1064	654	32	90
1065	656	33	86
1065	653	30	101
1062	653	35	99
1066	629	32	108
1066	629	32	108
1066	629	32	108
1070	656	33	103
1073	649	28	100
1073	649	28	100
1070	638	31	109
1066	657	38	97
1067	654	36	97
1069	658	36	89
1069	658	36	89
1067	662	38	93
1079	656	26	94
1079	661	28	87
1073	658	33	92
1073	658	33	92
1073	658	33	92
1073	658	33	92
1071	659	43	90
1080	651	35	99
1082	661	37	90
1084	660	36	89
1083	657	37	96
1085	653	33	99
1085	653	33	99
1085	653	33	99
1083	651	36	103
1083	651	36	103
1083	651	36	103
1083	651	36	103
1088	657	34	99
1088	657	34	99
1088	657	34	99
1088	657	34	99
1091	710	30	82
1091	710	30	82
1091	710	30	82
1091	710	30	82
1091	710	30	82
1091	710	30	82
1098	636	26	83
1099	651	27	80
1099	651	27	80
1099	651	27	80
1099	651	27	80
1098	652	34	75
1101	658	33	78
1101	658	33	78
1101	658	33	78
1101	658	33	78
1103	661	33	77
1103	661	33	77
1103	661	33	77
1104	653	34	73
1104	653	34	73
1104	653	34	73
1160	757	30	74
1160	757	30	74
1160	757	30	74
1160	757	30	74
1104	675	36	80
1104	675	36	80
1109	667	37	89
1109	665	41	95
1106	659	40	103
1113	667	30	107
1113	667	30	107
1113	667	30	107
1082	702	25	99
1082	702	25	99
1082	702	25	99
1124	659	31	101
1124	659	31	101
1124	659	31	101
1122	665	38	99
1130	673	30	91
1127	662	32	88
1127	662	32	88
1132	658	36	89
1132	658	36	89
1132	658	36	89
1132	658	36	89
1132	658	36	89
1132	658	36	89
1132	658	36	89
1132	658	36	89
1132	658	36	89
1149	662	38	99
1149	662	38	99
1222	750	35	94
1149	667	35	95
1149	667	35	95
1149	667	35	95
1149	667	35	95
1117	658	32	85
1117	658	32	85
1117	658	32	85
1117	658	32	85
1117	658	32	85
1117	658	32	85
1117	658	32	85
1033	657	30	98
1018	648	42	100
1021	659	41	98
1022	659	38	92
1019	657	39	95
1021	658	38	99
1021	658	38	99
1021	658	38	99
1036	649	39	105
1093	727	44	99
1093	727	44	99
1093	727	44	99
1032	660	41	109
1032	660	41	109
1029	654	39	101
1029	654	39	101
1029	654	39	101
1029	654	39	101
1029	654	39	101
1018	660	41	92
1018	660	41	92
1018	652	47	90
1035	657	35	102
1034	669	39	95
1037	667	39	98
1037	649	35	91
1040	653	32	87
1042	662	34	95
1043	653	38	101
1045	651	38	99
1049	644	33	105
1048	649	40	110
1052	648	36	106
1051	641	38	101
1051	651	42	97
1052	636	41	95
1054	641	36	103
1052	638	39	100
1055	640	36	96
1055	640	36	96
1054	638	39	96
1055	640	38	96
1053	635	38	103
1052	633	39	103
1055	635	37	107
982	590	42	102
1054	633	36	94
1052	636	38	88
1054	633	36	92
1053	633	37	97
1053	634	37	92
1053	634	37	92
1052	631	35	100
1053	635	35	97
1049	632	41	83
1051	635	38	88
1052	633	38	87
1050	631	39	79
1054	632	35	92
1052	634	38	101
1050	632	35	105
1053	636	34	100
1050	634	39	102
1051	636	35	101
1051	636	35	101
1051	636	35	101
1051	615	25	109
1050	626	30	106
1047	629	30	99
1049	622	31	98
1045	652	31	89
1047	627	32	102
1047	622	35	109
1042	621	33	110
1044	630	36	106
1043	630	34	101
1046	629	32	101
1045	633	32	97
1045	632	34	101
1045	635	32	106
1043	625	33	109
1041	635	36	104
1040	634	35	94
1043	637	34	96
1040	637	37	88
1044	641	38	99
1044	620	29	103
1040	618	34	99
1041	623	32	93
1037	621	39	95
1040	630	37	92
1040	624	34	90
1101	528	32	83
1190	540	36	74
1190	540	36	74
1190	540	36	74
1190	540	36	74
1190	540	36	74
1088	496	38	85
1096	509	38	78
1035	626	35	82
1032	637	36	82
1032	625	34	92
1035	624	30	96
1034	622	30	97
1032	625	35	96
1031	621	33	98
1032	621	32	104
1034	623	30	95
1036	622	27	96
1036	623	28	95
1032	624	30	97
1031	623	37	99
1032	623	35	100
1031	622	32	97
1032	625	30	97
1032	624	31	102
1032	623	30	90
1032	620	31	100
1029	622	35	97
1028	623	32	92
1031	622	33	94
1031	621	33	98
1033	621	30	93
1033	621	30	95
1029	620	36	96
1031	619	32	100
1034	616	28	106
1033	613	26	108
1031	618	30	101
1027	614	32	96
1034	615	27	94
1032	609	29	98
1032	610	29	99
1028	611	31	94
1027	608	31	94
1027	607	31	91
1025	608	31	86
1020	611	36	85
1024	607	34	86
1023	604	36	81
1023	608	39	86
1029	602	29	96
1023	604	34	95
1023	603	34	93
1024	604	33	91
1023	604	37	87
1025	606	32	88
1024	605	33	94
1024	609	31	89
1021	606	36	82
1021	602	35	82
1019	608	34	85
1020	612	36	72
1022	610	35	79
1024	604	28	70
1025	606	29	74
1022	605	31	79
1023	605	32	82
1021	600	35	90
1023	605	33	89
1023	651	25	78
1024	604	28	86
1025	605	31	87
1024	604	29	88
1019	605	34	85
1021	608	33	83
1021	601	36	87
1018	606	40	82
1017	601	40	84
1019	606	39	82
1017	605	40	82
1018	608	39	80
1018	605	39	85
1020	602	36	86
1020	607	39	78
1021	610	37	72
1018	612	34	75
1015	606	30	75
1016	608	29	81
1017	610	29	79
1018	608	29	71
1017	612	29	78
1018	613	34	75
1016	606	32	80
1017	608	40	82
1014	607	35	82
1016	608	30	76
1016	607	27	83
1019	652	23	73
1017	607	25	81
1016	606	27	79
1017	607	26	74
1015	608	28	82
1015	609	28	80
1015	610	25	79
1014	612	27	84
1014	609	28	82
1013	610	26	79
1012	611	29	74
1011	608	30	78
1008	607	31	79
1009	608	32	79
1007	605	32	80
1008	608	30	88
1006	606	31	80
1007	607	28	82
1005	607	28	85
1002	604	35	86
1001	606	36	85
1001	607	34	83
1002	610	32	90
1000	606	36	89
999	605	32	90
1005	598	28	98
1004	597	27	89
997	607	36	80
1002	605	28	82
999	608	29	84
1002	602	32	77
1001	606	28	66
1001	606	28	66
998	618	29	74
1000	616	28	75
998	613	30	79
996	608	35	86
1000	608	27	96
996	607	31	94
992	608	33	99
992	609	33	98
994	607	29	94
993	612	28	91
990	612	31	88
988	616	29	78
988	614	30	83
988	601	30	90
986	606	32	93
986	607	35	89
985	606	35	92
982	604	37	93
983	607	34	87
981	608	31	86
982	612	31	88
984	608	30	88
984	611	29	89
980	610	36	91
980	609	38	91
977	608	46	95
981	615	34	86
980	613	31	91
980	611	33	97
985	609	28	103
981	609	33	95
979	608	32	100
980	609	32	97
977	613	36	95
978	612	39	90
979	611	36	97
981	614	35	92
981	612	32	93
980	615	38	89
979	617	39	90
980	611	37	96
982	610	35	99
981	611	40	91
980	620	40	82
979	620	40	90
984	617	29	89
985	616	26	97
988	619	28	93
984	622	29	83
985	619	28	84
985	621	28	81
982	623	29	76
982	623	29	76
982	623	29	76
975	626	33	72
981	645	42	74
974	632	39	64
977	618	37	74
979	619	41	72
979	622	41	84
979	622	34	90
971	599	39	90
978	616	35	88
982	617	29	95
981	615	28	92
985	610	25	96
980	606	31	102
978	604	32	90
983	607	28	87
975	604	32	91
976	601	34	104
981	608	25	93
976	603	28	88
973	594	31	85
972	597	29	93
970	596	30	99
969	598	32	101
970	596	32	93
968	598	30	99
970	601	32	98
964	605	35	88
956	603	41	92
957	603	41	84
959	593	37	95
958	599	39	92
956	600	37	96
955	603	34	93
955	603	36	91
953	599	38	98
951	598	40	96
955	599	37	100
955	600	34	98
956	603	36	101
958	607	32	93
954	613	38	85
958	606	34	96
958	607	35	94
958	605	34	89
957	606	37	89
957	608	35	88
957	606	36	93
959	609	36	89
959	610	37	91
963	618	33	86
963	617	34	82
964	616	34	82
965	621	33	85
968	627	28	79
969	624	35	83
966	622	39	76
972	620	31	83
973	622	33	77
972	623	36	87
974	622	35	78
980	623	28	73
979	623	32	82
979	618	34	88
981	621	34	92
983	619	38	98
988	619	35	87
990	621	33	84
991	623	31	87
993	622	32	94
991	628	37	84
995	634	31	75
995	634	32	71
996	640	33	65
1003	636	27	69
1000	631	33	71
998	634	39	71
1004	631	33	72
1004	636	36	70
1005	634	34	75
1006	637	35	72
1011	635	31	79
1012	632	33	85
1015	633	33	80
1014	633	32	82
1013	631	29	82
1016	626	30	88
1018	633	29	84
1018	637	31	78
1018	632	32	85
1015	632	36	83
1010	632	45	85
1015	630	42	85
1022	628	31	93
1021	627	27	88
1022	621	23	91
1023	634	26	84
1022	634	33	82
1020	636	37	79
1022	635	34	78
1022	634	33	80
1021	634	34	84
1021	633	36	88
1023	634	37	86
1029	637	28	80
1024	638	37	71
1031	635	30	72
1030	634	31	74
1031	637	30	79
1036	637	27	79
1033	635	28	82
1030	633	33	92
1032	630	38	93
1030	626	36	98
1032	629	36	94
1030	626	37	101
1031	637	38	99
1030	640	37	86
1025	641	42	81
1034	640	35	86
1030	644	36	82
1030	649	37	79
1028	645	41	85
1029	640	38	82
1030	645	32	88
1031	644	32	92
1026	645	31	91
1027	641	34	97
1028	644	31	92
1023	645	33	92
1022	644	34	89
1019	648	38	85
1016	645	42	93
1017	649	37	85
1022	647	29	89
1021	651	30	86
1015	654	32	85
1005	652	40	93
1003	649	38	95
1003	651	41	91
1007	650	37	95
1006	652	36	98
1010	652	29	89
1005	655	34	87
1001	659	39	89
1001	658	35	92
997	654	36	95
998	656	35	94
994	654	38	98
992	657	39	97
992	654	38	99
988	660	38	99
991	661	35	95
988	658	37	97
989	666	32	96
985	660	37	103
983	663	40	104
983	667	40	99
972	671	48	92
974	663	46	102
978	671	41	97
971	674	47	106
974	674	41	107
972	668	39	112
964	674	42	111
974	665	42	108
973	672	29	113
970	670	31	113
972	666	35	114
969	673	39	125
967	667	39	118
966	684	44	106
967	684	41	103
970	686	39	103
965	685	43	108
969	685	39	109
963	686	45	108
963	687	43	98
967	687	37	97
959	687	45	98
962	688	40	95
958	688	43	93
960	688	38	93
956	688	45	82
953	687	43	94
955	679	45	97
948	679	46	103
939	680	54	103
945	683	47	103
951	678	38	102
942	682	46	97
939	679	46	104
930	675	57	107
930	678	66	99
928	676	66	96
935	674	52	107
937	670	51	97
941	665	42	100
941	669	44	94
943	664	44	104
944	660	42	111
941	661	41	104
939	661	46	100
940	665	46	99
935	668	47	93
935	671	48	90
938	671	43	96
939	669	42	97
940	663	40	101
935	671	46	92
934	668	49	92
931	667	50	92
934	671	46	89
936	669	46	89
937	656	41	92
935	658	42	95
939	665	38	88
936	659	41	96
929	662	50	88
935	660	41	100
938	654	37	115
930	654	46	111
928	656	47	108
937	659	34	106
936	660	36	111
936	657	38	111
928	663	43	104
933	669	34	97
933	666	37	103
921	657	44	110
923	660	48	114
928	662	38	112
927	662	42	96
926	660	39	100
923	670	45	98
919	668	54	115
920	674	47	100
925	672	44	98
926	675	41	107
924	671	36	111
917	668	43	116
906	677	56	105
910	671	59	117
911	676	48	116
918	665	43	109
924	672	31	115
918	673	42	108
908	675	52	105
910	674	47	101
907	675	52	104
904	672	50	108
905	671	47	108
900	672	54	105
906	673	52	115
909	678	45	103
907	682	45	101
908	674	43	108
909	685	43	98
907	682	41	104
908	671	40	111
903	691	46	95
903	685	43	98
899	686	46	95
900	689	43	91
901	691	36	90
906	688	32	92
904	685	33	97
899	685	39	100
891	688	45	99
890	689	44	89
886	693	50	96
891	695	44	98
888	691	45	103
886	695	46	99
889	691	46	102
884	688	50	107
887	693	49	109
889	691	47	110
891	689	41	109
892	692	42	112
892	692	39	110
890	696	41	102
892	693	41	107
899	698	37	108
896	697	37	108
892	700	37	116
890	698	43	118
897	697	37	132
897	695	34	141
897	700	34	128
899	699	32	126
888	703	45	123
885	710	49	119
886	711	48	125
896	707	35	124
891	702	41	130
886	710	45	111
878	717	49	99
892	732	41	99
894	728	43	103
901	727	32	116
899	721	30	116
895	726	35	121
895	730	41	118
896	734	40	118
901	732	36	116
900	736	38	118
893	739	42	126
893	727	43	119
889	728	49	113
882	730	49	116
886	723	48	114
893	727	43	114
889	738	48	107
893	733	47	93
890	738	48	87
887	740	48	86
889	741	47	87
890	742	45	98
893	737	40	106
891	725	43	121
889	727	43	120
892	732	43	116
883	730	51	119
887	727	49	126
888	726	50	128
889	731	56	132
891	723	52	126
891	716	51	125
893	713	51	127
890	716	52	128
891	718	50	126
894	720	51	119
900	718	43	118
897	721	49	119
899	717	50	120
902	718	49	118
904	717	46	125
907	725	46	115
908	727	47	107
908	728	50	107
912	720	49	117
909	726	56	108
919	729	51	89
924	729	43	92
928	733	45	87
928	728	40	93
930	722	36	103
926	721	42	108
922	718	40	117
912	718	47	119
900	727	53	111
891	729	50	106
872	726	52	108
853	733	51	107
843	726	43	120
825	730	44	118
800	732	51	109
777	732	50	98
748	732	61	103
714	738	52	96
680	738	54	100
658	740	55	106
634	746	49	105
618	747	43	99
602	747	42	105
587	752	45	98
571	749	50	103
569	747	46	110
570	749	47	114
568	748	48	118
568	746	43	115
567	748	51	113
573	749	45	92
582	747	44	87
582	749	41	79
589	751	44	73
590	757	52	70
588	754	58	68
590	750	62	68
590	755	64	76
590	751	70	74
595	745	70	84
601	742	65	98
591	734	78	104
607	733	62	104
605	735	66	106
615	727	59	116
620	731	53	113
626	728	47	116
628	726	49	110
634	722	43	108
632	721	48	100
627	723	56	85
632	718	50	76
631	722	54	90
630	719	53	93
635	719	49	94
636	715	48	99
637	713	47	99
636	712	50	101
636	708	49	107
636	707	48	109
641	707	45	103
636	705	49	107
635	705	50	108
641	706	44	108
638	704	49	112
637	701	49	121
636	700	52	105
645	695	45	120
650	691	37	124
649	697	42	113
648	690	42	122
651	686	43	113
647	690	47	104
650	691	45	103
655	696	39	95
653	691	42	93
651	690	44	93
651	695	44	98
656	689	40	99
655	693	44	96
655	694	42	92
660	694	37	92
654	696	44	92
657	693	40	90
657	689	40	91
654	690	42	90
656	689	43	93
644	684	53	101
650	674	46	113
647	683	46	106
644	681	52	105
657	687	40	93
651	685	48	78
657	687	43	66
656	691	44	63
659	684	39	70
655	686	42	64
656	685	40	64
654	685	41	66
656	685	42	65
653	683	41	65
650	682	44	71
652	682	44	70
651	681	47	67
648	681	50	69
654	678	45	69
651	678	50	74
651	676	49	71
653	677	45	66
655	679	40	69
663	680	33	70
665	675	29	81
658	674	37	86
657	673	43	85
655	673	41	89
653	673	46	84
652	673	44	92
657	675	38	90
656	669	39	89
654	668	37	81
655	666	37	87
652	662	41	90
654	661	37	93
655	662	35	90
655	660	36	90
656	658	35	92
654	662	41	84
651	662	43	85
650	665	43	80
653	661	39	91
654	657	34	101
653	659	36	110
652	651	40	118
652	653	38	118
653	654	36	110
651	658	39	111
652	657	39	121
653	659	35	112
651	653	30	112
651	655	32	116
650	655	39	111
645	658	38	112
645	637	29	108
642	658	38	103
642	660	38	100
643	663	33	90
639	663	34	88
630	664	43	86
637	663	37	90
634	666	36	87
630	667	40	86
633	665	35	94
625	665	45	102
631	662	36	109
631	661	31	99
628	664	33	100
628	668	36	102
621	661	32	116
620	650	39	107
615	658	31	97
613	664	29	95
616	665	29	97
609	669	27	103
610	663	29	114
604	655	36	109
605	665	28	112
600	666	37	108
598	670	34	99
586	659	35	100
585	668	37	100
584	673	38	96
590	657	39	106
588	660	44	113
578	665	38	103
580	665	34	97
577	672	36	92
576	668	37	97
572	670	40	92
571	672	39	98
569	673	37	89
565	673	42	98
564	681	40	89
562	681	39	85
558	685	41	88
560	685	42	75
561	690	37	79
560	688	37	75
553	694	39	89
553	690	37	88
554	691	32	91
555	691	28	94
554	688	31	100
548	693	37	90
543	701	42	85
542	702	41	80
541	706	42	76
540	707	41	87
538	707	46	83
543	708	41	69
539	712	43	75
542	712	44	66
538	710	45	68
535	718	43	71
544	714	41	65
541	713	45	67
543	724	43	77
546	719	39	76
547	719	38	68
547	726	42	65
544	729	44	72
545	734	47	81
546	730	48	76
541	731	51	66
538	736	55	67
535	740	60	80
543	736	49	72
545	744	48	71
549	754	43	74
551	746	40	73
550	750	38	72
538	750	47	73
532	758	41	71
515	759	44	76
496	763	41	83
477	768	46	74
424	782	49	76
389	795	45	82
343	801	51	92
290	796	61	103
263	821	53	113
188	842	66	129
163	859	77	134
