651	377	46	117
654	381	48	123
662	382	48	120
669	378	45	120
675	381	54	131
681	381	54	137
692	383	50	140
698	388	53	137
724	392	37	131
737	392	38	130
749	394	37	128
758	402	39	122
772	406	34	132
785	405	33	136
793	402	40	137
809	411	40	135
823	416	34	123
837	417	37	131
849	420	38	134
870	413	39	142
875	422	43	146
893	426	44	140
909	424	46	147
917	435	56	129
935	443	51	118
954	441	50	114
964	448	62	101
964	448	62	101
964	448	62	101
964	448	62	101
964	448	62	101
1062	469	46	89
1081	460	43	100
1105	461	34	95
1129	473	28	98
1148	483	30	98
1165	478	31	101
1186	483	33	107
1204	486	29	108
1228	500	31	111
1245	495	29	113
1261	507	30	122
1280	506	35	117
1302	503	29	114
1322	512	36	103
1344	516	35	94
1359	521	35	99
1387	518	35	103
1410	529	33	105
1426	533	33	105
1449	538	37	101
1462	545	37	102
1474	554	38	94
1494	563	28	98
1504	560	31	100
1508	566	43	101
1514	559	54	112
1517	576	42	103
1522	575	45	106
1521	581	34	99
1517	579	42	105
1507	574	47	107
1497	571	49	111
1484	572	43	113
1469	576	38	104
1451	577	37	106
1430	576	43	109
1412	586	38	100
1388	582	42	105
1361	581	38	111
1338	586	37	109
1313	585	38	105
1286	586	33	97
1286	586	33	97
1286	586	33	97
1204	588	33	103
1306	686	32	95
1306	686	32	95
1306	686	32	95
1306	686	32	95
1306	686	32	95
1306	686	32	95
1306	686	32	95
1306	686	32	95
1254	595	42	96
1254	595	42	96
1254	595	42	96
1254	595	42	96
1254	595	42	96
1254	595	42	96
1254	595	42	96
1254	595	42	96
1254	595	42	96
1254	595	42	96
1224	603	37	92
1224	603	37	92
1163	607	37	97
1163	607	37	97
1163	607	37	97
1163	607	37	97
1163	607	37	97
1028	610	39	100
1033	612	27	99
1038	620	24	92
1040	622	28	94
1045	633	29	83
1047	637	31	82
1051	631	30	91
1057	633	30	91
1058	632	34	94
1056	634	40	98
1061	640	38	94
1061	636	42	98
1064	638	41	90
1074	648	42	89
1080	654	38	90
1085	661	33	87
1089	659	34	86
1089	663	40	90
1094	664	43	90
1101	668	34	88
1104	669	31	92
1106	671	30	95
1114	680	27	87
1114	680	27	86
1123	685	28	85
1117	684	35	85
1118	689	39	89
1120	685	40	95
1128	687	36	96
1132	691	32	98
1136	697	33	94
1139	704	34	91
1142	705	29	89
1142	705	28	92
1143	711	35	86
1150	713	26	82
1147	719	32	88
1151	719	33	92
1154	718	34	97
1154	723	30	93
1151	729	38	93
1161	736	37	86
1161	737	38	78
1166	732	34	74
1167	742	32	78
1168	744	33	81
1171	746	26	75
1175	751	26	70
1181	761	24	74
1185	782	28	79
1187	777	28	85
1188	768	29	92
1190	764	26	96
1192	772	26	91
1192	782	29	84
1191	781	39	90
1192	791	44	91
1200	794	48	97
1201	800	49	101
1204	804	57	92
1209	808	66	94
1210	808	67	101
1216	812	63	98
1215	813	65	106
1213	816	71	102
1217	822	76	94
1228	820	66	103
1239	827	61	96
1249	827	50	101
1249	830	57	91
1256	827	47	96
1257	829	54	99
1259	833	58	102
1264	835	64	92
1264	840	74	96
1276	843	65	101
1280	842	74	107
1286	848	71	105
1292	850	72	105
1299	851	61	109
1295	855	66	93
1294	853	81	100
1299	849	76	114
1302	865	79	109
1307	866	81	105
1321	872	69	109
1328	881	63	101
1332	885	65	103
1337	887	79	89
1342	893	82	90
1346	891	77	101
1346	897	74	101
1350	905	70	95
1354	905	80	105
1367	910	69	106
1372	912	65	110
1376	918	57	103
1375	911	66	110
1378	917	53	102
1375	929	65	95
1380	929	61	92
1386	933	46	91
1386	938	55	88
1398	944	52	81
1392	943	51	90
1410	955	41	82
1419	958	33	71
1424	962	34	78
1427	963	41	75
1432	971	40	75
1422	974	50	83
1428	975	49	80
1431	972	52	85
1433	974	59	95
1452	972	59	99
1464	970	44	95
1469	976	42	97
1467	981	44	86
1474	980	49	94
1476	982	47	93
1478	987	46	90
1474	992	55	86
1473	993	65	83
1498	996	67	83
1506	999	52	77
1505	999	66	79
1504	1001	78	80
1508	1003	75	77
1518	1003	78	76
1524	1000	62	80
1524	999	56	82
1524	998	58	86
1529	998	62	83
1540	998	59	84
1538	1003	67	79
1545	1002	73	84
1546	1004	77	80
1566	1007	59	84
1573	1006	45	74
1569	1006	55	78
1579	1004	58	76
1577	1006	58	76
1595	1004	52	77
1599	1004	51	76
1606	1005	42	71
1620	1006	36	71
1623	1008	40	70
1625	1005	40	71
1618	1013	49	64
1630	1010	50	69
1629	1015	59	65
1644	1009	60	71
1648	1010	53	70
1659	1011	47	65
1664	1016	45	65
1661	1013	50	66
1679	1016	37	65
1684	1021	40	60
1688	1022	43	59
1695	1021	46	60
1699	1022	45	59
1704	1019	41	63
1714	1030	43	51
1718	1031	40	51
1726	1036	47	48
1729	1037	42	44
1738	1036	42	44
1741	1033	43	50
1752	1032	42	51
1757	1028	42	54
1757	1028	42	54
1776	1033	46	53
1781	1035	43	49
1789	1036	45	49
1797	1037	39	46
1805	1038	45	46
1813	1039	43	48
1821	1040	42	43
1830	1038	40	41
1838	1040	44	41
1850	1036	38	44
1858	1043	41	40
1865	1041	47	43
1870	1042	49	41
