731	591	55	135
731	592	49	134
731	598	49	134
729	595	49	129
728	591	49	137
726	589	49	134
730	599	49	124
725	593	55	135
726	593	48	132
725	585	47	141
724	586	51	142
726	590	44	135
725	598	47	127
723	589	49	132
722	593	51	130
720	594	50	124
721	587	46	137
720	583	47	134
718	582	48	134
717	588	47	125
720	590	44	122
720	588	45	126
720	586	42	127
717	584	45	137
720	583	40	133
720	591	43	129
715	597	46	118
718	599	43	112
717	600	42	108
716	578	44	124
708	583	52	122
715	580	46	120
714	577	48	126
715	574	46	130
712	580	48	123
714	581	45	116
715	577	45	124
712	578	52	125
722	572	42	127
727	575	42	121
732	573	48	118
738	567	48	128
747	566	55	128
744	558	71	134
744	562	86	135
744	562	86	135
795	552	87	128
815	548	86	135
841	553	85	125
866	552	75	123
866	552	75	123
887	556	82	117
917	553	67	118
914	547	75	121
927	549	69	126
936	553	65	116
946	553	57	115
953	550	49	133
958	548	44	135
954	546	52	132
959	542	49	130
957	542	54	120
961	545	48	119
959	548	45	109
963	552	40	107
966	544	43	106
966	537	36	111
961	534	43	124
959	539	48	116
960	538	43	115
966	544	36	102
967	547	39	102
966	542	37	100
968	542	36	107
968	541	36	107
929	538	38	104
972	555	30	92
970	562	31	83
967	542	38	93
964	532	44	99
970	537	36	109
967	526	41	116
966	526	43	116
966	520	43	117
966	524	42	111
966	523	40	107
965	522	43	106
966	523	43	105
967	522	39	113
968	521	40	111
968	521	40	113
967	519	41	110
967	518	45	107
966	519	44	109
968	523	43	105
966	518	49	111
971	517	39	114
967	511	42	107
967	508	41	110
968	514	39	106
968	510	41	111
968	510	37	106
968	514	40	101
965	521	41	100
965	522	42	91
966	526	36	85
964	535	45	86
965	525	43	87
966	519	36	88
964	526	36	86
965	523	35	90
964	518	37	90
966	514	36	94
964	525	37	84
966	520	33	87
964	520	33	83
963	529	34	72
964	529	31	68
962	529	33	70
960	521	33	77
956	524	37	75
955	505	40	93
961	522	32	85
957	508	34	86
958	510	31	88
956	503	37	94
955	498	37	101
953	496	37	102
956	495	35	106
954	492	34	98
953	498	36	96
951	495	40	104
952	490	41	111
951	492	41	102
950	487	42	108
952	483	34	110
952	498	33	94
952	501	35	89
953	506	34	87
952	500	32	93
951	498	33	99
950	502	32	92
947	492	34	99
943	488	44	105
941	485	44	110
945	490	39	104
945	492	37	101
944	490	34	107
941	489	40	105
940	492	42	99
940	490	40	98
941	507	39	83
940	501	44	96
941	500	32	92
939	501	34	94
940	511	38	84
939	510	42	83
941	511	34	87
940	517	30	83
939	507	33	86
937	513	43	87
933	507	39	88
936	497	36	99
934	496	36	104
933	494	34	105
931	501	36	112
932	494	32	110
929	495	37	110
925	497	35	105
925	502	39	107
926	509	34	101
919	512	37	97
920	505	46	109
917	510	46	114
919	512	41	118
917	513	42	113
915	528	48	102
906	524	44	96
909	518	38	108
908	510	38	105
909	510	36	105
911	509	34	110
908	511	38	108
906	511	37	104
904	526	43	103
904	524	35	101
903	515	31	104
902	510	28	112
906	507	25	126
894	507	34	116
898	503	32	112
899	508	32	119
893	504	37	103
891	500	40	109
892	500	32	114
890	501	36	107
890	501	40	96
890	518	39	90
887	501	39	104
887	498	39	111
885	496	37	120
887	501	32	108
886	500	34	103
888	500	32	101
887	499	34	110
883	499	37	110
883	498	35	109
884	500	37	113
882	499	40	113
879	498	43	111
878	497	40	111
880	497	39	100
879	500	40	98
880	496	41	102
878	496	38	102
879	493	39	102
878	494	39	100
880	494	36	106
881	494	32	98
879	496	34	96
879	496	35	97
878	494	42	102
877	494	40	102
877	495	37	99
882	494	29	105
877	493	36	105
878	492	35	104
878	492	37	101
875	493	38	108
872	492	42	98
876	493	38	107
873	490	39	96
875	491	38	93
876	489	36	97
876	489	36	91
876	487	36	93
876	488	38	97
875	487	36	97
875	488	38	105
873	486	39	97
874	486	40	100
874	488	39	101
875	487	39	93
872	487	41	95
871	484	43	106
874	486	38	107
873	485	41	101
873	486	40	96
874	487	40	101
873	484	41	110
872	485	42	104
873	486	43	99
873	486	42	104
872	485	44	115
874	486	40	117
873	484	40	116
875	486	39	102
875	484	37	101
876	485	33	95
875	487	36	95
876	488	35	91
873	489	41	89
875	488	35	97
874	487	38	103
873	486	38	94
875	487	36	93
875	488	35	97
872	489	39	100
872	489	35	95
872	488	36	100
872	488	35	99
872	488	33	99
870	490	39	100
872	492	34	97
872	490	35	96
870	492	35	98
872	490	32	102
870	490	33	99
868	494	37	98
866	489	40	98
871	496	35	95
869	498	34	86
866	510	41	93
865	493	39	102
864	496	41	114
864	494	39	116
864	497	39	108
863	497	39	100
861	498	41	102
859	496	42	93
858	494	40	100
858	495	40	104
859	491	37	107
857	493	39	100
856	492	36	99
854	488	38	104
855	488	38	101
853	488	38	93
853	485	38	96
852	485	37	94
853	489	37	102
852	479	35	108
850	478	34	108
849	478	35	103
846	480	36	100
845	477	35	104
845	479	36	100
841	480	37	100
841	478	35	97
839	479	37	94
837	478	37	99
836	476	36	101
835	477	36	103
832	475	38	104
832	478	36	94
830	477	38	100
830	476	33	97
828	474	34	98
825	474	39	102
824	477	39	104
822	478	37	95
819	480	41	95
820	478	39	106
818	475	42	116
817	479	40	102
817	481	36	93
814	480	41	101
815	480	34	91
812	479	37	96
812	481	35	92
809	482	36	84
807	481	37	88
807	482	34	91
805	480	35	97
802	479	37	96
802	483	34	90
801	482	35	92
798	484	35	90
796	485	36	90
794	485	35	94
793	486	36	98
790	486	37	97
788	485	36	95
786	486	38	98
784	484	40	105
784	488	40	99
786	485	38	100
792	486	35	96
796	486	37	92
807	487	35	100
816	485	38	105
829	486	37	105
846	486	37	96
863	489	38	99
885	491	43	96
908	489	42	103
917	491	56	102
966	490	40	98
990	489	34	93
1013	491	38	86
1036	492	37	96
1051	488	33	98
1064	490	36	98
1076	491	33	94
1080	493	36	89
1086	494	35	86
1089	495	36	89
1090	494	36	97
1090	494	37	100
1087	494	41	100
1088	495	37	99
1087	496	38	101
1086	496	39	102
1086	495	37	96
1087	496	36	107
1087	494	39	107
1092	494	40	107
1099	493	38	112
1111	494	38	108
1121	495	39	107
1136	494	38	108
1144	497	42	115
1154	498	38	110
1161	500	39	107
1165	497	40	99
1169	509	39	95
1173	506	39	100
1173	504	38	94
1174	506	40	102
1174	508	39	101
1173	505	41	105
1173	507	40	106
1171	506	40	109
1172	506	35	107
1167	505	38	113
1165	507	40	108
1163	508	42	97
1159	506	40	101
1155	504	42	108
1154	501	41	110
1153	498	42	107
1152	501	42	105
1143	501	49	105
1146	496	44	110
1150	493	40	112
1143	496	45	110
1147	493	40	114
1144	492	43	115
1144	494	43	108
1147	491	35	102
1145	491	38	107
1144	494	37	98
1143	491	38	104
1141	490	42	101
1141	492	41	100
1140	490	43	108
1140	491	44	109
1138	488	43	110
1139	489	42	109
1135	487	47	121
1140	484	40	129
1140	484	41	139
1139	482	43	140
1137	483	44	138
1130	479	53	131
1135	484	44	126
1137	483	44	130
1137	480	44	129
1138	482	40	129
1139	480	38	130
1140	476	35	124
1136	483	41	114
1139	485	37	109
1138	485	38	107
1138	484	38	114
1136	487	40	107
1137	488	38	101
1134	485	40	103
1134	490	39	96
1135	487	38	101
1134	486	40	106
1135	488	38	101
1136	486	35	99
1134	488	38	103
1135	486	36	102
1134	486	36	100
1133	488	38	103
1131	487	40	97
1130	489	41	105
1130	484	42	115
1128	486	41	111
1131	485	38	123
1129	482	40	124
1128	487	38	118
1127	486	42	120
1128	485	40	122
1127	487	41	117
1130	485	37	124
1126	484	37	123
1125	484	38	119
1127	483	39	125
1125	484	37	120
1124	481	37	127
1125	484	39	124
1123	485	37	122
1123	485	37	119
1122	489	39	112
1123	490	34	110
1123	490	32	115
1123	488	34	111
1121	488	35	118
1120	487	35	120
1120	488	34	119
1118	489	37	115
1116	489	37	112
1116	489	37	115
1115	487	36	121
1113	488	37	119
1113	489	36	117
1111	487	39	116
1111	487	39	118
1110	485	39	122
1109	485	39	122
1106	491	41	117
1105	489	42	119
1103	488	43	121
1100	491	47	113
1101	492	42	113
1100	493	42	113
1100	492	40	113
1099	490	42	118
1098	492	40	118
1097	491	39	118
1096	490	40	118
1094	489	39	121
1092	488	39	121
1091	492	39	116
1092	490	37	121
1090	491	38	120
1090	494	36	118
1088	493	36	119
1086	495	37	118
1085	499	37	114
1083	497	37	117
1082	503	37	112
1080	504	38	112
1079	503	40	111
1077	502	39	116
1075	504	42	116
1073	506	40	115
1071	505	41	116
1068	504	43	120
1067	507	41	116
1065	509	40	111
1062	509	43	114
1063	509	40	115
1060	510	41	110
1059	511	41	111
1058	513	40	112
1056	510	40	115
1055	508	40	118
1052	512	41	113
1050	514	39	110
1047	513	42	114
1046	513	40	115
1043	512	42	119
1042	511	38	116
1041	508	36	122
1037	519	40	113
1036	514	36	114
1034	515	36	117
1031	523	34	111
1028	522	38	111
1025	520	37	117
1022	525	38	114
1020	523	37	114
1020	525	35	113
1019	524	32	113
1017	524	32	109
1015	525	34	108
1013	524	33	110
1011	525	33	106
1010	527	32	102
997	527	44	101
996	521	37	96
996	520	33	106
994	520	37	112
992	517	38	114
989	515	36	116
988	514	34	109
986	514	33	111
985	512	37	112
984	512	34	106
984	513	37	108
987	507	32	110
985	509	34	107
987	507	36	108
992	505	37	106
1001	503	35	107
1010	503	36	107
1027	502	35	103
1042	502	32	105
1059	502	35	108
1078	501	36	105
1102	501	35	103
1129	502	37	104
1153	500	37	107
1184	505	34	103
1212	504	35	101
1243	504	35	105
1282	511	31	97
1309	507	39	102
1344	509	37	102
1378	508	39	107
1401	508	40	107
1424	512	41	104
1445	510	39	109
1462	509	39	113
1475	508	41	113
1483	513	45	107
1490	513	46	107
1494	514	48	108
1499	513	46	104
1504	514	45	103
1504	515	46	106
1508	513	45	104
1509	515	45	103
1509	515	46	102
1512	509	43	108
1512	510	43	108
1513	513	42	104
1512	511	43	104
1513	505	43	108
1514	509	44	104
1515	504	41	109
1515	503	41	111
1514	506	43	107
1516	506	41	109
1515	506	42	109
1516	506	41	105
1516	506	42	108
1517	505	40	108
1516	509	42	104
1518	510	39	103
1518	508	39	105
1519	508	38	104
1519	510	39	99
1517	504	41	100
1518	504	40	103
1519	507	41	98
1518	502	45	100
1519	502	43	101
1520	505	44	97
1521	506	44	97
1522	506	44	97
1523	505	43	98
1524	502	42	100
1524	503	41	97
1524	506	44	95
1523	503	44	99
1520	505	41	96
1515	505	38	94
1505	503	40	94
1496	504	38	89
1480	501	40	90
1464	501	38	88
1448	497	34	91
1428	501	33	84
1404	496	34	86
1379	503	33	77
1351	500	31	78
1327	499	29	79
1296	496	28	79
1255	494	33	79
1228	497	31	75
1194	490	28	79
1152	494	28	78
1119	498	29	69
1080	495	27	71
1046	497	28	69
1006	498	27	67
969	495	27	68
941	492	27	75
910	489	29	77
886	492	30	76
867	491	29	78
851	490	29	80
839	487	30	85
830	484	30	88
824	486	30	87
818	486	33	88
816	485	32	91
814	484	33	92
814	485	31	93
815	484	30	93
814	485	31	92
815	485	30	92
814	485	32	92
814	484	31	93
815	485	32	91
815	484	31	95
818	485	29	95
817	487	32	93
818	489	30	93
818	488	30	96
819	490	29	95
820	493	31	94
819	494	31	95
820	493	31	94
819	493	32	95
819	494	34	94
820	492	32	95
819	495	32	93
818	493	37	94
819	495	37	95
820	492	37	96
819	496	36	95
820	500	36	91
820	499	35	91
821	500	36	93
820	499	36	97
818	500	40	99
819	502	38	98
819	502	38	94
820	502	36	95
820	502	36	98
820	505	36	94
819	505	37	97
819	506	38	95
820	505	35	95
820	504	35	98
820	505	34	97
822	506	31	101
820	508	33	99
818	508	35	99
818	510	33	100
816	513	34	98
816	512	34	101
815	515	33	99
814	516	34	99
813	517	35	97
813	515	33	100
812	513	34	102
809	517	34	98
808	517	35	97
808	521	34	92
808	519	32	99
807	519	33	101
805	514	34	104
806	526	31	98
805	526	31	92
808	523	29	98
804	529	30	104
805	528	29	107
803	536	32	97
801	535	33	103
797	532	40	104
798	533	38	105
798	532	36	109
798	532	34	108
797	532	34	107
797	534	35	104
795	533	37	103
794	534	36	102
791	534	40	99
791	532	37	101
792	541	33	96
795	533	32	101
789	541	34	95
790	536	35	96
782	535	38	97
781	533	35	99
781	528	36	100
785	526	31	103
781	529	34	103
778	527	35	96
780	518	31	102
776	519	31	101
774	518	34	101
772	518	35	100
771	517	34	97
771	516	34	99
772	515	32	103
768	515	37	104
767	512	36	107
767	513	35	106
766	512	35	107
767	512	35	104
767	512	34	102
765	510	35	105
764	510	36	103
766	508	33	105
763	507	38	108
765	506	34	103
767	507	33	104
768	508	30	100
770	510	27	99
768	511	29	100
767	508	28	102
767	508	27	101
767	511	29	100
766	513	28	97
766	509	26	100
766	507	26	109
764	506	27	105
762	507	28	104
763	505	26	105
762	505	27	97
760	504	28	95
758	504	27	94
755	507	30	88
748	504	38	96
740	506	44	101
739	507	45	108
737	507	45	105
737	502	45	108
738	503	43	106
736	503	44	109
735	501	44	110
734	502	41	109
733	497	43	112
728	498	45	110
729	506	43	102
729	503	42	103
729	497	43	107
730	495	38	110
730	496	38	107
727	493	39	108
728	495	36	110
725	493	39	111
726	496	37	107
726	495	37	110
721	492	41	111
716	500	44	103
715	500	45	100
714	498	42	106
713	495	43	106
713	495	41	106
709	495	44	105
706	493	44	104
705	493	41	103
703	495	42	103
701	493	43	103
699	496	44	98
700	497	40	100
698	492	39	105
693	491	42	110
691	489	44	108
689	492	46	107
689	493	45	101
690	498	40	98
686	493	43	105
684	491	43	110
684	495	42	104
679	489	46	110
678	492	46	107
675	492	48	108
666	488	53	111
672	490	47	107
667	504	50	99
666	514	47	89
663	514	49	84
661	509	48	93
659	503	48	99
658	506	47	95
653	512	49	92
653	514	50	91
650	510	47	95
648	505	47	96
645	509	47	92
640	515	51	88
640	511	47	92
636	514	49	88
634	511	50	89
629	513	52	89
630	515	50	86
629	514	50	90
630	519	51	87
627	516	49	89
626	516	48	93
630	508	44	98
625	507	50	104
616	507	57	103
621	512	57	98
635	506	57	101
657	499	52	104
679	507	46	103
690	502	52	105
724	500	44	103
739	507	51	92
779	506	43	96
814	504	43	98
847	501	36	102
889	502	33	98
923	515	36	89
950	516	36	84
983	513	31	87
1002	530	29	77
1019	516	32	87
1033	510	35	96
1043	508	33	100
1051	507	33	100
1054	506	36	100
1060	507	36	96
1062	507	37	98
1064	503	37	101
1061	508	38	98
1061	506	38	98
1059	508	41	100
1063	507	32	102
1060	510	36	100
1057	529	37	87
1052	531	37	79
1053	541	38	72
1053	553	37	62
1059	552	29	61
1054	542	35	68
1053	550	36	63
1051	555	38	55
1049	558	38	52
1051	551	35	59
1052	557	32	57
1051	554	33	57
1046	559	37	54
1049	555	36	57
1047	558	36	57
1049	556	32	64
1047	561	35	60
1041	564	39	55
1036	560	44	59
1041	555	39	66
1038	564	41	58
1035	564	44	57
1039	561	39	60
1035	568	43	53
1040	560	35	60
1040	565	35	56
1036	572	42	51
1037	567	37	51
1037	571	37	51
1037	568	35	54
1033	572	40	49
1029	573	44	53
1027	572	44	56
1024	572	45	50
1024	573	46	53
1023	570	48	52
1021	571	46	55
1025	568	42	56
1021	564	48	60
1021	571	47	58
1020	559	45	68
1021	567	43	58
1021	570	41	56
1019	564	47	61
1020	569	41	59
1020	574	41	55
1024	572	34	53
1023	575	35	59
1016	574	43	52
1016	574	43	56
1020	573	37	62
1021	570	35	64
1027	577	34	58
1031	574	36	58
1031	577	41	55
1035	573	43	60
1038	569	47	65
1041	567	47	67
1050	578	47	55
1058	583	37	52
1059	582	40	47
