1166	474	50	134
1167	472	51	138
1167	471	53	138
1167	468	48	140
1167	473	53	136
1170	475	50	135
1170	475	50	134
1171	473	50	142
1172	473	47	134
1172	476	50	130
1172	475	50	134
1172	478	48	132
1172	475	51	135
1173	473	48	139
1173	474	47	135
1174	474	46	136
1173	474	48	136
1173	475	49	135
1172	474	55	139
1173	473	55	142
1173	477	51	142
1173	477	49	139
1173	482	53	137
1173	483	52	138
1174	486	48	142
1172	486	54	139
1172	488	56	143
1174	491	56	143
1174	495	56	140
1175	500	53	136
1175	500	53	137
1174	508	55	131
1179	506	46	142
1177	509	48	140
1179	511	46	131
1180	518	45	125
1178	519	44	128
1177	522	48	136
1175	522	50	132
1177	526	47	131
1176	526	45	128
1178	528	46	133
1176	526	48	134
1176	529	47	129
1178	526	44	130
1176	528	44	131
1175	528	45	132
1176	528	42	130
1175	529	41	126
1174	527	40	129
1172	529	40	129
1171	528	43	131
1169	527	44	131
1167	529	44	131
1167	529	42	127
1165	529	45	130
1165	529	43	129
1164	530	43	127
1161	531	47	126
1161	531	45	126
1159	530	46	135
1158	530	45	136
1157	530	46	137
1156	530	46	136
1155	530	45	141
1154	529	45	133
1154	530	46	130
1152	529	46	126
1153	531	46	129
1152	532	46	125
1149	532	47	125
1147	530	50	127
1146	531	49	131
1144	534	51	122
1144	532	47	127
1142	529	50	128
1142	531	49	122
1137	532	54	121
1138	532	51	119
1135	530	52	122
1134	529	53	124
1131	529	53	128
1130	528	53	123
1128	529	54	124
1126	528	55	121
1123	527	59	126
1120	526	60	128
1120	525	57	119
1117	526	59	119
1118	527	56	115
1122	529	51	113
1116	528	62	115
1109	528	74	103
1112	529	77	111
1113	529	75	114
1116	531	71	126
1100	524	75	124
1114	528	73	140
1125	528	55	143
1125	527	55	145
1086	509	42	131
1088	519	31	110
1089	522	27	98
1085	522	26	98
1084	523	26	98
1081	524	29	97
1078	525	30	95
1075	524	32	98
1074	525	33	98
1070	524	35	99
1070	523	32	97
1067	523	34	96
1065	521	35	106
1064	522	32	103
1061	521	30	97
1060	522	29	100
1059	523	28	97
1057	521	27	93
1054	523	28	93
1053	523	28	90
1050	523	28	92
1048	523	31	93
1046	524	31	96
1045	524	32	98
1043	524	33	101
1040	523	34	103
1037	526	35	99
1036	526	37	101
1034	524	39	101
1030	525	37	102
1030	523	35	103
1029	524	33	100
1027	526	33	101
1025	527	33	100
1025	526	30	102
1022	526	28	93
1022	528	27	96
1019	526	29	100
1016	529	31	98
1014	529	32	100
1010	530	33	98
1007	530	36	101
1004	528	39	100
1005	532	36	96
1002	531	39	97
1000	531	37	102
998	531	36	94
997	529	35	98
995	528	37	105
994	526	34	99
989	527	39	98
989	531	35	97
990	531	31	97
989	533	33	98
987	532	31	97
986	528	31	98
985	529	30	108
983	525	30	111
984	528	30	105
982	531	29	104
978	528	32	109
978	528	32	109
975	531	34	101
972	542	37	92
971	533	33	98
971	532	32	103
967	535	35	103
965	534	34	106
965	533	30	104
965	530	31	104
963	526	30	111
961	530	30	110
959	535	31	102
957	543	31	96
956	537	32	101
953	542	33	96
950	541	35	98
945	545	38	98
946	548	39	91
946	540	36	97
944	538	37	105
943	536	38	102
943	539	37	103
940	544	39	100
940	542	40	102
938	539	38	108
935	537	38	112
935	540	37	107
935	536	35	112
934	538	34	109
933	539	36	107
932	541	38	106
931	540	36	110
929	540	37	113
929	539	37	118
928	544	36	113
930	544	34	109
928	545	35	107
929	546	35	108
929	549	34	104
926	546	38	112
925	543	37	115
926	545	39	109
925	549	36	105
926	548	36	109
924	550	39	108
926	551	38	105
924	550	40	110
925	552	38	113
924	556	36	102
924	562	38	103
924	558	36	112
923	566	37	106
922	557	37	111
921	559	36	114
921	560	37	112
923	557	37	116
922	555	34	118
919	559	37	116
919	560	35	117
921	566	32	114
919	561	35	119
917	562	36	119
918	561	35	120
919	559	33	123
918	564	34	120
917	570	34	115
917	563	36	116
917	563	34	121
915	560	36	126
915	562	36	121
914	569	40	118
915	582	38	104
913	575	41	110
915	577	36	112
914	572	37	118
913	570	41	121
912	579	37	110
914	575	38	111
915	576	36	114
912	574	40	117
911	572	43	126
913	570	41	129
911	569	43	124
912	579	41	117
912	577	41	118
911	576	40	121
911	576	41	125
909	578	44	125
910	584	43	119
911	589	39	118
910	592	39	111
909	596	37	109
908	600	41	102
908	600	38	107
909	599	34	114
908	596	35	117
906	599	39	114
905	602	42	110
907	598	36	113
906	604	41	104
907	606	41	105
907	607	40	104
906	593	41	118
906	596	41	118
908	599	39	120
906	598	38	119
908	603	38	118
904	600	40	121
906	600	38	129
906	599	37	123
906	604	39	129
907	607	36	125
907	608	37	116
906	608	38	124
907	602	38	132
910	603	35	133
906	604	37	130
910	607	33	129
909	606	35	133
908	605	34	138
905	608	35	132
903	616	41	127
900	617	43	125
897	622	47	124
903	621	43	120
901	612	41	127
898	613	45	136
894	613	49	135
895	610	45	134
897	617	40	129
896	618	42	132
895	613	44	135
890	613	52	129
889	606	53	141
892	611	51	136
895	606	47	133
896	608	47	133
893	606	48	136
901	612	41	134
898	606	45	140
899	619	45	127
892	612	50	129
896	633	50	105
904	638	36	99
904	633	36	103
903	645	36	96
901	628	38	98
901	625	36	110
903	620	37	118
902	615	38	122
903	619	40	121
904	612	39	121
899	619	45	115
902	619	42	114
905	608	38	126
900	617	47	118
898	620	48	112
906	622	42	106
902	631	43	115
907	633	42	103
905	639	40	98
909	638	38	99
898	636	49	104
889	632	58	118
892	623	61	134
902	622	47	140
892	635	59	132
903	622	47	145
906	625	44	143
905	628	45	139
897	642	54	127
897	627	52	139
898	629	54	132
906	631	44	137
911	632	38	132
906	634	46	139
895	633	62	144
900	638	56	134
900	638	55	144
906	640	49	140
910	638	45	145
902	639	54	147
912	644	43	141
917	639	36	147
918	642	35	147
911	642	44	147
903	645	51	142
888	643	69	148
888	646	75	133
886	646	74	136
890	642	70	141
885	640	76	138
888	645	76	141
885	639	77	156
880	640	86	152
876	648	87	149
885	645	80	149
885	644	73	152
870	653	92	144
875	646	87	151
894	637	67	167
884	654	74	145
881	653	72	149
891	656	70	142
891	653	63	146
890	652	67	140
887	651	74	136
891	648	67	146
892	648	69	142
894	649	66	138
895	650	65	140
892	650	72	149
893	652	70	151
896	652	66	146
898	650	64	152
898	648	63	154
892	642	72	160
889	647	76	156
882	648	83	140
881	657	81	118
896	650	67	135
889	640	76	146
890	645	76	135
888	652	75	134
891	649	77	130
885	664	83	113
884	664	83	112
890	647	78	133
892	640	76	138
893	639	76	140
898	636	70	143
879	639	85	141
877	643	91	131
889	645	79	131
883	642	80	119
881	643	85	119
888	640	81	121
888	634	79	119
892	632	76	117
883	639	86	113
888	631	86	115
898	630	76	118
904	616	65	134
910	613	59	134
913	613	53	135
912	613	54	134
904	617	62	132
906	612	60	140
899	613	68	139
898	615	72	137
896	613	72	142
897	610	71	147
893	609	76	143
898	612	72	147
899	614	74	145
903	617	66	139
903	615	63	145
905	614	63	144
907	617	62	140
907	618	58	141
896	625	69	133
896	618	75	146
900	625	72	136
905	629	71	130
912	627	55	138
913	620	57	142
912	620	52	148
908	623	57	153
901	626	63	156
901	630	66	156
908	632	57	151
908	635	57	143
909	634	57	142
915	636	47	143
914	635	50	144
917	638	49	142
918	640	48	140
917	641	50	143
922	638	50	146
921	639	51	149
921	642	51	147
922	641	49	148
923	641	51	151
925	640	48	158
921	641	55	151
918	646	60	150
927	645	48	148
927	635	49	149
926	636	50	141
929	628	49	152
928	622	51	160
926	633	54	150
928	631	53	149
928	636	54	148
936	635	46	145
927	636	58	153
926	638	59	156
923	629	64	171
918	645	69	152
920	645	70	148
919	651	69	148
911	644	76	155
918	634	72	167
913	644	80	153
917	636	78	161
922	644	72	153
919	656	80	142
915	658	85	138
911	671	87	128
918	668	82	135
912	663	90	139
914	665	93	138
915	667	99	146
922	658	87	151
912	674	103	139
943	669	89	152
952	673	79	151
957	665	70	160
976	676	50	150
985	681	40	146
988	681	41	150
987	678	41	151
995	680	37	149
950	702	52	141
938	675	66	142
997	681	41	146
1003	683	36	147
958	695	44	135
954	686	53	132
1011	686	38	152
1018	684	34	149
1041	648	38	141
1023	688	37	149
1025	671	40	164
1028	665	48	177
1034	645	49	190
1008	666	73	171
1027	645	64	184
1037	642	52	190
1037	637	54	188
1046	642	49	188
1043	642	50	178
1045	639	52	181
1050	639	51	179
1049	641	59	175
1053	639	57	179
1056	640	59	181
1062	636	55	181
1061	638	57	177
1060	638	58	168
1060	633	52	168
1083	671	52	150
1081	671	61	146
1071	661	72	140
1075	648	65	153
1074	631	55	160
1090	656	62	145
1077	656	75	138
1076	636	67	151
1083	642	76	149
1081	627	53	150
1089	634	71	153
1087	629	61	150
1087	622	74	161
1091	623	60	149
1112	647	68	145
1118	640	65	149
1135	644	48	145
1144	642	37	144
1261	635	50	146
1107	607	43	154
1110	613	36	147
1116	635	47	134
1109	596	45	143
1110	596	44	144
1113	592	41	140
1113	599	43	134
1112	597	42	137
1115	593	41	138
1117	591	39	141
1118	589	39	143
1121	587	39	143
1121	584	41	145
1121	585	41	141
1124	584	39	138
1124	587	41	132
1125	583	42	130
1126	585	42	128
1127	584	41	125
1128	580	44	128
1132	586	41	128
1132	587	41	124
1136	580	39	137
1138	588	39	131
1139	584	40	137
1138	585	42	134
1142	589	39	134
1142	588	40	125
1143	589	40	121
1144	589	40	125
1144	590	42	128
1146	586	43	134
1147	590	43	130
1147	592	42	124
1149	590	43	130
1149	592	43	131
1151	591	43	132
1151	594	44	128
1152	594	42	125
1153	596	42	121
1154	594	43	127
1155	594	42	129
1154	596	43	133
1153	598	47	133
1155	596	48	138
1155	599	48	135
1158	596	43	137
1158	600	45	133
1158	599	47	135
1158	599	48	135
1158	601	50	134
1160	599	49	135
1162	601	46	136
1164	601	45	139
1163	603	47	139
1163	606	47	139
1165	610	47	141
1165	609	46	137
1165	610	49	138
1167	607	49	144
1168	607	48	149
1167	608	51	141
1167	608	49	142
1168	608	50	142
1167	608	49	143
1168	608	51	143
1167	610	51	142
1166	609	48	144
1160	612	49	139
1154	610	48	140
1136	610	52	141
1120	614	52	140
1097	613	53	141
1071	617	48	131
1042	614	48	135
1009	616	49	129
975	616	49	132
931	620	50	126
886	621	51	132
850	615	50	142
801	619	49	143
754	616	55	133
705	627	52	139
654	630	52	145
605	637	59	147
547	643	55	143
492	651	62	143
443	654	62	142
382	661	63	154
329	671	70	163
279	687	75	161
232	690	80	172
199	697	80	175
169	705	76	179
145	712	79	180
130	715	76	179
110	722	86	173
105	722	83	180
95	723	86	185
94	724	83	187
91	725	87	189
92	726	85	196
90	731	84	189
89	734	88	193
90	732	87	207
89	734	88	204
89	735	87	215
91	738	88	219
93	741	83	211
92	741	86	216
91	742	86	226
94	744	86	218
91	748	87	213
95	750	86	204
91	751	86	204
96	751	85	205
95	751	86	208
95	753	87	202
92	754	93	202
94	756	90	196
95	759	91	201
96	760	91	197
99	763	97	206
106	762	96	205
114	766	99	205
131	765	93	209
145	765	100	214
173	760	91	205
205	755	85	205
228	756	88	195
266	748	86	194
296	747	79	183
336	746	78	187
385	735	68	194
413	733	71	189
456	729	69	183
488	727	70	191
526	724	67	192
560	721	68	196
585	721	65	201
611	722	64	199
630	722	64	200
641	723	65	202
653	725	67	196
659	726	69	191
667	725	67	190
671	726	67	193
674	727	66	193
676	728	69	199
677	729	71	203
678	729	71	197
678	728	72	202
676	733	75	200
676	734	77	193
676	739	78	193
676	740	78	195
678	742	78	193
680	745	75	193
682	751	74	188
683	750	74	194
683	749	74	197
684	745	76	208
686	747	72	202
688	749	71	205
689	747	72	197
690	750	71	189
694	748	67	193
694	746	71	196
695	746	71	202
698	747	67	203
700	748	68	200
702	748	67	195
703	749	66	199
705	748	66	207
707	749	68	210
708	748	68	205
712	746	65	205
715	746	65	202
717	745	64	194
718	742	68	203
720	740	67	208
724	738	68	213
731	735	64	215
729	733	71	214
731	731	72	207
733	729	73	188
735	727	77	198
738	724	76	205
739	722	76	196
745	719	75	202
748	719	71	196
753	715	71	197
755	712	71	196
759	708	69	204
760	706	74	194
766	702	69	194
772	699	64	190
774	697	65	201
780	695	62	203
782	688	62	198
787	689	59	177
788	686	63	180
794	681	60	180
792	679	65	183
800	676	59	182
801	674	60	196
805	672	57	189
808	672	57	195
809	657	58	210
813	663	56	201
816	660	55	207
820	642	54	200
822	649	57	194
825	641	57	189
826	643	60	189
832	642	54	185
833	639	58	183
836	639	60	175
838	636	61	173
844	634	60	176
849	633	56	172
850	635	65	161
852	637	62	162
858	636	58	162
861	635	59	161
863	637	65	152
892	680	73	146
889	675	80	146
880	672	91	153
872	652	98	171
877	640	95	195
883	644	86	199
886	648	84	195
888	646	82	204
893	652	74	203
894	647	72	219
896	652	72	222
900	654	68	226
897	657	68	221
898	656	70	234
896	660	70	226
896	659	71	232
899	659	69	218
898	662	70	213
897	663	74	205
902	661	71	205
902	659	72	209
900	660	74	200
897	673	79	226
896	663	82	244
895	661	84	242
895	660	86	251
896	659	89	239
896	662	89	262
895	658	93	270
893	657	98	270
895	657	94	275
894	657	103	293
891	656	106	284
893	652	108	291
893	661	111	278
895	655	111	275
895	656	115	289
895	664	114	276
890	656	124	282
889	658	130	282
893	658	129	278
883	656	143	278
889	660	137	269
877	662	145	275
887	657	141	270
875	656	149	277
879	655	152	276
879	654	154	270
873	663	155	261
883	656	137	261
877	649	133	278
880	659	80	268
891	662	63	242
889	656	66	248
888	665	66	235
894	652	58	222
892	652	61	226
892	655	63	213
893	648	60	237
895	643	60	238
897	642	56	216
895	641	60	211
894	643	65	201
896	643	63	210
896	644	59	198
900	644	58	188
898	644	63	199
897	642	63	190
899	641	61	191
900	641	60	191
900	643	62	191
901	644	63	195
902	642	59	191
902	643	61	203
902	642	63	203
902	643	63	194
905	643	61	202
905	642	61	175
906	643	59	187
906	646	59	173
907	646	58	170
908	647	58	168
908	647	58	175
908	647	59	180
909	648	57	195
914	650	53	188
912	650	57	183
911	652	56	191
912	654	58	196
913	655	58	193
911	656	61	195
913	656	60	196
914	655	58	204
915	652	58	214
915	649	59	224
914	650	62	220
915	650	60	217
919	649	57	224
917	648	62	220
920	651	60	210
921	649	59	193
920	651	62	188
922	650	62	193
923	650	58	183
923	651	61	194
924	652	62	197
925	652	58	190
923	654	66	178
925	652	59	186
924	654	63	183
925	653	63	188
928	653	61	186
926	656	62	191
928	654	61	191
930	653	57	182
930	654	62	180
931	651	60	185
930	652	62	187
932	650	63	188
932	651	61	199
932	651	64	204
933	651	64	188
938	648	60	196
940	650	63	189
939	650	63	205
940	651	64	221
944	649	61	217
944	653	63	207
948	649	62	220
947	648	65	210
949	646	65	226
948	647	70	203
956	644	63	202
957	644	63	180
959	643	64	178
960	639	67	185
962	643	65	186
965	639	68	194
968	638	65	200
970	637	65	194
975	635	63	203
976	636	63	202
979	634	61	190
982	634	59	191
986	630	58	186
991	633	53	179
991	630	52	194
993	625	56	188
996	627	54	179
995	617	61	196
1000	615	56	196
1002	611	55	190
1007	611	53	181
1006	609	56	178
1007	611	55	168
1008	610	56	168
1011	610	54	173
1013	612	55	170
1014	616	57	169
1018	616	54	180
1019	618	53	166
1021	622	54	175
1022	622	56	168
1024	625	54	165
1024	630	59	175
1025	631	58	175
1029	633	54	168
1030	640	56	173
1033	640	54	175
1032	646	57	160
