1620	676	117	291
1611	662	127	294
1614	675	116	282
1611	668	118	274
1605	670	118	258
1606	672	120	259
1598	671	117	276
1597	680	121	257
1597	681	111	235
1596	683	113	248
1595	679	122	278
1583	677	124	257
1589	682	109	238
1586	685	103	216
1577	688	113	204
1584	696	97	216
1580	694	101	227
1578	700	101	246
1572	698	93	272
1571	698	93	281
1568	701	97	262
1568	704	91	250
1562	710	100	241
1562	707	92	251
1566	714	90	237
1556	712	99	246
1553	719	105	240
1552	727	92	224
1552	738	92	221
1546	737	99	215
1545	735	98	213
1541	749	101	198
1535	755	105	195
1533	744	100	201
1534	742	101	187
1533	740	99	193
1532	736	96	190
1528	737	102	222
1527	737	93	208
1524	729	96	227
1518	733	99	218
1519	719	93	238
1517	726	92	245
1517	723	92	229
1517	714	88	214
1517	717	87	184
1516	715	88	192
1513	717	89	200
1512	711	90	208
1512	713	82	213
1509	709	83	207
1503	703	91	222
1504	708	86	203
1502	714	87	184
1497	712	87	188
1497	717	83	179
1492	710	88	194
1488	707	91	198
1492	696	84	199
1490	705	84	209
1484	691	88	213
1482	694	86	197
1485	695	79	197
1480	701	82	193
1478	691	83	201
1470	690	94	201
1474	695	86	184
1473	698	84	182
1465	700	89	183
1462	700	92	184
1466	698	84	192
1460	702	92	214
1457	705	92	235
1452	704	92	221
1460	702	83	222
1451	699	91	221
1450	706	89	206
1449	715	89	191
1447	707	87	202
1446	711	81	179
1441	716	85	171
1439	715	87	178
1438	718	87	195
1441	713	77	179
1434	720	83	187
1437	721	80	175
1435	731	75	172
1431	730	75	180
1428	724	80	198
1431	728	75	189
1426	740	74	183
1423	735	81	173
1419	745	79	161
1417	741	81	178
1421	743	76	175
1413	748	88	185
1412	750	83	169
1412	739	80	178
1409	748	86	175
1413	743	81	172
1414	743	76	174
1412	742	77	172
1411	740	73	165
1412	742	70	174
1409	735	75	168
1412	737	74	181
1408	739	76	165
1401	737	79	172
1401	734	76	170
1403	737	73	168
1399	736	74	175
1399	728	72	173
1398	727	73	164
1396	729	71	153
1394	729	74	154
1396	728	70	140
1393	721	76	159
1394	725	72	158
1394	720	69	160
1396	715	68	170
1395	719	66	157
1394	712	68	169
1391	706	66	177
1394	712	61	175
1389	712	67	172
1389	711	66	169
1389	717	63	171
1388	713	62	166
1388	718	60	160
1387	716	57	160
1384	716	63	172
1381	715	67	166
1384	719	63	158
1382	720	63	157
1384	720	62	154
1381	724	64	154
1380	721	65	159
1380	722	65	151
1379	723	62	153
1377	718	65	158
1377	723	63	159
1374	725	65	157
1374	733	62	142
1367	726	72	162
1372	724	66	166
1372	723	64	167
1373	719	61	163
1373	719	60	163
1370	718	62	166
1369	717	59	156
1367	712	64	158
1367	719	64	151
1365	712	62	161
1367	709	57	159
1365	703	57	167
1364	710	59	155
1365	705	55	156
1367	701	54	160
1367	707	54	164
1362	705	56	171
1358	705	60	160
1358	705	61	160
1358	704	56	148
1359	705	57	155
1360	704	53	159
1356	706	56	154
1354	707	56	155
1351	710	60	150
1350	716	62	141
1351	713	60	150
1349	716	61	143
1349	709	58	151
1349	718	59	141
1348	720	58	139
1345	727	60	134
1344	734	63	137
1345	731	60	140
1348	728	56	145
1343	740	62	133
1346	730	55	152
1347	730	56	157
1347	733	56	156
1347	734	55	149
1346	737	55	149
1343	737	56	142
1347	741	54	145
1344	730	55	145
1345	741	53	134
1344	735	55	137
1345	731	53	140
1346	728	52	143
1343	733	53	145
1342	732	52	132
1343	734	51	132
1343	731	52	139
1344	729	51	147
1346	725	50	155
1343	729	50	143
1344	727	49	148
1342	729	52	146
1344	729	49	139
1344	727	48	145
1340	727	53	136
1342	728	54	138
1344	724	49	143
1342	729	49	143
1340	731	52	128
1337	726	55	130
1337	730	53	129
1338	734	54	120
1341	725	52	125
1339	728	54	125
1340	725	50	129
1339	724	51	127
1336	724	50	131
1336	721	52	138
1336	719	51	138
1335	722	51	132
1335	722	55	139
1333	720	55	134
1333	723	55	132
1332	720	52	131
1334	719	49	132
1333	716	51	135
1333	718	49	126
1332	722	50	118
1331	723	49	118
1328	721	52	113
1327	717	53	118
1328	715	51	121
1328	716	52	123
1331	709	48	128
1329	705	51	136
1332	711	45	127
1330	710	45	126
1330	708	45	123
1331	706	46	129
1331	703	46	126
1328	700	50	131
1328	697	48	133
1329	696	48	130
1328	699	48	133
1329	701	47	122
1328	697	48	124
1329	693	47	136
1330	689	48	136
1329	693	51	122
1331	691	46	124
1329	686	48	128
1326	688	51	128
1330	697	44	118
1332	689	43	119
1331	686	45	126
1330	686	45	129
1330	682	45	132
1331	681	45	131
1328	678	46	125
1326	680	48	129
1326	677	45	126
1323	678	47	121
1323	675	46	122
1321	673	47	125
1324	673	44	123
1321	672	43	123
1321	670	43	122
1317	671	44	120
1317	669	45	125
1315	671	48	124
1314	677	55	116
1315	673	54	118
1311	667	47	124
1311	671	49	118
1312	667	43	120
1311	664	45	123
1311	660	48	128
1312	658	43	132
1312	659	43	125
1310	659	50	116
1309	658	46	121
1311	651	41	125
1310	647	42	126
1310	649	43	122
1310	652	42	116
1308	652	46	115
1306	647	45	120
1306	646	45	119
1307	647	45	118
1307	646	43	117
1308	650	41	111
1306	647	42	110
1301	644	48	115
1302	641	45	117
1301	643	43	113
1303	647	43	104
1300	645	46	104
1301	647	45	104
1303	645	43	104
1303	640	42	109
1300	641	43	107
1302	640	42	105
1303	637	39	109
1300	634	41	115
1298	639	46	109
1302	629	38	117
1300	622	41	129
1299	630	40	121
1298	631	39	115
1297	634	40	112
1293	639	41	102
1292	635	40	110
1289	639	42	104
1288	633	41	109
1287	624	42	112
1283	622	48	113
1282	624	41	111
1284	628	40	109
1281	631	42	105
1280	631	41	100
1278	626	46	108
1281	631	41	102
1279	631	42	102
1277	626	45	109
1277	628	45	108
1276	631	47	104
1280	626	42	102
1280	628	40	100
1278	631	42	98
1277	628	44	103
1276	631	44	97
1276	627	46	95
1281	625	39	98
1279	623	41	100
1278	620	44	101
1279	627	41	95
1279	619	39	101
1278	620	43	113
1281	620	35	110
1279	625	38	96
1278	627	39	92
1278	624	38	98
1276	622	39	97
1278	621	37	104
1279	617	35	98
1276	618	38	97
1275	616	39	103
1278	615	38	100
1279	614	33	101
1278	617	35	99
1277	616	35	97
1278	615	35	99
1277	613	37	99
1276	613	38	96
1275	616	38	100
1273	615	39	97
1269	616	45	98
1271	619	42	94
1273	618	40	92
1270	613	42	96
1268	615	45	96
1269	615	43	92
1269	613	40	97
1270	612	38	95
1270	609	37	95
1267	607	41	104
1269	609	38	97
1269	607	40	96
1267	611	41	90
1264	610	45	94
1270	612	39	92
1269	610	39	91
1266	609	43	98
1268	606	40	94
1270	601	36	98
1271	597	36	105
1270	595	36	103
1269	593	35	104
1272	592	33	102
1272	592	34	105
1270	588	36	107
1267	596	38	98
1267	598	39	95
1266	591	38	100
1266	594	43	103
1269	592	39	99
1268	594	37	91
1267	601	37	82
1267	597	39	85
1268	591	33	92
1264	601	38	86
1263	600	42	84
1265	598	38	83
1262	596	39	86
1261	591	40	83
1263	594	38	86
1263	583	36	94
1263	588	36	96
1261	579	40	106
1261	582	38	102
1260	577	40	105
1265	572	36	109
1261	578	40	97
1260	577	40	99
1261	581	38	92
1261	577	37	102
1260	579	35	95
1262	577	36	97
1260	579	40	89
1262	575	37	101
1264	576	33	104
1267	576	32	103
1265	574	32	108
1264	578	35	103
1265	583	36	99
1267	578	32	99
1263	585	35	90
1267	585	29	89
1263	580	36	90
1261	587	40	98
1261	578	41	103
1264	574	37	104
1263	584	39	97
1264	586	36	96
1261	590	36	88
1263	596	34	83
1263	596	36	76
1262	593	37	81
1262	596	39	84
1263	593	39	82
1262	593	40	89
1262	594	42	91
1262	593	41	90
1264	595	37	91
1263	598	38	84
1261	592	39	84
1267	593	36	88
1262	595	37	87
1265	597	35	85
1263	601	39	77
1266	602	36	78
1263	598	39	80
1263	598	39	80
1263	598	39	80
1266	596	35	88
1267	615	33	86
1267	615	33	86
1268	602	34	89
1270	611	31	93
1269	608	36	87
1269	608	36	87
1272	617	37	78
1272	630	34	72
1272	630	34	72
1308	557	37	72
1269	620	39	74
1269	620	39	74
1269	620	39	74
1269	620	39	74
1269	620	39	74
1269	620	39	74
1269	620	39	74
1269	620	39	74
1269	620	39	74
1261	603	30	78
1259	605	37	76
1255	596	42	82
1259	600	43	80
1259	598	40	82
1257	594	40	84
1258	587	39	86
1260	590	37	91
1259	573	37	98
1260	575	38	96
1261	583	41	92
1261	583	41	92
1261	583	41	92
1257	590	50	89
1257	590	50	89
1257	590	50	89
1260	587	35	87
1260	587	35	87
1260	587	35	87
1263	591	40	90
1261	569	35	93
1261	557	37	97
1260	561	38	94
1263	567	31	93
1261	560	37	98
1261	560	37	98
1261	560	37	98
1261	564	36	94
1261	564	36	94
1258	545	39	102
1258	545	39	102
1263	548	34	96
1263	548	34	96
1263	548	34	96
1266	568	34	90
1266	568	34	90
1266	568	34	90
1262	558	31	91
1258	564	35	85
1257	564	36	82
1257	564	36	82
1259	565	35	91
1259	554	31	90
1258	551	30	88
1255	544	41	96
1259	548	29	95
1258	546	26	103
1258	547	35	104
1258	553	41	94
1258	551	41	89
1257	552	39	87
1257	548	38	89
1263	548	36	85
1263	548	36	85
1260	545	35	94
1259	552	40	88
1257	547	40	83
1260	553	36	90
1260	555	38	86
1260	555	37	88
1259	556	39	79
1307	557	29	88
1259	544	36	83
1262	550	34	74
1256	552	40	65
1258	552	39	60
1259	551	40	65
1258	550	40	67
1257	549	36	69
1257	549	36	69
1258	543	33	69
1256	553	36	73
1256	549	41	77
1253	553	42	78
1248	552	46	75
1250	553	45	72
1251	553	46	70
1255	547	38	70
1257	550	38	67
1256	551	39	75
1258	550	37	68
1259	547	28	74
1301	551	34	67
1258	549	28	62
1304	544	32	69
1258	543	33	59
1259	542	32	65
1259	542	35	67
1259	534	35	76
1257	555	37	69
1258	548	37	79
1258	549	36	74
1257	544	36	73
1263	555	29	64
1263	555	32	61
1263	555	30	64
1308	550	33	73
1259	553	40	76
1255	548	43	84
1260	546	38	79
1261	545	36	79
1261	545	37	86
1259	543	38	91
1266	547	31	81
1263	547	34	77
1263	552	34	70
1261	551	35	69
1261	551	37	71
1265	553	36	69
1268	556	32	70
1265	557	31	66
1264	553	34	67
1261	552	37	71
1255	566	48	62
1263	555	36	64
1263	552	38	70
1262	559	37	65
1257	570	39	58
1257	554	43	67
1262	571	33	55
1267	566	29	52
1262	572	38	48
1261	571	38	55
1259	565	43	59
1259	556	43	58
1262	554	48	64
1308	577	43	75
1266	585	43	68
1260	568	49	76
1262	561	41	77
1262	562	39	82
1260	568	42	81
1258	573	50	84
1262	575	44	88
1263	558	41	91
1269	564	32	94
1269	559	31	97
1269	564	32	97
1271	552	33	105
1272	546	25	112
1271	542	29	109
1268	547	35	97
1262	558	39	88
1304	586	46	88
1268	568	54	83
1276	577	45	78
1267	570	47	75
1274	586	35	75
1267	587	43	70
1270	582	41	73
1271	596	38	67
1274	594	38	68
1275	598	35	60
1276	595	33	65
1275	592	34	66
1276	594	32	68
1276	591	40	73
1275	587	39	73
1275	589	47	71
1273	591	53	67
1277	589	50	64
1270	594	56	60
1275	591	46	56
1272	591	42	53
1274	590	42	63
1279	590	36	68
1269	584	41	69
1273	582	43	74
1319	598	37	71
1276	573	38	75
1273	576	44	66
1276	577	38	74
1360	685	49	69
1361	683	49	59
1355	683	59	56
1358	678	51	56
1260	566	61	56
1267	573	58	54
1275	571	52	54
1279	574	44	58
1282	583	48	57
1281	574	39	62
1280	567	39	74
1284	563	34	75
1277	566	44	70
1279	571	42	66
1283	563	38	67
1279	573	44	63
1276	572	40	56
1368	660	44	49
1278	575	39	54
1280	571	36	53
1276	572	40	50
1276	568	40	52
1276	578	36	54
1272	583	36	59
1287	568	33	59
1287	568	33	59
1282	572	39	64
1278	564	41	59
1282	571	36	53
1282	568	31	54
1282	568	31	54
1286	564	29	57
1287	558	27	60
1285	556	30	61
1289	560	27	68
1285	555	29	73
1285	551	31	75
1373	649	40	77
1281	555	34	73
1284	562	34	69
1282	554	40	58
1280	553	38	60
1280	560	45	67
1278	550	44	71
1282	557	35	67
1284	556	32	65
1281	556	35	66
1285	554	31	72
1279	553	38	74
1280	554	35	68
1291	554	29	67
1285	559	34	71
1279	557	37	75
1284	553	34	83
1288	551	32	78
1287	546	35	86
1287	540	38	92
1286	544	36	94
1288	539	30	101
1285	535	39	94
1284	538	31	88
1286	544	31	86
1286	545	32	80
1283	541	30	80
1287	543	33	74
1288	544	30	68
1290	549	29	68
1288	547	34	69
1289	545	32	76
1291	549	30	78
1291	546	31	70
1290	543	33	69
1290	541	33	73
1292	543	32	77
1290	540	34	78
1289	541	34	77
1290	541	32	67
1291	539	33	72
1289	543	32	67
1292	542	22	72
1290	541	28	69
1293	539	31	71
1289	532	40	75
1290	543	38	72
1290	543	37	77
1289	544	33	78
1290	542	32	72
1290	537	28	71
1291	540	28	65
1289	542	25	62
1283	541	28	56
1276	543	28	51
1274	545	25	49
1271	552	28	45
1268	545	27	46
1257	540	35	50
1257	541	30	47
1254	543	25	39
1254	543	25	39
1260	559	28	41
1257	557	32	45
1253	554	32	48
1253	554	32	48
1204	535	36	41
1206	533	30	43
1198	530	30	46
1187	526	35	52
1187	526	35	52
1187	526	35	52
1187	526	35	52
1165	522	27	59
1182	527	37	68
1146	522	32	63
1144	525	34	60
1141	522	31	65
1140	522	42	59
1146	530	45	68
1149	525	43	76
1139	520	47	81
1120	524	45	71
1121	518	43	66
1125	520	57	63
1125	520	57	63
1125	520	57	63
1116	523	65	56
1113	518	72	63
1116	525	76	67
1116	524	71	60
1093	519	75	67
1093	519	75	67
1110	519	69	67
1121	526	62	73
1110	525	58	78
1118	524	67	80
1119	523	64	78
1126	526	53	65
1109	521	69	65
1104	523	57	62
1110	517	45	64
1113	516	39	67
1117	519	34	64
1113	520	30	59
1119	520	32	53
1116	521	34	56
1114	523	38	57
1117	523	34	51
1117	521	35	54
1116	522	34	51
1118	522	32	50
1115	524	35	56
1116	524	36	54
1115	516	35	54
1114	519	33	64
1117	516	37	63
1117	513	35	70
1118	514	33	58
1118	514	32	59
1117	517	26	54
1127	507	33	53
1133	507	40	62
1116	508	46	60
1119	509	60	61
1136	511	61	69
1133	515	53	71
1141	509	51	77
1138	505	46	73
1147	508	35	79
1147	508	39	77
1141	508	39	71
1115	498	33	73
1117	503	25	74
1115	495	29	71
1118	498	21	66
1121	493	22	71
1116	497	29	66
1117	504	27	63
1116	504	26	60
1117	495	20	67
1117	502	25	63
1116	506	26	65
1147	502	30	67
1116	504	27	65
1118	498	30	59
1116	501	29	54
1116	501	31	54
1117	502	30	59
1116	499	28	55
1117	506	28	52
1121	496	26	51
1117	498	29	58
1117	500	28	58
1117	503	29	57
1116	505	32	57
1117	498	30	51
1119	501	27	49
1117	501	32	50
1118	502	27	51
1119	503	30	51
1118	501	29	50
1119	500	25	53
1125	503	20	53
1121	509	22	51
1120	496	25	60
1121	489	19	65
1125	490	21	70
1121	492	28	66
1117	495	34	63
1116	496	41	51
1122	495	48	55
1113	497	57	49
1110	495	61	54
1097	498	63	69
1114	491	61	78
1118	494	53	74
1115	488	65	72
1123	490	61	81
1103	483	73	90
1111	474	68	104
1120	480	63	94
1116	485	63	89
1110	487	70	79
1114	484	63	83
1115	486	61	79
1123	488	54	73
1122	487	55	82
1119	492	62	73
1119	492	62	73
1118	488	60	66
1120	485	59	72
1117	485	57	70
1122	475	53	78
1116	482	57	76
1113	479	64	77
1108	484	69	70
1112	475	68	79
1099	486	80	72
1108	482	69	67
1100	483	75	69
1105	485	73	69
1092	491	79	62
1106	488	70	61
1097	483	77	64
1106	482	67	80
1116	472	64	87
1108	476	67	82
1107	477	75	79
1100	473	81	86
1105	469	80	93
1115	476	62	96
1111	468	72	84
1115	469	68	81
1119	474	56	73
1116	473	62	75
1117	469	57	86
1117	469	62	87
1123	468	56	85
1122	470	55	83
1126	460	56	84
1126	460	60	80
1123	461	63	72
1125	457	60	78
1119	457	67	77
1113	460	70	77
1108	457	77	90
1124	460	66	82
1123	455	62	94
1125	451	61	88
1122	454	62	75
1122	450	65	79
1119	451	65	85
1123	451	65	86
1125	449	60	96
1127	451	57	105
1135	445	53	102
1127	437	56	92
1129	442	66	75
1134	445	56	76
1133	445	58	68
1145	439	45	69
1128	433	54	67
1122	431	65	69
1119	435	62	68
1122	430	59	65
1125	432	56	61
1126	429	58	68
1126	429	62	65
1121	429	67	56
1117	432	67	49
1126	429	62	53
1126	427	65	65
1127	426	59	66
1127	421	59	70
1129	423	60	72
1129	418	58	76
1130	424	59	86
1132	417	58	92
1132	413	62	93
1125	412	60	78
1127	412	67	75
1127	417	56	67
1129	414	57	68
1125	411	63	68
1130	408	58	67
1132	406	59	72
1133	408	50	78
1132	404	59	78
1126	401	64	82
1124	404	77	68
1131	408	61	53
1131	405	62	62
1131	399	65	71
1134	403	60	76
1132	404	54	70
1129	395	53	77
1129	396	61	78
1130	393	64	80
1128	390	65	84
1127	388	66	82
1134	391	66	91
1129	392	63	76
1129	385	66	81
1128	390	67	74
1130	387	69	83
1134	388	69	74
1129	384	74	74
1131	382	84	76
1128	382	82	68
1131	376	82	80
1134	372	73	85
1141	366	59	98
1134	364	63	102
1132	366	64	97
1132	370	65	91
1127	368	77	80
1129	366	78	83
1136	368	74	84
1131	361	73	85
1137	365	67	86
1130	359	67	84
1134	357	63	84
1134	349	68	93
1126	348	77	92
1131	345	67	104
1127	336	71	111
1131	345	65	114
1132	346	69	97
1139	356	59	111
1132	332	63	125
1136	330	64	115
1141	334	59	111
1142	338	56	101
1141	339	56	95
1138	340	62	77
1140	343	61	74
1135	338	59	81
1136	332	59	99
1131	321	68	108
1123	318	80	112
1127	322	72	92
1122	322	83	80
1120	322	86	89
1126	316	78	87
1135	324	71	86
1124	319	79	78
1135	317	71	84
1141	326	63	75
1132	323	69	75
1143	325	56	82
1148	319	57	91
1148	322	53	84
1139	320	57	87
1136	318	67	79
1143	310	62	92
1140	299	66	99
1131	299	76	83
1130	299	80	84
1128	296	83	89
1139	299	69	98
1141	295	67	109
1134	295	71	118
1132	292	89	98
1133	290	77	99
1132	286	85	92
1130	280	80	89
1133	293	83	73
1129	283	80	76
1130	286	74	78
1131	291	74	72
1135	285	75	71
1138	288	73	77
1136	283	75	75
1136	286	73	71
1132	289	80	75
1138	288	63	72
1133	281	69	75
1134	274	60	83
1140	276	72	80
1134	267	78	89
1134	261	65	102
1132	261	76	107
1138	260	70	105
1130	259	75	101
1134	259	74	100
