729	609	38	97
725	606	39	92
726	608	38	88
723	611	40	85
722	611	37	85
722	612	37	91
724	613	43	94
713	602	47	97
722	598	46	101
722	594	45	109
720	603	48	98
724	601	40	100
728	608	38	95
728	606	39	86
727	606	31	95
730	611	31	86
730	611	31	86
721	605	36	93
721	605	36	93
721	605	36	93
727	611	34	93
722	604	47	97
722	593	42	100
718	595	49	91
718	590	51	101
715	592	55	99
716	590	70	98
717	582	78	110
713	580	85	109
715	577	79	106
713	593	82	93
717	586	75	100
716	583	76	117
715	582	79	108
718	577	80	113
719	579	74	107
717	584	76	105
712	586	85	93
716	586	80	93
719	584	77	99
714	578	80	98
714	571	82	105
720	576	78	99
715	573	81	107
718	576	66	115
713	576	86	103
721	575	75	110
714	566	85	114
718	566	71	114
719	553	82	124
716	559	74	122
720	564	64	112
718	573	86	101
720	570	81	110
720	569	77	108
730	566	59	118
730	560	58	130
733	563	62	122
740	571	71	120
736	562	70	122
734	561	79	132
737	557	67	137
734	557	67	139
744	561	79	139
739	558	60	148
777	568	60	135
740	571	56	130
739	594	50	116
725	593	51	110
718	605	47	109
693	606	46	95
683	617	35	82
665	627	40	70
634	636	42	68
634	636	42	68
602	638	34	67
602	638	34	67
581	634	38	74
571	642	41	70
571	642	41	70
571	642	41	70
557	648	34	70
557	653	37	70
555	655	40	67
556	655	38	66
556	655	38	66
556	659	38	71
555	658	37	76
558	651	41	81
561	644	37	90
566	653	34	85
569	637	33	90
570	634	32	100
569	630	35	102
574	629	34	104
575	644	42	98
575	647	39	98
578	648	47	102
580	630	41	111
584	637	46	104
583	632	45	110
584	634	45	104
584	633	39	109
587	636	41	106
587	639	44	110
588	632	47	112
585	630	49	106
587	639	44	103
589	634	43	102
586	635	45	110
582	634	60	111
584	637	47	104
587	632	41	106
588	633	39	102
587	636	39	98
585	634	46	100
591	633	39	103
586	632	39	97
588	633	36	101
585	633	41	105
586	632	40	114
586	630	37	118
584	629	41	113
584	626	51	115
579	620	67	122
574	624	74	111
580	628	66	104
576	625	71	115
577	622	72	107
580	619	54	117
570	628	61	118
574	622	47	124
571	625	46	125
574	630	43	114
571	623	55	127
573	623	56	117
571	623	56	116
574	622	51	130
554	618	74	134
560	622	60	122
554	624	58	129
554	637	55	112
556	628	57	117
552	626	59	125
554	624	59	137
548	628	58	136
547	621	53	144
541	626	59	142
545	628	60	160
542	624	58	161
538	623	59	163
538	628	62	164
533	639	65	158
532	630	58	161
530	632	60	167
531	619	50	162
522	628	64	156
517	627	61	152
519	628	60	165
516	632	63	168
515	625	57	167
514	635	53	154
511	639	52	151
510	638	66	153
507	641	74	174
498	637	70	162
500	637	58	152
498	647	54	145
496	649	58	152
490	650	63	144
493	649	57	158
488	649	66	151
484	653	70	150
487	647	60	137
487	655	57	130
483	653	58	123
483	653	60	132
483	653	62	130
479	652	66	136
476	649	67	133
474	654	70	123
477	658	71	133
470	660	74	121
476	660	74	133
468	661	77	127
472	658	79	130
468	656	77	128
465	657	81	125
462	660	89	134
463	658	84	123
462	655	96	142
467	650	80	143
468	654	85	132
461	653	92	131
458	654	95	118
462	655	92	121
464	655	90	119
460	655	93	126
485	661	83	134
485	662	71	118
457	647	79	125
497	664	55	116
506	662	47	119
459	635	41	120
460	638	39	110
512	657	39	122
514	652	41	128
514	649	41	123
512	648	42	112
512	653	40	104
463	635	43	101
463	634	45	106
466	633	40	100
465	629	41	108
467	630	43	111
469	619	43	123
469	624	46	113
529	644	42	112
532	639	40	123
478	623	44	115
485	624	38	117
537	642	43	109
485	625	40	108
539	631	46	114
545	627	45	116
548	632	42	126
549	639	45	116
552	638	44	123
553	638	42	117
558	639	39	110
558	639	41	121
557	632	43	119
556	635	46	116
562	635	42	111
560	632	43	110
565	630	42	124
564	627	46	123
565	626	44	114
569	625	43	122
569	624	41	117
569	624	42	117
570	621	43	111
571	625	40	107
575	621	38	115
573	620	42	118
572	621	42	117
575	618	43	115
574	616	38	117
577	622	37	115
576	620	40	117
576	616	41	122
576	618	41	117
577	615	42	116
576	617	44	114
579	615	40	110
577	618	45	114
578	617	39	111
579	617	42	116
578	618	41	118
578	618	41	111
578	614	41	121
580	618	39	124
578	617	39	122
580	615	39	124
580	619	40	119
577	620	42	113
578	621	43	112
580	622	37	108
582	620	37	114
578	620	42	107
580	619	41	110
582	618	37	115
582	622	37	108
583	624	37	109
579	625	39	103
581	625	40	102
582	626	37	109
583	627	38	109
583	624	38	109
582	622	40	107
584	626	38	105
581	623	44	108
573	625	54	108
582	623	45	108
572	622	55	110
568	627	58	108
571	624	57	110
572	617	54	121
575	616	53	126
576	619	48	124
578	621	50	120
582	622	47	120
586	619	43	115
587	619	38	108
589	620	39	103
589	621	40	107
591	624	38	107
587	620	42	110
588	618	41	109
592	622	40	112
588	618	45	112
589	620	47	114
588	624	49	109
589	625	48	107
593	627	47	104
593	624	47	108
585	623	57	106
587	620	60	112
585	618	61	115
590	621	63	116
589	622	63	114
592	623	64	111
590	617	66	118
585	614	76	122
587	622	74	116
588	615	74	116
584	615	81	118
587	622	84	114
581	628	92	110
582	620	95	117
578	616	98	128
579	616	98	125
576	627	102	111
581	633	100	105
561	631	125	106
574	637	110	98
594	628	111	111
571	622	115	115
575	625	143	115
560	625	131	111
569	634	150	107
561	631	128	113
566	638	134	107
618	632	116	111
558	634	127	113
553	637	131	100
550	634	130	107
548	631	138	114
563	627	154	122
540	634	152	109
532	635	149	110
532	633	152	108
527	632	157	107
524	629	155	116
518	639	168	99
522	636	162	108
521	637	162	111
512	636	169	109
505	638	181	110
490	638	190	107
505	643	183	105
499	644	188	101
504	648	172	100
502	647	175	103
491	639	182	119
488	638	191	110
478	639	200	104
475	643	200	105
475	637	213	108
482	640	198	108
468	648	221	100
481	658	203	90
477	648	210	103
478	651	203	102
472	653	217	94
473	654	208	92
461	657	235	96
464	655	224	105
466	655	216	107
466	650	211	115
465	659	218	101
463	651	218	109
468	655	215	111
465	662	217	103
459	657	228	109
459	660	236	106
455	654	226	115
455	665	240	100
454	659	239	105
456	663	236	104
446	665	254	109
447	666	266	115
461	673	302	104
442	674	332	108
454	673	316	103
451	672	309	120
455	684	333	103
444	673	321	126
468	671	327	125
457	669	290	131
471	685	259	116
474	681	249	109
473	681	264	113
470	688	266	102
481	683	255	115
483	681	261	125
483	685	268	114
485	688	275	112
488	694	293	106
497	699	256	95
493	696	264	102
497	705	261	101
499	704	257	106
500	705	259	103
514	709	242	109
515	710	240	104
526	715	229	106
527	718	231	107
523	716	241	108
526	718	240	104
530	721	227	103
516	714	257	126
521	712	250	129
532	717	250	117
522	718	265	119
524	714	262	132
545	721	246	123
553	725	242	113
559	724	239	114
545	728	261	110
567	717	240	124
569	719	227	125
573	720	214	115
576	716	209	126
581	717	198	118
579	712	199	124
584	719	200	108
584	718	213	110
584	720	200	104
587	722	194	101
590	718	194	111
590	708	176	123
584	715	202	105
593	710	173	110
591	708	188	117
589	712	180	115
591	710	186	118
593	708	178	116
591	713	190	110
595	711	190	109
595	707	174	111
594	700	172	118
595	698	162	114
598	697	150	116
597	691	169	117
595	687	168	121
596	693	163	118
592	683	174	129
591	692	158	122
597	694	137	119
596	688	140	121
595	692	143	117
593	691	147	114
593	691	157	114
595	686	134	122
598	688	142	117
592	687	166	116
593	685	137	118
596	687	135	111
596	677	155	120
593	680	142	117
598	677	135	114
599	679	129	118
599	682	128	113
594	680	132	116
597	680	134	112
593	674	136	115
601	676	124	118
599	681	121	117
598	677	125	120
600	673	115	124
598	677	119	122
597	684	132	110
600	678	125	117
602	676	128	118
601	668	122	122
605	675	121	118
603	680	129	109
602	687	117	108
603	683	115	109
605	681	114	107
602	685	119	105
603	680	113	108
605	677	118	110
607	675	110	113
606	678	122	113
608	683	134	103
603	677	129	109
603	675	148	105
595	677	149	102
601	674	151	99
599	670	142	106
594	667	172	105
592	664	164	103
590	660	151	106
589	653	147	114
595	673	149	86
560	666	149	102
592	659	146	110
595	670	124	104
597	666	112	102
595	665	115	97
593	659	94	112
594	660	74	111
594	662	84	108
590	656	72	111
592	662	83	99
588	656	66	102
595	658	63	101
596	663	70	92
590	652	56	104
593	654	67	101
589	655	67	111
592	654	77	102
586	649	59	103
583	643	60	112
581	639	60	116
583	641	52	110
583	640	54	108
584	637	54	117
587	639	55	118
580	629	54	105
580	629	59	109
579	629	52	108
582	632	53	109
579	633	52	107
577	636	53	99
578	635	58	101
576	628	51	104
577	636	57	102
579	638	57	96
576	631	48	96
573	626	50	104
573	629	47	102
574	630	53	100
574	625	54	106
574	627	52	98
574	622	41	102
569	614	49	111
567	615	48	112
573	611	42	115
568	608	43	109
566	612	45	107
568	602	40	104
569	602	43	119
567	601	44	107
565	596	49	108
562	601	51	100
567	606	37	90
567	606	33	91
567	606	34	99
567	607	34	97
563	601	42	102
560	599	48	105
558	594	50	106
558	595	54	108
558	598	53	96
559	596	52	109
552	591	54	105
555	595	60	98
555	594	58	94
551	588	55	99
553	585	52	101
552	586	52	98
552	588	60	93
550	578	69	105
549	584	73	99
536	589	75	86
544	589	61	91
545	587	46	87
546	585	60	88
539	580	56	90
534	582	59	84
531	574	61	95
523	575	61	94
529	576	60	96
523	574	60	99
531	580	60	106
526	576	59	102
521	578	55	95
523	585	57	81
522	583	54	81
522	579	52	95
526	569	39	106
524	572	39	101
521	570	37	103
517	571	46	103
515	570	45	100
514	575	49	94
518	566	41	107
516	565	47	103
509	562	51	110
506	557	62	109
506	547	72	118
504	548	65	118
501	553	59	112
504	550	55	118
503	558	58	114
500	555	51	114
498	557	58	109
503	567	49	103
502	560	51	104
498	562	50	104
495	564	71	104
500	561	70	102
498	559	72	99
501	557	56	109
500	564	48	98
500	559	57	107
500	568	62	112
500	561	54	108
500	559	57	115
501	554	45	116
500	555	52	116
504	556	59	106
505	558	45	105
502	554	41	108
506	550	43	112
501	545	47	127
505	544	44	131
515	573	52	124
504	560	66	108
514	560	65	112
508	571	56	100
513	568	56	97
514	563	52	102
514	565	60	106
515	572	69	102
514	568	77	102
517	568	57	96
519	566	46	93
520	558	46	96
523	571	48	93
524	563	43	107
523	566	40	88
524	562	45	92
521	563	51	104
520	553	52	109
524	552	42	108
523	556	43	112
522	557	41	107
523	555	41	114
519	552	47	121
521	548	41	120
522	554	42	111
517	552	45	104
519	557	43	99
520	555	41	101
522	557	42	111
520	558	38	112
518	553	46	116
516	552	44	117
517	549	42	117
512	545	44	116
511	553	46	129
508	559	45	113
509	557	38	109
509	556	40	110
507	562	48	98
502	565	50	94
490	566	57	90
499	567	49	101
498	567	41	93
495	562	49	107
493	565	48	97
496	562	48	88
491	565	42	83
491	569	44	78
484	570	50	80
484	563	52	93
483	562	61	94
482	559	43	104
479	562	43	97
479	561	41	98
477	565	44	87
475	567	48	105
473	569	51	114
474	572	56	118
471	565	54	119
473	571	39	114
467	567	44	104
467	558	42	105
469	552	44	118
469	551	41	126
468	553	45	125
465	550	42	118
468	542	41	121
464	565	36	115
464	565	36	115
464	565	36	115
504	656	46	116
544	582	50	124
468	564	41	118
471	571	46	112
464	574	56	106
465	580	52	115
467	571	42	110
473	582	50	104
469	580	61	97
472	578	45	95
472	572	42	100
472	568	47	112
472	563	46	108
481	563	37	114
486	575	33	123
479	571	47	115
478	579	43	104
483	582	45	94
481	582	52	78
485	581	50	80
488	582	45	80
488	580	41	67
492	578	40	69
494	576	38	73
495	574	39	78
505	572	42	82
506	574	38	88
508	577	34	83
507	581	39	81
514	585	33	83
517	586	29	73
515	578	32	69
517	581	31	63
514	570	36	74
