39	791	362	195
54	788	376	196
70	788	367	184
85	790	360	188
106	791	353	196
126	786	344	197
137	780	352	205
146	788	358	203
148	788	363	194
162	792	356	193
182	787	351	201
186	788	351	199
195	786	354	197
207	798	347	193
212	796	348	199
222	795	348	198
227	789	347	201
238	792	348	210
236	806	351	203
243	791	353	199
249	805	364	202
253	803	357	204
256	811	369	199
269	805	364	203
269	804	357	202
279	807	361	218
282	817	366	205
291	814	358	203
302	819	352	197
306	817	362	210
325	814	360	207
334	814	355	208
344	810	361	205
371	812	359	214
386	805	357	214
412	815	347	204
434	808	350	213
453	798	353	227
479	804	345	217
505	803	346	212
533	803	349	203
560	803	352	203
595	802	351	209
626	792	357	221
660	796	352	219
692	790	343	230
719	797	341	217
738	799	340	216
752	801	360	215
772	803	351	216
793	805	338	218
801	798	343	242
806	803	360	237
812	806	349	232
821	802	350	236
828	801	349	253
831	803	356	255
834	798	347	263
837	803	363	266
851	807	341	247
853	810	356	254
846	809	356	259
849	804	361	261
851	817	356	237
862	813	362	252
864	813	351	247
877	812	350	259
870	816	362	249
872	816	367	257
879	816	364	253
887	821	362	252
882	814	368	254
885	824	376	252
893	825	346	247
892	829	372	239
901	830	363	233
900	825	369	248
906	832	376	243
910	830	368	236
918	829	365	246
916	828	377	243
921	829	378	240
930	831	375	247
930	842	377	226
933	836	391	230
946	838	377	244
944	840	384	232
948	845	384	226
957	841	384	232
950	846	397	224
953	845	396	224
968	846	380	224
970	847	364	219
969	849	287	181
977	842	278	192
982	838	276	206
995	840	264	203
988	838	277	200
991	837	281	219
1033	830	306	241
993	844	361	225
999	832	292	223
1020	835	342	236
1007	841	288	212
1018	852	319	194
1026	846	319	219
1018	857	299	192
1022	846	302	215
1022	852	306	206
1019	851	304	197
1044	850	312	217
1048	844	288	207
1041	848	296	219
1037	847	311	215
1058	862	387	213
1057	864	413	206
1053	861	411	208
1054	867	427	203
1063	859	409	208
1068	860	416	208
1068	869	417	202
1068	863	427	208
1081	859	418	209
1080	869	423	206
1080	871	427	195
1084	872	423	198
1090	867	431	201
1094	876	439	196
1092	869	445	203
1104	878	430	189
1107	875	430	196
1114	870	427	197
1112	870	434	202
1115	875	431	187
1121	876	428	191
1120	876	433	191
1133	876	422	195
1138	880	414	188
1138	878	422	193
1142	877	423	194
1137	880	437	192
1145	881	429	193
1145	880	437	190
1150	880	424	191
1146	889	440	178
1152	884	431	186
1153	888	427	180
1154	887	434	180
1158	883	433	192
1152	886	451	187
1163	883	431	187
1163	892	426	184
1169	888	424	187
1173	886	418	190
1175	891	420	181
1172	890	424	183
1179	887	415	186
1179	890	415	183
1185	889	402	184
1185	890	409	185
1188	889	412	185
1198	888	403	185
1189	899	420	176
1194	899	415	174
1200	898	416	175
1211	888	410	181
1212	890	407	183
1217	890	408	185
1220	890	398	184
1223	883	393	189
1222	886	397	188
1233	885	388	185
1237	881	388	191
1234	883	390	187
1237	883	392	185
1241	877	388	196
1245	874	374	197
1258	872	365	194
1273	873	349	201
1273	873	340	193
1277	864	353	207
1281	865	351	201
1291	871	343	196
1289	865	335	200
1295	872	333	191
1301	865	325	199
1300	857	329	208
1310	855	324	208
1313	847	319	221
1319	862	319	202
1322	848	299	213
1326	845	293	220
1330	841	287	220
1333	846	292	214
1339	847	282	205
1337	837	284	224
1345	838	270	214
1350	833	268	212
1358	825	255	210
1366	826	242	206
1366	825	236	207
1370	820	228	212
1373	821	228	205
1376	813	224	211
1379	811	218	214
1376	801	217	222
1382	807	207	208
1388	800	202	212
1386	786	196	223
1388	790	196	215
1395	782	187	225
1395	782	190	221
1396	780	178	219
1396	776	171	231
1394	770	170	230
1395	775	164	216
1393	774	169	213
1388	773	168	217
1391	767	160	210
1388	767	157	210
1389	764	163	205
1378	763	181	205
1378	764	170	204
1376	758	170	195
1378	762	174	193
1372	762	189	192
1372	763	180	191
1384	766	167	188
1377	760	149	189
1369	752	152	196
1354	760	188	206
1349	744	199	226
1356	760	178	183
1359	759	156	177
1289	731	195	172
1268	732	214	178
1261	731	225	171
1255	725	214	185
1248	721	216	176
1250	725	214	166
1239	727	223	163
1230	721	225	169
1224	720	232	172
1215	715	220	167
1210	716	226	165
1200	713	233	168
1192	709	239	164
1193	710	229	151
1177	706	240	158
1175	704	234	149
1164	705	242	147
1160	705	239	149
1149	704	249	141
1144	701	245	144
1139	701	242	142
1129	701	247	152
1118	699	247	140
1108	698	248	136
1108	700	247	139
1096	694	254	138
1092	688	246	149
1085	686	246	151
1073	684	251	151
1068	689	242	144
1058	689	250	135
1051	685	252	152
1044	681	257	150
1037	674	257	156
1030	680	279	156
1025	671	268	161
1022	676	247	148
1014	673	253	152
1002	670	257	157
991	668	259	151
983	673	256	144
978	671	254	155
965	665	266	148
959	670	263	151
953	671	258	137
949	673	252	128
936	668	258	136
931	667	254	131
923	663	251	146
911	661	255	143
903	659	252	145
896	659	249	139
894	660	241	128
883	659	249	141
873	658	253	151
865	653	249	149
856	654	250	127
851	655	247	122
849	653	238	122
846	655	234	117
841	652	236	118
838	653	244	115
836	652	240	116
850	651	233	113
851	649	237	115
857	652	237	112
868	647	238	112
885	647	228	114
898	644	227	114
915	643	228	116
931	645	227	113
947	645	232	114
976	647	226	107
995	643	225	108
1017	644	230	107
1048	640	225	111
1072	637	222	116
1101	642	226	111
1134	640	219	112
1163	646	220	110
1183	641	227	116
1199	642	232	115
1218	641	231	115
1234	642	228	110
1246	637	226	117
1251	637	223	114
1253	636	224	113
1249	635	229	111
1246	633	223	112
1244	631	221	110
1239	624	214	115
1235	623	209	108
1227	619	209	110
1223	624	206	104
1216	612	201	116
1210	611	201	112
1205	610	191	111
1193	610	194	105
1189	606	192	109
1185	604	190	104
1174	602	197	104
1169	602	194	97
1161	597	188	105
1155	593	189	109
1148	590	186	104
1143	589	181	101
1138	589	184	100
1127	581	189	108
1118	577	180	100
1115	580	171	93
1110	579	176	92
1103	579	173	86
1099	573	175	89
1095	571	170	98
1092	571	168	94
1082	568	166	89
1078	566	164	93
1071	566	165	90
1065	562	165	91
1060	561	161	91
1055	562	161	86
1049	559	159	89
1048	555	156	89
1042	556	151	84
1040	555	146	85
1035	554	147	85
1028	548	144	89
1026	546	141	91
1018	541	143	91
1014	541	141	88
1008	542	143	87
1004	537	143	86
998	538	138	81
993	537	142	78
990	533	140	79
981	531	143	82
977	530	140	79
982	526	134	82
977	524	133	79
970	521	136	79
959	522	143	75
957	519	137	76
953	519	131	74
950	518	132	71
948	517	128	72
939	516	132	67
939	514	127	67
935	510	123	70
934	508	120	70
934	509	115	68
928	506	118	68
924	506	119	68
920	502	116	67
923	501	106	66
914	500	111	65
909	500	114	63
908	499	105	60
910	498	104	62
904	495	105	61
897	496	109	60
899	492	100	63
894	491	103	59
891	490	101	59
889	490	101	56
885	488	101	59
881	486	101	61
879	487	103	58
875	485	100	59
873	481	98	59
872	480	94	59
863	477	101	62
864	473	97	64
862	476	93	59
859	476	93	56
857	476	90	53
853	475	91	55
852	473	89	53
853	473	83	53
857	471	78	54
854	471	75	52
848	467	78	55
853	467	68	53
861	466	57	52
862	464	53	52
862	466	50	48
858	465	49	49
855	464	51	48
839	462	60	49
835	461	63	50
826	460	67	53
813	459	80	53
806	457	85	55
802	454	88	55
803	455	84	55
794	458	87	54
793	457	88	60
789	455	82	62
786	454	85	64
782	450	85	71
780	450	85	72
781	448	77	71
776	448	83	71
770	447	90	66
770	448	93	63
769	448	93	69
768	444	92	75
764	445	99	75
764	444	95	70
762	444	100	70
762	442	100	67
757	441	102	67
758	439	103	76
753	439	109	65
750	439	108	50
750	438	107	48
748	437	110	50
744	435	115	52
738	436	111	46
732	433	100	52
739	433	97	48
730	429	91	48
735	432	79	42
737	431	71	42
735	429	67	44
736	429	64	41
735	429	62	40
735	427	59	40
728	426	66	41
724	427	70	40
724	424	66	43
722	426	68	38
718	423	67	39
714	421	69	41
711	422	70	37
710	421	67	39
711	420	66	37
708	419	67	37
703	418	67	37
701	419	68	35
701	418	68	36
698	416	67	38
696	414	68	39
697	416	65	35
695	413	64	39
696	412	61	39
695	412	58	37
694	412	58	38
691	410	61	41
686	408	64	40
685	409	68	37
685	408	63	38
684	406	60	41
684	405	59	39
680	406	63	38
680	403	58	40
678	404	60	40
675	403	62	38
672	402	63	40
670	403	63	37
670	401	61	37
667	398	61	40
665	398	60	42
666	398	59	40
666	397	58	40
665	399	57	39
664	397	55	39
662	394	53	41
659	395	58	39
657	395	55	39
658	394	54	39
656	391	54	40
654	394	53	39
654	391	54	41
652	392	54	39
652	391	52	38
651	390	52	42
649	389	53	41
647	388	53	43
644	388	53	41
644	387	52	40
641	387	54	44
639	387	56	42
638	385	53	43
636	386	53	44
634	384	54	44
636	386	51	44
637	385	46	40
635	384	48	40
636	383	46	43
629	383	50	41
629	382	51	42
631	382	45	41
630	380	46	41
629	377	46	46
625	378	47	45
624	381	47	41
620	380	50	39
619	379	49	40
618	379	48	40
618	378	47	40
609	376	54	40
606	378	56	39
605	374	54	43
604	377	54	41
607	376	49	40
606	377	49	40
606	376	50	40
605	376	51	40
603	377	51	38
604	375	50	39
603	377	51	37
603	374	47	39
601	377	48	37
603	371	48	42
602	370	50	42
600	370	52	43
596	372	54	43
597	372	53	41
596	368	55	43
596	372	51	40
597	371	49	40
596	370	52	40
597	367	46	44
596	365	50	46
595	365	49	44
596	365	46	44
595	365	48	45
591	367	52	40
594	364	55	44
594	369	45	40
594	368	48	41
593	365	50	43
591	369	59	38
590	368	59	39
590	370	48	36
590	368	46	38
590	367	50	39
589	367	50	39
588	369	48	37
589	368	45	38
586	367	46	38
589	369	42	36
587	369	40	36
586	369	44	35
586	368	44	36
585	368	42	37
585	367	43	37
583	366	42	38
583	366	41	37
584	367	42	37
585	371	39	31
583	372	43	30
