868	474	74	50
862	479	73	45
854	479	75	51
842	481	86	49
838	484	87	48
831	484	92	48
836	485	82	49
832	488	77	49
830	485	73	55
821	495	79	53
810	490	85	59
809	486	86	68
795	482	95	74
803	477	82	82
804	482	77	83
811	481	63	85
786	501	78	64
767	508	93	54
762	509	98	55
756	513	99	58
753	516	97	59
750	521	92	53
742	519	98	63
738	515	86	70
731	533	91	55
717	529	100	63
707	532	108	62
698	544	110	58
693	550	121	50
685	550	120	56
682	552	117	57
670	560	114	53
658	560	132	54
646	564	134	56
645	576	131	50
633	577	129	50
626	580	122	51
615	584	130	55
608	584	131	59
597	586	127	65
589	582	133	71
581	585	134	77
569	582	154	80
555	588	151	78
547	597	141	76
537	591	140	91
525	593	145	95
512	596	142	102
496	605	154	96
482	603	163	106
463	611	162	107
454	610	168	113
433	624	177	116
423	625	178	118
402	632	189	117
387	642	190	120
368	640	203	130
344	644	211	137
333	657	214	131
314	657	216	144
297	658	220	147
282	669	216	149
262	670	219	157
242	712	194	122
217	738	169	123
193	754	168	105
179	760	181	103
150	759	152	118
138	773	145	109
115	788	156	109
113	799	159	107
118	816	146	87
110	808	155	106
110	824	176	90
131	824	159	97
159	830	166	88
179	824	149	89
210	838	131	72
239	849	127	56
268	840	148	66
291	841	128	61
327	833	117	72
351	831	118	77
384	833	98	68
414	834	98	64
432	831	91	70
466	826	78	71
489	830	72	74
518	826	58	78
544	825	55	64
562	827	51	60
592	824	45	60
615	828	48	51
627	826	49	52
655	824	43	51
671	828	34	40
693	828	36	34
716	828	34	30
731	824	30	34
748	820	34	32
759	817	38	31
764	813	35	33
765	808	35	33
758	806	33	36
751	804	28	32
738	801	29	33
720	800	29	28
701	799	30	30
678	794	33	31
657	796	35	27
632	789	33	29
609	790	34	24
582	790	34	23
558	786	33	23
535	786	33	21
509	784	29	22
483	782	28	20
460	781	26	19
442	778	24	20
427	774	20	21
414	769	20	22
404	765	17	21
395	763	19	19
393	757	18	19
389	752	17	17
393	746	18	18
399	739	17	19
403	733	20	19
416	725	21	18
427	718	19	17
446	708	18	20
466	698	20	22
481	692	19	20
502	685	23	18
525	677	23	17
544	669	23	18
575	661	25	20
596	652	24	20
624	645	24	21
649	639	24	19
676	633	23	17
705	627	23	17
734	622	20	16
758	615	22	18
787	609	22	17
812	604	21	19
841	600	22	17
872	594	23	16
896	589	24	17
927	586	23	17
951	581	25	19
984	577	25	16
1016	572	25	19
1039	568	23	21
1072	568	17	19
1104	568	16	15
1132	563	16	13
1165	564	15	12
1165	564	15	12
1165	564	15	12
1165	564	15	12
1165	564	15	12
1165	564	15	12
1165	564	15	12
1165	564	15	12
1165	564	15	12
1165	564	15	12
1165	564	15	12
1165	564	15	12
1165	564	15	12
1165	564	15	12
1165	564	15	12
1165	564	15	12
1165	564	15	12
1165	564	15	12
1165	564	15	12
1165	564	15	12
1165	564	15	12
1165	564	15	12
1165	564	15	12
1165	564	15	12
1165	564	15	12
1165	564	15	12
1165	564	15	12
1165	564	15	12
1165	564	15	12
1165	564	15	12
1165	564	15	12
1165	564	15	12
1165	564	15	12
1165	564	15	12
1165	564	15	12
1165	564	15	12
1165	564	15	12
1165	564	15	12
1165	564	15	12
1165	564	15	12
1165	564	15	12
1165	564	15	12
1165	564	15	12
1165	564	15	12
1165	564	15	12
1165	564	15	12
1165	564	15	12
1165	564	15	12
1165	564	15	12
1165	564	15	12
1165	564	15	12
1165	564	15	12
1165	564	15	12
1165	564	15	12
1165	564	15	12
1165	564	15	12
1165	564	15	12
1165	564	15	12
1165	564	15	12
1165	564	15	12
1165	564	15	12
1165	564	15	12
1165	564	15	12
1165	564	15	12
1165	564	15	12
1165	564	15	12
1165	564	15	12
1165	564	15	12
1165	564	15	12
1165	564	15	12
1165	564	15	12
1165	564	15	12
1165	564	15	12
1165	564	15	12
1165	564	15	12
1165	564	15	12
1165	564	15	12
1165	564	15	12
1165	564	15	12
1165	564	15	12
1165	564	15	12
1165	564	15	12
1165	564	15	12
1165	564	15	12
1165	564	15	12
1165	564	15	12
1165	564	15	12
1165	564	15	12
1165	564	15	12
1165	564	15	12
1165	564	15	12
1165	564	15	12
1165	564	15	12
1165	564	15	12
1165	564	15	12
1165	564	15	12
1165	564	15	12
1165	564	15	12
1165	564	15	12
1165	564	15	12
1165	564	15	12
1139	556	17	15
1139	556	17	15
1139	556	17	15
1139	556	17	15
1139	556	17	15
1139	556	17	15
1139	556	17	15
1139	556	17	15
1139	556	17	15
1139	556	17	15
1139	556	17	15
1139	556	17	15
1139	556	17	15
1139	556	17	15
1139	556	17	15
1139	556	17	15
1139	556	17	15
1139	556	17	15
1139	556	17	15
1139	556	17	15
1139	556	17	15
1139	556	17	15
1139	556	17	15
1139	556	17	15
1139	556	17	15
1139	556	17	15
1139	556	17	15
1139	556	17	15
1139	556	17	15
1139	556	17	15
