610	599	51	86
605	594	51	92
602	594	48	95
596	599	47	93
590	600	50	96
585	598	51	104
577	601	54	103
571	603	55	107
565	618	62	94
558	624	58	90
552	629	59	87
547	633	57	86
537	637	65	91
530	635	69	91
524	641	70	93
516	647	75	91
506	647	79	95
499	651	79	94
488	653	79	96
482	656	78	99
473	662	76	99
464	662	80	101
456	666	78	103
447	668	79	104
440	670	79	109
430	668	79	113
423	675	77	115
408	677	83	119
401	681	81	119
390	689	84	118
378	694	83	122
364	698	90	126
350	703	94	127
338	703	97	133
330	701	92	140
318	708	98	136
305	711	94	148
291	717	99	138
282	724	100	133
267	733	102	115
250	736	106	125
243	738	97	128
225	744	108	120
210	746	114	119
198	754	114	119
180	758	122	124
167	761	126	129
154	758	131	136
139	768	127	125
123	775	125	121
120	779	123	119
112	780	125	121
118	781	130	120
123	783	125	120
139	782	120	106
159	785	120	105
182	782	113	95
206	775	114	102
235	772	109	96
269	767	97	95
309	757	92	94
332	753	104	99
362	748	105	96
396	743	106	101
441	734	98	109
476	732	88	105
500	726	108	102
547	724	94	92
586	717	98	98
628	727	88	80
656	733	96	70
694	726	87	72
730	721	81	78
765	713	87	79
786	721	97	71
810	727	91	65
832	723	92	64
847	725	93	65
853	704	94	86
857	703	92	83
859	699	89	85
859	694	85	90
865	687	73	102
845	699	86	85
841	706	80	77
827	711	80	72
820	708	83	75
808	703	86	77
801	707	94	75
816	706	79	74
773	704	82	76
760	698	83	83
752	690	85	84
739	688	87	84
727	683	87	90
715	689	90	79
702	689	91	76
698	681	89	84
691	686	83	79
686	682	89	80
689	678	83	80
689	677	80	75
694	673	84	79
708	668	81	80
720	664	75	81
737	664	77	77
754	666	76	70
775	659	77	75
806	658	72	74
829	647	75	79
858	641	77	83
890	641	78	81
920	631	71	87
955	633	71	82
986	639	70	76
1025	639	67	74
1065	635	66	76
1097	638	72	71
1141	637	66	71
1180	634	67	74
1215	632	65	77
1253	636	67	74
1277	636	66	77
1301	632	75	79
1319	638	75	72
1332	633	73	73
1337	637	77	68
1341	639	75	67
1348	631	66	65
1343	627	76	72
1346	625	64	74
1348	629	59	70
1338	624	64	70
1335	624	58	67
1327	619	62	70
1323	622	57	64
1315	615	59	68
1309	606	56	72
1311	607	47	71
1299	608	55	65
1293	609	53	60
1288	605	48	61
1280	602	51	62
1272	599	52	60
1265	592	54	62
1263	595	49	61
1258	594	48	58
1253	589	47	64
1245	587	49	61
1243	587	46	58
1238	586	44	55
1234	583	43	56
1228	579	45	58
1223	576	44	58
1216	570	45	65
1213	566	42	64
1209	572	41	59
1204	570	40	60
1201	571	42	54
1194	555	37	62
1189	567	44	54
1184	566	41	49
1183	567	40	52
1177	563	41	51
1172	562	38	50
1169	557	37	53
1164	558	40	57
1159	542	41	65
1157	542	41	67
1150	540	43	66
1147	538	41	68
1144	533	41	72
1139	528	42	73
1134	527	41	72
1131	527	41	72
1125	528	42	68
1122	527	40	64
1117	531	41	59
1115	530	37	56
1108	526	41	58
1107	519	37	64
1101	520	42	66
1098	517	39	65
1095	512	38	69
1092	507	38	72
1087	500	38	78
1087	502	36	73
1082	502	36	72
1079	509	32	63
1075	509	33	61
1070	509	33	57
1067	509	35	59
1064	509	36	57
1058	509	39	54
1055	508	36	52
1054	507	35	52
1051	508	35	52
1047	504	34	55
1044	502	34	52
1040	501	33	55
1036	502	34	49
1032	503	34	47
1029	497	35	52
1025	499	34	48
1023	495	33	52
1019	497	35	49
1017	495	33	49
1015	496	32	47
1012	496	32	47
1009	496	31	47
1005	498	32	41
1004	495	28	45
1003	492	29	46
999	491	28	44
995	487	30	47
991	489	30	44
991	488	29	43
986	491	30	38
985	488	29	39
985	489	24	38
980	490	28	34
977	490	25	35
973	490	25	32
973	487	26	34
971	484	24	36
968	485	27	36
963	487	28	33
960	482	28	36
958	481	26	38
955	479	26	35
955	478	23	37
954	473	23	41
951	475	23	38
947	474	24	37
946	475	20	35
944	475	21	33
942	475	21	34
940	471	20	34
937	469	21	35
936	468	22	36
933	466	22	38
931	462	21	42
928	461	23	40
925	459	21	42
924	455	25	46
923	453	22	46
921	455	22	44
918	459	21	40
916	461	21	36
915	457	20	40
913	457	20	37
911	459	20	35
908	457	19	35
907	458	19	33
905	457	19	34
902	454	19	34
899	454	21	38
898	453	19	36
895	454	20	32
893	448	19	35
891	447	20	40
888	450	23	37
885	449	23	40
885	448	18	34
881	451	20	30
880	451	20	31
878	443	21	36
874	442	24	43
873	439	25	45
871	442	24	43
869	440	23	41
868	440	24	40
865	436	24	43
863	434	22	45
860	427	22	47
859	432	23	46
858	430	23	47
857	432	22	44
853	434	22	39
851	433	23	40
851	436	22	38
848	434	23	37
845	433	24	39
844	428	21	43
842	426	22	43
841	427	21	42
841	425	20	44
838	426	22	40
836	430	20	38
835	427	20	40
834	425	21	41
831	428	21	38
831	421	18	43
830	424	17	39
828	424	19	39
826	424	19	38
825	420	19	42
821	420	21	41
821	419	19	39
821	419	19	41
817	416	21	43
815	412	22	47
815	413	20	45
816	416	18	41
814	416	17	40
814	417	18	39
813	418	18	37
808	410	22	43
808	409	22	44
808	409	20	44
808	410	17	43
807	411	19	41
808	411	15	40
805	410	16	41
803	412	18	42
803	411	18	40
801	408	20	41
799	411	18	38
801	405	17	39
799	407	18	40
799	404	18	42
798	403	18	42
796	406	19	39
795	407	20	38
796	410	19	32
794	411	17	30
794	416	16	26
793	410	15	28
792	410	15	30
791	411	15	30
792	413	14	27
790	410	12	28
789	411	12	28
789	411	12	26
789	412	13	25
789	410	13	26
788	409	12	27
788	409	12	26
787	408	13	25
783	407	13	28
783	406	13	27
781	408	16	26
780	406	16	25
781	408	14	25
779	408	15	24
781	406	11	26
780	404	10	29
779	402	12	30
778	401	12	28
778	403	12	26
776	404	13	23
777	406	12	21
778	407	13	18
774	405	13	22
774	403	13	25
773	399	11	27
772	400	11	24
770	399	13	24
772	400	12	25
770	401	13	23
770	401	12	24
770	399	12	26
769	399	14	26
770	393	14	31
767	390	13	32
767	386	14	36
766	390	17	36
767	384	13	37
765	391	18	33
764	389	20	30
759	388	22	34
762	386	17	33
762	382	14	33
761	383	15	35
761	387	17	32
761	384	17	34
759	383	20	35
759	382	21	34
757	385	15	30
757	387	12	29
754	387	15	29
754	390	14	27
752	387	17	28
752	386	18	30
749	383	18	32
747	381	21	32
749	382	18	33
750	379	14	34
749	381	13	32
748	381	13	30
745	382	15	30
745	382	16	28
744	380	15	31
744	381	14	28
741	380	16	29
742	380	15	29
742	378	17	31
741	378	15	30
741	379	15	28
738	378	17	29
738	379	16	27
737	378	16	30
736	378	16	29
737	376	14	29
736	376	14	29
736	376	13	28
734	378	14	28
735	375	13	31
734	375	12	30
733	375	13	29
732	374	12	30
732	376	12	27
731	376	14	27
730	375	14	26
730	374	12	28
728	374	15	28
728	373	13	29
726	375	13	27
726	373	12	29
724	372	13	30
722	370	14	30
719	369	17	31
720	369	16	32
719	371	16	29
719	372	15	29
717	369	17	31
718	369	15	29
717	370	15	28
717	371	14	27
716	368	13	31
715	368	14	28
715	367	12	30
714	368	13	30
714	370	12	26
713	366	13	28
711	368	14	27
711	365	14	31
710	366	15	29
709	364	15	28
708	364	15	29
708	364	14	30
708	366	13	28
707	366	13	28
706	367	13	26
705	365	15	27
705	366	14	24
703	367	13	26
703	369	16	23
699	368	15	25
701	367	14	25
701	365	12	27
701	363	11	29
700	362	13	30
697	359	14	31
695	361	16	34
698	360	13	31
698	358	12	31
695	356	13	31
694	358	15	30
694	364	14	30
691	356	17	33
691	355	16	34
690	353	18	34
689	352	23	34
692	352	20	37
689	352	21	34
689	354	16	32
688	360	16	28
688	355	14	33
682	354	16	33
687	350	16	36
686	354	16	35
685	353	13	42
683	353	13	43
684	351	13	41
683	351	14	35
683	356	10	34
681	354	11	31
681	355	12	30
680	362	12	24
680	360	12	24
679	361	12	25
679	361	10	23
677	359	11	25
677	357	12	27
677	356	11	27
676	354	11	29
676	352	12	30
675	352	11	30
674	353	13	30
674	353	11	31
672	352	12	32
672	350	11	33
671	349	12	33
670	348	13	34
669	354	11	28
670	354	9	27
670	356	10	25
669	357	10	23
669	356	10	24
667	356	10	24
666	355	12	26
666	355	11	25
664	356	12	24
664	357	10	22
663	357	11	22
663	355	12	24
663	357	10	23
663	357	10	22
662	356	12	23
661	356	11	22
660	357	10	19
660	358	9	20
659	357	10	20
658	358	11	21
657	356	11	21
656	354	11	23
657	353	10	26
656	355	9	23
656	354	10	25
656	352	10	26
655	350	10	27
655	349	11	29
652	348	12	29
649	348	14	28
651	354	12	23
652	356	11	20
653	354	9	21
