839	618	82	268
835	621	85	262
833	623	89	260
838	618	81	265
835	620	91	270
839	619	85	268
834	621	90	267
842	620	92	257
838	623	88	260
843	624	90	252
842	622	87	246
844	621	84	244
847	619	82	243
849	622	82	238
848	619	82	239
850	617	79	249
852	619	76	245
853	623	78	244
848	622	83	242
853	620	78	243
850	621	79	244
850	617	83	242
853	622	78	239
853	618	80	240
850	622	83	240
846	617	86	243
851	615	83	244
849	613	82	238
848	614	84	239
852	613	83	234
846	613	83	231
848	616	83	233
851	611	79	231
853	612	81	232
850	614	80	238
853	612	78	240
855	615	78	237
850	617	86	232
848	614	86	238
850	616	82	246
852	616	85	244
853	617	84	240
854	616	83	238
853	617	85	235
851	614	87	239
859	611	82	238
857	617	84	225
858	613	78	228
859	616	80	230
859	613	82	230
855	616	86	232
860	611	80	235
858	617	81	236
860	618	80	239
860	614	80	237
858	624	80	237
859	623	80	236
855	632	86	230
858	627	77	233
855	627	80	242
854	626	85	241
851	625	85	240
857	629	84	236
846	627	92	235
850	631	90	231
850	629	86	231
851	628	85	233
853	625	82	239
852	625	84	244
853	624	81	236
849	621	88	243
850	622	87	250
853	621	85	241
850	619	86	248
852	616	90	245
853	612	82	246
854	612	86	241
857	608	77	228
855	606	84	227
855	606	85	223
853	602	87	220
860	596	80	223
860	594	80	225
858	593	77	220
859	591	80	226
856	594	81	221
857	591	79	226
857	590	79	228
860	590	78	227
858	588	77	228
859	588	80	230
856	585	81	235
858	586	78	233
856	586	81	229
855	584	83	231
853	582	84	223
853	580	81	230
853	574	84	221
853	582	83	213
853	577	85	215
854	577	84	212
855	578	85	208
854	576	80	206
852	573	89	214
855	568	81	220
855	567	83	222
853	563	83	226
855	568	79	222
860	562	78	223
861	563	77	227
860	558	81	226
864	556	75	225
862	562	75	212
862	560	77	210
864	555	75	210
862	554	80	206
865	552	76	205
867	553	74	202
867	550	75	205
867	548	77	204
867	547	76	203
868	545	74	209
868	545	72	210
872	547	72	208
868	546	75	207
868	543	72	206
867	544	78	210
870	541	72	208
870	540	73	202
867	539	73	204
870	541	71	202
872	536	69	204
869	536	73	204
872	537	71	198
871	533	70	201
869	533	75	202
873	537	70	192
869	534	74	197
871	532	75	202
868	533	74	203
868	536	72	199
873	538	67	195
874	538	69	199
873	539	64	198
878	539	63	196
878	536	62	197
881	539	61	192
880	538	62	192
879	539	63	188
879	538	65	187
879	536	65	188
881	538	66	186
880	537	65	188
881	537	65	187
881	538	66	190
884	536	62	187
882	538	66	192
883	534	63	194
881	536	66	196
884	536	63	200
882	542	66	196
883	539	64	193
882	541	66	196
881	539	68	199
880	542	66	198
882	544	66	193
884	538	62	198
882	543	68	194
879	540	73	191
883	543	66	187
883	545	71	184
885	543	67	188
885	542	68	187
885	543	66	194
885	544	70	195
886	543	67	198
886	546	66	198
886	547	69	197
887	550	69	192
889	546	67	198
889	549	65	200
890	549	66	195
893	549	65	190
893	549	65	187
893	552	68	186
891	550	68	188
893	551	69	185
893	551	66	191
894	549	68	189
891	554	69	189
896	551	64	192
892	555	68	190
894	551	68	196
894	557	69	198
895	557	67	199
893	556	73	203
895	554	67	199
897	560	67	200
895	557	68	199
896	559	69	201
893	554	68	199
898	557	70	198
897	556	69	199
897	554	71	199
901	556	67	200
901	554	67	199
899	555	68	200
902	557	68	201
901	559	66	198
900	559	69	203
899	557	67	208
902	561	65	207
902	562	68	213
900	562	72	212
903	561	67	217
903	565	70	210
902	566	72	212
902	566	73	210
903	566	73	199
905	570	74	202
906	569	72	199
907	569	71	209
907	570	73	205
908	571	74	211
905	575	73	210
909	577	72	212
909	579	76	216
908	577	74	214
912	582	74	217
910	580	73	219
912	583	71	225
908	588	80	222
910	586	76	229
915	590	71	232
913	591	71	229
911	596	77	222
913	598	78	222
912	599	79	219
914	598	77	218
914	600	75	217
912	600	76	214
914	601	73	216
916	600	78	220
913	600	74	216
914	602	75	224
914	601	76	226
914	600	75	227
915	601	74	224
915	597	78	228
914	595	78	231
914	593	75	230
915	592	76	230
914	593	76	215
918	592	74	209
914	588	76	205
918	588	72	207
915	583	74	212
914	581	72	205
918	581	70	211
913	579	74	211
915	577	67	221
917	578	66	213
920	579	65	214
914	577	69	219
916	578	72	221
913	575	68	211
921	579	62	218
917	578	61	215
920	581	60	208
917	574	61	212
918	574	60	212
920	576	59	208
919	572	62	210
920	574	58	202
918	571	61	200
917	573	63	194
921	571	59	197
922	568	57	203
922	569	58	201
920	567	59	204
918	565	62	211
915	568	64	208
921	563	58	206
920	567	61	199
921	569	58	199
923	566	58	205
919	568	63	198
921	566	62	193
925	566	59	180
924	566	63	181
928	563	56	187
924	564	60	189
925	565	60	186
923	565	62	187
925	564	61	185
929	564	55	186
929	567	53	187
929	561	55	191
931	565	52	192
933	562	50	192
934	565	49	188
932	562	50	189
929	562	55	194
929	565	53	193
931	561	51	192
922	559	60	198
915	562	69	203
896	562	87	205
875	559	110	209
874	560	110	204
870	558	115	202
871	562	114	193
881	552	105	204
862	558	122	202
882	558	101	192
864	558	120	187
871	562	114	183
904	554	82	189
876	557	106	189
893	553	93	192
871	553	111	188
869	553	121	185
873	554	116	181
873	553	116	186
868	556	115	181
875	552	116	171
872	555	121	168
876	550	120	166
873	548	118	171
879	543	115	181
875	545	118	177
878	541	116	182
876	543	116	179
873	545	102	172
913	543	81	172
917	540	76	178
934	541	57	170
945	541	43	172
943	538	45	178
943	537	44	183
943	537	44	172
947	536	41	168
946	535	43	164
944	535	42	160
943	535	47	165
943	534	47	162
944	533	45	156
944	531	46	162
942	530	45	163
947	527	42	156
946	530	42	151
946	531	43	150
948	530	38	138
948	534	41	139
949	535	39	135
949	528	40	146
949	533	38	146
949	527	39	154
949	527	40	153
949	524	39	145
950	525	41	150
951	525	39	154
952	519	37	147
952	516	37	136
953	519	35	140
953	518	36	129
953	517	36	126
951	517	37	121
949	523	40	133
950	519	38	141
952	516	34	147
949	515	39	157
950	512	36	156
949	510	38	157
950	510	38	153
949	508	38	159
950	507	38	148
949	505	38	149
945	506	45	152
947	507	42	151
942	508	48	150
947	506	44	152
946	508	46	149
931	503	58	147
917	503	74	135
925	501	65	161
920	498	73	152
921	495	73	162
925	494	72	161
926	491	69	165
925	491	71	160
927	491	73	171
931	490	70	171
934	488	66	165
936	491	63	154
935	486	67	160
942	486	59	175
941	484	61	165
940	488	65	164
944	486	62	151
944	484	60	150
947	484	60	153
947	482	60	151
948	483	58	153
953	478	58	149
952	474	56	157
953	476	54	149
956	476	53	145
958	475	48	152
959	473	53	154
960	473	50	153
964	474	46	153
963	478	48	150
964	477	50	155
967	475	46	154
967	480	48	151
969	481	50	149
972	478	50	155
972	478	50	153
972	481	52	144
972	481	57	144
975	477	55	150
978	473	53	142
978	473	57	152
976	470	60	165
978	474	55	155
978	475	57	150
977	474	58	158
978	475	59	156
979	479	59	160
980	476	56	154
983	477	60	152
979	478	67	146
980	479	67	143
984	479	69	148
982	473	72	151
982	472	71	167
982	465	74	171
980	465	77	161
982	465	77	160
982	466	83	162
981	469	81	150
987	468	83	147
983	471	88	147
981	473	87	149
985	471	87	150
984	475	89	143
981	477	90	141
988	479	91	138
984	477	90	145
997	478	87	141
997	476	85	157
1021	476	60	136
985	477	67	155
985	480	43	146
985	483	41	147
985	481	42	147
986	484	42	139
986	485	42	140
988	481	40	143
987	484	42	142
987	486	42	135
986	485	43	131
987	487	43	123
988	488	41	118
990	487	39	109
986	492	47	119
988	488	41	124
985	488	44	129
982	486	48	138
984	485	46	137
988	484	41	141
987	485	42	146
989	488	43	141
987	487	43	142
988	486	45	141
987	486	45	142
989	486	42	142
990	487	44	141
990	487	42	141
991	488	44	137
991	489	44	147
989	489	47	146
992	488	45	152
993	489	42	146
994	490	44	141
993	490	45	140
994	491	43	146
994	492	44	144
995	493	44	144
996	491	44	141
994	491	48	147
994	491	46	149
995	491	46	155
997	494	46	145
996	494	45	159
998	496	44	156
998	495	45	162
999	495	44	167
999	500	46	163
998	499	46	154
999	500	44	152
995	502	48	148
999	500	46	150
999	499	43	149
999	497	48	151
999	496	47	155
999	495	46	150
1001	495	47	145
1001	493	43	149
999	494	45	149
997	488	47	151
999	492	47	157
994	490	52	157
995	488	49	146
996	488	47	137
998	487	43	140
997	485	44	148
995	484	45	156
994	483	45	156
996	480	47	154
993	481	46	149
992	479	45	147
994	478	44	136
995	477	43	146
992	476	44	151
989	477	47	149
986	475	50	150
986	472	51	151
986	471	48	149
985	471	51	148
984	470	51	143
980	468	55	150
979	473	53	144
979	469	51	146
971	468	58	149
970	463	60	148
966	467	64	146
971	468	60	138
968	463	61	153
958	469	71	148
959	470	72	145
962	467	69	146
966	473	63	136
970	471	59	145
959	469	70	147
972	467	57	149
967	468	62	143
957	466	73	146
965	469	67	145
969	467	61	144
964	469	67	140
974	469	56	139
977	467	50	140
980	469	48	137
976	469	52	136
971	466	59	144
983	470	46	137
975	467	52	142
982	467	46	138
982	468	45	136
982	467	47	137
984	467	44	136
982	470	42	135
980	471	46	135
979	470	48	137
983	469	43	136
987	473	40	132
987	475	42	124
986	479	46	120
988	475	44	132
986	475	47	130
987	470	47	135
992	469	44	139
990	472	47	136
993	472	55	132
992	475	75	125
990	475	75	128
992	465	69	143
994	467	64	141
996	467	59	142
996	464	59	146
997	470	56	142
1000	469	52	141
1003	466	51	149
1001	471	51	142
1003	469	52	145
1004	474	48	137
1002	470	52	144
1003	468	48	144
1004	473	49	142
1002	474	49	143
1001	472	48	146
1004	471	48	142
1003	473	50	145
1003	471	52	145
1003	474	54	142
1000	476	55	138
1001	471	56	139
1003	470	55	137
1003	473	55	132
1001	473	57	133
1000	475	61	131
1006	478	56	129
998	470	67	138
997	471	68	135
995	474	73	129
1009	477	62	123
1022	484	48	119
1025	480	45	119
1025	478	44	123
1026	479	46	119
1029	477	43	117
1029	474	46	120
1032	472	43	119
1033	470	43	120
1034	465	43	121
1032	466	44	119
1034	464	43	118
1035	459	42	122
1037	457	43	120
1039	459	40	119
1039	459	39	117
1040	459	38	116
1040	457	38	118
1038	458	41	120
1041	458	39	116
1041	457	39	119
1042	456	38	117
1039	455	44	117
1043	457	40	114
1044	458	39	108
1043	459	43	106
1045	456	42	107
1045	460	42	102
1044	459	45	102
1045	458	43	105
1044	459	44	99
1047	459	42	102
1043	461	49	102
1046	459	48	107
1049	458	44	104
1050	458	42	104
1049	457	43	109
1050	459	42	106
1051	460	42	101
1052	453	42	106
1051	453	43	107
1053	453	41	101
1054	453	41	92
1053	452	42	101
1055	453	39	98
1055	448	41	103
1056	448	43	107
1057	446	41	109
1057	448	42	109
1057	447	41	109
1057	447	41	112
1057	447	41	109
1056	444	45	116
1059	439	41	120
1058	444	40	114
1061	444	37	113
1060	447	38	108
1061	446	39	111
1061	444	40	113
1061	446	41	110
1062	447	41	107
1060	441	43	110
1062	452	40	103
1063	451	42	100
1062	450	44	104
1063	449	41	104
1063	451	42	102
1063	448	42	101
1062	447	44	103
1063	445	43	107
1062	445	46	103
1063	445	46	100
1063	444	47	98
1065	442	44	101
1065	442	43	96
1065	443	40	96
1066	442	37	93
1065	438	44	97
1064	433	41	104
1064	429	41	107
1066	428	40	107
1065	433	40	100
1064	431	41	100
1067	427	37	103
1065	424	38	104
1064	422	38	105
1064	423	41	100
1065	422	39	103
1066	425	37	96
1065	421	39	97
1065	415	40	104
1065	417	39	99
1065	413	39	104
1064	413	39	103
1065	416	38	99
1065	415	39	98
1066	417	39	95
1065	420	41	90
1065	419	38	92
1066	414	36	94
1065	414	39	95
1065	413	38	94
1063	413	40	93
1067	412	36	93
1065	411	37	92
1064	410	37	92
1064	411	36	91
1064	405	37	99
1064	407	39	96
1064	408	38	96
1063	407	40	89
1061	407	40	96
1065	410	36	90
1064	413	36	88
1065	409	34	94
1065	412	34	92
1063	408	33	93
1063	407	34	94
1060	405	36	92
1061	399	36	97
1063	398	35	102
1060	396	36	101
1063	397	34	101
1059	398	39	97
1059	395	38	103
1061	395	35	100
1059	394	38	103
1059	397	38	98
1057	399	42	95
1058	399	41	96
1060	401	39	98
1057	399	41	94
1058	397	37	94
1056	397	39	91
1057	401	36	85
1056	398	37	91
1060	402	29	82
1059	399	32	83
1059	396	33	89
1057	398	35	89
1057	394	35	91
1056	392	36	97
1056	396	37	92
1057	395	34	94
1059	392	34	97
1058	393	31	94
1056	394	33	95
1052	393	38	94
1045	390	46	100
1050	389	42	102
1043	388	47	99
1044	386	44	97
1047	388	40	96
1046	388	40	97
1047	388	39	96
1042	390	43	96
1036	388	50	99
1041	384	46	100
1050	384	35	100
1044	387	41	101
1041	383	44	103
1030	385	55	102
1033	386	53	105
1031	385	55	101
1029	386	57	105
1027	393	60	90
1035	393	61	91
1038	388	52	92
1033	388	49	98
1034	384	52	102
1033	385	56	98
1029	383	63	108
1033	384	53	101
1034	383	53	109
1036	382	49	112
1031	384	52	114
1030	382	53	113
1031	384	52	109
1030	385	52	110
1029	386	53	110
1028	387	58	112
1031	391	52	105
1032	387	49	109
1032	389	49	109
1037	385	43	110
1034	382	51	115
1034	383	49	116
1035	384	51	118
1034	386	51	117
1036	386	50	115
1037	390	50	110
1036	386	49	116
1038	386	48	116
1038	385	47	119
1036	386	50	121
1038	391	48	110
1038	393	49	113
1038	391	49	117
1036	401	52	110
1038	399	53	113
1037	400	53	109
1035	404	57	108
1037	397	56	113
1037	402	54	110
1036	398	54	113
1036	395	54	118
1034	398	54	113
1036	405	53	109
1035	404	56	107
1036	401	54	113
1035	404	55	110
1037	402	53	110
1029	393	61	119
1026	393	64	117
1037	405	55	118
1035	409	57	115
1039	407	53	122
1033	405	57	119
1034	413	60	104
1029	403	65	121
1028	402	65	117
1041	413	56	109
1043	414	51	111
1046	418	49	109
1046	428	52	102
1051	437	47	93
1052	433	45	94
1053	438	45	90
1052	436	45	95
1052	435	45	97
1051	436	47	99
1051	434	48	107
1051	437	47	108
1052	436	47	113
1051	434	47	112
1054	434	45	122
1050	436	48	114
1045	444	53	99
1048	440	50	111
1046	449	52	109
1048	446	50	110
1051	452	46	103
1049	453	46	107
992	403	38	115
994	401	32	120
993	403	35	113
992	401	35	115
1058	444	38	125
1050	441	46	132
1052	441	41	137
1053	443	41	135
1052	445	41	139
1049	448	42	143
1055	443	36	151
1052	443	42	154
1051	444	38	158
1052	448	42	165
1052	452	47	154
1049	454	47	154
1051	453	48	155
1049	454	49	161
1051	455	49	160
1049	455	52	163
1048	455	54	164
1050	469	54	155
1046	477	58	151
1047	475	56	154
1050	480	55	149
1048	480	52	154
1047	486	56	152
1045	493	57	147
1045	500	57	147
1047	498	56	156
1041	508	61	146
1043	505	60	157
1043	512	59	158
1040	513	62	164
1039	521	63	163
1038	519	61	170
1033	531	66	164
1032	534	67	167
1032	539	66	160
1031	533	66	171
1027	543	69	168
1022	543	73	170
1023	544	73	177
1021	552	79	180
1020	558	75	182
1015	563	75	169
1011	573	84	165
1008	570	86	177
1005	570	85	186
1000	568	86	196
999	567	85	201
996	571	80	199
992	575	85	200
992	577	80	197
990	582	77	205
983	582	83	205
982	583	80	209
979	582	78	218
978	585	81	218
969	587	83	220
964	596	87	213
959	594	88	214
957	593	86	215
955	598	86	213
951	599	81	219
943	597	87	225
944	597	80	224
935	597	84	230
931	599	82	234
924	599	84	223
920	605	81	218
916	600	82	227
908	603	82	226
904	604	73	232
900	607	78	229
896	606	71	231
889	613	74	221
887	615	67	222
878	621	69	220
871	626	74	222
865	626	76	227
860	636	75	219
850	639	84	221
838	640	98	228
826	645	104	226
825	649	96	223
821	651	88	218
821	649	79	228
817	649	72	233
808	653	76	231
800	655	78	231
790	654	79	233
781	654	83	225
773	660	86	224
768	662	89	223
762	653	93	231
754	666	93	215
744	666	100	221
738	667	104	222
728	672	110	224
726	679	109	216
717	679	112	221
713	684	100	211
706	695	103	200
698	693	100	205
693	697	94	197
691	692	93	213
678	687	96	216
670	695	102	212
661	699	106	209
649	710	113	188
639	702	112	198
633	708	114	201
629	705	111	200
620	713	104	170
621	713	90	155
620	718	79	148
600	717	85	151
593	716	81	148
582	713	75	147
569	725	74	154
559	728	74	144
542	734	80	160
527	725	83	176
513	738	87	181
507	745	80	184
497	732	84	207
483	746	85	215
469	761	83	211
461	767	80	215
451	772	81	216
429	766	96	220
411	768	95	225
401	752	105	249
387	758	106	246
375	777	104	264
360	766	102	278
351	768	99	275
338	784	94	269
328	782	91	278
313	788	93	284
301	791	91	277
292	801	94	268
282	802	96	264
266	800	105	256
245	800	119	255
197	797	155	260
181	793	163	265
176	801	178	259
170	802	176	267
167	809	182	261
167	804	172	271
159	815	173	250
160	817	156	252
158	812	152	259
156	818	140	252
156	844	125	229
153	847	122	224
151	851	110	218
151	851	110	218
151	851	110	218
151	851	110	218
151	851	110	218
151	851	110	218
151	851	110	218
151	851	110	218
151	851	110	218
151	851	110	218
151	851	110	218
151	851	110	218
151	851	110	218
151	851	110	218
151	851	110	218
151	851	110	218
151	851	110	218
151	851	110	218
151	851	110	218
151	851	110	218
151	851	110	218
151	851	110	218
151	851	110	218
151	851	110	218
151	851	110	218
151	851	110	218
151	851	110	218
151	851	110	218
151	851	110	218
151	851	110	218
151	851	110	218
151	851	110	218
151	851	110	218
151	851	110	218
151	851	110	218
151	851	110	218
151	851	110	218
151	851	110	218
151	851	110	218
151	851	110	218
151	851	110	218
151	851	110	218
151	851	110	218
151	851	110	218
151	851	110	218
151	851	110	218
151	851	110	218
151	851	110	218
151	851	110	218
151	851	110	218
151	851	110	218
151	851	110	218
151	851	110	218
151	851	110	218
151	851	110	218
151	851	110	218
151	851	110	218
151	851	110	218
151	851	110	218
151	851	110	218
151	851	110	218
151	851	110	218
151	851	110	218
151	851	110	218
151	851	110	218
151	851	110	218
151	851	110	218
151	851	110	218
151	851	110	218
151	851	110	218
151	851	110	218
151	851	110	218
151	851	110	218
151	851	110	218
151	851	110	218
151	851	110	218
151	851	110	218
151	851	110	218
151	851	110	218
151	851	110	218
151	851	110	218
151	851	110	218
151	851	110	218
151	851	110	218
151	851	110	218
151	851	110	218
151	851	110	218
151	851	110	218
151	851	110	218
151	851	110	218
151	851	110	218
151	851	110	218
151	851	110	218
151	851	110	218
151	851	110	218
151	851	110	218
151	851	110	218
151	851	110	218
151	851	110	218
151	851	110	218
151	851	110	218
151	851	110	218
151	851	110	218
151	851	110	218
151	851	110	218
151	851	110	218
151	851	110	218
151	851	110	218
151	851	110	218
151	851	110	218
151	851	110	218
151	851	110	218
151	851	110	218
151	851	110	218
151	851	110	218
151	851	110	218
151	851	110	218
151	851	110	218
151	851	110	218
151	851	110	218
151	851	110	218
151	851	110	218
151	851	110	218
151	851	110	218
151	851	110	218
151	851	110	218
151	851	110	218
151	851	110	218
151	851	110	218
151	851	110	218
151	851	110	218
151	851	110	218
151	851	110	218
151	851	110	218
151	851	110	218
151	851	110	218
151	851	110	218
151	851	110	218
151	851	110	218
151	851	110	218
151	851	110	218
151	851	110	218
151	851	110	218
151	851	110	218
151	851	110	218
151	851	110	218
151	851	110	218
151	851	110	218
151	851	110	218
151	851	110	218
151	851	110	218
151	851	110	218
151	851	110	218
151	851	110	218
151	851	110	218
151	851	110	218
151	851	110	218
151	851	110	218
151	851	110	218
151	851	110	218
151	851	110	218
151	851	110	218
151	851	110	218
151	851	110	218
151	851	110	218
151	851	110	218
151	851	110	218
151	851	110	218
151	851	110	218
151	851	110	218
151	851	110	218
151	851	110	218
151	851	110	218
151	851	110	218
151	851	110	218
151	851	110	218
151	851	110	218
151	851	110	218
151	851	110	218
151	851	110	218
151	851	110	218
151	851	110	218
151	851	110	218
151	851	110	218
151	851	110	218
151	851	110	218
151	851	110	218
151	851	110	218
151	851	110	218
151	851	110	218
151	851	110	218
151	851	110	218
151	851	110	218
151	851	110	218
151	851	110	218
151	851	110	218
151	851	110	218
151	851	110	218
151	851	110	218
151	851	110	218
151	851	110	218
151	851	110	218
151	851	110	218
151	851	110	218
151	851	110	218
151	851	110	218
151	851	110	218
151	851	110	218
151	851	110	218
151	851	110	218
151	851	110	218
151	851	110	218
151	851	110	218
151	851	110	218
151	851	110	218
151	851	110	218
151	851	110	218
151	851	110	218
151	851	110	218
151	851	110	218
151	851	110	218
151	851	110	218
151	851	110	218
151	851	110	218
151	851	110	218
151	851	110	218
151	851	110	218
151	851	110	218
151	851	110	218
151	851	110	218
151	851	110	218
151	851	110	218
151	851	110	218
151	851	110	218
151	851	110	218
151	851	110	218
151	851	110	218
151	851	110	218
151	851	110	218
151	851	110	218
151	851	110	218
151	851	110	218
151	851	110	218
151	851	110	218
151	851	110	218
151	851	110	218
151	851	110	218
151	851	110	218
