742	815	91	264
748	812	89	264
743	804	101	259
738	799	112	275
760	804	96	272
763	794	96	279
760	801	103	262
770	797	99	244
770	786	97	252
768	788	107	266
767	791	110	255
767	784	116	280
765	778	125	290
760	782	128	271
778	781	109	261
790	771	102	273
786	774	105	255
798	764	98	261
805	769	89	245
808	768	91	236
796	761	100	262
801	766	99	255
808	758	93	253
816	747	87	246
817	752	85	229
819	756	85	236
823	756	85	244
822	754	88	232
820	746	90	222
825	744	88	240
818	740	91	255
830	739	81	236
828	739	95	240
823	742	96	236
826	733	98	237
837	736	84	214
843	727	84	224
859	724	68	224
851	729	81	229
845	721	89	215
856	719	83	216
855	709	84	235
847	707	99	261
853	704	95	274
848	707	103	271
859	710	93	244
855	715	94	228
857	705	95	228
868	697	85	230
871	697	81	252
862	699	88	240
871	690	83	255
869	691	89	256
864	688	93	229
870	686	89	226
873	681	88	224
875	686	89	219
873	688	92	236
879	681	89	224
880	678	88	225
884	677	91	220
886	684	90	205
888	681	83	210
904	681	70	216
895	681	82	221
897	678	84	205
902	684	74	197
907	686	74	187
914	685	69	184
912	687	72	172
917	685	69	185
925	680	64	200
916	684	73	197
925	669	69	210
925	662	80	208
927	653	76	213
924	669	80	217
925	666	78	204
934	659	78	203
935	657	98	221
934	657	88	221
944	657	85	214
934	659	110	216
937	653	106	230
951	648	84	226
952	647	86	204
953	647	84	202
957	648	80	211
962	650	82	219
956	645	87	232
968	646	83	238
973	647	79	243
971	651	84	239
976	649	71	218
979	645	73	214
981	645	75	202
987	641	71	216
978	639	83	206
978	639	83	206
988	653	79	224
993	648	84	241
995	650	79	247
1003	640	82	240
1019	633	64	245
1016	631	77	230
1027	630	61	204
1025	636	68	184
1030	635	64	177
1034	637	57	177
1039	634	60	175
1031	641	74	185
1040	634	72	183
1048	628	70	182
1055	624	71	185
1053	642	82	171
1061	648	71	157
1063	640	72	163
1070	640	66	165
1069	636	68	170
1078	636	66	165
1085	638	61	163
1092	634	75	164
1094	635	64	170
1092	636	69	185
1097	630	63	180
1104	639	60	167
1108	640	57	166
1111	638	56	171
1117	636	55	169
1123	635	52	172
1119	636	60	167
1121	629	62	164
1129	633	60	174
1131	633	64	181
1127	629	74	173
1127	631	80	181
1130	632	81	189
1144	634	70	176
1143	636	73	176
1158	636	60	165
1163	640	58	160
1169	643	57	165
1172	641	62	170
1178	637	59	177
1182	633	56	185
1180	631	68	174
1183	628	73	190
1184	626	76	185
1189	635	74	169
1192	627	74	176
1199	644	77	171
1205	628	72	173
1211	637	67	164
1217	639	65	150
1227	631	62	159
1229	633	59	163
1231	627	53	171
1232	629	57	171
1235	635	59	173
1238	629	58	173
1239	629	62	164
1249	636	52	163
1248	626	59	171
1243	618	74	181
1252	614	66	181
1261	612	67	183
1258	616	70	181
1260	625	74	174
1270	623	67	161
1277	628	65	160
1284	622	63	163
1285	626	65	166
1294	620	60	176
1297	623	64	170
1302	616	66	186
1311	616	64	193
1315	615	68	182
1314	610	83	197
1312	620	88	169
1320	617	87	178
1311	615	96	174
1315	607	98	188
1330	613	87	181
1314	607	107	187
1304	610	123	202
1328	607	100	211
1344	605	84	198
1344	608	75	188
1343	602	81	190
1341	602	87	177
1351	600	86	175
1359	597	74	185
1368	604	70	175
1352	591	83	187
1355	591	88	197
1362	596	78	187
1382	599	64	181
1378	597	72	190
1380	589	76	201
1382	593	81	196
1384	594	80	198
1378	599	90	186
1394	599	80	189
1400	599	78	188
1404	600	76	181
1415	601	73	191
1417	595	67	184
1419	600	68	178
1425	598	72	172
1428	598	71	177
1433	592	67	187
1439	592	62	177
1443	589	64	173
1442	593	76	198
1450	587	69	218
1455	584	67	231
1459	587	64	220
1458	585	69	224
1465	584	63	221
1466	587	66	218
1465	589	75	219
1469	583	74	233
1472	587	73	219
1477	589	79	216
1479	589	77	215
1484	586	78	218
1496	583	65	224
1505	582	59	203
1509	582	52	184
1506	587	62	172
1515	597	57	183
1513	606	63	184
1522	591	60	195
1519	603	60	200
1522	609	61	191
1527	603	61	181
1532	599	63	187
1533	598	65	181
1523	596	86	182
1516	600	95	201
1526	609	90	182
1532	599	92	199
1528	616	95	181
1534	618	92	176
1522	614	110	191
1545	606	86	175
1555	605	82	189
1562	603	83	182
1573	613	66	165
1580	611	58	164
1584	600	55	177
1595	607	59	164
1596	605	62	174
1596	606	65	170
1601	611	58	167
1603	606	58	173
1603	604	68	178
1605	618	78	182
1604	614	79	171
1605	616	82	168
1612	608	72	179
1610	603	82	186
1614	608	77	177
1622	609	65	174
1616	617	77	170
1620	608	78	174
1632	601	67	179
1640	605	60	173
1635	616	68	168
1637	619	72	159
1639	612	66	170
1641	614	70	170
1642	603	67	179
1643	601	66	188
1647	612	67	170
1644	606	72	179
1648	609	78	177
1651	611	69	174
1654	611	66	171
1658	615	59	169
1660	604	60	180
1657	612	66	176
1659	619	60	166
1661	613	59	165
1661	609	59	174
1661	610	63	179
1661	610	61	177
1663	609	64	172
1663	608	71	177
1662	607	80	176
1661	608	77	180
1664	601	84	181
1664	604	76	179
1664	608	74	175
1666	603	75	180
1662	608	80	177
1667	606	80	179
1666	614	81	170
1663	613	87	173
1666	613	85	170
1667	613	88	166
1668	609	91	174
1667	608	82	173
1671	609	92	172
1670	618	79	163
1669	606	75	175
1669	609	86	173
1668	605	92	173
1676	608	75	173
1672	611	89	166
1672	603	87	172
1672	603	80	177
1675	607	76	171
1674	613	75	165
1675	604	79	176
1676	611	89	165
1672	608	80	164
1675	607	89	168
1675	606	97	175
1671	608	94	172
1677	604	90	167
1674	610	88	166
1679	613	67	166
1674	618	84	157
1678	615	83	158
1675	611	73	164
1677	612	80	163
1676	613	78	165
1681	611	75	164
1679	610	69	167
1682	618	66	160
1681	609	66	166
1684	608	70	163
1680	618	71	156
1680	619	68	157
1677	611	70	162
1681	619	73	163
1677	614	78	168
1680	615	70	167
1681	610	73	167
1683	619	66	159
1685	612	63	171
1686	611	64	169
1685	612	65	165
1683	616	68	164
1686	609	64	175
1681	622	67	161
1685	620	69	161
1686	628	66	159
1686	624	65	163
1687	626	66	157
1688	624	66	168
1689	625	71	157
1689	630	69	150
1695	623	64	156
1692	623	73	166
1695	627	70	170
1696	623	71	174
1698	628	69	165
1696	622	78	177
1699	621	74	182
1696	631	77	166
1701	632	78	177
1701	632	81	172
1706	627	77	179
1708	632	78	170
1711	623	79	184
1710	626	79	185
1710	629	86	174
1714	627	85	180
1714	627	88	181
1722	625	81	179
1716	632	92	169
1721	632	89	169
1721	628	89	169
1722	630	85	179
1721	627	89	184
1727	625	84	192
1726	626	92	193
1729	625	89	192
1732	628	90	192
1727	630	91	187
1733	624	88	183
1726	621	90	201
1728	630	93	186
1729	627	96	204
1729	625	94	214
1731	625	90	205
1728	630	92	206
1735	632	90	197
1739	634	86	203
1741	632	87	204
1736	633	88	215
1738	636	88	208
1741	633	83	211
1739	640	85	223
1742	633	87	244
1741	638	83	242
1740	642	91	240
1746	633	86	244
1747	642	93	233
1748	642	91	235
1755	650	85	206
1748	652	97	228
1748	650	95	247
1751	646	90	258
1743	643	105	273
1740	647	110	276
1735	642	116	303
1730	645	122	281
1734	647	122	274
1731	648	124	299
1741	647	113	280
1748	652	105	279
1732	658	130	288
1738	658	120	279
1749	658	110	285
1750	656	105	283
1750	651	109	290
1751	654	106	288
1753	656	107	273
1750	662	111	281
1747	655	112	292
1748	663	111	282
1758	666	101	261
1755	668	102	257
1752	671	107	275
1764	673	95	257
1764	671	99	240
1763	675	100	258
1765	674	97	274
1769	676	98	258
1769	680	98	267
1771	683	97	258
1768	688	100	255
1777	691	98	252
1778	686	99	257
1777	696	102	248
1783	690	93	241
1786	692	94	249
1795	695	90	242
1789	698	97	238
1798	700	92	238
1799	693	92	259
1793	704	101	239
1796	710	106	235
1800	703	102	233
1802	697	99	250
1807	706	100	247
1790	708	117	241
1799	705	110	260
1801	707	107	250
1802	716	108	249
1808	713	101	245
1806	715	107	245
1807	715	104	242
1804	720	109	242
1804	726	109	243
1805	726	109	240
1801	729	111	237
1804	726	110	245
1809	729	94	237
1806	723	104	250
1801	731	109	246
1805	720	106	247
1805	725	106	246
1807	730	103	246
1802	730	106	239
1803	729	110	233
1805	727	106	234
1802	732	111	236
1803	733	106	245
1802	734	109	243
1808	734	105	247
1807	735	105	255
1809	735	100	246
1811	733	100	249
1806	737	103	247
1807	732	104	254
1801	735	110	241
1803	735	109	242
1802	736	111	237
1799	738	115	232
1798	743	117	229
1798	740	112	248
1799	739	114	229
1802	737	106	231
1799	737	111	222
1795	735	117	231
1795	737	115	229
1793	733	117	237
1791	738	111	232
1793	733	105	236
1790	736	109	227
1791	729	100	226
1787	728	103	236
1779	735	99	232
1774	733	101	230
1773	726	95	236
1772	724	96	227
1762	728	101	221
1761	727	101	227
1756	730	104	210
1753	727	104	209
1749	722	102	205
1745	729	98	200
1748	722	94	205
1740	723	90	207
1738	717	87	197
1735	724	83	198
1735	718	84	193
1731	718	71	201
1726	716	70	194
1724	707	78	198
1716	709	76	197
1709	706	84	199
1705	701	85	197
1700	701	80	186
1698	696	81	200
1694	697	71	199
1691	696	72	191
1687	701	67	182
1685	695	67	188
1679	682	77	194
1675	678	81	199
1671	674	79	203
1670	674	71	201
1666	673	69	196
1658	671	82	196
1659	667	74	196
1656	663	70	199
1653	670	76	181
1644	666	80	193
1644	670	66	183
1639	665	73	188
1637	664	70	184
1631	665	72	182
1629	662	66	186
1628	670	63	190
1622	670	65	191
1616	655	66	204
1613	664	63	196
1612	663	61	195
1612	661	59	193
1606	660	60	191
1602	662	59	190
1598	665	60	178
1592	662	63	181
1590	660	66	186
1583	665	64	179
1581	672	62	171
1578	674	60	169
1576	675	58	168
1574	670	58	171
1570	676	60	162
1565	667	62	169
1563	667	62	176
1556	666	68	174
1553	667	66	169
1548	658	71	176
1544	668	71	172
1541	661	72	184
1538	665	70	168
1537	674	65	164
1532	678	65	153
1523	680	75	146
1526	675	66	157
1524	675	65	157
1520	673	69	161
1520	677	68	155
1519	681	69	154
1515	679	72	158
1511	680	78	157
1513	685	70	157
1512	688	72	164
1514	688	69	159
1508	705	70	143
1508	710	71	140
1513	705	67	149
1517	712	61	154
1514	713	65	151
1512	710	71	152
1511	711	69	148
1512	704	73	164
1512	712	72	160
1516	717	66	152
1519	719	61	151
1519	716	65	154
1518	711	68	164
1521	715	67	156
1521	719	62	161
1523	721	60	158
1524	719	65	159
1525	717	63	152
1522	716	66	152
1526	718	64	154
1527	717	63	154
1526	722	68	150
1530	716	63	152
1534	717	63	154
1534	724	65	149
1538	717	68	163
1543	720	74	157
1554	717	65	165
1564	723	62	162
1575	720	65	159
1586	731	62	155
1596	726	69	161
1615	724	66	163
1625	730	68	162
1645	725	69	164
1656	728	68	173
1680	732	67	163
1692	732	69	164
1709	733	69	173
1730	733	69	176
1749	741	69	169
1762	738	74	177
1776	738	70	172
1787	743	69	171
1796	750	74	169
1804	753	76	179
1810	745	72	183
1813	761	80	175
1815	747	76	184
1816	751	72	176
1814	749	74	180
1811	742	77	175
1804	740	71	173
1783	746	81	160
1772	744	76	167
1754	740	71	171
1734	733	73	174
1713	731	76	170
1690	717	72	182
1672	710	67	155
1648	699	68	171
1618	704	68	156
1598	697	67	155
1578	706	62	145
1551	696	65	146
1530	687	60	144
1505	684	62	147
1486	678	55	161
1454	672	66	147
1437	663	64	156
1413	664	62	156
1394	663	56	152
1377	644	49	159
1353	652	50	151
1326	651	56	149
1310	649	58	143
1286	653	53	139
1268	644	55	138
1249	642	53	147
1221	636	60	137
1208	638	53	139
1188	640	51	134
1164	647	57	117
1151	640	53	119
1133	639	55	119
1120	636	54	122
1106	632	54	126
1101	628	50	127
1096	629	48	131
1091	631	48	120
1087	626	50	124
1084	628	51	126
1081	623	52	129
1081	630	54	120
1083	624	50	123
1084	626	51	119
1086	628	50	125
1086	627	52	121
1087	623	53	126
1088	620	50	127
1087	626	55	117
1088	623	52	122
1092	626	51	117
1090	624	53	117
1094	621	51	119
1095	626	48	117
1094	621	52	129
1096	622	52	126
1097	616	50	133
1101	621	45	126
1100	619	49	117
1099	616	50	116
1101	616	50	114
1100	616	50	125
1101	616	50	130
1100	618	51	124
1098	618	55	117
1104	615	48	112
1104	617	49	116
1103	615	53	117
1106	613	51	114
1106	616	49	112
1108	613	47	114
1109	612	46	113
1111	611	46	116
1113	617	45	107
1112	610	47	112
1114	613	47	112
1116	614	47	112
1116	611	49	120
1119	612	47	116
1119	609	50	112
1120	611	47	105
1123	610	45	112
1125	609	47	106
1128	608	43	106
1126	607	48	106
1129	605	44	108
1130	605	44	109
1134	594	41	117
1131	592	47	121
1132	589	44	126
1132	593	46	124
1132	589	45	126
1130	586	47	135
1134	585	46	138
1135	580	45	137
1129	578	51	144
1130	581	54	137
1119	581	66	137
1133	584	49	135
1136	587	49	123
1139	586	47	119
1139	586	48	116
1140	589	46	117
1143	594	47	113
1141	593	46	109
1143	595	46	108
1143	591	45	109
1146	590	44	110
1146	594	44	106
1144	592	45	109
1146	585	45	111
1149	589	41	108
1151	588	42	109
1152	589	43	107
1153	588	43	100
1156	590	43	100
1159	592	41	107
1153	584	46	106
1157	583	45	103
1161	578	44	112
1161	580	47	110
1161	577	45	117
1153	578	54	111
1159	580	52	109
1155	582	57	106
1161	575	51	112
1159	578	53	107
1161	579	49	104
1170	577	41	111
1171	584	40	95
1173	582	39	98
1170	586	45	102
1173	583	42	96
1169	580	45	106
1167	575	53	107
1165	572	52	111
1165	573	57	109
1167	581	59	105
1167	581	62	104
1178	577	50	108
1183	569	44	116
1183	575	49	110
1185	574	47	104
1187	567	44	117
1188	572	44	109
1189	573	44	107
1188	572	47	111
1189	567	48	118
1191	570	47	115
1195	570	43	110
1198	575	42	106
1196	568	45	110
1188	578	55	101
1198	574	47	105
1206	570	41	113
1210	574	41	107
1212	574	39	102
1213	575	42	102
1213	580	40	99
1217	582	40	99
1219	579	43	107
1217	579	44	101
1218	581	47	102
1221	582	43	99
1225	579	41	100
1224	571	45	112
1227	566	44	117
1228	568	45	119
1230	570	44	116
1233	569	43	112
1234	571	44	112
1238	578	42	106
1238	580	42	101
1239	579	42	100
1241	576	42	109
1240	574	47	106
1239	582	45	100
1239	583	46	101
1238	591	47	91
1246	589	44	89
1251	589	43	87
1249	581	43	91
1252	582	42	93
1252	580	45	98
1256	587	39	89
1256	586	42	90
1255	575	45	100
1255	570	45	111
1261	566	40	118
1261	574	39	112
1265	563	41	113
1267	565	38	113
1270	576	40	109
1271	572	40	107
1271	574	43	105
1275	571	40	106
1277	572	40	103
1274	561	48	117
1276	564	50	118
1278	568	47	115
1283	563	42	119
1283	562	46	122
1284	569	47	117
1287	569	47	119
1288	565	44	123
1286	566	46	127
1290	570	46	123
1291	576	44	119
1292	577	46	118
1292	572	45	124
1290	567	49	134
1297	572	42	122
1296	572	43	123
1297	577	46	111
1299	572	44	115
1299	574	45	116
1298	575	47	117
1298	576	46	115
1295	571	48	122
1295	575	48	127
1292	578	52	118
1289	581	48	116
1289	575	47	120
1284	572	47	119
1282	577	48	119
1278	582	51	117
1278	579	54	112
1280	581	53	117
1279	582	51	114
1278	579	53	119
1275	577	57	126
1277	576	55	112
1277	579	56	117
1279	576	53	111
1285	577	44	111
1287	584	40	107
1286	586	44	103
1283	586	47	105
