1025	612	80	151
1028	608	77	156
1041	606	57	145
1043	607	58	137
1047	607	55	135
1048	606	56	138
1046	603	57	146
1047	603	53	145
1043	601	57	154
1039	603	57	154
1032	601	60	150
1028	601	57	144
1018	599	64	145
1013	602	67	141
1007	599	69	146
1005	600	65	153
1001	604	71	153
999	601	75	143
997	600	77	143
997	599	78	158
995	597	79	166
998	595	80	159
998	594	78	162
1002	592	78	168
1008	593	69	167
1009	594	68	174
1015	594	62	153
1018	592	58	157
1021	593	60	152
1022	592	62	152
1023	591	61	164
1027	591	56	155
1028	589	56	159
1027	588	65	175
1027	588	67	166
1030	590	67	166
1034	591	61	156
1037	591	58	165
1038	589	61	167
1038	595	62	164
1040	590	64	179
1039	586	68	168
1041	590	70	181
1040	588	72	175
1044	585	67	167
1042	587	69	183
1041	586	68	181
1042	586	63	165
1039	586	65	150
1031	588	72	153
1027	585	69	145
1020	582	68	138
1016	585	65	154
997	585	74	147
993	584	69	159
977	592	74	147
969	583	77	154
969	585	68	136
948	581	74	152
934	577	75	148
921	579	74	146
919	578	59	133
903	578	64	139
885	579	74	153
872	579	72	139
866	576	66	147
857	575	61	141
847	566	61	145
847	566	61	145
830	582	61	130
824	579	64	131
825	583	58	123
822	580	55	136
820	578	58	130
818	576	53	124
815	578	61	132
817	575	56	134
816	571	58	146
818	570	60	146
814	564	59	146
817	565	57	142
817	563	59	149
821	564	57	145
820	570	57	135
820	562	56	136
821	561	60	133
820	569	61	123
820	565	62	129
821	565	59	133
820	570	57	125
821	567	58	124
821	563	62	120
821	566	64	110
821	563	60	125
820	560	60	135
822	564	60	125
821	545	57	137
823	547	53	145
822	544	50	141
822	539	51	140
822	543	55	141
821	549	53	127
821	539	56	134
822	545	49	131
819	551	51	115
823	540	46	130
819	546	43	119
819	546	43	119
819	546	43	119
817	549	39	115
816	537	39	119
815	543	41	119
815	528	43	116
812	536	45	119
811	533	44	117
813	546	41	114
812	538	38	113
809	541	43	106
813	548	35	96
809	545	41	98
808	544	44	105
808	548	42	93
806	547	45	96
804	541	46	106
804	539	55	106
803	537	53	113
802	532	51	115
804	533	52	112
801	533	52	117
801	532	50	113
801	533	55	118
798	526	55	127
797	526	57	126
796	525	60	120
797	523	54	116
796	519	54	125
795	519	54	129
796	522	49	123
794	524	55	125
794	525	54	128
793	523	53	130
794	520	55	131
793	522	56	124
792	528	52	127
792	526	55	125
792	526	53	125
790	533	56	122
785	525	63	133
784	529	66	126
781	525	66	118
770	529	85	124
763	531	88	107
757	530	94	113
759	527	101	107
762	525	95	114
752	525	103	111
748	526	101	116
766	527	86	107
768	528	78	103
785	529	63	107
780	524	65	109
783	529	58	101
785	532	60	98
785	533	55	108
783	530	58	108
786	528	54	118
784	523	54	115
781	519	59	127
780	515	62	131
780	520	57	131
785	519	53	127
779	516	63	133
779	517	60	126
781	520	54	129
780	519	56	118
785	518	52	125
784	518	53	122
783	526	53	113
781	525	54	112
788	517	44	124
784	525	56	132
782	528	57	121
785	528	50	129
783	531	54	121
782	530	58	114
782	531	54	120
783	535	51	108
781	536	55	100
780	537	56	105
780	534	55	123
779	534	55	125
779	536	53	120
775	539	61	107
771	538	68	105
773	541	61	104
773	542	59	111
772	538	59	105
772	536	57	112
769	535	62	113
764	537	66	110
766	541	62	91
765	543	62	99
770	539	56	106
768	541	59	94
764	545	62	107
760	544	66	122
753	539	70	129
742	542	83	129
752	544	71	124
743	544	79	124
747	545	79	128
746	547	79	127
754	543	72	141
758	544	64	137
760	544	61	132
765	544	56	125
767	544	50	127
770	545	49	121
769	544	46	122
771	544	44	120
771	543	43	122
772	540	45	121
770	546	45	121
770	544	45	118
772	545	44	109
771	544	43	117
770	547	46	109
767	545	49	116
767	542	51	123
767	542	52	114
768	541	50	129
767	544	53	122
767	547	56	137
767	543	56	137
768	544	58	135
768	543	59	131
772	548	56	132
773	550	53	126
774	551	56	126
775	550	56	129
778	549	51	130
778	554	48	125
781	557	46	122
781	561	49	118
780	560	48	114
784	543	54	115
791	569	44	105
793	545	52	119
795	533	63	129
799	541	58	138
804	548	59	133
807	541	72	129
811	542	75	123
812	549	69	137
816	548	73	146
827	545	67	145
831	542	68	146
834	532	69	163
842	531	60	168
841	539	64	161
842	529	68	169
846	535	59	159
849	523	56	171
849	542	55	161
850	530	58	171
851	539	60	166
851	535	59	158
850	540	64	150
849	547	63	150
852	544	67	154
849	539	83	171
854	533	84	170
861	549	77	184
865	534	72	194
864	538	72	199
868	542	73	175
870	550	71	154
874	546	71	159
877	544	68	149
879	553	64	133
881	562	57	120
877	565	63	112
877	566	73	101
871	567	85	108
874	577	67	115
868	566	75	122
866	560	96	129
865	561	102	118
863	574	108	114
867	565	86	130
868	558	81	139
871	552	72	155
873	547	76	162
874	542	68	177
875	545	66	172
881	541	63	165
879	546	68	162
881	537	62	182
880	541	62	180
882	542	65	176
882	546	67	173
882	541	63	179
882	540	66	169
883	546	65	157
879	556	84	140
875	555	72	149
875	553	74	157
876	551	72	153
871	547	77	163
868	547	81	164
866	547	74	172
863	553	77	160
862	556	73	168
856	555	89	158
857	559	80	158
860	562	73	148
861	566	73	150
861	564	71	159
861	569	70	159
863	571	68	150
865	573	68	145
866	571	65	144
865	572	71	140
865	574	70	135
864	576	71	135
864	576	65	136
866	570	64	147
865	573	69	143
865	567	63	146
866	565	63	152
865	565	64	150
864	563	64	153
864	569	65	149
864	561	61	161
864	561	63	162
861	565	62	163
859	559	64	162
859	563	64	161
863	566	59	162
865	567	56	160
866	570	59	154
868	569	62	162
872	567	56	164
875	569	59	157
878	569	62	155
882	570	58	158
882	570	63	158
883	572	62	156
884	571	61	159
883	572	61	158
882	572	60	161
880	575	62	165
879	577	63	155
880	575	62	165
877	578	61	157
877	577	59	163
875	582	59	156
874	582	60	170
872	585	60	168
868	585	65	167
866	589	65	158
866	589	64	157
861	590	69	158
859	590	66	158
857	590	67	160
860	589	64	165
857	590	63	172
850	589	72	168
852	590	65	159
852	590	63	162
852	589	62	167
848	586	65	172
848	587	60	165
846	585	60	170
846	584	58	171
841	586	62	163
838	586	61	179
835	584	63	182
832	583	61	172
830	580	64	172
831	578	60	179
828	580	61	167
825	577	62	165
821	579	64	159
821	579	60	158
821	570	62	165
819	577	59	157
814	577	65	155
817	575	61	159
814	571	68	167
820	564	63	168
822	566	65	169
823	569	69	164
830	575	65	161
833	570	64	165
834	568	67	158
836	570	68	155
841	568	65	159
842	566	65	168
843	560	64	174
848	565	61	170
848	566	61	159
850	561	61	164
852	563	59	162
852	570	58	149
853	568	60	150
853	564	61	157
853	562	60	158
856	561	58	154
855	563	61	159
856	564	62	164
857	556	62	174
860	559	64	170
864	559	61	169
866	563	64	167
870	561	63	161
876	558	61	166
880	553	62	164
881	557	63	166
885	556	61	167
887	556	63	160
891	556	59	148
893	554	60	150
893	557	60	142
896	553	60	149
898	555	57	145
899	553	56	147
900	547	56	154
900	547	60	158
902	545	57	164
904	548	57	153
906	548	56	150
909	548	53	150
912	550	52	146
915	547	50	154
914	548	53	152
915	544	54	160
915	546	57	150
917	546	54	152
918	546	55	147
920	549	54	146
922	551	56	143
923	554	55	140
925	555	55	145
925	556	57	144
929	554	55	146
928	559	59	141
929	562	57	146
932	564	59	152
933	566	55	152
935	571	55	150
934	570	58	155
936	574	59	154
937	572	62	155
939	573	61	158
940	572	63	160
939	573	71	163
941	573	75	159
943	576	76	147
946	581	75	135
949	580	65	140
951	581	61	141
951	579	67	143
953	580	64	146
954	583	65	143
953	585	68	138
953	583	68	141
957	585	61	145
957	589	57	134
958	589	55	133
958	588	57	131
958	589	55	128
959	591	55	127
960	587	53	131
961	589	54	130
963	588	51	129
963	590	55	124
964	591	52	118
965	591	51	125
964	592	51	119
964	592	50	120
964	590	53	120
965	596	57	119
964	600	61	107
962	600	63	106
961	600	56	109
963	593	45	125
961	594	49	118
961	596	46	111
959	599	50	108
959	597	50	102
959	597	52	101
958	592	61	104
959	597	49	98
958	603	58	84
957	599	70	81
957	600	56	73
961	607	49	88
961	601	56	100
963	600	53	97
962	598	55	111
962	599	47	115
963	589	36	121
960	600	46	113
960	601	44	111
962	590	39	128
963	589	43	129
964	598	34	124
962	592	47	129
962	595	42	123
963	589	41	124
960	594	50	120
961	594	60	117
963	591	50	126
962	593	49	123
961	597	60	110
960	591	52	115
960	589	62	117
961	593	72	108
960	589	65	114
958	588	70	116
959	589	60	97
960	587	57	98
961	586	53	100
960	589	54	102
960	586	52	109
960	583	46	116
961	575	43	122
959	584	46	117
961	584	59	108
962	583	57	113
962	585	59	108
962	588	60	103
959	591	59	97
959	585	47	102
959	585	53	99
958	581	55	106
956	574	53	114
956	571	56	117
956	563	56	124
955	564	53	122
954	566	55	118
954	566	55	118
953	560	57	134
952	565	59	118
953	563	54	121
953	567	54	119
953	566	53	117
951	568	60	109
952	572	67	118
952	568	66	112
954	562	56	102
953	557	65	114
950	567	64	101
950	566	51	99
951	563	48	98
951	562	46	105
949	566	53	98
949	563	53	95
950	567	48	97
950	562	54	101
950	564	50	99
949	559	45	106
950	558	45	102
949	559	43	107
948	559	44	109
947	560	47	101
948	560	37	98
949	559	38	106
947	555	43	107
947	557	41	108
946	557	43	100
945	555	44	99
946	549	42	107
944	550	45	106
944	556	45	100
944	550	46	112
940	546	50	111
942	535	47	126
942	521	44	140
940	515	40	143
936	514	48	152
933	505	51	168
929	500	63	179
935	496	52	191
938	505	50	172
938	503	47	165
939	506	44	168
930	515	55	183
930	510	50	185
958	519	73	172
928	512	56	178
919	508	70	177
961	507	84	180
939	504	74	178
940	518	83	162
941	514	111	171
904	499	102	186
904	499	102	186
904	499	102	186
947	507	101	199
893	512	112	188
950	521	93	166
910	513	107	157
921	515	123	148
934	516	113	156
900	506	92	146
940	530	115	155
896	512	111	169
905	514	134	153
937	520	120	146
885	511	130	154
950	510	108	168
920	511	113	157
937	520	118	141
902	511	144	152
930	513	128	155
885	505	117	164
953	503	108	175
930	508	120	169
955	506	123	190
939	513	118	200
880	509	145	182
955	518	129	181
939	512	123	175
916	515	129	154
923	512	134	176
947	513	128	193
920	516	131	194
953	516	116	197
945	513	105	200
968	521	90	208
946	495	108	206
971	508	93	212
947	506	116	214
974	529	76	193
954	516	84	182
970	521	89	188
960	519	96	195
943	526	108	179
971	532	85	172
976	538	85	183
968	514	85	187
958	517	78	170
972	528	77	158
967	523	69	156
939	517	90	152
959	522	91	157
965	527	85	150
939	526	102	148
948	529	113	149
972	530	97	181
957	527	105	181
976	519	102	209
949	511	123	226
965	519	149	238
990	513	156	241
962	514	175	270
990	512	173	289
983	491	156	328
986	490	189	322
980	495	195	312
986	495	182	313
993	491	167	357
989	511	182	324
989	489	156	359
983	469	173	409
987	479	172	407
983	504	182	389
980	473	185	344
978	506	205	328
985	522	197	282
977	535	204	264
984	511	187	287
983	493	186	311
976	533	216	272
986	494	194	309
986	501	190	301
985	497	182	307
983	486	182	315
989	484	157	352
992	497	172	330
991	479	159	353
988	485	150	351
993	478	157	354
987	476	163	343
992	473	156	333
991	487	156	321
989	485	158	334
988	490	158	337
991	482	150	337
989	485	161	329
988	483	160	346
991	485	163	353
992	490	169	364
991	498	170	365
988	520	197	323
986	500	179	350
992	514	179	317
991	509	177	341
995	522	171	326
991	504	181	328
991	518	186	301
986	534	200	299
987	492	182	347
991	480	174	385
998	479	157	422
998	469	155	443
996	476	156	450
991	455	164	477
995	468	162	507
988	450	178	515
989	440	181	535
977	437	185	544
981	444	185	540
975	432	191	554
980	452	181	516
972	483	202	497
979	492	184	470
972	501	226	495
978	466	189	501
967	482	227	499
970	475	204	495
968	474	207	511
977	439	174	525
972	463	195	486
971	481	217	436
977	484	182	427
977	462	186	439
975	444	163	468
974	472	199	437
969	489	195	414
968	452	184	441
970	456	189	458
967	459	167	480
972	462	172	479
971	452	186	493
971	411	144	546
982	397	148	568
979	399	169	567
966	370	152	597
985	386	136	578
971	393	174	576
955	435	248	554
938	417	325	612
