758	282	44	145
757	295	46	133
753	297	59	135
755	286	50	151
758	290	44	144
754	287	46	153
757	293	43	146
756	297	44	140
757	292	40	152
756	299	50	145
751	298	49	151
753	304	50	148
750	300	50	160
750	296	45	161
751	307	44	151
753	309	38	152
753	313	38	146
753	316	37	146
751	320	42	143
752	320	39	144
753	324	37	140
751	326	37	146
753	329	33	145
753	331	34	145
752	331	35	147
752	332	35	149
751	328	37	156
753	334	36	147
754	340	35	143
752	347	39	137
751	348	41	137
752	346	42	140
753	350	40	139
753	353	40	136
754	351	39	136
755	350	38	139
754	354	40	134
753	353	40	134
755	354	37	138
756	353	33	138
756	350	34	143
755	350	36	142
755	346	37	148
756	351	34	142
756	354	32	140
756	353	33	139
753	354	35	136
753	355	36	135
753	353	38	137
752	356	36	134
754	355	36	135
751	354	37	142
749	356	40	130
749	357	38	122
747	351	46	132
744	351	51	137
746	350	47	136
743	354	50	137
746	351	47	132
743	350	45	138
745	350	41	131
745	349	40	140
744	352	41	148
744	350	43	137
745	350	39	137
743	352	41	135
743	351	40	135
742	357	39	131
744	357	35	133
744	357	35	137
742	355	39	149
742	357	40	151
739	356	43	148
738	360	42	149
739	365	38	143
739	367	38	139
737	365	41	145
739	369	36	161
734	372	42	157
736	373	40	157
732	376	41	166
734	379	38	166
733	380	38	163
731	382	39	160
731	383	38	165
730	385	38	163
733	393	32	148
732	401	34	141
731	402	34	131
730	401	35	130
729	399	34	130
728	406	37	122
726	409	37	106
724	412	38	101
725	413	34	104
726	414	33	104
725	416	33	99
724	414	34	107
722	417	36	114
723	416	36	123
718	416	40	142
722	416	36	138
720	412	37	142
721	409	36	147
719	409	38	151
721	405	36	145
720	402	38	147
718	406	39	146
718	399	37	140
719	404	38	134
718	403	40	125
719	401	38	118
720	399	35	123
719	402	38	139
719	400	37	143
720	399	36	146
718	400	37	144
717	396	38	149
717	398	38	147
718	395	39	149
718	400	40	138
716	400	40	136
719	398	36	143
716	396	39	147
718	399	36	138
716	395	39	148
718	396	37	156
720	396	35	163
720	392	35	152
720	397	37	142
719	396	37	142
719	395	37	151
718	396	39	142
719	399	37	133
720	401	39	135
721	401	37	124
722	402	35	132
723	401	36	134
723	403	38	125
723	402	39	135
722	400	41	140
718	399	50	133
722	397	42	143
723	398	40	128
721	398	41	131
721	396	45	124
719	389	49	137
716	388	48	140
721	386	46	144
721	394	41	154
720	396	42	151
719	396	42	158
718	388	42	158
715	392	45	150
718	391	42	142
714	391	55	138
715	388	47	140
712	392	43	139
715	391	41	136
712	391	43	143
712	391	41	144
711	391	45	151
707	392	49	151
706	390	49	160
701	389	60	178
706	387	52	165
707	388	48	179
707	388	53	177
710	390	55	169
716	389	45	173
719	392	51	166
726	386	55	167
734	384	45	179
738	391	44	176
744	391	44	162
747	386	47	146
750	389	42	142
751	386	43	143
753	388	44	155
753	387	44	159
753	383	43	163
753	388	43	175
751	390	43	175
751	389	40	178
751	382	40	182
750	392	43	183
751	389	43	180
753	383	43	190
757	395	40	182
763	393	39	172
767	393	42	174
772	387	46	179
782	397	44	179
789	394	45	181
805	391	38	165
815	391	39	171
826	389	38	162
839	389	38	157
845	394	42	163
855	385	43	171
863	378	44	181
868	389	45	182
878	382	41	182
879	390	45	177
882	384	45	175
887	387	40	172
889	388	41	164
889	388	41	165
889	384	40	155
891	389	39	156
889	386	41	166
888	385	39	159
887	383	41	163
888	380	38	168
886	385	40	163
888	384	38	156
888	386	39	160
888	390	41	156
891	387	42	163
898	387	42	157
906	388	46	153
922	388	39	141
935	389	37	133
953	389	36	130
964	391	41	138
980	385	46	150
996	383	47	158
1012	382	49	158
1032	384	49	159
1055	380	45	152
1073	382	39	142
1089	384	41	149
1102	382	40	146
1104	388	48	159
1112	387	49	160
1115	388	53	165
1118	387	54	160
1125	386	51	154
1134	392	43	142
1137	392	41	141
1139	394	42	148
1139	397	41	146
1140	398	41	145
1141	398	40	150
1140	401	40	152
1138	401	45	153
1139	403	44	151
1142	403	42	146
1142	406	40	146
1141	408	44	146
1144	409	41	144
1139	410	46	148
1140	412	47	149
1139	411	47	148
1139	411	49	151
1139	410	48	153
1145	410	43	146
1145	412	44	142
1144	410	44	151
1145	412	42	145
1149	412	35	136
1150	413	36	134
1153	411	33	121
1153	413	31	117
1153	412	32	119
1153	414	32	111
1151	413	32	108
1153	415	32	108
1150	416	33	106
1151	415	34	119
1152	413	30	113
1153	415	28	111
1154	412	28	111
1151	417	32	104
1151	415	31	112
1150	415	32	111
1150	415	32	109
1150	417	31	101
1147	418	34	107
1145	415	38	121
1146	415	35	118
1148	414	32	120
1144	414	36	122
1139	412	41	130
1139	412	40	128
1136	409	42	126
1130	411	46	132
1132	410	44	130
1129	406	48	128
1119	410	57	133
1121	407	56	135
1109	408	66	130
1104	411	70	129
1105	410	69	125
1108	411	63	122
1111	410	60	135
1111	410	61	128
1101	414	71	119
1101	421	68	117
1096	429	68	111
1101	428	67	109
1090	435	72	110
1102	432	64	108
1101	433	60	115
1101	436	59	103
1101	441	58	94
1104	432	61	98
1105	433	62	95
1106	424	61	104
1107	420	62	113
1109	422	57	107
1110	417	61	108
1107	425	60	102
1113	409	61	112
1114	411	57	115
1115	410	54	120
1116	413	54	116
1116	416	55	103
1117	413	51	108
1119	416	52	104
1116	423	54	101
1123	416	49	96
1125	412	45	101
1124	410	47	105
1126	407	43	104
1126	404	43	107
1129	406	45	106
1129	404	41	108
1130	405	42	108
1134	404	37	106
1135	407	37	104
1134	405	38	105
1133	405	40	107
1136	402	39	108
1139	406	35	101
1139	404	36	106
1138	409	36	104
1138	404	40	106
1136	414	44	108
1137	414	45	101
1137	414	47	105
1137	411	47	105
1135	418	49	102
1135	429	51	94
1140	418	47	100
1141	421	51	96
1141	423	50	91
1139	427	54	99
1141	423	55	100
1143	423	52	99
1141	427	57	108
1141	424	59	112
1143	429	56	101
1147	427	53	97
1148	420	56	104
1146	417	58	112
1151	415	54	108
1151	420	53	104
1151	418	55	106
1151	416	56	108
1151	415	57	104
1152	418	57	101
1155	410	55	110
1157	406	55	108
1157	414	53	99
1160	404	52	107
1160	410	50	104
1156	409	57	107
1155	403	60	112
1157	399	55	115
1157	400	56	115
1154	400	56	116
1148	398	56	116
1142	405	59	107
1133	408	60	108
1131	406	58	109
1121	403	64	111
1117	401	64	110
1128	405	51	105
1136	405	38	106
1140	407	32	105
1137	403	33	107
1141	405	30	100
1140	404	29	104
1141	406	31	101
1143	408	31	104
1144	407	30	103
1145	408	28	100
1145	409	29	99
1147	410	32	101
1148	409	30	102
1148	409	31	104
1148	411	31	101
1152	412	31	100
1152	412	32	102
1156	409	30	104
1158	410	29	106
1159	412	30	100
1161	409	30	103
1163	411	29	101
1164	412	29	101
1161	411	29	103
1155	412	32	104
1150	415	32	100
1137	415	40	104
1129	419	39	99
1118	418	35	98
1103	411	40	108
1092	412	36	104
1080	414	38	104
1070	416	39	105
1063	412	38	106
1059	416	34	103
1054	414	35	103
1053	414	34	103
1054	413	30	102
1045	414	42	105
1050	415	35	99
1053	411	29	103
1053	418	32	99
1054	417	29	101
1053	417	31	101
1055	415	31	103
1056	415	31	103
1058	414	27	105
1057	419	32	101
1057	419	31	102
1059	418	31	103
1060	419	31	107
1060	419	34	105
1061	418	33	101
1064	419	31	98
1065	420	30	98
1065	423	29	95
1067	420	35	103
1068	421	32	99
1069	419	31	99
1070	415	29	104
1070	414	30	105
1070	416	31	106
1071	418	29	103
1072	419	28	99
1074	420	26	101
1074	418	27	100
1075	419	27	102
1075	417	27	101
1075	417	27	100
1075	419	27	97
1075	418	27	95
1076	417	27	96
1076	418	26	97
1075	420	28	95
1077	419	27	96
1076	421	26	95
1077	423	26	94
1075	425	29	95
1075	426	28	95
1076	427	27	90
1077	429	26	89
1077	429	24	90
1075	429	27	91
1075	430	27	89
1075	432	27	86
1074	429	28	92
1075	429	27	89
1072	426	29	91
1073	429	27	89
1073	424	28	91
1070	427	30	88
1071	425	29	89
1072	424	30	90
1073	421	28	93
1072	420	27	93
1072	424	30	88
1072	423	29	92
1075	425	25	87
1075	427	26	82
1076	425	24	85
1073	425	28	89
1071	428	29	86
1071	420	28	88
1072	418	28	89
1070	418	29	89
1070	412	28	96
1070	421	30	89
1072	418	28	90
1070	422	30	87
1070	421	29	87
1069	423	30	85
1068	424	31	84
1069	427	28	83
1068	427	28	81
1069	429	27	79
1067	429	33	81
1065	428	31	80
1066	425	30	82
1067	426	29	84
1068	426	28	82
1067	426	27	81
1066	426	28	81
1065	420	27	85
1065	421	27	86
1066	419	26	86
1066	422	24	82
1064	419	27	87
1066	425	24	83
1066	424	24	82
1065	424	25	82
1064	421	27	85
1065	418	25	89
1065	417	26	89
1062	413	29	89
1063	413	28	91
1063	415	29	89
1064	413	25	94
1064	414	26	89
1063	416	27	85
1061	414	32	87
1062	415	29	86
1060	413	32	91
1058	415	30	89
1061	415	27	87
1060	416	28	89
1061	416	26	90
1063	414	25	92
1059	414	28	90
1058	415	28	87
1058	415	26	86
1058	412	26	89
1057	414	26	86
1056	411	26	88
1056	411	26	85
1056	409	25	87
1052	405	31	92
1053	404	30	90
1053	411	28	83
1052	408	28	85
1053	404	29	88
1052	409	28	87
1054	408	26	86
1052	408	28	86
1053	413	26	81
1054	413	25	81
1051	408	28	87
1052	408	27	87
1051	406	29	88
1052	407	29	88
1051	408	32	82
1050	407	29	84
1050	406	30	86
1049	407	28	84
1050	406	29	84
1052	406	28	86
1052	405	28	84
1052	405	25	85
1049	405	31	86
1051	404	28	89
1052	405	27	86
1053	405	25	87
1050	406	27	87
1053	406	24	88
1052	407	23	88
1052	404	25	88
1052	407	25	90
1051	407	25	84
1052	407	24	86
1050	406	26	86
1051	401	25	90
1049	403	26	91
1049	404	27	88
1049	405	27	90
1050	405	30	87
1050	403	25	89
1051	406	27	87
1049	405	29	87
1048	407	30	85
1049	410	28	79
1050	413	27	78
1048	413	29	79
1045	418	33	74
1045	418	33	74
1045	421	33	71
1043	425	33	65
1045	428	30	66
1044	430	30	65
1050	433	24	62
1048	439	25	56
1045	431	28	60
1042	442	31	54
1046	443	27	54
1045	444	28	53
1043	446	30	50
1043	448	29	50
1041	444	30	53
1041	448	30	51
1043	454	28	48
1042	451	28	52
1041	450	30	53
1041	450	30	54
1040	454	29	51
1042	460	29	45
1039	459	32	49
1042	459	28	53
1041	463	31	48
1043	460	27	51
1045	453	22	53
1040	455	29	51
1039	457	30	48
1036	459	32	48
1038	459	30	50
1037	459	32	52
1037	457	31	54
1037	459	30	52
1038	460	31	53
1036	459	31	53
1036	463	32	49
1036	463	32	49
1038	463	30	52
1036	466	33	48
1039	464	30	53
1037	460	30	55
1037	469	32	48
1034	472	32	47
1034	471	34	48
1036	472	34	47
1033	473	35	48
1032	473	36	54
1034	473	35	53
1035	471	33	53
1036	472	34	51
1035	475	36	52
1034	474	33	51
1031	476	37	50
1033	476	33	52
1033	470	36	59
1031	470	37	59
1032	474	35	56
1034	479	35	52
1031	477	35	53
1034	477	34	55
1032	477	34	55
1031	483	38	54
1033	480	35	57
1032	485	36	51
1026	483	39	59
1031	489	34	53
1030	486	36	58
1030	489	37	54
1030	489	37	56
1028	489	37	56
1031	488	34	58
1031	491	35	57
1029	492	34	60
1028	493	35	59
1029	492	36	61
1027	493	38	64
1028	495	38	63
1027	498	38	59
1027	502	38	59
1027	501	37	59
1026	502	36	61
1026	504	36	63
1024	504	38	65
1024	506	39	67
1023	508	38	65
1022	508	39	65
1022	512	38	64
1023	514	38	62
1021	518	41	62
1020	518	42	62
1022	519	39	64
1021	519	39	67
1020	523	37	68
1017	525	40	67
1017	527	40	66
1016	528	39	67
1016	530	40	69
1016	533	39	70
1016	536	40	69
1013	538	42	69
1014	537	40	72
1011	538	42	72
1012	545	41	67
1010	546	42	70
1011	548	41	71
1008	550	43	73
1007	552	45	74
1007	553	43	76
1005	555	46	77
1004	560	46	74
1004	561	44	75
1005	561	42	80
1003	562	43	82
1001	564	46	83
1001	567	46	81
999	577	47	75
997	577	47	78
996	580	46	77
997	584	44	79
993	585	48	80
991	588	50	79
992	590	47	81
991	594	47	80
989	596	49	81
986	597	53	85
987	598	51	85
992	599	48	91
995	600	50	94
1000	603	52	96
1008	606	51	93
1016	602	50	103
1024	600	49	110
1031	599	48	115
1031	601	55	122
1041	592	47	123
1042	589	48	133
1041	587	51	141
1038	584	58	147
1040	575	58	161
1040	570	57	167
1041	568	59	165
1037	567	61	166
1038	562	60	174
1039	559	59	177
1035	561	62	174
1036	555	60	180
1037	557	60	180
1036	556	60	179
1034	556	60	182
1032	555	62	182
1032	555	60	178
1032	557	59	180
1030	558	62	179
1032	555	59	181
1030	558	58	173
1031	554	57	173
1031	551	56	167
1031	548	56	170
1033	540	51	174
1029	540	54	171
1030	537	54	172
1027	532	56	178
1030	534	53	171
1026	529	56	171
1027	526	55	175
1025	525	58	176
1026	522	57	174
1022	517	58	179
1018	515	61	178
1019	516	58	173
1023	515	54	174
1023	521	54	164
1021	515	55	167
1021	517	55	161
1024	518	53	156
1023	513	54	160
1023	514	55	155
1022	516	56	155
1025	513	54	156
1025	512	53	158
1025	512	52	163
1024	514	55	157
1025	512	53	159
1024	511	55	164
1026	511	52	162
1027	513	49	160
1028	513	48	157
1028	512	47	153
1026	515	50	149
1027	509	49	154
1028	509	47	154
1028	506	49	156
1028	511	47	155
1028	511	50	152
1029	511	53	151
1029	510	50	153
1028	509	51	158
1029	511	53	158
1030	511	53	156
1028	515	55	153
1031	512	51	156
1032	515	51	154
1033	512	50	157
1035	514	50	154
1033	517	52	151
1035	518	50	148
1034	518	52	142
1035	516	50	148
1035	518	50	144
1039	512	49	149
1037	511	51	150
1039	508	51	152
1041	510	49	155
1042	511	47	151
1043	511	49	156
1044	514	45	154
1045	518	47	148
1047	514	46	150
1048	515	48	149
1049	517	48	147
1051	515	44	150
1051	516	45	147
1054	518	46	142
1055	514	45	140
1055	512	48	146
1057	510	46	143
1057	511	47	145
1057	509	47	147
1060	514	45	144
1059	513	46	144
1062	512	42	147
1063	516	43	148
1060	516	47	146
1063	516	46	145
1064	518	45	141
1064	517	46	142
1061	520	49	141
1062	518	49	141
1064	518	45	143
1064	519	48	143
1065	515	47	140
1069	515	45	143
1073	517	43	139
1080	517	44	144
1085	514	44	149
1090	518	45	143
1100	518	45	148
1108	519	47	145
1118	520	46	143
1127	522	48	143
1136	520	52	143
1155	518	44	145
1170	520	45	141
1177	521	54	136
1195	518	48	141
1209	519	49	139
1220	517	49	144
1234	517	49	143
1249	520	48	141
1265	520	48	137
1277	520	49	141
1293	519	46	145
1305	519	53	147
1316	522	56	145
1333	523	54	150
1345	525	53	151
1354	523	52	147
1363	525	50	147
1369	525	51	146
1372	523	53	151
1376	527	52	143
1383	525	47	139
1386	524	45	139
1388	524	48	138
1386	521	48	141
1391	522	46	138
1392	520	45	142
1392	520	48	142
1393	518	46	143
1394	520	46	144
1394	522	45	145
1396	524	42	142
1396	522	47	142
1396	520	46	143
1397	521	45	140
1397	521	48	139
1403	523	42	135
1404	523	41	139
1404	523	43	140
1400	521	51	131
1405	521	44	135
1404	518	49	135
1404	518	52	138
1403	518	52	138
1404	521	53	139
1409	517	49	139
1412	517	48	143
1411	517	50	140
1416	522	47	133
1421	519	44	138
1421	517	45	139
1424	519	45	140
1429	518	41	136
1430	518	42	135
1432	520	43	132
1436	518	42	134
1436	516	43	133
1440	515	41	136
1445	516	38	133
1448	517	37	134
1450	520	38	134
1451	523	39	131
1452	522	38	131
1453	523	38	139
1454	525	38	134
1454	528	40	133
1457	528	39	137
1455	531	43	135
1457	529	41	128
1461	529	38	128
1460	529	38	141
1460	528	41	140
1457	527	46	139
1462	525	38	132
1464	526	39	132
1465	527	37	127
1466	526	37	130
1468	528	34	134
1467	524	37	136
1468	529	35	133
1465	528	40	138
1467	528	38	130
1467	529	36	129
1468	525	35	133
1469	524	34	134
1466	524	38	133
1466	526	38	132
1463	526	41	139
1465	522	37	149
1465	519	38	143
1467	521	35	137
1465	519	38	147
1466	516	35	143
1465	518	36	154
1467	515	34	151
1464	516	36	147
1464	516	35	135
1463	519	36	132
1463	519	34	124
1463	518	32	124
1461	517	34	126
1459	517	35	134
1459	515	34	127
1460	518	33	121
1458	514	34	122
1457	514	37	125
1454	512	39	122
1457	511	35	115
1455	511	36	116
1454	509	36	125
1454	510	35	132
1454	511	34	126
1456	510	33	121
1452	508	36	126
1452	510	35	128
1451	508	35	129
1450	508	34	122
1452	509	33	120
1450	504	33	122
1443	505	41	116
1447	501	34	124
1448	501	33	119
1445	503	35	122
1448	501	31	118
1443	499	34	122
1443	495	33	127
1442	499	32	122
1439	494	35	131
1432	496	41	118
1434	501	36	113
1439	500	28	109
1433	502	32	117
1431	500	33	117
1431	500	33	116
1426	499	37	115
1427	498	34	109
1427	498	34	106
1430	497	30	116
1425	498	33	116
1423	496	36	123
1421	497	38	115
1422	496	38	116
1420	496	37	113
1421	499	37	110
1419	498	38	117
1420	498	38	116
1419	502	40	113
1421	501	36	112
1420	500	37	113
1419	503	40	108
1421	500	36	112
1420	500	38	119
1420	499	36	117
1422	501	34	110
1420	501	34	116
1419	498	32	114
1420	498	33	108
1416	498	36	109
1414	494	38	105
1411	501	39	99
1399	494	49	105
1389	493	58	115
1380	495	63	116
1378	491	69	120
1378	492	68	119
1378	492	66	118
1380	495	62	114
1375	495	66	115
1379	497	60	108
1380	502	58	103
1380	502	58	103
1381	496	55	109
1381	496	55	109
1381	496	55	109
1388	500	47	97
1388	500	47	97
1394	499	40	85
1394	499	40	85
1398	503	29	81
1401	504	26	79
1397	507	28	71
1388	497	36	73
1390	501	34	88
1385	495	40	96
1386	496	38	94
1388	496	36	90
1389	493	30	92
1389	493	30	92
1389	493	30	92
1389	493	30	92
1389	493	30	92
1389	493	30	92
1389	493	30	92
1389	493	30	92
1389	493	30	92
1389	493	30	92
1389	493	30	92
1389	493	30	92
1389	493	30	92
1389	493	30	92
1389	493	30	92
1389	493	30	92
1389	493	30	92
1389	493	30	92
1389	493	30	92
1389	493	30	92
1389	493	30	92
1389	493	30	92
1389	493	30	92
1389	493	30	92
1389	493	30	92
1389	493	30	92
1389	493	30	92
1389	493	30	92
1389	493	30	92
1389	493	30	92
1389	493	30	92
1389	493	30	92
1389	493	30	92
1389	493	30	92
1389	493	30	92
1389	493	30	92
1389	493	30	92
1389	493	30	92
1389	493	30	92
1389	493	30	92
1389	493	30	92
1389	493	30	92
1389	493	30	92
1389	493	30	92
1389	493	30	92
1389	493	30	92
1389	493	30	92
1389	493	30	92
1389	493	30	92
1389	493	30	92
1389	493	30	92
1389	493	30	92
1356	460	23	96
1356	460	23	96
1356	460	23	96
1356	460	23	96
1356	460	23	96
1356	460	23	96
1356	460	23	96
1356	460	23	96
1356	460	23	96
1356	460	23	96
1356	460	23	96
1356	460	23	96
1356	460	23	96
1356	460	23	96
1357	411	27	85
1356	420	28	79
1356	420	28	79
1355	420	29	76
1353	404	33	78
1346	410	42	84
1346	410	42	84
1346	410	42	84
1346	410	42	84
1346	410	42	84
1346	410	42	84
1346	410	42	84
1346	410	42	84
1346	410	42	84
1346	410	42	84
1346	410	42	84
1346	410	42	84
1346	410	42	84
1346	410	42	84
1346	410	42	84
1346	410	42	84
1346	410	42	84
1346	410	42	84
1346	410	42	84
1346	410	42	84
1346	410	42	84
1346	410	42	84
1346	410	42	84
1346	410	42	84
1346	410	42	84
1346	410	42	84
1346	410	42	84
1346	410	42	84
1346	410	42	84
1346	410	42	84
1346	410	42	84
1346	410	42	84
1346	410	42	84
1346	410	42	84
1346	410	42	84
1346	410	42	84
1346	410	42	84
1346	410	42	84
1346	410	42	84
1346	410	42	84
1346	410	42	84
1346	410	42	84
1347	441	37	74
1347	441	37	74
1347	441	37	74
1347	441	37	74
1347	441	37	74
1347	441	37	74
1347	441	37	74
1347	441	37	74
1347	441	37	74
1347	441	37	74
1347	441	37	74
1347	441	37	74
1347	441	37	74
1347	441	37	74
1347	441	37	74
1347	441	37	74
1347	441	37	74
1347	441	37	74
1347	441	37	74
1347	441	37	74
1347	441	37	74
1347	441	37	74
1347	441	37	74
1347	441	37	74
1347	441	37	74
1347	441	37	74
1347	441	37	74
1347	441	37	74
1347	441	37	74
1347	441	37	74
1347	441	37	74
1347	441	37	74
1347	441	37	74
1347	441	37	74
1347	441	37	74
1347	441	37	74
1347	441	37	74
1347	441	37	74
1347	441	37	74
1347	441	37	74
1347	441	37	74
1347	441	37	74
1347	441	37	74
1347	441	37	74
1347	441	37	74
1347	441	37	74
1347	441	37	74
1373	356	31	68
1372	357	26	64
1368	357	28	54
1364	356	30	57
1362	349	27	63
1362	349	27	63
1359	348	28	63
1360	348	23	65
1360	348	23	65
1356	348	21	58
1356	348	21	58
1356	348	21	58
1356	348	21	58
1356	348	21	58
1356	348	21	58
1343	337	25	53
1343	363	25	48
1343	363	25	48
1339	344	29	44
1339	344	29	44
1333	348	26	38
1332	347	21	35
1332	347	21	35
1325	351	20	38
1325	351	20	38
1340	319	19	32
1390	326	26	35
1390	326	26	35
1412	331	27	35
1412	331	27	35
1464	359	31	33
1494	418	27	26
1463	445	28	32
1463	440	29	38
1463	440	29	38
1463	440	29	38
1446	431	28	39
1444	429	26	44
1438	428	28	45
1434	425	31	50
1440	404	40	55
1535	452	32	47
1533	446	27	46
1531	445	25	50
1522	444	25	50
1541	419	25	51
1517	438	26	45
1450	400	20	45
1441	401	24	49
1441	401	24	49
1441	401	24	49
1441	401	24	49
1441	401	24	49
1441	401	24	49
1420	427	21	55
1472	432	21	51
1469	430	20	50
1469	430	20	50
1469	430	20	50
1450	427	23	48
