1042	587	73	241
1040	591	74	228
1039	594	72	231
1042	597	66	224
1041	604	68	217
1038	607	71	222
1039	609	69	222
1040	611	70	234
1040	617	67	237
1040	623	71	236
1042	627	68	232
1041	633	69	235
1039	642	75	224
1043	648	70	226
1043	651	69	232
1043	657	67	241
1040	657	72	250
1041	660	74	250
1043	664	74	237
1044	667	73	236
1046	667	70	236
1047	668	73	229
1045	668	73	237
1043	665	75	237
1047	664	75	247
1046	664	73	242
1048	662	71	237
1042	656	79	255
1040	657	76	240
1046	654	73	240
1042	653	75	243
1040	651	78	247
1043	651	74	241
1041	652	73	241
1041	652	72	239
1037	646	73	245
1037	648	76	245
1036	645	73	250
1038	641	67	242
1036	638	70	233
1031	644	73	222
1032	643	76	218
1030	640	75	231
1032	634	71	240
1032	635	71	231
1030	632	69	242
1028	633	74	232
1025	633	75	230
1027	632	77	225
1024	630	77	233
1026	629	75	235
1024	630	73	234
1025	629	75	235
1021	628	79	232
1023	626	77	230
1021	625	79	217
1023	620	74	224
1023	622	74	217
1022	624	76	208
1018	621	76	217
1021	618	75	214
1020	615	73	219
1021	614	74	217
1023	611	70	221
1020	614	71	218
1016	613	74	227
1016	612	74	224
1015	611	69	227
1019	609	70	240
1016	606	68	239
1014	607	68	234
1013	607	68	225
1013	606	64	217
1011	601	63	226
1009	604	69	211
1006	607	65	210
1004	603	68	216
1001	602	73	221
997	602	75	216
1000	595	71	220
995	599	75	226
999	598	70	220
994	601	76	225
994	600	75	226
991	600	79	228
992	601	73	229
991	605	74	221
993	603	71	227
991	600	71	231
987	604	74	222
986	604	73	217
985	601	72	221
985	600	73	224
988	597	65	219
985	600	69	220
983	599	70	217
982	603	71	212
979	602	70	219
978	605	72	224
974	605	71	219
974	605	70	223
975	611	65	212
969	609	71	216
973	609	71	223
973	609	68	229
969	611	68	221
977	614	68	222
973	616	74	230
977	617	73	222
982	620	71	218
979	618	75	228
982	618	76	225
982	618	75	228
983	622	75	223
983	619	78	224
984	622	77	221
982	622	75	234
978	628	81	235
978	630	75	238
976	632	79	244
976	635	74	244
977	639	77	247
973	645	76	244
972	651	76	239
968	655	85	239
968	654	79	243
967	659	75	234
967	664	76	227
964	665	76	219
963	665	73	226
958	671	77	226
957	672	77	227
954	679	76	228
953	679	73	231
947	685	74	227
948	692	70	225
942	690	77	226
942	696	73	234
940	696	74	233
938	699	72	236
933	704	77	243
933	705	70	242
930	706	74	237
927	709	73	227
926	711	75	228
923	716	75	223
925	716	74	221
920	717	75	222
919	719	73	220
919	723	73	215
919	728	74	212
914	735	83	200
913	735	82	214
913	740	78	221
911	749	84	222
913	743	79	233
919	751	74	226
919	752	77	231
915	758	82	225
920	762	77	220
922	762	74	222
923	762	75	220
924	762	73	227
925	765	73	218
932	763	66	213
930	765	67	211
934	765	64	200
931	766	68	205
931	766	67	209
931	766	68	202
929	766	69	206
933	766	64	208
930	766	67	206
932	764	65	205
934	764	62	205
933	764	63	212
935	766	63	205
939	763	65	209
942	760	63	208
948	760	65	204
953	756	64	214
956	754	64	213
966	755	58	210
970	756	59	197
970	758	62	184
974	758	68	189
974	759	68	185
974	754	70	194
974	753	74	194
976	749	71	195
974	749	77	203
975	746	75	204
979	745	69	202
977	748	70	201
977	745	69	202
981	744	66	198
980	739	66	200
979	743	65	191
980	743	62	182
978	743	65	184
979	744	60	173
980	742	63	176
981	745	61	169
980	745	62	166
979	746	62	167
978	743	62	173
979	735	61	188
979	732	57	189
979	736	56	181
979	734	58	185
977	729	59	190
978	726	57	190
976	728	57	184
978	725	54	184
976	729	57	172
970	733	63	156
972	734	60	156
972	725	57	163
970	727	59	163
972	720	56	173
970	722	57	166
970	718	61	171
971	714	57	176
970	714	59	174
969	716	57	165
969	714	55	167
968	714	57	171
969	710	55	174
968	712	54	174
966	713	58	173
965	708	58	178
964	706	59	183
965	704	58	180
963	704	57	179
964	704	56	168
966	705	56	158
962	706	58	154
964	705	55	156
963	705	55	157
965	704	52	161
961	700	57	165
963	700	54	169
961	696	54	174
962	693	53	177
962	695	52	174
962	697	50	177
960	692	54	186
960	693	52	184
959	689	51	188
960	689	51	183
958	692	50	179
957	692	52	170
953	690	55	172
952	689	57	171
952	692	58	165
953	691	56	161
948	689	61	167
950	686	58	167
948	687	60	166
949	688	59	169
948	688	61	163
948	687	57	169
948	685	55	178
946	688	57	175
944	689	58	178
945	692	58	175
944	692	60	175
943	692	59	175
942	689	58	180
940	688	60	170
941	688	59	164
942	688	55	168
941	687	58	170
942	687	54	173
938	692	58	167
938	689	55	173
940	690	56	171
933	692	59	170
934	691	58	175
932	689	60	177
932	688	57	184
929	690	58	182
929	693	56	173
928	696	55	168
926	695	56	171
926	697	56	170
924	698	55	158
921	695	54	156
920	697	57	156
917	696	57	157
914	693	63	165
914	694	62	168
913	696	61	169
913	697	60	166
910	695	63	173
910	698	60	172
907	693	68	176
909	696	65	178
908	701	67	172
906	699	68	180
907	704	65	182
905	702	66	186
908	705	66	185
909	703	58	189
910	706	62	177
908	708	61	179
908	706	63	181
909	708	59	183
910	707	63	181
908	706	63	186
909	706	63	191
909	706	61	191
909	709	65	187
910	711	62	187
908	708	65	193
908	709	66	194
908	709	66	198
910	710	64	197
911	711	62	200
911	711	63	196
910	712	64	195
911	710	62	195
909	713	65	197
909	713	60	193
910	715	63	186
910	711	67	187
911	711	63	193
912	711	65	190
911	710	67	192
912	710	67	193
911	712	70	190
913	709	70	193
914	711	68	194
914	713	68	193
918	714	69	195
916	715	71	192
917	717	73	197
923	715	69	205
928	716	65	199
927	717	66	202
929	716	66	200
933	718	66	190
933	720	71	187
938	718	67	190
941	721	66	192
942	720	70	196
943	719	72	201
947	721	70	197
948	721	67	205
948	720	72	206
951	720	75	209
952	720	76	211
955	728	74	207
957	726	73	213
962	725	71	222
962	728	72	211
965	737	74	203
965	736	74	212
966	730	75	219
970	731	71	222
972	727	72	224
973	737	69	212
979	741	69	200
978	742	69	208
981	743	71	207
982	747	74	193
983	745	75	203
982	743	77	214
984	749	77	211
988	752	75	206
990	752	75	207
990	758	77	209
990	756	78	218
992	764	75	216
994	760	76	221
995	764	78	223
1000	761	72	224
1000	765	75	221
1002	766	75	217
1004	767	74	214
1006	777	74	204
1008	775	76	207
1007	773	74	208
1010	773	75	210
1011	777	72	207
1010	779	71	210
1009	783	76	208
1009	779	74	216
1009	779	78	222
1008	779	79	227
1009	784	74	230
1008	782	80	237
1007	780	80	240
1007	785	78	235
1006	780	71	243
1006	783	74	239
1002	787	77	232
1002	790	79	225
999	795	80	216
999	793	80	213
1001	790	76	212
1000	790	74	217
994	790	79	221
995	793	82	215
991	788	80	229
989	792	82	215
987	814	84	196
983	813	84	190
985	805	81	210
980	807	85	199
979	806	86	224
975	803	89	232
971	814	93	228
973	825	87	206
975	824	85	213
973	821	82	210
973	822	81	203
970	817	83	207
971	821	83	211
970	832	81	195
970	822	79	211
964	819	83	218
962	816	80	219
961	821	81	212
957	817	80	225
958	811	75	233
956	807	80	238
954	807	79	242
953	810	76	237
949	802	79	245
946	805	84	239
944	806	84	235
940	810	85	229
939	801	82	229
935	797	81	216
931	795	85	222
927	801	87	210
927	800	87	212
927	802	84	201
924	805	82	195
922	801	81	205
921	803	88	207
914	798	89	209
916	798	90	213
915	796	88	212
