1634	908	85	164
1640	904	80	166
1637	901	87	172
1637	895	87	180
1633	891	91	184
1634	881	89	194
1641	880	82	193
1645	886	81	185
1633	884	89	185
1642	881	84	187
1646	877	78	184
1649	874	75	175
1647	873	78	171
1650	867	73	174
1646	865	78	192
1652	857	74	202
1655	846	71	203
1652	846	76	196
1648	846	84	201
1647	839	86	195
1644	836	89	217
1635	839	100	211
1626	840	108	221
1644	831	91	232
1641	833	99	229
1635	833	106	232
1646	825	98	227
1646	823	94	216
1642	821	99	234
1660	812	82	222
1656	819	87	202
1663	816	80	183
1668	813	77	170
1671	811	70	162
1673	810	71	156
1673	810	71	165
1676	807	67	166
1674	808	69	174
1677	808	69	177
1676	806	70	158
1674	803	74	170
1674	802	71	174
1672	798	74	169
1676	798	69	170
1676	795	75	163
1674	792	74	163
1678	790	71	161
1679	784	70	158
1679	785	70	157
1674	788	78	149
1671	784	80	162
1672	779	79	179
1677	778	73	185
1681	775	69	183
1671	774	83	170
1679	771	77	180
1676	771	78	189
1665	768	92	202
1672	762	85	204
1673	760	82	206
1677	755	77	206
1670	754	87	206
1673	753	75	192
1673	751	67	170
1663	748	72	176
1655	746	69	157
1638	743	70	157
1624	742	76	147
1603	736	73	142
1587	731	69	144
1568	727	71	142
1545	719	65	146
1523	719	69	139
1501	716	70	143
1485	704	61	148
1461	698	59	147
1440	699	77	132
1421	695	70	138
1412	692	68	133
1401	692	62	126
1390	687	64	130
1384	686	62	134
1375	683	65	147
1376	684	60	140
1373	685	61	128
1369	682	64	133
1366	681	65	140
1367	678	62	140
1371	676	57	140
1371	675	60	134
1373	671	57	128
1374	671	51	131
1374	672	60	123
1374	669	53	127
1375	669	52	122
1378	669	48	121
1373	671	52	122
1374	671	53	123
1373	672	55	122
1373	670	52	119
1371	670	57	125
1371	669	59	127
1368	666	58	136
1360	666	65	132
1357	662	65	131
1354	660	68	139
1342	655	72	158
1342	655	67	153
1338	656	68	142
1325	658	75	155
1323	656	65	145
1322	655	60	140
1310	652	63	138
1287	651	72	136
1279	649	75	143
1282	645	68	133
1280	642	62	137
1268	644	59	126
1274	643	48	109
1268	641	53	108
1266	640	49	112
1264	638	50	111
1263	637	52	111
1262	638	48	107
1260	638	50	107
1260	637	47	104
1260	635	46	101
1262	632	43	105
1258	634	47	110
1260	634	48	102
1261	632	47	102
1260	630	47	104
1263	631	45	100
1263	628	45	102
1262	628	46	98
1264	632	45	94
1264	625	48	99
1261	625	51	110
1261	621	53	119
1264	619	50	122
1263	619	48	121
1265	616	48	124
1263	615	50	123
1268	614	45	123
1270	612	42	116
1270	615	43	111
1273	612	42	112
1273	613	42	103
1274	611	43	109
1273	612	43	103
1274	605	45	114
1273	606	45	111
1274	609	44	101
1275	608	44	100
1278	607	43	102
1276	606	43	102
1278	610	39	102
1276	607	44	106
1277	605	44	102
1277	605	43	101
1278	608	41	95
1278	604	43	94
1278	601	43	96
1280	597	42	99
1275	601	48	103
1275	597	47	108
1274	599	48	105
1270	600	52	110
1261	604	62	106
1268	600	55	102
1274	601	51	101
1277	597	47	108
1280	594	47	103
1280	593	48	101
1282	591	46	100
1284	590	43	100
1285	593	42	97
1287	591	41	97
1287	587	42	100
1287	586	44	106
1289	586	41	105
1287	592	45	98
1289	591	43	95
1288	594	42	88
1289	591	42	92
1288	589	43	95
1289	589	42	96
1289	590	43	97
1292	583	37	99
1292	582	38	101
1291	580	41	103
1292	582	42	102
1292	578	39	100
1291	574	41	107
1290	569	44	111
1287	578	46	105
1286	568	51	114
1286	566	52	119
1288	575	50	107
1288	572	52	109
1290	571	48	108
1291	569	49	109
1291	579	48	100
1292	576	48	100
1296	571	48	106
1297	563	48	113
1297	560	47	113
1299	556	50	116
1299	555	46	116
1297	564	51	113
1302	558	44	115
1301	562	44	108
1302	561	44	110
1303	565	43	103
1305	560	39	109
1303	561	44	107
1305	561	40	108
1305	565	40	106
1304	566	44	104
1307	562	38	104
1308	565	36	97
1307	564	38	101
1304	567	46	98
1307	566	40	95
1307	566	41	96
1306	564	43	99
1305	565	46	94
1303	558	58	102
1301	557	68	105
1304	562	62	97
1306	562	54	100
1306	569	48	88
1306	565	51	93
1310	562	46	99
1310	563	45	94
1311	561	50	95
1311	563	46	92
1311	564	47	86
1311	564	49	86
1312	560	50	88
1311	559	52	89
1311	558	54	89
1311	560	51	87
1314	558	47	88
1313	558	46	88
1313	556	46	94
1314	558	47	91
1314	558	41	89
1312	559	50	94
1312	558	48	94
1306	553	54	96
1306	553	54	95
1311	560	44	88
1311	558	41	89
1307	559	46	89
1307	560	46	88
1307	560	40	85
1307	560	38	81
1304	559	44	81
1300	559	48	84
1299	555	56	91
1300	560	44	86
1298	555	43	87
1297	556	52	87
1295	555	61	87
1297	555	46	86
1292	557	60	88
1292	555	63	90
1287	552	65	93
1288	552	56	93
1292	551	42	97
1288	546	56	102
1291	545	43	103
1289	552	41	95
1289	554	44	93
1285	559	55	88
1283	562	54	82
1278	554	64	92
1279	554	59	92
1273	554	62	89
1277	557	61	92
1271	557	64	89
1273	553	59	91
1269	553	59	93
1274	555	58	92
1261	555	69	89
1262	555	69	89
1262	551	63	94
1258	548	70	97
1259	548	73	99
1257	555	67	90
1256	554	76	94
1258	543	63	105
1254	540	63	106
1253	529	56	119
1249	535	59	114
1249	549	63	102
1249	554	52	93
1246	557	58	94
1247	553	46	98
1245	554	54	94
1245	553	45	98
1241	554	61	92
1241	553	49	93
1239	554	50	91
1238	555	45	91
1233	557	51	87
1233	555	52	92
1234	553	45	92
1231	552	61	97
1226	553	57	94
1224	549	65	100
1225	553	52	91
1226	552	47	92
1225	546	48	100
1228	548	38	93
1225	553	42	94
1224	552	43	90
1225	550	39	88
1225	549	39	83
1227	550	33	79
1226	541	36	85
1225	540	39	91
1227	542	37	83
1225	540	40	87
1226	539	40	86
1223	536	46	85
1228	535	41	84
1233	530	39	83
1232	527	45	84
1231	529	45	96
1234	526	45	89
1243	518	37	87
1237	524	47	86
1240	520	48	93
1250	515	42	88
1255	513	40	87
1253	513	44	87
1258	511	43	86
1264	507	42	88
1272	506	36	84
1275	505	37	87
1278	505	36	91
1280	504	38	88
1282	503	37	89
1286	504	35	86
1285	504	38	80
1285	506	41	82
1287	505	40	82
1289	505	39	78
1290	503	37	86
1290	503	38	83
1293	497	36	90
1291	494	39	92
1290	499	41	86
1292	498	38	86
1294	496	38	87
1293	493	40	95
1293	496	40	92
1294	497	40	91
1295	498	39	89
1297	498	37	90
1295	493	41	97
1298	496	39	94
1297	498	49	94
1297	498	51	89
1299	496	53	96
1299	496	53	95
1299	490	44	101
1304	496	40	93
1301	500	54	94
1302	497	54	95
1304	494	43	97
1305	498	44	93
1306	498	46	95
1307	497	46	97
1308	497	55	98
1310	500	45	95
1311	502	40	89
1310	497	47	98
1314	499	49	102
1313	499	51	103
1318	489	40	111
1317	493	42	108
1316	498	48	101
1319	501	41	97
1321	506	44	92
1320	504	58	91
1321	500	52	98
1321	503	61	103
1325	499	48	111
1325	498	46	108
1325	504	59	101
1328	496	42	109
1330	496	40	111
1329	495	42	107
1330	499	45	106
1332	499	42	110
1335	502	38	102
1335	511	40	91
1328	507	50	97
1332	512	46	89
1331	510	44	93
1327	513	48	89
1324	513	54	100
1321	513	50	91
1316	512	48	91
1314	514	42	88
1305	511	41	88
1298	511	42	89
1290	508	43	92
1278	512	40	92
1270	509	43	97
1260	506	53	95
1251	507	42	94
1240	507	54	95
1228	510	50	92
1216	512	46	89
1210	511	49	91
1196	511	54	87
1189	507	47	94
1178	511	49	95
1170	508	55	92
1165	508	54	93
1160	511	44	88
1155	510	51	93
1152	510	49	93
1151	508	42	96
1148	509	51	95
1147	512	49	92
1146	514	46	89
1146	516	51	84
1143	514	53	91
1147	515	44	90
1150	512	33	93
1149	515	36	82
1147	513	44	91
1147	515	54	94
1146	515	52	98
1146	516	57	93
1144	518	54	92
1145	516	57	95
1140	519	58	96
1142	516	57	100
1143	516	47	99
1141	520	57	95
1142	519	52	95
1138	520	59	96
1139	519	52	98
1135	520	60	99
1132	518	57	93
1127	522	58	94
1123	518	58	97
1117	518	59	100
1113	517	60	105
1103	519	66	107
1105	519	59	101
1102	520	58	98
1099	522	58	97
1098	524	52	95
1097	521	45	100
1096	522	40	99
1093	523	54	97
1090	519	51	94
1085	519	60	100
1087	513	53	107
1088	524	47	99
1088	523	50	100
1086	527	44	103
1083	532	51	100
1082	534	55	99
1085	538	41	91
1084	537	43	93
1083	535	45	96
1084	534	40	95
1085	531	40	96
1083	531	42	97
1084	532	40	95
1083	532	42	96
1083	525	43	100
1083	523	53	103
1081	520	49	107
1083	523	41	104
1082	526	42	99
1080	527	46	100
1080	526	56	104
1080	524	51	108
1078	523	57	113
1081	523	48	110
1078	521	52	111
1075	526	58	104
1075	523	63	115
1078	528	53	103
1077	524	59	110
1075	527	54	109
1072	529	58	107
1068	531	68	104
1068	528	66	108
1074	525	60	115
1076	526	53	107
1077	522	55	120
1073	525	54	118
1068	523	70	123
1073	529	56	118
1071	526	59	124
1074	525	56	123
1072	529	59	115
1070	535	60	105
1071	536	58	106
1072	537	56	104
1071	537	59	107
1069	537	62	106
1071	535	60	106
1071	539	56	104
1071	539	55	107
1071	535	55	115
1069	538	58	112
1073	537	55	120
1069	541	60	109
1069	534	60	115
1070	540	59	115
1068	536	61	118
1066	535	60	118
1067	540	62	116
1068	541	59	113
1068	540	60	113
1071	540	55	114
1070	542	57	110
1071	542	54	110
1070	548	56	107
1072	546	55	111
1070	546	56	111
1070	548	55	109
1069	548	57	107
1068	552	58	101
1069	551	56	107
1072	550	52	103
1070	553	51	103
1066	549	58	107
1066	550	60	108
1071	547	55	111
1070	552	55	103
1069	552	57	105
1069	551	57	108
1067	550	59	108
1069	551	57	107
1069	549	56	107
1070	548	54	109
1067	548	58	109
1070	546	56	115
1068	544	57	114
1065	545	61	120
1067	548	57	108
1071	544	53	117
1071	546	53	113
1070	547	57	114
1068	549	56	109
1074	548	49	107
1073	547	52	107
1075	543	49	108
1077	544	47	108
1074	546	51	109
1074	544	51	107
1065	544	60	114
1068	546	57	105
1072	547	55	107
1071	543	55	108
1073	538	54	115
1074	542	55	109
1074	536	54	114
1076	537	53	114
1077	539	51	107
1076	534	52	116
1069	531	60	121
1072	527	59	125
1076	531	55	119
1075	535	58	110
1076	531	53	104
1078	533	49	110
1078	539	48	98
1069	538	57	109
1072	537	53	111
1076	535	50	114
1071	537	56	113
1068	538	60	105
1071	538	56	110
1067	539	60	109
1070	540	59	104
1072	539	57	104
1076	538	53	107
1083	536	47	98
1084	533	45	89
1087	535	43	86
1085	539	45	93
1079	539	54	103
1081	538	52	94
1077	540	56	93
1074	540	56	90
1071	540	58	104
1065	542	64	106
1069	535	72	111
1068	534	65	115
1072	538	61	110
1070	538	61	108
1068	536	63	110
1070	534	62	112
1065	534	66	114
1071	532	61	115
1068	531	63	125
1069	531	62	121
1070	530	60	118
1067	532	63	111
1069	532	61	117
1069	530	62	114
1073	529	59	115
1073	532	56	108
1069	532	60	110
1076	531	70	106
1080	522	61	125
1087	520	46	133
1081	523	59	124
1076	527	64	125
1081	528	58	118
1078	528	61	124
1082	527	57	117
1078	530	61	118
1079	526	60	122
1086	527	56	121
1083	533	56	115
1081	530	63	121
1084	532	56	116
1087	529	56	125
1081	530	65	122
1082	529	64	119
1085	526	62	126
1087	529	58	116
1090	534	56	109
1093	528	55	116
1093	530	58	111
1089	528	67	121
1085	527	67	127
1085	524	64	130
1077	525	70	126
1082	521	59	124
1088	524	44	117
1082	521	46	127
1070	523	53	119
1067	524	48	119
1058	522	48	117
1055	521	45	118
1045	524	45	120
1037	523	45	116
1029	522	44	100
1020	523	37	90
1010	524	40	85
1000	524	38	82
989	522	40	90
970	525	48	88
962	520	44	88
949	525	47	100
943	520	42	95
927	524	47	88
917	526	49	83
909	524	39	88
897	523	42	93
888	527	38	85
874	524	39	90
857	527	45	90
849	528	46	100
826	529	54	98
826	522	45	105
819	524	47	100
809	526	50	104
801	522	53	111
790	524	61	124
796	526	50	120
793	520	52	130
789	518	54	133
791	521	52	129
789	518	53	134
794	520	49	127
783	524	60	128
790	523	55	127
784	519	60	132
789	514	58	139
792	510	55	135
789	515	57	127
787	524	61	129
794	522	55	129
787	523	63	129
789	525	60	126
791	522	58	129
793	517	55	134
798	518	48	126
796	519	46	119
787	520	52	128
783	525	53	137
770	531	62	127
762	527	66	127
764	528	57	125
757	525	56	129
753	527	54	122
748	531	49	125
730	529	55	128
715	529	61	131
709	527	60	126
704	530	56	122
693	531	59	126
688	532	56	128
683	530	56	130
676	531	61	130
675	529	57	121
671	532	59	128
667	535	60	116
666	537	59	125
671	529	54	129
665	527	62	134
658	533	65	131
669	530	57	129
663	525	61	134
668	521	58	135
669	524	58	137
669	528	59	132
664	531	62	125
662	530	65	126
662	529	65	136
661	534	66	133
659	534	66	129
662	534	63	132
665	528	59	132
662	521	61	131
655	535	66	131
657	530	64	131
655	528	63	133
658	528	60	135
658	521	56	144
658	519	52	138
656	516	54	145
653	516	57	146
660	520	49	136
645	518	61	143
654	508	53	153
649	498	56	162
647	481	61	177
644	495	63	169
649	481	58	178
652	493	55	162
654	509	52	150
656	515	50	138
645	520	59	142
642	521	62	143
642	522	63	139
643	518	62	136
643	513	63	141
649	514	57	138
652	517	53	136
654	518	51	132
654	514	48	136
653	514	51	132
651	512	52	142
646	516	59	135
638	510	65	145
638	511	66	143
637	504	68	153
641	503	64	149
639	497	68	155
641	484	65	166
644	479	61	168
645	497	62	161
650	480	57	169
642	488	65	167
643	476	65	169
648	485	58	161
641	476	64	167
647	490	57	158
653	489	52	150
653	493	51	146
650	508	54	140
652	507	53	136
651	507	54	133
655	507	49	128
656	513	46	113
657	507	46	110
658	508	42	104
656	511	47	99
657	512	45	104
659	515	41	103
654	516	49	115
651	516	51	118
642	518	57	127
640	496	57	140
629	500	67	146
625	484	61	157
612	493	65	155
608	498	60	147
587	511	71	136
577	503	67	137
572	500	55	141
552	517	60	127
539	521	56	120
521	518	53	123
499	517	56	109
485	518	48	108
464	519	50	113
439	535	53	100
408	530	60	105
397	526	49	108
361	534	59	101
340	539	55	104
320	543	52	102
288	550	58	100
268	550	56	98
238	553	56	98
211	553	56	104
175	552	67	109
148	556	69	106
137	563	58	111
120	561	59	113
101	565	62	116
95	567	56	108
86	572	53	107
79	574	54	106
73	574	54	104
71	577	52	106
66	575	54	109
68	575	52	112
67	573	53	108
67	575	53	110
68	575	51	111
67	573	55	114
68	572	54	109
68	578	56	102
70	577	55	103
72	579	55	108
74	574	53	107
76	570	53	110
77	569	53	121
78	567	58	126
77	557	59	132
76	550	62	139
75	571	71	134
80	566	63	128
86	566	60	124
88	568	60	119
92	573	55	120
92	574	61	117
91	578	62	109
96	577	58	104
95	580	62	107
91	579	67	114
84	575	79	121
80	570	87	128
91	566	77	137
105	567	66	135
105	571	73	125
103	565	74	138
85	564	94	143
95	559	92	146
93	553	98	160
92	535	108	176
93	530	109	185
90	523	115	200
103	538	109	184
97	551	115	195
104	536	110	198
99	536	118	203
98	520	124	234
119	506	102	238
118	538	103	206
99	533	127	213
123	529	101	220
108	532	114	214
123	545	102	192
143	564	79	175
147	570	71	165
141	573	78	155
151	579	70	146
147	581	71	139
144	583	74	140
149	582	69	142
155	589	61	121
159	590	60	118
158	585	62	123
158	584	63	125
160	588	60	123
161	582	60	138
157	583	64	127
159	581	62	132
159	581	61	133
161	580	60	126
162	582	60	125
162	585	61	123
161	586	62	124
160	587	63	126
161	586	60	124
160	583	61	127
161	587	62	121
162	590	60	127
160	591	60	122
158	590	63	120
161	592	58	112
158	595	63	116
160	593	59	119
160	592	59	112
156	592	65	111
157	591	62	121
158	588	62	120
156	587	64	125
156	588	65	127
156	589	62	119
157	585	62	127
158	586	60	124
157	585	62	130
159	588	60	136
157	582	64	138
155	584	61	128
157	585	60	126
155	585	62	137
148	580	72	156
152	580	68	142
153	584	68	139
151	575	65	135
156	580	61	133
157	580	61	134
155	582	62	134
157	588	60	128
155	584	63	127
155	581	61	132
157	581	60	133
155	582	63	133
155	584	62	133
154	588	65	135
152	585	66	131
154	586	61	128
157	583	56	126
158	586	55	125
157	585	57	130
152	585	64	144
156	588	61	137
153	594	64	126
154	589	62	132
156	592	58	125
156	591	58	123
156	590	59	124
158	590	55	127
157	593	56	118
157	596	58	115
158	596	56	116
157	595	57	114
156	594	60	118
156	596	59	114
155	590	59	121
156	586	59	130
152	593	63	116
152	593	63	118
151	592	64	120
151	595	64	117
153	594	60	112
158	596	53	106
154	598	58	101
156	595	55	107
155	597	59	114
156	596	56	126
156	598	58	112
153	596	59	106
156	592	54	112
154	597	59	104
152	595	57	98
153	594	57	98
156	600	53	92
155	596	55	97
154	590	56	107
153	584	58	112
154	598	57	103
154	593	56	113
152	596	61	108
152	598	59	112
154	599	58	105
155	598	57	99
154	598	59	92
154	595	57	96
153	593	59	100
153	592	61	107
152	594	61	98
152	593	62	101
152	584	62	110
153	581	59	119
152	582	62	116
151	581	62	113
150	584	62	116
154	587	58	110
151	579	61	115
148	578	63	120
149	578	64	120
150	583	60	109
151	583	64	116
150	574	67	132
149	574	65	137
147	580	70	137
147	579	68	135
147	573	69	144
143	577	74	143
137	580	78	130
136	580	78	127
141	579	71	130
139	579	72	122
134	581	76	122
124	586	87	120
118	583	95	142
134	578	79	158
129	576	85	155
115	576	102	174
107	548	105	194
89	529	129	215
89	527	132	225
83	518	134	232
94	511	122	238
86	508	124	241
85	521	133	232
78	523	137	228
79	523	136	239
88	522	122	241
89	537	124	227
73	520	137	241
74	515	133	244
77	507	130	253
74	497	137	249
74	498	132	252
89	520	112	247
67	511	138	248
56	517	149	241
75	535	123	214
76	537	126	219
66	526	144	230
58	504	160	239
54	496	171	269
65	480	158	281
63	474	159	292
72	530	123	243
78	546	112	221
78	542	110	211
78	542	102	223
64	546	113	230
75	545	107	228
70	551	110	220
78	555	100	218
77	555	101	214
75	554	101	217
64	537	110	231
73	539	99	233
66	534	111	242
67	548	106	214
60	548	108	200
63	549	102	204
67	537	101	219
60	536	107	232
57	522	110	245
62	526	109	243
61	525	106	236
44	534	120	237
66	553	95	211
61	558	98	206
76	565	82	197
72	558	83	198
66	556	87	210
53	559	105	207
73	566	83	196
63	558	93	207
60	556	96	210
47	544	112	230
52	534	106	239
65	539	94	221
52	545	101	227
51	549	100	207
33	546	120	220
48	540	111	214
38	544	115	233
45	540	111	223
26	537	128	238
27	531	134	237
23	544	133	232
33	544	122	226
33	539	118	231
22	537	131	238
20	537	130	226
35	539	119	233
28	536	134	232
26	526	136	251
54	536	119	239
38	523	133	256
45	526	139	253
74	528	125	237
83	517	121	258
92	519	134	255
125	521	121	235
139	518	120	236
167	515	115	246
173	504	128	230
208	502	121	241
237	505	111	241
257	502	111	240
283	489	108	242
313	488	98	249
338	488	99	240
361	484	97	239
388	497	90	212
412	498	89	201
437	497	85	201
457	492	88	214
473	484	96	216
499	493	89	213
511	488	101	222
538	481	96	227
561	467	93	236
586	471	92	224
604	464	96	232
626	453	89	251
643	458	97	238
667	465	89	229
686	466	88	218
716	473	82	225
731	475	82	222
756	478	79	219
769	483	77	208
792	479	72	213
799	483	78	218
809	478	81	215
822	474	74	222
831	487	74	216
838	495	67	200
841	493	65	211
839	483	70	219
840	488	74	215
844	496	71	204
842	492	69	215
840	482	82	224
843	485	76	217
840	483	85	224
841	486	83	228
841	488	82	223
838	482	85	220
838	473	90	225
844	480	85	229
841	475	79	233
840	482	85	227
843	483	86	229
845	496	77	220
848	504	78	207
848	513	77	195
844	494	77	212
844	488	82	215
841	486	86	225
842	477	84	234
841	474	85	233
841	468	85	237
839	467	88	233
843	478	83	222
845	477	81	217
846	473	81	230
844	475	88	230
846	475	80	228
846	478	78	227
849	482	76	214
851	484	71	215
854	497	68	201
857	505	65	189
855	523	69	172
855	526	67	160
853	537	65	153
857	530	62	161
851	533	69	164
850	516	72	174
840	532	92	160
848	532	80	155
849	535	77	159
848	521	78	172
861	520	60	172
855	513	68	180
853	517	69	167
852	527	70	156
852	530	70	157
851	531	72	160
857	533	64	143
851	529	70	156
851	522	75	175
856	505	70	186
857	494	67	196
855	489	72	216
854	472	73	231
853	480	77	220
852	478	79	226
848	468	84	238
852	471	84	230
851	469	85	235
847	466	87	238
849	465	86	237
850	469	88	239
855	472	81	235
849	475	85	229
854	478	79	224
854	478	78	229
851	468	82	236
853	474	82	228
856	475	79	231
855	482	76	225
856	475	75	230
856	471	77	239
858	477	74	235
855	478	74	233
857	476	79	238
857	485	81	226
857	479	77	234
858	486	75	220
857	480	78	228
852	469	82	244
857	489	80	225
856	481	77	226
858	484	76	226
857	488	77	229
848	475	91	243
851	476	91	242
854	475	88	241
854	480	87	239
850	481	92	242
856	491	83	227
863	493	73	226
862	491	76	224
863	486	74	233
858	480	81	238
863	492	74	224
858	482	79	238
856	487	78	241
857	485	85	239
855	481	82	248
856	480	82	238
860	495	81	229
858	487	84	232
857	480	83	246
856	488	83	239
854	481	87	250
854	487	87	244
855	488	87	241
856	484	88	250
858	488	88	242
859	487	87	254
862	495	86	239
858	488	90	244
858	492	88	243
862	496	85	234
861	491	85	242
863	499	82	231
860	498	80	237
863	505	87	226
864	497	87	241
862	490	89	243
861	499	88	234
871	506	75	219
868	499	80	231
870	499	78	229
874	500	76	229
873	510	74	225
871	507	79	229
871	498	80	236
874	506	78	227
875	515	78	210
873	505	74	225
876	501	79	224
872	497	90	236
872	487	90	252
868	495	93	243
868	486	98	251
867	481	98	260
872	489	92	246
876	501	87	231
875	507	87	224
874	502	85	226
876	497	83	234
880	502	77	223
881	501	74	223
875	493	82	236
877	496	85	229
882	511	80	212
880	497	80	227
880	495	85	231
877	498	90	232
879	499	85	229
876	494	92	236
877	497	84	231
880	504	85	226
879	506	80	219
878	500	86	223
883	503	75	225
881	498	78	227
878	497	72	226
879	495	87	236
876	512	77	212
872	505	71	221
868	494	76	225
865	506	68	216
855	508	75	216
844	505	83	221
835	511	78	222
829	507	83	220
825	504	79	221
821	499	81	230
815	516	81	217
813	520	77	207
807	512	88	216
806	502	87	220
806	506	84	213
801	498	89	220
801	500	88	230
801	507	88	214
798	499	92	220
798	503	96	222
799	500	93	229
797	489	94	237
797	497	95	230
792	501	98	219
793	495	99	226
794	488	93	233
794	487	97	244
790	490	104	238
794	492	97	239
790	495	102	232
789	494	100	231
790	496	101	231
789	495	100	234
787	498	106	222
788	494	103	228
785	496	108	224
787	490	107	228
781	487	115	234
781	483	114	236
775	495	119	214
760	495	134	217
759	512	132	199
751	496	145	220
745	497	158	224
737	512	158	206
733	494	153	231
728	501	167	228
740	510	147	216
735	509	148	213
732	506	157	218
724	505	160	220
744	512	151	209
736	504	145	213
738	511	140	208
730	502	153	216
712	489	177	229
708	511	186	216
726	499	166	222
721	525	154	199
717	513	165	206
717	517	171	200
720	507	161	209
711	503	172	211
705	517	176	198
720	497	159	218
715	485	159	231
712	497	163	217
707	498	174	219
699	481	176	232
693	494	171	230
706	485	164	240
691	505	175	218
693	477	155	245
686	503	177	217
674	514	191	209
671	493	187	233
647	507	211	225
648	502	210	221
659	495	203	230
667	499	187	223
642	510	208	215
659	505	194	214
643	519	203	206
653	506	191	218
636	507	205	226
630	499	212	230
635	506	206	225
636	507	202	220
611	505	223	232
610	506	219	238
622	511	213	228
615	506	214	230
631	507	195	228
641	505	187	227
614	513	213	228
627	504	202	235
612	519	220	218
636	500	186	229
648	502	171	231
631	496	187	234
623	523	194	208
630	511	185	218
613	523	202	199
614	526	204	201
627	512	187	213
629	524	197	204
627	510	197	216
638	517	185	211
641	518	181	209
642	514	180	214
639	522	181	203
640	537	179	188
645	544	171	179
646	553	171	170
649	541	163	184
650	544	160	177
652	562	117	150
656	577	97	142
678	583	78	130
668	585	90	132
672	581	78	139
669	581	91	137
671	583	85	136
674	584	85	139
679	586	80	133
682	587	82	134
688	590	75	129
684	592	85	121
687	591	83	132
683	595	87	132
692	594	83	132
695	593	80	129
697	593	80	114
701	594	74	118
707	588	72	129
711	588	67	139
711	592	71	124
714	595	66	140
719	588	73	148
728	586	60	150
727	589	63	145
732	589	59	148
732	594	63	147
735	588	65	150
739	591	65	145
735	593	74	141
738	593	80	146
741	596	82	148
743	591	90	153
748	589	80	155
750	598	83	145
751	600	74	147
754	603	74	147
759	596	79	145
762	595	77	156
762	593	77	162
763	594	76	162
763	599	76	158
764	607	76	157
765	604	76	162
771	603	75	163
775	605	77	163
774	609	78	155
777	598	73	170
778	608	76	163
780	607	76	163
780	613	82	160
783	614	79	162
783	611	77	163
784	616	76	159
771	607	90	169
772	618	93	162
775	604	89	174
775	603	88	175
780	617	83	164
785	626	77	159
782	630	82	155
784	627	79	156
790	636	68	149
788	630	71	154
781	627	78	160
785	636	73	151
783	636	75	151
782	637	74	149
781	631	74	154
776	623	78	167
779	628	75	164
778	635	75	155
776	633	75	156
772	635	77	154
769	637	81	153
770	638	81	151
764	643	84	147
769	641	80	151
765	644	79	152
767	640	75	152
768	640	73	154
763	642	74	152
758	644	78	152
756	642	78	155
752	641	81	157
755	646	74	149
752	646	75	149
754	647	70	149
744	647	79	149
745	642	76	153
742	642	79	155
742	636	75	158
740	637	74	158
735	631	75	162
735	635	74	157
734	635	73	157
734	633	69	158
731	630	73	160
727	631	74	156
726	632	72	156
722	634	73	148
717	630	78	154
715	632	79	152
716	620	73	162
715	622	76	156
714	616	74	161
712	622	74	155
710	626	73	147
710	623	72	150
710	621	75	147
710	617	70	154
709	616	69	150
707	613	75	153
702	614	75	151
703	613	75	149
702	606	77	156
700	610	80	154
702	606	73	150
699	607	75	148
698	605	79	141
702	605	70	137
702	607	73	134
700	601	72	139
700	600	70	141
699	596	69	141
700	593	66	141
697	599	78	133
695	599	78	130
694	596	78	134
693	595	78	133
697	590	72	135
696	592	75	129
696	591	79	133
701	591	67	128
697	588	69	130
696	586	77	128
696	586	76	127
697	581	75	131
697	583	75	125
701	583	69	120
703	580	73	122
699	583	65	118
698	579	72	125
703	579	71	117
702	573	63	126
703	566	64	126
704	563	60	129
707	568	61	121
708	567	56	121
710	563	55	124
711	552	52	134
711	554	52	133
711	556	54	125
707	551	57	131
708	557	53	125
709	564	55	114
710	559	53	116
710	561	49	112
711	555	49	115
708	554	51	114
708	558	53	111
708	554	52	108
709	557	51	110
707	554	53	114
707	545	53	119
708	548	54	114
708	551	55	109
710	553	53	106
712	543	50	114
707	538	56	116
710	543	55	113
714	534	53	116
712	531	55	117
715	538	51	106
718	535	47	107
717	527	50	114
721	533	47	106
721	531	46	106
719	526	47	111
723	526	48	107
721	525	49	107
719	520	50	111
722	516	49	114
721	513	51	117
720	516	51	112
720	512	51	115
721	510	47	118
721	511	51	117
720	512	53	116
721	514	52	111
721	507	54	121
721	510	53	116
721	512	56	112
719	512	58	115
721	515	55	112
722	509	57	120
720	515	57	115
721	513	60	116
723	519	60	113
722	520	58	113
724	525	57	105
726	527	55	100
727	530	54	96
726	530	58	101
726	530	59	101
729	529	59	102
731	526	54	102
732	527	58	102
730	524	60	106
731	526	58	107
732	530	56	100
731	527	63	104
737	519	51	110
739	520	49	111
736	525	57	103
734	527	59	102
733	526	60	102
737	520	54	107
738	530	54	97
739	523	52	105
738	520	54	110
740	525	49	102
737	527	54	102
739	529	53	101
738	529	52	100
737	529	54	97
740	531	51	98
740	527	53	100
741	522	52	106
740	520	53	108
739	527	58	107
739	524	56	104
738	525	56	104
739	528	56	99
742	524	54	102
737	519	60	106
740	522	54	104
740	520	55	104
740	520	54	106
741	521	52	107
739	516	56	109
740	516	54	111
740	511	51	114
739	512	56	113
740	509	55	116
739	513	57	111
738	517	57	109
739	515	55	109
737	514	54	111
738	512	52	113
737	515	50	109
736	513	50	110
735	515	53	110
733	511	54	113
731	512	57	110
731	509	56	112
730	507	57	115
730	511	56	110
727	517	56	104
727	512	54	108
724	511	55	109
724	512	54	108
722	518	51	101
721	512	51	106
718	515	54	105
720	514	51	105
720	513	49	106
720	506	48	113
720	508	48	110
719	510	50	108
716	508	52	111
716	509	52	108
714	507	51	111
713	501	56	117
718	499	52	119
717	495	52	122
716	502	54	115
716	504	53	113
714	505	54	114
714	500	53	119
718	503	50	116
717	500	49	118
717	495	51	121
717	500	51	118
715	499	55	116
720	500	50	116
720	499	49	115
720	500	48	113
723	502	46	111
723	497	47	113
724	499	45	117
723	499	47	113
724	501	46	112
725	494	46	118
725	498	46	117
720	500	52	110
724	493	51	117
726	499	46	109
728	492	47	118
727	496	48	112
730	495	49	114
729	491	49	113
731	484	50	115
735	483	43	120
735	481	45	120
734	485	49	116
733	487	50	113
735	482	47	115
735	482	47	116
737	483	44	114
739	483	43	115
736	485	45	112
735	484	49	114
739	480	46	117
739	488	46	114
742	482	45	113
741	480	49	117
741	484	46	113
744	479	44	119
744	477	45	121
746	490	41	109
741	495	47	103
745	491	44	109
744	495	45	104
742	494	44	107
745	494	44	107
744	497	44	104
745	494	41	108
745	491	43	113
747	489	44	112
745	491	45	110
745	488	45	114
744	487	43	116
744	486	44	118
743	485	42	120
744	492	42	113
744	492	41	113
742	494	43	108
741	497	45	109
741	493	44	109
739	496	41	109
738	493	44	110
738	499	44	108
735	500	48	105
735	504	46	100
735	498	49	108
734	502	45	102
732	500	43	105
731	498	44	107
729	498	44	106
730	502	42	103
729	499	41	105
728	494	40	112
726	495	41	112
725	499	42	108
723	495	42	111
720	503	42	105
717	500	46	108
716	504	46	100
718	499	49	105
717	501	46	106
716	491	40	115
716	491	38	117
714	496	40	111
711	491	41	116
709	489	44	120
705	493	45	116
706	496	44	112
705	498	43	109
702	493	46	112
701	498	44	111
700	498	42	106
699	495	45	110
698	491	43	112
695	485	44	119
694	487	43	115
692	482	46	121
691	476	49	125
691	479	47	123
693	486	44	112
690	480	46	117
692	474	44	119
691	482	44	114
689	478	46	113
690	479	46	108
690	475	44	110
689	471	46	118
682	471	53	120
686	465	48	125
688	459	46	127
688	454	47	130
688	446	46	136
688	441	42	144
687	441	49	141
687	446	48	132
690	440	46	135
689	439	45	136
688	431	48	137
687	434	47	136
688	422	48	147
686	414	49	156
686	428	50	142
689	420	47	145
688	426	45	142
688	427	46	136
689	425	46	136
687	414	48	146
687	407	47	154
685	405	49	154
686	402	48	155
687	411	45	145
684	413	49	141
685	418	49	136
686	416	48	135
687	412	43	138
682	420	51	127
685	413	46	132
686	407	45	137
687	406	44	135
687	404	45	136
686	406	47	133
688	403	43	131
684	403	49	134
683	401	49	132
686	399	44	132
684	391	42	141
681	387	46	144
680	386	46	140
681	390	46	135
679	392	47	130
678	389	46	130
676	382	46	139
674	376	52	138
669	370	51	145
669	368	53	148
668	376	54	137
667	369	54	141
666	370	54	139
663	360	58	148
661	361	57	148
659	360	61	143
661	361	55	140
655	362	59	137
656	359	56	144
654	356	60	143
650	354	58	144
652	352	55	144
654	349	51	142
651	346	55	149
648	334	63	155
646	335	54	161
650	335	51	162
647	344	50	151
645	339	56	145
644	346	53	137
643	351	53	146
640	348	55	146
638	353	56	148
637	354	55	148
636	352	54	154
632	350	61	157
632	351	60	156
631	354	59	156
631	354	58	156
631	351	55	163
630	352	55	159
629	354	57	162
627	354	61	165
628	365	57	152
629	371	56	146
622	372	60	147
622	372	59	144
624	372	55	142
624	360	57	153
626	366	56	148
627	357	54	140
627	361	52	146
625	361	55	153
623	360	57	162
625	352	59	165
625	364	56	154
624	364	58	155
625	364	57	149
623	365	60	152
620	372	60	152
620	368	59	162
618	367	61	169
621	364	57	161
624	362	56	162
622	366	61	154
622	364	58	155
627	359	53	158
632	359	49	148
627	363	54	149
627	365	55	158
630	356	53	171
628	367	55	158
629	357	57	162
631	364	55	159
631	366	55	157
632	366	53	154
634	360	53	156
630	371	54	165
634	368	51	158
632	361	53	163
635	360	49	164
634	363	52	161
629	370	56	152
632	367	52	158
627	387	52	148
633	382	50	153
629	379	51	158
632	374	50	158
628	369	51	166
624	376	57	166
624	369	55	170
622	380	54	165
624	375	54	170
623	374	55	173
623	366	55	175
620	370	58	174
619	369	58	186
618	368	57	188
617	370	58	196
618	367	53	193
617	371	54	188
616	376	55	180
615	376	55	184
617	381	55	181
617	376	53	189
616	377	55	184
614	376	56	179
615	380	56	185
614	381	59	177
612	380	60	174
615	380	57	174
616	381	58	179
615	381	58	189
612	383	61	183
616	382	57	198
611	372	62	205
609	377	67	212
615	378	61	216
611	378	67	212
611	383	69	212
611	380	67	216
611	378	72	217
615	380	66	214
617	384	67	202
613	387	74	198
615	394	73	190
612	389	73	203
615	394	71	193
616	392	71	208
615	392	71	211
614	394	78	215
616	388	73	219
616	390	76	223
616	397	77	216
616	397	77	213
618	400	77	219
619	396	78	214
622	403	77	215
622	406	80	203
620	409	83	206
621	408	83	221
623	411	85	233
621	410	85	247
623	409	88	253
626	409	88	252
627	416	90	246
631	415	88	244
632	419	91	256
637	415	88	268
636	419	98	268
639	424	98	266
646	419	92	273
646	422	101	272
648	422	100	284
648	416	99	285
654	422	104	284
656	421	96	272
659	427	115	284
659	431	124	284
668	425	119	302
672	415	119	312
677	423	116	312
679	422	123	318
688	405	133	344
673	378	162	365
660	371	187	339
651	377	215	380
686	351	207	398
683	365	199	389
689	380	189	394
715	368	148	399
721	378	132	388
723	399	136	385
724	454	142	342
729	462	123	330
728	472	118	309
732	481	125	303
740	485	133	300
735	490	131	306
738	494	123	308
743	493	109	308
741	494	117	317
741	500	141	305
747	501	159	302
749	511	162	317
750	511	162	306
756	514	161	318
759	540	160	359
757	525	165	371
758	527	177	447
766	529	192	464
771	529	190	496
768	534	207	517
774	540	201	517
783	550	201	487
797	551	193	506
807	549	189	511
806	567	199	508
808	573	222	495
808	577	228	498
811	586	229	491
822	586	219	492
818	593	232	477
825	613	222	456
832	614	227	442
828	631	251	434
832	642	264	426
846	655	252	414
858	659	259	408
