1067	531	50	152
1064	532	57	152
1065	527	58	157
1062	532	56	155
1068	529	50	154
1065	531	51	156
1062	530	54	156
1064	529	48	156
1061	530	52	157
1064	530	50	156
1061	533	53	152
1061	528	54	160
1062	533	54	155
1058	530	51	162
1058	533	48	159
1056	531	46	162
1053	535	46	163
1057	535	45	163
1051	534	49	164
1054	533	45	168
1053	537	43	160
1053	534	40	165
1049	532	43	163
1048	539	47	154
1048	538	46	156
1048	537	43	157
1048	538	43	160
1048	543	42	153
1044	547	45	152
1050	544	46	153
1035	549	53	150
1034	551	51	151
1041	546	47	159
1038	549	45	156
1037	547	43	160
1036	551	45	159
1036	546	45	166
1034	550	47	158
1032	552	49	156
1032	550	47	155
1029	552	48	158
1030	551	50	165
1027	553	48	161
1027	557	47	157
1024	557	48	161
1022	559	55	157
1018	562	58	162
1021	576	47	160
1018	569	49	170
1019	564	51	175
1015	575	54	163
1013	587	56	152
1010	579	55	166
1015	585	50	157
1012	580	52	165
1014	572	52	175
1015	580	47	162
1014	584	44	158
1014	581	43	158
1012	585	45	151
1012	585	47	146
1010	580	46	156
1008	586	46	152
1002	588	53	150
1000	583	54	155
1002	589	50	152
1001	582	51	157
1002	575	47	168
999	581	47	160
999	588	51	147
999	588	48	150
998	581	51	161
999	583	51	155
998	586	51	152
997	584	49	156
998	587	49	148
995	585	51	152
994	581	49	160
990	582	53	163
991	577	52	173
987	576	59	166
990	579	58	159
989	577	58	172
985	574	59	165
989	582	54	165
989	583	53	163
990	586	55	151
997	581	45	154
991	587	51	156
991	583	49	164
990	585	50	156
987	593	52	162
991	587	48	156
991	592	45	150
991	591	47	154
989	599	49	146
989	596	47	137
990	592	46	140
990	601	46	131
988	599	45	131
992	596	43	123
990	600	42	118
987	602	40	115
986	603	43	102
984	603	44	94
984	606	42	89
982	608	43	87
982	608	43	87
972	606	51	79
974	610	50	85
971	609	53	84
968	611	50	93
965	607	57	99
965	614	54	96
963	614	58	103
957	611	67	113
962	609	62	114
957	612	65	122
957	610	61	128
957	615	58	123
959	614	56	120
954	624	65	124
961	625	56	129
962	625	48	128
959	625	51	122
955	624	54	109
955	632	55	124
950	632	55	122
947	637	57	115
948	636	53	130
947	649	53	119
943	644	56	123
944	643	54	135
943	647	53	153
939	650	56	168
941	645	52	175
939	638	51	177
937	639	52	165
935	642	52	161
930	644	57	179
926	648	59	179
924	645	59	184
921	635	52	191
917	640	57	194
914	641	58	204
914	638	54	200
911	635	57	210
908	636	51	210
908	639	49	209
902	638	51	215
892	639	60	225
888	639	62	225
886	643	63	219
889	640	55	215
890	643	51	222
885	647	59	216
883	646	54	215
882	648	54	209
876	657	56	206
872	656	55	218
869	655	57	214
866	656	56	227
862	654	59	233
863	647	56	236
856	653	63	242
853	655	61	227
850	656	62	219
846	659	68	216
842	658	69	223
837	662	71	226
836	668	67	217
840	671	63	218
836	670	66	223
832	670	70	232
827	667	70	230
826	664	69	225
823	665	69	233
821	665	69	229
818	672	72	222
819	667	70	229
820	668	65	228
816	677	69	223
817	678	65	220
817	670	60	238
812	674	64	225
808	667	67	232
810	667	65	219
813	669	61	226
810	673	61	215
804	677	64	219
808	675	61	232
807	677	60	234
802	680	64	235
804	680	63	254
803	681	65	237
799	686	65	234
795	690	70	229
795	681	71	239
794	678	68	240
795	683	65	227
793	684	69	227
791	688	70	232
786	687	74	251
782	687	81	249
783	689	78	236
786	689	71	239
780	695	73	227
782	692	78	231
779	690	78	234
780	692	81	230
780	689	77	252
779	688	75	257
779	685	73	266
777	681	71	258
778	686	72	253
781	684	68	249
777	690	69	241
773	686	72	252
774	691	69	239
775	686	67	258
770	683	71	265
770	688	76	289
769	680	75	283
770	687	72	279
775	692	67	278
773	689	71	277
771	699	75	257
777	703	65	255
769	709	71	274
773	706	67	287
772	702	74	289
774	709	68	276
772	707	69	285
771	712	75	294
771	713	72	279
768	719	75	274
766	717	75	292
763	714	78	311
766	724	79	299
759	719	85	318
761	726	82	310
758	732	87	303
761	733	88	308
762	737	85	303
761	745	86	320
759	751	88	319
754	756	98	308
753	757	95	315
767	760	81	304
768	767	80	287
775	771	79	279
776	766	78	287
772	775	76	283
772	784	82	266
776	788	85	257
778	790	81	255
782	788	80	273
780	793	81	266
780	794	85	274
782	796	79	270
784	793	82	268
784	795	83	276
787	802	81	263
785	806	83	265
787	804	87	264
791	815	81	251
787	811	89	258
796	816	85	254
800	808	79	258
802	804	76	262
806	808	79	262
805	801	77	264
807	804	79	262
809	809	78	257
810	812	83	258
808	813	79	254
813	808	78	262
817	816	75	262
817	825	76	246
815	831	81	246
814	825	80	249
808	835	85	243
816	839	78	240
821	831	70	249
821	842	73	232
816	845	73	232
821	845	74	233
811	852	81	227
818	862	80	218
819	853	79	226
824	856	79	221
818	861	86	220
819	856	88	218
814	851	93	224
821	855	87	223
822	858	89	224
819	853	89	229
821	849	92	229
826	840	85	240
831	845	83	236
826	844	91	231
828	850	85	226
830	847	88	234
825	845	94	233
822	853	102	227
833	858	89	222
