916	692	70	183
918	691	68	179
921	693	65	182
921	691	66	189
923	691	65	186
925	694	63	182
925	698	61	175
927	697	64	177
928	701	66	172
929	698	63	184
933	703	62	182
934	703	61	185
933	707	65	183
933	708	67	190
936	710	64	192
935	713	65	188
937	715	67	188
938	715	65	186
942	714	63	196
941	717	66	186
942	716	64	192
945	718	61	190
944	720	67	189
947	721	62	189
950	720	57	189
950	722	62	187
950	722	65	182
951	725	67	182
955	724	63	190
955	723	67	198
952	729	74	190
954	729	76	194
955	729	78	201
958	729	75	207
959	731	76	205
959	734	78	203
960	737	81	204
963	735	77	206
963	737	78	204
966	740	77	202
972	742	70	195
971	743	74	195
974	746	71	193
974	745	71	195
975	750	69	194
975	751	70	195
978	747	70	200
977	751	69	193
977	754	71	195
979	753	69	197
981	748	66	207
981	750	66	204
982	751	66	203
983	751	62	203
982	746	63	203
982	747	60	201
979	747	65	201
979	746	65	197
978	742	65	197
977	740	67	198
977	738	63	195
973	738	70	188
972	738	67	185
971	734	70	194
973	734	66	197
972	735	68	195
969	734	74	196
966	733	77	190
964	729	82	194
964	729	81	194
965	731	77	189
966	726	75	190
966	729	79	183
965	727	80	184
968	724	76	183
970	724	68	174
971	727	69	166
970	723	70	170
971	721	66	169
972	714	63	175
972	719	64	167
972	717	63	170
973	711	61	174
974	711	61	172
970	711	67	176
973	711	62	177
970	711	67	175
970	708	62	182
968	708	63	179
968	707	60	181
966	707	60	179
964	699	63	186
963	699	63	190
963	700	64	177
961	702	64	171
961	701	62	167
961	700	58	168
958	701	61	173
957	700	63	181
955	702	64	176
953	700	67	179
953	702	68	173
953	702	66	173
951	703	69	169
952	699	66	176
954	701	63	173
953	704	65	171
952	702	66	175
952	701	64	173
951	700	67	176
953	699	63	175
952	700	63	175
954	700	61	168
957	699	58	161
954	698	60	161
955	702	59	155
956	698	55	165
956	699	56	163
955	700	56	162
953	701	56	157
952	702	57	162
953	704	55	165
953	701	56	164
951	702	58	170
949	702	57	169
949	704	55	170
948	700	54	179
945	702	57	171
945	704	56	172
945	704	56	165
945	701	54	166
942	700	56	164
940	701	59	165
939	705	60	155
939	703	61	158
939	705	57	156
935	701	63	164
935	700	64	164
934	703	65	161
935	703	62	162
934	701	60	162
933	700	65	168
934	702	62	166
932	702	63	167
933	701	59	166
929	702	64	169
927	704	68	163
930	704	62	162
929	705	62	151
929	704	58	157
930	701	57	163
930	705	57	154
929	703	57	155
927	703	58	152
924	701	61	154
925	704	58	151
924	700	55	157
925	703	53	152
923	702	53	155
919	702	57	158
920	701	55	159
918	705	56	156
917	708	59	151
915	703	59	157
913	700	61	162
911	695	64	173
913	693	57	186
911	694	57	173
907	695	61	165
908	696	59	157
907	696	60	158
904	697	61	154
901	696	63	155
903	694	61	165
901	690	62	170
903	692	56	170
901	688	58	175
898	689	61	175
898	687	60	183
897	686	60	187
901	680	57	194
902	691	56	187
897	692	63	175
897	689	59	184
899	690	59	181
899	687	58	179
899	684	58	179
899	687	53	167
899	682	51	168
898	682	52	163
899	682	50	164
898	677	52	169
900	678	51	160
900	678	51	163
900	673	49	169
902	672	46	169
899	669	49	167
899	667	47	170
897	670	51	165
897	669	51	164
896	669	49	165
897	668	48	163
893	668	53	158
894	666	48	156
892	665	51	153
890	663	54	154
890	662	51	147
890	659	50	153
887	660	56	151
890	658	51	154
887	657	54	149
889	657	52	155
887	649	53	164
888	653	55	159
886	651	55	164
886	651	56	163
887	651	54	166
886	647	56	170
885	650	57	166
886	647	55	169
887	648	55	161
887	648	54	157
889	649	52	153
890	647	49	153
891	649	47	151
892	649	45	154
892	651	46	150
892	645	46	152
893	644	43	157
892	642	43	161
893	644	41	157
892	648	45	152
891	647	46	150
891	649	42	152
890	653	44	150
889	655	44	148
883	653	50	151
880	650	52	156
882	644	48	163
880	648	47	162
878	652	50	157
884	651	42	156
878	654	47	154
877	656	48	158
877	660	49	155
876	665	48	147
876	670	48	142
874	674	50	140
873	677	54	137
872	674	54	145
872	669	54	148
868	674	57	146
863	671	62	156
860	673	67	153
850	674	75	153
863	675	62	158
864	673	56	161
863	674	56	154
862	673	57	152
860	676	58	150
842	672	75	150
820	677	93	149
821	678	104	150
839	676	81	152
814	684	97	147
820	686	97	146
836	684	78	146
851	690	61	143
858	689	50	143
860	682	44	153
847	683	58	162
851	691	56	154
850	686	60	160
843	688	67	156
851	694	55	153
851	694	52	151
847	692	57	152
839	688	67	159
825	687	81	156
810	689	93	151
815	690	92	150
805	692	93	150
806	692	99	150
802	691	103	155
807	692	103	155
803	694	106	155
797	701	107	152
796	699	111	150
814	703	89	148
822	699	78	149
829	701	66	146
832	699	59	151
828	701	66	150
829	696	60	155
826	698	60	147
826	697	61	147
823	697	61	144
824	693	58	146
820	692	59	142
820	693	58	141
817	693	62	139
821	694	55	140
820	691	52	146
819	692	55	140
816	685	55	149
814	688	58	148
811	689	62	138
810	690	62	142
808	684	63	147
807	687	63	146
803	687	67	146
802	682	63	156
804	680	57	159
802	683	58	147
800	679	55	154
797	677	59	152
791	673	65	158
793	675	62	152
794	679	59	140
793	680	62	144
797	677	60	151
798	674	63	152
800	676	64	143
805	675	65	147
812	674	64	158
822	668	57	173
827	665	63	172
833	670	62	155
839	670	65	152
845	662	63	169
848	661	64	173
856	653	60	185
856	657	62	167
856	657	62	165
857	654	63	168
855	657	68	152
856	658	67	161
859	644	76	169
861	642	71	179
862	646	69	171
862	645	67	172
859	647	68	173
861	648	69	173
860	646	70	172
861	642	71	178
859	650	71	176
862	646	70	177
856	651	73	168
856	653	62	169
856	657	54	163
855	654	54	164
854	654	55	167
851	653	58	158
850	654	58	164
851	652	56	169
850	649	58	176
850	651	58	176
850	651	56	177
849	651	57	183
848	651	59	186
844	653	62	173
847	658	60	173
847	657	61	179
848	654	59	180
850	655	57	170
849	655	57	173
848	656	60	170
845	656	62	164
847	657	58	169
848	658	60	164
849	656	57	165
846	662	62	162
848	659	56	163
846	663	60	160
846	658	56	169
846	662	56	162
847	660	53	169
846	656	57	175
846	657	51	170
847	660	54	176
845	662	51	173
841	666	55	165
839	666	57	172
840	664	53	177
838	659	54	178
836	660	56	176
834	660	53	177
828	665	64	172
826	668	66	173
826	671	64	172
824	669	69	175
823	674	67	173
821	671	67	182
821	677	61	173
820	677	64	184
820	680	61	189
819	686	63	180
815	690	66	174
816	696	68	171
816	697	64	182
815	698	66	185
816	699	61	181
815	704	66	170
815	708	65	177
815	713	65	177
817	713	62	172
814	720	65	173
813	722	63	171
809	727	69	173
812	730	66	173
809	734	67	179
807	742	68	167
806	746	67	173
805	745	68	191
803	750	69	183
799	756	74	179
802	756	74	191
802	757	66	184
801	756	65	186
799	760	68	180
797	761	73	165
797	764	67	169
797	767	66	162
797	762	65	180
798	766	61	175
795	766	64	177
795	770	69	179
794	774	71	170
793	776	72	175
794	773	68	187
794	779	71	182
796	781	71	177
796	784	70	186
799	785	72	184
801	787	71	190
801	790	74	184
803	792	71	180
811	793	64	175
813	799	63	164
814	799	64	163
813	800	68	163
816	802	64	165
818	800	66	168
818	797	71	174
818	796	70	175
818	796	74	175
823	793	66	178
819	795	76	166
822	797	74	156
826	796	65	139
828	792	58	146
830	791	58	135
826	794	64	126
827	785	61	138
828	783	62	142
829	784	61	134
830	780	59	147
828	773	66	154
830	773	62	165
834	767	59	156
831	772	63	147
829	766	69	166
829	764	69	184
831	761	66	180
834	755	62	189
837	759	61	192
838	757	63	191
841	755	64	195
837	752	68	209
843	750	64	219
839	752	69	231
848	744	61	232
848	741	61	220
848	740	61	212
849	742	60	211
852	741	60	208
855	738	56	198
854	742	55	176
856	744	57	167
856	741	57	172
859	739	54	183
862	737	52	178
861	734	52	189
861	727	52	184
861	725	52	194
861	727	54	185
860	729	54	178
861	729	55	172
864	730	52	171
863	731	55	171
865	730	52	169
864	725	56	175
867	725	56	181
863	727	56	178
861	726	58	165
861	723	58	174
863	724	60	162
866	726	55	163
865	726	58	146
864	725	58	152
867	724	56	160
867	722	58	164
867	723	57	159
869	722	53	163
870	723	53	154
871	727	51	147
870	724	54	144
871	725	52	143
872	722	53	142
872	718	53	148
874	718	53	152
876	721	50	152
873	718	56	154
874	720	52	148
873	721	53	148
873	717	54	158
873	718	54	156
872	719	56	150
874	718	54	148
871	718	55	153
873	716	50	159
873	714	48	164
873	714	49	160
872	719	50	149
871	719	47	150
868	719	48	147
868	716	47	142
866	717	49	145
865	717	48	149
865	717	50	146
865	717	46	143
865	714	47	149
861	718	51	145
859	716	51	150
857	718	55	146
859	715	52	152
859	718	52	155
854	717	56	154
854	718	52	151
855	721	54	141
858	719	48	145
857	721	49	134
852	723	54	130
854	718	52	138
854	714	50	140
852	717	50	137
851	718	53	141
850	721	55	140
852	720	50	140
852	720	49	141
854	718	47	150
854	716	47	147
853	717	48	145
852	717	46	151
852	717	47	153
851	718	51	151
849	717	54	149
850	718	47	144
850	719	49	147
849	716	49	148
850	717	47	135
847	714	53	149
846	715	52	148
847	713	49	141
847	717	51	139
848	717	48	139
846	715	52	145
846	718	52	139
845	715	56	152
846	716	58	145
845	715	58	148
850	718	53	147
850	718	53	143
852	720	52	137
851	720	54	143
855	715	50	148
851	722	59	140
856	724	53	139
859	722	48	144
861	722	48	142
860	722	51	149
857	727	61	146
863	729	53	147
862	733	55	149
863	729	54	154
866	729	53	150
869	728	50	157
867	737	52	155
870	731	50	162
873	738	50	163
874	740	51	160
874	751	51	146
875	748	51	148
879	747	47	158
879	750	51	151
878	747	54	146
880	748	52	160
878	749	58	168
881	750	57	155
884	752	51	145
884	751	52	141
888	749	52	148
890	750	53	141
888	749	57	148
888	752	59	156
891	750	55	154
893	754	55	148
893	756	58	150
893	754	57	158
898	748	52	154
899	746	51	155
901	749	53	144
901	748	54	151
905	747	52	148
904	748	54	150
905	743	53	150
906	750	55	147
907	751	53	137
908	748	55	132
909	747	52	141
910	744	50	151
910	743	49	150
906	745	54	153
909	745	50	157
908	752	51	151
907	748	52	157
905	755	55	152
905	753	50	149
904	750	50	139
903	748	50	145
901	750	50	136
901	749	49	138
898	748	53	139
898	749	48	134
895	740	50	145
893	734	51	162
889	734	52	164
889	734	52	167
887	737	50	157
885	737	51	150
883	736	51	158
880	739	53	161
879	737	50	162
876	739	51	160
876	737	50	162
874	735	50	162
872	735	54	162
871	738	51	157
868	739	51	159
868	738	49	151
863	739	55	151
861	737	52	157
855	735	61	162
857	735	52	160
855	735	55	168
853	735	51	163
851	737	50	157
848	736	51	153
845	741	55	149
845	737	49	155
845	739	51	155
842	737	51	163
837	737	51	155
837	736	52	158
836	737	50	156
831	741	53	150
830	738	54	150
828	738	53	148
827	738	53	160
825	742	53	145
823	746	52	133
821	742	54	142
820	739	52	153
820	738	49	154
818	740	51	150
817	742	49	144
817	742	50	152
816	744	50	147
816	745	49	148
813	747	52	150
815	748	50	146
815	746	48	145
815	747	46	147
814	745	46	146
816	745	45	146
813	744	47	139
814	748	46	136
817	744	43	138
813	743	47	151
816	746	43	149
816	748	47	152
815	748	48	156
813	750	51	151
812	749	55	156
816	748	48	163
812	750	53	171
814	746	53	171
815	745	50	166
816	747	52	166
815	750	57	165
816	749	52	165
817	750	52	160
818	754	53	149
817	756	53	138
817	756	57	142
819	756	56	147
821	752	52	150
822	754	55	154
824	761	59	152
823	762	58	151
826	760	54	145
828	761	56	153
831	756	55	165
829	761	60	162
831	766	58	149
832	770	61	147
834	767	57	144
835	763	61	151
837	766	58	147
840	761	56	151
842	766	54	148
843	770	57	145
843	772	54	145
843	770	58	139
843	768	58	154
844	767	58	161
846	767	58	164
848	774	56	157
846	778	58	151
851	779	55	147
848	780	56	153
849	779	60	157
850	782	56	158
851	780	58	167
847	783	64	156
851	791	61	159
852	790	58	146
853	794	57	141
856	796	53	137
856	790	57	145
855	797	57	143
857	798	53	144
857	801	55	143
857	797	55	157
857	799	53	154
859	798	57	158
856	801	59	159
858	805	55	152
856	805	61	155
858	802	58	162
856	805	65	160
863	799	54	169
860	800	57	164
862	801	56	165
862	807	61	165
865	810	52	154
867	807	55	154
868	810	52	147
869	811	53	149
868	815	54	152
873	818	52	145
871	816	51	150
871	816	52	154
869	818	54	151
870	820	58	159
866	829	61	153
871	827	55	158
869	826	63	160
869	822	57	172
872	819	54	176
871	823	60	172
872	824	58	172
874	830	56	167
874	831	58	164
870	832	63	154
871	828	62	163
874	834	56	150
874	831	57	159
874	840	59	150
870	843	63	154
874	839	56	169
887	834	44	175
881	843	53	166
872	848	60	156
867	846	66	167
876	848	56	165
863	850	70	161
874	852	63	161
878	850	57	164
879	852	59	161
881	844	61	168
876	844	65	170
881	858	62	152
884	850	59	162
887	856	59	149
886	853	61	156
887	856	60	155
