755	284	201	637
760	295	193	653
755	293	180	635
752	304	205	604
758	314	194	614
759	297	179	624
760	302	186	616
755	314	192	610
752	314	183	585
756	303	197	613
750	317	197	572
751	313	201	595
745	320	183	553
763	308	183	617
757	288	189	659
758	296	191	640
758	288	198	680
758	292	193	660
757	297	200	640
749	289	202	678
753	289	193	649
770	299	179	602
752	306	199	618
754	306	204	611
748	294	205	614
752	301	201	603
755	310	180	587
743	314	196	572
762	311	181	593
746	305	196	592
765	300	182	611
752	315	178	570
751	324	192	522
769	318	187	539
762	317	177	572
743	300	198	604
763	310	195	601
750	299	188	633
752	296	191	608
761	299	204	589
749	294	192	610
756	299	198	656
751	304	191	615
759	295	185	625
760	304	204	612
749	302	180	586
759	315	197	586
756	323	200	571
752	308	212	540
762	304	204	566
750	311	191	561
756	310	199	542
753	305	202	539
756	310	196	521
747	311	209	503
751	315	210	483
752	326	209	469
753	326	210	459
753	310	200	487
766	295	196	526
746	311	215	526
755	304	211	520
745	301	227	534
751	301	218	516
762	305	212	499
748	307	232	510
746	318	252	485
740	332	272	458
722	320	313	459
710	330	355	464
738	325	349	486
727	338	350	419
756	329	245	457
763	314	229	437
777	300	214	490
780	314	208	434
775	319	223	496
779	309	219	557
776	303	217	583
771	303	228	590
769	294	232	606
765	290	239	603
766	296	241	586
762	284	243	585
765	277	247	638
754	223	255	678
759	182	253	711
762	168	239	768
763	192	237	765
771	210	227	734
769	229	219	759
762	175	233	841
775	170	210	847
767	150	212	915
776	158	217	884
771	161	210	885
770	184	209	857
768	182	209	841
761	165	217	864
760	157	231	873
764	171	225	878
758	170	228	889
761	162	216	901
773	169	205	891
770	172	212	894
771	202	205	847
751	205	233	851
752	177	230	895
760	196	222	868
746	228	241	841
754	253	236	804
750	283	234	768
757	298	229	735
771	314	214	705
766	328	223	697
766	317	219	743
763	324	213	729
766	338	214	683
772	349	211	710
763	354	214	707
759	355	219	692
755	356	219	704
757	353	225	704
757	358	213	705
764	359	199	710
759	378	202	681
767	373	215	699
764	374	188	675
771	388	192	662
769	388	197	673
758	403	214	655
759	408	212	612
751	423	219	579
756	419	213	582
761	424	209	591
760	425	217	578
764	440	210	554
756	434	222	553
754	443	228	559
752	451	233	543
743	452	254	535
754	450	243	551
756	458	239	560
743	462	256	560
760	463	243	473
753	465	246	461
755	477	247	428
763	477	233	464
769	473	228	437
781	484	209	481
777	481	222	430
774	489	221	423
776	489	222	413
794	494	204	410
796	495	198	421
799	492	194	447
799	471	209	490
801	424	199	531
803	406	196	530
814	448	187	560
819	428	190	520
829	419	192	516
826	427	196	538
818	429	193	567
836	426	183	558
839	424	175	520
846	415	179	510
847	402	189	516
845	462	185	562
844	472	186	557
846	473	189	603
848	506	197	556
844	515	206	531
841	533	201	507
870	540	169	499
861	549	175	487
863	554	181	482
877	564	166	446
877	562	165	482
879	566	154	513
898	574	144	486
890	583	158	494
899	585	149	487
891	585	164	484
898	587	151	485
895	580	169	491
899	591	166	483
909	591	159	480
911	586	143	457
912	599	140	477
926	603	141	451
913	576	161	499
914	618	144	464
917	614	149	450
915	613	154	443
930	610	128	416
931	620	130	414
932	619	128	407
940	619	106	390
928	624	148	348
926	631	179	307
933	626	138	293
933	625	117	272
940	629	111	263
948	629	99	250
952	632	92	248
975	630	90	232
958	638	87	228
958	622	76	235
962	634	78	240
960	600	75	243
969	601	67	231
968	623	72	234
968	610	69	233
974	611	63	217
972	637	72	206
978	600	65	219
979	616	65	220
983	614	62	232
986	624	60	223
984	621	61	231
991	607	58	248
987	598	62	261
993	608	58	256
994	603	61	241
995	606	57	246
997	605	57	243
999	613	58	232
1001	609	57	223
1003	613	57	203
994	645	74	189
1006	637	58	181
1005	638	68	181
1014	637	54	166
1013	642	53	145
1017	656	58	139
1017	657	58	124
1019	655	61	133
1028	667	55	111
1026	674	60	109
1029	669	56	112
1034	668	52	107
1038	673	51	116
1036	668	56	110
1038	681	51	108
1043	697	56	108
1044	682	48	109
1046	678	45	110
1054	687	50	107
1052	685	49	111
1054	683	48	113
1057	687	61	116
1054	683	77	116
1059	702	77	132
1050	680	74	129
1055	690	62	114
1052	695	65	113
1050	690	65	108
1050	693	69	102
1054	697	60	81
1049	706	72	88
1048	697	67	91
1057	701	66	88
1062	686	62	100
1072	695	56	113
1073	700	51	108
1080	696	49	116
1077	676	49	115
1077	668	51	113
1073	683	56	130
1076	659	55	127
1071	667	62	106
1072	663	60	111
1072	665	59	95
1075	666	80	82
1069	680	67	96
1084	664	51	102
1085	665	55	88
1088	672	53	92
1091	663	50	104
1086	662	62	109
1092	676	58	108
1100	668	51	108
1099	667	60	103
1104	678	52	101
1099	676	55	104
1094	674	62	106
1114	671	49	110
1114	672	50	119
1109	680	60	131
1118	677	52	129
1121	676	49	116
1121	678	51	117
1121	678	49	117
1121	681	50	123
1119	681	53	128
1128	681	44	142
1131	680	45	131
1129	687	46	135
1133	684	47	143
1131	683	44	148
1136	681	48	136
1132	681	48	140
1132	694	47	130
1131	694	62	124
1132	682	62	118
1134	691	54	105
1137	700	45	117
1135	699	47	122
1133	699	50	122
1142	700	39	127
1143	697	39	121
1141	705	36	107
1139	705	42	119
1141	702	41	125
1134	704	50	122
1130	711	58	121
1131	720	54	116
1133	723	57	105
1138	716	63	110
1133	717	63	108
1142	726	53	97
1140	726	49	99
1139	729	51	94
1144	717	54	102
1134	720	61	118
1136	712	64	127
1135	719	63	113
1141	720	56	120
1139	711	61	116
1147	724	53	130
1142	715	56	137
1140	714	56	137
1147	719	51	142
1144	718	53	137
1144	724	56	121
1140	720	57	122
1143	727	55	132
1145	728	57	126
1143	729	57	122
1146	732	54	119
1150	730	51	124
1153	740	47	136
1150	734	51	141
1151	730	52	143
1147	737	60	146
1148	733	56	146
1148	738	57	147
1148	742	57	149
1146	742	61	146
1147	751	60	139
1143	742	65	142
