999	530	109	205
991	528	113	199
1000	527	105	206
997	521	111	214
995	521	111	212
999	528	104	203
997	523	108	205
997	520	106	210
994	519	117	212
993	516	112	224
993	513	115	220
990	506	115	231
996	500	109	234
991	494	111	245
995	488	109	248
996	480	108	254
991	469	112	264
997	460	103	272
997	450	104	287
999	435	103	304
995	424	104	310
998	425	105	302
993	408	110	311
990	401	113	315
988	405	122	319
987	392	122	344
989	393	119	349
989	379	119	367
982	385	121	357
993	385	114	351
983	388	118	351
981	395	127	331
982	390	123	342
986	397	122	338
990	389	114	346
991	393	116	341
984	394	112	339
988	389	113	341
989	399	109	331
981	395	114	335
992	392	112	338
989	393	105	339
989	387	110	342
989	390	112	336
985	383	114	343
989	390	119	336
987	395	118	335
989	389	117	340
996	375	109	352
994	390	113	331
999	389	111	328
1002	391	107	332
1003	389	107	334
1007	396	104	315
1005	402	105	289
1007	400	105	294
1014	398	95	309
1011	402	101	301
1009	406	104	288
1010	406	104	294
1012	391	107	306
1016	400	104	292
1012	385	109	313
1013	397	107	307
1013	400	111	298
1015	403	110	305
1014	406	111	293
1018	398	110	302
1016	412	115	290
1021	385	110	305
1019	399	111	301
1024	407	106	280
1022	400	110	291
1020	402	120	270
1028	388	108	292
1039	397	90	270
1039	396	91	274
1044	395	91	267
1045	394	93	267
1045	409	89	253
1045	406	92	254
1053	402	90	260
1048	404	92	258
1050	396	96	267
1051	389	96	274
1052	387	90	274
1052	391	94	267
1052	385	96	275
1059	394	91	267
1060	396	96	255
1060	392	95	265
1063	390	88	270
1066	390	87	261
1064	374	90	275
1071	369	87	280
1068	381	90	251
1070	391	94	233
1072	384	87	247
1072	389	92	230
1073	384	93	233
1074	384	93	246
1076	390	91	237
1075	393	91	240
1074	396	94	228
1074	392	95	229
1076	391	96	236
1076	397	90	231
1076	388	95	233
1077	390	98	238
1079	395	97	228
1075	399	101	205
1085	393	94	215
1092	385	88	214
1092	391	92	206
1097	390	92	221
1098	393	87	212
1101	401	89	206
1106	406	82	194
1108	413	89	187
1109	407	90	194
1116	393	78	214
1111	390	84	219
1115	382	85	232
1114	387	89	226
1117	385	86	232
1124	385	88	232
1127	386	79	237
1126	394	84	229
1130	399	83	225
1129	385	85	230
1139	384	77	233
1132	384	80	234
1141	385	76	231
1146	392	71	224
1144	394	84	223
1147	388	86	233
1147	381	87	238
1146	385	93	240
1151	394	89	233
1160	398	83	232
1153	402	96	230
1157	405	88	240
1155	397	95	252
1159	402	93	237
1162	398	88	247
1163	399	91	232
1165	397	85	236
1166	406	87	226
1170	401	86	225
1168	398	85	227
1170	407	87	225
1174	397	84	230
1175	390	82	232
1177	390	80	231
1176	393	85	228
1179	388	85	228
1180	395	83	226
1186	395	80	225
1183	395	83	225
1187	396	81	214
1185	392	82	219
1187	397	83	214
1186	390	85	226
1186	382	85	230
1187	387	80	209
1185	388	81	209
1185	386	80	206
1189	380	72	219
1187	379	72	219
1188	384	70	215
1186	378	69	226
1187	380	72	222
1180	368	71	238
1177	367	76	240
1174	383	71	224
1173	378	71	227
1171	384	69	221
1168	377	71	225
1168	369	72	219
1159	391	75	191
1156	381	66	206
1157	367	73	213
1152	367	82	220
1149	361	79	225
1146	370	73	212
1143	372	72	216
1139	377	69	213
1136	368	69	213
1132	369	65	214
1123	376	70	197
1123	388	65	185
1119	397	61	185
1119	392	66	190
1117	384	68	202
1111	380	74	203
1107	380	77	203
1108	375	75	200
1108	380	72	200
1113	379	70	197
1109	375	71	195
1108	373	78	190
1112	368	69	204
1110	371	67	191
1111	374	65	185
1113	375	63	184
1113	374	62	185
1115	373	67	190
1111	375	65	183
1113	371	61	188
1108	381	67	178
1109	385	63	180
1113	379	60	192
1116	378	61	188
1114	373	68	182
1117	371	56	182
1120	381	55	167
1122	380	61	170
1126	372	62	178
1127	372	59	174
1127	373	55	173
1129	375	50	184
1133	369	55	186
1133	362	60	191
1128	359	69	200
1132	361	61	195
1130	370	69	189
1134	369	67	190
1138	368	62	197
1143	370	61	190
1146	372	60	188
1143	377	67	193
1148	372	67	193
1149	376	69	186
1147	385	73	174
1150	389	64	175
1157	381	65	181
1159	383	59	186
1162	377	55	188
1164	366	63	198
1166	376	56	187
1163	372	69	190
1162	376	63	185
1161	371	75	189
1160	372	70	187
1160	372	75	188
1163	374	63	186
1166	369	53	196
1168	370	65	183
1170	371	62	181
1168	370	65	177
1170	371	60	180
1169	374	55	172
1169	372	54	166
1173	372	56	172
1174	370	61	178
1171	373	59	173
1169	369	60	178
1169	370	60	169
1170	373	63	174
1167	373	66	176
1166	367	66	181
1170	364	59	185
1169	366	64	176
1168	366	62	181
1164	377	66	168
1162	376	67	169
1162	376	65	153
1160	381	64	154
1161	373	62	172
1161	377	53	160
1160	377	55	156
1159	373	58	163
1151	370	68	149
1151	369	56	161
1143	370	67	150
1145	369	63	161
1144	361	63	163
1142	361	60	153
1138	366	63	159
1136	363	63	162
1135	359	63	161
1138	363	60	164
1132	366	63	163
1128	365	70	147
1125	365	69	146
1126	362	66	155
1126	369	66	138
1127	374	69	138
1128	364	63	140
1127	374	47	138
1125	362	54	143
1128	354	62	161
1126	353	64	165
1124	353	61	161
1126	348	61	167
1128	348	61	162
1127	346	63	170
1127	340	56	176
1134	346	49	167
1130	349	51	160
1129	352	58	156
1128	349	57	149
1130	353	55	142
1134	358	53	135
1133	357	54	139
1133	353	55	144
1134	355	50	129
1135	350	48	146
1132	355	46	145
1132	355	55	145
1129	357	59	146
1131	354	54	146
1131	355	59	149
1131	358	59	139
1133	353	58	147
1130	362	53	136
1131	366	48	133
1130	372	55	131
1129	371	49	126
1132	369	48	123
1129	380	60	114
1139	345	57	115
1136	350	52	103
1137	349	57	102
1132	359	70	105
1137	353	55	106
1140	358	53	117
1141	354	52	123
1143	344	55	145
1146	346	55	149
1144	350	54	142
1147	351	50	148
1140	353	62	143
1179	355	73	129
1147	367	53	119
1150	361	54	130
1150	362	54	137
1149	364	56	138
1147	371	58	131
1147	374	62	131
1145	364	67	143
1148	370	55	124
1145	375	57	118
1144	368	54	127
1142	366	72	132
1144	366	79	128
1144	367	75	129
1146	366	73	124
1149	370	62	133
1148	371	57	126
1147	369	69	142
1144	367	69	147
1146	366	68	144
1143	368	66	143
1146	371	66	140
1146	384	57	130
1146	381	57	132
1143	381	59	132
1141	388	58	128
1142	387	57	119
1142	387	54	114
1143	391	38	117
1150	382	42	123
1141	384	54	124
1137	382	59	131
1139	381	53	135
1138	384	56	135
1138	377	58	128
1136	381	52	124
1133	375	54	126
1134	383	52	129
1132	380	55	131
1131	382	52	130
1131	381	54	119
1126	382	57	125
1126	379	56	128
1129	375	44	135
1124	380	45	133
1123	386	46	119
1117	383	51	122
1115	381	48	124
1116	377	52	133
1114	372	46	132
1108	377	52	135
1105	379	61	133
1103	382	58	126
1105	385	58	127
1110	383	41	134
1107	388	55	127
1104	385	49	130
1101	388	61	134
1106	390	45	131
1108	393	41	130
1111	393	38	131
1105	401	39	129
1100	400	42	117
1099	401	34	119
1105	404	40	116
1104	411	43	110
1102	416	44	108
1102	411	46	114
1105	412	47	115
1104	412	53	117
1105	403	46	125
1109	400	52	132
1108	401	44	131
1111	400	44	130
1107	404	42	124
1105	405	49	127
1105	400	47	131
1107	401	49	130
1112	399	42	127
1112	401	41	126
1110	401	39	129
1110	402	38	125
1113	404	36	126
1107	413	46	118
1103	413	43	125
1108	409	40	128
1105	410	43	127
1101	407	47	121
1104	408	45	110
1103	409	43	121
1102	404	41	132
1103	406	42	127
1106	406	42	134
1101	399	49	136
1100	407	51	132
1098	408	46	129
1098	412	47	124
1102	413	45	125
1084	407	35	125
1087	398	38	131
1091	406	42	131
1081	406	48	131
1082	404	48	137
1090	408	37	133
1082	395	42	138
1078	398	47	140
1054	414	68	149
1074	395	49	144
1077	400	43	141
1078	405	41	141
1089	410	34	143
1070	415	34	132
1072	417	42	130
1072	411	44	132
1073	412	43	133
1071	416	48	136
1069	415	48	136
1071	414	46	142
1071	416	48	139
1072	412	42	146
1075	411	41	152
1069	419	49	144
1076	427	37	132
1070	428	46	127
1069	425	48	127
1070	429	47	126
1081	425	36	139
1080	428	38	133
1081	421	34	143
1077	416	38	151
1080	411	41	159
1084	411	33	160
1079	413	35	154
1087	423	34	150
1085	427	34	140
1086	427	37	142
1084	426	35	140
1080	419	40	153
1078	426	39	143
1082	433	40	141
1085	431	30	141
1083	403	36	124
1083	442	35	133
1084	437	39	137
1085	438	36	142
1083	437	38	148
1087	437	37	152
1085	435	36	156
1082	436	38	155
1085	440	38	151
1082	439	40	156
1081	442	43	154
1083	441	42	156
1085	452	36	148
1084	457	36	140
1089	457	34	145
1087	459	34	144
1088	459	37	142
1090	461	36	145
1086	461	38	144
1086	462	43	140
1085	457	42	143
1083	465	50	140
1091	480	46	129
1093	483	45	126
1091	472	41	132
1090	473	46	138
1099	477	38	132
1104	486	30	124
1083	488	39	117
1105	496	28	115
1104	499	33	111
1101	491	32	114
1102	472	34	127
1100	476	35	130
1103	481	33	130
1107	491	29	120
1100	471	36	128
1104	471	31	135
1103	463	32	140
1105	452	36	152
1107	452	29	157
1106	451	32	156
1105	456	34	151
1100	451	41	155
1108	456	28	152
1109	476	31	140
1105	472	35	135
1105	473	33	134
1099	463	41	140
1102	461	37	145
1105	460	32	153
1101	456	36	156
1103	445	37	170
1105	447	36	166
1104	446	36	164
1106	446	32	166
1107	455	30	159
1100	448	39	160
1099	452	38	156
1101	459	33	152
1101	453	30	154
1103	454	27	156
1102	468	26	141
1100	470	25	139
1094	485	35	134
1091	469	29	139
1093	468	26	139
1089	464	33	144
1086	461	36	147
1081	453	38	152
1084	447	33	163
1084	449	30	162
1084	464	29	154
1082	457	27	149
1083	455	33	152
1081	457	33	152
1077	456	32	154
1080	453	31	156
1082	456	27	153
1083	476	30	140
1081	485	31	130
1078	485	29	127
1075	495	31	117
1072	503	32	107
1075	501	33	107
1076	475	40	119
1078	470	33	131
1077	463	40	144
1075	460	48	154
1074	465	62	151
1053	465	76	148
1055	462	95	157
1054	450	120	166
1063	461	145	162
1036	439	171	178
1064	462	179	160
1069	465	167	159
1067	467	168	155
993	437	195	169
993	437	195	169
993	437	195	169
993	437	195	169
1067	438	175	189
1069	459	169	171
1071	464	163	164
1070	468	165	158
1070	459	161	164
1074	461	163	166
1068	461	167	166
1071	464	164	168
1070	467	169	161
1075	467	164	162
1070	467	168	160
1075	459	165	169
1071	466	162	160
1068	462	169	164
1072	463	164	163
1074	471	161	155
1071	464	165	161
1070	466	169	159
1072	462	169	162
1068	462	175	162
1070	464	171	162
1072	461	171	165
1073	462	168	163
1075	466	163	163
1073	465	169	162
1069	461	174	165
1072	460	175	168
1071	460	174	166
1076	460	168	167
1073	459	173	170
1071	456	178	174
1073	459	176	171
1070	460	178	163
1067	460	185	166
1074	464	174	166
1072	465	178	165
1074	463	173	164
1074	464	176	160
1077	464	175	165
1076	466	177	162
1079	467	173	165
1082	467	169	160
1083	461	167	165
1084	465	168	163
1087	466	170	166
