547	389	62	166
546	400	64	149
546	388	63	161
547	391	65	161
549	388	61	161
546	388	65	166
549	403	60	151
548	392	61	159
548	389	57	158
546	387	62	161
543	400	64	159
544	392	68	161
544	381	49	171
546	391	51	153
548	400	54	157
545	397	67	154
548	402	63	150
545	385	68	160
548	395	73	151
557	394	62	163
554	390	72	170
561	386	65	158
570	393	60	160
582	394	48	152
586	394	52	156
594	393	50	151
600	388	51	154
600	388	51	154
600	388	51	154
623	400	52	140
623	400	52	140
640	390	56	151
641	390	57	142
648	385	57	135
662	395	56	136
669	389	57	135
678	390	57	122
685	390	59	135
699	378	50	132
707	381	50	126
717	385	53	150
723	382	56	150
730	387	53	148
738	371	51	152
742	377	56	156
748	387	54	137
751	371	50	149
744	367	60	150
759	366	46	151
762	383	46	151
763	386	51	144
763	384	48	137
761	387	49	129
762	390	49	135
762	390	53	139
761	384	52	134
763	385	44	133
763	386	48	148
763	391	50	143
762	390	51	147
763	383	52	148
763	391	54	136
762	376	54	148
760	371	58	153
763	378	54	145
763	385	53	140
764	370	52	144
766	373	52	145
764	372	56	154
765	376	52	142
770	376	48	138
769	373	51	143
772	372	46	131
767	368	51	138
769	375	54	128
769	370	54	133
770	376	52	135
769	375	56	131
770	376	54	126
768	380	49	135
766	376	51	129
767	370	48	126
769	369	47	112
769	367	48	118
770	371	47	121
768	364	51	135
771	367	49	135
769	366	48	126
771	365	49	136
769	369	50	129
769	364	54	134
768	367	55	136
772	369	49	128
772	369	49	131
772	365	51	142
771	374	50	126
771	372	48	124
770	379	49	121
769	377	53	125
772	371	50	121
774	370	48	123
773	373	52	129
773	368	52	136
773	363	50	134
776	366	48	139
774	365	51	132
777	367	49	132
778	372	45	126
779	372	47	125
778	372	45	122
782	374	44	113
778	367	43	127
781	363	44	128
781	368	45	126
777	365	49	125
779	371	44	123
780	364	42	122
777	368	48	122
778	368	46	117
775	376	48	110
777	382	44	103
778	382	44	103
777	373	43	105
778	370	42	108
780	364	41	126
776	365	52	130
777	372	47	117
777	369	47	114
768	372	58	118
773	371	59	119
770	366	62	126
783	363	46	124
781	366	46	117
779	362	52	130
778	361	53	122
777	364	53	123
782	362	53	121
783	354	53	130
787	368	44	115
783	364	50	117
785	361	47	120
785	359	45	124
784	360	46	121
785	362	45	116
782	360	49	112
790	365	41	108
782	362	48	109
783	364	50	99
785	365	43	103
788	364	42	115
789	364	38	116
791	368	42	120
788	366	48	115
790	363	43	120
789	366	41	119
790	367	38	114
785	360	49	126
790	359	46	136
786	360	46	126
787	364	48	131
789	365	47	130
790	365	48	127
789	370	47	118
795	374	39	104
794	374	40	106
792	376	46	112
788	368	49	109
786	367	52	127
786	367	54	122
794	372	41	114
794	369	39	122
798	366	36	123
795	373	40	124
791	366	52	123
793	363	48	124
794	366	47	123
792	369	49	116
794	365	48	124
793	365	44	126
793	363	43	135
790	364	50	130
789	368	46	118
790	366	46	111
791	367	45	118
792	370	44	122
789	366	47	124
791	364	48	126
791	365	47	122
791	362	48	130
788	362	52	127
791	362	50	129
791	365	52	127
791	364	52	121
794	386	47	114
790	379	48	113
791	383	52	109
795	369	47	116
799	367	42	109
799	365	44	122
799	364	43	133
803	362	43	132
801	362	46	139
798	360	49	133
807	365	41	135
806	365	41	130
805	366	40	130
803	382	54	140
805	372	47	135
807	368	50	130
806	366	50	128
803	365	52	128
809	373	46	119
808	373	45	124
809	384	50	135
810	376	42	131
808	375	45	135
810	375	43	139
806	369	44	132
806	372	43	121
803	374	49	123
810	374	41	134
807	371	41	137
811	373	40	138
807	368	42	145
805	368	43	133
805	368	44	135
804	371	49	129
801	366	60	118
802	363	45	125
803	366	46	131
804	364	41	139
805	362	43	142
805	361	43	137
804	363	46	144
805	364	40	121
802	360	43	122
800	358	47	121
804	380	46	112
805	352	44	129
806	352	42	118
809	352	40	132
807	353	38	124
807	352	40	129
803	351	46	122
802	349	45	121
803	350	44	113
797	354	49	108
801	351	47	111
800	352	42	112
800	349	46	111
791	360	45	117
794	347	47	124
791	351	48	118
799	359	39	122
794	356	43	128
798	353	33	114
790	349	41	113
790	335	42	101
787	350	46	114
782	359	47	114
782	359	49	112
781	371	46	107
785	353	42	121
782	338	45	111
779	350	41	118
780	380	44	116
778	366	44	122
776	349	42	123
772	353	43	115
774	367	51	102
772	366	48	102
773	361	48	102
773	355	43	106
771	367	50	114
771	362	49	110
771	363	51	104
774	357	44	116
766	361	52	105
776	361	45	103
774	361	44	112
776	357	46	114
776	359	51	115
771	355	57	107
776	356	59	106
770	356	61	119
754	355	80	111
790	355	58	110
802	350	45	112
810	355	39	96
802	369	47	89
801	364	50	97
806	370	46	84
812	362	41	81
812	362	41	81
818	373	35	73
817	366	41	73
813	363	45	80
810	364	41	73
808	377	44	80
802	376	48	73
808	375	59	72
807	377	48	81
805	367	46	88
800	352	53	95
800	364	50	93
801	366	50	95
802	358	50	110
795	370	56	108
793	387	62	115
796	371	70	128
803	377	57	121
795	370	54	120
792	366	55	126
794	363	55	135
790	362	50	146
787	360	53	139
792	368	58	135
789	376	59	124
787	359	56	125
790	374	47	123
792	365	38	132
793	362	40	135
785	363	48	137
788	369	50	136
789	370	53	129
792	391	40	115
786	366	49	126
784	363	51	126
784	377	48	120
780	367	50	127
776	368	57	132
782	373	54	125
782	373	53	118
784	365	50	126
784	357	51	123
785	365	47	125
779	362	56	127
782	370	56	130
780	370	54	132
786	363	48	139
779	366	55	137
784	370	52	144
784	371	47	132
784	370	50	141
785	373	48	136
785	382	46	120
784	375	43	115
789	386	39	113
779	387	49	114
789	385	52	116
787	371	53	126
785	364	50	129
784	366	51	129
785	374	45	129
780	379	51	126
780	381	54	120
781	388	47	113
779	390	49	121
779	380	54	117
782	382	45	124
784	377	45	141
783	378	49	138
786	389	40	124
783	381	45	126
782	381	48	137
782	379	48	144
783	377	43	137
781	377	46	140
786	386	39	127
780	376	43	136
780	378	48	141
780	389	44	136
778	373	44	138
774	390	45	124
775	400	44	117
768	399	49	127
768	393	47	130
765	392	50	131
765	389	52	133
762	384	54	134
763	372	64	148
762	369	57	173
759	366	59	172
766	375	52	163
764	378	47	150
758	390	57	138
761	395	56	145
763	406	53	136
762	416	56	123
758	408	51	126
758	395	45	116
752	407	59	111
758	395	48	120
756	404	49	113
756	393	48	119
750	399	61	113
751	405	66	110
754	406	54	108
752	406	52	111
755	409	50	110
762	454	36	115
752	412	50	112
750	417	53	95
747	393	55	109
741	404	62	125
734	393	66	125
739	410	65	130
743	406	54	135
744	410	64	149
743	420	65	152
746	407	61	156
744	394	60	166
743	430	53	149
741	406	61	167
738	416	61	149
741	412	60	159
736	403	65	179
736	399	62	177
730	404	68	172
731	405	63	172
732	394	64	177
734	412	67	181
731	394	82	174
725	404	66	169
736	412	63	164
723	401	75	169
712	415	91	158
716	406	78	171
725	412	59	176
719	414	63	156
711	410	81	149
721	434	72	158
715	417	80	160
708	424	86	169
716	424	74	181
718	437	75	168
714	429	83	185
710	426	80	186
711	434	85	189
706	434	76	172
723	450	60	174
709	424	68	167
707	418	66	158
705	426	77	167
701	425	75	177
703	426	68	156
702	427	73	166
703	433	59	165
701	444	66	153
691	451	68	142
693	437	68	155
692	427	63	166
699	444	75	167
689	450	70	157
691	438	62	160
808	470	58	132
807	475	61	119
698	534	51	130
803	469	60	126
798	464	71	128
690	505	78	106
686	517	76	89
689	500	68	67
700	501	58	58
700	501	58	58
697	497	62	64
691	519	64	61
698	503	65	62
702	552	65	57
701	524	71	52
684	506	74	41
703	568	65	46
708	595	58	54
712	505	54	49
713	599	56	59
698	514	52	71
705	527	66	80
696	499	70	98
693	508	84	107
698	500	83	118
699	498	83	139
704	493	77	139
702	511	79	152
703	502	84	169
702	502	93	180
703	510	101	172
695	508	106	157
688	505	122	183
690	515	118	184
672	514	143	158
680	513	148	184
701	492	121	217
714	491	115	229
734	488	113	270
723	484	119	264
726	482	128	283
726	483	126	270
728	484	121	280
736	486	115	287
747	483	106	267
750	496	106	249
755	492	102	271
751	477	108	269
759	501	104	270
756	501	105	262
744	522	125	226
758	499	103	258
755	491	110	275
759	498	109	276
761	486	104	306
759	488	114	298
755	493	118	334
753	487	118	314
759	498	113	315
751	496	118	316
758	509	119	325
751	498	126	343
748	508	129	324
753	503	120	331
750	524	122	319
754	510	121	352
744	487	127	376
736	506	142	360
752	511	128	346
747	512	130	335
754	511	123	351
748	526	123	351
750	528	125	335
749	536	126	318
745	530	130	335
746	543	125	324
740	540	126	332
742	528	121	351
740	522	117	350
731	528	133	355
728	563	129	316
728	557	129	346
718	568	140	325
701	577	146	325
696	569	155	338
706	559	140	330
696	572	146	340
684	557	161	364
696	564	142	355
681	561	146	369
679	562	141	356
657	570	163	381
644	537	186	411
631	573	189	387
659	569	155	414
648	574	162	417
638	577	176	408
639	569	173	420
615	607	190	407
621	585	182	405
636	533	155	467
620	565	176	457
615	582	173	435
615	600	174	417
614	581	163	482
606	533	166	477
614	539	160	487
597	541	168	504
594	538	180	533
602	528	173	542
596	521	161	553
594	524	184	548
599	526	160	555
598	536	165	543
594	508	166	571
581	529	180	547
589	516	172	562
583	517	156	558
594	520	166	558
593	502	159	579
571	499	181	585
589	487	172	604
593	491	154	591
586	487	161	608
576	476	176	614
583	484	160	601
579	509	179	577
586	522	158	558
593	501	143	581
588	487	152	598
600	509	144	577
582	515	183	577
602	524	133	572
589	508	167	577
609	486	128	604
594	483	153	604
591	483	159	603
588	483	169	606
601	509	152	569
611	496	141	584
602	479	151	610
612	491	133	595
613	465	130	613
613	470	144	619
600	480	159	603
603	510	156	579
591	497	157	583
573	542	202	547
602	509	154	568
616	518	139	573
614	473	134	602
616	457	135	621
587	478	180	603
609	498	147	577
605	503	137	577
606	515	146	569
607	488	134	602
603	501	155	583
594	502	160	585
613	478	124	612
619	503	123	584
614	460	149	620
596	504	192	577
606	535	156	542
617	504	134	576
609	468	133	621
619	476	122	610
606	500	154	585
605	514	140	577
610	502	140	582
597	498	154	589
609	514	153	572
616	510	137	577
614	499	138	582
616	483	143	596
617	437	139	603
632	401	111	553
628	453	116	557
623	426	154	519
631	442	124	441
616	485	135	410
613	483	122	391
619	478	117	357
615	489	124	333
617	491	120	329
618	489	113	305
618	481	108	316
625	483	107	325
620	488	118	283
622	470	119	295
616	486	125	299
623	469	116	311
625	462	114	310
623	466	119	317
619	480	124	286
625	473	116	296
631	465	117	291
632	468	110	288
632	465	114	270
636	468	108	273
646	465	107	265
641	458	112	229
646	472	105	228
648	471	98	243
648	462	102	235
654	457	91	248
656	450	95	270
656	440	97	273
657	446	102	274
658	441	91	274
660	443	91	281
657	447	100	286
664	449	93	269
660	452	101	247
662	448	94	270
667	442	92	292
662	439	96	280
663	430	95	277
664	431	93	281
664	420	96	281
675	437	91	274
672	433	89	281
679	431	89	286
676	434	87	280
684	434	91	274
680	443	89	262
675	439	104	244
693	446	79	237
689	445	81	229
687	433	89	218
694	438	85	231
695	433	88	228
701	434	86	233
704	428	76	217
704	425	79	213
701	426	80	230
703	427	81	228
706	432	79	231
709	434	78	218
712	429	76	229
710	432	87	223
712	442	76	215
717	432	73	232
712	426	77	234
713	426	85	236
712	424	80	233
716	423	78	231
716	425	79	222
716	420	80	217
718	420	82	231
718	421	85	235
720	415	82	243
721	411	77	241
721	421	82	229
724	416	82	241
731	418	76	238
727	416	76	226
730	419	74	213
728	422	79	217
733	423	81	213
732	422	78	215
737	426	77	209
739	424	78	213
746	416	79	209
734	423	89	199
738	423	88	229
741	415	82	225
753	418	68	201
752	426	72	180
749	426	78	183
750	437	81	180
746	435	84	193
743	427	89	211
757	423	72	202
760	425	65	187
762	421	71	169
761	431	70	161
764	424	72	176
762	426	71	160
764	422	70	173
768	436	69	149
772	426	63	150
777	444	61	157
776	430	68	173
770	428	70	180
773	425	66	171
778	424	68	179
777	419	70	189
779	419	67	195
778	423	66	187
778	426	69	178
781	420	69	159
783	420	67	169
783	416	69	166
785	426	71	166
788	422	63	175
786	417	67	172
788	413	69	176
786	407	70	181
785	414	72	191
788	402	68	198
785	412	74	184
788	412	67	178
794	411	62	180
791	413	64	186
795	408	64	184
795	415	62	169
797	408	59	168
798	405	61	181
793	398	69	183
795	391	64	173
799	393	57	169
797	397	62	153
799	405	62	154
800	392	66	163
799	385	66	167
797	394	72	181
797	381	66	175
796	396	69	182
799	384	64	179
804	385	60	184
803	379	62	174
803	396	64	163
808	399	59	157
806	400	66	152
807	398	62	164
812	385	66	175
813	376	63	186
815	377	60	186
815	380	59	203
819	381	62	203
814	377	63	200
821	377	63	191
818	364	62	192
822	365	59	202
825	355	55	205
827	357	54	199
828	368	57	194
826	363	55	194
830	372	54	192
829	368	55	176
827	350	67	180
828	373	56	179
830	373	53	169
829	366	61	170
827	371	65	169
829	364	62	175
830	361	64	182
829	357	60	182
828	351	68	190
832	357	62	183
836	350	61	191
834	353	54	179
838	353	57	191
842	373	50	168
842	373	56	158
843	370	57	159
840	364	70	170
840	364	66	178
841	359	61	166
845	366	55	166
844	352	63	176
845	361	58	172
845	353	75	176
844	348	73	187
850	353	71	174
854	369	60	155
857	368	52	154
856	364	56	160
859	364	58	163
862	359	49	162
865	362	53	164
865	355	53	167
866	353	54	178
869	352	50	180
871	359	51	158
873	360	47	174
872	355	49	163
877	357	50	149
876	356	49	164
877	360	51	164
876	361	54	165
877	362	53	156
878	360	58	155
883	367	55	155
883	359	60	164
880	352	64	171
886	367	60	155
891	355	55	172
888	355	59	177
894	355	58	170
895	356	58	176
887	351	67	181
899	364	60	166
905	361	57	167
909	358	53	176
913	360	49	174
916	360	48	166
914	360	52	166
918	366	53	161
923	370	49	154
921	372	54	145
926	375	49	144
928	377	50	155
930	372	54	163
934	375	51	158
935	375	52	157
939	377	50	157
934	378	60	153
936	374	60	157
943	377	55	152
946	377	58	159
952	375	52	182
956	377	50	168
958	376	53	161
962	379	53	161
966	377	51	166
969	377	52	160
974	380	51	159
976	379	53	164
978	380	54	174
982	383	56	168
988	383	52	174
986	386	57	181
991	385	57	173
997	382	53	177
1002	385	53	175
1008	384	50	181
1010	386	49	174
1014	384	51	173
1018	387	52	168
1022	387	54	163
1023	386	55	170
1026	387	55	186
1031	389	51	192
1033	389	52	184
1037	391	50	176
1037	395	55	178
1041	394	55	181
1045	394	53	184
1048	396	55	182
1050	396	53	182
1056	395	48	187
1057	393	52	190
1058	394	52	192
1059	395	54	192
1061	397	52	205
1065	396	51	202
1063	400	49	200
1066	398	51	207
1066	403	55	200
1066	402	52	207
1067	404	53	202
1069	408	53	195
1070	411	53	192
1074	414	52	195
1075	415	55	184
1080	417	54	180
1083	418	57	180
1086	418	58	192
1090	419	58	188
1092	417	60	195
1098	419	58	193
1099	419	63	196
1106	419	57	206
1107	426	62	189
1111	425	63	203
1116	425	65	207
1116	428	68	199
1121	428	64	197
1127	426	60	208
1128	433	64	198
1132	431	65	208
1133	432	64	209
1137	427	64	219
1140	428	64	220
1145	432	61	214
1146	428	63	224
1148	423	60	237
1151	425	60	250
1151	426	61	248
1152	428	64	228
1153	429	65	250
1155	433	65	238
1157	439	68	224
1161	441	69	238
1165	438	66	240
1167	443	70	235
1170	446	75	229
1178	443	66	225
1180	448	72	225
1181	446	74	226
1191	447	74	233
1191	445	77	226
1195	446	76	232
1201	446	78	236
1206	449	77	235
1212	449	77	246
1214	451	81	245
1218	453	83	253
1221	454	83	251
1230	454	77	253
1233	456	79	251
1237	456	80	256
1238	461	83	254
1244	462	81	248
1247	463	81	245
1251	460	81	250
1257	456	78	249
1261	460	78	244
1263	462	77	246
1267	465	79	245
1269	466	79	247
1272	467	82	270
1277	469	82	259
1281	476	82	264
1282	480	86	262
1281	478	97	282
1290	485	93	281
1298	482	93	283
1301	481	97	278
1301	494	95	274
1311	493	96	280
1316	490	97	280
1321	489	96	284
1325	493	92	273
1324	492	98	276
1328	493	99	276
1330	492	99	287
1333	494	96	279
1331	496	98	280
1334	494	97	290
1333	497	97	294
1327	496	98	302
1326	494	100	305
1322	493	99	301
1320	488	98	309
1320	489	92	294
1316	488	90	290
1314	485	89	277
1316	479	92	287
1316	476	87	287
1312	470	86	289
1316	468	87	292
1308	469	92	288
1312	465	94	297
1312	462	88	300
1314	465	95	282
1309	461	95	285
1315	458	93	278
1309	455	91	291
1305	450	96	290
1303	447	91	287
1296	454	97	274
1296	448	87	274
1289	446	91	277
1283	449	87	262
1278	448	83	267
1272	442	81	265
1265	438	82	263
1256	440	82	251
1249	439	80	248
1238	438	85	261
1231	439	83	261
1221	438	85	267
1211	437	83	262
1208	435	78	264
1198	434	77	268
1188	439	78	253
1181	437	76	255
1171	441	73	247
1164	444	73	240
1156	433	69	239
1148	434	72	244
1142	429	68	249
1129	427	73	244
1119	436	73	229
1112	437	70	226
1105	439	70	222
1099	439	70	221
1094	439	70	219
1089	432	69	233
1089	442	67	224
1088	439	67	221
1084	432	71	230
1085	436	67	223
1085	436	68	218
1086	438	65	218
1088	429	63	222
1091	434	62	217
1090	432	62	214
1094	433	59	221
1091	432	62	220
1092	433	64	220
1092	435	66	214
1094	434	60	218
1096	438	61	220
1093	437	63	216
1094	438	62	223
1096	437	62	222
1094	434	65	224
1098	434	59	223
1098	434	60	222
1095	436	65	222
1098	434	63	215
1097	436	65	219
1095	437	69	215
1096	437	67	216
1096	439	69	214
1094	437	72	222
1101	438	64	216
1098	443	69	212
1100	439	69	218
1099	440	73	219
1101	448	70	215
1098	446	76	213
1101	439	72	223
1099	445	73	218
1102	445	73	220
1101	443	72	220
1103	440	72	229
1103	442	73	229
1108	447	68	226
1110	447	65	221
1113	450	61	218
1114	446	64	212
1117	447	62	223
1116	453	62	214
1116	452	63	224
1118	451	64	226
1116	452	68	227
1118	450	70	231
1118	451	73	230
1118	455	78	228
1116	456	75	229
1116	455	76	228
1120	457	76	231
1120	457	79	233
1122	454	77	238
1121	451	79	244
1126	458	75	236
1124	458	73	229
1130	463	71	230
1132	462	75	227
1132	464	73	231
1133	471	76	233
1136	468	76	235
1136	466	79	234
1137	462	79	240
1138	465	81	237
1140	466	84	235
1141	462	85	236
1146	477	80	225
1149	469	75	230
1151	464	79	235
1154	463	74	233
1154	467	72	228
1155	457	74	230
1157	459	73	230
1160	453	68	230
1162	452	71	233
1159	453	76	228
1166	451	69	228
1165	450	74	233
1167	453	74	231
1171	450	70	233
1175	451	66	234
1171	450	68	238
1170	451	70	235
1172	448	72	236
1170	448	73	235
1170	447	68	228
1168	446	69	238
1162	449	73	229
1159	445	70	234
1149	447	77	221
1144	442	73	227
1143	444	73	221
1135	443	69	218
1128	447	71	218
1123	444	67	221
1115	441	66	231
1111	452	65	216
1105	443	64	226
1096	448	67	215
1090	451	70	212
1081	444	71	221
1073	447	71	220
1064	449	72	217
1058	443	70	223
1050	443	69	218
1040	440	73	219
1033	439	70	217
1025	436	69	222
1016	438	72	217
1013	439	69	213
1006	438	68	206
1001	442	72	208
1002	444	65	214
995	444	67	209
996	444	71	211
996	442	70	213
992	441	73	214
998	444	60	211
996	444	68	206
993	443	69	204
992	442	68	202
995	441	69	207
998	443	66	209
993	443	66	203
997	436	68	201
994	436	69	205
997	437	68	203
998	435	64	208
998	437	67	211
999	435	67	207
1000	434	66	212
1001	435	67	211
1000	437	68	211
1003	442	66	204
1002	438	67	209
1002	437	74	206
1006	435	70	204
1007	435	64	205
1007	430	72	209
1011	430	64	202
1009	429	67	193
1010	427	67	195
1009	429	73	193
1012	422	66	195
1012	419	69	194
1013	419	68	200
1014	418	67	197
1011	413	70	206
1012	413	70	204
1011	416	72	202
1012	406	68	199
1014	409	64	192
1012	405	65	203
1013	401	71	192
1014	395	66	196
1017	395	63	197
1020	385	58	192
1015	387	65	191
1020	383	62	189
1021	383	60	189
1022	384	61	188
1021	381	62	190
1021	382	60	185
1023	379	60	190
1025	377	58	189
1028	378	56	191
1025	377	57	190
1024	380	61	183
1026	375	61	191
1027	375	62	186
1027	371	63	189
1030	370	60	186
1032	365	59	187
1031	364	60	186
1033	366	60	189
1032	363	62	187
1035	361	64	192
1037	358	57	186
1040	368	58	178
1038	367	60	182
1039	367	64	184
1042	364	61	181
1044	365	59	185
1044	365	59	175
1047	363	59	178
1049	360	55	186
1050	362	52	178
1051	360	56	175
1051	360	55	171
1053	360	55	176
1054	361	56	169
1056	364	56	170
1054	366	60	164
1056	363	59	164
1059	365	54	166
1058	368	58	167
1059	365	60	170
1059	361	60	173
1063	362	59	172
1064	370	57	165
1066	363	55	172
1070	366	59	169
1070	365	60	168
1072	370	60	165
1075	364	55	167
1078	370	56	162
1081	369	52	164
1080	369	55	163
1084	373	55	164
1083	370	56	167
1087	367	53	169
1092	369	54	169
1089	368	54	171
1094	367	53	166
1093	368	54	169
1096	376	54	164
1100	372	51	161
1098	374	56	168
1106	370	51	166
1107	370	52	162
1107	371	56	167
1113	368	52	163
1115	373	53	164
1117	376	57	157
1122	368	53	170
1124	374	59	162
1126	382	59	159
1126	376	61	167
1134	371	57	164
1140	378	55	165
1144	382	54	157
1149	384	56	157
1153	385	57	149
1159	378	57	157
1166	383	59	157
1173	379	55	156
1180	377	52	162
1184	372	53	163
1188	376	58	155
1194	376	54	159
1201	376	51	157
1200	376	63	158
1202	377	63	154
1203	382	72	156
1216	384	66	155
1225	388	64	154
1234	387	56	158
1242	382	55	155
1246	383	56	160
1250	383	58	153
