1113	376	30	69
1111	375	31	73
1113	373	27	73
1111	377	29	69
1113	375	28	73
1112	375	26	70
1111	378	28	74
1113	375	26	69
1114	377	25	74
1113	377	27	71
1112	377	26	72
1113	376	27	74
1111	378	27	69
1111	376	28	72
1113	378	26	67
1112	380	26	63
1113	381	24	69
1112	381	28	79
1111	378	26	81
1112	377	26	78
1109	380	29	76
1111	382	27	76
1110	382	27	73
1107	383	30	70
1109	382	28	69
1108	381	29	71
1107	382	31	69
1108	382	32	67
1108	383	29	66
1106	385	33	73
1107	386	32	77
1109	386	33	88
1106	384	33	94
1104	384	39	96
1108	382	34	91
1108	383	32	88
1110	388	28	82
1110	390	29	83
1112	382	26	76
1113	388	27	75
1113	397	26	75
1112	396	32	71
1111	397	29	70
1113	395	28	73
1111	396	31	76
1112	396	28	81
1111	397	31	81
1113	398	27	73
1110	398	30	75
1110	397	29	77
1110	394	28	73
1108	395	29	68
1106	396	29	71
1105	396	31	69
1106	394	31	65
1103	395	32	67
1104	390	31	66
1103	391	33	70
1104	390	31	77
1103	385	32	77
1104	385	28	84
1104	383	31	80
1101	384	32	77
1103	383	30	74
1102	379	31	75
1102	384	32	83
1103	383	31	82
1101	377	31	78
1101	379	34	74
1099	376	31	75
1101	376	28	80
1100	374	28	78
1098	373	30	83
1098	373	30	80
1098	370	29	86
1095	371	30	85
1097	369	29	81
1096	370	27	85
1097	369	28	79
1096	370	26	76
1095	371	30	67
1095	369	28	73
1096	370	26	75
1095	367	28	76
1094	368	29	84
1093	370	31	83
1093	370	30	78
1095	368	27	81
1095	368	28	80
1096	367	28	81
1094	370	31	71
1098	368	27	67
1097	372	32	68
1098	371	28	66
1099	369	27	69
1101	368	27	68
1102	371	27	69
1103	372	27	70
1105	372	26	64
1107	373	28	66
1110	373	28	61
1112	374	26	72
1112	377	30	69
1113	377	26	72
1114	376	26	74
1115	374	27	78
1115	375	25	76
1116	376	24	70
1114	375	26	75
1114	376	28	77
1116	374	23	76
1116	375	25	79
1115	378	24	72
1115	377	27	73
1115	376	26	76
1116	377	26	73
1114	379	27	73
1115	379	27	71
1115	378	26	75
1116	380	28	76
1115	378	25	72
1116	379	26	71
1117	380	26	69
1117	379	26	76
1115	378	27	78
1116	379	28	72
1117	377	29	74
1118	381	26	70
1119	378	24	75
1120	379	23	69
1119	381	25	71
1119	380	26	72
1121	381	26	75
1123	380	25	75
1123	380	25	75
1124	383	25	71
1124	382	26	68
1126	382	26	67
1125	381	25	71
1126	381	26	71
1127	382	28	65
1127	381	26	73
1128	380	24	74
1129	380	25	72
1128	383	28	72
1131	382	25	68
1132	382	24	68
1131	381	26	73
1133	381	24	67
1134	382	26	70
1134	383	26	72
1135	381	25	71
1135	383	26	67
1136	381	26	68
1138	381	25	69
1137	381	28	70
1139	382	27	64
1141	382	25	67
1141	382	27	66
1142	381	27	73
1143	382	25	71
1146	380	24	66
1146	379	25	68
1146	384	26	67
1148	385	25	69
1149	380	26	70
1150	383	24	73
1151	384	27	68
1152	386	23	66
1154	384	24	70
1153	385	26	69
1154	384	27	71
1154	385	27	72
1157	383	24	67
1158	385	24	70
1158	385	25	70
1158	384	27	70
1159	386	26	65
1162	386	23	65
1162	380	24	70
1162	382	26	74
1162	385	25	76
1163	381	26	75
1163	389	28	76
1165	387	24	80
1167	381	22	74
1166	385	27	73
1167	386	27	69
1168	387	26	64
1170	387	26	67
1171	386	25	66
1172	384	26	72
1174	386	23	77
1175	386	24	73
1174	385	25	74
1176	375	24	72
1177	383	26	75
1176	387	26	71
1178	387	26	73
1180	383	24	74
1181	391	25	77
1182	389	27	75
1182	391	25	71
1183	392	27	72
1184	391	27	69
1185	387	29	78
1185	388	26	76
1187	390	27	76
1188	390	27	78
1189	389	29	80
1190	394	27	73
1193	392	27	71
1194	399	25	65
1195	397	23	66
1198	396	24	71
1197	402	24	68
1196	402	29	71
1198	400	28	72
1201	402	28	66
1200	403	28	66
1201	402	28	72
1202	403	26	69
1204	399	25	67
1202	401	26	72
1202	392	27	72
1203	399	26	73
1204	395	24	73
1203	395	26	68
1204	388	27	65
1205	395	25	71
1204	390	28	72
1203	387	30	77
1202	386	34	87
1205	386	28	83
1207	392	26	76
1206	392	28	75
1205	391	28	73
1208	389	26	74
1205	391	30	71
1209	389	27	75
1208	388	26	74
1209	388	26	71
1208	387	27	73
1208	384	29	72
1210	387	25	67
1208	385	28	71
1210	384	26	71
1210	385	25	69
1211	383	25	75
1210	385	27	69
1210	387	27	67
1212	383	24	63
1212	384	23	66
1214	382	23	68
1213	381	24	71
1214	377	24	75
1213	380	25	78
1212	379	29	76
1212	380	29	70
1214	382	26	75
1211	376	30	78
1214	379	31	74
1217	380	29	71
1220	379	25	73
1218	382	32	65
1219	381	26	69
1221	385	28	68
1222	379	26	71
1222	379	26	73
1222	379	28	70
1223	382	26	67
1224	377	26	64
1224	380	25	67
1224	383	25	64
1224	377	27	69
1225	377	24	71
1223	376	25	67
1222	375	26	72
1220	372	31	77
1221	378	29	71
1221	376	32	73
1219	376	28	72
1222	377	26	70
1222	378	24	65
1220	379	24	58
1220	376	23	58
1219	375	22	59
1219	375	23	64
1218	374	25	60
1216	378	28	59
1218	377	26	59
1215	379	27	57
1216	379	25	63
1215	372	27	69
1216	376	28	67
1216	376	25	61
1217	383	25	65
1215	373	26	59
1216	378	27	61
1214	372	33	67
1213	373	32	71
1216	373	29	72
1216	379	26	70
1216	378	26	71
1217	379	27	65
1217	375	29	70
1219	377	26	62
1219	379	28	59
1217	379	31	67
1220	384	27	59
1220	382	28	66
1219	380	26	70
1219	374	27	62
1223	373	22	61
1224	374	23	59
1220	385	28	50
1222	386	26	50
1222	388	27	45
1221	389	25	44
1224	388	26	47
1225	391	25	46
1226	383	26	51
1225	383	25	51
1228	384	26	50
1227	385	26	52
1228	386	28	50
1228	391	29	45
1228	385	29	46
1225	389	36	53
1229	386	41	60
1230	382	31	67
1233	383	33	70
1238	381	28	71
1240	382	25	68
1241	379	28	68
1243	383	28	66
1247	391	24	67
1245	376	24	60
1253	395	30	61
1254	375	33	64
1255	383	31	66
1258	392	30	58
1257	374	33	59
1259	393	30	52
1260	402	31	47
1260	402	31	47
1260	402	31	47
1270	398	28	51
1269	397	32	48
1271	398	30	51
1273	388	26	52
1275	394	24	52
1275	391	26	57
1275	386	32	64
1277	382	26	62
1279	389	32	59
1279	398	32	57
1279	391	30	60
1279	390	34	63
1280	389	36	62
1281	398	36	52
1282	395	35	59
1280	405	28	60
1285	393	32	56
1285	394	32	59
1287	390	30	59
1289	401	26	56
1289	404	25	54
1288	390	26	61
1287	386	28	62
1290	399	27	65
1292	382	24	69
1288	394	25	70
1287	384	32	70
1290	390	27	70
1284	399	28	61
1283	401	26	63
1281	397	30	72
1277	383	25	78
1271	383	32	80
1264	388	33	73
1259	383	32	74
1257	387	30	77
1257	387	28	71
1249	398	36	70
1244	401	32	56
1241	389	40	56
1238	402	36	63
1237	407	31	56
1232	409	34	49
1238	393	29	54
1235	388	32	58
1233	394	35	68
1234	397	35	71
1233	392	26	73
1234	390	27	67
1230	393	33	65
1231	397	33	67
1226	390	32	70
1248	395	38	58
1224	410	33	59
1224	410	31	62
1231	392	40	65
1225	404	28	67
1225	393	21	69
1229	403	15	67
1227	398	21	64
1228	398	20	66
1228	398	20	66
1214	398	28	67
1213	397	32	69
1213	397	38	70
1215	394	45	73
1207	408	34	63
1214	396	26	65
1214	396	26	65
1209	397	28	72
1210	394	29	74
1215	408	24	75
1206	413	29	74
1219	407	29	69
1207	408	29	74
1205	404	36	71
1209	403	26	72
1207	402	26	70
1206	395	30	76
1199	384	36	79
1209	400	28	72
1212	405	22	71
1191	385	26	64
1208	393	26	62
1208	403	27	66
1209	403	29	69
1208	405	26	61
1213	405	25	62
1179	379	25	63
1211	413	28	67
1209	429	26	64
1209	429	26	64
1210	420	27	63
1213	429	24	58
1213	408	26	68
1214	409	27	71
1217	407	22	63
1216	418	31	56
1216	418	31	56
1222	434	28	53
1224	410	32	53
1226	423	24	55
1226	419	24	57
1225	420	25	54
1228	417	23	62
1227	424	31	60
1162	402	27	55
1229	418	26	60
1229	418	26	60
1229	418	26	60
1229	418	26	60
1241	432	24	63
1241	432	24	63
1241	432	24	63
1241	432	24	63
1291	506	23	64
1291	506	23	64
1340	467	31	63
1340	467	31	63
1340	467	31	63
1340	467	31	63
1355	496	32	69
1355	496	32	69
1355	496	32	69
1358	431	38	71
1259	454	32	60
1263	441	27	57
1261	443	32	63
1261	443	32	63
1261	448	30	55
1269	448	29	49
1269	448	29	49
1271	433	25	53
1271	433	25	53
1260	510	26	53
1259	513	28	46
1259	513	28	46
1259	513	28	46
1259	513	28	46
1259	513	28	46
1259	513	28	46
1259	513	28	46
1259	513	28	46
1259	513	28	46
1259	513	28	46
1259	513	28	46
1271	457	28	52
1259	426	30	56
1259	425	39	56
1260	418	45	63
1260	418	45	63
1356	445	41	68
1356	448	39	67
1357	454	37	58
1373	385	40	58
1373	385	40	58
1402	378	44	55
1402	378	44	55
1402	378	44	55
1359	453	47	57
1371	380	39	62
1362	448	32	57
1366	446	28	66
1270	398	27	68
1267	400	29	64
1261	402	34	64
1256	381	38	70
1247	333	38	65
1247	333	38	65
1145	253	28	58
1145	253	28	58
1145	253	28	58
1145	253	28	58
1057	213	29	63
993	244	29	62
929	263	33	76
940	257	35	78
929	269	39	72
927	276	32	66
932	269	41	70
931	267	29	73
935	265	37	75
927	268	34	71
932	262	32	76
929	262	32	75
932	257	38	80
927	260	35	78
926	264	36	73
931	263	41	72
927	262	34	71
929	266	32	69
941	260	36	74
926	259	35	74
943	256	31	77
932	254	36	75
929	255	31	74
941	239	34	72
925	260	35	70
932	249	34	76
930	246	31	80
929	246	33	79
933	250	26	77
933	248	26	79
937	243	33	81
928	244	31	78
933	242	31	80
931	243	28	81
931	243	31	80
938	251	38	74
932	253	29	74
934	250	28	73
935	247	27	77
936	246	25	79
938	243	23	82
937	248	23	78
935	255	25	70
934	260	26	64
934	256	27	68
934	251	26	74
934	252	27	72
934	253	26	70
934	251	28	73
935	253	26	71
932	246	30	77
933	243	30	80
932	237	30	86
930	246	33	78
930	249	31	73
930	244	29	77
930	243	29	79
929	237	32	84
929	244	32	80
927	247	33	77
926	246	33	78
924	243	40	81
925	245	32	75
920	245	32	73
932	233	36	72
920	240	29	77
918	238	28	79
920	236	27	83
919	238	26	81
916	235	32	84
917	240	29	80
918	245	25	73
918	246	25	74
916	241	28	75
916	243	28	75
913	238	33	81
914	238	30	77
918	234	26	83
915	232	29	87
916	231	29	86
914	232	27	86
915	244	28	77
915	239	28	79
917	240	23	80
915	243	28	76
916	237	30	80
916	238	28	81
916	236	28	85
919	236	26	85
916	239	29	83
917	243	25	75
915	241	28	75
915	243	29	77
916	241	27	80
915	241	28	79
915	245	29	73
916	243	27	73
917	241	28	77
918	237	27	80
919	240	26	80
920	239	26	81
922	243	27	79
921	240	25	80
918	238	30	88
919	234	27	92
919	236	29	89
916	236	32	86
917	245	29	79
918	249	32	73
920	243	26	79
920	246	26	75
920	249	25	76
918	249	27	71
920	248	25	74
919	246	25	75
917	241	30	76
917	241	31	80
918	236	29	81
918	240	25	79
916	247	26	73
918	244	28	76
917	249	26	71
917	246	26	74
917	247	27	73
916	253	31	66
917	255	27	65
917	242	27	75
917	240	26	78
