911	380	54	178
908	374	59	180
907	370	58	193
908	362	60	201
907	354	62	203
903	355	60	206
902	350	60	226
901	347	60	229
901	350	66	230
898	346	70	233
898	347	77	227
896	348	70	225
898	350	68	238
902	340	63	251
901	342	65	254
901	339	60	261
896	336	68	253
900	340	60	240
900	341	61	231
893	339	65	237
892	339	63	233
893	335	56	247
897	326	53	259
886	336	62	255
890	334	67	248
895	336	52	237
895	334	46	213
889	336	51	230
888	341	56	243
886	331	52	261
887	331	53	263
883	334	66	255
883	334	56	254
880	327	56	265
880	327	54	281
877	318	57	278
871	327	61	267
875	330	56	273
877	321	53	271
872	330	53	258
874	323	50	256
871	330	51	257
871	334	49	241
868	333	51	226
865	334	53	235
861	339	54	237
864	330	50	236
864	335	47	225
863	328	48	234
858	333	52	226
857	332	50	221
853	335	54	216
851	340	54	221
849	334	54	218
845	338	55	212
848	339	52	200
845	340	52	207
842	332	53	196
837	332	57	198
839	332	52	219
837	340	51	198
832	336	58	200
828	338	59	194
829	340	58	204
828	340	53	213
827	333	53	226
828	328	53	218
827	330	51	210
827	334	49	204
827	339	49	214
825	335	51	206
822	342	54	200
822	335	52	213
822	339	54	207
821	336	56	204
820	336	55	179
821	341	55	175
819	337	57	162
821	343	55	166
820	337	56	160
822	333	54	174
819	332	58	167
821	335	54	168
822	326	54	170
821	324	53	167
825	336	51	167
822	329	51	160
826	336	48	171
822	334	53	166
825	329	52	159
825	334	52	162
823	337	56	170
822	327	53	162
825	334	57	162
820	339	65	163
825	324	57	151
823	333	59	134
822	334	62	143
825	338	61	151
829	346	59	167
827	334	61	154
828	314	61	158
827	329	63	140
830	338	61	130
835	358	55	134
837	341	54	128
838	353	53	120
840	345	52	127
838	329	56	142
838	334	59	137
841	338	58	138
842	344	57	136
844	357	58	124
846	345	58	131
846	348	59	134
848	337	56	138
848	343	56	139
849	329	57	154
849	327	57	162
847	330	62	165
848	337	58	155
849	331	61	161
847	327	63	170
849	330	59	166
849	323	61	179
850	319	58	185
850	326	56	176
849	325	62	183
847	320	63	188
849	330	65	183
849	318	64	192
850	323	61	189
849	316	62	196
851	332	63	183
852	323	62	194
852	327	66	197
854	337	63	189
851	343	66	181
851	345	65	187
850	342	70	193
852	346	68	196
853	342	67	206
851	343	68	199
850	344	71	202
851	342	66	200
853	339	65	202
851	347	69	203
849	343	70	211
847	348	72	205
848	349	70	207
847	349	68	212
846	352	69	216
845	354	69	215
841	349	70	224
841	346	73	233
838	349	71	237
842	349	67	221
835	350	72	219
832	353	74	221
829	353	75	221
831	349	75	219
829	349	75	225
824	359	79	219
826	364	77	210
827	359	75	219
825	359	79	215
822	360	81	213
824	377	81	224
818	372	82	230
816	365	85	241
821	357	73	250
817	356	80	266
815	359	81	259
816	353	79	275
813	362	79	268
811	362	86	259
813	360	79	257
813	372	85	246
808	368	87	255
810	368	84	255
811	364	85	267
811	368	79	253
807	368	86	280
805	375	84	260
808	376	85	265
807	379	83	263
809	378	84	256
803	377	90	275
807	376	84	264
806	377	84	271
804	382	91	275
804	373	93	287
806	375	92	292
808	375	93	303
808	375	94	315
810	377	91	310
812	381	92	313
817	384	90	317
819	383	90	338
816	384	96	350
825	397	99	334
826	397	100	327
830	393	101	334
831	395	101	339
841	391	95	352
845	400	97	329
848	398	97	336
849	394	99	338
858	415	99	317
861	406	106	361
869	407	102	369
872	416	110	381
878	423	110	376
883	430	111	368
886	429	113	379
886	430	121	409
891	431	117	389
890	432	118	396
899	434	119	369
897	432	124	388
902	433	118	359
906	427	115	369
910	429	121	364
910	424	122	382
920	421	116	366
918	423	115	367
926	421	116	379
932	417	114	399
936	413	107	387
936	418	112	396
942	416	107	399
939	420	114	384
941	419	114	380
938	416	113	380
938	405	116	385
945	406	112	381
940	401	109	379
941	394	102	359
937	396	106	358
933	396	111	347
932	387	103	343
925	392	105	324
923	392	101	311
910	392	109	331
905	399	108	322
896	392	103	324
893	392	104	315
888	387	99	313
877	383	102	327
863	389	115	330
855	387	114	321
848	382	112	328
846	388	108	304
845	382	106	298
832	380	109	312
836	379	101	314
838	370	95	317
832	380	103	299
839	372	91	311
842	369	87	308
840	374	91	306
845	372	84	298
848	369	83	297
850	370	81	299
858	366	76	304
861	365	75	301
865	369	76	283
865	369	80	281
869	371	77	283
877	360	69	284
878	371	77	273
880	366	78	281
883	371	79	278
884	366	80	274
886	371	84	264
889	371	80	264
894	372	81	267
892	378	84	260
897	377	82	260
902	367	82	268
906	368	78	266
907	371	79	260
911	375	79	256
917	368	77	260
921	365	75	263
923	370	77	255
930	365	69	247
933	361	78	250
936	357	77	250
941	360	73	242
945	364	69	240
952	356	72	253
957	366	69	241
959	365	72	244
964	361	71	247
968	372	71	234
975	369	68	239
977	374	74	234
984	375	71	226
992	363	73	230
999	355	64	237
1005	347	69	250
1008	345	70	248
1013	348	74	243
1018	350	76	244
1024	351	72	240
1026	353	73	236
1031	353	75	236
1034	347	75	246
1038	349	72	244
1041	350	74	240
1048	351	69	241
1054	358	69	238
1057	351	68	248
1059	353	73	246
1067	360	69	235
1077	349	62	250
1085	351	59	245
1088	352	61	243
1094	356	63	238
1098	347	60	243
1104	347	60	241
1109	348	57	242
1112	353	60	236
1115	349	61	245
1126	351	59	242
1132	352	54	243
1133	350	58	250
1140	355	56	245
1149	354	52	247
1144	351	65	254
1152	360	65	241
1159	359	68	237
1169	362	58	234
1178	352	54	249
1181	347	60	254
1182	349	62	253
1186	355	64	247
1194	352	61	252
1193	349	69	253
1196	351	73	259
1201	353	72	255
1209	358	72	257
1218	354	69	257
1225	364	69	248
1234	363	66	247
1241	355	66	260
1248	360	68	246
1258	361	61	242
1266	354	63	258
1273	355	56	248
1279	351	60	265
1284	351	59	268
1288	352	62	267
1298	356	63	265
1303	358	65	259
1306	356	74	271
1318	358	69	275
1325	360	73	272
1329	365	75	270
1337	367	73	271
1337	362	87	278
1353	365	83	279
1368	366	75	278
1375	362	78	288
1385	361	82	286
1400	361	74	285
1405	347	77	304
1412	353	86	300
1421	349	90	306
1434	353	89	302
1438	353	108	307
1444	359	107	304
1451	336	117	331
1461	348	102	325
1477	363	116	317
1476	362	120	326
1485	380	111	315
1502	340	113	355
1514	343	103	360
1521	364	124	339
1534	352	106	360
1549	360	111	351
1558	354	112	360
1569	347	109	368
1584	347	103	376
1592	358	108	363
1597	362	117	367
1612	363	116	366
1621	366	120	370
1640	360	108	377
1629	407	144	353
1657	404	130	353
1670	479	141	341
1694	419	127	355
1711	409	128	364
1713	498	157	321
1740	418	128	359
