1028	439	34	78
1028	443	31	73
1031	443	29	71
1031	445	31	71
1032	445	31	70
1034	441	31	75
1035	445	32	71
1037	442	34	73
1037	445	32	70
1041	445	31	71
1041	446	33	74
1042	440	31	80
1041	433	33	81
1041	432	32	83
1040	441	33	74
1035	442	31	74
1030	445	31	74
1020	438	35	73
1007	445	31	71
997	446	29	71
997	446	29	71
960	440	34	73
960	440	34	73
960	440	34	73
960	440	34	73
960	440	34	73
960	440	34	73
960	440	34	73
960	440	34	73
960	440	34	73
960	440	34	73
960	440	34	73
960	440	34	73
960	440	34	73
1064	450	30	77
1050	446	28	79
1036	446	26	84
1027	445	26	90
1018	444	26	89
1013	444	24	88
1009	444	25	90
1007	446	25	87
1005	443	25	89
1003	445	27	92
1004	444	26	91
1003	446	26	89
1002	446	28	95
1003	446	27	94
1004	446	26	91
1006	446	24	90
1006	447	25	85
1006	447	25	83
1007	447	25	84
1008	446	25	88
1008	448	25	84
1007	448	26	89
1006	449	28	91
1006	448	28	93
1005	448	28	94
1005	449	30	92
1003	448	31	99
1000	447	32	103
1001	445	30	108
1001	448	30	109
999	445	33	111
999	447	32	115
999	449	31	115
998	453	32	109
999	455	31	108
999	456	31	108
998	455	32	109
1000	450	30	114
998	456	30	108
997	452	33	113
996	455	32	107
1000	442	29	119
999	449	29	114
997	454	30	107
998	454	30	105
999	454	29	103
997	449	30	108
996	450	32	101
995	448	32	100
993	452	34	93
993	453	34	89
994	454	30	89
993	454	31	86
993	457	30	82
994	452	29	87
994	449	27	89
993	445	27	92
992	451	30	88
990	455	29	83
990	453	30	83
990	449	28	87
990	446	28	91
989	448	28	90
988	451	28	86
988	450	27	90
986	449	29	89
986	455	27	82
985	455	26	81
986	453	25	86
986	454	25	82
986	455	25	80
985	457	27	83
986	455	27	85
985	452	29	91
985	452	29	92
985	452	29	94
982	452	33	97
981	452	31	102
980	451	33	103
979	455	33	99
980	453	33	101
979	453	32	102
982	448	30	106
982	444	29	110
981	447	31	110
980	452	28	102
980	452	29	103
980	449	29	106
980	448	29	110
977	453	32	105
978	451	31	106
976	455	31	101
975	456	32	103
976	454	31	105
975	452	30	108
976	455	31	106
979	457	27	98
978	457	27	103
978	456	27	106
977	455	29	110
976	454	31	111
979	451	29	115
980	451	29	113
979	456	31	111
983	455	28	104
985	457	27	98
988	458	24	89
988	459	26	89
989	458	27	91
988	459	31	90
991	461	31	90
991	460	31	93
993	457	30	97
993	459	32	97
995	461	32	93
998	462	31	93
998	463	32	94
999	463	34	98
1003	463	31	96
1004	463	32	98
1005	466	34	108
1009	466	31	116
1011	469	32	116
1014	467	32	116
1017	470	30	113
1022	470	29	114
1026	469	27	114
1028	470	30	112
1032	472	30	112
1035	473	31	112
1038	473	32	114
1040	474	34	115
1043	474	36	117
1047	472	33	119
1051	474	34	118
1054	476	35	116
1058	476	33	115
1062	475	33	118
1066	477	33	116
1069	475	33	121
1073	476	32	121
1079	476	31	119
1083	475	30	124
1088	476	30	123
1093	477	29	123
1098	478	28	124
1103	479	28	123
1107	478	29	126
1113	479	28	125
1118	481	28	123
1122	481	29	126
1127	482	30	127
1132	482	30	126
1137	482	31	128
1142	483	31	129
1147	484	31	129
1152	485	30	129
1157	485	30	130
1161	487	30	131
1166	488	31	130
1171	488	29	132
1176	490	28	134
1181	491	30	133
1186	493	30	134
1190	493	32	135
1195	492	33	137
1199	494	33	135
1203	496	32	136
1207	498	34	136
1211	497	36	137
1215	495	37	143
1220	498	35	140
1225	495	35	144
1230	500	34	139
1234	500	38	141
1238	501	37	142
1244	504	37	141
1247	503	39	142
1245	506	47	141
1240	499	55	149
1248	494	52	156
1255	491	50	163
1263	497	45	157
1269	496	44	161
1275	495	45	165
1278	499	49	161
1283	506	53	154
1288	504	54	160
1291	508	55	155
1297	511	46	151
1299	513	38	150
1307	516	36	150
1308	515	38	151
1310	520	39	148
1314	516	40	155
1318	521	38	151
1321	521	41	151
1324	524	40	150
1329	525	40	151
1332	526	39	151
1337	526	38	152
1341	522	39	157
1344	523	38	160
1348	526	38	157
1351	527	38	159
1356	529	39	158
1359	538	36	152
1364	535	34	156
1367	535	35	157
1369	535	39	163
1373	536	37	159
1375	540	39	159
1378	537	40	164
1379	536	41	167
1383	536	44	168
1384	542	46	165
1386	539	46	170
1391	542	45	171
1395	544	45	172
1397	545	46	172
1402	554	44	168
1407	554	45	170
1410	554	45	175
1414	557	43	174
1417	559	44	174
1421	564	43	170
1425	569	39	167
1427	566	40	171
1428	567	39	170
1429	567	38	172
1430	569	40	168
1428	568	42	171
1431	570	37	164
1430	567	38	162
1430	566	38	170
1430	563	37	169
1426	565	41	167
1425	563	43	169
1423	560	50	176
1420	559	51	174
1421	552	47	180
1419	556	53	178
1418	553	50	179
1416	550	52	182
1414	549	54	184
1414	550	54	180
1413	551	53	179
1412	544	54	185
1412	547	52	181
1414	548	49	178
1413	550	49	178
1409	550	51	176
1410	549	51	176
1409	549	52	177
1409	549	51	175
1409	551	52	173
1406	549	51	174
1405	547	51	181
1402	549	54	175
1401	549	55	176
1400	552	55	171
1399	549	55	176
1398	555	54	167
1398	551	53	171
1395	550	57	175
1397	551	56	172
1397	553	54	171
1396	547	57	177
1396	553	55	172
1400	545	52	179
1399	552	50	175
1397	552	51	170
1393	546	49	178
1393	549	44	175
1388	546	43	179
1377	543	43	178
1366	543	43	177
1350	543	41	177
1330	539	43	175
1311	535	44	177
1289	540	42	169
1266	542	43	162
1241	541	40	160
1217	535	41	162
1198	537	45	160
1178	533	48	161
1163	533	47	159
1154	537	48	156
1146	532	45	159
1139	532	47	156
1134	533	44	155
1134	530	43	156
1131	529	41	155
1132	526	41	159
1131	525	41	159
1131	526	45	160
1130	527	43	152
1130	529	44	150
1130	527	46	150
1131	526	44	150
1130	527	46	150
1131	526	48	148
1134	523	41	147
1133	525	47	144
1134	523	47	147
1134	525	43	136
1137	522	41	140
1137	520	44	141
1141	517	40	142
1142	521	40	137
1144	522	44	141
1147	519	40	144
1149	515	42	149
1153	513	42	151
1157	517	42	146
1166	515	45	147
1181	516	47	147
1200	525	46	138
1221	526	49	136
1249	525	48	142
1286	531	56	143
1315	529	54	140
1360	538	54	140
1403	540	59	147
1450	548	68	150
1511	550	64	152
1566	555	61	158
1627	557	58	155
1695	566	60	150
1746	571	64	136
1824	586	56	134
1863	588	60	137
1863	588	60	137
1863	588	60	137
1863	588	60	137
1863	588	60	137
1863	588	60	137
1863	588	60	137
1863	588	60	137
1863	588	60	137
1863	588	60	137
1863	588	60	137
1863	588	60	137
1863	588	60	137
1863	588	60	137
1863	588	60	137
1863	588	60	137
1863	588	60	137
1863	588	60	137
1863	588	60	137
1863	588	60	137
1761	561	54	119
1761	561	54	119
1761	561	54	119
1761	561	54	119
1761	561	54	119
1761	561	54	119
1875	600	45	125
1835	588	51	136
1795	585	49	134
1761	581	48	147
1724	581	57	159
1695	570	55	165
1673	560	51	169
1650	554	52	164
1637	555	56	169
1624	554	59	171
1613	550	58	174
1606	549	64	175
1600	553	63	162
1598	553	61	161
1595	551	71	169
1593	554	71	168
1595	552	73	168
1594	550	65	150
1593	553	61	131
1594	556	60	119
1595	561	59	111
1596	562	61	107
1600	564	59	107
1604	563	58	110
1608	560	54	112
1617	568	47	110
1620	559	48	111
1625	563	44	117
1626	561	46	115
1628	568	46	111
1629	562	48	116
1629	569	53	113
1632	564	54	118
1633	571	55	110
1634	565	59	113
1635	563	61	118
1637	571	61	119
1639	564	62	118
1640	572	62	109
1641	568	62	114
1647	573	56	110
1652	567	52	119
1659	566	49	123
1665	564	44	125
1672	559	42	127
1677	573	40	116
1682	563	40	119
1683	569	40	123
1684	561	44	121
1684	571	47	119
1684	569	51	124
1684	561	57	132
1685	563	55	134
1687	566	56	129
1688	567	59	128
1690	568	59	129
1692	568	60	128
1697	571	59	126
1700	570	59	129
1703	569	58	130
1706	574	58	126
1710	573	59	128
1714	574	61	128
1718	573	60	130
1722	574	61	127
1725	579	58	123
1730	579	61	124
1731	591	49	138
1735	583	52	134
1739	585	48	133
1739	583	53	137
1742	585	55	140
1746	589	54	139
1748	591	56	135
1749	592	57	136
1751	594	59	136
1755	592	59	139
1755	600	63	135
1759	599	62	137
1759	604	62	136
1763	605	60	137
1766	608	63	131
1771	618	58	126
1774	620	60	123
1821	535	57	116
1825	536	58	111
1821	542	66	127
1794	624	64	128
1825	555	71	132
1831	545	69	150
1838	543	65	157
1838	541	67	159
1821	630	75	137
1823	635	97	127
1835	559	88	144
1846	547	76	158
1857	552	64	146
1864	554	58	142
1871	556	52	148
1873	561	52	145
1865	612	51	142
1870	640	49	136
1876	643	45	153
1879	640	45	160
1885	642	36	163
1891	646	33	166
1892	660	31	157
1892	660	31	157
1892	660	31	157
1892	660	31	157
1892	660	31	157
1892	660	31	157
1892	660	31	157
1892	660	31	157
1732	777	42	152
1732	777	42	152
1752	861	50	155
1769	828	67	151
1792	867	77	153
1822	860	81	179
1843	855	75	207
1843	855	75	207
1843	855	75	207
1843	855	75	207
1843	855	75	207
1843	855	75	207
1843	855	75	207
1843	855	75	207
1843	855	75	207
1843	855	75	207
1843	855	75	207
1843	855	75	207
1843	855	75	207
1843	855	75	207
1843	855	75	207
1843	855	75	207
1843	855	75	207
1843	855	75	207
1843	855	75	207
1843	855	75	207
1843	855	75	207
1843	855	75	207
1843	855	75	207
1843	855	75	207
1843	855	75	207
1843	855	75	207
1843	855	75	207
1843	855	75	207
1843	855	75	207
1843	855	75	207
1843	855	75	207
1843	855	75	207
1843	855	75	207
1843	855	75	207
1843	855	75	207
1843	855	75	207
1868	680	53	202
1851	693	70	198
1834	691	88	200
1831	691	88	175
1823	688	98	191
1818	682	97	203
1820	680	91	196
1808	677	104	218
1805	675	98	234
1809	665	88	232
1805	668	83	222
1809	662	75	220
1807	668	78	207
1806	664	77	207
1805	664	78	207
1805	663	79	198
1803	665	83	189
1804	666	81	186
1801	664	85	178
1801	662	82	178
1804	661	80	176
1796	661	87	165
1790	657	88	166
1787	653	81	164
1769	650	89	158
1758	644	80	166
1734	641	84	147
1709	633	84	155
1684	626	82	167
1655	610	78	178
1626	590	76	195
1607	583	73	200
1584	589	62	191
1565	583	68	197
1550	577	68	200
1537	576	75	198
1529	573	72	200
1521	586	74	180
1517	583	72	179
1512	578	73	194
1507	574	74	194
1507	580	71	192
1504	583	72	181
1504	587	69	179
1500	588	72	177
1499	591	71	176
1501	596	68	165
1501	596	67	169
1502	598	65	168
1500	595	67	170
1504	598	64	166
1504	594	62	168
1507	597	61	166
1504	597	66	165
1504	598	70	167
1507	597	66	170
1513	596	61	168
1514	596	62	173
1517	595	63	172
1518	596	63	170
1521	601	65	168
1523	602	68	165
1526	604	69	164
1530	605	68	161
1533	607	66	157
1537	610	71	151
1540	611	78	150
1544	608	81	155
1545	611	92	157
1550	612	88	154
1552	615	93	148
1555	614	91	150
1564	614	88	145
1572	614	82	147
1576	612	84	150
1585	611	78	151
1593	613	71	153
1597	612	71	156
1606	609	65	158
1611	611	65	152
1616	611	62	156
1618	614	65	154
1621	616	66	144
1628	619	60	139
1629	624	62	135
1634	625	61	137
1637	627	63	136
1642	629	62	131
1646	630	64	130
1652	628	62	136
1656	628	63	133
1661	631	66	131
1668	629	68	131
1674	626	68	137
1677	625	75	140
1684	623	77	137
1700	633	64	128
1726	517	62	127
1718	632	62	131
1727	633	58	139
1736	637	58	135
1739	511	62	123
1743	514	61	118
1761	651	55	131
1761	653	65	116
1767	656	66	122
1771	659	67	115
1771	659	72	108
1770	661	81	112
1761	526	68	111
1771	519	59	118
1776	521	57	117
1784	519	56	122
1791	517	55	127
1797	520	59	128
1806	524	61	124
1814	522	59	125
1818	530	58	122
1824	528	58	123
1828	529	61	123
1833	531	61	121
1837	529	60	126
1840	530	64	124
1843	534	62	122
1846	527	62	131
1848	528	62	129
1850	531	62	125
1851	530	64	127
1853	533	61	124
1853	528	63	127
1851	527	68	131
1850	529	68	125
1853	527	64	127
1857	530	60	128
1854	523	65	135
1856	524	62	133
1857	524	57	134
1851	526	65	128
1845	531	71	124
1849	528	65	128
1844	528	73	125
1849	529	67	124
1847	526	70	127
1850	524	66	129
1851	525	64	129
1852	526	63	125
1853	522	64	129
1853	519	62	138
1854	523	59	130
1854	517	61	136
1854	522	60	131
1855	526	58	127
1855	525	55	125
1856	523	55	125
1855	523	58	126
1856	522	58	126
1857	521	55	127
1858	521	56	125
1859	523	55	127
1861	521	57	125
1862	519	55	131
1866	520	52	127
1868	521	50	125
1870	520	49	128
1873	523	45	124
1877	525	42	121
1879	522	41	126
1881	523	37	124
1884	526	36	120
1885	526	36	117
1890	529	31	115
1892	532	29	111
1897	535	25	102
1900	539	27	107
1900	539	27	107
1900	539	27	107
1900	539	27	107
1900	539	27	107
1900	539	27	107
1900	539	27	107
1900	539	27	107
1900	539	27	107
1900	539	27	107
1900	539	27	107
1900	539	27	107
1900	539	27	107
1900	539	27	107
1900	539	27	107
1900	539	27	107
1900	539	27	107
1900	539	27	107
1900	539	27	107
1900	539	27	107
1900	539	27	107
1900	539	27	107
1900	539	27	107
1900	539	27	107
1900	539	27	107
1900	539	27	107
1900	539	27	107
1900	539	27	107
1900	539	27	107
1900	539	27	107
1900	539	27	107
1900	539	27	107
1900	539	27	107
1900	539	27	107
1900	539	27	107
1900	539	27	107
1836	445	29	101
1759	401	34	84
1762	406	31	74
1761	405	31	75
1762	407	31	73
1763	407	30	74
1762	407	31	75
1761	408	33	72
1762	407	31	75
1761	408	33	73
1762	408	32	74
1763	409	31	74
1762	409	32	74
1762	409	32	77
1761	410	34	76
1763	409	32	78
1764	410	31	75
1764	412	31	75
1765	412	31	75
1765	412	31	74
1765	412	31	75
1766	412	31	79
1765	413	32	76
1765	413	33	76
1765	414	34	75
1766	415	34	76
1765	415	34	75
1764	417	34	70
1765	418	32	62
1765	420	33	66
1764	420	34	62
1766	423	32	66
1763	420	36	69
1761	420	36	75
1761	420	35	75
1763	420	33	77
1765	420	30	74
1764	420	31	76
1764	422	28	73
1766	421	28	75
1767	421	28	77
1769	421	28	77
1769	421	29	78
1769	422	31	76
1773	423	27	76
1775	422	27	76
1776	423	29	78
1779	422	28	82
1783	423	25	80
1786	425	27	78
1789	424	27	81
1792	424	27	80
1792	423	31	82
1796	425	30	79
1800	425	29	80
1804	424	29	82
1805	426	31	85
1810	424	29	84
1812	426	30	81
1816	427	29	82
1817	427	30	81
1821	428	30	79
1820	429	34	82
1828	429	30	82
1827	430	35	83
1836	430	29	82
1840	429	29	85
1833	427	40	87
1839	428	41	87
1839	427	46	90
1846	430	44	88
1850	428	48	93
1854	429	50	94
1859	434	51	87
1868	436	48	84
1873	435	44	85
1878	434	40	85
1879	436	40	82
1884	434	36	88
1884	434	36	88
1884	434	36	88
1884	434	36	88
1884	434	36	88
1884	434	36	88
1884	434	36	88
1884	434	36	88
1884	434	36	88
1884	434	36	88
1884	434	36	88
1884	434	36	88
1884	434	36	88
1884	434	36	88
1884	434	36	88
1846	544	34	94
1846	544	34	94
1769	453	28	88
1769	453	28	88
1769	453	28	88
1789	464	27	98
1789	464	27	98
1789	464	27	98
1789	464	27	98
1789	464	27	98
1789	464	27	98
1789	464	27	98
1789	464	27	98
1789	464	27	98
1789	464	27	98
1789	464	27	98
1789	464	27	98
1789	464	27	98
1789	464	27	98
1789	464	27	98
1789	464	27	98
1892	573	23	100
1892	573	23	100
1891	636	27	109
1891	636	27	109
1891	636	27	109
1891	636	27	109
1891	636	27	109
1891	636	27	109
1898	740	24	118
1898	740	24	118
1898	740	24	118
1898	740	24	118
1898	740	24	118
1898	740	24	118
1898	740	24	118
1898	740	24	118
1898	740	24	118
1898	740	24	118
1898	740	24	118
1898	740	24	118
1898	740	24	118
1898	740	24	118
1898	740	24	118
1898	740	24	118
1898	740	24	118
1898	740	24	118
1898	740	24	118
1898	740	24	118
1898	740	24	118
1898	740	24	118
1898	740	24	118
1898	740	24	118
1898	740	24	118
1898	740	24	118
1898	740	24	118
1898	740	24	118
1898	740	24	118
1898	740	24	118
1898	740	24	118
1898	740	24	118
1898	740	24	118
1898	740	24	118
1898	740	24	118
1898	740	24	118
1898	740	24	118
1898	740	24	118
1898	740	24	118
1898	740	24	118
1898	740	24	118
1898	740	24	118
1898	740	24	118
1898	740	24	118
1898	740	24	118
1898	740	24	118
1898	740	24	118
1898	740	24	118
1898	740	24	118
1898	740	24	118
1898	740	24	118
1898	740	24	118
1898	740	24	118
1898	740	24	118
1898	740	24	118
1898	740	24	118
1898	740	24	118
1898	740	24	118
1898	740	24	118
1898	740	24	118
1898	740	24	118
1898	740	24	118
1898	740	24	118
1898	740	24	118
1898	740	24	118
1898	740	24	118
1898	740	24	118
1898	740	24	118
1898	740	24	118
1898	740	24	118
1898	740	24	118
1898	740	24	118
1898	740	24	118
1898	740	24	118
1898	740	24	118
1898	740	24	118
1898	740	24	118
1815	730	31	112
1815	730	31	112
1815	730	31	112
1815	730	31	112
1815	730	31	112
1815	730	31	112
1815	730	31	112
1815	730	31	112
1815	730	31	112
1815	730	31	112
1815	730	31	112
1844	589	42	108
1844	589	42	108
1844	589	42	108
1844	589	42	108
1844	589	42	108
1844	589	42	108
1844	589	42	108
1844	589	42	108
1844	589	42	108
1844	589	42	108
1844	589	42	108
1844	589	42	108
1844	589	42	108
1844	589	42	108
1844	589	42	108
1844	589	42	108
1844	589	42	108
1809	701	35	120
1809	701	35	120
1809	701	35	120
1809	701	35	120
1809	701	35	120
1809	701	35	120
1809	701	35	120
1809	701	35	120
1711	560	44	105
1711	560	44	105
1711	560	44	105
1711	560	44	105
1711	560	44	105
1711	560	44	105
1711	560	44	105
1711	560	44	105
1711	560	44	105
1711	560	44	105
1711	560	44	105
1711	560	44	105
1711	560	44	105
1711	560	44	105
1711	560	44	105
1711	560	44	105
1711	560	44	105
1711	560	44	105
1711	560	44	105
1711	560	44	105
1711	560	44	105
1711	560	44	105
1711	560	44	105
1711	560	44	105
1711	560	44	105
1711	560	44	105
1711	560	44	105
1711	560	44	105
1711	560	44	105
1711	560	44	105
1711	560	44	105
1711	560	44	105
1711	560	44	105
1711	560	44	105
1711	560	44	105
1711	560	44	105
1711	560	44	105
1711	560	44	105
1711	560	44	105
1711	560	44	105
1711	560	44	105
1711	560	44	105
1711	560	44	105
1711	560	44	105
1711	560	44	105
1711	560	44	105
1711	560	44	105
1711	560	44	105
1711	560	44	105
1711	560	44	105
1711	560	44	105
1711	560	44	105
1711	560	44	105
1711	560	44	105
1711	560	44	105
1711	560	44	105
1711	560	44	105
1711	560	44	105
1711	560	44	105
1711	560	44	105
1711	560	44	105
1711	560	44	105
1711	560	44	105
1711	560	44	105
1711	560	44	105
1711	560	44	105
1711	560	44	105
1711	560	44	105
1711	560	44	105
1711	560	44	105
1711	560	44	105
1711	560	44	105
1711	560	44	105
1711	560	44	105
1711	560	44	105
1711	560	44	105
1711	560	44	105
1711	560	44	105
1711	560	44	105
1711	560	44	105
1711	560	44	105
1711	560	44	105
1711	560	44	105
1711	560	44	105
1711	560	44	105
1711	560	44	105
1711	560	44	105
1711	560	44	105
1711	560	44	105
1711	560	44	105
1711	560	44	105
1711	560	44	105
1711	560	44	105
1711	560	44	105
1711	560	44	105
1711	560	44	105
1711	560	44	105
1711	560	44	105
1711	560	44	105
1711	560	44	105
1711	560	44	105
1711	560	44	105
1711	560	44	105
1711	560	44	105
1711	560	44	105
1711	560	44	105
1711	560	44	105
1711	560	44	105
1711	560	44	105
1711	560	44	105
1711	560	44	105
1711	560	44	105
1711	560	44	105
1711	560	44	105
1711	560	44	105
1711	560	44	105
1711	560	44	105
1711	560	44	105
1711	560	44	105
1711	560	44	105
1711	560	44	105
1711	560	44	105
1711	560	44	105
1711	560	44	105
1711	560	44	105
1711	560	44	105
1711	560	44	105
1711	560	44	105
1711	560	44	105
1711	560	44	105
1711	560	44	105
1711	560	44	105
1711	560	44	105
1711	560	44	105
1711	560	44	105
1711	560	44	105
1711	560	44	105
1808	445	45	116
1808	445	45	116
1808	445	45	116
1808	445	45	116
1808	445	45	116
1808	445	45	116
1808	445	45	116
1808	445	45	116
1808	445	45	116
1808	445	45	116
1808	445	45	116
1808	445	45	116
1808	445	45	116
1808	445	45	116
1808	445	45	116
1808	445	45	116
1877	484	38	114
1851	490	30	107
1886	504	33	104
1854	493	42	105
1874	509	48	111
1865	503	54	104
1872	505	49	101
1870	502	46	101
1876	503	42	109
1876	503	42	109
1876	503	42	109
1876	503	42	109
1876	503	42	109
1802	366	30	105
1802	366	30	105
1808	373	30	107
1808	373	30	107
1808	373	30	107
1808	373	30	107
1808	373	30	107
1808	373	30	107
1808	373	30	107
1808	373	30	107
1808	373	30	107
1808	373	30	107
1820	364	33	106
1820	364	33	106
1820	364	33	106
1820	364	33	106
1820	364	33	106
1820	364	33	106
1820	364	33	106
1820	364	33	106
1820	364	33	106
1820	364	33	106
1820	364	33	106
1820	364	33	106
1820	364	33	106
1835	434	46	102
1835	434	46	102
1837	428	53	104
1837	428	53	104
1837	428	53	104
1837	428	53	104
1837	428	53	104
1837	428	53	104
1837	428	53	104
1837	428	53	104
1837	428	53	104
1837	428	53	104
1837	428	53	104
1837	428	53	104
1837	428	53	104
1837	428	53	104
1837	428	53	104
1837	428	53	104
1837	428	53	104
1837	428	53	104
1837	428	53	104
1837	428	53	104
1837	428	53	104
1837	428	53	104
1837	428	53	104
1837	428	53	104
1837	428	53	104
1878	297	36	114
1869	203	46	119
1869	203	46	119
1869	203	46	119
1869	203	46	119
1869	203	46	119
1869	203	46	119
1869	203	46	119
1869	203	46	119
1869	203	46	119
1869	203	46	119
1869	203	46	119
1869	203	46	119
1869	203	46	119
1869	203	46	119
1869	203	46	119
1869	203	46	119
1869	203	46	119
1869	203	46	119
1869	203	46	119
1869	203	46	119
1869	203	46	119
1869	203	46	119
1869	203	46	119
1869	203	46	119
1869	203	46	119
1869	203	46	119
1869	203	46	119
1869	203	46	119
1869	203	46	119
1869	203	46	119
1869	203	46	119
1869	203	46	119
1873	92	35	105
1873	92	35	105
1873	92	35	105
1873	92	35	105
1873	92	35	105
1868	92	50	110
1867	94	45	108
1867	99	46	103
1867	99	46	103
1867	99	46	103
1867	99	46	103
1867	99	46	103
1867	99	46	103
1867	99	46	103
1867	99	46	103
1867	99	46	103
1867	99	46	103
1867	99	46	103
1867	99	46	103
1867	99	46	103
1867	99	46	103
1867	99	46	103
1867	99	46	103
1867	99	46	103
1865	99	46	102
1865	99	46	102
1865	99	46	102
1864	101	45	104
1865	101	43	106
1863	108	42	98
1863	109	42	95
1863	109	42	95
1860	108	45	97
1860	108	45	97
1860	108	45	97
1861	107	43	100
1861	107	43	100
1861	107	43	100
1859	105	40	103
1858	112	42	96
1859	107	42	101
1857	112	43	95
1859	110	41	98
1857	109	44	99
1858	106	47	102
1855	109	48	101
1855	108	48	101
1856	108	44	103
1852	106	52	101
1856	104	47	105
1854	108	45	103
1854	109	43	100
1853	108	51	101
1853	102	54	110
1859	104	40	105
1860	101	41	103
1857	107	44	105
1859	104	40	105
1856	105	44	104
1857	100	47	107
1853	104	51	105
1851	108	52	104
1854	109	43	101
1852	109	47	103
1854	104	45	107
1852	109	48	101
1853	106	45	105
1854	106	46	105
1855	102	45	108
1854	106	45	105
1852	109	50	103
1853	112	47	99
1853	111	43	101
1857	111	42	100
1854	110	47	101
1852	108	49	104
1850	110	51	102
1857	103	45	105
1856	107	47	103
1855	108	48	104
1854	114	45	97
1853	115	48	95
1853	113	49	98
1858	112	40	96
1858	116	36	95
1858	117	39	91
1856	117	40	92
1858	118	36	91
1858	116	35	93
1860	113	38	93
1861	115	36	96
1862	103	38	106
1861	104	39	100
1864	103	37	90
1867	109	31	77
1865	121	35	82
1866	116	35	83
1865	118	41	98
1864	122	41	96
1865	123	40	97
1867	123	38	96
1867	123	38	93
1866	124	42	90
1869	119	45	99
1868	118	49	95
1869	114	45	105
1870	116	37	102
1867	111	51	103
1866	112	48	104
1869	111	44	102
1870	108	49	111
1867	106	51	116
1867	106	51	116
1867	106	51	116
1865	105	53	135
1865	105	53	135
1871	99	46	140
1873	97	45	135
1872	100	48	134
1870	98	48	130
1872	96	47	130
1870	99	48	135
1870	99	48	129
1869	99	49	125
1873	94	47	134
1872	101	44	127
1865	100	54	131
1868	103	50	124
1874	100	44	129
1870	101	48	127
1869	102	49	132
1868	102	49	127
1869	106	48	138
1871	103	46	141
1867	107	49	141
1865	108	53	140
1864	105	53	147
1866	109	51	145
1862	108	55	150
1867	112	51	147
1856	109	61	159
1862	108	57	159
1862	107	54	162
1863	105	55	172
1867	105	50	178
1867	97	49	185
1868	103	49	184
1865	99	52	185
1866	104	49	183
1864	85	54	204
1864	98	51	191
1868	80	49	191
1869	103	47	187
1860	95	59	198
1858	109	58	194
1855	102	63	195
1860	109	56	193
1859	103	58	199
1861	88	56	215
1865	95	50	217
1854	110	63	209
1860	99	56	223
1853	94	64	225
1860	106	59	220
1860	96	62	233
1868	110	55	236
1872	89	50	245
1872	78	49	250
1868	103	53	245
1881	66	51	241
1788	132	54	225
1788	132	54	225
1785	127	65	220
1785	127	65	220
1785	127	65	220
1820	144	54	224
1863	88	61	236
1820	132	72	231
1812	142	105	233
1807	139	107	230
1800	141	111	234
1791	145	125	220
1795	135	123	241
1784	148	135	227
1789	140	124	230
1777	150	146	250
1779	136	137	248
1755	152	159	220
1747	156	173	213
1755	150	167	232
1748	149	175	229
1764	140	157	255
1776	144	141	256
1779	133	146	299
1768	135	152	288
1789	143	136	314
1781	134	140	321
1774	137	147	317
1756	135	168	324
1750	130	172	335
1760	137	161	298
1769	137	154	310
1761	146	159	271
1765	134	160	311
1763	126	161	317
1766	123	157	336
1759	125	160	334
1772	127	151	323
1768	138	147	291
1762	134	149	254
1774	140	148	257
1781	147	137	251
1775	140	147	268
1779	132	141	297
1782	127	138	317
1774	131	147	297
1768	130	152	321
1771	141	151	307
1769	139	144	294
1776	137	143	284
1779	133	143	312
1777	132	139	302
1769	136	156	305
1770	133	145	309
1766	136	154	299
1761	133	162	314
1768	129	155	313
1771	135	147	283
1774	138	148	289
1768	131	156	303
1761	129	164	297
1739	130	185	266
1740	128	175	287
1720	125	191	292
1686	128	230	333
1630	118	210	319
1617	123	175	308
1579	128	155	282
1525	132	174	271
1479	137	166	264
1439	135	159	279
1392	138	160	263
1351	141	143	255
1306	131	144	262
1262	137	141	273
1216	141	140	257
1166	141	135	255
1119	149	140	244
1070	146	149	252
1025	143	139	238
969	146	135	240
932	139	129	240
885	142	138	254
836	136	142	259
803	149	148	246
780	144	135	249
748	146	150	246
730	147	145	244
722	138	145	266
709	145	151	262
721	151	121	254
730	144	102	270
706	149	115	247
687	149	149	243
680	151	146	228
679	148	146	236
690	138	137	261
690	139	136	250
691	147	137	251
699	141	136	253
679	145	146	234
685	145	147	256
688	149	137	245
693	144	134	250
698	144	133	254
695	146	135	242
707	146	128	263
687	143	152	265
685	141	149	264
679	150	152	237
691	140	143	271
685	141	151	246
699	148	150	245
730	148	141	263
733	144	150	249
774	149	146	256
813	148	140	267
853	147	138	265
886	149	138	256
938	146	121	259
991	144	99	274
1017	143	103	279
1033	147	120	287
1034	149	133	254
1047	146	149	264
1072	138	130	258
1077	134	130	269
1081	138	136	263
1102	143	121	258
1112	144	110	272
1117	144	107	277
1110	137	120	299
1109	143	123	282
1109	143	120	280
1119	150	108	261
1149	141	77	271
1114	148	104	264
1114	138	134	287
1125	139	131	282
1135	143	113	264
1143	144	108	280
1170	146	75	255
1124	155	82	262
1175	138	78	275
1159	142	95	262
1174	148	75	251
1143	145	104	229
1161	146	92	234
1175	142	74	257
1147	144	107	259
1150	148	107	247
1149	145	112	269
1173	148	83	269
1177	136	75	271
1184	143	64	251
1186	136	64	255
1159	138	92	258
1181	139	67	257
1151	141	103	251
1179	145	72	242
1181	143	67	244
1169	143	81	245
1169	142	81	241
1140	138	112	262
1149	141	104	256
1159	139	92	265
1179	138	68	246
1185	136	61	244
1182	133	63	255
1181	131	63	261
1184	139	61	241
1186	133	62	247
1185	133	60	245
1181	132	66	247
1182	135	61	234
1184	136	61	229
1185	126	60	244
1184	136	61	231
1187	128	60	248
1187	132	58	247
1188	131	53	236
1190	131	56	244
1177	129	67	240
1183	135	64	247
1179	136	70	236
1181	140	69	226
1184	138	63	219
1184	131	57	211
1187	135	53	200
1192	132	45	187
1195	134	43	176
1199	143	38	179
1201	139	37	176
1202	136	39	179
1203	134	42	183
1200	142	47	175
1201	143	42	173
1202	137	41	180
1200	141	46	177
1199	142	47	182
1195	138	51	192
1198	138	48	189
1198	141	44	176
1190	147	55	186
1194	142	47	194
1193	162	50	192
1193	141	55	198
1194	138	48	207
1196	137	46	206
