1763	354	137	335
1746	334	149	335
1733	341	141	332
1727	345	126	318
1709	338	137	331
1701	338	125	331
1693	339	129	325
1677	325	135	342
1654	336	164	327
1639	359	170	304
1630	358	174	296
1629	352	177	298
1637	361	166	295
1667	337	132	329
1668	341	129	311
1677	325	122	338
1667	338	137	320
1653	334	160	325
1665	326	151	323
1656	327	169	326
1677	332	151	320
1653	359	178	305
1655	323	181	339
1654	337	185	314
1647	326	199	334
1663	349	174	312
1669	332	162	331
1669	320	155	344
1667	332	158	329
1665	324	165	336
1657	316	161	335
1646	310	179	347
1640	313	184	344
1648	342	147	311
1639	344	160	310
1636	331	162	324
1626	352	163	295
1637	343	161	304
1623	353	168	301
1633	344	147	302
1630	340	148	303
1645	318	140	326
1633	326	150	320
1640	332	140	306
1637	324	139	312
1631	320	147	320
1631	313	148	327
1641	323	128	315
1631	311	136	330
1627	296	140	339
1608	314	151	329
1610	307	136	331
1609	303	129	327
1604	309	108	319
1593	309	111	315
1582	320	110	301
1574	325	103	282
1563	325	102	278
1556	324	98	252
1548	330	84	255
1536	329	91	253
1526	334	85	238
1506	328	95	258
1500	319	89	281
1487	326	85	276
1468	337	96	250
1457	335	94	252
1437	334	106	262
1427	330	104	255
1412	335	103	250
1405	335	100	242
1397	334	95	237
1387	342	91	233
1377	331	87	240
1365	326	83	249
1356	326	79	243
1346	323	84	239
1330	321	87	233
1317	322	91	240
1312	327	87	233
1299	317	88	234
1286	319	91	241
1279	320	88	231
1272	324	81	229
1259	326	87	224
1250	315	83	241
1241	320	87	236
1235	301	90	257
1220	303	84	261
1206	316	100	236
1206	311	78	238
1194	322	87	228
1183	323	87	225
1170	323	93	218
1162	325	91	221
1153	326	97	217
1149	313	82	230
1145	314	73	231
1137	316	68	231
1127	310	74	234
1118	303	82	240
1103	300	85	242
1099	313	75	231
1085	311	89	229
1073	315	74	222
1070	315	82	226
1064	315	77	227
1053	323	82	220
1047	321	82	213
1042	313	78	222
1038	315	68	224
1035	315	69	220
1033	318	68	211
1026	322	75	211
1022	325	78	200
1020	321	77	212
1022	312	77	218
1011	319	90	216
1013	312	87	222
1012	307	99	228
1008	298	94	234
1010	308	94	227
1012	313	82	222
1007	318	86	219
1013	320	75	222
1015	314	75	227
1020	311	68	232
1020	317	69	227
1023	317	68	225
1015	319	75	227
1021	319	69	228
1015	324	77	213
1017	329	75	213
1018	321	78	222
1019	317	83	228
1018	318	86	223
1008	314	100	228
1017	321	91	225
1016	328	90	220
1022	326	79	225
1022	317	78	231
1021	318	76	233
1019	325	78	226
1026	326	73	227
1019	327	83	229
1020	327	88	222
1020	329	89	221
1022	321	86	231
1025	317	80	225
1021	322	80	229
1016	326	92	216
1017	315	89	233
1016	315	94	229
1018	315	85	231
1018	319	90	238
1009	318	100	233
1015	320	91	248
1023	326	84	248
1027	318	75	256
1011	331	104	247
1011	334	94	237
1014	330	91	250
1011	342	95	231
1026	337	79	241
1014	327	96	248
1024	329	80	246
1016	338	86	237
1023	336	87	237
1022	328	88	245
1006	325	109	244
1018	328	91	240
1017	325	91	242
1012	322	101	240
1007	316	108	242
1003	311	107	244
1009	324	101	237
1004	312	105	237
1002	305	103	242
1003	309	103	239
1005	308	100	237
996	306	113	229
996	314	109	221
995	310	108	214
1000	308	103	212
996	304	97	220
998	302	96	224
993	302	101	221
1001	299	84	230
1005	291	80	236
1001	301	77	227
1004	304	70	225
1004	301	73	230
1005	304	73	226
1009	306	70	226
1010	305	70	226
1003	313	70	215
999	309	80	216
999	311	77	212
1001	307	74	219
1000	309	77	209
1006	303	74	211
994	311	86	206
999	303	85	207
1003	296	80	216
1006	304	76	213
998	306	82	214
995	307	87	211
996	311	85	205
994	301	91	214
998	306	82	211
996	310	83	211
1003	308	72	217
994	309	82	208
995	309	83	202
994	310	84	206
994	312	88	202
986	309	102	210
980	308	102	203
983	303	101	214
989	306	100	201
990	299	94	205
984	298	102	210
997	306	82	204
994	307	87	201
999	306	76	205
994	303	75	219
993	308	76	212
990	309	78	212
993	311	75	207
991	308	76	209
991	315	76	205
998	306	70	208
1001	309	66	200
1001	313	67	203
989	314	80	192
994	314	77	203
995	309	80	204
992	310	82	202
997	308	79	198
992	310	85	207
993	306	80	218
997	300	73	225
992	309	79	216
991	314	86	207
994	310	85	214
987	315	88	205
985	314	94	208
987	317	87	202
984	314	88	205
986	316	86	202
987	317	86	204
981	320	90	196
988	313	82	204
990	312	81	207
994	314	77	214
995	297	73	219
994	308	70	214
995	315	67	216
982	315	78	215
988	324	74	201
983	319	83	205
989	320	77	215
982	312	83	224
985	320	78	222
990	314	74	218
994	321	67	213
997	316	67	213
990	322	74	210
984	322	78	212
984	331	78	201
981	323	82	207
987	318	79	208
991	326	78	207
987	320	85	212
983	323	81	204
983	327	82	212
985	326	78	226
985	320	79	224
976	322	87	226
980	324	80	230
979	329	86	214
976	326	82	211
978	332	83	198
979	321	81	210
986	323	79	216
980	321	81	206
982	329	83	203
974	321	88	194
970	328	89	197
980	320	73	206
970	310	84	214
981	312	66	210
986	315	63	208
982	311	63	209
986	316	59	208
972	313	78	208
979	309	67	213
973	308	63	214
973	306	67	206
966	309	74	196
971	307	72	202
964	308	77	199
961	296	79	211
966	299	72	206
960	291	74	216
956	288	81	214
958	284	72	216
961	280	67	225
956	299	73	205
954	301	75	200
953	302	67	207
948	310	69	200
935	302	84	214
937	312	75	198
931	317	81	181
931	321	69	188
938	326	65	176
932	323	59	175
934	323	57	183
925	329	69	177
917	326	68	168
916	328	65	168
915	325	65	175
918	327	60	184
913	321	59	181
912	318	63	189
910	321	61	189
907	326	60	184
898	325	69	186
902	328	64	185
906	331	61	178
898	329	63	181
902	327	60	174
906	328	57	181
894	324	70	181
896	317	65	172
899	323	61	161
902	323	58	169
898	317	61	165
899	321	63	162
891	317	69	171
888	320	74	146
896	321	63	143
890	336	65	154
896	324	61	165
893	324	66	155
895	324	62	161
897	324	59	147
891	323	66	158
896	322	62	167
895	322	63	165
893	322	66	160
891	321	66	155
898	318	58	165
896	316	64	164
892	317	66	166
896	308	63	178
898	312	62	170
899	309	60	170
899	310	60	169
897	312	64	174
902	312	60	172
904	313	54	163
903	323	64	164
907	321	62	163
913	319	58	174
916	318	59	180
921	319	56	175
909	316	70	176
926	315	57	182
927	313	60	185
932	313	58	169
934	316	59	159
934	311	57	147
939	319	58	143
942	320	62	136
942	335	64	151
946	317	62	151
944	321	70	144
955	322	64	158
957	333	72	166
960	330	69	152
968	335	60	158
969	333	65	159
964	347	75	162
975	337	66	174
979	337	62	159
975	338	70	176
982	338	63	170
990	349	59	167
986	336	63	181
980	333	70	180
985	338	63	170
991	337	58	189
992	340	59	182
990	329	62	182
995	332	55	185
985	330	68	185
997	330	60	189
999	325	55	190
997	327	58	184
995	329	60	178
993	328	62	186
999	316	53	201
997	323	57	180
996	318	59	177
992	317	65	185
996	316	62	179
998	312	55	178
995	319	61	185
998	316	58	192
998	318	55	187
989	315	67	183
999	315	56	188
1002	319	52	180
993	320	62	172
985	329	69	166
991	320	64	163
984	323	74	148
988	319	67	166
991	322	66	166
994	323	65	156
1001	319	57	170
1002	315	57	178
1006	315	55	174
1005	312	58	172
1008	313	59	174
1007	317	62	171
1009	321	60	158
1012	319	62	164
1014	317	60	169
1021	321	60	171
1018	309	69	181
1026	321	57	173
1025	315	66	166
1040	318	53	161
1037	317	63	169
1045	311	56	152
1048	310	56	151
1046	313	60	159
1053	315	61	147
1055	319	62	149
1060	310	60	152
1069	312	55	165
1073	305	55	159
1075	307	56	159
1083	303	52	168
1088	311	51	154
1084	312	56	149
1093	309	50	171
1098	300	49	180
1096	294	56	186
1104	290	52	191
1112	289	46	184
1115	292	52	186
1118	287	56	169
1122	288	45	181
1116	281	60	188
1126	286	56	192
1129	289	57	184
1130	277	68	193
1133	286	61	189
1137	283	64	193
1143	282	64	190
1144	279	68	189
1148	288	60	187
1152	282	59	180
1142	290	74	178
1156	286	67	177
1162	278	63	177
1159	270	76	192
1164	268	62	195
1165	268	65	196
1164	270	73	195
1167	253	77	212
1167	263	77	206
1166	242	83	220
1172	242	77	226
1175	233	70	233
1179	234	75	235
1172	228	76	238
1175	253	77	219
1170	233	79	233
1174	243	85	228
1178	242	82	229
1171	245	87	223
1181	252	85	219
1171	253	93	211
1185	272	78	199
1180	267	76	201
1185	256	76	218
1193	244	63	242
1190	233	69	247
1185	236	73	241
1182	246	87	228
1183	235	88	239
1179	237	88	240
1184	255	94	229
1173	247	97	230
1180	246	92	231
1178	236	94	232
1179	247	95	221
1184	250	96	219
1179	237	99	226
1188	244	91	226
1188	259	87	202
1182	246	84	218
1195	262	77	215
1191	255	80	227
1174	236	97	241
1184	245	90	228
1178	241	96	237
1175	238	97	243
1184	241	87	238
1177	227	86	249
1185	234	76	253
1182	238	84	240
1175	239	84	242
1178	232	83	242
1179	224	71	258
1183	237	75	240
1183	233	73	240
1169	233	91	239
1173	231	92	251
1167	242	93	241
1169	244	91	237
1172	261	96	223
1160	264	106	222
1167	261	100	226
1165	252	98	234
1168	241	81	265
1169	251	87	258
1179	235	68	275
1170	233	86	275
1169	230	84	285
1174	251	71	266
1171	244	91	266
1164	236	96	281
1179	210	73	312
1174	217	80	309
1174	226	93	288
1173	249	93	269
1162	249	111	268
1156	225	111	295
1163	224	105	299
1168	201	93	331
1168	210	89	323
1166	236	86	291
1165	240	97	291
1167	237	79	294
1159	240	91	299
1158	220	103	312
1156	221	110	311
1147	211	127	322
1159	215	114	315
1154	268	122	275
1156	282	126	270
1149	246	122	298
1156	232	116	311
1167	239	130	308
1133	250	137	300
1148	260	132	292
1145	230	96	324
1145	236	93	323
1147	241	98	319
1138	231	120	321
1149	229	92	324
1150	234	95	323
1147	222	96	333
1151	215	92	333
1147	229	106	321
1141	228	116	318
1153	220	93	337
1147	220	91	330
1141	213	113	335
1142	215	122	339
1144	206	128	354
1139	218	129	331
1137	240	128	306
1131	230	121	318
1132	223	141	323
1126	234	145	309
1128	238	122	315
1136	219	126	331
1132	216	136	330
1136	206	138	331
1128	213	148	334
1124	226	132	326
1128	225	131	319
1128	229	129	330
1128	236	135	316
1132	241	131	315
1129	211	137	345
1133	216	151	317
1136	217	129	329
1113	229	156	315
1125	220	142	316
1124	244	139	305
1124	237	133	295
1117	240	139	307
1117	243	138	301
1122	235	132	305
1132	235	125	290
1118	237	133	293
1129	224	132	307
1134	222	123	308
1128	232	132	303
1137	228	138	312
1121	224	147	324
1135	222	141	331
1140	219	125	330
1139	227	133	301
1128	245	138	268
1128	238	136	290
1127	238	140	292
1135	239	133	282
1133	224	134	296
1127	239	140	283
1130	230	133	281
1128	260	136	262
1133	250	130	274
1125	258	139	270
1131	245	132	278
1127	232	134	291
1131	237	135	291
1125	236	140	289
1126	233	138	292
1127	231	139	300
1130	234	136	299
1129	229	141	302
1132	234	135	300
1134	233	140	307
1136	226	137	295
1132	230	141	300
1151	215	126	326
1133	234	132	295
1146	230	125	306
1136	233	129	295
1131	233	139	292
1134	250	141	279
1136	239	135	274
1119	234	153	287
1130	221	150	308
1122	233	152	299
1131	213	148	310
1130	210	154	316
1139	223	135	314
1138	224	141	314
1135	219	131	316
1141	218	136	320
1129	219	148	319
1133	232	143	294
1138	262	132	280
1151	285	125	265
1136	232	138	276
1138	238	138	300
1136	235	137	306
1136	227	140	316
1140	222	137	315
1141	218	131	323
1139	223	137	323
1123	231	158	303
1134	232	137	309
1135	231	138	318
1141	227	133	330
1135	221	148	338
1128	226	149	313
1136	219	140	338
1135	228	131	307
1131	231	138	313
1126	236	145	308
1125	230	147	300
1123	238	143	295
1125	241	141	289
1124	234	145	295
1114	237	151	306
1120	227	149	329
1120	226	152	316
1127	222	148	318
1124	227	150	318
1115	238	154	307
1124	235	144	313
1119	235	150	318
1117	231	154	318
1121	245	160	297
1114	244	155	303
1114	237	152	316
1115	230	150	311
1111	238	150	311
1111	243	146	310
1109	242	153	304
1108	238	150	313
1112	226	152	331
1106	234	152	332
1107	232	155	335
1104	232	161	340
1105	224	184	359
1088	238	174	326
1080	264	183	302
1094	273	164	307
1094	247	172	325
1080	248	182	328
1087	260	217	339
1084	235	226	348
1069	258	271	316
1078	254	300	339
1034	248	238	320
1063	246	207	343
1061	247	227	352
1063	243	227	358
1049	248	212	343
1053	252	206	342
1046	265	210	336
1046	276	203	320
1038	307	217	293
1033	257	221	329
1032	279	247	322
1022	283	235	304
1028	243	241	335
1028	242	262	352
1044	224	221	363
1014	228	254	348
1015	243	256	337
1013	232	270	340
1006	229	263	340
1000	233	311	335
993	231	331	337
989	236	336	336
983	247	355	322
993	244	338	332
988	279	279	304
973	272	279	300
969	282	319	281
950	263	351	312
965	247	297	306
967	264	305	301
928	312	328	260
1074	235	315	248
947	297	340	269
933	255	364	313
949	247	391	323
941	270	367	283
935	261	402	316
928	251	441	293
923	252	433	313
930	243	482	292
920	255	472	343
916	243	497	326
919	232	504	326
914	241	491	313
901	261	484	373
889	282	507	319
892	242	537	367
887	249	538	349
897	243	515	352
887	243	536	350
881	242	503	351
875	241	536	365
900	253	512	365
884	254	533	348
861	276	593	267
856	256	598	313
865	256	585	364
870	249	592	365
868	252	575	345
845	272	613	302
865	270	599	305
881	231	600	375
857	265	625	306
858	277	591	332
838	279	648	252
853	270	671	279
854	348	684	296
860	277	662	328
857	223	720	351
863	236	769	325
779	294	814	300
806	269	853	257
829	331	771	251
845	275	798	276
837	288	790	236
848	276	759	275
836	267	789	278
842	274	803	246
860	262	756	265
872	243	761	299
848	264	825	289
843	256	804	309
845	245	793	305
875	257	776	278
856	266	793	272
852	279	808	266
856	256	808	299
841	264	781	287
874	263	767	245
879	257	759	274
861	262	788	243
878	244	782	262
813	309	864	373
853	229	833	459
867	232	825	312
819	281	853	236
812	260	825	284
804	252	844	278
808	265	841	228
794	302	832	208
787	280	902	250
796	274	899	255
798	247	874	269
782	270	893	263
784	274	877	244
817	259	847	254
754	275	864	259
878	247	789	313
883	253	805	272
905	271	736	223
914	274	719	204
937	265	678	203
927	255	681	218
957	290	661	285
968	235	659	337
954	235	663	304
961	269	640	216
953	264	662	196
992	259	630	207
941	237	647	244
931	273	691	194
947	274	665	182
973	257	633	201
973	248	627	225
962	244	642	229
940	248	688	218
941	243	686	228
957	268	668	293
986	226	644	299
967	244	646	233
965	247	674	219
958	260	667	218
958	243	648	233
924	243	690	224
942	319	702	264
920	216	763	264
905	236	747	219
933	251	726	225
940	243	694	219
933	241	699	230
966	225	670	253
987	225	673	250
950	244	664	262
968	238	667	231
939	258	711	214
933	252	738	222
931	237	722	239
928	233	709	246
951	228	710	242
948	261	686	226
968	212	702	261
938	197	761	291
947	191	679	298
940	191	733	296
936	161	711	332
950	227	720	392
950	209	761	367
961	246	679	250
981	241	650	239
966	259	693	235
980	264	651	204
991	249	659	242
970	247	717	240
1004	233	674	240
954	272	711	205
992	242	675	240
1015	217	663	272
1131	214	585	280
1013	243	672	235
977	209	764	295
992	251	749	249
996	256	760	238
1004	247	755	242
998	243	758	248
994	265	794	222
989	239	895	261
966	184	948	320
973	202	958	286
972	149	937	370
1053	84	887	436
1132	34	796	471
1189	207	746	436
1092	210	838	376
1132	230	780	297
1201	209	715	297
1258	256	664	229
1156	273	771	216
1178	236	754	273
1272	213	695	310
1211	206	728	299
1269	227	654	276
1168	245	759	263
1187	228	762	284
1230	209	700	301
1259	171	658	346
1315	169	615	336
1402	185	527	323
1434	187	494	331
1436	233	498	279
1348	252	436	252
1468	248	465	276
1480	239	444	274
1494	216	419	299
1505	188	408	330
1519	182	390	345
1528	195	395	339
1535	251	374	277
1551	255	353	281
1561	244	349	286
1571	266	336	266
1569	237	343	286
1583	232	340	313
1589	229	327	310
1606	260	305	283
1624	251	291	292
1654	239	270	304
1659	280	259	269
1683	270	234	273
1675	260	238	296
1695	248	225	308
1718	262	202	297
1727	229	189	327
1746	233	171	334
1752	273	162	289
1773	282	147	281
1808	330	119	275
1787	310	132	261
1829	314	88	275
1830	298	87	282
1846	345	73	253
1846	345	73	253
1846	345	73	253
1846	345	73	253
1846	345	73	253
1846	345	73	253
1846	345	73	253
1846	345	73	253
1846	345	73	253
1846	345	73	253
1846	345	73	253
1846	345	73	253
1596	129	109	242
1596	129	109	242
1596	129	109	242
1596	129	109	242
1596	129	109	242
1596	129	109	242
1596	129	109	242
1711	125	124	231
1698	123	155	229
1706	124	188	215
1701	120	211	229
1674	120	245	253
1661	144	259	226
1650	162	276	208
1692	169	237	204
1661	188	251	187
1736	131	221	176
1720	178	198	191
1752	186	170	190
1785	151	165	187
1759	199	157	181
1784	186	136	192
1776	182	146	198
1776	174	143	207
1808	162	128	231
1791	178	131	207
1817	175	103	203
1827	56	91	176
1833	234	84	149
1814	147	105	153
1827	238	90	165
1825	220	91	169
1826	257	93	158
1827	260	91	155
1830	256	92	144
1820	260	96	127
1833	272	86	104
1849	276	67	98
1858	272	57	103
1841	266	78	108
1844	270	71	110
1840	274	76	101
1845	272	71	105
1844	278	72	99
1838	275	79	103
1851	275	65	98
1855	268	62	109
1847	273	70	108
1856	280	60	95
1845	281	72	96
1852	282	64	93
1857	275	59	99
1831	287	78	94
1821	284	96	95
1839	285	78	90
1849	298	64	75
1846	296	67	79
1851	293	64	85
1846	296	73	77
1834	297	81	83
1856	292	65	87
1856	302	58	78
1853	299	62	80
1858	298	58	84
1846	295	71	83
1837	296	81	81
1849	299	68	80
1845	304	70	75
1865	297	56	84
1853	300	68	80
1869	294	53	91
1858	297	60	86
1855	308	65	77
1847	303	71	84
1857	305	61	76
1870	305	47	80
1887	294	33	87
1882	295	37	88
1872	289	48	94
1868	300	52	84
1880	301	39	84
1882	311	34	79
1885	326	30	69
1886	326	32	63
1891	327	28	53
1893	327	24	53
1895	325	23	54
1894	347	24	56
1874	324	28	57
1885	259	34	55
1879	316	33	57
1862	328	45	60
1862	326	49	62
1869	327	48	67
1861	327	56	73
1869	320	50	66
1874	319	47	77
1877	326	42	75
1878	322	40	78
1886	325	33	72
1884	330	34	67
1885	330	33	78
1893	331	26	70
1893	331	26	70
1893	331	26	70
1899	317	21	78
1899	317	21	78
1899	317	21	78
1899	317	21	78
1899	317	21	78
1899	317	21	78
1899	317	21	78
1899	317	21	78
1899	317	21	78
1899	317	21	78
1872	270	29	79
1872	270	29	79
1871	278	38	80
1871	278	38	80
1866	315	43	82
1863	311	53	84
1863	311	53	84
1857	283	63	79
1842	281	75	79
1827	279	86	86
1822	289	95	96
1816	292	100	100
1831	282	85	117
1837	282	80	120
1846	270	69	132
1844	264	72	140
1845	254	69	154
1843	256	72	151
1829	259	88	150
1812	255	108	162
1802	250	114	165
1784	276	134	136
1815	269	103	141
1822	265	95	145
1821	293	96	143
1790	90	111	143
1790	90	111	143
1790	90	111	143
1790	90	111	143
1790	90	111	143
1801	260	114	173
1786	265	132	163
1795	282	120	200
1807	249	108	198
1789	256	128	191
1793	257	122	198
1803	259	109	230
1803	259	109	230
1793	225	119	251
1778	240	132	271
1752	256	160	255
1750	222	164	240
1776	222	134	244
1790	203	124	255
1796	257	118	260
1812	228	97	225
1798	269	117	186
1802	234	113	213
1820	226	96	241
1810	229	102	234
1813	218	102	247
1810	271	107	257
1818	238	95	220
1842	254	77	214
1844	266	71	197
1824	258	91	204
1817	232	97	206
1776	427	121	182
1766	416	155	170
1800	286	119	169
1791	452	131	156
1787	291	131	131
1802	301	116	103
1837	240	97	113
1817	304	98	94
1823	277	95	116
1832	213	84	112
1835	316	82	107
1824	307	92	95
1807	327	108	101
1794	326	125	111
1795	258	127	119
1799	282	122	117
1798	266	118	129
1835	272	92	127
1825	274	90	132
1820	259	96	128
1822	307	97	152
1837	285	81	176
1824	251	89	201
1818	271	98	199
1799	203	114	220
1788	246	126	236
1810	247	107	232
1827	463	90	202
1819	476	95	185
1823	508	93	146
1815	531	103	125
1802	529	115	126
1812	560	102	101
1812	551	108	100
1820	539	98	118
1809	528	105	134
1828	528	89	118
1821	566	93	104
1817	564	97	94
1819	555	100	85
1817	575	104	84
1815	579	94	66
1818	573	97	76
1816	558	100	89
1803	543	113	96
1803	545	113	100
1800	543	115	108
1805	530	115	114
1810	547	105	116
1799	530	116	122
1808	546	108	116
1817	549	93	103
1814	560	104	100
1798	554	116	105
1795	544	124	111
1788	529	118	127
1776	540	137	113
1788	550	129	106
1774	551	140	98
1795	587	121	69
1809	588	111	59
1806	597	113	67
1832	622	94	66
1830	581	86	54
1840	591	80	64
1833	602	88	60
1831	622	89	54
1845	618	74	48
1844	594	73	60
1865	604	55	69
1847	595	64	76
1845	583	72	91
1849	574	67	105
1844	598	76	115
1846	569	76	113
1850	572	71	91
1830	592	91	100
1834	581	84	105
1842	568	76	90
1836	601	81	88
1846	597	72	82
1851	601	66	89
1856	600	61	85
1859	609	60	93
1864	616	56	92
1868	609	51	95
1877	627	42	98
1873	624	44	85
1877	614	41	81
1884	619	33	86
1872	638	29	82
1872	638	29	82
1872	638	29	82
1872	638	29	82
1872	638	29	82
1872	638	29	82
1872	638	29	82
1872	638	29	82
1872	638	29	82
1888	670	31	75
1888	670	31	75
1888	670	31	75
1888	670	31	75
1888	670	31	75
1888	670	31	75
1888	670	31	75
1888	670	31	75
1888	670	31	75
1888	670	31	75
1888	670	31	75
1888	670	31	75
1888	670	31	75
1888	670	31	75
1888	670	31	75
1888	670	31	75
1888	670	31	75
1888	670	31	75
1888	670	31	75
1888	670	31	75
1888	670	31	75
1888	703	31	70
1888	703	31	70
1888	703	31	70
1888	703	31	70
1888	703	31	70
1888	703	31	70
1888	703	31	70
1888	703	31	70
1888	703	31	70
1888	703	31	70
1888	703	31	70
1888	703	31	70
1888	703	31	70
1888	703	31	70
1888	703	31	70
1888	703	31	70
1888	703	31	70
1888	703	31	70
1888	703	31	70
1888	703	31	70
1888	703	31	70
1888	703	31	70
1888	703	31	70
1888	703	31	70
1888	703	31	70
1888	703	31	70
1888	703	31	70
1888	703	31	70
1888	703	31	70
1888	703	31	70
1888	703	31	70
1888	703	31	70
1888	703	31	70
1888	703	31	70
1888	703	31	70
1888	703	31	70
1888	703	31	70
1888	703	31	70
1888	703	31	70
1888	703	31	70
1888	703	31	70
1888	703	31	70
1888	703	31	70
1888	703	31	70
1888	703	31	70
1888	703	31	70
1888	703	31	70
1888	703	31	70
1888	703	31	70
1888	703	31	70
1888	703	31	70
1888	703	31	70
1888	703	31	70
1888	703	31	70
1888	703	31	70
