686	496	112	250
685	499	112	250
684	496	111	258
685	494	116	277
682	493	113	287
685	493	116	300
683	491	110	282
686	489	109	271
686	491	107	265
682	491	110	251
687	488	107	249
681	483	116	284
687	476	104	290
684	478	107	269
681	475	105	273
687	479	100	246
683	476	106	265
685	475	101	262
683	475	105	258
688	472	95	261
683	472	100	262
685	472	100	247
685	478	98	239
686	475	97	243
687	469	94	264
686	465	97	272
685	465	94	286
685	466	97	269
686	465	88	273
688	463	92	275
686	461	95	260
685	460	89	260
685	460	91	257
685	461	96	246
682	464	99	237
675	462	102	231
681	464	97	232
683	464	96	239
682	462	95	251
685	461	93	242
686	463	90	247
688	460	94	251
689	460	87	244
690	458	84	254
690	460	87	237
689	458	89	234
690	460	89	231
690	459	88	242
688	455	88	243
693	460	85	227
690	458	85	223
693	460	85	224
693	461	83	227
693	461	86	223
692	461	84	219
691	465	86	221
692	463	84	223
691	461	85	226
693	465	81	220
691	462	84	227
691	461	80	225
689	466	84	214
693	463	81	218
690	461	81	225
692	464	82	228
693	459	80	224
690	468	79	217
690	464	80	215
689	468	86	223
689	469	79	211
690	471	81	213
690	470	84	211
691	474	81	205
689	475	83	202
691	473	84	216
689	473	84	210
698	470	74	206
696	465	75	209
692	463	81	216
695	463	78	221
696	458	75	216
693	463	78	206
696	465	76	200
696	462	76	198
695	460	81	202
696	462	79	200
694	462	71	188
699	462	71	178
696	462	75	184
694	461	76	195
695	461	75	189
695	455	71	196
694	452	69	194
695	452	74	206
698	452	69	188
693	454	71	194
693	455	74	193
690	455	73	192
692	453	71	198
691	455	73	192
689	454	77	191
691	453	76	198
689	461	70	177
691	455	75	182
689	455	76	190
689	452	73	195
693	454	71	191
694	455	71	186
692	460	70	177
697	454	63	174
694	454	68	173
696	459	67	169
693	455	69	169
696	453	68	177
694	456	65	174
695	453	69	178
694	459	70	168
693	457	67	170
695	455	70	171
693	462	68	169
697	458	67	167
697	457	64	169
696	455	67	171
691	454	71	176
696	454	66	172
691	451	69	176
696	453	65	167
696	451	63	173
695	446	66	179
695	454	64	166
694	449	66	174
697	449	64	171
696	447	64	175
696	449	64	170
694	446	66	171
696	443	64	174
695	446	64	167
694	444	66	171
698	443	64	171
700	449	59	159
701	445	61	163
703	444	57	163
703	440	58	162
703	440	58	163
706	437	57	172
704	436	60	174
705	436	62	169
705	434	57	172
706	432	61	178
709	434	57	167
707	436	60	161
707	434	60	171
705	437	61	160
708	434	59	171
707	434	62	171
710	436	62	170
706	433	61	175
710	433	59	172
710	431	56	178
711	435	57	171
711	433	56	174
712	433	57	170
712	433	58	167
714	436	58	168
712	437	57	158
714	433	57	164
716	434	56	160
714	440	57	155
718	439	55	157
717	437	55	162
718	439	56	164
720	439	55	164
718	438	57	163
721	437	57	168
719	441	56	159
723	440	55	157
721	442	56	160
724	440	55	167
727	441	51	167
726	444	56	161
727	442	58	162
726	441	57	167
729	442	57	169
729	444	57	157
729	444	55	158
728	451	60	161
732	446	55	165
734	446	53	162
733	453	53	153
735	451	56	169
736	451	54	171
735	453	59	175
736	454	62	170
738	454	58	169
738	454	58	168
741	455	54	170
743	453	51	167
739	450	58	167
741	452	59	166
740	450	61	166
744	449	56	165
745	448	56	168
744	449	58	168
746	446	57	164
745	450	59	164
749	451	56	157
749	448	55	158
750	450	56	160
752	445	59	166
755	445	54	166
756	446	54	159
758	446	56	160
761	443	53	162
759	444	58	159
762	442	54	152
760	439	60	156
761	441	61	155
765	445	59	144
769	442	55	147
767	444	58	135
770	444	58	140
769	447	60	138
770	446	59	142
770	444	60	151
771	443	59	147
771	446	58	148
774	444	54	148
772	443	56	154
774	444	56	146
777	446	57	145
778	440	55	156
777	444	57	151
778	449	57	142
777	447	57	141
779	452	57	133
781	452	55	133
780	447	53	139
781	452	53	134
780	450	55	142
782	449	56	140
784	455	53	140
787	453	52	140
786	451	55	144
787	457	56	136
789	462	54	136
790	455	52	137
793	454	49	137
796	466	50	136
795	464	52	137
797	464	51	142
800	465	49	144
800	458	49	139
800	461	54	144
799	460	54	144
800	466	52	132
801	462	55	140
800	460	56	140
801	458	56	139
802	462	58	131
808	462	52	132
810	463	52	136
809	463	50	131
808	461	54	134
810	467	53	128
809	459	50	136
812	460	50	133
811	459	50	141
811	456	52	137
810	451	52	140
814	456	49	131
814	461	49	127
814	459	49	127
817	454	47	130
819	454	47	124
817	453	46	128
820	458	45	121
821	462	46	127
822	459	45	128
824	466	45	121
823	464	46	125
825	460	45	126
827	461	44	126
827	464	47	123
827	461	46	129
829	462	46	122
832	458	46	129
832	452	47	138
834	450	47	139
836	449	49	139
839	447	48	142
844	453	45	135
845	454	48	130
847	454	47	121
848	449	49	132
851	454	49	130
850	445	53	130
852	453	49	126
853	454	52	129
853	453	50	118
856	455	48	123
856	453	51	132
858	449	51	134
858	455	55	130
858	453	58	127
862	455	56	130
869	449	48	134
873	451	45	134
873	451	47	134
879	450	42	135
883	453	40	128
882	455	39	125
883	449	43	130
884	449	43	131
887	450	42	136
890	448	42	136
888	450	44	134
890	451	46	134
891	448	47	137
890	448	53	140
893	449	54	139
896	449	46	135
898	448	49	141
899	444	49	147
901	444	52	142
907	451	48	136
908	449	51	140
909	450	53	139
907	449	58	136
916	452	47	142
922	452	44	143
926	452	42	140
927	448	42	148
921	447	51	151
926	454	50	147
924	453	48	150
929	455	48	148
927	457	48	146
932	458	49	138
933	467	52	136
934	466	51	140
936	465	52	138
940	458	48	146
941	461	47	143
946	460	44	145
947	468	43	136
951	462	38	141
954	461	37	144
952	458	44	135
951	458	48	139
959	479	45	129
955	486	44	125
955	490	49	118
951	490	56	123
963	491	49	123
962	472	52	131
960	486	52	121
964	484	47	134
963	480	49	143
963	476	52	146
962	475	51	148
964	475	53	145
970	489	54	136
974	491	49	131
979	493	47	124
978	498	47	116
981	500	48	108
982	498	53	118
988	503	47	106
990	503	47	92
991	514	58	81
993	512	44	80
992	516	53	77
993	524	57	80
997	514	48	88
997	531	64	78
1002	511	67	95
1006	496	67	110
1003	488	70	120
1009	487	71	112
1007	494	59	116
1010	491	61	108
1017	491	54	98
1020	485	67	94
1020	482	65	82
1022	491	56	90
1025	508	52	98
1027	504	55	100
1033	498	46	109
1030	485	52	125
1030	482	58	136
1038	461	53	134
1043	481	48	144
1038	479	51	148
1041	466	55	161
1049	465	53	162
1046	481	49	149
1041	473	62	154
1047	469	70	161
1046	476	73	150
1048	477	85	149
1047	476	75	154
1056	475	76	150
1064	482	69	146
1069	480	61	149
1069	479	61	146
1069	469	65	150
1084	473	50	157
1089	474	47	156
1093	475	55	164
1092	485	50	152
1088	483	36	149
1097	482	38	155
1097	479	49	161
1100	484	49	156
1101	488	52	152
1102	481	56	159
1101	484	60	158
1109	483	48	159
1106	481	53	161
1108	488	52	153
1109	485	55	156
1117	489	51	146
1121	497	40	135
1128	485	48	143
1126	486	50	141
1133	497	49	128
1132	494	54	138
1132	492	57	144
1130	490	58	155
1143	500	45	145
1137	506	53	129
1138	500	58	143
1141	509	57	140
1141	506	60	141
1145	511	57	141
1150	509	58	140
1151	514	64	138
1151	511	65	145
1147	502	72	154
1161	496	58	157
1168	527	49	138
1169	496	52	150
1174	495	53	157
1171	493	59	162
1175	492	56	168
1182	493	55	172
1185	494	57	172
1175	494	69	176
1164	491	80	176
1179	504	70	163
1182	512	65	161
1168	527	75	147
1192	524	50	147
1201	519	52	154
1199	527	55	150
1199	527	55	150
1212	517	71	162
1207	516	55	149
1215	511	59	155
1214	511	62	157
1217	506	57	169
1224	507	53	166
1233	512	49	165
1231	521	49	173
1231	512	47	167
1235	515	49	163
1240	526	56	163
1243	528	55	162
1244	535	60	147
1249	528	57	158
1245	527	63	173
1247	534	66	167
1245	539	68	162
1256	533	60	169
1270	545	51	160
1260	538	63	166
1270	546	61	156
1268	542	69	167
1269	538	67	167
1272	526	66	180
1277	522	53	166
1275	550	48	167
1290	523	63	170
1277	547	81	173
1277	547	81	173
1282	529	105	193
1286	519	82	204
1289	540	88	194
1291	540	76	181
1286	545	71	187
1267	538	93	203
1288	541	74	201
1303	537	76	205
1314	532	66	204
1310	529	77	196
1313	535	60	187
1308	529	69	181
1311	535	69	176
1318	539	64	178
1324	544	62	174
1326	550	64	170
1332	543	59	171
1333	543	59	178
1325	552	65	171
1329	549	65	171
1327	548	71	179
1332	550	63	182
1337	549	68	186
1338	546	74	187
1333	554	69	179
1336	549	68	178
1342	544	72	181
1344	538	74	185
1341	542	77	177
1350	539	69	175
1344	543	76	177
1358	537	62	187
1360	545	60	175
1361	539	56	182
1359	534	59	185
1357	536	61	176
1357	531	52	187
1352	535	60	185
1346	535	71	181
1345	538	64	180
1338	540	69	181
1338	550	79	156
1337	548	72	164
1338	550	70	164
1332	535	70	173
1337	529	66	186
1340	534	73	185
1340	531	68	178
1341	526	65	170
1345	524	62	185
1340	532	69	183
1345	534	67	177
1337	534	80	174
1344	527	72	184
1342	530	75	172
1349	528	67	175
1350	537	64	164
1353	523	58	177
1359	526	57	175
1356	540	71	160
1360	539	67	166
1362	536	70	169
1363	535	71	168
1372	537	55	162
1373	535	55	162
1379	538	52	164
1387	541	51	158
1391	547	54	153
1388	555	66	137
1393	576	69	129
1386	560	77	137
1391	564	72	135
1399	555	68	135
1394	539	61	148
1391	538	53	170
1388	538	66	161
1395	533	49	167
1392	531	55	166
1392	537	49	156
1395	534	52	168
1394	529	50	169
1393	526	58	170
1390	529	73	157
1400	522	54	164
1405	520	57	162
1403	529	59	157
1412	520	50	172
1417	518	65	169
1558	312	61	155
1558	307	51	147
1557	302	58	145
1561	292	46	152
1562	293	41	148
1563	298	42	141
1564	294	38	146
1565	306	56	144
1566	299	70	152
1565	292	67	161
1565	279	68	166
1568	273	63	175
1569	298	67	153
1573	297	64	157
1572	285	67	170
1573	284	68	169
1570	274	72	179
1572	266	71	185
1575	294	73	174
1573	285	76	177
1581	333	70	163
1570	294	79	168
1576	292	76	167
1576	302	74	154
1575	296	77	162
1574	286	80	176
1577	286	78	180
1578	293	79	174
1584	298	72	167
1571	302	85	159
1571	302	90	168
1575	303	89	168
1586	306	82	169
1604	310	61	160
1604	330	61	139
1607	347	57	127
1608	365	58	111
1610	369	59	97
1608	376	64	88
1614	373	60	94
1614	376	59	88
1617	371	57	87
1620	371	58	91
1624	367	57	96
1627	368	51	98
1628	376	52	97
1629	373	53	98
1630	366	53	101
1632	369	54	97
1635	373	57	95
1635	372	57	92
1635	368	60	97
1636	370	57	95
1637	368	58	94
1640	363	61	98
1639	359	62	103
1641	361	63	105
1642	364	66	98
1640	365	70	92
1641	365	70	97
1641	365	71	93
1644	363	73	92
1645	356	78	105
1652	356	64	101
1653	359	70	96
1652	356	73	97
1654	349	69	101
1657	351	70	95
1656	348	71	99
1658	347	71	100
1661	349	73	99
1660	347	78	101
1659	344	81	100
1659	338	83	106
1658	344	68	103
1662	348	81	92
1664	342	80	93
1667	343	80	98
1668	330	80	104
1671	322	82	114
1672	333	76	103
1675	331	77	101
1676	333	80	102
1677	333	79	103
1678	337	78	97
1678	336	84	99
1678	331	85	103
1679	334	90	102
1678	330	92	105
1685	333	85	103
1688	328	85	111
1685	331	89	108
1692	325	88	111
1695	331	78	104
1698	329	80	108
1699	326	87	105
1703	327	88	106
1705	328	88	106
1707	334	86	104
1705	325	88	115
1708	326	89	112
1711	329	92	106
1713	336	88	100
1714	335	90	102
1718	333	89	105
1713	337	77	100
1722	334	90	101
1728	336	84	104
1727	334	78	99
1731	332	90	106
1734	338	90	107
1737	339	80	101
1741	339	55	100
1747	331	46	109
1752	339	36	99
1754	345	37	96
1757	346	39	98
1759	347	38	98
1761	350	40	91
1763	347	44	99
1767	349	44	100
1772	346	39	102
1774	351	45	103
1774	350	44	103
1780	344	47	109
1782	348	44	107
1784	347	43	108
1787	351	42	101
1788	352	39	99
1834	350	50	105
1781	351	44	103
1780	350	44	101
1774	345	43	104
1769	351	44	96
1761	352	49	101
1750	349	56	101
1754	350	46	95
1752	347	45	103
1752	350	38	99
1751	360	34	96
1751	360	34	96
1792	359	42	102
1784	364	44	108
1711	363	51	106
1708	364	47	99
1704	364	44	103
1695	362	45	102
1691	354	44	111
1683	358	41	105
1673	353	40	107
1664	364	44	110
1654	350	41	104
1711	353	42	106
1639	359	39	103
1628	360	39	101
1623	363	35	91
1612	359	37	100
1604	347	36	109
1592	350	38	106
1582	345	41	103
1575	345	36	106
1565	343	40	105
1555	348	37	94
1548	351	35	92
1535	343	38	92
1526	348	41	99
1525	347	39	97
1517	349	38	89
1512	349	42	89
1510	351	41	91
1507	351	45	86
1503	353	48	85
1502	359	53	82
1504	358	51	93
1505	355	50	100
1513	355	41	88
1512	355	42	90
1515	355	43	89
1518	355	39	96
1520	352	40	96
1522	352	37	103
1522	352	37	101
1523	353	40	104
1523	351	38	108
1524	350	38	112
1523	352	40	113
1525	353	40	111
1525	355	42	110
1526	359	41	103
1528	360	40	104
1529	357	42	99
1531	357	40	103
1534	357	39	103
1534	356	41	108
1534	354	44	110
1538	353	43	112
1540	352	42	119
1541	354	43	111
1543	357	45	108
1542	359	44	113
1542	355	47	115
1541	358	50	118
1543	357	50	119
1542	360	52	114
1542	360	54	113
1545	359	49	108
1544	360	56	115
1547	361	51	104
1544	361	55	107
1547	360	52	115
1548	361	48	111
1547	362	48	113
1548	362	48	111
1546	361	48	116
1546	360	46	112
1544	356	45	117
1541	359	48	118
1540	361	46	121
1539	360	48	119
1538	364	48	117
1537	361	50	121
1538	361	50	125
1536	361	52	132
1541	360	46	128
1540	362	48	128
1541	364	50	127
1543	361	48	115
1544	364	47	114
1545	365	49	118
1542	363	51	118
1544	365	51	117
1546	365	50	111
1547	365	51	114
1547	365	49	108
1544	364	55	115
1546	366	53	121
1547	364	54	116
1547	366	56	118
1549	367	53	123
1553	368	55	113
1551	367	56	112
1555	366	55	102
1558	366	50	118
1560	366	50	119
1564	366	49	113
1564	365	50	120
1566	366	49	118
1568	367	50	120
1568	366	55	129
1572	370	49	120
1573	371	51	121
1576	372	50	119
1577	374	51	116
1579	377	51	123
1581	377	51	114
1582	379	51	123
1585	380	51	108
1585	378	53	109
1588	378	51	116
1591	378	52	106
1593	378	52	103
1594	378	53	108
1596	378	54	111
1597	378	54	112
1597	380	54	115
1598	380	59	117
1600	378	58	129
1600	379	58	119
1601	382	56	128
1602	379	57	133
1603	380	57	130
1609	382	52	129
1611	385	53	123
1610	384	55	125
1612	385	55	121
1612	385	55	130
1615	382	57	115
1619	380	54	124
1619	383	54	115
1619	381	54	120
1621	382	54	130
1620	384	55	140
1619	384	54	150
1617	382	54	150
1614	381	56	134
1613	386	55	130
1606	386	58	127
1598	387	59	133
1599	387	55	116
1585	388	58	107
1580	391	54	105
1572	393	57	106
1562	388	58	113
1552	388	59	103
1546	387	59	90
1534	389	62	98
1527	389	58	100
1516	392	63	110
1504	397	60	100
1501	390	59	107
1501	390	59	107
1482	390	58	104
1482	390	58	104
1461	389	59	97
1455	391	52	106
1444	397	54	120
1444	397	54	120
1444	397	54	120
1419	391	56	131
1414	384	52	113
1405	387	58	105
1396	388	55	92
1387	389	54	92
1387	389	54	92
1373	390	50	82
1370	387	51	84
1468	378	57	94
1361	386	56	103
1364	399	60	108
1355	386	64	109
1360	389	58	111
1364	391	50	111
1366	391	50	110
1367	389	52	99
1370	394	53	93
1371	388	53	98
1372	392	58	100
1376	395	55	90
1380	390	57	90
1376	389	63	102
1381	384	62	109
1387	386	53	107
1389	391	59	101
1396	382	57	108
1395	385	58	105
1398	389	58	93
1400	393	60	100
1406	385	55	112
1408	384	54	114
1412	384	58	118
1416	382	52	120
1417	382	56	121
1420	384	55	107
1420	392	62	113
1422	390	62	120
1423	393	59	133
1431	392	58	131
1432	390	59	123
1437	389	55	121
1438	392	59	127
1440	387	62	130
1443	394	59	122
1440	397	71	137
1449	394	60	135
1451	394	62	125
1455	395	60	142
1457	400	66	135
1459	400	65	137
1463	401	67	135
1467	399	66	138
1470	401	69	130
1473	405	69	136
1480	406	66	130
1482	408	72	140
1484	411	79	129
1491	412	70	125
1494	422	74	134
1499	411	75	147
1505	415	76	144
1507	414	81	137
1509	420	93	127
1515	424	97	140
1522	429	87	144
1525	427	88	138
1530	416	89	147
1533	422	98	153
1539	438	93	138
1540	450	92	118
1548	456	91	123
1549	453	105	128
1554	450	101	117
1564	468	88	105
1565	468	94	116
1571	473	100	107
1574	471	100	103
1582	474	93	104
1586	470	111	118
1597	466	98	126
1594	473	104	126
1598	478	109	114
1601	482	105	116
1604	489	102	107
1607	486	109	115
1612	494	97	111
1610	492	121	119
1618	505	120	110
1624	518	121	112
1620	514	124	124
1631	519	121	126
1637	516	132	137
1637	516	132	137
1637	516	132	137
1661	506	110	159
1660	519	134	160
1664	537	132	145
1672	552	126	136
1676	566	122	148
1680	559	116	145
1685	547	121	163
1689	543	136	158
1692	548	129	167
1710	561	123	158
1713	558	114	155
1727	562	126	145
1716	594	109	133
1716	594	109	133
1716	594	109	133
1716	594	109	133
1716	594	109	133
1716	594	109	133
1716	594	109	133
1716	594	109	133
1791	591	97	142
1791	591	97	142
1791	591	97	142
1791	591	97	142
1791	591	97	142
1791	591	97	142
1791	591	97	142
1791	591	97	142
1791	591	97	142
1791	591	97	142
1791	591	97	142
1791	591	97	142
1791	591	97	142
1791	591	97	142
1791	591	97	142
1791	591	97	142
1791	591	97	142
1791	591	97	142
1791	591	97	142
1791	591	97	142
1791	591	97	142
1791	591	97	142
1791	591	97	142
1791	591	97	142
1791	591	97	142
1791	591	97	142
1791	591	97	142
1791	591	97	142
1791	591	97	142
1791	591	97	142
1791	591	97	142
1791	591	97	142
1791	591	97	142
1791	591	97	142
1791	591	97	142
1791	591	97	142
1791	591	97	142
1791	591	97	142
1791	591	97	142
1791	591	97	142
1791	591	97	142
1791	591	97	142
1791	591	97	142
1791	591	97	142
1791	591	97	142
1791	591	97	142
1791	591	97	142
1791	591	97	142
1791	591	97	142
1791	591	97	142
1791	591	97	142
1791	591	97	142
1791	591	97	142
1791	591	97	142
1791	591	97	142
1791	591	97	142
1791	591	97	142
1791	591	97	142
1791	591	97	142
1791	591	97	142
1791	591	97	142
1791	591	97	142
1791	591	97	142
1791	591	97	142
1791	591	97	142
1791	591	97	142
1791	591	97	142
1791	591	97	142
1791	591	97	142
1791	591	97	142
1791	591	97	142
1791	591	97	142
1791	591	97	142
1791	591	97	142
1791	591	97	142
1791	591	97	142
1791	591	97	142
1791	591	97	142
1791	591	97	142
1791	591	97	142
1791	591	97	142
1791	591	97	142
1791	591	97	142
1791	591	97	142
1791	591	97	142
1791	591	97	142
1791	591	97	142
1791	591	97	142
1791	591	97	142
1791	591	97	142
1791	591	97	142
1791	591	97	142
1791	591	97	142
1791	591	97	142
1791	591	97	142
1791	591	97	142
1791	591	97	142
1791	591	97	142
1791	591	97	142
1791	591	97	142
1791	591	97	142
1791	591	97	142
1791	591	97	142
1791	591	97	142
1791	591	97	142
1791	591	97	142
1791	591	97	142
1791	591	97	142
1791	591	97	142
1791	591	97	142
1791	591	97	142
1791	591	97	142
1791	591	97	142
1791	591	97	142
1791	591	97	142
1791	591	97	142
1791	591	97	142
1791	591	97	142
1791	591	97	142
1791	591	97	142
1791	591	97	142
1791	591	97	142
1791	591	97	142
1791	591	97	142
1791	591	97	142
1791	591	97	142
1791	591	97	142
1791	591	97	142
1791	591	97	142
1791	591	97	142
1791	591	97	142
1813	344	105	160
1813	344	105	160
1813	344	105	160
1813	344	105	160
1813	344	105	160
1813	344	105	160
1813	344	105	160
1813	344	105	160
1813	344	105	160
1813	344	105	160
1813	344	105	160
1813	344	105	160
1813	344	105	160
1813	344	105	160
1813	344	105	160
1813	344	105	160
1813	344	105	160
1813	344	105	160
1813	344	105	160
1813	344	105	160
1813	344	105	160
1813	344	105	160
1813	344	105	160
1813	344	105	160
1813	344	105	160
1813	344	105	160
1813	344	105	160
1813	344	105	160
1813	344	105	160
1813	344	105	160
1813	344	105	160
1813	344	105	160
1813	344	105	160
1813	344	105	160
1813	344	105	160
1813	344	105	160
1813	344	105	160
1813	344	105	160
1813	344	105	160
1813	344	105	160
1813	344	105	160
1813	344	105	160
1813	344	105	160
1813	344	105	160
1813	344	105	160
1813	344	105	160
1813	344	105	160
1813	344	105	160
1813	344	105	160
1813	344	105	160
1813	344	105	160
1813	344	105	160
1813	344	105	160
1813	344	105	160
1813	344	105	160
1813	344	105	160
1813	344	105	160
1813	344	105	160
1813	344	105	160
1813	344	105	160
1813	344	105	160
1813	344	105	160
1813	344	105	160
1813	344	105	160
1813	344	105	160
1813	344	105	160
1813	344	105	160
1813	344	105	160
1813	344	105	160
1813	344	105	160
1813	344	105	160
1813	344	105	160
1813	344	105	160
1813	344	105	160
1813	344	105	160
1813	344	105	160
1813	344	105	160
1813	344	105	160
1813	344	105	160
1813	344	105	160
1813	344	105	160
1813	344	105	160
1813	344	105	160
1813	344	105	160
1813	344	105	160
1813	344	105	160
1813	344	105	160
1813	344	105	160
1813	344	105	160
1813	344	105	160
1813	344	105	160
1813	344	105	160
1813	344	105	160
1813	344	105	160
1813	344	105	160
1813	344	105	160
1813	344	105	160
1813	344	105	160
1813	344	105	160
1813	344	105	160
1813	344	105	160
1813	344	105	160
1813	344	105	160
1813	344	105	160
1813	344	105	160
1813	344	105	160
1813	344	105	160
1813	344	105	160
1813	344	105	160
1813	344	105	160
1813	344	105	160
1813	344	105	160
1813	344	105	160
1813	344	105	160
1813	344	105	160
1813	344	105	160
1813	344	105	160
1813	344	105	160
1813	344	105	160
1813	344	105	160
1813	344	105	160
1813	344	105	160
1813	344	105	160
1813	344	105	160
1813	344	105	160
1813	344	105	160
1813	344	105	160
1813	344	105	160
1813	344	105	160
1813	344	105	160
1813	344	105	160
1813	344	105	160
1813	344	105	160
1813	344	105	160
1813	344	105	160
1813	344	105	160
1813	344	105	160
1813	344	105	160
1813	344	105	160
1813	344	105	160
1813	344	105	160
1813	344	105	160
1813	344	105	160
1813	344	105	160
1813	344	105	160
1813	344	105	160
1813	344	105	160
1813	344	105	160
1813	344	105	160
1813	344	105	160
1813	344	105	160
1813	344	105	160
1813	344	105	160
1813	344	105	160
1813	344	105	160
1813	344	105	160
1813	344	105	160
1813	344	105	160
1813	344	105	160
1813	344	105	160
1813	344	105	160
1813	344	105	160
1813	344	105	160
1813	344	105	160
1813	344	105	160
