1079	889	79	188
1081	887	81	189
1083	886	76	189
1089	886	71	191
1090	881	74	198
1091	882	79	196
1095	882	77	194
1094	878	79	200
1099	878	75	195
1103	872	75	202
1109	869	75	204
1110	869	73	208
1111	869	75	204
1116	865	75	209
1118	863	74	215
1121	862	71	215
1123	860	74	217
1121	861	80	218
1122	858	79	218
1128	853	69	226
1125	857	69	220
1123	854	73	222
1121	853	74	222
1121	852	72	225
1118	846	74	228
1123	845	71	229
1121	846	70	225
1122	844	73	228
1122	839	70	231
1126	840	68	235
1126	838	66	232
1125	840	69	238
1128	837	70	237
1129	839	71	238
1131	836	73	243
1128	837	80	238
1133	837	78	227
1136	835	74	243
1135	837	76	245
1137	830	81	248
1138	832	82	247
1137	831	87	249
1141	829	79	247
1145	826	78	248
1152	825	76	246
1156	823	70	244
1157	821	74	247
1162	820	71	246
1169	817	65	244
1170	817	61	238
1170	816	63	227
1176	815	65	218
1174	816	62	218
1171	814	64	225
1168	815	64	217
1162	809	65	242
1154	804	62	234
1140	803	68	224
1128	802	65	220
1116	798	66	226
1105	796	64	221
1097	795	63	211
1089	792	63	215
1086	791	61	226
1082	785	61	227
1078	787	64	207
1081	788	55	207
1078	784	60	205
1078	787	63	214
1075	785	65	218
1077	781	65	231
1073	778	74	261
1076	781	68	284
1078	778	72	288
1081	774	69	280
1083	773	68	269
1081	770	73	276
1083	771	72	287
1090	768	65	269
1089	770	68	250
1086	766	68	268
1092	763	61	247
1087	762	62	234
1082	759	58	231
1077	756	56	227
1068	755	57	219
1058	752	63	201
1053	753	58	187
1049	755	55	176
1046	754	52	167
1045	755	56	163
1041	753	57	162
1038	751	62	173
1040	749	55	188
1040	748	54	181
1041	746	54	166
1041	744	57	164
1042	742	55	169
1046	740	55	173
1045	739	54	166
1044	739	57	165
1047	736	56	168
1050	735	55	173
1048	735	57	166
1050	734	56	165
1051	737	58	160
1053	734	56	153
1054	733	59	163
1053	736	64	191
1056	732	60	184
1056	732	61	194
1058	731	64	205
1059	731	64	214
1061	725	63	227
1064	728	61	228
1065	721	61	222
1067	721	57	207
1071	721	53	209
1073	719	51	202
1075	716	53	210
1076	714	52	196
1080	715	49	185
1079	715	54	193
1081	713	52	189
1083	712	48	185
1085	714	50	174
1084	714	51	170
1086	712	49	175
1089	709	45	167
1088	709	49	169
1089	707	52	176
1090	703	47	160
1092	703	50	150
1091	702	50	141
1093	699	48	143
1091	697	54	159
1094	692	49	165
1095	692	53	157
1096	692	51	159
1099	690	50	148
1096	690	55	149
1101	687	50	139
1103	688	49	151
1102	685	52	140
1102	688	54	144
1103	684	54	142
1102	692	60	155
1106	684	54	154
1108	681	53	150
1109	680	57	138
1111	677	55	153
1112	675	56	153
1114	674	55	151
1117	671	52	157
1121	669	49	154
1121	670	50	152
1123	668	49	143
1123	665	49	144
1125	664	49	146
1124	663	52	147
1125	662	54	141
1127	663	52	140
1128	662	49	144
1127	659	52	137
1131	662	49	141
1132	659	49	132
1132	659	50	137
1133	658	49	140
1132	656	50	127
1137	657	43	130
1135	656	46	134
1136	655	48	129
1136	652	47	145
1133	650	49	136
1133	650	49	140
1134	650	49	144
1134	648	48	138
1133	647	50	140
1133	648	49	129
1132	648	53	140
1131	646	55	145
1131	646	57	169
1130	647	59	184
1130	646	58	197
1128	644	61	190
1129	642	54	182
1130	645	53	173
1129	644	53	163
1130	644	49	155
1129	644	50	159
1129	642	48	151
1129	643	48	143
1128	642	47	141
1127	639	46	149
1126	642	45	143
1125	642	46	139
1122	642	46	136
1122	641	44	135
1120	640	43	133
1116	642	44	132
1113	643	49	128
1114	641	45	125
1111	642	46	119
1109	638	46	123
1107	641	48	123
1106	641	46	113
1104	638	46	113
1100	649	45	118
1097	640	46	117
1093	634	50	121
1091	636	46	133
1090	636	41	130
1087	635	45	129
1084	636	46	120
1081	634	48	120
1079	636	47	124
1077	635	47	115
1073	635	47	110
1072	639	48	120
1070	634	47	114
1066	638	50	124
1064	633	51	127
1063	633	50	140
1060	631	49	147
1059	631	50	141
1056	630	47	129
1054	630	49	137
1052	626	46	150
1049	626	49	139
1044	625	45	117
1044	624	41	118
1044	628	40	107
1039	625	40	101
1034	625	39	100
1031	623	41	108
1029	626	36	112
1026	624	38	119
1026	624	37	119
1025	620	38	128
1021	622	39	129
1020	620	44	132
1021	620	39	121
1019	620	42	115
1020	619	41	119
1020	618	39	122
1022	619	39	120
1021	616	40	125
1021	616	40	129
1021	615	41	122
1023	614	41	121
1023	615	44	128
1025	618	45	149
1024	617	45	141
1027	620	48	142
1027	617	46	149
1028	616	47	150
1028	616	49	155
1030	614	47	149
1032	613	46	144
1035	614	46	147
1038	613	44	138
1041	614	39	129
1042	614	42	128
1044	609	42	133
1044	611	42	123
1046	610	41	124
1049	610	38	126
1050	611	39	116
1052	610	36	136
1053	609	39	130
1052	607	41	135
1054	608	39	137
1055	608	39	138
1056	607	38	134
1056	607	38	128
1054	605	37	130
1051	606	40	130
1043	605	43	130
1034	605	44	127
1026	603	43	118
1018	602	42	128
1013	599	43	130
1008	600	42	132
1003	597	43	120
997	601	48	111
999	600	41	107
996	600	47	120
997	600	45	132
997	597	45	140
997	599	46	137
997	599	46	140
998	598	42	127
999	597	46	134
1001	596	45	133
1002	595	43	126
1002	594	45	127
1004	591	41	124
1008	592	36	118
1011	591	37	121
1010	590	40	120
1009	588	39	112
1007	588	34	112
999	588	37	111
988	587	37	105
968	586	37	107
953	585	36	99
928	587	35	88
906	586	32	98
882	586	38	103
864	585	37	107
846	584	39	112
832	585	39	113
821	584	42	109
814	584	38	101
805	582	39	107
801	581	38	115
799	580	37	109
797	579	38	116
795	580	44	120
793	579	42	116
791	577	43	122
795	577	43	121
794	576	43	131
798	576	42	133
796	575	44	134
797	573	43	127
798	573	44	128
799	571	41	120
800	570	39	104
803	570	39	104
803	567	42	108
804	565	39	114
807	562	37	107
807	561	37	109
807	559	36	109
809	559	38	101
808	559	36	99
809	557	40	107
811	558	39	108
812	558	36	109
812	557	37	108
814	556	37	113
815	557	35	111
815	558	36	109
815	556	38	106
817	553	34	103
817	554	36	101
816	554	37	106
817	554	38	101
819	551	34	101
820	550	36	104
819	549	34	94
820	553	34	94
818	550	41	102
820	553	38	94
821	554	36	91
819	552	40	99
820	549	41	104
820	550	41	108
822	552	38	104
821	550	40	108
824	551	38	108
824	552	38	110
824	552	39	102
825	555	38	106
826	550	35	114
827	548	34	102
829	555	33	104
828	550	36	109
826	547	36	114
829	555	36	102
828	555	36	96
829	556	39	95
829	556	38	101
831	556	35	100
831	555	35	97
831	559	34	92
832	560	36	95
831	560	36	97
832	560	39	94
831	557	41	106
836	555	33	101
837	556	33	104
838	555	31	95
835	555	38	94
837	551	36	93
837	550	36	98
838	552	36	98
837	550	36	92
838	551	39	96
839	552	38	100
843	547	34	105
842	546	37	106
840	550	41	101
843	548	40	113
842	547	43	112
843	546	43	111
848	546	36	96
847	548	40	109
848	546	36	98
853	544	33	99
853	546	32	99
853	547	37	99
854	544	37	103
854	539	37	104
856	542	34	93
858	544	36	99
858	544	34	95
858	543	36	100
861	544	36	108
862	540	32	103
862	541	34	99
863	545	34	105
863	543	37	106
865	543	33	99
865	544	33	100
865	544	33	96
866	544	34	103
863	545	37	94
867	546	34	89
868	548	33	92
871	548	32	103
868	547	33	98
871	546	30	103
872	544	32	103
873	547	31	99
873	546	34	94
878	544	33	98
879	548	39	111
882	546	35	101
885	550	39	100
887	550	40	107
892	549	35	99
892	552	39	99
893	550	44	103
896	550	41	102
901	551	39	105
901	549	38	106
902	549	37	106
903	550	37	107
907	547	33	104
910	550	33	102
909	550	34	98
912	552	32	97
911	550	33	97
911	551	35	99
911	549	37	106
911	549	36	101
912	550	35	99
913	552	35	97
914	552	36	103
915	551	34	106
914	555	36	102
916	554	35	103
918	556	34	106
918	552	33	101
918	552	33	104
916	553	38	98
919	555	34	92
919	556	37	88
919	557	37	97
919	557	33	95
920	556	32	94
921	556	35	100
920	556	35	98
920	556	36	101
922	559	33	95
923	558	33	100
923	558	33	95
923	558	37	102
923	558	36	100
925	560	33	91
926	561	32	96
925	562	36	101
926	561	35	96
925	561	35	98
927	559	31	99
927	561	32	93
928	561	32	95
927	560	34	102
927	561	33	95
928	561	32	92
929	561	31	91
927	560	33	95
926	561	34	94
927	561	33	94
926	563	35	97
925	562	35	97
925	563	35	104
925	563	32	103
924	564	34	101
923	563	34	101
921	567	35	97
920	565	36	95
920	569	33	92
920	567	32	95
918	568	34	94
917	567	33	98
916	568	36	104
914	566	35	100
913	571	37	102
911	570	35	99
911	571	36	102
910	571	35	100
909	571	34	100
907	572	35	99
905	571	34	104
904	575	36	96
902	575	38	101
900	576	41	107
898	576	38	100
900	575	37	107
898	576	36	109
897	576	35	110
895	576	37	105
893	574	38	108
893	576	34	109
891	575	33	113
888	575	37	110
885	575	34	102
883	576	35	103
882	579	34	106
879	578	38	103
876	578	40	105
876	578	38	106
875	577	35	105
873	578	36	108
873	579	35	110
872	578	33	107
868	578	37	108
867	580	37	103
866	580	35	100
864	579	36	104
863	577	35	109
861	579	36	106
861	580	35	108
860	579	34	110
857	578	39	109
856	577	36	106
856	578	36	99
855	579	39	102
855	578	38	107
856	580	34	106
858	581	40	107
861	581	38	104
865	581	38	104
871	582	38	114
875	581	38	106
878	581	39	100
886	579	32	101
888	580	36	108
890	581	35	103
892	580	35	102
892	579	36	99
892	580	41	108
892	580	38	106
894	580	38	104
895	581	37	102
898	580	37	98
899	580	35	104
903	580	36	111
909	579	39	108
924	580	38	118
939	578	38	115
958	579	38	104
974	579	38	95
990	579	39	102
1006	581	36	98
1020	579	34	98
1033	580	32	103
1038	578	38	108
1045	577	37	105
1051	577	35	108
1054	576	38	111
1057	578	36	107
1061	577	38	109
1063	580	36	109
1064	580	37	109
1063	579	42	118
1067	581	38	113
1066	580	41	108
1068	581	42	107
1069	581	39	113
1067	581	44	116
1070	581	39	110
1073	579	37	108
1073	577	38	111
1073	577	39	109
1076	574	36	110
1078	574	33	106
1077	572	37	108
1080	573	34	103
1080	568	36	100
1079	568	39	103
1080	567	39	106
1079	564	41	114
1084	563	35	119
1084	564	31	110
1083	564	35	107
1084	563	34	109
1084	562	34	110
1084	562	34	104
1084	561	34	105
1085	560	32	104
1084	562	31	106
1087	560	30	106
1086	559	31	101
1085	558	32	97
1084	559	33	98
1085	559	33	102
1085	559	31	103
1086	559	31	106
1085	559	32	104
1085	558	32	98
1085	557	33	104
1085	558	35	101
1085	557	33	98
1085	558	33	99
1085	560	34	101
1086	559	32	99
1086	559	33	103
1087	560	32	99
1087	561	31	101
1087	561	32	102
1087	561	32	99
1087	560	33	101
1088	559	31	107
1091	558	29	109
1089	559	30	105
1089	560	31	102
1088	560	32	102
1089	560	31	104
1087	558	34	106
1087	560	33	101
1088	558	32	107
1087	560	33	103
1088	561	32	100
1087	561	33	100
1086	561	33	101
1086	562	33	98
1085	562	35	103
1086	563	33	103
1085	561	35	107
1084	561	34	94
1084	560	35	101
1084	562	32	94
1085	560	32	94
1085	559	31	94
1083	560	33	96
1083	559	34	98
1084	558	33	99
1084	559	31	101
1084	561	30	96
1083	560	32	98
1082	560	33	97
1083	560	32	96
1084	559	30	97
1083	560	30	90
1084	561	30	87
1084	562	29	87
1084	561	29	90
1084	559	32	86
1083	557	30	90
1082	558	31	89
1083	558	31	95
1081	556	32	94
1082	556	30	95
1081	553	33	100
1080	554	32	95
1079	555	33	96
1081	554	33	90
1079	554	33	93
1078	554	34	93
1079	553	32	92
1078	553	34	93
1079	553	34	97
1078	552	34	94
1079	551	31	91
1078	549	31	91
1077	548	32	93
1078	548	31	92
1077	549	31	92
1076	547	30	88
1075	547	31	84
1077	545	30	91
1075	544	29	94
1074	544	32	93
1073	543	34	95
1073	543	33	97
1072	544	35	94
1072	543	33	90
1072	543	34	98
1073	542	32	106
1073	542	32	100
1073	542	33	93
1072	541	33	92
1072	541	32	90
1072	541	31	88
1074	540	31	88
1073	542	29	87
1071	541	32	88
1072	540	31	89
1073	540	28	88
1071	540	29	86
1070	539	30	85
1071	541	30	86
1071	542	28	81
1070	542	30	85
1070	544	29	86
1069	544	30	86
1069	547	28	80
1066	549	30	88
1066	551	30	85
1066	555	28	85
1065	558	30	86
1064	558	29	89
1064	561	31	87
1063	562	31	88
1062	567	30	94
1061	567	32	96
1061	570	31	88
1061	572	30	87
1061	571	31	94
1060	571	28	90
1059	574	29	88
1058	574	29	95
1059	579	29	92
1057	582	30	88
1057	584	31	85
1057	589	32	85
1057	588	29	90
1056	593	29	88
1056	595	30	91
1057	595	30	86
1057	598	26	83
1057	599	25	85
1056	601	28	86
1055	604	28	83
1056	603	27	86
1056	604	28	86
1055	605	27	79
1055	604	28	76
1054	604	29	78
1054	605	28	79
1055	604	28	83
1054	603	29	81
1054	604	27	81
1054	603	26	82
1053	605	27	83
1053	605	27	82
1053	605	26	78
1053	605	26	77
1052	602	26	84
1052	603	27	82
1051	604	28	82
1050	604	28	82
1052	604	25	83
1051	604	26	80
1049	603	26	77
1048	602	26	80
1049	602	27	81
1048	602	26	83
1049	601	26	79
1047	599	28	81
1047	603	28	81
1046	601	27	80
1047	602	27	81
1046	600	27	83
1046	600	29	80
1046	601	28	78
1047	598	26	83
1047	600	24	76
1045	600	25	81
1045	599	26	76
1045	599	25	77
1044	599	27	77
1044	599	26	74
1044	597	26	78
1043	598	28	79
1042	597	29	78
1043	596	27	76
1042	598	26	74
1041	597	27	77
1041	596	27	77
1040	598	28	77
1040	597	28	81
1039	596	28	79
1038	595	30	80
1039	597	26	75
1038	596	28	79
1039	594	25	81
1038	596	24	80
1036	594	24	79
1036	594	25	75
1036	593	23	77
1036	593	23	78
1035	592	24	77
1035	593	24	77
1033	592	27	76
1033	592	25	76
1032	593	25	76
1032	592	24	77
1031	592	25	77
1032	592	25	76
1032	592	23	76
1031	591	23	76
1030	591	27	76
1030	590	23	79
1030	590	23	78
1028	588	25	77
1029	589	23	74
1027	589	24	73
1027	588	24	75
1026	588	25	72
1027	587	24	73
1026	585	24	74
1024	587	26	74
1023	586	26	75
1022	586	26	73
1022	586	26	77
1021	585	25	73
1021	585	25	73
1019	585	25	73
1019	584	26	76
1018	586	25	75
1018	584	24	76
1018	584	24	73
1017	584	24	74
1015	583	26	73
1014	582	25	72
1013	583	26	69
1015	582	22	72
1013	581	23	74
1013	581	24	73
1013	579	23	75
1012	579	24	74
1011	579	24	74
1010	578	23	75
1011	578	23	75
1010	578	24	74
1010	578	23	72
1009	578	23	70
1009	578	23	69
1009	579	23	69
1008	577	23	73
1009	576	21	69
1008	576	23	68
1008	575	22	71
1007	575	22	70
1008	575	22	70
1008	573	21	72
1008	573	21	72
1007	573	21	71
1004	572	26	72
1004	571	23	70
1005	572	23	70
1005	572	22	71
1004	570	23	70
1004	570	23	74
1003	571	23	73
1003	571	22	70
1003	569	21	70
1003	570	21	66
1001	568	22	71
1002	567	20	72
1001	567	21	72
1001	565	21	68
1001	565	21	69
1000	564	21	70
998	565	23	68
998	564	22	68
998	565	22	68
998	563	22	69
997	563	24	71
995	563	24	69
995	563	25	71
996	562	21	67
996	562	21	69
996	560	22	70
996	560	22	69
996	560	22	69
996	560	20	66
997	560	20	68
996	559	21	67
995	558	22	68
995	557	21	66
995	559	20	65
994	558	20	68
993	557	21	65
993	556	21	67
993	557	21	67
993	555	20	68
993	556	20	66
992	556	21	65
990	555	23	71
990	554	22	68
990	555	22	68
990	555	22	67
990	555	20	69
989	554	22	66
989	552	21	69
989	553	19	68
988	551	21	69
988	552	21	66
988	552	20	66
987	551	21	67
987	551	19	66
984	552	24	63
988	552	19	58
986	553	20	59
985	552	21	63
983	551	24	65
978	554	28	65
981	552	25	66
981	551	24	66
981	552	23	63
980	553	24	67
979	552	25	66
981	551	22	67
981	550	23	70
983	550	21	65
981	548	24	71
980	549	24	71
975	552	29	69
974	550	29	70
977	549	25	72
970	553	31	69
963	552	39	70
967	553	37	71
970	552	32	73
971	552	30	72
974	552	27	72
973	550	28	74
973	551	28	73
974	550	27	75
973	550	25	76
974	551	23	72
974	550	23	76
974	551	24	75
971	551	28	73
971	549	27	76
972	548	26	78
970	547	28	80
971	548	27	76
972	548	26	77
971	547	28	80
972	549	27	78
972	546	28	81
973	548	28	77
972	548	30	77
973	548	30	77
973	549	29	80
974	549	31	78
975	547	30	82
975	548	31	78
978	546	29	79
978	545	31	79
977	546	32	77
978	551	33	72
979	543	32	77
980	546	33	74
982	545	34	77
981	545	34	74
980	545	36	77
981	543	36	81
982	544	37	81
981	545	38	86
981	540	38	85
978	540	41	86
974	539	45	89
969	541	51	104
970	540	51	114
970	536	51	109
970	536	51	118
966	528	53	123
966	534	54	138
963	528	58	135
967	535	56	156
955	523	68	170
939	556	91	179
942	556	89	182
941	560	93	173
935	565	101	170
937	552	96	182
939	553	94	181
940	551	93	181
938	543	96	188
939	559	97	174
937	545	96	184
937	549	97	184
937	554	97	174
940	555	95	176
938	558	96	176
941	555	94	172
944	555	92	174
943	550	92	183
944	545	96	186
942	562	98	172
944	559	96	173
947	556	95	174
949	557	92	171
947	554	94	179
946	553	98	176
950	555	96	173
952	555	94	174
954	553	91	174
953	550	97	183
956	555	93	172
957	549	94	180
958	557	98	175
958	549	98	181
958	556	104	175
964	555	96	175
971	563	91	166
970	560	94	169
971	560	96	167
973	557	97	173
975	562	94	164
980	563	93	164
979	558	94	168
985	554	89	174
986	552	88	178
986	554	90	171
989	563	86	164
986	559	90	168
990	564	90	161
991	561	90	163
990	557	92	170
991	557	92	171
993	562	91	164
989	561	94	166
990	563	93	167
989	559	92	168
992	565	89	165
991	564	92	167
989	561	92	167
987	570	96	160
988	565	95	164
992	567	91	163
990	568	93	161
989	569	97	167
990	562	93	170
988	567	97	159
992	568	91	159
990	564	93	166
990	567	93	162
987	567	96	163
983	570	102	163
988	566	95	162
988	563	95	166
991	564	91	168
990	572	97	159
991	568	95	159
987	561	95	164
991	565	93	167
988	565	95	162
989	570	94	160
990	566	94	162
991	567	91	165
989	560	94	168
988	564	98	169
987	561	98	168
985	566	99	166
989	565	96	166
985	563	100	171
987	565	99	165
991	566	97	161
991	568	93	163
992	568	94	161
995	571	90	157
994	570	91	160
992	565	93	163
994	571	91	156
995	567	86	160
994	568	93	162
994	572	93	160
993	565	92	163
990	567	96	164
991	568	96	160
992	568	94	163
993	570	94	160
990	569	94	160
994	567	88	162
993	569	92	161
990	566	96	161
990	572	99	159
989	567	97	163
991	568	95	161
994	570	88	164
991	564	89	166
992	567	89	158
988	565	93	163
987	564	98	162
983	568	99	161
988	566	92	163
983	567	99	159
985	569	96	158
981	563	94	165
980	566	100	162
978	570	100	158
980	568	99	160
972	567	102	158
975	565	95	162
971	565	99	162
973	565	95	160
970	560	98	166
970	563	94	163
965	566	101	160
967	570	100	154
969	564	100	164
971	566	102	162
979	559	104	166
989	557	103	170
1004	564	106	159
1030	562	97	162
1049	565	105	160
1072	565	104	160
1107	563	100	162
1132	561	100	167
1171	566	103	168
1206	565	102	167
1230	568	103	168
1258	570	104	171
1271	573	109	170
1284	570	111	173
1299	573	112	172
1305	574	113	171
1314	573	107	174
1314	574	110	173
1318	574	108	174
1319	579	110	169
1319	573	113	173
1322	576	113	170
1327	579	119	170
1339	578	117	178
1352	580	122	175
1382	582	115	177
1399	588	122	177
1425	586	122	185
1443	589	124	183
1460	590	126	183
1476	589	129	185
1488	594	129	185
1499	594	130	190
1501	596	130	189
1506	596	127	196
1504	596	136	198
1510	597	127	196
1503	597	130	190
1503	599	128	189
1495	597	129	192
1488	595	135	192
1484	597	136	193
1473	600	147	191
1475	598	137	190
1471	597	133	189
1466	598	134	194
1462	597	134	193
1457	596	137	198
1457	602	133	191
1452	600	135	192
1449	600	134	191
1446	596	135	198
1446	594	130	197
1442	592	136	196
1438	594	138	198
1444	595	129	196
1447	595	126	193
1438	599	131	191
1441	594	133	190
1438	597	133	192
1438	592	133	193
1438	596	137	189
1437	593	137	196
1436	589	136	194
1440	591	133	194
1441	589	129	198
1439	592	130	191
1441	592	131	192
1437	594	136	194
1441	596	129	191
1439	594	133	193
1439	594	133	190
1442	592	129	197
1441	589	131	196
1436	590	134	199
1439	593	133	195
1435	596	138	188
1439	591	135	195
1438	593	133	193
1440	594	135	188
1444	595	127	201
1439	597	135	199
1444	594	127	201
1444	593	135	197
1453	596	127	197
1458	599	131	197
1459	603	137	191
1469	602	138	194
1476	603	139	190
1484	603	137	195
1492	606	136	192
1493	605	143	190
1500	605	137	195
1499	603	143	191
1502	605	141	194
1507	604	140	198
1501	605	144	198
1509	601	139	196
1506	602	141	196
1507	602	141	200
1509	597	138	205
1506	598	143	202
1508	598	141	203
1507	601	141	199
1506	601	143	199
1511	601	137	199
1508	602	139	195
1507	602	139	199
1504	601	144	193
1500	600	149	197
1500	599	150	198
1503	603	143	200
1501	598	145	210
1507	597	136	209
1501	599	143	204
1505	600	139	201
1499	603	144	200
1498	599	142	207
1498	600	144	211
1493	603	144	201
1500	605	137	202
1500	602	138	200
1496	601	137	208
1492	601	141	211
1490	605	141	206
1492	607	140	200
1488	607	142	198
1485	608	144	202
1479	606	147	196
1476	606	149	202
1481	607	140	201
1472	607	149	199
1471	609	150	196
1473	605	140	205
1473	608	137	198
1462	610	148	200
1470	612	137	199
1468	613	138	193
1457	613	145	195
1461	611	141	205
1454	611	145	204
1454	613	142	200
1446	613	148	206
1451	615	140	202
1441	614	146	200
1432	615	156	202
1435	616	148	205
1430	618	150	203
1427	618	153	207
1425	616	149	208
1431	618	138	206
1424	617	143	203
1420	619	145	203
1415	617	147	206
1411	618	150	204
1414	619	140	200
1408	620	144	204
1409	621	140	202
1399	620	147	206
1393	617	152	209
1396	619	141	200
1381	620	155	203
1385	619	150	209
1378	622	148	201
1380	622	145	202
1370	622	148	201
1366	621	151	206
1363	622	154	205
1360	619	154	217
1359	622	146	216
1362	623	140	217
1355	628	143	208
1345	628	151	210
1340	627	158	212
1344	627	148	216
1337	629	150	227
1340	630	143	207
1337	629	148	212
1333	631	148	212
1335	631	148	212
1335	628	145	217
1329	629	151	218
1332	626	151	218
1329	629	151	214
1325	627	155	215
1335	626	145	219
1327	627	154	216
1328	626	152	210
1333	625	151	215
1327	627	155	216
1334	629	149	207
