1008	752	34	102
1010	751	32	98
1013	746	33	104
1018	748	31	102
1019	750	34	103
1023	753	33	101
1026	753	31	101
1030	749	32	109
1031	755	35	105
1034	754	36	104
1037	764	35	101
1040	761	35	104
1045	759	35	106
1046	766	35	105
1050	766	32	101
1054	769	33	104
1059	767	31	114
1061	772	33	103
1063	773	31	101
1065	778	35	107
1069	775	35	107
1074	771	35	111
1075	783	34	110
1078	785	37	105
1079	783	37	104
1083	795	36	103
1089	791	33	110
1092	790	36	108
1091	791	37	109
1095	794	35	109
1099	790	31	116
1098	794	35	110
1101	794	34	107
1104	792	33	104
1109	791	29	113
1107	789	38	118
1111	785	38	117
1111	782	40	115
1114	786	38	111
1113	782	40	112
1117	781	37	117
1120	782	34	120
1119	780	35	117
1121	779	36	125
1122	782	36	118
1122	785	34	112
1121	788	35	115
1122	787	37	113
1122	786	39	115
1123	784	36	111
1122	782	36	110
1123	782	37	104
1120	781	39	110
1117	778	39	109
1117	778	39	113
1110	774	40	106
1102	768	36	111
1091	769	35	109
1091	769	35	109
1041	762	37	113
1020	762	36	110
990	764	31	106
947	763	32	110
909	759	34	109
909	759	34	109
909	759	34	109
789	761	30	109
753	760	32	116
727	762	34	113
697	763	33	122
671	762	41	116
661	767	39	114
649	761	42	117
638	766	39	106
631	764	44	108
628	764	29	104
624	756	32	112
620	761	37	112
618	763	34	118
617	761	36	112
618	764	33	101
617	765	35	103
616	767	32	107
617	762	29	107
614	765	37	101
613	767	43	105
613	766	34	100
614	766	34	101
612	766	38	99
611	763	35	99
614	764	30	100
609	764	36	98
609	762	33	97
608	764	37	98
609	762	35	98
606	761	40	104
608	760	36	102
608	759	34	104
607	756	37	106
608	753	35	112
605	754	36	109
606	753	35	102
605	760	38	101
603	751	43	105
604	748	35	113
604	749	37	111
604	749	33	102
602	747	34	102
601	748	38	110
599	750	38	110
599	748	38	103
599	747	38	102
596	746	40	99
597	750	35	95
597	746	34	101
595	745	33	110
594	740	34	101
591	738	40	102
591	736	39	109
589	738	38	104
590	743	38	99
587	745	39	96
586	745	43	96
586	748	44	91
585	744	46	92
582	741	43	97
582	744	41	93
583	745	33	91
581	747	32	88
580	746	38	94
577	746	36	90
578	744	36	94
579	745	43	97
577	744	42	98
575	745	40	99
574	744	47	98
573	743	41	103
572	738	54	109
571	735	40	106
571	732	34	104
569	733	34	109
567	732	34	105
565	726	33	105
564	737	34	97
563	738	39	93
561	738	43	93
561	733	41	95
560	728	38	101
558	731	38	99
558	733	46	99
557	733	42	98
557	739	49	95
554	736	45	99
554	744	56	99
547	743	52	91
548	747	39	84
544	744	37	85
542	737	42	90
543	735	40	89
543	735	39	89
540	734	39	95
540	739	40	90
538	734	38	95
537	740	40	93
537	735	40	98
534	735	44	106
534	741	45	91
529	744	48	84
532	740	38	92
528	745	38	87
530	748	45	94
531	751	41	90
527	746	41	98
525	740	50	100
523	746	57	95
523	737	47	103
520	738	52	98
519	743	63	89
524	742	51	90
526	731	42	98
530	733	31	108
538	733	41	103
536	738	51	94
538	734	59	96
544	742	66	85
547	748	77	80
553	750	80	88
540	748	89	89
546	743	86	101
552	743	85	105
548	747	80	88
543	750	67	86
549	747	56	85
547	748	47	77
545	745	48	82
549	750	43	75
549	749	44	79
552	748	40	74
547	743	44	80
564	746	44	84
582	747	53	83
593	738	51	90
594	736	63	91
603	739	69	93
613	737	72	93
621	737	85	99
630	732	74	106
637	735	59	93
638	728	67	98
642	732	56	91
644	731	42	92
642	725	39	91
646	731	35	85
648	734	43	94
643	733	49	90
646	733	52	91
648	732	58	95
674	735	53	89
678	729	49	90
725	732	48	88
755	734	41	79
772	732	48	78
797	731	52	82
818	732	60	98
822	723	48	97
825	718	54	108
841	716	51	105
852	715	44	107
857	718	48	97
860	714	42	101
865	716	48	102
864	718	45	87
867	718	44	91
864	712	59	102
862	713	71	98
862	714	82	105
854	710	72	113
859	720	68	95
861	715	87	105
859	714	89	105
860	718	89	97
857	719	95	98
856	713	93	100
856	712	89	101
856	714	89	101
855	717	88	93
858	716	87	101
846	718	98	91
851	717	95	99
851	720	92	96
852	719	93	97
846	717	86	101
855	712	85	110
850	715	93	114
848	719	91	95
845	718	99	104
846	723	85	94
853	733	80	83
845	732	88	83
846	730	73	92
846	732	86	84
846	734	87	89
844	734	86	87
842	733	91	82
840	726	104	98
839	730	94	90
843	733	98	90
842	731	85	87
845	729	84	98
838	723	88	99
840	719	104	104
837	723	93	109
841	729	89	103
843	736	87	93
837	734	92	90
835	734	101	96
842	732	79	91
840	735	94	90
832	730	102	99
829	734	113	93
831	724	95	104
834	722	103	104
831	726	107	104
829	721	109	103
835	729	94	94
832	727	94	102
839	736	103	93
829	729	100	105
832	733	100	104
830	732	113	107
834	730	102	110
835	738	96	98
839	747	93	97
833	746	106	94
830	742	105	94
831	741	96	95
830	735	96	99
822	727	109	106
822	736	110	94
824	733	101	92
829	733	106	91
828	730	100	90
829	728	108	96
828	733	115	99
826	725	99	93
827	722	92	95
828	722	102	102
822	719	95	97
830	718	103	99
830	720	98	110
821	718	108	95
827	722	105	96
824	719	109	88
830	722	96	82
828	716	100	80
827	713	108	93
830	709	104	91
828	706	100	106
827	705	101	103
828	708	90	96
830	706	97	94
830	707	94	98
829	710	94	98
827	712	96	91
830	703	103	105
829	706	107	109
825	708	107	93
831	708	88	98
834	710	90	90
835	710	88	94
834	703	89	102
835	700	109	103
829	697	125	102
829	685	129	120
827	691	121	106
1030	622	117	105
1026	634	125	113
826	704	135	94
819	705	122	86
822	711	115	95
825	721	102	79
823	717	103	80
827	719	82	95
822	714	93	90
822	714	93	90
830	718	85	97
828	713	68	113
830	711	63	108
832	715	53	124
833	695	65	131
826	715	86	136
826	715	86	136
829	716	59	148
829	716	59	148
829	716	59	148
829	716	59	148
829	716	59	148
829	716	59	148
829	716	59	148
829	716	59	148
829	716	59	148
830	688	61	125
830	688	61	125
830	688	61	125
834	694	71	125
832	704	83	121
826	709	92	105
829	714	106	115
820	709	105	104
824	715	100	92
828	714	104	78
827	714	104	97
826	713	90	72
828	713	84	65
827	714	82	60
827	719	75	59
825	720	90	62
825	715	93	72
823	713	91	78
827	708	82	92
822	713	80	97
825	714	78	89
822	716	83	83
822	718	94	87
824	712	77	93
822	712	67	92
822	715	73	75
823	717	68	72
820	717	78	78
820	717	88	74
817	716	91	82
817	711	88	88
817	713	87	90
813	711	88	93
812	715	78	88
817	706	73	99
815	710	77	90
807	712	91	90
816	716	85	76
813	716	90	72
810	713	92	75
811	717	84	74
811	718	90	75
810	719	88	77
809	718	90	82
804	714	95	91
806	707	102	102
805	717	90	88
806	717	92	85
806	713	92	89
809	716	90	75
809	723	88	74
810	725	89	76
811	723	85	76
814	724	82	82
813	723	96	68
812	715	92	76
810	724	84	86
813	722	87	91
812	722	92	87
813	718	101	93
818	723	108	83
820	720	111	87
821	719	114	87
822	719	117	80
824	719	107	88
826	718	101	81
822	722	107	80
838	723	90	84
841	722	90	85
837	725	91	86
840	724	99	79
838	727	107	71
840	728	100	76
852	719	89	86
867	717	82	106
856	726	84	105
856	728	86	88
850	714	101	100
859	728	87	85
860	722	82	99
856	725	91	91
867	723	90	90
868	730	88	76
869	727	96	88
868	729	90	96
868	727	88	102
872	729	103	83
866	728	102	90
868	728	93	99
876	727	87	105
874	725	87	96
877	723	96	105
879	726	105	84
872	729	105	88
879	736	95	83
885	731	86	88
878	733	101	88
884	728	101	89
887	731	84	92
890	736	85	89
881	733	97	98
891	734	94	90
887	733	96	95
889	734	78	90
886	737	99	83
902	734	89	80
916	727	71	99
892	730	92	103
891	740	93	96
895	738	88	96
904	736	87	104
900	738	88	99
899	733	104	91
893	733	98	90
892	733	93	84
898	733	96	86
897	719	108	99
896	726	105	90
895	727	101	88
896	728	114	91
894	730	98	71
900	727	88	68
905	719	81	74
903	718	88	85
904	716	84	92
906	719	75	89
910	716	64	84
908	717	72	80
905	715	58	80
906	711	52	78
919	713	67	72
919	705	69	81
911	705	81	92
910	704	81	98
907	703	87	97
905	704	89	93
908	706	86	86
909	702	82	94
910	706	83	73
904	711	96	59
906	710	99	66
910	705	83	77
910	702	84	93
910	704	84	85
914	702	79	96
911	702	85	85
908	700	90	89
908	703	84	88
907	704	85	97
907	702	69	93
912	701	56	91
910	702	52	88
907	698	51	89
919	693	59	95
911	698	76	87
908	702	81	81
906	701	83	78
907	703	81	70
908	701	89	64
908	700	93	66
909	701	99	60
909	699	98	65
907	701	103	74
910	699	83	84
909	701	76	91
912	697	74	82
911	700	76	75
912	700	72	75
914	701	72	80
910	699	74	84
908	699	68	88
910	699	53	92
910	699	72	90
908	699	72	83
907	701	70	72
906	702	76	81
896	702	83	97
902	702	83	83
900	703	78	75
899	703	71	90
903	701	68	88
904	700	64	83
905	699	62	86
895	701	71	96
894	702	70	92
892	704	74	89
892	700	73	102
892	694	70	107
888	694	68	107
890	704	57	88
891	706	67	78
887	706	64	87
890	712	59	86
888	704	68	94
884	707	78	85
881	708	92	78
881	710	73	90
886	710	65	98
889	702	48	114
888	708	41	103
885	705	58	97
883	712	47	86
877	714	54	82
889	716	62	87
881	718	63	92
878	718	70	95
877	717	78	91
875	713	71	107
875	713	62	114
878	714	45	116
893	707	55	109
876	715	70	105
875	718	47	96
887	716	58	97
887	725	62	104
884	722	68	101
883	721	74	98
883	718	78	101
884	714	74	102
878	717	82	92
881	716	83	101
886	717	66	104
887	725	81	93
890	728	75	101
889	725	78	88
886	723	78	96
882	730	97	87
891	730	81	97
886	731	76	93
886	727	89	87
882	729	83	89
891	732	93	85
891	727	93	106
890	730	77	109
903	729	84	101
908	728	87	94
903	733	82	86
907	726	85	101
906	717	75	112
