546	779	26	66
547	777	24	71
547	778	23	73
545	777	24	73
545	773	24	78
544	773	26	81
545	776	24	77
545	770	24	78
544	772	25	78
544	766	24	77
544	769	22	74
543	770	25	77
541	768	25	76
543	768	25	77
542	767	24	78
541	768	25	77
541	765	25	80
541	764	25	84
541	765	27	87
540	764	26	86
539	763	26	86
539	757	26	84
539	762	26	82
539	762	25	74
539	759	23	74
540	761	21	73
540	761	23	71
541	760	23	74
541	759	22	74
541	759	24	68
541	758	24	69
542	760	23	69
543	757	23	73
544	757	23	70
545	758	23	69
545	755	24	71
546	751	22	75
547	752	23	77
547	753	23	71
548	753	23	74
549	752	23	74
549	748	22	73
551	747	22	77
551	748	23	70
552	748	25	75
552	748	25	72
552	748	26	73
554	746	25	78
556	745	23	77
556	745	25	75
557	744	24	73
558	744	23	69
559	746	24	70
559	743	23	75
559	743	27	75
559	745	26	72
562	742	24	74
561	742	26	68
562	741	26	67
564	737	24	72
565	739	24	68
566	739	24	66
567	740	24	65
569	739	23	62
570	737	23	63
571	738	23	64
572	738	24	62
574	737	22	65
575	735	23	69
577	734	21	68
579	734	20	67
579	735	22	66
580	734	21	66
582	733	21	70
582	733	24	71
584	731	22	73
585	732	22	69
587	734	22	65
587	732	23	68
589	733	23	66
591	732	23	67
590	735	25	64
593	734	22	69
593	733	23	65
595	733	23	66
596	732	23	67
598	732	24	62
599	732	24	64
600	734	24	63
602	732	23	65
603	731	24	69
603	730	24	73
604	732	25	74
607	731	23	68
609	731	22	69
611	731	21	65
612	729	20	66
614	731	20	64
615	732	20	65
616	729	23	66
618	730	22	66
621	730	20	66
623	731	20	66
625	731	21	66
625	731	22	65
627	730	19	61
628	729	23	60
630	732	21	59
631	726	21	57
634	728	22	58
635	731	20	57
637	729	20	58
638	728	20	62
639	728	20	64
640	726	20	67
641	728	20	70
642	725	21	72
641	727	21	72
641	728	20	72
640	728	22	73
638	728	23	68
638	727	23	69
639	726	22	72
638	727	22	69
636	726	22	65
636	726	21	66
636	725	21	72
634	725	21	66
632	725	23	65
632	725	23	66
631	724	19	64
630	724	19	60
628	723	19	62
628	722	19	64
627	723	19	62
625	723	21	68
626	723	18	64
625	723	20	64
623	722	19	61
621	722	21	67
621	721	19	70
620	720	20	65
619	720	20	63
619	720	20	64
618	720	20	68
616	717	20	71
616	717	20	73
615	717	19	73
613	718	20	68
612	718	20	66
611	717	18	66
610	715	18	72
610	715	19	74
608	714	21	73
607	714	21	71
605	714	21	71
605	715	21	68
602	714	23	65
602	714	22	60
601	717	22	55
600	714	20	58
599	714	19	58
598	713	18	57
597	712	19	59
595	712	19	58
593	712	21	59
593	710	20	56
592	710	19	59
591	710	18	56
590	709	19	57
589	709	19	58
589	708	18	63
587	705	20	65
586	706	20	63
585	706	20	62
583	705	21	62
584	708	18	57
582	706	18	58
580	706	18	55
579	705	18	57
578	705	17	60
576	704	18	58
575	701	18	59
574	702	18	60
573	702	19	61
571	703	19	61
569	702	19	60
568	702	20	60
566	700	21	63
564	702	21	58
564	701	22	61
562	701	22	60
561	702	23	58
560	702	19	60
558	702	19	58
557	703	19	56
555	702	18	56
554	702	17	58
553	702	18	59
551	701	18	58
550	700	17	54
547	698	19	60
545	698	18	62
543	700	19	60
542	703	19	59
542	699	17	52
540	702	19	58
538	700	20	62
538	697	19	67
535	699	19	67
534	700	18	64
533	701	17	65
530	699	19	66
529	700	17	66
527	702	16	66
527	702	17	62
524	703	18	62
522	703	17	57
521	704	18	56
518	708	19	58
517	705	18	58
515	705	19	61
513	705	19	63
510	707	21	61
509	708	21	58
507	707	21	62
502	708	22	62
503	709	22	61
501	708	20	64
498	710	18	62
496	710	19	62
493	711	20	60
491	712	21	62
489	710	18	62
487	711	19	61
486	711	17	61
482	712	18	60
480	712	18	58
478	712	19	62
477	715	18	61
474	713	20	63
472	713	20	64
470	714	21	66
467	716	21	66
468	714	17	66
465	711	17	65
462	713	20	63
459	711	19	60
456	710	20	57
454	709	18	59
452	707	19	60
449	706	20	56
448	703	18	54
447	705	18	53
442	703	20	57
439	701	20	59
436	697	20	61
432	696	22	62
430	696	21	62
428	695	24	63
426	691	21	63
423	692	20	62
420	691	18	61
417	690	23	63
411	688	27	66
408	684	22	64
406	685	17	61
402	682	17	60
398	677	20	61
396	677	23	63
393	676	22	65
390	673	21	67
387	673	25	63
383	660	20	67
380	670	20	66
377	666	19	66
375	658	16	65
372	662	22	65
372	662	22	65
372	662	22	65
372	662	22	65
372	662	22	65
372	662	22	65
350	650	19	61
345	655	21	56
342	657	26	50
339	651	27	53
339	651	27	53
334	649	22	59
334	645	21	53
331	649	21	57
329	637	22	60
327	639	24	63
325	637	28	63
324	636	26	59
317	630	20	64
315	622	21	69
320	616	22	63
318	614	18	61
316	610	18	65
314	612	13	61
310	608	16	64
305	602	22	64
306	604	22	67
301	598	20	71
301	598	27	66
301	596	23	69
301	599	24	62
299	596	23	64
300	594	23	66
298	594	23	73
295	593	23	73
294	592	24	73
293	590	16	71
292	595	23	67
291	595	25	63
290	592	20	66
289	593	19	65
290	594	22	68
287	594	25	65
287	591	22	52
287	592	23	52
287	594	23	49
279	598	21	56
281	596	24	59
283	591	22	57
281	596	26	58
279	591	26	67
275	592	28	67
273	593	30	63
274	593	28	63
275	592	28	67
273	593	30	67
273	589	25	71
272	593	27	64
268	593	26	67
270	590	26	69
269	590	25	70
268	592	25	68
267	589	24	70
266	594	22	65
266	591	23	69
264	590	22	71
262	591	24	72
260	594	26	66
259	594	27	67
258	593	28	69
259	594	24	68
260	597	24	66
263	596	27	65
258	595	36	69
272	591	30	69
285	592	30	66
306	589	27	64
332	584	21	64
358	585	25	65
390	577	28	61
439	576	24	61
476	570	21	59
508	571	22	57
536	569	21	55
559	567	24	57
579	564	26	59
590	565	27	58
604	565	23	57
611	565	25	55
621	559	20	49
620	563	23	49
624	560	21	50
625	561	20	46
627	562	18	42
626	560	19	45
627	562	20	47
627	559	20	54
625	559	23	55
627	560	27	52
636	562	21	54
648	559	19	49
655	557	20	55
679	559	20	59
700	559	21	59
725	557	24	52
741	559	26	48
781	557	25	50
813	556	26	50
844	555	23	51
888	556	21	53
917	548	22	56
958	553	21	56
989	552	21	59
1020	551	29	60
1043	557	27	53
1068	554	20	55
1085	556	25	49
1100	555	20	52
1105	555	24	55
1113	554	22	57
1116	554	24	55
1124	557	20	50
1121	558	24	57
1121	557	26	54
1123	556	22	49
1119	556	27	56
1120	557	26	58
1122	556	26	55
1124	555	25	54
1133	555	20	50
1143	555	24	50
1153	556	24	41
1169	559	23	37
1185	561	24	43
1211	562	23	48
1243	561	25	50
1274	559	23	46
1310	565	27	40
1349	570	29	46
1390	567	26	45
1434	572	25	44
1470	578	28	42
1515	583	28	43
1545	589	32	49
1581	586	28	46
1603	590	30	45
1628	595	33	43
1636	598	32	47
1655	596	30	42
1663	592	31	47
1668	597	30	45
1674	597	27	43
1672	595	31	46
1676	591	26	50
1672	598	33	41
1676	599	30	43
1677	594	29	49
1677	600	27	40
1675	598	28	43
1672	597	25	43
1671	597	25	43
1669	598	27	42
1669	599	30	40
1660	595	36	45
1663	594	34	48
1664	595	33	44
1663	595	26	44
1661	590	25	49
1662	595	27	44
1663	596	26	41
1662	593	25	45
1662	592	29	46
1659	594	35	46
1660	593	33	46
1665	600	30	41
1655	598	36	43
1657	597	37	45
1657	594	37	49
1658	594	27	45
1657	595	26	50
1657	596	27	45
1659	594	22	44
1658	596	22	43
1656	598	24	43
1656	594	26	47
1662	592	30	55
1655	595	30	51
1656	595	31	52
1658	592	29	57
1649	596	31	65
1648	600	36	61
1657	593	28	65
1654	595	28	65
1647	596	31	62
1648	601	35	71
1645	592	37	64
1646	596	40	59
1646	599	32	65
1646	591	37	65
1640	594	40	77
1647	587	34	77
1646	590	33	72
1645	590	38	68
1620	577	46	69
1638	587	38	63
1629	586	45	71
1616	584	45	63
1610	585	44	56
1572	581	45	61
1553	575	38	60
1523	572	48	52
1495	574	58	61
1433	564	69	49
1421	560	57	50
1389	561	47	52
1353	540	36	54
1328	556	35	60
1300	547	27	58
1285	551	28	62
1263	545	34	65
1251	550	45	58
1242	545	37	58
1232	545	25	63
1229	540	22	58
1224	542	28	60
1215	542	35	62
1216	546	34	60
1212	546	29	61
1212	542	30	52
1212	544	29	45
1212	543	23	44
1213	545	31	47
1219	554	25	58
1208	541	27	57
1209	539	24	47
1209	543	25	54
1208	542	26	52
1209	545	24	49
1208	543	25	51
1210	545	24	48
1207	545	24	49
1206	545	25	48
1204	544	28	46
1205	545	27	46
1203	545	29	50
1203	543	29	56
1200	541	29	51
1202	544	28	50
1200	541	29	52
1202	542	30	55
1201	543	33	49
1200	539	30	52
1199	541	31	44
1201	539	31	49
1198	537	31	53
1196	534	33	57
1196	537	29	59
1194	537	30	59
1192	540	27	60
1190	540	29	60
1188	540	30	55
1184	542	30	57
1185	541	31	60
1184	540	28	57
1181	540	30	60
1182	538	24	55
1183	541	27	54
1181	539	35	55
1166	542	31	60
1178	541	24	54
1173	540	29	54
1171	542	29	50
1167	542	33	49
1167	540	33	51
1166	540	32	46
1166	539	36	39
1162	543	33	44
1161	540	34	44
1162	542	33	35
1158	541	27	35
1156	541	29	34
1159	541	26	35
1157	540	28	36
1160	542	28	40
1154	541	30	40
1159	539	26	49
1155	541	31	47
1153	539	31	41
1152	540	34	36
1151	539	25	40
1150	539	26	47
1149	540	25	49
1150	537	29	52
1149	538	28	50
1149	539	27	54
1148	541	24	54
1146	539	25	51
1147	537	29	56
1145	539	26	48
1144	536	31	54
1145	538	24	53
1141	532	28	49
1140	534	28	47
1140	535	27	56
1138	537	31	54
1139	533	37	57
1136	536	43	56
1134	530	34	61
1137	528	29	67
1134	533	35	59
1134	536	25	46
1133	539	23	38
1134	536	18	38
1134	535	18	40
1135	537	23	40
1133	535	26	44
1133	533	27	45
1133	535	22	39
1134	532	20	42
1133	540	21	49
1130	539	25	50
1133	539	27	53
1132	540	22	51
1129	532	28	47
1130	540	37	42
1128	540	40	35
1122	540	32	34
1120	539	33	35
1120	539	33	33
1120	542	33	33
1120	539	32	35
1120	539	33	39
1132	536	36	40
1121	543	30	43
1120	542	32	36
1118	542	30	34
1115	541	33	37
1119	542	27	35
1120	545	30	36
1117	543	27	40
1115	547	31	45
1115	543	30	54
1118	543	25	47
1117	542	27	46
1116	547	28	46
1110	546	22	45
1111	547	25	47
1109	548	32	45
1107	556	26	45
1107	557	31	42
1103	555	26	43
1102	556	26	43
1103	555	20	45
1103	558	20	45
1103	560	23	48
1103	561	28	44
1102	571	23	37
1101	574	24	37
1101	573	22	35
1100	576	22	36
1096	578	25	39
1090	583	27	40
1094	579	27	44
1095	578	20	45
1092	587	23	39
1090	590	27	39
1092	590	25	37
1095	594	24	41
1087	598	18	37
1088	602	17	35
1084	599	20	40
1084	604	20	41
1086	611	18	37
1084	613	20	35
1085	614	18	35
1078	622	21	34
1077	618	26	36
1078	626	25	33
1077	622	26	39
