886	233	31	33
887	232	32	31
886	232	33	33
888	233	28	31
890	232	27	30
888	230	31	35
889	229	33	34
889	229	34	32
888	228	31	32
889	226	31	33
889	228	31	31
892	227	29	31
892	229	29	30
892	229	29	30
890	226	32	33
891	222	32	38
890	221	34	38
891	224	32	36
891	230	29	31
895	233	24	31
895	233	24	31
894	233	25	31
894	233	25	31
894	233	25	31
894	233	25	31
894	233	25	31
894	233	25	31
894	233	25	31
894	233	25	31
894	233	25	31
894	233	25	31
894	236	27	28
894	236	27	28
897	245	22	25
896	252	26	26
895	249	24	24
895	249	24	24
897	246	25	26
897	246	25	26
897	246	25	26
895	246	25	27
897	250	24	27
897	250	24	27
897	250	24	27
897	250	24	27
897	250	24	27
897	250	24	27
898	249	29	30
898	249	29	30
898	249	29	30
898	249	29	30
895	252	31	32
895	252	32	31
898	253	31	31
897	253	32	31
900	255	26	28
897	254	30	32
897	254	33	32
898	256	29	30
898	256	29	30
898	254	28	34
897	257	31	32
895	249	33	39
899	251	25	35
901	253	27	35
899	255	31	34
895	261	33	29
900	259	28	34
897	256	31	33
901	260	30	34
900	258	29	32
897	254	32	34
898	254	30	34
899	258	29	30
901	261	30	27
901	261	29	26
899	262	31	26
900	258	31	29
900	257	26	32
900	258	29	32
905	257	27	33
905	260	27	28
902	261	26	27
901	258	26	29
902	257	27	31
900	262	29	25
900	258	27	30
901	259	28	29
900	256	29	30
900	260	30	30
904	259	28	27
904	257	30	35
903	245	27	41
901	249	27	39
901	252	29	36
903	251	27	36
904	254	26	33
901	254	28	30
904	254	29	29
909	264	24	26
905	255	29	30
899	255	31	30
898	252	36	33
899	255	41	25
902	251	34	27
904	250	26	27
905	247	22	30
905	246	24	31
905	247	24	29
909	242	22	34
906	244	26	32
906	243	24	33
906	242	24	31
903	241	26	33
903	239	29	32
906	242	25	29
903	240	21	31
904	239	20	36
906	240	23	32
909	242	21	29
907	241	22	29
903	236	24	33
905	235	24	32
902	237	27	36
901	238	24	32
899	236	28	34
900	236	29	35
904	237	26	29
903	236	29	29
906	237	23	28
904	239	25	28
905	235	26	29
900	231	28	36
899	232	31	35
896	232	34	35
898	230	31	36
896	230	37	34
894	229	40	33
892	233	39	33
898	233	34	31
902	233	29	31
900	232	31	29
899	236	31	28
898	233	33	32
896	230	36	36
897	224	33	39
898	233	32	34
901	236	28	29
902	237	28	26
900	232	31	30
896	231	33	30
897	231	34	30
897	230	30	34
895	231	35	30
899	235	35	27
899	238	29	28
897	233	30	29
900	233	26	29
899	233	27	28
895	243	29	26
895	237	32	24
897	237	32	23
892	237	36	23
893	235	34	27
892	233	33	28
895	231	32	35
896	233	30	32
898	230	25	35
896	228	25	34
895	234	20	37
894	232	18	39
895	234	22	40
889	227	23	38
894	223	21	41
894	233	24	34
889	233	28	34
889	237	29	30
890	240	31	26
887	238	30	28
889	237	31	27
892	239	30	27
892	237	28	25
893	237	27	28
887	236	30	33
887	239	31	30
893	239	29	32
894	238	22	31
892	238	21	32
894	238	22	32
890	237	25	36
891	236	27	35
890	240	28	33
892	243	24	28
893	242	26	31
893	241	27	30
891	243	24	31
889	244	30	30
888	243	26	31
888	245	30	29
890	244	30	27
892	245	30	26
889	246	32	32
889	245	35	35
891	242	33	37
894	245	26	31
894	250	31	30
895	253	31	27
896	249	26	29
897	246	29	31
896	246	30	30
894	248	26	31
895	245	26	30
895	248	25	26
897	248	25	31
896	251	32	28
900	249	28	27
896	252	36	25
894	250	37	29
896	252	34	33
895	248	34	31
898	249	32	35
899	253	29	35
898	249	35	31
900	245	28	34
904	242	23	41
900	242	26	41
897	240	31	44
896	236	34	50
896	236	32	46
900	250	31	44
905	256	26	34
902	252	33	33
905	255	37	27
895	244	38	33
896	256	39	29
901	251	34	34
903	255	31	28
903	256	28	26
909	252	26	31
906	252	30	28
909	249	29	30
905	246	31	33
909	245	27	33
906	243	29	32
906	245	30	31
905	248	31	31
904	243	34	30
905	247	34	31
907	247	31	28
906	244	34	32
906	237	39	37
905	241	37	32
908	242	33	30
908	242	32	30
909	243	35	29
910	243	37	32
909	241	38	31
910	243	44	29
908	243	41	29
907	240	41	34
906	245	42	31
910	245	40	30
914	239	33	33
910	243	37	30
913	243	40	29
916	243	34	27
910	241	34	30
913	240	33	31
916	242	30	31
911	244	37	31
910	238	39	32
912	238	38	33
917	234	31	37
914	234	35	36
910	235	40	36
916	231	37	39
915	235	38	35
918	234	34	36
912	239	41	36
910	237	41	39
909	231	45	42
909	236	49	36
910	229	40	41
905	230	48	43
903	226	48	49
918	231	35	40
916	233	34	39
919	237	35	34
911	237	42	31
914	235	42	32
913	237	42	31
911	237	46	31
913	235	39	34
918	238	36	29
919	233	38	34
921	234	36	33
919	234	40	30
923	239	35	31
915	230	41	36
921	233	43	29
914	232	44	32
923	237	42	38
926	239	37	36
918	232	42	35
922	229	41	40
920	229	43	43
922	230	39	43
924	230	37	44
923	231	37	42
926	232	39	42
923	233	40	40
924	230	39	43
924	232	38	40
924	232	38	39
925	230	38	42
924	231	40	42
925	231	38	41
925	230	39	44
926	227	41	44
926	226	39	46
924	224	40	47
927	226	40	44
926	226	40	42
925	224	40	44
926	224	41	45
926	223	40	46
926	224	42	44
926	222	43	47
927	219	45	49
922	221	44	47
924	222	42	48
922	218	40	57
927	218	39	45
923	219	34	43
929	220	28	42
928	224	33	35
923	227	41	31
926	224	38	30
926	218	37	36
921	221	40	35
923	220	39	36
928	218	33	40
931	222	33	35
924	224	40	31
924	225	41	30
928	223	45	33
915	223	56	34
905	232	59	31
905	228	64	29
907	225	63	28
907	222	61	34
907	230	59	40
909	225	64	40
917	226	57	30
911	227	54	30
904	228	59	28
924	228	50	28
908	228	53	28
906	238	54	25
916	235	52	27
918	230	53	30
916	234	50	28
914	235	52	24
918	231	45	31
919	232	50	34
922	236	48	30
925	235	49	31
912	234	56	33
914	237	52	27
917	237	48	30
918	233	50	36
912	238	51	33
922	240	45	30
921	240	41	34
923	242	45	28
923	243	39	27
922	242	42	29
925	242	50	30
913	241	52	32
921	243	57	30
926	239	52	33
929	234	43	37
932	236	39	34
940	236	32	33
928	233	39	36
927	234	43	38
924	236	53	34
922	231	54	38
927	231	51	41
929	230	51	41
912	229	42	35
923	234	41	41
926	236	36	38
928	233	31	41
933	235	30	36
930	236	38	39
935	233	32	44
939	238	30	40
930	228	36	46
930	234	39	41
928	231	44	47
926	232	46	43
927	233	49	39
922	236	57	35
921	238	63	34
920	231	60	40
917	225	63	48
921	230	62	46
916	229	62	43
916	231	61	39
914	230	66	43
912	225	66	51
922	231	58	44
925	235	55	38
926	235	45	39
929	234	52	42
928	235	49	40
927	232	45	43
927	228	43	45
927	228	41	44
925	229	44	44
927	228	42	44
926	230	44	42
928	229	43	43
926	230	45	41
927	228	47	44
925	230	48	42
924	231	47	42
924	234	44	38
925	232	45	38
926	232	44	36
925	231	45	36
926	232	45	38
924	230	48	37
926	231	48	36
924	229	52	38
924	228	50	41
925	233	59	38
919	231	57	39
921	232	60	36
920	231	58	37
917	232	56	38
922	234	50	35
920	232	51	39
923	227	50	43
927	224	44	47
927	230	49	44
928	230	55	48
930	228	50	42
912	226	52	43
921	228	56	42
921	228	52	42
923	236	48	43
923	234	43	37
924	228	41	42
926	238	44	45
924	235	48	38
920	233	54	37
921	235	49	35
922	238	47	35
923	241	52	31
923	241	54	32
921	239	57	37
921	239	56	39
921	238	58	40
916	236	59	40
912	240	63	44
920	245	53	39
921	248	49	37
925	246	45	43
924	250	48	39
925	254	40	34
926	257	40	34
927	253	37	39
927	262	38	37
924	259	41	39
928	263	42	44
928	269	40	40
928	262	39	50
928	273	44	43
929	277	40	37
927	279	42	39
927	281	43	38
929	281	38	47
927	283	43	49
927	285	44	46
928	287	44	48
926	294	47	47
928	299	41	39
927	299	41	43
928	301	39	43
928	302	40	43
926	306	40	42
927	308	39	41
927	306	39	44
927	309	40	41
925	310	40	44
924	309	41	44
926	312	41	44
926	311	42	43
927	310	39	44
927	311	38	41
927	314	38	42
925	316	41	41
925	317	40	40
927	314	39	40
926	315	40	42
926	315	40	42
925	314	40	44
925	315	40	44
923	317	41	43
923	319	42	42
927	321	40	38
925	317	38	42
923	319	41	42
923	319	40	41
925	319	40	42
925	320	39	42
926	318	37	43
924	321	38	41
923	321	39	43
924	323	39	43
924	322	40	42
923	322	38	44
924	324	39	42
923	321	41	47
924	321	40	46
924	322	39	44
924	321	40	48
924	326	39	43
922	326	43	41
922	327	41	41
922	328	43	40
923	326	40	42
920	324	44	44
923	326	40	42
924	326	38	43
924	328	42	42
923	330	41	40
922	329	39	40
922	329	40	42
922	330	43	43
922	330	39	41
923	330	41	41
922	329	42	44
924	329	41	43
924	330	40	41
924	329	41	43
924	329	40	45
925	328	40	42
924	328	40	44
924	329	41	42
925	330	40	41
925	329	39	42
924	327	38	46
925	330	40	42
925	330	40	41
926	329	38	41
925	331	41	38
926	331	39	38
926	330	39	41
927	331	39	40
926	331	40	39
927	331	39	38
928	328	40	41
927	328	44	41
929	327	40	42
929	328	41	41
929	328	40	39
930	327	40	39
929	327	43	39
929	327	43	39
928	329	43	40
932	328	39	40
930	327	41	38
929	324	42	43
930	325	44	41
931	325	42	45
930	325	43	41
930	324	44	47
930	323	45	45
930	324	43	43
932	323	43	41
931	324	42	40
931	324	44	40
932	321	43	44
933	324	43	40
932	322	43	41
932	320	44	46
934	319	42	43
932	320	43	44
934	320	43	43
935	320	40	42
934	320	42	43
936	320	41	42
935	320	44	42
935	318	47	40
938	316	45	42
939	318	45	42
939	318	42	41
939	319	42	41
942	320	40	38
940	317	43	45
942	322	40	37
942	318	43	39
945	316	41	43
945	316	39	44
946	317	41	43
946	317	39	43
948	314	40	44
946	311	44	50
947	311	46	51
947	314	44	45
947	311	44	49
948	314	44	48
950	312	43	46
951	312	48	48
954	317	41	42
954	313	43	44
952	308	46	50
953	309	52	53
957	311	45	46
955	310	46	46
958	307	51	50
957	307	54	50
959	305	53	56
959	304	56	56
959	305	57	55
961	305	55	57
960	306	57	53
962	306	51	51
962	306	52	52
962	308	51	48
963	314	53	47
963	312	49	51
963	308	50	51
965	304	46	56
964	299	51	62
959	300	55	65
950	301	54	65
945	306	51	53
930	313	46	45
912	315	45	42
891	321	42	36
869	319	39	35
850	318	36	37
826	316	39	38
813	316	39	38
798	316	39	42
787	315	41	39
779	316	43	41
771	317	41	36
765	317	41	36
763	316	41	38
759	316	42	39
757	315	44	39
756	315	43	38
756	316	41	37
754	311	44	42
755	313	43	40
754	313	45	41
755	313	43	40
753	312	45	40
753	312	43	40
753	311	40	40
752	310	42	42
752	309	44	40
752	309	43	42
752	309	43	42
751	309	42	42
750	308	43	42
750	306	44	44
750	306	45	44
750	306	43	43
750	307	43	41
750	307	43	40
750	304	43	43
750	304	44	44
750	304	44	41
750	304	44	43
749	303	44	44
750	302	44	43
752	302	43	42
751	301	43	44
751	303	43	41
750	302	42	41
751	301	43	44
751	301	43	41
752	302	40	40
752	303	41	38
753	303	40	39
755	302	42	39
760	300	41	42
769	300	44	43
785	302	39	39
795	303	47	36
819	302	52	39
840	298	52	44
868	299	54	42
894	299	62	40
930	297	56	42
961	296	48	47
986	298	43	43
1013	301	42	42
1030	299	40	43
1044	301	39	40
1055	300	41	40
1064	300	39	41
1069	300	40	40
1076	301	38	39
1078	299	40	41
1077	299	42	42
1078	301	43	42
1079	301	42	40
1077	301	46	41
1075	302	49	41
1078	301	46	42
1077	300	49	44
1079	301	46	41
1082	301	41	42
1081	301	41	41
1080	301	43	43
1080	299	44	45
1082	299	41	45
1082	301	41	43
1080	301	43	43
1080	302	44	45
1081	301	43	44
1080	303	43	42
1077	303	43	41
1075	302	43	43
1066	304	40	40
1053	304	40	40
1030	304	47	39
1003	306	43	41
971	306	43	43
934	302	37	42
895	304	44	41
850	305	42	40
812	306	39	36
759	303	41	41
704	301	45	45
654	304	46	42
599	306	44	42
549	307	44	40
495	303	47	47
443	306	46	46
403	306	53	49
367	307	52	48
338	307	46	48
313	306	51	52
297	309	50	49
283	309	50	47
274	309	49	46
265	310	53	47
261	308	52	48
256	308	55	51
255	308	54	55
253	308	54	52
253	310	53	49
253	311	52	49
253	311	50	51
254	311	50	49
253	311	52	51
253	311	52	51
252	312	54	50
253	313	55	50
254	313	52	50
254	314	53	49
255	315	52	49
256	314	51	50
256	314	49	49
257	315	52	50
259	316	51	49
268	317	51	49
282	318	52	47
298	317	53	48
321	312	60	53
353	317	63	49
386	317	59	49
430	315	56	49
462	313	59	48
511	315	59	47
552	313	62	54
598	314	55	48
657	315	48	44
696	316	50	41
743	315	49	43
786	317	51	44
823	316	42	43
860	319	43	39
885	316	44	42
907	318	42	42
924	315	40	44
939	319	39	40
947	319	40	40
955	321	42	41
959	321	41	38
964	320	39	39
963	318	45	42
965	316	44	46
963	318	51	46
968	323	43	39
966	322	46	40
964	319	53	48
967	319	49	49
967	319	43	48
965	317	48	52
967	318	46	48
971	322	40	46
969	323	41	45
970	324	40	45
967	322	44	45
968	322	42	44
968	324	42	39
966	328	45	37
970	326	42	38
970	325	39	41
970	323	39	41
970	323	40	43
967	320	44	46
969	323	46	43
969	323	42	43
969	326	41	41
964	325	49	42
966	319	49	48
968	320	48	47
968	321	42	48
972	321	37	48
968	323	42	45
966	321	48	47
966	327	47	41
970	327	43	41
969	322	43	46
970	322	44	47
966	320	51	49
967	319	49	49
967	312	47	55
967	306	47	62
963	303	57	70
967	300	54	70
964	299	56	74
968	300	50	69
966	304	49	67
967	312	48	64
968	314	49	56
972	315	40	50
973	318	40	47
971	319	44	47
971	318	45	47
970	317	48	49
971	317	45	50
967	319	49	51
967	321	53	50
967	320	53	55
969	319	49	53
971	321	47	47
969	321	47	44
974	325	44	40
974	324	45	40
971	325	47	41
971	321	46	47
970	322	48	46
970	319	47	49
970	318	48	50
971	321	46	45
969	320	49	49
970	314	52	55
969	314	52	51
965	313	54	55
967	319	57	50
968	321	55	51
971	317	49	52
971	318	47	52
964	317	53	57
965	316	52	60
968	322	49	57
975	329	42	46
975	325	45	54
972	325	49	52
973	326	48	50
973	325	47	49
973	324	49	51
972	322	49	54
972	327	50	46
974	323	47	50
973	322	49	53
973	321	47	51
973	322	48	50
974	322	49	51
974	321	47	48
975	321	47	48
972	322	49	47
974	319	47	47
973	320	47	46
976	316	47	49
974	315	47	49
973	319	47	45
975	317	46	47
974	315	48	50
976	313	48	52
976	314	47	47
976	314	47	48
975	311	50	52
975	315	49	47
978	323	43	42
975	320	47	41
973	315	52	45
974	310	48	45
975	310	46	45
977	309	44	47
977	311	45	43
981	306	44	47
977	303	48	52
977	302	52	55
972	299	50	59
973	300	52	54
975	299	50	55
976	297	47	57
976	301	44	52
981	296	36	55
977	297	40	53
977	297	47	53
979	300	49	46
976	298	45	55
978	301	43	55
977	294	50	55
975	289	49	53
975	296	48	47
978	286	47	54
977	285	48	58
976	289	50	51
977	288	50	51
975	288	49	49
974	286	48	49
972	289	54	50
971	288	52	51
974	287	50	50
973	288	51	48
975	287	49	49
973	287	47	48
974	287	51	46
977	287	42	48
977	285	45	45
974	284	46	51
976	281	47	55
975	281	47	53
972	284	51	56
971	282	50	56
972	281	50	57
972	284	48	50
976	285	44	54
973	279	45	57
972	278	44	56
970	288	46	52
971	287	41	55
976	291	42	46
967	286	46	53
966	283	46	59
966	283	52	62
965	284	53	57
963	288	59	57
961	283	63	58
959	285	66	64
960	283	61	67
961	289	60	53
961	289	59	54
959	288	60	55
957	289	55	56
956	295	60	54
955	299	66	48
949	302	57	44
949	304	47	45
949	307	58	43
946	308	52	41
950	304	42	48
946	309	44	48
945	308	45	46
944	309	49	48
939	308	53	47
936	314	49	45
931	315	52	48
930	315	50	51
928	316	49	46
925	315	48	50
924	315	49	50
923	315	48	51
921	316	49	50
920	318	48	49
920	317	48	50
919	313	48	53
917	315	50	53
917	315	51	53
916	317	49	50
915	316	49	50
916	318	45	49
913	316	50	50
912	317	51	51
913	316	49	50
913	316	48	50
914	315	48	51
912	315	49	51
913	317	47	48
913	318	48	49
911	317	50	50
912	316	50	52
913	314	49	57
913	314	49	55
912	315	48	54
912	317	49	54
912	316	50	53
914	318	51	51
920	320	52	48
928	320	57	45
950	321	52	45
967	323	47	43
984	321	46	42
991	322	53	43
1011	320	52	48
1026	318	50	51
1035	318	47	52
1045	318	43	49
1050	321	45	47
1052	318	46	50
1054	322	49	48
1055	320	50	49
1058	320	49	48
1060	322	48	46
1060	320	49	48
1064	323	48	47
1064	324	48	46
1063	321	50	50
1061	321	52	50
1061	322	55	48
1061	323	50	46
1060	320	54	51
1063	325	49	45
1062	323	49	48
1064	324	44	46
1065	321	45	53
1059	319	50	59
1063	321	52	54
1061	320	49	56
1059	322	51	57
1059	323	50	55
1059	324	54	47
1058	323	51	50
1057	325	49	46
1056	323	51	53
1054	323	51	49
1054	322	48	50
1055	321	48	55
1053	322	50	49
1053	325	49	49
1053	325	48	50
1049	326	48	47
1047	323	49	52
1046	326	50	50
1045	326	51	50
1042	325	52	53
1041	325	53	53
1041	323	50	53
1041	326	47	51
1038	326	47	52
1039	326	47	51
1037	328	49	51
1036	329	48	45
1035	330	51	46
1034	327	49	48
1036	329	50	47
1037	326	48	52
1039	327	48	50
1040	328	48	51
1041	329	51	51
1041	330	53	50
1041	329	50	50
1043	331	52	49
1041	332	52	45
1041	331	48	48
1041	331	51	49
1040	330	50	54
1038	332	50	50
1036	331	52	51
1035	330	52	52
1034	331	55	51
1031	331	56	53
1029	332	56	52
1031	332	53	51
1029	333	53	50
1027	332	53	52
1027	332	51	53
1026	332	55	51
1027	331	52	54
1026	333	50	53
1025	331	56	54
1025	332	52	53
1025	332	54	53
1026	332	50	52
1030	332	44	51
1026	332	49	51
1025	332	53	52
1025	330	50	56
1027	332	50	55
1026	331	47	56
1028	330	49	55
1025	331	50	55
1026	333	47	50
1026	331	51	53
1023	332	52	52
1025	333	52	51
1027	334	50	49
1025	332	49	51
1026	333	52	52
1024	335	54	52
1027	334	50	51
1026	334	50	49
1025	333	53	51
1024	335	52	49
1027	334	49	47
1026	334	51	53
1027	331	47	54
1026	331	50	56
1024	332	53	55
1024	334	52	55
1024	332	51	55
1026	333	50	52
1026	333	50	51
1028	333	51	54
1028	334	48	49
1028	333	48	51
1027	332	50	56
1030	334	47	51
1028	333	47	51
1029	332	46	52
1026	333	46	51
1027	332	49	53
1028	334	48	47
1027	332	48	51
1028	333	45	49
1027	335	45	48
1028	332	46	51
1026	333	50	51
1027	331	49	54
1026	334	50	50
1030	335	47	50
1028	334	47	52
1030	332	49	55
1029	333	48	52
1027	332	49	53
1023	331	51	54
1025	330	50	57
1025	332	53	54
1025	333	53	50
1025	334	53	52
1025	333	51	53
1024	334	50	51
1024	334	54	51
1024	333	54	53
1021	333	57	53
1025	332	51	53
1024	332	54	52
1025	331	50	51
1025	330	52	53
1025	330	53	53
1025	331	54	51
1024	329	55	54
1026	328	52	54
1026	328	52	55
1028	325	51	57
1030	324	48	59
1029	326	49	56
1026	326	50	52
1026	326	52	54
1027	323	50	57
1029	324	48	54
1032	325	45	53
1030	324	46	56
1028	324	49	55
1024	322	52	60
1020	323	58	58
1029	321	50	59
1030	323	47	54
1030	324	48	52
1030	323	48	52
1029	324	49	51
1029	324	49	49
1026	323	50	52
1023	322	53	53
1028	324	51	50
1026	324	49	50
1028	324	50	52
1028	324	50	52
1028	323	49	52
1027	324	49	51
1024	322	54	57
1027	322	51	56
1023	324	54	52
1027	321	51	56
1026	324	52	58
1022	322	57	62
1020	323	60	61
1028	325	52	60
1026	325	52	59
1029	328	48	53
1030	329	47	50
1025	327	52	57
1024	330	55	55
1027	328	51	56
1026	329	51	56
1026	329	52	53
1024	332	54	53
1032	330	46	55
1026	331	51	54
1026	332	50	52
1024	332	51	54
1019	332	55	58
1022	333	52	54
1021	333	52	56
1022	331	51	57
1021	332	49	57
1021	335	50	55
1018	334	51	57
1014	335	55	56
1017	334	51	58
1014	336	53	56
1013	336	51	56
1009	333	56	61
1006	335	57	62
1006	335	53	61
1004	335	52	61
1003	337	51	57
999	336	54	58
997	335	61	59
993	336	56	57
994	334	57	62
991	338	57	58
990	340	55	53
988	342	55	56
986	337	55	61
986	340	53	58
987	337	50	58
990	342	50	55
984	341	51	57
982	345	48	51
989	340	38	59
988	337	38	64
981	340	44	63
978	348	44	53
976	351	47	51
972	348	48	51
971	348	49	50
974	348	47	50
977	344	46	54
971	340	50	61
973	346	49	56
966	348	55	53
968	350	51	51
964	349	54	54
964	345	55	57
964	343	55	60
965	344	53	56
967	343	52	57
963	343	60	62
962	348	63	55
965	347	60	55
968	346	60	59
968	347	60	56
966	346	62	57
970	345	61	58
968	344	63	57
970	342	64	60
972	340	62	62
974	341	58	61
974	338	61	61
976	337	59	62
976	336	59	60
975	338	59	58
974	336	64	60
975	334	60	59
977	331	62	61
976	332	62	59
977	329	61	60
976	328	60	60
975	327	62	61
977	329	58	57
975	326	64	60
975	324	63	62
976	324	62	61
975	324	62	59
977	323	60	60
975	322	61	61
977	321	60	60
977	320	62	61
978	316	59	64
980	319	56	60
978	319	59	61
979	322	58	58
979	319	57	60
980	321	59	57
980	320	57	58
981	320	58	58
983	320	59	60
992	322	57	58
996	320	58	60
1007	320	59	62
1020	322	58	59
1031	322	61	61
1045	321	59	61
1059	324	58	61
1070	324	58	58
1078	324	64	61
1083	325	65	61
1093	325	59	60
1097	324	61	61
1103	322	61	66
1102	324	67	65
1105	323	65	66
1106	323	64	66
1107	323	64	65
1109	323	63	66
1109	323	65	68
1108	323	66	69
1107	323	66	68
1111	324	63	68
1111	325	64	66
1109	327	66	64
1108	326	67	65
1110	327	64	64
1111	329	63	62
1113	329	62	62
1110	328	66	66
1109	330	66	63
1110	331	66	62
1110	330	65	65
1110	332	66	61
1110	329	65	66
1106	331	65	65
1101	332	69	65
1097	336	58	60
1080	335	61	61
1059	335	61	61
1034	336	63	61
997	341	64	59
969	338	57	60
932	340	57	58
889	339	57	60
845	336	60	62
808	339	54	60
783	337	54	63
750	338	57	64
727	338	59	65
712	340	60	64
699	340	63	63
685	339	68	65
676	341	69	65
672	339	70	67
670	339	66	68
666	340	69	66
666	342	65	63
667	342	61	64
663	342	67	65
664	343	66	65
664	343	66	64
665	342	62	65
665	342	61	65
663	341	63	66
664	343	65	64
664	341	66	67
666	343	63	65
665	342	64	65
666	342	63	66
668	343	60	63
666	341	64	68
666	344	66	65
666	343	63	65
667	342	65	67
666	343	64	65
667	344	61	65
666	344	62	65
666	343	66	65
667	345	65	64
667	345	64	65
666	345	64	65
668	346	62	64
669	349	61	61
668	346	64	65
669	347	61	63
668	347	61	65
668	348	62	63
668	349	63	62
667	346	65	66
666	347	65	64
667	347	62	64
667	346	65	66
667	347	63	64
668	346	64	66
668	348	64	63
669	346	64	65
670	347	61	63
670	346	61	64
669	347	65	64
670	345	62	66
671	346	61	66
671	344	62	66
671	344	62	65
672	343	61	67
671	345	62	64
672	344	64	63
673	345	60	63
675	345	60	61
673	344	66	62
673	343	63	64
675	342	63	65
676	341	62	67
677	340	62	65
678	340	62	64
677	339	64	64
679	339	63	64
679	338	62	63
679	337	64	65
680	337	65	67
683	338	60	60
683	337	63	62
682	336	62	62
684	337	61	60
685	336	60	61
686	336	62	62
689	334	58	62
688	334	63	62
690	332	60	62
690	334	61	62
693	335	58	59
693	333	59	62
695	333	60	63
693	335	64	60
695	333	60	61
697	333	59	61
699	331	58	64
701	332	58	62
700	334	60	59
701	332	59	63
703	331	58	61
703	331	59	61
704	334	60	54
705	333	59	56
705	331	61	59
705	333	60	55
706	332	60	56
708	332	58	55
707	333	58	54
708	333	55	53
707	334	59	54
708	333	58	52
707	332	57	53
706	334	57	52
706	334	59	52
705	333	59	53
704	332	59	55
705	333	57	55
704	333	56	53
702	333	56	53
701	333	55	53
700	334	56	55
698	335	56	54
696	336	58	51
693	334	57	54
691	334	58	55
687	334	58	55
688	335	56	53
685	336	56	53
681	336	58	51
681	337	57	54
678	336	57	54
678	337	54	52
674	337	56	51
669	336	57	52
668	339	51	50
664	338	53	52
660	337	51	53
658	335	54	56
654	339	57	49
651	338	51	56
650	339	45	52
644	339	50	51
641	341	50	48
637	338	52	51
637	338	52	51
624	339	53	54
623	335	41	56
623	335	41	56
623	335	41	56
623	335	41	56
611	342	38	49
611	342	38	49
611	342	38	49
611	342	38	49
611	342	38	49
611	342	38	49
611	342	38	49
611	342	38	49
611	342	38	49
611	342	38	49
611	342	38	49
611	342	38	49
611	342	38	49
611	342	38	49
611	342	38	49
611	342	38	49
598	345	29	44
601	351	24	37
601	352	29	34
601	352	29	34
601	352	29	34
600	341	28	35
600	341	28	35
