1039	362	130	112
1038	354	132	120
1034	362	134	111
1033	353	138	120
1037	362	130	104
1037	365	133	101
1033	363	126	112
1025	364	118	104
1026	364	112	111
1032	366	108	134
1015	369	122	120
1011	366	137	135
1008	362	138	159
1001	366	140	129
1004	365	128	127
1000	366	124	136
997	371	130	123
990	370	133	127
985	366	134	131
986	367	131	126
978	372	137	125
980	370	134	131
978	371	138	127
976	374	129	127
969	372	140	135
969	375	134	123
966	378	136	128
959	372	142	135
962	373	137	140
955	375	131	137
955	378	131	135
950	380	135	127
945	379	145	131
943	377	140	134
960	377	128	129
958	374	123	139
951	379	118	143
952	377	116	136
945	381	122	140
932	376	133	154
922	382	142	140
931	385	135	138
938	377	127	148
939	383	130	142
933	381	140	146
906	383	162	144
892	385	164	144
880	393	170	140
879	416	205	114
874	428	183	99
866	434	209	100
863	446	188	86
860	447	206	84
859	412	195	112
862	402	181	135
851	394	190	146
843	430	193	118
841	442	189	96
830	441	210	106
829	448	207	89
824	449	200	92
823	448	204	96
819	455	210	94
811	461	216	88
793	456	226	96
799	463	214	89
801	448	199	104
789	449	218	110
775	446	236	123
780	443	216	121
781	438	195	142
780	437	180	144
778	435	186	143
765	433	212	165
761	429	195	188
763	434	195	173
770	422	180	181
761	421	194	188
754	422	201	206
747	418	201	210
747	420	196	200
740	420	211	194
742	417	203	222
731	420	220	213
731	419	212	214
723	418	225	212
716	417	221	226
714	418	223	218
725	416	210	206
705	417	233	226
708	413	230	233
699	417	241	223
694	419	243	221
682	420	258	224
675	424	277	212
675	418	259	227
664	421	277	217
671	419	248	225
666	425	251	216
651	422	276	209
648	424	292	217
640	427	304	226
627	426	320	226
621	422	328	232
620	434	329	219
621	414	332	231
616	426	318	234
609	423	337	215
616	424	354	235
610	425	371	232
614	444	362	205
617	431	381	219
630	446	380	210
629	432	378	215
633	434	395	214
635	439	416	217
655	438	413	214
662	443	417	206
680	438	419	223
690	438	425	223
702	440	417	216
714	436	389	223
722	447	321	224
758	441	311	218
768	434	299	218
778	440	292	216
780	443	298	219
801	443	301	218
797	437	318	232
803	435	325	236
807	438	322	232
817	440	312	231
810	443	318	225
809	446	324	224
806	443	324	230
803	438	338	240
801	446	331	228
789	443	343	239
785	442	354	239
783	447	356	237
771	444	365	241
761	446	379	242
753	448	358	235
747	453	368	234
745	442	378	239
733	460	382	232
718	449	390	257
711	461	396	234
685	444	440	260
688	457	439	235
679	461	414	226
679	459	406	215
674	463	391	231
668	452	396	242
664	468	477	225
649	462	469	235
657	457	484	239
647	462	487	246
650	468	444	237
653	477	413	216
661	477	412	215
660	464	420	237
678	463	397	242
679	467	388	244
673	462	396	249
668	475	401	231
658	478	425	241
673	470	405	253
668	476	417	242
677	483	391	229
657	470	418	244
634	477	417	245
659	481	393	244
641	477	421	241
613	489	444	225
607	484	450	238
580	493	469	247
604	491	433	235
588	510	445	222
588	470	461	272
577	492	471	254
582	495	455	232
579	490	459	242
581	503	479	242
584	507	471	234
577	512	478	224
590	501	475	258
608	485	469	268
612	486	483	280
613	507	492	244
608	491	513	275
620	491	511	282
624	526	515	255
611	481	526	319
621	464	484	327
606	503	529	249
586	497	565	257
548	487	594	274
570	516	601	249
579	508	614	238
593	507	587	255
553	490	665	278
690	481	549	297
655	495	565	273
673	475	560	310
721	443	553	347
694	464	580	326
696	450	613	350
684	451	644	365
610	473	714	312
731	455	608	323
749	462	613	323
787	460	571	330
826	452	527	320
822	464	539	335
816	484	542	303
822	507	543	272
753	517	601	269
793	527	560	247
750	517	578	265
789	545	553	225
746	502	560	268
772	511	551	260
763	554	544	213
765	545	543	232
742	565	560	218
751	553	557	221
724	502	566	277
740	508	535	273
731	536	565	249
735	527	554	261
736	527	563	261
689	583	567	247
746	524	555	268
752	576	551	219
732	614	533	186
725	629	485	158
709	619	474	173
738	613	428	189
752	630	393	169
760	578	391	225
772	598	363	264
766	615	377	235
771	562	345	249
806	589	349	256
796	584	378	275
800	597	373	257
813	626	377	224
798	591	396	253
806	612	387	246
825	587	375	273
795	620	414	236
808	588	395	237
813	607	394	241
794	642	430	204
788	597	409	230
798	631	416	226
787	659	419	176
778	616	433	218
758	657	455	173
754	627	451	178
761	677	428	137
774	701	421	137
722	688	463	98
745	725	437	115
728	698	440	88
765	724	403	116
788	699	386	148
773	699	388	127
693	623	350	164
696	624	416	164
686	650	462	145
656	591	455	201
674	639	413	145
687	672	441	117
679	622	439	133
693	614	398	167
700	613	370	167
705	616	352	164
712	599	290	174
724	601	249	172
740	590	235	184
754	596	216	173
758	606	219	165
771	599	220	168
783	601	213	168
800	593	202	176
808	601	214	161
810	590	225	178
822	584	223	179
838	585	209	177
857	603	202	159
871	594	201	166
877	599	193	159
1121	747	217	151
868	603	215	156
891	590	194	168
893	569	221	186
863	590	208	167
870	577	198	181
887	597	212	154
854	580	216	169
853	578	189	171
845	571	182	180
834	581	194	168
831	580	191	166
815	580	174	164
812	565	145	175
806	567	137	172
811	574	160	167
799	578	158	161
791	563	164	176
791	561	143	173
798	571	152	162
792	568	154	157
801	557	143	166
806	553	140	170
821	595	140	136
823	581	148	141
826	569	140	148
835	573	151	138
845	551	136	157
851	547	135	158
868	554	147	155
875	554	141	153
894	546	126	160
901	543	124	160
908	542	126	157
928	537	141	173
940	537	121	161
950	533	127	167
963	537	131	166
974	537	121	156
986	539	131	154
998	534	121	151
1011	530	114	159
1028	532	109	163
1041	530	106	159
1048	531	120	155
1048	537	110	151
1055	540	99	127
1053	519	107	146
1054	521	107	154
1052	518	109	152
1057	519	100	155
1049	516	108	171
1045	517	105	145
1043	513	98	142
1035	513	102	132
1035	511	96	139
1023	505	97	145
1018	501	95	144
1015	502	96	143
1007	500	103	135
1007	499	96	135
997	499	94	136
1004	493	86	138
1008	492	71	141
1004	494	87	133
1015	490	73	150
1016	489	74	155
1011	488	84	183
1027	487	80	182
1035	489	75	168
1039	485	83	151
1049	487	84	167
1069	484	68	168
1069	479	80	175
1080	479	89	168
1099	475	83	163
1115	475	83	166
1128	477	82	173
1149	476	71	169
1160	479	81	147
1175	478	80	156
1187	471	84	142
1219	474	79	134
1234	478	70	127
1249	468	79	132
1267	469	81	122
1267	469	81	122
1289	466	82	108
1302	469	85	99
1307	473	81	105
1306	470	93	94
1307	470	96	106
1309	471	94	83
1298	480	90	94
1305	466	85	107
1311	464	75	94
1306	468	74	95
1312	461	58	80
1312	461	58	80
1312	461	58	80
1312	461	58	80
1312	461	58	80
1312	461	58	80
1312	461	58	80
1312	461	58	80
1312	461	58	80
1312	461	58	80
1312	461	58	80
1269	456	45	88
1269	456	45	88
1269	456	45	88
1269	456	45	88
1269	456	45	88
1269	456	45	88
1269	456	45	88
1269	456	45	88
1269	456	45	88
1269	456	45	88
1269	456	45	88
1269	456	45	88
1269	456	45	88
1269	456	45	88
1269	456	45	88
1269	456	45	88
1269	456	45	88
1269	456	45	88
1201	444	55	82
1194	437	56	86
1180	432	63	99
1184	430	59	95
1189	424	47	96
1184	421	46	107
1183	425	48	112
1183	425	48	112
1182	416	43	118
1174	409	51	120
1169	418	47	114
1167	410	49	103
1168	415	38	110
1166	423	41	112
1165	415	42	116
1165	415	42	116
1165	415	42	116
1156	408	42	115
1152	402	48	114
1146	405	42	114
1147	405	41	101
1144	408	45	99
1143	406	34	95
1142	412	26	102
1138	413	33	93
1134	422	27	86
1132	410	37	87
1131	411	39	89
1127	417	38	85
1125	422	33	82
1122	413	31	80
1124	409	28	80
1121	409	35	82
1119	409	46	87
1110	408	44	84
1111	412	40	79
1107	414	35	76
1107	415	31	87
1104	395	29	91
1100	399	30	92
1098	402	37	83
1098	405	35	82
1096	416	37	75
1095	411	25	78
1093	405	24	76
1087	405	26	78
1085	408	21	76
1083	400	22	78
1081	399	22	84
1080	404	16	82
1090	397	16	83
1085	395	19	84
1077	395	24	82
1072	394	27	80
1069	393	28	73
1067	398	23	70
1066	400	21	69
1066	400	17	71
1064	403	16	66
1062	398	18	67
1060	399	20	66
1057	400	23	64
1055	395	23	60
1055	403	19	54
1053	408	24	49
1052	396	22	47
1049	400	22	42
1051	398	21	45
1049	395	21	42
1047	404	21	37
1045	394	26	36
1039	402	22	40
1040	402	16	39
1039	402	15	45
1038	401	16	44
1039	403	11	44
1035	399	13	46
1039	390	17	46
1036	399	15	49
1036	399	15	49
1042	392	16	55
1049	396	13	50
1055	392	16	55
1064	382	18	61
1071	386	18	62
1079	379	21	66
1088	382	15	69
1090	377	13	70
1095	379	19	69
1094	374	24	75
1094	369	26	75
1092	368	29	77
1097	372	39	76
1088	373	50	78
1077	382	59	70
1088	373	49	70
1082	370	49	73
1059	374	37	66
1091	377	41	65
1082	366	46	74
1059	368	47	72
1085	369	47	72
1094	374	47	69
1075	361	48	72
1102	369	54	69
1088	368	54	66
1102	370	54	65
1115	373	40	64
1107	364	38	72
1116	365	39	70
1108	360	30	75
1113	364	36	70
1118	370	34	63
1111	361	34	66
1101	355	39	72
1106	358	46	71
1096	357	56	73
1106	362	51	67
1101	355	47	70
1109	356	39	73
1116	359	38	80
1118	357	42	72
1114	360	39	66
1124	365	41	68
1120	361	39	67
1114	365	41	68
1120	360	36	65
1124	353	31	71
1120	352	32	72
1120	354	32	74
1120	354	32	78
1121	354	32	83
1120	355	31	80
1121	353	34	89
1111	346	35	101
1118	345	30	93
1120	353	27	86
1118	358	33	82
1114	350	32	80
1116	358	33	80
1113	354	28	74
1112	360	28	72
1115	354	23	70
1112	357	28	71
1105	356	37	67
1108	361	32	65
1108	364	32	65
1101	354	38	68
1103	364	34	71
1103	360	34	66
1103	366	36	65
1100	361	32	64
1101	358	33	59
1101	367	30	57
1094	363	35	54
1095	359	34	53
1098	367	29	46
1095	366	28	41
1097	368	26	37
1095	368	24	34
1094	367	28	37
1093	368	28	34
1092	369	27	34
1090	369	27	35
1088	367	30	34
1088	365	32	40
1088	365	30	43
1087	364	27	48
1086	361	28	56
1086	359	26	57
1084	363	27	54
1083	355	28	59
1081	362	27	54
1079	366	27	48
1080	360	25	47
1078	366	28	41
1076	366	29	47
1076	364	28	50
1072	363	32	49
1075	365	26	49
1074	364	28	47
1075	366	26	42
1073	367	27	37
1074	367	24	34
1073	366	26	37
1070	366	29	39
1070	367	25	37
1068	366	30	33
1067	367	35	35
1058	368	35	40
1063	365	36	38
1063	366	38	36
1059	367	31	37
1059	366	32	34
1060	365	33	33
1060	364	32	36
1055	367	26	32
1055	364	31	34
1055	363	31	34
1054	363	28	35
1056	363	25	33
1056	361	25	35
1056	358	21	39
1057	360	21	40
1056	359	21	41
1058	361	19	39
1054	362	22	42
1053	364	24	48
1053	357	28	44
1055	357	32	52
1051	358	37	60
1049	352	36	65
1045	346	42	72
1048	356	42	59
1043	354	46	63
1043	354	48	58
1041	353	52	55
1041	352	58	54
1037	354	49	52
1040	350	42	54
1042	348	43	57
1040	343	35	60
1039	346	40	57
1038	347	36	53
1036	342	38	56
1036	340	38	60
1036	338	35	60
1035	342	33	56
1032	340	37	56
1031	338	39	56
1030	336	41	57
1029	337	38	54
1029	341	36	49
1028	340	39	51
1026	341	38	49
1025	341	36	50
1026	342	32	49
1025	342	33	44
1024	343	31	46
1025	341	33	47
