742	721	26	73
741	720	25	74
740	720	25	74
738	720	27	75
737	720	25	75
737	719	23	77
734	720	26	73
734	720	25	78
734	720	27	80
735	720	29	88
740	719	29	93
748	719	27	89
756	716	27	90
767	716	23	82
775	715	23	80
782	717	25	73
789	715	25	77
793	715	24	76
797	716	23	73
799	715	25	79
800	716	25	79
801	716	25	74
800	715	27	72
800	716	27	74
799	716	26	73
799	717	26	78
796	716	26	79
797	716	25	75
795	716	25	80
793	717	25	84
791	717	25	82
789	717	25	83
786	717	27	87
785	717	26	82
783	717	25	82
782	717	25	78
780	717	24	81
778	717	24	85
776	719	24	82
775	718	25	82
772	718	26	86
769	719	28	86
768	720	28	80
766	719	28	81
766	720	26	80
765	719	27	80
764	720	28	78
766	719	27	80
772	720	25	75
780	720	23	72
789	719	24	70
798	718	26	71
810	718	23	70
819	718	26	76
828	716	25	76
834	716	27	80
840	717	26	75
844	716	28	72
849	719	25	73
852	718	25	75
853	717	24	75
854	717	24	74
854	718	25	76
854	718	25	75
854	717	24	75
857	718	25	72
861	718	23	73
865	719	24	72
867	719	25	75
870	719	24	73
874	719	24	71
876	720	23	70
877	720	24	70
878	719	22	72
877	720	22	71
876	720	25	70
876	720	24	71
876	719	24	73
875	720	23	71
874	721	24	70
875	721	23	72
875	721	24	72
879	721	24	73
882	721	25	71
886	721	24	71
890	721	24	69
892	720	24	73
896	720	23	73
898	720	23	73
899	721	22	72
900	721	20	70
900	721	21	70
900	723	21	67
899	723	23	67
898	722	20	68
897	722	23	67
899	721	21	70
903	722	19	71
908	722	20	67
916	721	20	69
920	721	22	72
926	722	23	68
930	720	24	68
934	720	24	72
937	720	24	69
937	720	26	70
935	720	31	70
936	722	30	68
936	723	30	69
934	724	31	66
933	724	30	66
932	725	30	66
931	725	29	66
931	725	28	65
933	724	28	62
937	724	26	62
945	722	25	64
953	720	24	65
958	719	24	66
964	716	21	68
971	713	20	72
973	712	20	77
976	712	19	78
975	714	20	70
976	714	19	72
974	712	18	72
969	715	20	69
967	714	20	70
962	707	21	77
957	710	26	77
952	711	27	77
946	715	33	77
943	715	30	73
944	714	24	70
942	713	22	69
940	713	21	70
937	714	22	71
935	714	22	72
932	716	23	71
930	716	24	71
930	719	22	66
929	720	20	65
925	720	23	68
919	722	28	61
914	723	32	64
912	723	28	63
911	724	24	60
907	725	22	61
905	727	22	57
902	728	23	57
900	729	22	58
899	728	23	59
897	731	24	58
896	729	23	61
895	729	22	61
893	731	24	60
893	730	23	62
891	733	25	58
890	734	25	58
889	735	25	57
888	737	25	56
887	738	26	58
889	739	23	57
890	739	22	59
889	739	21	57
889	740	21	60
888	740	21	65
887	740	23	65
887	738	23	69
886	737	26	72
888	735	26	73
888	732	25	74
891	727	24	76
892	722	23	73
890	719	27	77
894	716	25	78
896	713	25	80
898	710	22	83
900	709	23	80
901	710	21	80
902	713	21	77
904	712	20	77
905	713	19	76
907	714	20	73
907	716	18	70
909	719	19	67
910	719	19	66
910	721	19	62
912	723	18	60
912	728	18	54
913	731	18	57
913	733	18	57
913	734	18	55
913	734	18	61
913	733	18	68
912	732	17	67
909	730	22	69
907	728	23	66
906	728	23	62
904	726	24	61
903	726	23	56
902	726	23	61
901	724	23	65
901	724	21	63
901	723	19	65
900	725	20	61
899	726	21	61
898	724	20	66
897	720	21	67
895	721	21	68
892	721	21	64
889	720	22	65
888	720	21	61
888	723	19	63
885	722	21	68
884	721	22	72
881	721	24	79
879	717	23	79
876	716	23	83
875	714	21	83
872	712	22	89
869	710	22	89
865	708	23	88
863	712	22	87
861	715	24	86
858	716	26	80
857	717	25	80
856	716	26	85
854	717	26	76
853	717	25	73
853	716	24	77
852	716	25	77
852	715	23	78
852	715	22	74
850	716	22	73
851	715	23	74
850	715	22	79
850	716	21	75
851	718	20	79
852	717	20	78
851	720	21	75
853	721	21	74
853	723	21	68
854	724	20	64
854	725	20	61
855	726	20	57
854	728	21	52
854	729	23	52
854	729	22	51
853	730	23	50
852	730	23	57
853	730	21	59
852	729	23	56
852	729	22	58
852	729	22	58
851	730	23	63
850	729	23	66
851	729	22	73
851	729	23	77
850	729	22	73
850	729	22	78
848	730	23	78
849	730	23	82
851	732	22	77
853	732	23	79
854	734	24	85
855	735	24	83
856	736	24	84
855	735	25	83
855	735	25	82
857	734	23	88
857	734	25	90
859	734	25	91
863	736	22	87
864	735	22	82
865	739	23	81
866	740	23	80
866	740	20	83
867	740	18	77
865	741	20	81
866	742	19	84
867	742	21	89
869	745	23	88
871	749	23	81
873	751	23	78
873	749	21	83
872	749	22	81
873	749	22	84
874	747	23	90
877	747	22	91
879	749	20	88
884	755	21	82
884	760	23	87
888	759	18	82
884	761	22	80
885	762	24	83
886	761	24	91
888	761	24	91
890	762	24	90
894	765	23	86
895	764	24	89
896	765	25	91
898	764	24	95
899	763	26	90
899	765	30	85
902	765	26	90
905	770	27	82
905	769	26	84
908	771	29	85
907	770	29	85
906	770	27	89
906	771	25	86
910	773	28	84
910	775	29	85
912	775	29	83
913	774	29	88
910	775	34	90
916	774	28	97
918	775	29	100
918	776	29	100
920	776	29	101
917	778	30	101
919	778	29	102
918	781	33	103
922	794	31	110
921	783	33	112
921	786	35	107
922	783	34	104
921	781	36	102
923	781	36	100
923	779	37	103
927	781	33	99
928	783	33	97
931	783	31	100
931	785	33	95
936	787	30	89
938	786	28	91
942	788	28	85
946	789	23	83
948	790	24	90
949	792	22	88
949	793	24	88
951	794	26	93
951	796	28	93
951	796	29	99
954	798	28	95
954	799	28	93
957	799	28	101
958	800	26	101
961	799	26	105
963	799	24	95
966	800	22	92
968	801	22	92
969	802	22	85
971	803	21	88
972	805	23	92
974	805	23	97
975	807	22	99
975	809	26	102
976	809	26	106
978	811	27	102
980	813	27	104
981	812	28	107
983	813	27	106
984	814	26	104
987	814	24	108
989	815	23	106
992	815	23	98
991	816	25	97
993	816	24	91
993	820	25	85
994	821	26	89
993	821	29	98
995	823	29	96
997	824	29	102
996	825	32	106
996	825	31	104
997	826	33	106
1000	827	30	101
1003	830	28	97
1004	832	28	93
1006	833	28	91
1009	832	25	94
1012	835	24	95
1012	836	26	93
1012	838	26	90
1016	840	23	83
1014	841	27	91
1017	843	27	95
1018	845	27	99
1021	847	27	105
1019	849	29	109
1022	849	29	110
1024	851	26	112
1025	852	30	111
1027	851	27	111
1028	853	28	111
1030	852	27	112
1032	853	23	106
1034	856	24	104
1035	856	23	103
1035	858	25	99
1037	861	25	93
1037	861	25	97
1035	864	28	94
1035	866	32	100
1036	866	32	103
1038	868	32	98
1038	869	32	100
1040	871	29	95
1042	874	30	89
1044	874	29	90
1043	874	31	91
1048	875	26	89
1049	878	28	89
1050	878	27	86
1051	879	27	83
1053	881	26	86
1054	882	27	86
1056	882	25	93
1056	883	27	92
1057	886	28	91
1059	886	26	97
1060	888	27	99
1061	889	28	98
1062	891	29	107
1063	892	30	117
1064	891	29	119
1065	891	30	127
1066	892	30	121
1069	892	27	120
1071	892	25	117
1073	894	25	123
1071	895	27	121
1075	895	26	113
1073	896	27	103
1076	900	27	103
1076	901	29	103
1078	903	26	106
1077	903	30	111
1078	906	28	106
1079	911	31	100
1076	913	36	105
1081	915	32	102
1083	917	29	99
1083	918	32	96
1087	919	29	96
1087	921	29	95
1092	921	25	100
1089	922	31	95
1091	922	29	94
1093	925	28	91
1094	926	29	91
1096	927	28	95
1099	929	26	103
1099	930	28	105
1100	933	29	108
1102	934	30	109
1102	936	30	108
1105	938	31	103
1104	939	30	106
1108	939	29	110
1111	941	29	104
1111	942	33	103
1114	942	29	102
1115	944	28	99
1116	946	29	97
1117	945	29	100
1118	946	32	98
1118	947	31	103
1119	948	33	109
1122	950	30	102
1124	953	31	103
1125	953	30	103
1125	957	34	101
1126	957	34	107
1129	959	32	103
1129	960	35	101
1130	961	36	106
1133	962	33	104
1135	964	32	101
1137	965	30	105
1139	966	29	107
1141	967	31	106
1144	969	28	104
1144	970	29	101
1148	972	27	101
1148	975	28	101
1150	978	29	100
1150	980	31	99
1153	981	29	97
1154	982	30	96
1156	984	30	95
1159	985	28	94
1163	985	26	88
1165	986	27	84
1168	987	25	82
1169	988	26	84
1170	988	28	87
1171	988	29	88
1170	988	31	89
1173	988	31	90
1174	990	31	87
1175	989	32	89
1175	991	36	86
1176	992	37	84
1176	991	39	87
1179	991	37	87
1182	993	39	84
1185	992	36	83
1186	992	36	83
1188	990	36	85
1188	989	37	88
1191	988	37	89
1196	986	29	84
1198	985	31	86
1201	985	29	90
1204	983	27	83
1205	984	28	80
1205	983	30	86
1207	981	28	90
1210	979	26	96
1210	977	28	100
1209	974	31	103
1212	974	29	98
1212	975	31	92
1215	973	31	94
1217	971	29	92
1221	968	27	96
1222	965	28	97
1224	962	27	100
1227	959	27	100
1228	957	25	97
1229	955	27	92
1230	952	26	90
1231	950	28	85
1230	947	31	90
1232	945	30	90
1233	942	31	97
1233	940	32	98
1235	936	31	101
1234	934	35	103
1237	931	33	102
1238	928	33	101
1240	926	33	101
1243	921	33	105
1244	920	30	99
1245	918	32	98
1246	914	30	97
1250	911	28	94
1252	907	26	95
1252	902	27	97
1254	898	26	96
1254	895	27	91
1255	891	26	85
1256	887	26	87
1256	884	27	85
1256	880	28	89
1258	873	27	90
1257	870	29	90
1258	865	31	95
1257	858	33	95
1260	855	32	99
1260	849	32	101
1261	842	32	101
1262	840	32	99
1263	836	31	95
1264	833	29	92
1261	831	32	90
1263	828	30	88
1263	826	32	84
1262	824	33	85
1263	822	32	85
1264	819	31	86
1265	818	30	88
1266	816	29	86
1266	816	30	85
1266	815	30	86
1267	814	28	86
1269	814	27	84
1269	813	27	86
1271	811	25	94
1272	812	25	91
1273	810	24	94
1273	814	25	95
1275	816	24	91
1275	816	25	87
1276	817	25	87
1277	818	24	80
1277	819	24	78
1278	820	25	77
1279	824	24	76
1279	825	25	74
1280	825	24	72
1281	826	24	71
1279	826	27	71
1279	828	26	69
1280	826	25	73
1281	825	23	77
1279	824	26	73
1277	822	26	78
1276	821	28	77
1280	818	22	76
1279	818	22	72
1282	817	18	70
1280	815	19	70
1280	814	19	74
1277	812	21	75
1274	811	24	76
1270	811	26	77
1269	811	27	76
1269	809	26	80
1268	809	27	81
1268	809	29	82
1269	810	27	80
1267	810	28	81
1266	810	28	80
1266	809	28	83
1265	808	28	84
1262	808	30	82
1261	806	31	86
1259	805	26	82
1261	805	27	82
1261	803	24	77
1259	802	24	76
1259	801	24	76
1258	799	24	73
1256	799	26	71
1256	797	25	75
1255	797	25	76
1254	797	25	76
1253	796	25	76
1254	795	25	74
1253	795	26	74
1253	794	26	75
1253	793	26	75
1253	792	24	76
1252	792	26	76
1251	791	27	73
1251	790	26	72
1251	789	27	71
1252	788	27	74
1252	787	25	75
1252	786	25	74
1252	786	25	73
1252	785	24	76
1251	785	25	72
1251	783	26	76
1251	783	25	77
1251	782	26	78
1251	781	24	74
1251	781	25	77
1250	779	24	76
1251	778	23	74
1250	776	24	74
1249	775	25	75
1250	774	23	74
1250	772	25	77
1250	770	25	78
1249	769	25	77
1249	768	26	78
1249	768	25	73
1249	767	24	73
1250	766	23	72
1250	766	24	72
1250	765	24	70
1250	766	26	71
1250	765	25	73
1249	764	25	75
1251	762	25	76
1250	761	26	73
1251	762	24	70
1251	760	24	70
1252	758	24	74
1253	757	24	72
1253	757	24	68
1253	757	25	68
1252	754	25	71
1253	753	24	75
1254	753	23	75
1253	753	24	73
1253	752	25	71
1254	750	22	75
1253	750	23	73
1253	749	22	73
1252	748	24	73
1252	746	23	71
1251	744	24	72
1250	743	24	71
1250	743	24	73
1250	741	23	74
1248	742	24	70
1248	742	23	69
1247	739	24	72
1247	739	24	71
1247	739	24	72
1247	737	22	74
1247	738	22	72
1246	737	22	70
1246	736	22	70
1246	737	22	66
1244	738	24	69
1244	736	22	68
1243	736	23	67
1243	734	23	70
1243	733	22	73
1242	732	23	70
1242	731	22	69
1241	731	23	68
1240	731	23	67
1241	731	22	67
1239	730	24	71
1239	730	23	69
1239	731	23	70
1238	730	23	71
1239	730	22	70
1238	730	23	71
1237	730	24	72
1236	730	24	73
1235	731	24	71
1236	731	22	72
1235	731	22	72
1234	731	24	72
1232	730	25	75
1233	730	24	72
1232	731	24	68
1233	731	23	69
1232	732	23	68
1231	733	24	66
1230	733	25	66
1231	734	23	66
1230	733	23	66
1229	735	23	61
1228	736	24	59
1228	736	22	59
1227	735	22	64
1226	736	23	63
1227	736	22	65
1226	736	22	65
1226	737	23	62
1225	736	22	65
1225	736	22	66
1225	737	22	66
1225	736	21	69
1224	738	23	66
1224	738	23	68
1224	740	23	69
1223	739	22	71
1223	742	22	69
1221	742	24	71
1220	742	24	70
1218	743	26	71
1218	745	24	67
1218	745	25	69
1216	747	24	66
1217	746	24	70
1218	747	22	72
1217	748	22	73
1217	749	22	74
1216	750	22	67
1217	752	20	67
1216	752	20	67
1216	752	20	70
1215	751	20	72
1214	751	21	70
1214	751	20	69
1213	756	21	73
1214	752	21	76
1214	756	20	83
1214	760	20	79
1211	763	24	71
1210	766	24	66
1210	768	22	66
1209	768	22	68
1209	768	23	68
1207	768	23	70
1208	769	21	68
1207	770	21	64
1206	768	22	66
1204	770	22	68
1204	770	22	69
1203	770	21	72
1202	770	22	69
1201	769	23	72
1200	769	23	72
1197	768	24	76
1195	768	26	83
1194	766	25	84
1194	764	23	77
1193	764	23	69
1192	765	22	69
1192	764	21	70
1191	762	22	71
1191	763	22	70
1190	763	22	68
1191	762	21	67
1191	762	20	67
1189	762	22	70
1190	761	20	73
1191	760	19	71
1192	760	19	71
1190	760	19	71
1192	760	18	72
1191	760	19	71
1187	760	23	73
1191	760	18	70
1190	758	19	72
1190	759	21	74
1190	758	19	73
1193	756	17	74
1190	759	22	73
1189	758	24	74
1190	758	22	74
1190	759	24	74
1193	758	23	74
1193	758	21	75
1194	759	23	71
1194	761	23	69
1194	760	23	69
1194	761	24	67
1195	761	24	68
1194	761	25	66
1195	761	25	66
1195	761	26	66
1196	762	27	67
1197	763	26	69
1198	761	26	70
1198	760	28	73
1198	761	27	74
1199	761	27	72
1201	762	26	72
1201	763	25	66
1201	762	25	71
1202	763	25	69
1202	763	26	73
1203	763	25	71
1203	763	26	71
1205	764	24	68
1204	765	24	68
1206	763	23	72
1206	764	22	72
1206	765	21	68
1207	765	22	70
1207	765	22	76
1207	766	23	73
1208	766	23	77
1208	764	22	79
1208	764	24	78
1208	765	24	78
1210	765	23	75
1209	766	24	78
1210	766	23	79
1210	766	24	78
1209	766	25	79
1211	767	25	77
1210	767	25	74
1212	767	24	78
1212	767	26	79
1213	768	25	78
1213	768	26	77
1214	767	25	79
1215	767	26	78
1217	768	24	73
1216	770	25	70
1217	769	25	72
1217	770	26	71
1218	771	25	71
1219	769	25	72
1219	770	26	73
1218	770	27	74
1220	771	27	77
1221	771	24	71
1222	772	25	71
1223	772	25	70
1223	773	24	71
1224	772	25	73
1224	773	27	70
1225	773	26	71
1226	773	26	73
1227	772	23	77
1227	772	23	78
1228	772	23	81
1228	771	26	79
1229	772	25	77
1229	772	25	75
1229	772	26	77
1230	771	27	81
1231	771	27	82
1233	771	24	84
1234	772	24	80
1235	772	23	81
1237	773	24	80
1238	775	23	78
1240	774	22	83
1239	774	25	84
1241	774	25	82
1244	775	23	78
1246	775	19	81
1247	775	20	79
1246	775	22	81
1249	774	21	82
1250	774	21	82
1250	777	23	75
1251	777	24	77
1253	777	22	79
1254	776	22	82
1255	778	22	82
1255	778	23	81
1258	779	24	79
1259	781	23	79
1261	782	23	78
1263	782	21	76
1266	782	20	79
1267	781	21	82
1268	782	21	82
1271	781	19	82
1273	782	18	83
1274	783	18	82
1275	781	20	84
1277	782	20	82
1279	784	19	80
1279	784	21	81
1280	785	23	80
1281	784	23	81
1282	784	23	81
1282	785	26	79
1283	786	27	79
1285	787	24	78
1286	787	27	77
1287	786	27	77
1290	785	26	76
1292	785	24	77
1294	785	24	77
1295	785	22	77
1297	783	22	79
1299	784	21	76
1300	785	21	71
1301	786	21	69
1302	786	22	73
1303	784	22	79
1303	785	23	79
1305	783	24	80
1306	784	24	78
1307	785	26	77
1309	785	25	77
1309	785	26	78
1309	785	30	79
1310	784	30	80
1312	786	30	77
1314	784	29	78
1316	786	30	79
1318	784	27	77
1319	784	30	79
1320	785	30	79
1322	785	30	80
1325	784	29	80
1326	785	31	80
1329	786	29	78
1331	785	26	78
1331	785	28	80
1330	784	30	79
1331	785	29	79
1333	785	28	78
1334	784	28	78
1333	785	28	79
1333	784	28	80
1333	782	28	83
1332	783	28	81
1332	782	28	82
1332	782	27	81
1331	781	28	82
1331	780	29	81
1330	780	29	81
1330	779	29	79
1331	779	28	81
1333	779	27	79
1336	779	25	77
1341	779	26	77
1345	779	30	75
1356	781	29	78
1370	780	28	80
1382	784	29	73
1403	786	28	74
1428	789	27	72
1450	792	27	69
1476	796	26	71
1498	799	25	76
1520	803	28	77
1539	806	28	82
1551	808	29	76
1565	811	28	72
1576	812	27	68
1581	814	28	70
1586	814	30	75
1589	813	29	80
1593	813	29	82
1595	812	29	81
1595	814	31	77
1595	814	33	79
1594	813	34	75
1593	813	35	76
1592	813	37	78
1589	813	38	77
1593	812	33	77
1593	812	32	77
1591	811	34	78
1592	811	33	79
1594	810	31	80
1596	810	31	83
