686	551	52	79
689	554	48	73
693	554	45	72
697	556	45	67
701	556	43	67
701	556	47	73
705	556	47	68
707	553	47	80
711	557	50	78
715	557	45	75
719	556	42	72
721	555	42	73
723	558	44	75
726	559	43	70
729	558	43	71
731	558	43	75
734	558	44	75
737	559	47	78
740	559	47	75
742	560	47	69
746	561	44	74
748	562	42	78
751	563	44	76
754	565	45	68
758	564	48	68
762	563	43	70
765	565	46	73
768	566	45	71
771	566	47	70
775	567	45	65
777	568	48	62
779	567	49	67
783	566	48	74
785	566	49	79
787	566	51	78
789	566	49	81
790	566	53	81
794	566	53	80
800	568	49	84
802	568	53	79
802	568	53	79
802	568	53	79
810	568	57	76
810	568	57	76
816	566	53	81
819	566	53	78
822	567	49	78
824	567	45	79
827	566	45	84
830	567	50	78
830	567	50	78
830	567	50	78
830	567	50	78
830	567	50	78
830	567	50	78
830	567	50	78
830	567	50	78
830	567	50	78
830	567	50	78
830	567	50	78
830	567	50	78
830	567	50	78
830	567	50	78
830	567	50	78
830	567	50	78
830	567	50	78
830	567	50	78
830	567	50	78
830	567	50	78
830	567	50	78
830	567	50	78
830	567	50	78
830	567	50	78
830	567	50	78
830	567	50	78
830	567	50	78
830	567	50	78
830	567	50	78
830	567	50	78
830	567	50	78
830	567	50	78
830	567	50	78
830	567	50	78
830	567	50	78
830	567	50	78
830	567	50	78
830	567	50	78
830	567	50	78
830	567	50	78
830	567	50	78
830	567	50	78
830	567	50	78
830	567	50	78
830	567	50	78
830	567	50	78
830	567	50	78
830	567	50	78
830	567	50	78
830	567	50	78
830	567	50	78
830	567	50	78
830	567	50	78
830	567	50	78
830	567	50	78
830	567	50	78
830	567	50	78
830	567	50	78
830	567	50	78
830	567	50	78
830	567	50	78
830	567	50	78
830	567	50	78
954	450	58	70
954	450	58	70
954	450	58	70
918	333	64	65
918	333	64	65
918	333	64	65
918	333	64	65
918	333	64	65
918	333	64	65
918	333	64	65
918	333	64	65
918	333	64	65
918	333	64	65
918	333	64	65
918	333	64	65
918	333	64	65
918	333	64	65
918	333	64	65
918	333	64	65
1033	392	60	60
1099	403	64	67
1098	395	67	76
1098	395	67	76
1098	395	67	76
1098	395	67	76
1098	395	67	76
1077	501	72	67
1077	501	72	67
1077	501	72	67
1199	438	61	63
1202	435	50	64
1202	435	50	64
1203	433	42	68
1205	432	40	66
1205	432	40	66
1205	432	40	66
1206	431	36	59
1206	431	36	59
1207	432	33	56
1205	432	33	55
1204	434	35	57
1204	433	37	56
1205	432	35	61
1205	432	35	61
1205	430	32	56
1204	432	33	59
1197	428	41	64
1195	427	44	65
1197	427	42	65
1198	430	39	59
1197	430	41	59
1199	431	39	58
1201	432	34	59
1201	432	36	55
1198	433	39	58
1197	434	40	62
1195	433	43	57
1194	432	45	55
1197	437	40	53
1199	440	35	54
1199	439	36	52
1199	442	34	46
1199	441	37	48
1196	442	37	45
1197	442	35	47
1198	441	35	48
1197	442	36	46
1201	442	29	47
1201	441	31	48
1199	440	34	47
1200	440	34	48
1200	442	31	46
1200	441	31	46
1202	441	28	48
1201	441	29	45
1200	443	32	44
1202	443	31	42
1203	440	29	44
1203	442	30	41
1203	438	28	47
1204	435	28	50
1205	432	27	55
1203	435	28	52
1205	433	27	51
1204	435	27	50
1204	433	26	52
1204	435	26	49
1205	432	26	54
1206	434	24	50
1206	433	25	52
1206	435	26	50
1206	433	27	50
1204	435	26	51
1204	434	27	53
1204	433	29	53
1203	435	29	51
1202	434	31	53
1203	433	31	52
1202	434	32	51
1204	432	31	52
1203	430	36	55
1202	431	34	55
1203	430	34	51
1205	431	30	54
1204	432	29	53
1206	435	27	48
1203	432	35	52
1203	431	35	51
1204	430	33	51
1199	430	38	53
1195	427	47	60
1196	426	45	61
1196	427	44	60
1196	429	46	56
1201	426	41	62
1204	432	42	57
1211	430	45	52
1213	427	40	60
1222	432	46	50
1222	432	46	50
1326	477	39	48
1326	477	39	48
1259	428	44	56
1264	427	44	58
1269	428	48	58
1273	429	44	55
1279	430	40	50
1281	428	40	50
1285	430	47	44
1280	433	49	47
1286	428	46	58
1288	429	46	52
1286	432	45	47
1292	434	41	48
1286	433	48	48
1289	434	43	44
1294	438	38	38
1293	440	33	40
1294	436	37	48
1295	436	38	51
1287	433	46	58
1288	432	45	57
1284	430	49	59
1289	436	47	51
1283	433	52	55
1282	432	55	63
1283	429	50	65
1288	434	40	64
1288	434	41	63
1287	437	48	59
1282	434	56	61
1282	434	55	63
1281	434	54	62
1282	436	53	60
1285	435	52	63
1285	434	52	68
1297	442	51	58
1298	443	51	55
1301	445	47	62
1305	446	38	58
1317	447	32	54
1315	451	33	48
1328	452	23	43
1328	452	23	43
1328	452	23	43
1348	435	24	40
1356	456	23	38
1364	459	24	35
1364	459	24	35
1382	438	21	30
1394	461	23	32
1394	461	23	32
1419	465	19	31
1419	465	19	31
1447	466	16	28
1447	466	16	28
1447	466	16	28
1447	466	16	28
1447	466	16	28
1447	466	16	28
1447	466	16	28
1447	466	16	28
1447	466	16	28
1447	466	16	28
1447	466	16	28
1447	466	16	28
