658	306	234	289
673	320	214	290
680	317	213	283
673	317	215	278
686	316	206	294
691	310	190	302
678	312	208	301
687	323	198	300
689	339	193	292
693	348	183	290
690	352	194	289
713	353	166	282
712	362	170	280
709	362	171	287
712	373	170	273
712	378	163	282
713	385	167	283
720	387	158	275
714	400	165	281
715	405	170	275
717	413	169	266
708	415	175	280
725	421	166	269
726	426	163	269
718	434	172	264
716	441	174	269
728	438	162	269
722	442	176	268
728	449	164	261
740	443	152	258
745	452	145	248
737	456	147	255
742	460	153	239
737	462	153	252
737	462	153	252
755	477	136	231
755	477	136	231
760	481	128	248
767	484	123	233
767	484	123	233
767	484	123	233
767	484	123	233
767	484	123	233
767	484	123	233
767	484	123	233
767	484	123	233
777	516	114	231
773	522	126	241
761	526	150	261
761	526	150	261
776	532	130	237
776	532	130	237
788	572	118	236
791	543	119	227
798	543	107	245
798	546	109	220
787	550	123	232
787	550	123	232
801	559	109	232
808	559	106	207
808	559	106	207
806	568	110	214
816	569	102	198
819	575	103	213
819	575	103	213
820	582	107	215
820	582	107	215
821	586	112	218
814	593	119	222
817	591	119	230
822	597	116	206
825	601	120	192
825	601	120	192
832	606	107	200
837	609	104	197
833	611	112	197
840	613	101	199
849	616	100	216
848	617	99	211
846	620	99	204
859	621	92	196
856	623	97	207
853	630	102	186
857	633	97	187
855	633	102	197
855	639	105	205
859	637	103	208
860	638	99	225
866	641	94	201
872	640	97	189
872	644	94	190
874	649	91	187
881	650	95	199
870	657	105	207
861	665	128	216
874	661	104	219
877	662	101	223
883	664	97	220
888	664	92	221
893	667	93	197
893	668	90	200
903	671	75	185
901	674	85	162
901	678	89	170
896	681	98	170
891	685	103	165
905	686	92	180
900	688	101	187
896	688	105	217
902	686	100	231
911	688	101	220
904	693	104	217
905	692	107	218
893	694	120	222
905	692	114	213
915	689	105	217
908	688	115	214
909	687	116	210
903	689	123	209
898	692	126	201
903	693	119	203
903	688	117	201
903	688	109	189
900	685	110	193
904	686	103	196
903	682	97	184
897	679	100	196
890	679	100	188
880	678	102	197
881	677	93	180
874	673	91	189
860	672	95	183
856	668	97	196
856	668	85	191
842	669	93	190
835	669	95	194
828	664	90	209
815	666	102	221
813	667	94	196
805	665	96	215
797	667	93	195
788	667	96	201
783	665	94	204
777	663	98	214
769	662	97	209
761	661	100	231
748	662	110	255
735	667	124	250
728	668	132	248
730	664	128	256
731	668	126	260
732	675	125	298
732	659	124	277
729	661	131	289
725	658	138	264
732	657	132	267
733	658	129	247
735	656	133	238
733	657	143	245
736	655	141	239
725	657	158	240
721	658	164	223
726	652	161	246
709	648	184	270
715	646	185	286
678	644	218	281
663	639	242	306
660	628	252	328
666	633	239	318
673	630	255	367
705	630	222	424
740	673	200	397
746	650	183	390
769	697	154	354
795	672	121	361
799	690	120	355
804	656	105	360
798	683	118	340
797	675	120	340
799	680	114	325
804	678	112	307
803	683	110	302
801	677	115	300
806	675	107	298
803	675	112	292
810	670	108	294
811	671	109	285
817	667	102	280
823	669	102	269
826	666	101	264
832	664	103	263
838	664	99	258
844	657	98	260
842	661	108	255
851	655	105	258
853	654	107	249
867	654	101	246
871	651	104	247
877	650	103	253
881	650	106	230
894	646	100	234
900	642	98	239
907	640	96	236
914	637	93	233
918	633	93	241
927	636	86	227
926	633	89	231
919	637	97	221
924	633	91	217
926	630	89	215
926	626	86	217
929	625	82	219
926	622	85	213
932	625	79	198
929	620	80	209
932	615	75	214
932	617	76	205
939	617	69	207
938	618	70	202
940	617	68	204
944	619	63	196
941	621	68	193
946	620	64	197
946	622	67	193
949	622	66	191
951	624	61	183
954	625	61	185
952	625	62	181
958	624	56	182
958	625	57	181
958	624	57	179
958	622	57	178
959	621	56	176
958	620	58	178
957	619	59	175
956	617	59	171
957	617	55	172
961	617	52	168
959	618	53	166
957	618	55	166
959	615	51	166
957	615	53	163
955	615	57	159
957	615	53	163
959	614	49	165
957	618	51	160
955	618	55	160
957	615	49	163
957	615	49	161
956	618	50	157
955	618	52	160
956	619	51	157
959	619	48	154
957	622	51	147
958	621	51	150
960	619	49	151
955	619	54	149
959	619	52	148
962	615	48	148
962	616	48	146
962	614	49	143
961	613	49	146
961	613	48	146
962	609	47	143
960	607	47	143
960	608	47	137
957	606	49	136
958	608	48	132
955	605	50	137
955	605	48	136
953	605	49	139
955	604	47	136
955	605	47	135
955	605	46	136
956	605	45	135
953	606	48	132
953	603	47	133
954	604	47	130
950	602	49	132
953	602	44	129
952	605	47	124
949	605	47	123
949	601	46	125
948	601	45	126
947	600	45	123
946	599	45	122
945	596	44	124
944	596	46	122
943	593	46	121
941	594	46	119
941	591	46	123
941	590	45	124
939	589	45	119
937	587	46	120
937	584	46	122
935	587	48	115
940	586	43	114
939	583	45	118
941	583	46	115
944	582	47	114
948	583	46	110
952	580	47	112
955	579	50	114
959	578	49	114
964	578	47	111
967	575	47	109
968	577	48	109
970	576	48	108
970	576	48	106
972	575	46	109
969	573	51	106
969	574	48	104
972	572	47	105
971	572	45	104
971	573	47	100
968	574	47	97
966	569	47	102
966	568	46	100
963	568	48	101
965	565	45	104
964	564	44	102
962	565	46	98
962	564	46	99
963	562	45	101
961	563	46	99
963	559	44	101
963	557	45	101
967	556	42	100
965	557	46	99
965	560	47	96
970	556	44	98
975	557	44	95
973	560	50	91
972	560	50	88
976	555	46	95
979	553	44	95
982	544	43	105
983	545	43	99
983	543	40	102
985	543	40	105
985	544	40	101
986	541	38	102
987	537	38	104
985	545	40	95
985	546	37	94
984	539	40	101
984	537	40	102
985	539	38	98
984	532	39	105
982	530	43	103
985	532	41	100
986	529	43	102
988	537	41	105
993	533	40	97
1000	532	37	95
1002	541	38	94
1009	533	35	92
1012	534	40	86
1016	547	41	82
1024	540	38	88
1031	535	35	86
1035	533	41	87
1037	539	48	90
1049	533	46	88
1055	535	45	91
1063	533	41	91
1071	531	40	87
1076	534	43	87
1082	534	38	80
1086	542	41	73
1094	541	34	70
1094	535	36	76
1094	530	40	81
1098	526	37	84
1098	528	37	82
1100	523	36	87
1097	533	41	85
1098	533	38	76
1099	538	36	67
1098	537	38	68
1097	534	39	70
1097	528	39	76
1098	523	38	77
1100	529	39	74
1100	531	41	70
1100	517	41	81
1099	511	37	86
1101	512	36	81
1097	529	44	80
1101	507	36	77
1098	514	44	86
1099	516	43	76
1096	538	44	65
1096	528	50	63
1097	534	41	57
1098	538	39	51
1096	540	41	48
1094	531	49	49
1098	540	41	43
1099	541	34	44
1097	523	39	53
1096	530	44	49
1098	538	38	47
1103	532	37	47
1103	537	31	49
1099	532	38	49
1104	523	31	57
1103	523	31	63
1101	515	34	67
1097	517	41	67
1099	513	38	69
1103	512	32	68
1102	505	31	69
1103	500	31	78
1102	497	29	71
1104	499	28	79
1103	492	28	81
1106	493	26	81
1101	505	31	77
1097	497	38	79
1100	490	38	83
1097	484	38	82
1091	497	44	86
1089	494	46	84
1093	494	40	75
1094	494	41	70
1093	487	36	72
1099	496	32	76
1094	490	36	85
1097	484	37	73
1095	494	34	77
1090	488	42	81
1090	491	40	80
1093	490	37	79
1088	487	45	81
1088	486	44	79
1091	476	47	69
1085	489	42	75
1085	494	43	65
1084	496	44	62
1082	504	50	54
1084	485	49	64
1088	481	41	63
1085	497	38	59
1090	479	36	63
1092	485	32	66
1093	480	27	73
1092	480	28	73
1091	479	31	73
1086	478	39	69
1085	475	37	72
1087	481	37	65
1087	481	35	66
1088	475	33	67
1090	477	30	64
1089	475	39	67
1085	474	35	69
1087	473	35	72
1085	471	35	75
1087	471	33	85
1083	469	39	78
1087	473	35	73
1085	473	38	68
1085	475	40	63
1086	475	35	67
1086	474	33	69
1083	474	36	67
1085	476	35	68
1087	472	28	64
1088	473	30	67
1086	476	31	65
1086	469	32	68
1092	471	28	60
1092	476	30	61
1090	470	32	65
1087	474	36	61
1086	475	39	60
1082	470	38	71
1089	483	37	65
1090	480	38	56
1091	478	32	60
1092	476	31	66
1095	474	28	65
1095	475	28	65
1093	474	30	63
1093	476	28	61
1089	489	35	59
1093	472	28	63
1097	478	26	67
1089	482	34	67
1091	470	30	60
1088	479	33	68
1084	471	36	61
1080	471	42	63
1074	477	46	60
1078	484	41	51
1073	477	44	52
1076	468	44	46
1077	466	39	53
1077	467	38	50
1077	456	34	57
1077	456	34	57
1066	461	44	47
1069	463	41	46
1056	465	46	56
1061	462	43	56
1064	471	51	45
1052	469	54	50
1056	467	53	47
1037	472	65	50
1039	461	63	58
1039	461	63	58
1041	469	62	53
1044	463	55	50
1044	463	55	50
1045	474	56	43
1045	477	55	38
1048	483	52	32
1045	481	48	33
1048	488	42	27
1048	488	42	27
1051	478	40	33
1053	481	32	29
1053	481	32	29
1061	486	34	27
1053	482	29	27
1051	481	31	29
1060	483	23	30
1060	484	20	27
1059	484	21	27
1056	478	23	32
1057	473	25	37
1057	480	24	34
1058	478	21	31
1057	472	23	36
1054	462	26	43
1059	476	25	40
1057	471	24	39
1056	475	25	36
1055	474	28	35
1057	479	27	32
1053	476	29	31
1055	479	28	36
1054	472	29	34
1058	475	25	28
1061	481	21	25
1053	466	20	29
1053	466	20	29
1051	469	22	29
1056	473	19	30
1052	467	22	36
1052	467	22	36
1057	469	21	32
1050	460	20	36
1050	460	20	36
1050	460	20	36
1050	460	20	36
1057	462	25	36
1056	463	22	36
1056	463	22	36
1053	463	21	36
1052	458	19	34
1051	473	23	32
1052	467	22	30
1056	479	24	27
1054	466	28	30
1062	477	29	29
1055	463	25	28
1059	471	24	34
1057	464	23	37
1055	469	26	33
1052	465	31	28
1024	400	30	31
1024	400	30	31
1053	458	30	38
1053	458	30	38
1053	472	29	33
1052	465	29	37
1052	465	29	37
1052	465	29	37
1052	465	29	37
1050	460	27	33
1050	462	27	31
1050	462	27	31
1050	462	27	31
1050	462	27	31
1050	462	27	31
1050	462	27	31
1050	462	27	31
1050	462	27	31
1050	462	27	31
1050	462	27	31
1050	462	27	31
1050	462	27	31
1060	463	22	31
1060	463	22	31
1065	459	22	28
1065	457	21	31
1065	457	21	31
1064	467	17	29
1064	467	17	29
1064	467	17	29
1064	467	17	29
1064	467	17	29
1064	467	17	29
1064	467	17	29
1070	467	17	26
1094	426	17	21
1094	426	17	21
1094	426	17	21
1094	426	17	21
1094	426	17	21
1094	426	17	21
1094	426	17	21
1094	426	17	21
1094	426	17	21
1094	426	17	21
1094	426	17	21
1094	426	17	21
1094	426	17	21
1132	389	24	20
1172	435	24	25
1172	435	24	25
1175	440	24	30
1175	440	24	30
1175	440	24	30
1175	440	24	30
1175	440	24	30
1175	440	24	30
1182	440	28	36
1182	440	28	36
1182	440	28	36
1182	440	28	36
1182	440	28	36
1182	440	28	36
1182	440	28	36
1182	440	28	36
1182	440	28	36
1197	436	35	42
1197	436	35	42
1197	436	35	42
1197	436	35	42
1196	437	37	50
1196	437	37	50
1196	437	37	50
1196	437	37	50
1196	437	37	50
1196	437	37	50
1196	437	37	50
1196	437	37	50
1196	437	37	50
1196	437	37	50
1196	437	37	50
1196	437	37	50
1200	434	40	55
1200	434	40	55
1196	433	41	56
1196	433	41	56
1196	433	41	56
1197	435	45	56
1197	435	45	56
1195	433	45	62
1195	433	45	62
1197	432	41	62
1207	436	46	73
1207	436	46	73
1207	436	46	73
1207	436	46	73
1207	436	46	73
1207	436	46	73
1207	436	46	73
1207	436	46	73
1207	436	46	73
1207	436	46	73
1207	436	46	73
1207	436	46	73
1207	436	46	73
1207	436	46	73
1207	436	46	73
1207	436	46	73
1207	436	46	73
1207	436	46	73
1207	436	46	73
1207	436	46	73
1207	436	46	73
1207	436	46	73
1207	436	46	73
1207	436	46	73
1207	436	46	73
1207	436	46	73
1207	436	46	73
1207	436	46	73
1207	436	46	73
1207	436	46	73
1207	436	46	73
1207	436	46	73
1207	436	46	73
1207	436	46	73
1207	436	46	73
1207	436	46	73
1207	436	46	73
1207	436	46	73
1207	436	46	73
1207	436	46	73
1156	434	42	67
1157	437	41	62
1157	437	41	62
1155	440	40	59
1155	440	40	59
1155	440	40	59
1150	443	41	60
1150	443	41	60
1150	443	41	60
1150	443	41	60
1150	443	41	60
1150	443	41	60
1150	443	41	60
1150	443	41	60
1150	443	41	60
1150	443	41	60
1150	443	41	60
1150	443	41	60
1150	443	41	60
1150	443	41	60
1150	443	41	60
1150	443	41	60
1150	443	41	60
1150	443	41	60
1150	443	41	60
1150	443	41	60
1150	443	41	60
1150	443	41	60
1150	443	41	60
1150	443	41	60
1150	443	41	60
1150	443	41	60
1150	443	41	60
1150	443	41	60
1150	443	41	60
1150	443	41	60
1150	443	41	60
1150	443	41	60
1150	443	41	60
1150	443	41	60
1150	443	41	60
1150	443	41	60
1150	443	41	60
1150	443	41	60
1150	443	41	60
1150	443	41	60
1150	443	41	60
1150	443	41	60
1150	443	41	60
1150	443	41	60
1150	443	41	60
1150	443	41	60
1150	443	41	60
1150	443	41	60
1150	443	41	60
1161	451	43	69
1157	445	38	71
1165	447	43	75
1157	447	50	84
1157	447	42	81
1170	446	42	75
1165	445	39	69
1172	454	47	72
1172	454	47	72
1166	446	50	73
1166	446	50	73
1175	447	49	70
1175	446	48	69
1172	449	46	65
1180	447	47	70
1175	446	47	67
1176	447	46	66
1177	447	48	68
1181	451	46	64
1188	449	48	68
1189	452	41	64
1187	454	44	61
1193	455	41	61
1200	455	38	62
1196	454	42	61
1204	456	45	65
1200	457	43	59
1205	455	46	64
1214	459	52	78
1209	453	54	71
1203	457	55	72
1210	457	63	74
1207	458	55	69
1215	460	47	78
1226	459	50	74
1221	458	53	72
1223	462	51	67
1229	461	57	65
1228	464	54	65
1228	462	55	67
1231	464	61	68
1236	463	51	68
1248	462	45	70
1241	465	53	68
1251	467	47	67
1268	477	54	72
1251	472	54	67
1262	475	42	66
1259	475	49	68
1270	475	41	69
1265	473	47	78
1273	478	54	68
1268	478	53	69
1272	479	47	78
1275	478	44	73
1270	478	47	71
1268	480	48	71
1264	480	49	71
1257	482	58	79
1254	481	52	95
1247	482	47	84
1241	480	58	77
1226	481	54	66
1224	478	47	68
1216	475	44	71
1210	474	43	70
1202	477	45	70
1189	473	45	72
1183	475	45	65
1177	475	42	72
1163	474	46	78
1155	473	55	84
1145	473	47	80
1135	471	48	76
1129	469	51	77
1124	471	48	88
1126	469	41	99
1119	456	48	99
1112	469	51	90
1110	470	56	74
1104	468	55	74
1105	471	54	72
1108	471	50	76
1107	471	47	76
1104	469	54	70
1106	471	52	66
1105	470	50	68
1108	472	45	67
1107	472	45	67
1108	472	46	70
1106	472	46	73
1105	472	47	81
1102	473	50	89
1100	466	55	77
1095	469	60	72
1098	470	55	76
1100	468	53	72
1098	471	53	73
1098	472	47	75
1097	469	50	70
1096	472	52	70
1096	473	45	70
1092	471	51	70
1091	471	54	83
1096	471	48	69
1092	473	49	70
1092	473	46	79
1092	473	45	75
1090	471	49	88
1088	472	56	93
1093	471	48	101
1089	471	54	99
1087	470	54	96
1091	469	47	92
1089	470	45	87
1085	470	49	93
1085	469	49	90
1088	458	48	79
1088	470	46	71
1092	471	42	65
1088	473	46	65
1086	471	48	69
1081	473	54	66
1086	471	48	67
1086	472	46	66
1083	471	49	69
1083	472	50	69
1084	473	47	69
1083	472	48	80
1084	470	47	83
1083	472	48	85
1085	473	41	99
1085	473	47	99
1090	466	38	84
1082	470	46	89
1080	474	50	96
1077	475	54	106
1082	473	50	108
1074	458	62	115
1077	471	59	113
1076	453	53	108
1078	453	48	102
1078	457	50	107
1081	474	48	90
1078	475	52	86
1074	478	52	87
1075	478	50	87
1073	475	52	84
1070	477	59	73
1071	478	58	72
1075	479	47	68
1072	481	48	68
1069	487	51	82
1072	484	49	96
1072	480	49	101
1075	479	45	97
1070	481	52	91
1073	483	46	82
1068	484	52	76
1070	483	53	89
1072	483	42	102
1069	482	49	94
1063	484	56	80
1068	485	50	79
1065	486	53	81
1065	487	56	76
1065	490	56	82
1067	489	53	92
1068	488	52	96
1066	489	51	105
1067	487	50	113
1067	485	48	116
1068	487	49	119
1068	488	54	129
1060	486	64	118
1067	495	47	113
1069	488	44	111
1063	493	56	101
1067	494	47	98
1068	493	48	96
1067	494	49	82
1065	496	51	76
1063	496	53	75
1064	494	51	81
1064	494	51	77
1063	493	51	77
1062	493	55	78
1060	492	56	85
1062	492	52	82
1060	484	55	84
1063	488	56	86
1061	487	58	84
1062	487	57	74
1060	487	55	91
1061	484	54	90
1059	477	60	84
1062	482	49	99
1063	477	51	110
1062	476	55	114
1062	475	53	115
1066	476	50	126
1063	473	53	119
1058	473	61	128
1051	458	64	111
1054	475	64	101
1053	475	69	87
1052	472	67	82
1060	473	56	87
1060	474	59	78
1063	473	55	81
1062	472	57	81
1065	474	54	84
1068	473	54	90
1061	475	58	90
1060	477	54	77
1061	477	55	75
1059	476	55	77
1062	481	52	74
1062	480	50	76
1065	480	48	76
1065	481	48	78
1063	479	51	81
1061	480	60	80
1062	480	57	82
1064	483	54	77
1063	484	55	87
1065	483	54	81
1068	485	48	80
1067	487	50	77
1067	488	50	79
1069	488	49	78
1070	492	48	76
1069	493	48	73
1065	492	55	77
1069	499	48	88
1067	494	54	99
1066	492	58	97
1070	493	55	84
1070	496	55	78
1070	495	55	80
1068	497	59	80
1069	498	57	77
1072	499	54	77
1071	502	58	79
1073	500	56	79
1076	501	53	77
1078	503	51	78
1077	504	54	76
1078	505	54	80
1075	507	57	80
1081	505	51	78
1080	507	54	78
1081	509	53	77
1083	510	52	76
1085	509	49	85
1077	509	60	83
1088	512	49	82
1085	513	53	77
1083	511	59	88
1086	514	53	83
1090	518	51	83
1090	516	54	80
1088	521	56	85
1088	520	56	87
1090	520	57	82
1088	523	60	80
1089	522	58	81
1090	523	59	82
1091	522	59	79
1092	523	58	81
1092	523	60	80
1092	523	56	88
1094	523	56	80
1091	524	59	81
1092	520	59	85
1093	520	60	84
1095	519	55	86
1096	519	55	89
1096	520	55	80
1092	521	58	80
1090	518	60	82
1086	518	67	83
1090	518	63	85
1089	518	64	92
1091	517	60	87
1092	517	59	88
1092	519	57	82
1092	517	55	83
1094	517	54	83
1090	518	61	87
1085	518	66	83
1089	518	60	81
1087	517	62	81
1083	515	65	84
1084	515	61	84
1084	515	63	82
1082	516	65	85
1078	516	74	98
1079	515	72	89
1080	518	64	84
1083	518	62	97
1081	516	70	114
1082	517	67	117
1087	513	57	106
1083	514	65	87
1084	516	62	83
1083	517	60	81
1090	515	53	84
1087	516	57	80
1085	515	58	82
1087	516	56	80
1084	515	57	78
1086	515	56	82
1085	516	59	78
1082	515	61	75
1081	514	63	79
1082	516	61	84
1086	513	57	87
1085	513	54	85
1083	515	57	77
1084	514	57	80
1085	515	56	77
1086	515	57	79
1082	513	63	83
1088	511	55	84
1088	513	58	82
1087	512	59	79
1087	511	62	85
1091	511	62	91
1096	511	57	91
1093	512	59	92
1108	511	61	84
1103	511	64	88
1108	510	60	80
1111	513	58	88
1113	513	58	98
1122	514	53	108
1127	507	56	92
1129	510	58	82
1133	513	57	81
1133	512	61	82
1139	511	60	84
1142	511	60	83
1138	512	65	83
1140	510	66	87
1142	510	65	89
1143	511	65	87
1146	511	63	82
1148	511	64	92
1148	511	64	83
1152	512	59	95
1156	513	55	113
1160	498	52	100
1158	507	58	94
1155	511	62	88
1150	509	64	94
1151	512	67	115
1147	507	73	101
1152	510	69	88
1153	512	67	87
1159	514	59	100
1158	512	56	115
1160	505	56	110
1160	512	55	106
1152	505	65	101
1159	513	59	110
1156	509	65	98
1157	512	64	117
1154	513	65	120
1158	501	61	118
1155	515	60	114
1157	510	59	93
1161	516	54	89
1160	519	52	98
1160	518	56	91
1161	520	53	78
1156	520	58	81
1152	520	65	84
1154	522	66	87
1156	520	64	89
1156	523	64	85
1158	521	61	87
1160	522	58	83
1160	523	56	84
1153	523	65	85
1157	523	62	84
1160	525	58	80
1159	526	57	80
1159	525	64	85
1156	524	62	86
1156	524	63	87
1161	525	56	81
1161	524	54	84
1163	525	52	83
1158	527	56	81
1154	528	59	82
1158	527	56	80
1154	526	62	82
1154	526	63	86
1151	527	65	96
1150	526	70	98
1154	527	65	120
1148	526	73	127
1145	528	72	116
1142	528	74	124
1141	526	75	125
1140	522	81	112
1141	525	76	117
1134	527	73	108
1133	528	77	103
1140	528	67	119
1142	517	57	99
1142	529	59	85
1144	529	56	82
1146	529	57	83
1147	528	60	93
1152	530	60	85
1152	533	64	84
1159	530	60	85
1161	530	69	84
1168	531	62	80
1173	530	64	80
1183	531	64	85
1182	532	67	87
1195	531	61	82
1197	533	65	81
1210	533	63	82
1214	532	61	82
1218	534	61	84
1224	535	62	82
1227	534	62	80
1242	538	54	77
1243	536	59	81
1249	537	59	76
1253	538	60	82
1257	538	64	85
1252	538	74	86
1270	540	60	90
1276	546	56	80
1276	541	64	84
1280	544	65	88
1282	539	74	100
1289	543	66	118
1289	543	70	125
1291	523	70	116
1289	540	72	99
1293	544	65	120
1292	545	67	131
1294	540	66	111
1291	544	68	129
1297	541	61	143
1287	536	77	123
1292	540	67	113
1291	545	71	126
1286	541	80	108
1284	543	84	123
1284	543	71	123
1284	543	74	121
1281	543	78	110
1290	543	61	103
1282	543	73	102
1282	540	71	93
1282	541	73	88
1281	539	74	92
1284	540	71	100
1286	538	67	94
1284	538	67	96
1286	539	65	92
1281	539	71	94
1285	540	65	90
1284	539	65	92
1286	538	63	97
1286	540	63	110
1283	540	68	94
1284	539	65	99
1282	541	59	101
1279	540	66	99
1281	536	66	91
1282	538	61	98
1279	537	67	91
1274	537	67	89
1278	536	65	91
1273	537	70	110
1277	535	66	119
1272	531	77	131
1265	534	91	125
1270	531	71	127
1268	531	73	135
1274	530	62	137
1269	530	74	133
1262	530	90	142
1253	523	99	134
1250	526	96	138
1260	525	80	142
1263	525	78	170
1253	518	82	146
1261	525	66	143
1258	517	70	134
1262	523	62	135
1260	519	62	122
1262	522	64	141
1255	520	75	144
1255	513	64	134
1250	515	78	118
1244	517	87	140
1250	509	73	134
1243	508	75	134
1244	508	73	127
1238	505	72	122
1245	499	62	128
1248	500	59	150
1239	493	73	146
1239	480	69	134
1243	492	65	128
1233	480	76	122
1231	488	69	99
1231	487	69	95
1226	484	76	95
1230	481	66	89
1225	480	69	91
1225	478	70	89
1222	474	66	91
1222	472	67	89
1221	471	68	83
1220	465	65	86
1218	463	68	91
1216	460	69	107
1214	457	67	105
1210	456	67	91
1206	456	73	76
1209	456	65	69
1209	453	62	66
1207	447	64	70
1207	445	61	65
1209	444	59	56
1207	443	61	45
1208	439	62	43
1204	440	60	34
1202	436	65	32
1215	368	58	38
1216	366	53	35
1221	359	47	45
1221	359	44	43
1221	361	44	38
1221	361	44	38
1221	361	44	38
1221	361	44	38
1221	353	42	34
1221	353	42	34
1221	353	42	34
1221	353	42	34
1221	353	42	34
1186	435	47	40
1180	436	49	48
1179	429	44	57
1187	426	52	58
1178	418	55	68
1169	414	61	53
1166	420	66	59
1164	415	57	65
1169	413	47	67
1167	406	49	80
1166	397	50	96
1159	386	61	99
1163	382	55	110
1164	378	51	107
1161	376	53	110
1160	373	52	109
1156	370	57	122
1157	359	57	105
1158	366	54	114
1152	363	59	123
1151	360	60	126
1149	359	60	130
1148	360	64	128
1151	363	59	130
1149	360	65	132
1150	364	58	117
1151	364	57	116
1150	364	55	110
1149	362	54	120
1148	360	57	124
1146	367	62	113
1138	362	75	122
1132	358	81	133
1135	357	74	133
1136	353	74	146
1135	354	71	137
1142	363	58	124
1143	362	56	125
1139	359	62	132
1135	368	71	114
1135	365	69	117
1138	364	62	122
1141	367	62	122
1139	370	61	115
1137	367	63	123
1141	365	58	122
1140	370	62	113
1135	372	67	119
1136	373	67	113
1143	372	58	118
1143	371	55	117
1139	372	60	109
1135	372	58	109
1140	372	54	117
1137	363	60	137
1136	369	63	115
1135	366	65	123
1143	366	51	122
1140	368	53	119
1138	364	58	128
1139	370	57	115
1137	373	65	115
1140	374	57	111
1143	366	53	120
1143	368	51	115
1140	373	56	108
1139	366	56	113
1139	377	56	99
1139	373	60	105
1136	371	65	116
1136	369	67	114
1139	361	64	131
1136	365	69	123
1137	365	68	122
1132	365	73	119
1133	368	68	111
1139	373	57	108
1145	365	51	119
1142	365	57	118
1144	361	52	119
1139	359	60	119
1142	365	57	110
1143	367	52	103
1142	369	50	100
1139	363	55	107
1141	366	55	103
1139	359	61	114
1138	357	65	105
1134	359	76	110
1134	356	73	108
1133	356	71	105
1139	352	61	112
1143	354	56	112
1147	350	50	112
1146	350	50	118
1146	348	53	114
1147	347	51	119
1146	346	52	115
1142	345	58	118
1147	347	53	117
1147	345	55	125
1147	346	54	121
1145	343	57	122
1146	347	55	118
1147	346	55	118
1146	347	51	114
1146	346	58	115
1142	347	56	110
1144	349	57	104
1140	348	69	115
1147	347	62	119
1152	341	48	123
1151	343	49	116
1151	343	46	113
1150	344	47	104
1147	344	53	107
1144	346	53	104
1145	343	53	103
1141	343	61	104
1145	342	55	106
1147	342	49	103
1149	341	46	103
1151	341	45	105
1146	341	53	99
1149	341	49	102
1145	339	54	109
1147	337	53	110
1146	337	58	123
1151	338	51	112
1145	337	56	112
1147	336	53	111
1148	334	54	113
1155	334	45	115
1152	335	47	118
1154	336	45	115
1151	336	53	118
1152	332	47	114
1151	336	48	105
1153	336	52	107
1157	338	50	99
1158	335	53	98
1162	335	54	105
1168	334	58	115
1179	334	52	110
1186	334	55	102
1191	337	55	102
1208	335	50	99
1212	338	51	100
1223	337	53	100
1234	334	54	101
1237	338	54	90
1250	334	60	104
1256	335	57	108
1269	334	58	103
1276	335	55	105
1288	332	58	114
1301	337	59	110
1301	337	73	104
1311	336	62	101
1327	337	55	85
1345	341	52	94
1347	341	56	89
1358	342	52	98
1375	339	55	103
1377	336	58	109
1388	339	51	98
1398	340	58	90
1405	340	56	91
1419	338	59	99
1427	341	53	90
1440	342	50	84
1453	338	49	68
1461	334	52	72
1473	336	48	73
1479	340	55	82
1492	340	65	70
1492	342	66	85
1507	338	62	95
1518	338	56	99
1531	339	52	103
1545	336	52	107
1549	339	55	100
1558	338	58	101
1565	333	68	116
1576	339	63	104
1590	337	66	105
1594	339	66	103
1615	341	57	100
1620	343	62	94
1632	337	63	78
1640	341	65	68
1658	339	55	67
1672	348	47	75
1683	339	51	71
1695	344	50	82
1706	344	48	92
1716	342	47	89
1724	342	59	94
1733	341	60	100
1741	341	63	110
1760	340	57	109
1766	337	57	117
1787	338	45	113
1793	337	56	113
1796	340	66	105
1815	338	61	112
1817	340	69	106
1835	340	64	106
1843	341	70	103
1856	339	60	107
1868	340	55	107
1877	344	47	102
1877	344	47	102
1877	344	47	102
1877	344	47	102
1877	344	47	102
1877	344	47	102
1877	344	47	102
1877	344	47	102
1877	344	47	102
1877	344	47	102
1877	344	47	102
1835	203	55	106
1835	203	55	106
1835	203	55	106
1828	228	69	93
1828	216	84	88
1830	229	92	78
1830	232	92	67
1806	233	116	60
1814	235	105	57
1806	231	111	66
1806	232	115	65
1806	232	115	65
1806	232	115	65
1785	234	120	60
1785	234	120	60
1785	234	120	60
1785	234	120	60
1785	234	120	60
1785	234	120	60
1785	234	120	60
1785	234	120	60
1785	234	120	60
1785	234	120	60
1785	234	120	60
1785	234	120	60
1785	234	120	60
1785	234	120	60
1785	234	120	60
1785	234	120	60
1785	234	120	60
1785	234	120	60
1785	234	120	60
1785	234	120	60
1785	234	120	60
1785	234	120	60
1785	234	120	60
1785	234	120	60
1785	234	120	60
1785	234	120	60
1785	234	120	60
1785	234	120	60
1785	234	120	60
1785	234	120	60
1785	234	120	60
1785	234	120	60
1785	234	120	60
1785	234	120	60
1785	234	120	60
1785	234	120	60
1785	234	120	60
1785	234	120	60
1785	234	120	60
1785	234	120	60
1785	234	120	60
1785	234	120	60
1785	234	120	60
1785	234	120	60
1785	234	120	60
1785	234	120	60
1785	234	120	60
1785	234	120	60
1785	234	120	60
1785	234	120	60
1785	234	120	60
1785	234	120	60
1785	234	120	60
1785	234	120	60
1785	234	120	60
1785	234	120	60
1785	234	120	60
1785	234	120	60
1785	234	120	60
1785	234	120	60
1785	234	120	60
1785	234	120	60
1785	234	120	60
1785	234	120	60
1785	234	120	60
1785	234	120	60
1785	234	120	60
1785	234	120	60
1785	234	120	60
1785	234	120	60
1785	234	120	60
1785	234	120	60
1785	234	120	60
1785	234	120	60
1785	234	120	60
1785	234	120	60
1785	234	120	60
