973	711	119	338
970	708	120	347
969	706	123	351
968	701	124	346
970	693	117	355
970	697	117	346
968	699	118	335
970	692	119	334
972	691	113	335
967	690	118	328
969	682	119	334
972	682	115	329
973	687	110	319
972	682	111	318
975	678	106	316
964	673	115	324
971	669	110	318
974	672	105	313
974	672	103	305
974	668	100	309
976	667	100	308
970	666	106	304
968	657	105	310
968	658	105	308
970	656	106	300
969	657	104	300
966	658	107	287
967	655	102	289
967	649	104	297
971	650	95	283
967	652	100	281
963	652	104	272
966	649	101	272
966	640	98	285
966	640	96	274
967	639	95	271
963	638	96	267
965	634	94	273
961	635	96	267
958	637	102	259
959	624	99	269
960	621	99	276
959	619	97	264
962	621	95	260
961	620	95	257
958	615	98	260
957	615	98	255
961	612	95	253
958	611	99	254
957	611	100	256
956	610	100	253
957	608	97	251
957	605	96	252
955	602	98	253
958	605	97	246
956	603	96	243
958	596	94	254
955	600	98	245
956	593	96	252
960	596	94	244
956	597	95	243
953	604	101	235
953	601	98	236
960	602	90	235
952	597	100	237
953	596	99	241
954	602	96	232
952	594	101	238
955	593	99	233
953	588	99	233
956	587	93	232
955	588	97	228
953	584	97	231
955	585	95	230
956	581	94	228
957	575	90	232
958	577	92	228
957	574	92	231
956	571	92	232
957	570	94	231
955	570	93	229
950	576	100	219
952	572	97	221
954	573	90	217
953	569	90	219
949	571	93	217
944	568	97	221
944	570	96	217
947	571	91	214
947	559	89	222
943	556	93	225
943	564	93	211
941	554	92	219
938	556	94	218
941	557	87	213
943	552	83	218
939	553	91	209
937	554	94	207
936	549	94	211
937	550	85	209
937	550	84	206
936	548	86	207
934	545	85	204
932	547	89	200
934	549	79	200
931	545	84	198
932	547	78	195
930	544	77	194
928	544	78	204
927	545	79	198
926	539	78	206
927	543	75	198
923	538	79	207
921	537	76	197
916	534	82	205
916	533	81	197
913	538	81	187
911	538	81	177
912	537	74	190
912	530	73	189
906	530	78	196
908	530	73	188
908	526	71	201
905	523	72	209
903	527	73	196
906	526	66	203
901	525	68	201
900	523	67	204
897	524	68	195
898	522	67	198
893	522	68	198
893	521	66	201
890	518	68	203
889	521	69	193
888	520	66	195
887	519	66	193
884	521	69	192
884	521	66	187
880	524	67	176
880	522	69	184
876	523	67	187
876	523	66	188
874	522	66	189
872	523	67	189
871	520	68	199
870	526	66	196
869	526	66	191
867	527	68	191
868	527	66	193
866	527	69	203
866	526	69	200
866	524	70	202
865	523	70	187
864	525	69	193
868	520	65	193
867	521	67	185
866	520	70	191
866	520	70	177
866	522	70	184
867	520	68	175
868	522	66	180
867	523	67	171
867	518	69	174
870	518	66	177
871	515	64	174
870	515	68	184
871	517	69	174
873	518	67	179
875	514	68	185
874	515	67	171
876	518	68	172
877	515	64	176
879	515	67	174
877	513	67	179
880	516	65	164
878	517	66	162
879	515	69	161
882	512	66	165
882	514	66	160
883	512	66	167
882	508	66	166
884	511	63	161
883	509	68	163
886	509	62	164
884	507	65	166
887	507	63	156
887	508	62	155
886	507	63	157
888	505	63	161
887	507	62	156
888	507	63	156
888	505	62	155
889	509	61	146
890	504	62	159
888	508	61	161
888	502	62	157
888	506	61	154
889	502	63	160
889	501	62	162
889	500	60	164
887	501	62	160
888	500	64	169
889	501	61	150
889	503	62	150
889	502	59	158
889	499	59	163
889	498	59	162
889	500	59	155
889	501	60	143
890	503	59	145
890	501	58	151
890	499	59	146
888	499	58	151
889	496	56	159
889	496	56	149
889	494	59	155
888	498	59	147
888	499	58	147
887	498	59	152
886	499	58	162
885	499	62	138
887	500	57	142
887	502	57	144
887	500	55	150
887	498	53	148
885	501	56	146
885	498	55	145
884	499	55	144
885	495	55	145
883	495	55	149
884	497	55	146
885	494	57	139
882	493	59	140
884	493	55	144
884	489	54	159
883	488	53	154
883	486	55	152
882	488	56	139
884	491	55	136
884	494	54	135
884	487	54	140
883	492	53	134
883	491	56	134
882	491	57	133
884	490	53	142
884	487	55	145
884	485	55	146
885	485	54	141
886	489	55	129
885	487	54	136
885	491	55	127
884	487	56	135
885	487	55	139
885	485	55	140
886	490	56	133
886	487	55	125
886	488	57	123
887	487	57	124
887	487	55	127
888	488	55	122
888	487	54	124
887	488	57	118
887	487	59	125
889	485	55	124
889	487	57	128
890	487	58	122
889	487	58	129
891	488	58	125
889	487	60	126
892	485	58	125
892	484	58	127
892	486	60	125
892	485	60	124
893	487	60	122
893	487	62	124
896	484	60	129
896	485	61	121
896	486	59	121
899	486	58	121
898	487	59	125
898	488	59	123
899	488	60	123
900	486	59	125
901	486	59	130
901	483	63	138
901	482	58	136
902	484	60	126
903	483	56	129
902	482	60	130
903	481	57	138
903	483	59	131
905	484	57	122
904	483	59	127
905	478	58	135
905	481	58	135
905	479	59	132
906	480	59	129
906	481	57	128
908	477	56	144
906	480	59	137
904	481	59	134
908	478	56	140
908	476	56	137
907	477	57	139
907	481	58	128
908	479	55	129
909	477	54	136
909	473	55	141
909	475	57	140
909	479	56	136
908	476	57	137
908	476	58	133
909	478	56	130
908	479	57	131
909	473	56	138
909	478	56	134
909	474	55	141
909	476	53	137
910	476	54	138
909	474	56	142
910	475	54	139
910	472	54	140
911	472	53	138
909	478	57	126
908	479	59	118
909	476	56	118
908	476	58	132
907	477	58	123
907	475	57	121
906	474	58	121
905	474	60	116
905	473	61	118
904	476	61	114
904	474	61	122
904	475	61	118
906	470	59	122
906	472	60	124
904	473	62	120
905	471	58	130
904	471	59	131
905	471	57	135
904	471	58	136
904	471	56	139
905	470	56	141
905	470	55	138
906	468	55	141
906	468	53	140
907	468	52	138
904	468	57	137
903	470	56	134
906	466	52	146
905	465	53	145
904	462	54	148
903	458	53	153
905	458	52	149
903	458	52	147
903	458	52	143
903	456	51	147
902	454	53	142
902	453	54	149
902	450	54	147
902	448	55	156
904	448	52	145
903	449	54	141
901	447	55	142
902	446	56	136
901	450	57	128
903	450	53	131
902	448	54	134
902	450	57	130
902	452	54	128
902	449	55	128
903	448	52	129
906	448	51	129
904	445	53	132
905	444	54	130
903	447	55	124
904	448	54	126
905	447	55	129
904	447	55	125
904	446	56	126
905	448	55	122
905	447	57	120
905	447	53	123
906	447	55	119
904	448	56	115
907	448	54	115
907	445	51	122
908	444	50	120
908	445	50	124
908	442	52	130
907	445	51	120
908	441	51	121
907	439	53	131
907	440	54	129
907	440	54	122
907	438	54	126
906	443	54	120
906	441	55	121
905	443	54	119
905	440	55	122
904	441	56	123
904	438	55	122
907	436	55	120
906	438	56	121
906	437	55	124
906	433	55	131
907	434	55	127
907	434	53	129
907	436	52	130
909	434	51	126
908	436	52	118
907	439	54	110
909	437	51	111
909	437	52	117
908	438	52	112
907	434	55	121
906	432	56	125
907	432	54	127
907	432	54	121
908	433	53	116
908	429	53	119
908	428	51	127
907	429	54	121
909	430	50	120
908	427	54	124
909	428	52	123
909	421	53	132
910	423	52	128
909	425	51	128
910	426	54	125
910	422	53	129
909	426	54	120
910	426	55	123
912	427	51	123
911	427	53	123
913	427	52	118
913	426	51	122
914	424	52	126
914	428	51	116
915	424	49	119
916	425	49	128
915	430	50	125
916	425	50	126
917	424	50	125
916	426	54	140
916	423	54	155
917	424	54	158
918	422	54	157
918	420	56	161
918	425	56	158
919	424	58	155
920	419	55	159
921	424	55	149
921	419	52	154
920	416	57	165
921	408	56	170
920	411	57	169
921	417	56	162
920	415	57	164
921	417	55	162
921	411	55	168
922	417	54	162
921	417	55	161
921	422	57	156
921	423	55	157
922	420	54	159
921	420	58	159
919	422	58	156
921	423	56	157
922	419	57	160
921	423	56	155
921	420	54	159
920	421	57	157
920	423	57	155
921	416	53	163
922	422	52	155
920	417	54	161
919	426	56	153
917	424	57	155
922	424	52	154
922	422	51	155
921	414	50	164
921	423	51	155
921	424	50	154
922	422	50	155
920	424	51	154
921	426	52	153
921	427	50	154
922	426	51	154
921	434	53	147
920	430	55	152
921	430	52	150
921	432	53	150
921	430	49	153
920	429	53	154
920	438	53	147
919	436	55	152
919	438	51	147
919	434	52	151
918	439	54	148
919	438	52	149
917	444	52	145
918	437	51	151
915	439	54	148
915	441	55	149
914	436	55	152
913	443	57	150
914	441	54	146
914	439	54	151
912	442	57	150
911	440	60	151
911	444	56	147
909	442	59	150
910	443	58	149
909	444	58	148
909	443	57	148
907	443	59	151
906	440	59	154
905	439	59	153
904	441	61	150
903	443	62	147
903	447	59	144
904	441	59	146
902	449	59	138
901	449	60	140
900	448	60	147
900	448	61	146
899	451	63	142
899	441	62	157
897	454	64	145
899	452	61	146
897	452	62	148
899	450	59	143
899	447	61	151
897	447	61	151
896	447	64	151
896	441	63	155
898	446	60	146
896	444	65	146
896	443	63	143
899	437	60	151
900	434	59	149
900	438	60	151
898	438	64	145
898	432	63	149
903	431	57	149
903	430	56	148
903	433	57	140
904	439	56	129
907	433	51	133
905	425	55	148
906	427	56	139
907	431	56	136
907	429	56	144
907	433	55	136
908	432	58	141
908	432	55	136
911	431	53	137
911	433	54	137
911	430	54	138
912	429	53	138
913	433	55	136
913	430	55	135
915	432	53	135
915	434	56	133
914	433	54	135
915	434	56	131
914	438	55	127
915	434	53	135
916	429	54	140
917	430	54	138
917	431	54	136
917	439	53	125
918	437	55	126
919	432	55	130
917	433	53	131
919	434	50	131
918	430	50	133
919	432	51	130
919	430	51	130
919	435	50	123
920	430	50	130
919	432	50	129
919	432	52	131
918	425	54	137
918	429	51	133
918	428	50	134
918	427	53	136
917	428	53	132
918	422	52	138
917	427	53	129
915	429	54	133
916	423	52	136
916	428	52	126
916	431	51	123
915	428	54	123
915	424	50	129
914	424	51	133
913	429	53	125
912	424	55	130
911	426	52	128
911	425	51	127
910	420	51	131
910	430	50	122
908	426	50	127
909	423	50	129
907	428	51	125
905	428	53	131
904	433	54	128
903	429	54	130
901	434	56	123
899	432	55	125
900	432	54	127
900	426	52	130
898	426	55	134
897	429	59	133
894	428	56	132
891	425	60	132
892	425	60	136
890	425	61	133
890	425	60	137
887	427	65	134
886	430	60	129
885	429	62	131
886	429	55	132
885	434	57	126
884	431	56	128
884	434	56	128
880	430	57	132
880	430	57	130
880	427	54	138
878	431	55	131
879	426	54	141
878	424	54	143
876	429	53	141
874	430	54	128
872	432	56	127
871	433	60	125
869	434	59	126
868	432	58	135
866	433	63	129
865	438	64	121
866	437	58	126
864	434	60	136
864	436	59	132
862	443	58	126
862	437	59	133
862	441	50	128
862	439	54	126
861	438	51	138
860	433	54	139
859	434	56	134
858	438	51	129
858	434	54	133
856	431	56	133
855	430	54	132
858	427	51	138
858	429	48	126
856	428	49	128
857	431	49	126
856	427	47	132
857	424	51	137
858	428	51	132
858	426	49	135
858	421	46	141
857	420	46	141
857	425	49	135
857	421	47	139
856	425	49	134
856	425	49	132
857	424	46	134
857	423	47	136
856	425	49	130
855	427	49	127
855	425	48	130
854	424	48	131
855	423	47	134
854	424	49	132
854	426	47	132
853	426	48	127
852	428	50	126
854	428	47	128
853	426	47	126
853	426	46	128
852	426	45	127
852	428	45	125
853	426	46	131
853	425	46	126
853	427	45	126
852	429	46	126
853	426	46	133
853	426	46	126
853	428	50	130
855	426	44	128
855	428	48	124
857	430	45	119
858	429	44	123
857	428	45	126
860	428	46	126
861	428	47	126
862	427	47	124
863	430	46	121
864	429	49	121
865	427	48	124
866	430	48	115
869	430	48	113
871	431	47	107
874	431	45	109
875	432	48	110
878	428	47	114
881	428	45	114
883	430	46	106
885	431	46	107
887	434	45	99
889	433	46	97
891	431	46	102
894	428	46	107
897	430	46	103
899	430	48	104
900	430	50	102
902	431	51	96
903	432	54	98
907	433	47	94
908	432	49	97
911	427	49	103
910	427	55	103
909	426	56	104
911	433	53	96
914	429	51	102
915	429	53	103
915	431	57	96
915	433	58	95
916	434	58	97
920	434	51	97
922	431	52	95
921	434	54	92
922	430	52	99
923	433	52	95
922	435	55	92
927	430	50	100
926	432	51	99
927	429	50	103
928	429	52	108
928	432	52	97
930	432	53	98
931	437	53	91
931	431	52	98
935	431	50	95
934	433	51	99
937	435	48	91
938	434	47	92
939	433	48	97
938	431	49	105
939	432	48	99
939	430	48	94
940	430	47	97
939	431	51	95
940	431	48	91
940	432	48	91
941	432	47	89
940	429	48	90
941	428	49	94
942	424	47	98
942	423	46	100
942	420	47	103
940	423	47	98
942	418	44	101
942	419	45	98
942	415	47	97
945	412	42	103
943	413	45	100
943	413	45	101
943	414	47	96
944	410	44	99
943	410	46	100
943	412	48	96
944	411	45	93
945	411	45	94
945	413	47	89
947	413	43	88
945	407	44	98
945	406	44	103
945	410	44	95
945	408	44	93
946	405	44	93
946	401	44	99
945	403	44	104
946	402	44	105
945	397	44	109
946	399	42	108
944	398	44	111
944	395	44	110
944	397	46	103
944	394	46	110
944	392	45	104
945	394	44	100
944	392	44	107
944	392	45	114
941	391	48	108
942	388	48	116
942	388	48	106
940	391	51	107
940	391	52	106
940	392	51	108
936	397	54	97
938	393	50	98
939	390	47	104
939	386	48	108
939	383	51	116
936	386	53	113
938	386	49	105
938	384	46	98
938	381	43	104
936	382	48	105
935	380	49	107
933	387	52	99
932	382	49	109
934	381	47	111
932	382	50	109
932	381	48	111
931	382	52	102
932	383	47	99
932	384	47	97
931	383	49	100
930	384	50	97
928	384	53	99
928	383	49	100
928	384	48	102
928	388	44	100
927	386	47	97
928	381	45	110
926	381	48	107
925	382	47	103
925	380	46	104
924	378	49	107
924	371	52	118
923	376	48	113
923	377	48	110
922	374	49	116
922	375	45	114
921	380	43	109
919	383	43	103
917	383	46	108
917	385	42	105
915	384	44	104
915	387	43	103
913	388	45	103
912	386	44	107
913	386	42	108
911	387	43	103
910	388	43	107
910	386	41	110
907	387	43	109
907	390	43	109
905	386	43	111
906	386	42	113
905	385	42	116
904	386	42	113
903	385	42	115
903	387	40	110
901	387	40	113
899	387	43	116
898	387	42	116
897	389	42	107
897	387	39	109
894	387	40	111
895	389	39	109
893	388	39	109
892	387	39	103
891	387	40	111
891	387	37	116
889	389	38	118
888	388	41	118
886	391	38	117
885	390	38	118
882	390	42	107
880	394	42	105
878	389	42	115
877	387	41	120
876	392	41	112
872	388	45	111
864	385	50	117
861	382	50	126
857	379	55	133
862	385	48	121
860	389	48	122
860	388	47	122
857	388	50	123
853	388	51	127
855	390	47	115
850	387	49	118
848	388	49	124
845	383	51	120
844	382	48	126
843	387	48	127
843	383	46	133
840	386	44	138
838	384	46	136
837	386	46	125
838	387	44	128
836	384	43	133
832	380	50	140
835	383	43	130
835	377	44	136
835	380	43	136
834	378	43	138
831	382	44	133
831	382	43	136
831	379	42	141
832	379	41	137
831	380	41	131
831	376	41	129
832	377	39	130
831	379	39	129
830	380	42	126
830	380	42	129
830	379	41	129
829	378	43	140
828	378	45	141
828	377	45	146
828	373	45	152
826	373	47	148
828	373	46	147
826	373	49	150
826	375	49	146
829	371	46	154
828	372	46	151
828	374	48	143
829	374	47	142
830	377	47	137
832	373	46	135
833	375	45	131
832	376	46	139
835	374	45	134
836	379	45	130
838	379	43	127
840	380	43	126
840	375	45	125
842	377	43	127
842	377	44	122
845	375	41	129
845	375	44	132
849	371	41	124
849	373	43	122
850	373	45	118
849	380	50	128
852	377	45	131
854	374	45	135
856	380	45	128
857	384	43	123
857	381	45	125
858	384	46	119
861	384	42	120
859	383	53	126
860	382	50	121
862	381	49	124
860	377	55	130
859	375	57	138
858	377	57	137
861	380	55	127
862	376	59	128
862	371	58	141
866	377	57	128
864	377	62	129
865	383	62	127
865	382	60	125
865	381	63	132
867	381	63	131
872	385	60	126
873	382	58	130
875	386	59	123
878	388	57	131
872	382	65	137
871	381	66	138
887	389	52	131
877	383	63	134
888	387	54	126
893	397	50	119
895	399	46	117
897	402	49	108
900	402	50	109
902	404	47	101
903	403	50	99
905	403	45	108
907	400	45	116
908	402	46	109
909	402	47	110
910	404	45	106
911	401	47	106
912	405	47	101
914	408	46	92
916	402	46	106
917	404	43	108
918	404	47	101
921	406	48	107
922	407	47	107
922	411	48	93
924	409	46	100
923	407	49	113
924	404	49	110
925	406	48	106
928	406	44	110
928	400	47	115
928	401	44	122
929	403	44	117
931	403	42	114
931	405	42	117
933	405	42	116
934	408	41	113
933	404	42	121
935	409	43	112
936	409	43	106
936	410	41	112
937	409	38	115
937	408	39	114
937	407	39	113
937	412	38	103
938	408	38	106
937	408	39	111
937	407	41	118
938	405	40	119
938	405	39	124
939	408	39	119
939	412	39	114
941	415	38	102
942	415	36	99
941	418	36	100
942	418	35	96
938	414	39	106
937	417	41	117
938	412	41	117
935	413	43	118
933	407	42	121
932	405	45	120
932	409	44	112
933	410	46	113
931	403	44	113
931	404	45	112
932	405	44	111
929	405	47	117
926	399	47	120
926	399	47	131
923	402	50	119
926	400	47	120
921	402	50	122
924	400	46	119
924	398	45	123
921	388	48	130
923	385	45	137
923	383	45	141
921	383	47	139
923	379	43	144
921	380	45	145
922	376	44	150
920	373	45	149
923	385	43	144
921	375	43	147
922	370	42	153
922	377	43	150
922	374	41	153
922	376	41	147
921	372	40	153
918	374	44	152
913	370	49	157
916	372	45	156
919	370	41	155
916	369	43	157
914	370	45	154
913	365	45	160
909	362	49	165
909	368	47	160
909	365	48	161
908	361	48	166
910	366	46	159
903	370	53	156
903	368	54	161
905	366	51	163
905	365	51	161
902	368	52	160
901	367	51	158
905	365	48	159
898	368	56	158
900	366	55	155
901	367	50	155
902	367	50	155
909	361	44	164
904	361	47	164
903	360	47	163
904	359	46	161
905	360	45	158
902	366	47	156
900	360	49	168
901	356	49	170
898	355	51	172
896	359	56	171
894	367	58	160
896	363	58	161
896	357	52	170
894	362	58	164
894	357	59	167
896	356	53	169
893	357	59	168
894	359	59	162
893	361	59	165
893	358	58	163
894	362	58	162
893	360	59	162
893	363	59	161
892	364	60	159
893	366	59	159
894	363	58	160
892	364	59	161
890	367	61	158
888	370	63	154
889	361	60	163
894	356	54	168
891	363	58	163
893	359	58	163
892	368	61	161
891	363	60	164
891	370	61	158
889	370	62	156
891	371	60	156
889	368	62	160
889	366	64	161
891	365	62	165
892	364	63	163
891	368	63	162
889	373	65	156
887	377	65	153
887	378	65	152
890	369	64	156
891	369	62	155
892	367	61	159
890	367	64	158
890	367	65	159
891	369	63	159
888	371	66	155
890	371	62	158
890	369	63	162
889	371	64	159
887	374	66	155
889	369	64	161
888	368	66	161
889	369	64	161
890	369	63	164
888	370	65	159
889	369	65	162
890	367	62	166
887	369	69	161
888	366	67	166
888	370	66	163
888	372	69	163
888	372	68	162
888	363	69	175
887	366	71	169
882	367	78	169
883	368	71	171
883	379	64	155
881	375	74	163
882	389	65	153
884	398	47	137
885	404	45	128
885	402	46	128
885	407	47	121
886	405	45	123
886	408	45	116
887	405	46	123
887	408	44	117
889	407	43	122
889	409	43	117
888	412	44	111
890	408	42	118
888	408	44	119
889	410	45	114
887	412	47	116
885	411	48	117
885	410	49	117
886	409	46	124
886	408	45	120
885	414	48	116
886	416	46	112
885	413	48	115
885	415	48	116
883	418	50	112
883	417	49	114
882	416	48	114
881	416	50	112
880	419	51	112
880	420	51	111
881	422	49	110
882	424	48	110
879	423	51	113
882	424	47	107
879	427	50	104
878	427	51	106
880	426	49	109
880	424	46	109
881	424	46	107
883	422	44	111
884	424	43	110
882	417	44	118
883	418	45	117
885	416	42	118
885	417	41	119
886	414	43	118
886	412	43	120
886	410	44	124
887	408	45	124
887	411	46	115
888	413	47	116
888	410	46	118
889	413	46	116
888	411	48	121
888	412	51	121
886	411	51	121
885	412	53	119
887	413	52	117
890	412	49	119
889	413	51	117
890	410	49	120
890	412	50	115
890	413	49	116
889	411	49	119
889	411	50	119
889	408	50	121
890	409	49	120
890	409	48	119
890	411	49	119
890	411	48	119
889	408	48	124
888	409	50	124
887	407	49	124
888	410	50	124
888	407	48	124
888	412	50	119
888	407	49	126
889	413	48	119
888	412	49	121
889	414	48	123
889	418	49	115
888	417	50	118
890	414	45	120
888	415	48	120
889	416	48	118
892	413	44	121
892	413	44	123
893	412	44	120
892	415	45	117
892	413	47	121
894	414	44	121
894	415	46	115
893	411	47	122
893	413	44	122
894	413	45	119
894	412	45	121
894	409	45	124
893	409	46	123
893	410	46	120
894	408	46	119
893	409	47	120
892	412	49	117
890	411	51	115
892	409	49	120
891	410	48	118
892	406	45	124
892	407	45	123
892	409	45	120
893	406	43	122
891	407	44	124
889	407	47	122
888	408	47	123
888	408	46	120
887	413	48	115
887	408	49	119
885	413	49	114
886	410	47	121
884	413	49	116
883	412	51	115
884	413	49	114
883	412	50	115
882	417	50	111
883	413	47	116
882	416	47	112
882	417	46	113
882	419	46	105
880	419	50	107
880	417	47	111
880	419	47	109
878	419	49	109
881	420	45	110
878	421	46	111
879	420	46	110
878	420	46	113
879	420	42	110
877	421	46	107
876	419	45	111
874	418	47	111
876	420	45	107
876	418	44	111
875	417	44	112
875	418	43	108
875	417	43	108
873	419	46	106
873	415	45	109
874	417	43	108
875	417	42	108
872	418	44	105
873	419	44	109
871	416	45	108
871	416	45	109
869	417	45	105
870	413	44	112
870	414	43	115
869	413	44	113
869	412	42	114
868	413	43	113
870	415	42	106
870	414	41	101
869	412	43	108
869	414	43	102
868	414	44	102
867	412	42	109
868	411	43	109
868	407	43	110
866	406	45	112
866	406	43	117
868	404	40	117
868	405	42	110
868	404	43	112
867	403	43	107
869	403	40	108
869	404	42	107
870	402	41	108
870	400	40	109
870	400	40	112
871	399	40	112
872	400	41	111
871	401	43	109
870	400	44	110
870	398	44	113
872	399	42	108
873	399	42	104
873	398	42	110
874	400	42	107
873	400	46	106
875	398	43	108
874	402	47	103
873	399	48	106
874	397	48	110
876	397	47	110
876	400	48	104
876	398	48	107
879	401	46	102
879	401	43	103
883	406	38	96
883	407	39	92
883	399	40	105
882	403	44	104
883	403	43	105
884	405	44	102
886	405	44	101
887	404	42	103
888	407	42	97
890	400	40	106
890	400	42	107
889	401	44	109
890	401	44	108
891	403	48	104
893	406	45	100
894	405	45	101
895	399	45	105
895	396	46	109
898	400	43	100
899	398	45	107
899	401	47	93
900	402	47	96
899	403	47	94
902	402	46	92
903	406	48	87
905	405	47	94
906	403	47	93
906	401	49	98
907	397	50	106
909	401	51	101
909	403	52	93
912	399	47	95
913	399	47	100
913	406	47	88
913	409	54	78
915	409	50	77
916	411	48	86
918	412	49	83
919	410	47	76
920	411	48	75
921	410	48	79
922	408	52	84
921	409	56	89
921	405	66	95
922	405	67	96
924	398	66	104
925	402	69	91
926	404	67	94
927	401	68	99
927	405	64	94
930	399	63	100
933	390	61	108
935	382	57	116
935	391	58	108
936	394	60	105
937	386	61	113
938	393	60	104
938	399	58	94
940	400	58	95
942	396	55	99
944	397	53	97
946	394	53	101
945	395	55	100
949	399	53	96
950	399	52	98
953	397	51	101
954	400	51	98
954	399	52	100
958	397	49	102
958	399	52	100
957	398	53	100
960	397	48	103
960	401	50	99
960	403	51	95
961	400	49	100
961	404	51	97
960	404	51	94
961	405	50	95
963	399	48	97
962	398	50	97
962	398	49	96
963	399	47	94
962	396	49	99
962	403	51	91
961	400	50	93
962	399	50	95
961	398	52	98
960	392	53	103
960	396	53	98
960	389	51	105
960	387	52	104
960	387	52	106
959	384	52	112
959	385	52	112
958	387	56	108
957	391	55	106
958	388	54	107
956	390	54	108
954	392	57	105
953	393	60	107
952	395	59	106
952	396	59	104
952	398	55	105
952	400	52	101
954	402	49	103
954	404	50	101
953	409	49	100
951	405	50	103
951	404	50	108
949	409	50	104
948	408	50	106
950	411	49	105
948	410	51	108
947	414	51	101
947	417	52	104
949	415	52	106
947	418	53	105
947	418	55	101
947	418	55	99
949	416	51	104
949	419	54	103
948	417	52	105
949	418	50	104
948	419	52	103
949	419	50	103
948	421	54	100
946	421	58	97
949	419	53	104
947	416	56	104
950	421	54	98
948	419	59	99
949	420	57	101
950	414	55	110
952	413	54	112
952	417	54	107
953	418	53	105
952	418	56	106
953	413	53	113
953	419	55	110
952	417	56	111
951	421	59	107
952	422	61	104
949	425	65	100
947	426	66	99
949	426	62	101
951	427	61	102
952	422	59	105
950	422	63	108
951	424	63	105
954	423	58	105
952	426	60	106
951	424	63	107
952	428	62	106
953	426	61	109
952	428	65	105
952	429	67	104
953	428	64	107
951	428	67	106
951	427	64	107
955	429	61	107
954	431	63	108
954	428	63	110
957	427	59	112
952	433	68	107
953	436	69	108
958	437	64	103
962	433	61	105
962	433	60	107
962	435	63	105
963	431	59	111
963	434	61	109
964	432	58	115
961	438	62	110
964	432	58	114
964	432	58	119
964	437	60	114
961	438	62	112
962	437	63	111
962	442	67	109
963	439	63	109
962	439	67	113
960	441	61	111
960	441	67	109
960	442	66	113
959	442	62	111
960	445	66	113
960	448	61	107
959	446	63	110
958	449	65	108
956	446	67	112
954	448	69	113
955	450	66	113
953	446	70	118
953	447	72	117
951	447	72	123
948	450	76	118
949	452	75	114
946	452	75	115
945	455	71	113
944	450	74	122
945	454	67	120
945	454	68	122
943	452	66	127
942	453	66	125
943	454	65	127
940	453	67	130
938	454	72	127
935	456	81	126
935	456	71	130
935	455	79	132
933	459	71	128
933	461	70	128
929	464	72	126
929	464	69	126
928	463	67	129
928	464	65	130
929	463	61	132
929	464	62	135
926	465	66	133
929	467	61	136
931	468	60	137
927	467	61	138
921	471	70	135
919	469	76	143
920	473	76	141
919	476	75	137
919	476	74	143
919	478	76	142
919	478	76	144
921	482	71	143
919	480	74	146
917	481	75	149
917	480	76	149
916	488	77	146
916	489	80	146
915	487	78	149
915	493	78	145
912	493	82	144
914	495	77	143
913	497	83	145
910	499	82	145
915	498	77	145
911	502	83	142
907	501	89	147
910	505	87	144
915	507	81	143
907	506	89	148
902	508	92	156
904	509	97	155
912	507	86	163
914	505	83	163
912	501	87	172
913	501	87	172
918	499	84	174
927	497	73	179
920	499	83	174
917	496	86	179
916	496	85	175
906	496	98	175
902	501	103	167
903	500	99	171
904	498	96	170
897	501	106	166
899	499	103	172
902	494	97	176
902	496	98	178
900	495	98	173
899	499	96	172
896	493	97	176
897	499	97	170
893	500	96	169
891	497	97	174
889	496	99	177
893	498	92	173
883	493	101	183
885	500	99	174
884	498	99	177
885	501	96	170
880	503	98	172
881	500	98	174
881	501	95	181
878	501	98	182
874	503	100	178
877	508	95	175
877	505	93	180
885	509	82	181
889	505	79	190
904	508	61	184
905	509	54	187
904	512	53	184
900	512	59	186
900	514	55	186
899	515	55	188
894	517	57	188
892	517	57	188
889	521	59	184
887	517	59	189
875	518	68	187
868	524	74	186
852	523	90	184
850	523	94	182
854	524	84	185
843	524	96	192
840	527	99	191
837	527	100	192
837	527	99	187
839	529	94	189
832	534	102	187
833	532	100	198
835	534	95	192
840	538	89	190
838	537	88	197
835	537	93	196
841	543	87	185
837	545	94	190
831	547	97	198
828	549	100	201
840	548	89	199
836	551	90	200
841	553	84	198
827	556	98	203
831	556	94	205
826	559	100	209
831	556	89	218
829	561	94	214
833	557	87	215
830	562	91	214
834	565	87	208
825	568	95	211
837	566	81	212
833	570	86	211
832	571	85	210
831	571	85	216
825	574	92	213
831	574	84	214
831	575	85	218
828	574	87	223
827	580	94	223
832	575	86	236
829	576	89	240
829	582	92	238
828	584	96	238
829	582	97	247
832	586	96	242
829	585	99	251
833	591	100	253
830	587	101	262
831	592	103	259
830	594	102	258
829	592	110	269
836	593	103	275
832	592	104	277
836	597	102	276
839	599	99	280
838	601	103	278
841	598	97	280
843	604	100	278
842	604	100	274
845	605	100	281
850	609	97	283
852	609	97	276
852	611	98	280
853	613	98	282
856	617	99	282
859	618	97	284
857	619	99	284
857	619	100	285
854	618	107	293
862	618	99	295
865	617	98	301
869	621	97	304
868	626	99	305
867	629	103	308
866	638	108	299
863	640	111	296
873	631	101	316
874	636	104	316
879	634	98	323
880	639	100	318
879	642	105	318
879	642	108	326
880	644	112	330
883	645	110	331
883	648	110	335
881	648	114	335
882	654	113	332
881	658	113	332
882	659	116	333
882	663	117	335
887	658	107	343
887	665	111	341
886	665	114	346
888	667	109	347
885	669	113	344
893	670	110	346
887	669	116	351
891	667	115	356
892	666	115	359
890	665	109	360
887	670	117	355
892	667	114	363
891	666	114	362
890	669	116	362
894	669	110	362
887	671	117	377
892	672	112	367
888	675	115	367
890	676	117	358
891	678	116	355
891	674	117	365
894	673	113	370
890	675	116	366
899	674	111	363
896	677	115	358
894	676	115	359
903	676	109	361
895	677	111	361
898	674	109	361
898	673	111	357
895	674	117	366
898	674	110	360
893	673	115	360
893	673	116	364
896	673	111	363
892	677	117	354
890	675	115	357
890	668	115	367
887	671	115	363
886	672	114	358
885	667	114	359
881	666	113	364
883	661	109	372
879	664	115	361
876	662	121	362
876	662	115	356
871	656	117	360
866	655	118	356
868	651	114	359
868	656	108	351
864	656	106	350
864	654	103	353
862	647	103	351
864	645	96	353
864	641	95	360
860	637	95	359
853	639	102	364
857	637	96	359
849	638	97	354
854	639	96	343
848	636	93	347
848	636	96	346
849	628	90	350
847	625	88	350
840	629	94	344
838	628	99	343
832	631	98	330
835	628	96	331
832	624	99	334
829	619	100	344
826	623	101	334
826	621	103	334
824	620	102	334
822	614	102	329
820	616	97	327
823	605	88	343
821	595	88	340
820	596	84	334
821	598	81	335
818	586	80	346
820	574	77	335
813	592	83	322
814	582	80	328
811	592	86	316
802	600	88	304
800	607	92	297
799	601	91	304
800	605	88	305
799	600	87	303
802	599	83	299
799	599	87	277
797	598	86	295
795	601	89	284
800	600	80	275
797	603	84	270
793	602	89	255
795	598	87	253
794	602	88	242
795	603	84	233
795	604	85	231
795	611	86	218
792	608	87	235
795	606	84	240
797	617	84	238
795	612	84	243
794	612	82	242
793	612	85	246
793	612	82	253
797	615	80	238
795	617	80	239
795	618	83	240
796	615	84	250
799	620	85	234
797	619	85	230
798	619	84	230
798	619	82	220
799	617	82	223
800	616	84	224
803	611	82	221
800	619	87	229
801	612	84	221
802	624	86	215
803	611	85	224
803	617	88	250
809	617	85	294
805	608	87	314
804	608	88	309
807	610	86	306
803	613	88	313
804	611	88	326
807	613	90	307
802	614	94	309
803	615	97	315
800	619	99	320
803	619	97	316
802	619	95	316
804	617	100	317
807	617	94	320
809	618	91	319
811	611	89	295
808	616	103	291
805	613	106	249
805	616	105	238
807	619	106	228
804	620	109	229
804	618	108	233
807	621	106	227
810	621	102	231
808	616	103	253
810	622	101	258
806	622	109	302
807	619	111	329
805	617	107	341
807	623	110	329
810	618	102	333
813	621	106	327
811	618	100	330
817	617	104	330
818	610	95	336
819	613	98	326
824	611	101	322
829	613	96	326
830	615	97	318
836	616	94	306
834	614	96	310
832	613	109	311
837	614	100	297
838	614	99	299
839	610	109	303
840	617	113	286
841	611	123	298
842	609	129	299
849	606	127	299
849	607	130	298
847	608	138	294
852	607	126	289
854	610	129	282
855	605	126	288
857	598	126	293
857	603	126	288
859	596	122	289
860	601	119	283
862	607	119	272
864	599	112	275
864	597	111	276
867	598	106	275
866	604	103	264
865	606	102	253
867	597	99	271
866	599	101	260
867	592	94	265
865	592	97	269
866	587	99	274
867	590	102	262
865	591	104	262
862	587	105	267
863	584	108	257
863	581	107	262
865	582	106	246
863	577	110	255
865	574	108	265
865	579	107	248
866	574	107	235
866	571	103	231
866	567	102	228
868	566	100	220
868	567	98	215
868	566	100	206
868	563	98	211
869	567	98	204
868	559	100	207
867	569	99	192
867	557	95	184
870	554	91	196
868	555	88	204
871	549	84	213
870	549	82	203
869	545	84	203
870	544	80	192
869	543	78	193
868	541	81	196
866	548	80	180
865	542	85	190
861	542	87	176
863	541	85	177
862	540	85	179
864	538	84	172
863	537	78	174
863	536	79	174
863	531	77	168
866	530	71	166
866	523	69	165
864	525	69	171
866	520	66	177
864	516	65	167
866	517	61	157
