1403	547	385	424
1389	533	369	446
1388	544	324	413
1374	539	297	411
1353	536	290	401
1310	529	354	428
1300	533	318	400
1269	525	343	422
1257	521	315	412
1243	526	290	390
1204	527	349	389
1194	521	320	392
1176	520	302	398
1166	513	273	389
1142	515	301	396
1117	515	296	386
1111	523	279	369
1096	519	268	376
1067	518	285	373
1037	510	301	393
1030	513	270	381
1009	513	274	374
1009	521	237	361
971	521	285	360
963	515	259	361
941	512	270	385
911	509	285	383
900	514	255	366
883	512	254	372
865	513	274	368
843	516	276	371
828	510	269	381
810	516	291	377
797	514	294	391
790	508	288	388
780	510	302	387
772	509	307	373
771	504	313	382
776	508	290	374
790	503	243	368
781	508	275	357
764	505	310	381
770	505	290	384
765	505	317	378
773	512	283	371
773	504	277	380
771	506	293	367
768	500	295	384
788	506	275	365
776	504	290	371
766	502	308	378
786	515	267	345
781	505	266	357
785	503	254	367
795	508	241	354
786	505	266	357
770	502	286	366
795	508	267	353
778	508	299	348
776	503	291	354
778	499	285	364
781	500	292	357
778	501	291	373
776	498	292	380
778	502	276	375
788	502	279	361
792	497	256	351
789	498	282	350
784	497	295	360
794	494	259	362
784	496	284	365
784	490	282	373
788	490	270	377
789	492	267	365
774	495	301	383
790	492	268	381
789	497	263	345
788	499	268	360
782	496	290	364
801	495	244	359
793	501	278	339
793	505	279	347
788	502	275	357
793	500	270	355
781	494	285	375
774	506	296	364
782	499	262	360
774	499	259	360
759	495	277	377
749	497	296	355
754	500	273	348
740	494	287	370
730	496	274	368
730	501	283	353
728	500	287	360
727	504	265	356
726	507	288	340
716	499	300	365
716	500	304	358
722	492	263	366
702	496	302	369
722	497	272	354
707	498	293	372
719	499	275	349
718	493	269	372
717	496	287	355
730	502	269	343
726	506	270	345
712	501	298	352
715	498	290	365
722	499	280	372
729	497	254	349
719	495	284	365
713	493	301	374
711	496	293	379
721	499	287	360
730	496	272	353
717	495	295	379
722	486	283	379
724	497	273	371
729	494	260	380
722	496	283	364
715	497	297	365
718	491	292	369
720	504	296	344
718	497	300	363
722	495	297	365
726	496	295	354
718	489	301	374
722	492	282	362
731	487	262	377
735	503	273	349
746	495	253	351
728	494	287	376
734	489	272	365
721	498	304	362
741	488	261	368
728	493	297	349
745	494	246	339
730	500	292	354
732	495	291	348
721	491	301	373
735	488	270	361
727	491	294	373
722	488	303	388
724	499	296	366
744	494	244	362
736	500	269	356
733	495	262	360
733	502	259	346
727	501	278	349
727	504	288	350
735	493	262	355
737	500	273	350
732	501	264	348
730	497	261	357
739	504	246	341
739	499	256	352
734	501	274	356
741	498	256	354
726	500	282	359
732	493	275	365
742	499	251	362
732	499	275	357
727	503	273	358
727	501	284	359
731	506	273	355
732	495	283	352
737	495	268	360
739	492	268	367
749	497	248	354
746	501	251	353
749	494	256	365
751	500	261	364
751	491	273	356
754	490	275	351
757	495	279	370
756	494	269	359
770	490	270	365
772	491	275	357
770	494	279	371
784	498	256	358
797	499	247	360
793	492	265	361
815	493	227	342
818	490	242	359
817	485	255	367
822	494	248	350
833	481	226	359
845	488	216	360
845	485	237	365
842	480	237	364
856	482	227	367
861	478	236	365
862	484	230	359
870	480	234	360
873	488	231	351
888	485	212	348
887	481	219	348
894	481	222	347
897	480	217	343
913	477	203	345
915	484	198	337
919	473	204	344
923	483	207	333
929	478	212	335
934	477	199	332
944	474	190	334
948	476	189	328
954	471	183	334
961	468	184	333
967	472	188	325
970	469	183	327
974	471	194	326
979	467	195	318
992	462	183	324
987	471	207	308
995	468	214	314
1006	462	205	323
1010	466	203	314
1018	464	188	311
1030	464	188	298
1029	463	211	313
1031	455	218	312
1050	457	195	313
1055	459	190	303
1063	455	197	296
1062	453	198	307
1074	447	191	315
1077	451	199	306
1088	447	195	311
1090	438	194	316
1107	435	179	310
1110	439	189	307
1122	441	171	303
1121	440	182	301
1129	444	178	294
1137	439	175	293
1147	445	166	285
1152	441	168	284
1150	444	177	283
1153	440	186	278
1155	437	189	290
1162	434	184	287
1172	427	176	290
1170	427	186	292
1177	426	189	293
1173	430	198	282
1186	415	179	296
1189	415	188	301
1193	417	184	286
1194	421	182	290
1201	415	183	278
1195	425	186	267
1196	424	195	275
1205	423	183	283
1205	426	186	272
1213	425	178	274
1208	424	188	275
1209	421	182	272
1215	418	169	271
1215	426	170	269
1212	420	184	265
1208	418	192	275
1211	411	183	293
1223	410	164	282
1227	406	161	280
1226	413	154	264
1230	407	153	266
1218	405	174	273
1220	406	175	270
1221	410	170	269
1222	410	165	266
1216	407	170	261
1218	416	175	251
1221	416	157	237
1226	415	155	254
1222	407	159	256
1227	404	147	243
1242	403	123	233
1232	411	131	242
1235	409	136	240
1239	403	130	245
1239	403	129	229
1246	404	126	222
1245	401	127	237
1246	396	139	245
1239	394	152	243
1251	395	134	231
1251	398	135	224
1253	399	134	218
1259	397	127	214
1263	399	118	219
1263	392	120	228
1265	389	123	224
1268	392	123	226
1266	387	129	223
1271	386	126	231
1278	386	123	231
1275	388	125	213
1278	393	121	204
1288	390	110	217
1290	387	112	224
1292	389	106	199
1290	392	113	208
1296	391	110	207
1300	389	102	217
1299	392	114	213
1302	394	111	208
1306	398	110	207
1302	399	114	205
1309	396	108	205
1307	397	110	203
1308	403	110	192
1315	399	103	192
1315	403	110	196
1318	403	111	180
1328	407	98	169
1325	406	103	182
1330	407	107	175
1334	406	102	176
1338	404	97	186
1332	401	103	180
1341	398	91	184
1341	397	91	188
1342	403	96	166
1346	408	94	156
1349	405	92	156
1350	399	88	164
1355	397	87	160
1355	397	90	160
1367	387	76	172
1364	400	93	164
1364	404	89	155
1374	409	84	137
1379	411	78	140
1380	434	82	138
1383	410	84	144
1379	400	85	155
1379	400	85	155
1379	400	85	155
1388	402	83	161
1395	411	78	155
1394	405	80	165
1390	402	82	172
1390	408	84	165
1391	397	80	169
1391	397	80	169
1384	383	84	173
1361	407	90	153
1354	396	85	158
1348	379	78	167
1333	400	97	152
1310	395	86	150
1290	388	82	154
1263	407	86	141
1237	402	96	129
1227	402	99	127
1199	405	93	115
1174	395	90	120
1167	394	88	128
1141	393	91	132
1117	387	86	138
1090	386	104	132
1070	384	107	130
1052	390	102	134
1047	385	111	134
1035	388	120	123
1015	388	122	125
1006	393	107	114
1003	385	109	124
998	384	136	136
969	370	132	147
980	388	123	114
982	392	103	111
983	377	91	124
983	394	97	114
984	389	91	106
986	399	76	94
982	399	77	89
982	402	74	89
979	398	73	97
973	400	67	96
974	369	65	117
975	362	63	129
974	354	55	132
977	370	51	115
969	396	62	99
967	390	60	103
964	389	60	97
966	386	54	98
964	390	51	94
955	395	66	95
954	390	66	100
947	394	72	93
948	394	68	91
951	396	66	87
942	397	70	86
938	399	71	82
936	392	61	86
931	390	64	90
938	394	51	92
934	366	47	90
930	383	52	96
928	379	54	96
927	380	52	103
927	382	51	87
922	394	49	83
924	398	48	75
925	394	42	77
918	393	49	79
911	395	60	75
906	395	57	75
904	395	54	89
903	374	49	97
885	366	62	103
883	358	70	115
887	352	63	116
886	351	59	117
877	347	72	131
878	347	70	130
878	341	67	134
869	355	73	133
864	354	74	129
871	352	62	121
866	353	64	116
863	351	62	114
855	376	77	95
857	366	76	105
864	352	62	111
865	377	58	91
863	368	59	107
859	361	64	119
854	354	69	135
852	350	68	134
858	352	62	127
855	348	59	128
853	345	58	122
859	340	46	125
852	365	57	119
846	365	59	116
847	371	58	120
849	347	54	117
843	368	63	110
836	367	68	117
844	352	59	116
844	349	53	113
848	365	52	100
846	352	51	112
844	347	48	114
840	347	51	108
838	363	61	109
836	350	67	116
836	341	56	119
834	338	60	124
833	341	60	115
832	337	57	124
836	352	57	133
831	351	53	134
824	331	54	119
823	344	58	116
818	341	60	114
815	341	60	112
823	332	54	120
815	336	62	118
818	331	59	121
822	346	52	112
815	343	65	118
820	345	54	109
820	346	54	110
811	340	60	116
806	364	60	105
816	344	51	107
812	352	56	101
811	344	56	103
813	348	56	102
812	369	63	92
808	363	61	80
809	357	56	89
806	348	57	97
804	355	52	92
810	345	45	99
809	359	48	100
810	355	47	96
809	345	51	105
802	338	52	113
805	336	49	116
792	345	60	108
795	343	55	112
792	337	55	119
789	340	55	113
787	369	64	95
791	344	51	107
786	342	55	105
783	339	56	113
781	340	59	105
783	337	51	104
784	346	52	94
774	340	63	105
779	340	60	105
780	341	56	110
780	341	56	110
780	341	56	110
774	343	52	102
772	348	54	95
763	356	61	89
767	349	58	99
768	352	58	97
773	346	55	101
765	338	60	112
763	337	51	112
760	341	48	110
762	342	48	113
760	341	56	111
752	343	70	107
753	346	65	110
750	352	69	101
749	357	72	95
755	361	66	92
748	370	73	87
744	369	65	81
752	372	60	80
746	367	60	81
746	364	63	89
745	354	62	100
742	359	60	92
746	348	48	101
738	369	60	89
727	378	71	79
727	374	71	76
724	370	72	86
721	369	76	85
728	362	64	89
737	365	52	89
736	365	45	88
739	359	33	94
720	368	40	100
720	368	40	100
720	368	40	100
711	357	55	104
709	353	66	106
711	346	62	121
694	351	59	113
715	365	55	104
699	373	50	96
698	340	50	80
705	385	43	70
691	366	34	83
683	370	40	81
688	373	49	79
681	374	48	83
675	370	47	84
675	370	49	87
670	363	64	92
668	349	57	106
664	348	54	108
663	364	59	98
663	373	46	92
654	371	57	91
649	377	72	91
647	376	73	87
637	377	84	90
641	366	74	93
635	370	78	92
644	373	69	89
639	380	71	87
628	378	85	83
628	378	85	83
610	382	78	80
607	380	88	80
603	374	90	92
603	374	90	92
603	374	90	92
591	375	80	91
593	373	75	101
592	371	73	91
595	382	69	105
583	359	56	116
583	359	56	116
583	359	56	116
570	356	49	118
568	346	59	126
557	375	72	118
549	373	76	124
541	370	83	120
540	370	73	120
532	379	85	115
522	380	85	114
521	377	75	97
516	374	66	107
520	386	59	105
517	383	51	108
492	383	65	109
499	389	53	107
487	368	66	121
482	365	72	133
478	372	71	139
478	365	63	135
472	368	64	133
459	363	78	136
443	364	84	140
445	366	84	136
441	363	91	128
420	397	88	106
420	397	88	106
431	399	75	118
427	404	77	107
417	373	68	105
415	395	68	115
413	397	70	119
403	396	80	133
387	419	71	155
385	398	83	132
380	401	87	122
385	407	88	120
351	413	105	119
353	391	94	105
352	393	90	110
276	472	83	138
271	449	95	124
330	384	98	144
324	383	99	145
329	384	93	139
327	399	106	127
326	386	87	146
329	378	84	154
331	388	85	147
343	388	85	144
344	393	92	135
350	388	91	136
356	389	85	145
362	406	80	126
386	403	78	128
389	414	77	126
393	421	84	118
393	416	97	117
425	420	83	112
367	444	85	107
451	421	80	103
474	428	76	98
484	398	69	111
512	423	65	104
531	430	72	97
515	410	81	101
545	391	69	92
555	433	80	96
507	449	67	90
589	404	69	101
600	409	82	103
603	422	88	91
618	439	87	80
639	418	86	64
650	440	90	78
673	423	80	98
675	433	91	99
695	429	98	102
711	434	93	102
725	423	94	106
744	431	92	106
764	436	82	97
778	414	84	115
792	422	87	115
805	430	87	113
810	436	103	103
823	411	99	116
834	422	103	117
824	410	126	126
846	411	132	124
838	428	147	110
865	430	152	106
866	433	160	105
876	437	164	103
893	444	164	98
898	438	190	106
914	437	193	110
926	417	177	131
946	432	200	113
952	441	191	107
967	415	214	136
979	430	204	119
991	442	217	115
1002	444	211	109
1017	452	191	114
1036	422	186	127
1049	435	174	113
1065	419	163	131
1079	422	163	127
1089	413	170	138
1103	418	172	140
1117	427	167	128
1134	429	163	120
1149	431	158	116
1160	432	169	120
1175	439	164	115
1186	443	171	115
1197	431	179	131
1209	430	173	128
1215	416	173	144
1222	419	176	142
1223	434	181	128
1229	436	176	121
1224	441	184	120
1223	436	176	125
1216	430	185	132
1213	436	187	127
1207	441	176	119
1199	444	181	114
1191	431	178	130
1188	432	176	129
1184	439	166	122
1172	446	176	116
1163	454	176	108
1154	452	175	110
1148	446	174	117
1137	458	174	105
1129	463	179	99
1120	460	180	101
1113	462	178	101
1104	458	177	105
1098	466	177	100
1092	465	178	102
1089	460	174	108
1080	457	179	113
1073	462	179	107
1062	442	189	126
1062	451	180	118
1052	460	187	106
1044	457	182	110
1038	464	180	104
1029	455	184	114
1017	462	195	104
1011	466	196	103
1004	461	189	106
998	461	186	107
989	452	186	118
981	456	189	116
971	467	179	107
961	455	186	118
954	464	182	111
948	462	182	109
939	470	183	102
931	473	181	98
922	466	186	107
913	469	186	106
908	465	184	110
896	473	192	102
892	472	187	100
887	477	182	98
883	475	183	99
880	474	186	100
876	473	191	103
873	471	184	103
870	471	185	108
869	469	186	109
862	466	191	110
863	460	188	119
862	461	187	120
862	467	184	110
860	469	187	110
856	467	189	115
856	453	199	128
860	447	190	135
860	439	191	146
861	426	190	160
868	414	187	174
868	387	191	204
872	378	195	217
871	374	195	221
872	368	192	223
869	407	197	181
874	387	195	202
875	387	200	203
875	388	201	200
882	367	198	220
885	416	187	169
888	406	190	181
889	416	192	169
892	401	194	183
898	395	191	188
901	404	195	179
900	414	199	171
911	407	197	176
915	390	196	195
923	403	192	183
925	401	198	182
933	401	201	185
942	396	190	187
947	397	193	188
952	395	194	188
952	416	200	171
950	440	213	153
969	451	196	129
974	462	192	112
980	464	194	108
989	465	191	105
996	465	191	107
1004	460	188	113
1012	456	190	116
1018	456	189	119
1023	461	195	109
1033	464	192	107
1039	464	193	110
1051	467	191	107
1054	468	194	106
1064	467	193	106
1070	466	197	107
1075	469	198	105
1084	472	200	99
1092	474	198	99
1101	472	194	98
1112	473	193	99
1118	472	195	99
1123	470	198	101
1134	474	196	98
1140	473	199	97
1148	471	199	101
1157	470	199	102
1168	469	196	100
1176	471	197	96
1181	474	203	95
1191	476	199	93
1197	473	201	97
1208	470	199	101
1221	472	190	101
1222	469	199	103
1232	473	196	100
1242	474	196	100
1242	476	208	98
1259	476	197	100
1270	472	197	105
1271	471	201	106
1272	472	209	105
1276	469	203	107
1272	471	209	103
1275	469	202	105
1271	467	200	105
1265	471	201	103
1260	469	198	104
1254	467	199	106
1248	475	195	99
1238	476	195	98
1233	473	190	98
1221	469	193	102
1211	472	192	98
1203	472	190	100
1195	470	188	99
1185	459	190	112
1183	444	181	121
1164	435	190	129
1163	420	181	146
1159	403	177	162
1158	382	169	182
1151	390	164	179
1155	374	151	191
1113	401	182	169
1094	379	197	194
1098	351	195	216
1101	369	173	206
1111	356	151	212
1115	374	136	195
1073	377	165	189
1069	376	164	192
1045	397	174	176
1042	374	173	199
1049	375	153	198
1052	368	142	202
1033	364	155	208
1048	386	128	199
1037	366	132	209
1044	380	118	207
1036	363	126	208
1030	365	125	215
1033	353	117	208
1028	361	121	202
985	384	148	199
992	347	158	212
994	336	173	233
999	330	160	227
999	330	160	227
1010	349	159	220
1010	349	159	220
1010	349	159	220
1001	390	185	192
1001	390	185	192
1001	390	185	192
1001	390	185	192
1001	390	185	192
1001	390	185	192
1001	390	185	192
1001	390	185	192
1001	390	185	192
1001	390	185	192
1001	390	185	192
1001	390	185	192
1001	390	185	192
1001	390	185	192
1001	390	185	192
1001	390	185	192
1001	390	185	192
1001	390	185	192
1001	390	185	192
1001	390	185	192
1001	390	185	192
1001	390	185	192
1001	390	185	192
1001	390	185	192
1001	390	185	192
1001	390	185	192
1001	390	185	192
1001	390	185	192
1001	390	185	192
1001	390	185	192
1001	390	185	192
1001	390	185	192
1001	390	185	192
1001	390	185	192
1001	390	185	192
1001	390	185	192
1001	390	185	192
1001	390	185	192
1001	390	185	192
1001	390	185	192
1001	390	185	192
1001	390	185	192
1028	415	193	235
1028	415	193	235
991	417	229	227
979	405	250	247
979	405	250	247
980	419	241	255
992	395	238	247
997	401	216	249
983	407	230	252
956	417	259	276
968	404	240	265
943	413	263	270
965	412	243	255
947	416	254	263
950	407	238	266
963	424	221	313
954	405	223	304
952	422	222	282
920	423	243	254
935	413	222	281
939	408	220	286
944	410	208	284
937	424	209	267
945	413	195	283
955	410	181	288
947	410	186	292
925	421	217	292
922	420	215	291
922	421	220	294
923	427	219	299
894	452	251	270
920	428	221	302
906	439	250	290
905	449	244	291
908	450	228	298
900	444	233	309
896	446	259	313
885	453	263	311
865	461	286	304
867	452	279	309
879	457	262	309
898	455	236	301
882	452	258	318
874	450	263	315
841	449	323	327
866	453	288	297
857	451	293	316
843	432	311	324
848	429	314	325
853	434	310	314
839	432	324	338
855	427	302	349
861	434	290	345
869	433	279	344
875	439	262	338
873	446	276	330
871	432	287	335
884	436	273	341
904	445	234	344
917	433	217	352
890	433	249	350
895	427	240	351
893	446	249	340
877	456	276	336
903	455	249	300
878	453	263	335
886	462	268	323
905	473	223	292
886	479	241	301
894	475	244	325
901	454	240	331
892	475	237	313
874	473	263	318
887	466	249	330
887	476	237	314
895	493	229	295
874	479	271	309
878	468	269	321
883	452	263	327
879	486	262	304
894	477	240	304
886	485	248	300
883	473	259	302
887	462	262	334
887	466	267	321
904	462	242	318
896	472	247	323
892	470	261	317
913	458	236	316
903	467	241	315
906	461	246	319
906	474	253	313
913	487	235	295
910	472	243	307
920	473	234	301
924	459	243	314
920	461	252	315
922	467	249	291
941	466	217	309
953	463	219	306
965	453	193	310
971	446	188	304
955	455	213	297
958	451	219	304
962	449	220	295
942	480	235	262
941	455	251	299
955	473	225	262
954	477	224	259
967	460	226	273
972	463	220	266
975	465	214	272
978	447	221	286
988	451	213	289
1004	451	191	275
1011	457	190	274
1012	455	182	271
1017	444	192	277
1028	454	177	257
1040	455	174	260
1049	457	163	253
1051	449	157	256
1045	461	189	252
1058	444	181	268
1067	433	173	273
1074	428	163	287
1056	423	198	280
1058	433	213	274
1077	429	191	270
1074	434	200	272
1073	435	189	268
1076	437	193	258
1074	433	206	260
1088	448	182	248
1092	451	188	243
1081	443	211	260
1103	449	192	252
1113	455	182	243
1111	439	188	260
1125	449	158	225
1138	436	167	243
1124	437	207	256
1141	436	166	239
1154	434	173	237
1145	437	183	228
1139	429	198	241
1137	437	188	252
1136	424	183	249
1132	422	192	245
1121	418	202	266
1125	420	184	261
1123	414	164	245
1112	411	179	243
1115	405	153	243
1111	407	157	242
1093	406	179	248
1088	406	174	254
1082	409	159	236
1085	406	158	243
1059	409	180	235
1056	412	194	225
1054	418	172	211
1050	416	164	220
1048	412	163	219
1047	407	157	227
1038	413	157	215
1028	413	172	210
1031	411	145	215
1030	406	165	220
1004	409	174	217
1013	403	136	214
1013	423	117	193
994	467	137	163
994	466	125	141
990	441	127	164
974	437	129	168
973	428	122	183
973	416	123	194
963	401	126	203
948	396	125	209
949	402	125	200
941	392	126	207
940	387	119	207
924	421	138	174
918	420	128	182
913	414	127	177
907	417	126	180
918	390	108	198
908	388	118	203
893	394	132	195
887	406	127	183
893	397	117	189
885	403	117	179
881	395	115	192
876	393	118	181
865	386	122	183
862	379	120	198
859	377	117	188
854	380	117	187
846	368	123	188
853	353	105	194
851	361	105	176
835	359	108	170
826	357	115	175
821	352	114	175
819	349	117	173
815	347	108	166
814	344	101	165
805	355	98	151
803	349	95	151
799	365	95	124
794	372	90	108
793	374	88	104
792	372	76	99
