942	489	75	177
946	475	79	186
950	463	74	175
953	454	73	161
956	444	74	162
959	436	79	163
960	430	78	159
966	425	74	164
971	416	75	171
974	413	77	167
978	409	77	174
984	402	74	185
987	397	73	197
994	393	69	188
1001	390	65	186
1003	391	67	181
1007	386	69	189
1011	387	69	194
1016	387	67	196
1019	386	69	201
1021	384	70	206
1026	386	68	202
1031	383	65	198
1034	378	64	212
1035	373	70	219
1043	373	63	230
1047	368	61	236
1049	372	66	239
1049	372	66	239
1056	368	63	243
1056	368	63	243
1065	376	60	247
1065	376	60	247
1069	374	61	244
1073	374	58	251
1078	372	55	247
1082	375	54	250
1083	375	54	247
1087	371	52	247
1090	370	49	246
1094	370	47	259
1096	369	48	263
1097	364	50	254
1099	364	51	241
1101	361	50	229
1105	351	46	225
1108	348	44	227
1108	348	44	227
1108	354	47	215
1108	354	47	215
1112	342	46	222
1114	334	50	218
1111	334	56	205
1117	342	51	196
1121	339	46	197
1122	339	48	187
1125	341	46	181
1127	344	47	184
1129	343	47	192
1134	340	43	188
1136	339	42	182
1137	343	44	183
1138	345	45	182
1141	345	44	179
1145	347	42	181
1147	345	42	182
1149	344	42	181
1148	351	42	185
1151	346	41	190
1155	350	39	178
1159	351	34	171
1154	344	47	165
1161	352	38	163
1160	357	38	176
1157	354	52	164
1161	356	53	171
1168	351	50	147
1170	350	44	127
1173	355	43	113
1173	355	45	115
1175	356	48	113
1178	354	46	117
1179	351	47	108
1180	357	51	97
1183	353	49	101
1185	352	49	106
1188	352	47	106
1192	351	47	101
1193	352	45	101
1192	350	47	107
1191	351	48	108
1187	350	44	112
1181	350	45	113
1174	351	45	118
1169	350	45	124
1165	350	45	122
1161	350	44	118
1158	351	45	119
1157	350	46	124
1156	351	48	123
1156	350	47	127
1156	351	48	137
1157	353	49	139
1158	355	50	137
1160	353	50	142
1163	349	50	154
1165	350	50	165
1170	353	48	163
1172	354	50	163
1174	356	53	170
1176	359	54	166
1179	358	54	167
1182	357	56	177
1187	360	54	177
1191	360	54	180
1197	358	52	179
1200	361	56	179
1205	361	55	178
1210	362	54	175
1217	364	53	182
1219	354	59	186
1226	358	55	183
1226	380	61	183
1222	370	66	196
1218	364	65	196
1204	385	68	214
1195	385	66	210
1174	386	63	217
1148	388	58	220
1119	387	64	208
1084	384	63	218
1046	384	63	247
1007	384	65	248
964	387	66	242
929	388	61	247
882	384	56	240
824	389	62	237
784	387	60	234
730	387	63	243
671	390	62	242
609	393	64	239
554	393	69	267
513	406	67	287
465	395	77	305
433	403	73	322
405	403	76	312
389	397	73	303
377	384	76	301
373	397	76	301
370	408	74	326
374	393	74	337
379	386	72	346
386	389	69	361
393	385	76	377
401	384	78	383
411	380	76	395
421	376	78	404
432	373	79	417
443	370	82	434
450	371	92	411
460	356	90	414
473	365	81	439
481	366	86	442
490	362	78	427
499	355	84	440
511	353	83	412
517	324	91	403
529	356	85	392
539	334	81	368
544	310	96	368
557	349	88	327
563	358	103	311
568	356	124	310
579	357	129	307
589	354	124	307
602	348	117	309
611	357	114	313
615	351	122	341
615	351	122	341
648	293	119	329
644	353	116	366
660	359	111	370
679	278	80	368
691	351	73	338
702	361	69	305
713	374	67	274
719	370	86	283
727	384	89	271
727	384	89	271
758	369	110	272
764	372	121	279
768	369	121	289
772	368	124	300
769	366	135	314
769	366	135	314
777	365	133	340
789	374	121	339
712	480	146	322
377	738	180	320
713	522	168	335
713	508	179	355
718	477	155	387
789	381	178	367
721	525	178	344
725	526	187	335
728	494	160	369
728	494	160	369
784	441	215	354
726	494	184	326
720	520	199	381
789	383	214	369
725	519	202	387
726	524	217	365
738	520	175	351
724	514	198	366
749	510	155	348
726	515	208	380
720	525	231	384
742	517	188	364
732	519	210	363
747	520	190	351
729	514	213	392
729	512	237	417
723	522	254	420
715	521	312	483
706	516	359	519
713	479	347	587
714	447	356	635
717	482	335	598
723	427	333	665
717	485	379	613
712	442	410	671
