913	344	333	146
910	342	330	153
917	341	332	147
914	339	333	154
917	345	325	145
923	346	318	147
916	344	325	142
913	342	321	156
916	341	326	155
913	341	330	151
918	343	320	147
914	341	323	151
914	341	315	148
911	342	324	152
908	341	332	153
917	344	321	143
918	343	319	148
905	345	325	154
905	338	326	159
917	339	323	157
912	347	316	145
910	345	321	146
901	343	327	153
907	337	316	157
903	342	326	150
901	335	331	159
905	338	327	152
906	345	324	145
907	341	320	148
904	345	324	143
906	337	324	156
899	342	323	146
902	342	316	154
907	340	319	148
902	342	324	150
895	340	326	152
906	337	322	149
898	342	310	147
903	342	315	140
894	344	318	146
894	337	326	153
902	337	320	146
897	335	321	154
887	341	323	151
883	340	334	142
893	338	322	156
889	340	321	147
887	337	327	157
889	336	326	151
891	339	321	151
883	343	318	145
891	333	323	153
888	337	318	150
887	336	324	151
883	336	318	155
889	331	319	161
888	338	308	153
887	335	312	164
883	336	310	161
884	334	318	164
877	339	311	155
878	330	322	159
881	332	318	156
873	335	317	161
881	333	315	158
879	335	314	157
884	333	316	153
875	337	305	158
883	332	308	162
872	335	313	154
878	333	320	149
875	334	311	164
877	337	307	151
882	336	303	155
875	330	307	166
869	340	310	140
874	335	302	142
872	335	313	152
872	331	303	164
869	335	306	153
858	340	314	147
875	332	302	156
857	333	311	160
865	333	308	154
862	333	310	164
860	336	304	150
865	333	310	155
856	332	313	154
855	335	316	155
867	330	300	160
853	334	306	157
855	334	301	156
854	331	309	160
861	328	311	174
861	334	293	170
854	337	305	148
849	332	308	169
858	332	297	157
848	327	307	178
854	337	296	155
845	335	305	164
853	331	301	170
842	338	307	143
844	335	306	156
848	329	307	159
835	332	310	162
852	331	299	166
841	337	299	164
845	332	302	162
842	331	299	178
846	335	303	145
835	333	299	174
836	334	306	157
836	336	297	146
836	337	300	154
829	330	306	176
841	335	283	168
844	331	300	166
834	335	297	166
838	334	296	162
830	330	303	172
843	335	289	152
831	335	301	167
840	333	293	160
831	339	297	159
836	333	298	171
835	337	294	152
829	336	301	151
835	334	301	162
835	335	297	169
842	325	306	179
846	333	295	179
859	334	295	181
873	328	300	176
879	329	300	190
897	341	297	151
913	333	294	170
931	338	299	155
947	331	304	170
968	332	302	186
984	337	298	179
1005	333	307	184
1025	329	309	183
1048	340	294	175
1058	334	315	192
1079	332	321	178
1099	339	317	179
1127	342	323	177
1152	336	324	181
1165	336	334	190
1180	332	344	201
1207	336	344	201
1222	340	354	183
1248	338	345	187
1273	338	359	195
1284	337	374	208
1315	337	365	208
1330	340	382	195
1356	344	372	194
1370	341	380	203
1382	340	383	200
1389	348	386	200
1386	347	405	205
1399	342	406	212
1393	346	402	218
1400	345	402	206
1408	344	400	209
1408	349	397	207
1405	344	417	209
1404	347	409	203
1416	344	412	210
1406	345	410	215
1413	344	412	217
1398	346	426	225
1421	342	416	218
1408	356	404	216
1429	348	409	222
1410	352	420	220
1418	352	429	205
1410	349	434	215
1428	346	411	226
1423	350	418	210
1410	348	443	209
1429	350	413	207
1420	357	425	204
1420	347	434	206
1434	350	431	195
1415	350	433	209
1431	349	423	222
1411	345	441	218
1424	341	426	222
1419	348	438	218
1428	350	409	207
1424	341	433	226
1424	340	427	225
1423	343	426	207
1414	345	432	210
1424	342	438	207
1417	342	431	216
1426	348	434	200
1417	343	430	211
1414	346	435	203
1425	342	426	207
1412	346	442	210
1419	345	435	210
1419	349	438	208
1415	346	433	206
1415	341	444	202
1406	350	436	201
1430	355	410	207
1423	347	423	208
1410	351	438	206
1415	346	429	207
1410	351	441	211
1414	357	423	219
1422	351	438	220
1409	351	440	228
1420	351	423	212
1407	350	441	220
1412	351	431	217
1421	349	429	212
1413	352	436	210
1417	357	424	209
1406	354	446	214
1410	363	433	203
1427	358	419	195
1413	351	426	218
1419	356	439	214
1422	359	424	204
1417	359	434	204
1409	363	425	208
1436	361	413	203
1414	362	431	195
1412	358	432	206
1416	364	423	198
1420	361	428	194
1410	362	430	207
1416	357	434	217
1410	369	436	209
1415	363	431	209
1422	359	430	220
1406	364	432	215
1429	361	422	213
1423	363	417	214
1414	367	438	199
1416	367	426	217
1412	369	440	206
1412	364	420	219
1428	358	428	219
1417	366	429	205
1409	364	435	210
1405	369	440	209
1410	364	444	210
1407	365	443	207
1414	362	429	217
1417	371	425	210
1409	364	438	215
1405	365	441	221
1418	365	434	221
1400	374	449	203
1421	368	424	209
1400	371	433	209
1422	367	421	208
1404	371	428	213
1416	367	427	207
1394	370	439	206
1411	364	434	214
1411	373	427	207
1402	368	435	209
1406	371	424	205
1407	361	436	217
1409	367	422	222
1409	368	418	221
1399	367	435	211
1396	368	430	222
1408	363	435	221
1395	368	434	217
1403	370	428	219
1397	368	428	217
1397	369	430	226
1403	367	430	221
1390	365	439	222
1405	373	421	208
1394	374	421	206
1410	364	422	216
1395	371	423	217
1406	365	427	221
1390	374	428	208
1390	372	427	205
1384	368	440	220
1398	367	422	220
1390	372	426	213
1394	364	422	222
1385	370	417	221
1385	363	427	237
1387	363	430	232
1386	363	428	231
1384	362	437	224
1379	366	434	219
1376	371	429	222
1383	367	423	228
1384	368	409	235
1388	370	424	227
1377	376	419	217
1381	365	423	228
1369	367	427	228
1375	366	418	238
1383	373	413	227
1374	372	412	237
1371	373	425	218
1370	372	416	216
1375	375	410	215
1380	376	415	206
1370	373	407	221
1376	376	405	214
1370	371	408	218
1362	376	426	210
1359	378	405	218
1345	377	431	217
1352	375	420	237
1352	366	419	259
1361	379	404	214
1346	375	416	225
1359	374	401	220
1344	367	420	235
1339	377	420	228
1335	380	429	207
1342	374	417	219
1349	374	402	232
1346	379	407	216
1342	378	401	215
1348	375	401	217
1338	375	404	218
1335	374	419	210
1332	375	417	199
1327	370	415	237
1322	371	412	231
1329	370	408	225
1313	376	420	222
1320	372	415	235
1323	372	414	223
1311	371	414	236
1322	366	415	236
1310	369	415	247
1322	373	398	244
1309	362	413	262
1310	369	410	252
1310	363	413	257
1310	373	401	242
1322	359	390	259
1300	364	410	267
1311	363	391	269
1305	367	398	265
1303	365	397	262
1297	374	406	213
1305	373	395	209
1293	371	407	218
1286	370	408	223
1293	370	401	222
1289	375	404	222
1283	368	407	223
1278	375	406	203
1276	371	411	247
1275	367	407	215
1273	365	411	220
1274	368	406	216
1271	369	415	212
1267	362	402	240
1270	365	401	233
1270	361	399	256
1272	356	392	269
1275	361	390	287
1271	350	412	291
1279	364	396	268
1279	360	396	284
1283	356	406	271
1292	355	390	298
1285	365	409	222
1288	366	411	223
1289	359	416	242
1304	362	408	253
1310	363	419	230
1313	356	409	258
1321	358	413	272
1332	355	410	267
1341	350	423	274
1349	358	414	284
1356	349	440	295
1373	340	421	304
1375	359	426	278
1385	364	438	231
1392	354	443	254
1399	356	434	271
1407	354	433	297
1417	359	440	244
1413	359	449	266
1415	357	451	274
1413	353	457	266
1424	350	445	276
1418	350	448	288
1424	348	437	290
1430	348	438	287
1431	352	423	299
1421	355	458	260
1425	359	456	267
1418	354	445	294
1426	349	449	285
1425	356	445	283
1427	354	438	283
1422	349	450	292
1428	355	438	270
1423	358	456	259
1418	357	458	261
1419	354	452	275
1430	354	436	271
1418	352	445	287
1427	351	432	300
1427	346	429	302
1426	343	428	311
1419	349	436	306
1411	351	450	308
1418	353	437	312
1414	348	443	311
1412	363	454	231
1418	363	447	232
1417	367	455	221
1415	360	447	251
1408	360	452	264
1409	349	448	287
1414	364	445	276
1409	360	447	287
1414	357	449	261
1410	351	436	293
1408	356	445	300
1409	349	423	310
1410	348	449	311
1409	358	434	304
1405	351	432	314
1406	356	425	316
1399	364	458	260
1397	352	449	290
1397	359	449	295
1399	359	456	276
1399	354	434	315
1400	363	434	288
1392	366	445	261
1393	359	429	290
1380	363	456	281
1390	363	435	290
1395	352	415	313
1388	363	432	275
1389	362	435	287
1386	364	435	282
1387	360	422	301
1386	355	417	324
1382	363	408	318
1385	372	427	262
1380	364	431	269
1379	370	443	253
1382	363	423	272
1378	359	420	301
1376	359	420	315
1379	359	405	316
1364	361	422	327
1367	361	417	312
1368	363	418	315
1364	362	405	328
1359	363	424	310
1357	356	419	333
1359	353	420	334
1352	357	402	348
1357	359	398	315
1349	361	417	334
1347	346	415	355
1355	362	392	326
1345	353	410	334
1345	357	404	336
1341	350	401	347
1335	353	405	351
1344	359	406	331
1331	361	404	324
1323	357	419	340
1330	348	403	335
1328	352	393	354
1329	356	401	344
1331	364	382	295
1334	361	386	308
1322	359	397	335
1331	350	371	342
1318	355	381	349
1328	357	378	344
1318	353	382	334
1314	353	377	346
1319	360	390	303
1304	360	393	315
1307	347	383	348
1309	354	380	324
1301	358	380	329
1296	354	386	342
1289	359	390	337
1292	348	386	340
1301	355	378	321
1293	354	375	332
1282	354	380	342
1284	351	383	339
1280	352	380	337
1288	359	373	275
1281	368	384	238
1286	355	367	316
1274	352	368	329
1279	353	367	321
1267	355	374	325
1262	352	377	332
1262	350	369	343
1270	345	350	345
1266	352	354	343
1260	348	363	343
1262	346	356	344
1256	346	357	340
1254	352	353	340
1250	351	366	344
1240	347	361	340
1247	344	372	335
1241	351	360	328
1245	345	362	337
1245	342	356	345
1242	340	354	349
1238	339	360	349
1231	332	371	360
1243	348	352	337
1232	345	364	342
1233	342	363	346
1241	333	359	353
1245	351	348	338
1234	337	361	346
1238	337	356	354
1234	334	368	345
1236	346	363	335
1235	337	367	340
1235	346	362	330
1234	346	368	336
1237	336	358	357
1237	340	366	344
1230	339	364	342
1236	337	357	344
1234	339	365	337
1239	342	360	339
1228	346	364	334
1234	341	357	337
1236	339	363	340
1241	334	357	337
1230	346	366	329
1227	341	366	339
1236	340	354	337
1228	342	360	342
1229	338	363	341
1230	338	368	341
1225	343	367	323
1229	352	359	326
1216	344	363	345
1230	343	353	342
1225	337	357	355
1219	337	360	357
1230	346	350	338
1217	342	360	345
1217	341	356	339
1222	351	361	341
1209	347	365	348
1221	348	352	353
1206	342	356	361
1210	352	347	357
1210	349	352	345
1213	352	350	339
1212	352	348	349
1213	346	343	353
1197	354	361	346
1204	350	348	347
1197	355	353	358
1198	356	358	362
1200	356	344	344
1199	363	349	336
1198	358	350	345
1191	359	352	340
1195	351	348	356
1188	355	355	358
1181	356	352	369
1189	353	341	376
1192	356	334	359
1179	366	351	350
1186	360	340	348
1176	356	345	363
1170	352	349	368
1180	362	342	350
1177	356	335	360
1171	358	343	367
1170	357	345	353
1174	360	336	327
1175	355	336	356
1172	359	334	352
1165	362	334	348
1168	361	335	346
1165	353	333	355
1156	358	335	367
1154	358	338	350
1158	364	334	339
1162	358	329	358
1155	364	331	342
1160	358	336	349
1159	358	330	352
1161	356	328	363
1170	365	332	340
1168	365	339	333
1173	365	337	346
1178	367	338	336
1186	363	335	340
1192	365	335	343
1211	365	332	337
1215	364	328	302
1197	366	357	351
1217	366	350	329
1225	372	335	309
1228	375	350	298
1221	367	350	307
1246	377	333	258
1230	372	344	318
1232	366	335	332
1227	367	337	313
1226	366	342	334
1227	362	332	329
1233	368	330	285
1224	377	331	305
1220	366	329	336
1223	369	329	294
1221	380	339	288
1219	371	330	299
1218	369	328	283
1218	372	325	267
1217	376	334	272
1208	376	329	273
1209	370	327	289
1209	372	326	282
1202	376	324	272
1208	379	320	279
1202	377	322	269
1201	385	326	253
1205	371	323	278
1205	373	319	281
1205	371	330	273
1209	376	321	265
1215	381	323	269
1220	379	327	267
1228	375	325	268
1228	372	336	280
1246	376	329	276
1251	369	319	286
1257	374	324	293
1259	375	323	287
1266	366	325	289
1267	375	318	293
1266	374	325	303
1268	378	324	280
1275	377	318	274
1268	375	321	284
1267	378	326	272
1264	371	317	290
1265	377	316	290
1257	373	314	294
1259	376	312	283
1259	377	307	302
1265	373	292	284
1255	374	304	306
1262	375	301	288
1267	371	301	294
1265	372	289	305
1268	373	291	282
1268	376	294	287
1268	378	289	293
1274	378	288	284
1267	375	290	305
1270	375	286	302
1265	375	291	292
1271	378	275	297
1269	371	275	294
1256	382	289	284
1252	377	291	299
1260	367	273	309
1254	376	281	299
1253	376	279	288
1259	379	267	294
1249	367	273	297
1243	377	276	282
1241	382	280	278
1257	379	252	282
1247	375	257	293
1240	374	261	283
1236	383	263	279
1230	379	262	276
1237	383	250	279
1231	376	252	274
1231	374	249	283
1217	369	255	304
1225	380	251	273
1226	376	246	282
1230	373	235	298
1232	378	233	280
1225	376	246	293
1217	374	254	291
1229	374	243	303
1237	373	230	298
1235	369	234	308
1239	372	232	298
1242	379	231	286
1248	378	227	284
1242	374	233	298
1239	372	232	311
1234	372	234	307
1242	377	225	294
1240	380	226	300
1241	382	223	291
1237	383	220	299
1225	385	228	291
1219	376	225	313
1214	374	223	323
1209	377	225	313
1204	373	227	326
1200	368	231	325
1195	367	224	335
1186	373	228	318
1181	374	227	329
1182	373	223	324
1174	378	230	304
1175	379	225	318
1159	374	233	325
1152	373	229	338
1149	374	229	342
1146	373	222	334
1141	379	233	323
1138	380	228	322
1132	378	226	329
1124	382	235	306
1123	382	230	318
1124	385	227	307
1120	381	232	330
1121	376	235	330
1112	379	234	333
1120	384	233	334
1114	381	242	334
1115	387	236	324
1112	382	240	330
1111	380	244	334
1113	383	236	332
1103	380	240	350
1110	383	229	344
1107	388	229	327
1098	388	229	345
1095	396	240	323
1089	385	235	354
1081	387	233	350
1084	392	227	337
1075	394	231	338
1075	391	226	344
1066	393	230	356
1061	386	228	349
1060	391	228	322
1062	401	224	312
1056	396	233	335
1063	398	224	320
1057	391	231	341
1059	400	234	340
1062	403	244	334
1074	391	229	349
1076	399	237	355
1078	399	232	351
1094	400	233	346
1092	404	253	345
1110	400	247	345
1131	414	237	320
1142	401	244	341
1156	412	241	340
1156	416	260	342
1179	414	251	337
1181	426	266	317
1192	420	261	343
1197	419	266	335
1201	430	265	341
1217	424	250	339
1214	418	262	346
1226	423	246	345
1220	422	255	337
1210	422	251	347
1211	418	252	356
1201	419	254	353
1204	418	243	359
1197	412	248	371
1191	409	249	376
1197	406	238	375
1174	409	254	377
1166	414	259	369
1153	407	265	381
1156	419	251	372
1142	423	262	358
1144	420	251	360
1137	408	251	380
1127	415	250	379
1118	423	265	366
1116	426	264	360
1112	423	257	365
1112	427	266	370
1119	422	250	373
1117	415	251	374
1103	433	268	371
1105	429	272	378
1105	430	267	376
1117	417	258	394
1119	428	259	360
1117	426	261	380
1109	439	280	370
1105	431	278	377
1096	438	292	383
1087	438	303	388
1099	434	289	395
1111	448	266	378
1105	452	272	379
1096	458	267	384
1086	449	283	398
1092	447	281	400
1080	450	271	406
1079	458	276	384
1067	451	292	403
1065	447	289	409
1032	456	334	402
1024	455	312	412
1028	457	316	406
1020	478	329	399
1021	465	292	397
1001	464	327	406
1004	471	333	413
1007	471	330	395
1018	468	296	393
1003	470	325	388
993	456	312	419
1000	457	322	402
995	452	333	407
998	461	305	399
995	464	301	399
994	469	272	398
989	468	247	395
988	472	248	396
984	474	264	387
983	470	256	394
987	464	256	400
986	463	271	393
966	453	325	413
