1208	517	597	207
1199	530	594	199
1181	524	612	189
1178	522	568	201
1166	513	574	215
1156	513	569	208
1148	516	587	206
1138	515	587	204
1131	511	583	214
1124	513	557	213
1120	525	560	191
1115	523	570	197
1110	529	562	188
1098	520	587	205
1110	526	559	195
1096	530	561	191
1087	532	560	193
1083	531	560	183
1063	530	572	189
1056	531	569	185
1052	523	548	196
1044	525	545	196
1033	526	535	193
1020	531	548	180
998	525	558	200
988	516	563	205
973	516	553	203
967	518	546	201
951	508	542	201
941	502	552	223
931	515	558	214
917	520	572	188
923	515	562	207
920	515	551	205
920	512	543	216
908	523	546	187
913	526	544	193
909	522	535	196
899	529	546	189
899	530	524	183
905	533	524	184
897	540	538	174
890	529	542	190
890	523	524	194
889	529	545	191
886	521	544	195
893	521	528	202
886	521	534	205
895	525	526	197
884	526	539	197
898	520	515	202
899	526	517	202
903	521	523	203
899	525	532	201
897	534	527	188
888	528	539	193
888	535	515	184
880	526	532	191
881	525	512	193
873	524	516	193
871	528	504	192
869	521	484	195
850	525	496	189
831	525	503	191
823	530	498	184
810	530	505	178
801	524	495	189
786	521	503	185
775	517	500	192
769	515	497	196
750	517	506	187
744	521	495	185
739	509	496	201
731	510	495	198
728	514	486	186
738	518	472	185
727	524	482	180
710	511	496	194
704	513	484	190
710	505	470	196
708	507	468	191
705	502	462	206
700	503	479	205
701	496	466	207
692	499	477	200
691	499	466	201
687	502	470	191
685	509	471	186
690	504	469	198
683	497	473	207
685	496	460	208
698	508	451	188
690	500	452	197
698	501	447	191
683	502	462	193
697	494	439	194
712	498	439	188
690	497	455	185
694	495	444	188
692	497	451	187
701	496	436	177
686	495	451	193
700	488	426	194
697	484	435	201
697	487	436	206
693	495	435	169
701	488	439	181
689	488	448	186
702	486	424	197
691	486	438	201
703	481	425	226
723	486	403	196
714	487	414	180
715	486	411	164
727	479	410	191
718	482	422	170
725	480	411	191
722	470	414	228
722	476	406	201
711	477	426	221
730	462	402	251
738	465	405	257
731	465	411	231
728	462	417	253
738	458	403	238
724	463	422	223
739	468	412	177
773	457	385	231
762	457	391	220
774	458	374	203
801	466	362	159
804	461	373	159
802	465	362	170
817	468	366	146
824	469	365	151
826	470	359	150
835	475	364	115
841	475	362	121
841	473	358	127
857	467	361	135
859	471	353	128
868	466	357	129
875	467	355	121
883	463	351	118
884	464	354	119
884	462	358	123
889	463	363	109
898	466	349	104
913	466	336	100
926	468	343	98
928	462	332	102
931	470	340	86
948	463	330	106
950	461	331	97
958	463	332	98
963	456	325	110
960	461	336	103
985	458	313	106
981	461	322	98
997	456	320	97
998	458	326	100
1004	463	322	86
1017	456	322	98
1019	459	322	93
1032	457	319	96
1036	458	323	96
1040	460	322	92
1046	456	326	94
1057	458	328	97
1068	450	320	108
1069	445	328	113
1090	436	313	117
1100	439	314	111
1111	433	313	123
1110	436	319	118
1119	438	320	126
1130	439	315	114
1138	437	316	118
1135	440	322	107
1146	439	313	100
1142	438	321	105
1144	439	314	108
1138	435	320	142
1127	437	327	137
1117	440	332	126
1121	433	325	139
1117	430	325	155
1130	436	308	142
1119	435	318	136
1116	432	312	128
1119	432	300	116
1113	431	298	125
1113	432	291	113
1120	425	283	122
1079	431	289	111
1089	426	296	114
1087	421	289	119
1059	423	309	108
1055	420	311	101
1055	422	297	104
1050	424	294	102
1046	422	291	107
1044	421	285	109
1039	415	285	120
1028	421	291	114
1034	416	278	118
1033	419	263	126
1035	421	260	119
1030	434	254	104
1027	416	250	132
1030	420	247	128
1025	415	244	131
1018	420	238	138
1015	420	238	149
1020	414	229	157
1005	406	243	156
994	408	251	141
976	416	259	113
958	417	275	116
943	419	287	106
941	429	278	92
941	426	276	93
944	427	266	90
949	426	257	94
944	428	252	94
946	427	240	95
945	434	238	85
938	431	244	95
950	433	224	87
944	438	226	84
950	445	216	75
943	446	213	72
933	447	217	70
917	450	225	74
902	448	239	73
902	446	235	75
887	447	247	82
893	453	231	75
893	458	228	70
885	457	234	69
886	459	226	72
883	459	222	71
899	461	208	75
904	463	191	70
906	466	181	68
901	466	180	63
904	468	171	62
902	460	177	84
914	464	155	75
914	470	148	64
921	472	139	65
936	464	132	85
924	469	128	65
941	476	104	66
909	472	120	63
905	469	131	71
901	476	132	60
895	478	136	62
883	485	142	49
896	480	131	64
882	480	137	58
885	484	126	58
886	485	121	57
896	486	110	59
906	489	93	57
910	500	82	43
907	500	81	41
902	501	83	41
900	503	82	39
898	506	80	37
897	507	75	37
897	507	75	37
897	507	75	37
897	507	75	37
897	507	75	37
875	512	79	41
868	500	84	48
863	503	79	54
864	503	76	54
864	510	75	51
857	502	82	56
851	499	87	62
851	503	86	60
849	507	88	60
842	512	97	51
841	516	94	48
838	523	96	42
837	527	83	32
840	525	88	36
838	527	93	34
838	527	93	34
838	527	93	34
838	527	93	34
838	527	93	34
838	527	93	34
838	527	93	34
838	527	93	34
838	527	93	34
838	527	93	34
838	527	93	34
838	527	93	34
838	527	93	34
838	527	93	34
838	527	93	34
838	527	93	34
838	527	93	34
838	527	93	34
838	527	93	34
838	527	93	34
838	527	93	34
838	527	93	34
838	527	93	34
838	527	93	34
838	527	93	34
838	527	93	34
838	527	93	34
838	527	93	34
838	527	93	34
838	527	93	34
838	527	93	34
838	527	93	34
838	527	93	34
838	527	93	34
838	527	93	34
838	527	93	34
838	527	93	34
838	527	93	34
838	527	93	34
838	527	93	34
838	527	93	34
838	527	93	34
838	527	93	34
838	527	93	34
838	527	93	34
838	527	93	34
838	527	93	34
838	527	93	34
838	527	93	34
838	527	93	34
838	527	93	34
838	527	93	34
838	527	93	34
838	527	93	34
838	527	93	34
838	527	93	34
838	527	93	34
838	527	93	34
838	527	93	34
838	527	93	34
838	527	93	34
838	527	93	34
838	527	93	34
838	527	93	34
838	527	93	34
838	527	93	34
838	527	93	34
838	527	93	34
838	527	93	34
838	527	93	34
838	527	93	34
838	527	93	34
838	527	93	34
838	527	93	34
838	527	93	34
838	527	93	34
838	527	93	34
838	527	93	34
838	527	93	34
838	527	93	34
838	527	93	34
838	527	93	34
838	527	93	34
838	527	93	34
838	527	93	34
838	527	93	34
838	527	93	34
838	527	93	34
838	527	93	34
838	527	93	34
838	527	93	34
838	527	93	34
838	527	93	34
838	527	93	34
838	527	93	34
838	527	93	34
838	527	93	34
838	527	93	34
838	527	93	34
838	527	93	34
838	527	93	34
838	527	93	34
838	527	93	34
838	527	93	34
838	527	93	34
838	527	93	34
838	527	93	34
838	527	93	34
838	527	93	34
838	527	93	34
838	527	93	34
838	527	93	34
838	527	93	34
838	527	93	34
838	527	93	34
838	527	93	34
838	527	93	34
838	527	93	34
838	527	93	34
838	527	93	34
838	527	93	34
838	527	93	34
838	527	93	34
838	527	93	34
838	527	93	34
838	527	93	34
838	527	93	34
838	527	93	34
838	527	93	34
838	527	93	34
838	527	93	34
838	527	93	34
838	527	93	34
838	527	93	34
838	527	93	34
838	527	93	34
838	527	93	34
838	527	93	34
838	527	93	34
838	527	93	34
838	527	93	34
838	527	93	34
838	527	93	34
838	527	93	34
838	527	93	34
838	527	93	34
838	527	93	34
838	527	93	34
838	527	93	34
838	527	93	34
838	527	93	34
838	527	93	34
838	527	93	34
838	527	93	34
838	527	93	34
838	527	93	34
838	527	93	34
838	527	93	34
838	527	93	34
838	527	93	34
838	527	93	34
838	527	93	34
838	527	93	34
933	417	86	45
958	422	84	39
972	427	79	33
955	424	69	36
948	423	78	40
927	421	66	38
922	424	69	35
904	423	76	34
883	421	80	36
877	423	72	33
865	421	65	34
850	421	59	34
833	424	56	29
818	423	54	26
801	424	52	24
781	425	52	22
768	423	46	25
