954	355	39	30
953	358	39	28
954	359	38	28
955	358	38	30
956	359	38	32
957	359	39	32
957	361	37	30
957	362	38	33
959	364	38	31
959	364	37	32
959	365	39	32
960	365	38	33
960	367	40	32
960	368	40	34
959	366	41	37
960	368	40	37
961	369	41	35
963	372	40	32
963	373	40	34
964	374	41	33
964	375	40	32
965	376	41	32
964	378	43	33
966	381	44	30
967	382	43	30
967	383	44	30
968	382	43	32
969	381	43	35
970	382	43	35
970	383	44	37
970	385	45	36
973	386	45	36
973	389	47	36
974	388	46	37
975	389	48	39
976	390	46	41
978	391	46	40
980	394	45	41
979	398	48	37
981	403	49	33
982	403	48	36
984	405	46	34
986	407	46	34
987	406	47	38
989	405	47	41
988	407	50	39
991	407	48	42
993	413	49	38
992	411	51	42
997	406	46	50
998	411	46	47
997	414	50	47
998	416	49	47
997	418	49	48
995	418	48	52
991	422	48	46
984	424	50	49
975	427	53	46
964	428	52	50
950	432	53	48
936	433	52	48
917	433	52	51
899	436	52	51
875	439	54	53
849	440	58	53
827	443	56	50
798	447	56	49
764	448	57	54
736	451	63	51
701	453	61	50
671	467	63	40
633	468	63	45
593	466	64	55
556	467	65	60
512	473	69	57
466	485	74	54
426	487	76	54
380	498	79	52
344	507	83	46
307	522	83	39
307	522	83	39
307	522	83	39
307	522	83	39
307	522	83	39
307	522	83	39
307	522	83	39
352	425	78	32
352	425	78	32
352	425	78	32
352	425	78	32
352	425	78	32
352	425	78	32
352	425	78	32
352	425	78	32
352	425	78	32
352	425	78	32
352	425	78	32
352	425	78	32
352	425	78	32
352	425	78	32
352	425	78	32
352	425	78	32
352	425	78	32
352	425	78	32
352	425	78	32
352	425	78	32
352	425	78	32
352	425	78	32
352	425	78	32
352	425	78	32
352	425	78	32
352	425	78	32
352	425	78	32
352	425	78	32
352	425	78	32
352	425	78	32
352	425	78	32
352	425	78	32
352	425	78	32
352	425	78	32
352	425	78	32
352	425	78	32
352	425	78	32
352	425	78	32
352	425	78	32
352	425	78	32
352	425	78	32
352	425	78	32
352	425	78	32
352	425	78	32
352	425	78	32
352	425	78	32
352	425	78	32
352	425	78	32
352	425	78	32
352	425	78	32
352	425	78	32
352	425	78	32
352	425	78	32
352	425	78	32
352	425	78	32
352	425	78	32
352	425	78	32
352	425	78	32
352	425	78	32
352	425	78	32
352	425	78	32
352	425	78	32
352	425	78	32
352	425	78	32
352	425	78	32
352	425	78	32
352	425	78	32
352	425	78	32
352	425	78	32
352	425	78	32
352	425	78	32
352	425	78	32
352	425	78	32
352	425	78	32
352	425	78	32
352	425	78	32
352	425	78	32
352	425	78	32
352	425	78	32
352	425	78	32
352	425	78	32
352	425	78	32
352	425	78	32
352	425	78	32
352	425	78	32
352	425	78	32
352	425	78	32
352	425	78	32
352	425	78	32
352	425	78	32
352	425	78	32
352	425	78	32
352	425	78	32
352	425	78	32
352	425	78	32
352	425	78	32
352	425	78	32
352	425	78	32
352	425	78	32
352	425	78	32
352	425	78	32
352	425	78	32
352	425	78	32
352	425	78	32
352	425	78	32
352	425	78	32
352	425	78	32
352	425	78	32
352	425	78	32
352	425	78	32
352	425	78	32
352	425	78	32
352	425	78	32
352	425	78	32
352	425	78	32
352	425	78	32
352	425	78	32
352	425	78	32
352	425	78	32
352	425	78	32
352	425	78	32
352	425	78	32
352	425	78	32
352	425	78	32
352	425	78	32
352	425	78	32
352	425	78	32
352	425	78	32
352	425	78	32
352	425	78	32
352	425	78	32
352	425	78	32
352	425	78	32
352	425	78	32
352	425	78	32
352	425	78	32
352	425	78	32
352	425	78	32
352	425	78	32
352	425	78	32
352	425	78	32
352	425	78	32
352	425	78	32
352	425	78	32
352	425	78	32
352	425	78	32
352	425	78	32
352	425	78	32
352	425	78	32
352	425	78	32
352	425	78	32
352	425	78	32
352	425	78	32
352	425	78	32
352	425	78	32
352	425	78	32
352	425	78	32
352	425	78	32
352	425	78	32
352	425	78	32
352	425	78	32
352	425	78	32
352	425	78	32
352	425	78	32
352	425	78	32
352	425	78	32
352	425	78	32
352	425	78	32
352	425	78	32
352	425	78	32
352	425	78	32
352	425	78	32
352	425	78	32
352	425	78	32
352	425	78	32
352	425	78	32
352	425	78	32
352	425	78	32
352	425	78	32
352	425	78	32
352	425	78	32
352	425	78	32
352	425	78	32
352	425	78	32
352	425	78	32
352	425	78	32
352	425	78	32
352	425	78	32
352	425	78	32
352	425	78	32
352	425	78	32
352	425	78	32
352	425	78	32
352	425	78	32
352	425	78	32
352	425	78	32
352	425	78	32
352	425	78	32
352	425	78	32
352	425	78	32
352	425	78	32
352	425	78	32
352	425	78	32
352	425	78	32
352	425	78	32
352	425	78	32
352	425	78	32
352	425	78	32
352	425	78	32
352	425	78	32
352	425	78	32
352	425	78	32
352	425	78	32
352	425	78	32
352	425	78	32
352	425	78	32
352	425	78	32
352	425	78	32
352	425	78	32
352	425	78	32
352	425	78	32
352	425	78	32
352	425	78	32
352	425	78	32
352	425	78	32
352	425	78	32
352	425	78	32
352	425	78	32
352	425	78	32
352	425	78	32
352	425	78	32
352	425	78	32
352	425	78	32
352	425	78	32
352	425	78	32
352	425	78	32
352	425	78	32
352	425	78	32
352	425	78	32
352	425	78	32
352	425	78	32
352	425	78	32
352	425	78	32
352	425	78	32
352	425	78	32
352	425	78	32
352	425	78	32
352	425	78	32
352	425	78	32
352	425	78	32
352	425	78	32
352	425	78	32
352	425	78	32
352	425	78	32
352	425	78	32
352	425	78	32
352	425	78	32
352	425	78	32
352	425	78	32
352	425	78	32
352	425	78	32
352	425	78	32
352	425	78	32
352	425	78	32
352	425	78	32
352	425	78	32
352	425	78	32
352	425	78	32
352	425	78	32
352	425	78	32
352	425	78	32
352	425	78	32
352	425	78	32
352	425	78	32
352	425	78	32
352	425	78	32
352	425	78	32
352	425	78	32
352	425	78	32
352	425	78	32
352	425	78	32
352	425	78	32
352	425	78	32
352	425	78	32
352	425	78	32
352	425	78	32
352	425	78	32
352	425	78	32
352	425	78	32
352	425	78	32
352	425	78	32
352	425	78	32
352	425	78	32
352	425	78	32
352	425	78	32
352	425	78	32
352	425	78	32
352	425	78	32
352	425	78	32
352	425	78	32
352	425	78	32
352	425	78	32
352	425	78	32
352	425	78	32
352	425	78	32
352	425	78	32
352	425	78	32
352	425	78	32
352	425	78	32
352	425	78	32
352	425	78	32
352	425	78	32
352	425	78	32
352	425	78	32
352	425	78	32
352	425	78	32
352	425	78	32
352	425	78	32
352	425	78	32
352	425	78	32
352	425	78	32
352	425	78	32
352	425	78	32
352	425	78	32
352	425	78	32
352	425	78	32
352	425	78	32
352	425	78	32
352	425	78	32
352	425	78	32
352	425	78	32
352	425	78	32
352	425	78	32
352	425	78	32
352	425	78	32
352	425	78	32
352	425	78	32
352	425	78	32
352	425	78	32
352	425	78	32
352	425	78	32
352	425	78	32
352	425	78	32
352	425	78	32
352	425	78	32
352	425	78	32
352	425	78	32
352	425	78	32
352	425	78	32
352	425	78	32
352	425	78	32
352	425	78	32
352	425	78	32
352	425	78	32
352	425	78	32
352	425	78	32
352	425	78	32
352	425	78	32
352	425	78	32
352	425	78	32
352	425	78	32
352	425	78	32
352	425	78	32
352	425	78	32
352	425	78	32
352	425	78	32
352	425	78	32
352	425	78	32
352	425	78	32
352	425	78	32
352	425	78	32
352	425	78	32
352	425	78	32
352	425	78	32
352	425	78	32
352	425	78	32
352	425	78	32
352	425	78	32
352	425	78	32
352	425	78	32
352	425	78	32
352	425	78	32
352	425	78	32
352	425	78	32
352	425	78	32
352	425	78	32
352	425	78	32
352	425	78	32
352	425	78	32
352	425	78	32
352	425	78	32
352	425	78	32
352	425	78	32
352	425	78	32
352	425	78	32
352	425	78	32
352	425	78	32
352	425	78	32
352	425	78	32
352	425	78	32
352	425	78	32
352	425	78	32
352	425	78	32
352	425	78	32
352	425	78	32
352	425	78	32
352	425	78	32
352	425	78	32
352	425	78	32
352	425	78	32
352	425	78	32
352	425	78	32
352	425	78	32
352	425	78	32
352	425	78	32
352	425	78	32
352	425	78	32
352	425	78	32
352	425	78	32
352	425	78	32
352	425	78	32
352	425	78	32
352	425	78	32
352	425	78	32
352	425	78	32
352	425	78	32
352	425	78	32
352	425	78	32
352	425	78	32
352	425	78	32
352	425	78	32
352	425	78	32
352	425	78	32
352	425	78	32
352	425	78	32
352	425	78	32
352	425	78	32
352	425	78	32
352	425	78	32
352	425	78	32
352	425	78	32
352	425	78	32
352	425	78	32
352	425	78	32
352	425	78	32
