1138	288	22	18
1136	290	24	16
1136	290	24	17
1136	289	23	20
1135	291	24	17
1136	291	23	18
1135	292	22	20
1134	293	24	24
1133	288	23	31
1134	291	22	30
1133	292	23	30
1133	293	23	32
1132	291	24	35
1131	292	25	35
1130	291	24	34
1129	294	23	36
1129	292	24	33
1130	295	24	34
1127	293	28	35
1127	296	27	33
1128	293	25	29
1127	296	24	29
1127	297	24	31
1127	300	24	29
1127	298	24	26
1126	300	25	28
1126	300	24	30
1124	295	26	35
1124	300	26	31
1124	302	25	31
1124	303	26	26
1124	304	24	22
1123	306	26	19
1123	307	26	18
1123	308	25	18
1122	308	26	18
1122	309	26	19
1122	310	24	19
1122	310	24	19
1121	310	25	19
1120	311	25	19
1119	311	25	21
1118	311	26	21
1118	311	25	22
1117	312	26	21
1116	311	26	22
1115	312	26	20
1115	312	28	20
1115	313	26	21
1114	313	28	21
1114	315	27	20
1113	316	26	20
1113	315	27	21
1113	316	26	21
1112	317	26	19
1112	317	26	20
1112	317	25	22
1111	319	26	20
1111	320	25	20
1110	320	25	21
1110	321	27	20
1110	322	27	21
1110	323	26	19
1109	324	26	19
1108	325	27	19
1108	327	26	18
1107	326	26	20
1107	327	28	18
1107	328	27	16
1107	327	27	19
1107	327	26	21
1106	327	27	23
1106	329	27	21
1105	330	28	20
1104	329	29	21
1105	331	28	20
1105	331	27	20
1104	331	28	20
1104	331	27	23
1104	334	29	19
1104	334	30	19
1104	334	29	21
1103	332	28	25
1102	332	29	24
1101	332	30	22
1100	331	31	26
1101	332	29	24
1100	333	30	23
1100	334	29	22
1101	334	29	23
1100	332	31	25
1100	332	30	25
1098	334	30	24
1099	334	30	24
1098	335	32	23
1098	335	34	24
1099	334	32	25
1098	335	31	24
1097	337	34	22
1097	336	34	23
1097	337	31	22
1096	337	33	23
1096	338	34	22
1097	338	31	23
1096	338	33	24
1096	338	34	23
1095	339	34	22
1095	341	33	19
1095	342	32	20
1095	342	32	21
1095	341	31	22
1093	342	33	21
1094	342	32	21
1094	342	32	22
1093	342	34	22
1092	343	34	22
1093	343	33	22
1092	343	34	24
1092	344	35	22
1092	345	35	23
1092	345	33	23
1092	345	34	23
1091	346	36	23
1090	344	36	27
1090	345	34	24
1090	346	35	24
1089	344	36	26
1090	344	35	27
1090	345	35	27
1089	345	37	26
1088	345	38	25
1089	344	39	27
1089	344	39	29
1088	346	40	27
1089	347	39	25
1089	348	38	24
1088	346	43	28
1087	347	40	27
1089	348	39	26
1090	347	37	28
1090	347	36	28
1090	346	37	31
1089	345	37	31
1089	345	39	33
1088	347	39	31
1088	348	41	31
1089	348	40	29
1088	347	41	32
1087	348	42	33
1087	350	42	32
1087	351	41	31
1088	349	40	33
1086	351	42	33
1086	353	42	32
1085	354	44	32
1086	357	45	31
1085	357	46	32
1086	357	44	33
1086	359	45	33
1085	360	46	33
1086	361	44	34
1087	363	44	31
1085	363	48	32
1084	364	50	33
1085	365	47	34
1085	367	50	32
1085	371	50	29
1086	371	48	29
1087	372	45	29
1087	374	46	29
1085	374	48	29
1085	375	49	31
1084	375	50	30
1084	377	52	29
1084	379	50	27
1082	380	53	28
1083	381	50	28
1083	383	51	26
1083	382	49	29
1082	384	51	29
1082	385	52	28
1081	387	53	28
1080	389	52	27
1080	389	51	28
1079	389	54	29
1080	389	52	31
1078	391	53	30
1077	392	55	31
1077	393	55	32
1076	395	56	31
1075	395	57	33
1076	397	56	32
1075	398	58	33
1075	399	58	31
1074	401	59	32
1074	404	59	30
1073	405	58	30
1071	406	62	32
1071	407	62	32
1071	411	62	29
1071	413	63	29
1071	412	63	32
1069	415	65	32
1069	417	64	32
1070	417	60	34
1070	416	63	35
1069	420	63	34
1068	421	64	34
1067	421	64	37
1066	417	65	43
1068	415	63	49
1066	420	67	44
1068	417	62	49
1066	422	65	47
1065	426	67	45
1063	424	68	46
1065	422	65	51
1065	422	66	55
1063	422	68	58
1067	424	62	58
1065	426	64	58
1068	426	60	58
1068	429	63	59
1069	429	60	61
1067	435	62	57
1067	433	61	61
1064	435	66	63
1064	436	67	63
1062	437	71	65
1060	439	69	66
1061	445	70	61
1059	443	75	68
1059	443	73	67
1061	445	71	67
1059	451	74	64
1058	450	77	69
1059	452	73	70
1059	453	72	70
1059	454	72	73
1060	454	70	77
1059	462	71	71
1056	466	77	69
1052	477	86	59
1054	480	81	58
1053	473	81	70
1054	475	81	75
1052	477	84	73
1052	480	86	74
1052	483	85	74
1050	485	88	73
1052	486	83	78
1050	489	83	78
1052	489	81	77
1051	492	89	80
1052	494	84	82
1051	493	82	86
1053	493	82	86
1050	496	84	89
1051	499	90	91
1051	500	90	94
1052	502	85	96
1053	503	85	96
1053	501	87	100
1052	507	90	99
1050	510	93	101
1052	511	91	104
1052	517	93	101
1050	517	99	104
1050	518	100	109
1049	523	102	106
1049	523	103	111
1050	526	105	109
1049	529	107	112
1049	531	108	113
1049	534	110	116
1052	538	112	114
1054	543	112	113
1056	545	111	116
1057	545	111	120
1054	550	114	122
1057	549	112	129
1055	555	118	126
1058	560	117	127
1058	567	119	129
1058	572	123	126
1059	574	123	128
1059	621	128	105
1056	588	133	127
1058	587	133	136
1058	591	142	137
1055	644	145	96
1054	664	143	70
1059	674	143	63
1060	678	142	66
1062	688	144	62
1060	695	150	62
1062	703	149	61
1064	711	148	57
1066	718	151	60
1072	726	147	63
1086	740	133	52
1095	747	133	55
1089	755	139	60
1073	759	157	71
1069	773	166	61
1072	781	167	65
1073	788	167	71
1074	799	173	69
1074	810	175	69
1075	818	181	72
1075	828	190	76
1077	837	189	79
1076	850	198	75
1078	860	199	75
1081	869	200	83
1080	881	208	89
1080	897	213	78
1084	909	211	85
1088	922	214	90
1087	935	222	95
1087	955	234	87
1110	973	216	90
1099	992	234	76
1125	1010	220	63
1125	1010	220	63
1125	1010	220	63
1125	1010	220	63
1125	1010	220	63
1125	1010	220	63
