774	352	33	20
771	351	35	22
770	352	34	21
769	352	35	20
766	353	37	21
766	354	34	19
765	353	34	21
763	353	37	22
761	353	37	22
760	356	36	17
759	357	36	18
757	357	37	18
754	356	38	20
753	358	37	18
753	358	35	18
752	359	35	17
748	358	39	19
750	359	35	19
747	359	37	18
746	359	36	19
744	360	37	19
742	362	38	17
741	362	37	17
741	364	36	16
739	365	38	16
737	366	39	15
735	366	39	15
734	366	38	16
733	367	38	16
732	367	39	17
730	367	39	17
728	367	39	19
727	367	40	19
725	368	40	19
723	370	42	17
720	367	46	21
721	371	43	17
721	371	41	18
719	371	43	19
719	372	40	19
718	372	40	21
716	372	41	23
714	371	43	25
713	371	42	25
710	373	45	24
709	376	44	19
707	374	44	23
704	374	47	24
708	373	44	24
710	375	41	25
713	378	36	25
714	380	34	21
712	381	34	20
711	382	34	20
706	380	36	25
698	384	42	22
697	382	46	26
694	378	53	32
694	377	55	35
694	375	58	39
689	377	64	37
691	376	66	39
690	375	70	39
686	375	77	42
684	382	82	36
666	383	77	33
681	386	66	34
683	383	66	39
683	384	70	38
681	386	62	37
682	385	61	40
680	385	62	42
679	386	64	42
676	386	66	42
673	388	69	40
672	388	68	42
669	389	72	42
669	388	71	43
667	388	72	46
667	389	70	47
665	389	72	46
665	388	70	48
664	393	72	42
660	396	75	40
663	396	74	41
661	400	76	40
661	401	79	39
663	406	78	35
662	405	80	38
663	405	80	40
663	405	82	43
661	408	81	44
658	408	86	45
659	409	86	44
646	411	95	45
657	411	89	49
659	412	86	47
656	414	87	49
656	415	89	49
658	419	87	46
657	419	90	49
656	421	92	47
656	428	91	43
656	427	91	45
658	432	84	43
659	435	76	45
659	433	67	51
669	430	80	53
660	431	89	61
657	431	91	68
656	435	94	68
655	438	96	68
651	443	97	72
649	446	98	71
647	452	99	67
647	456	96	66
646	459	99	74
641	464	102	75
640	472	102	67
636	472	98	83
632	477	106	75
628	492	99	75
621	501	102	65
618	508	83	63
616	523	76	57
610	534	77	50
605	547	78	40
600	559	78	30
592	563	79	33
586	573	79	31
578	580	80	30
570	587	83	30
570	587	83	30
551	601	87	28
543	609	85	30
543	609	85	30
523	624	91	32
512	632	90	30
512	632	90	30
487	651	94	31
472	662	96	29
455	672	102	32
539	612	98	44
425	690	104	36
410	704	107	32
397	716	111	31
386	729	113	28
383	738	114	31
383	748	113	33
387	759	112	31
394	766	120	34
404	773	120	39
423	781	118	37
442	790	119	42
459	800	117	42
478	808	122	42
496	814	118	55
521	824	116	52
543	831	113	52
560	850	110	50
579	851	104	51
592	857	109	57
613	880	96	49
636	899	86	48
632	906	91	43
634	908	94	54
656	910	79	63
653	922	82	76
661	924	76	80
661	924	76	80
699	961	73	77
663	955	67	83
658	980	63	77
658	980	63	77
658	980	63	77
658	980	63	77
658	980	63	77
658	980	63	77
658	980	63	77
658	980	63	77
625	919	79	78
636	894	95	91
624	898	104	104
663	881	111	83
671	857	121	93
670	844	129	95
605	914	109	85
705	823	110	83
614	883	108	81
634	860	106	66
645	862	127	73
644	827	141	74
670	820	151	81
670	820	151	81
670	820	151	81
890	784	156	106
906	772	144	101
931	758	123	105
940	731	123	120
940	731	123	120
940	731	123	120
1014	702	104	109
1014	702	104	109
1014	702	104	109
1087	666	94	110
1112	668	98	94
1144	673	90	74
1176	671	88	59
1207	672	88	48
1232	663	89	44
1267	654	88	47
1289	645	91	44
1316	637	92	45
1341	637	88	36
1351	626	88	40
1361	617	89	42
1367	609	91	37
1369	598	85	40
1364	593	87	31
1359	586	85	26
1353	576	83	26
1345	571	80	30
1335	562	82	30
1329	554	79	25
1318	547	78	29
1310	541	74	27
1302	536	73	32
1293	528	73	25
1283	524	70	27
1274	518	70	22
1265	513	72	26
1258	506	70	24
1251	504	69	24
1239	495	74	27
1236	492	71	24
1230	489	67	26
1223	480	67	31
1217	478	63	29
1212	476	64	22
1208	474	60	22
1200	467	61	25
1197	465	59	25
1192	463	58	20
1188	462	60	17
1183	459	58	19
1178	452	57	24
1175	450	57	24
1172	446	53	25
1168	443	53	24
1165	439	53	26
1162	435	51	29
1159	430	52	34
1154	430	54	31
1153	430	51	27
1150	427	51	23
1148	425	51	24
1144	420	51	25
1141	416	50	30
1140	415	50	29
1138	411	48	33
1137	410	46	29
1135	409	47	31
1133	407	48	31
1131	402	47	34
1129	403	46	29
1127	399	45	32
1125	399	47	24
1123	395	47	28
1120	393	46	33
1118	393	46	26
1118	389	42	32
1116	386	43	33
1113	385	43	33
1111	384	44	33
1111	382	43	32
1109	382	42	29
1108	381	44	29
1107	379	43	30
1106	379	41	30
1106	378	39	29
1103	375	42	33
1104	376	40	27
1102	375	39	26
1102	373	40	27
1099	372	41	26
1099	372	41	25
1098	371	39	24
1096	370	41	26
1096	368	39	30
1095	367	40	27
1094	366	39	28
1092	365	39	26
1091	363	40	27
1094	365	38	24
1092	365	37	22
1092	363	36	23
1090	362	37	21
1090	362	35	22
1090	360	34	23
1090	359	33	23
1088	359	35	25
1087	357	37	26
1087	356	37	27
1089	351	36	35
1086	352	39	34
1089	351	37	37
1089	352	37	35
1088	357	38	28
1088	360	37	22
1088	361	36	23
1087	358	34	25
1087	359	34	23
1088	358	33	23
1088	358	33	22
1088	356	32	24
1086	356	31	23
1086	354	31	25
1084	353	32	25
1084	354	32	23
1084	353	31	23
1083	352	32	23
1083	352	30	23
1082	352	33	21
1082	352	31	19
1083	350	29	20
1082	348	31	21
1080	349	31	19
1078	346	31	21
1079	346	31	19
1079	344	30	20
1079	339	31	24
1078	340	30	23
1078	338	30	22
1077	335	31	22
1076	335	30	21
1076	334	30	20
1075	332	30	19
1075	332	29	20
1075	331	29	20
1074	329	29	20
1075	330	29	19
1075	330	28	18
1075	329	28	19
1075	329	29	17
1075	329	28	17
1074	328	28	18
1074	327	28	17
1074	327	27	18
1074	327	28	18
1074	326	26	17
1074	326	27	18
1074	325	27	16
1074	325	25	17
1074	325	26	17
1074	323	25	18
1074	323	25	18
1075	322	24	21
1074	321	25	20
1074	321	26	19
1074	320	25	21
1076	320	24	20
1075	320	24	20
1075	319	24	20
1075	318	25	20
1075	318	24	20
1076	319	23	20
1076	318	22	20
1076	317	23	20
1076	316	22	21
1076	317	23	20
1076	317	23	19
1077	316	22	20
1077	316	22	20
1076	317	23	17
1076	316	23	19
1076	316	23	17
1077	316	21	16
1077	316	22	17
1077	316	23	15
1077	315	25	16
1077	311	25	19
1077	313	26	21
1077	313	25	19
1079	313	22	19
1078	314	24	17
1078	314	24	15
1077	314	24	15
1076	312	25	16
1077	312	23	16
1076	312	24	16
1076	310	24	17
1077	310	23	17
1077	309	24	17
1078	309	23	16
1079	309	22	16
1079	308	21	16
1080	307	21	17
1079	306	21	15
1078	304	21	16
1078	305	21	16
1079	304	21	16
1080	303	21	17
1080	303	20	15
1081	302	20	14
1081	302	20	16
1081	301	21	15
1081	300	21	16
1081	298	20	18
1081	297	19	17
1082	297	19	16
1081	295	20	16
1081	295	20	15
1081	295	19	15
1082	295	19	14
1082	295	21	14
1084	295	20	14
1085	295	19	14
1084	294	21	14
1084	293	20	13
1085	292	19	13
1085	291	21	13
1085	290	19	13
1085	289	19	15
1085	288	22	15
1086	289	22	13
1087	289	19	13
1086	288	23	14
1087	288	19	12
1087	287	21	13
1087	286	22	14
1086	287	23	13
1087	287	20	11
1088	287	18	11
1087	286	19	11
1088	286	19	11
1087	286	20	10
1088	285	21	11
1089	284	20	12
1089	284	19	12
1090	282	18	12
1090	282	19	13
1091	281	19	13
1090	280	20	16
1089	282	20	16
1089	282	20	16
1089	274	19	22
1088	267	22	26
1089	268	21	23
1087	270	21	18
1090	272	20	17
1090	270	19	19
1092	270	19	21
1093	271	17	20
1102	240	16	19
1093	270	18	16
1094	273	18	14
1095	273	17	15
1095	272	17	14
1095	272	16	14
1096	273	17	13
1094	272	18	13
1095	271	17	13
1096	273	16	11
1096	272	17	12
1096	272	16	11
1096	272	18	11
1097	271	17	13
1099	270	19	13
1099	268	19	16
1099	268	19	18
1100	270	18	16
1101	270	18	15
1101	269	18	16
1100	269	19	14
1101	268	17	13
1100	267	18	13
1099	265	19	14
1101	266	18	17
1105	264	16	19
1106	262	16	20
1105	266	17	16
1105	266	17	14
1106	266	16	13
1106	265	16	13
1106	264	17	14
1106	263	17	14
1107	262	17	12
1108	263	16	12
1108	262	16	12
1108	260	16	13
1109	259	15	12
1110	260	15	11
1111	259	15	12
1111	257	15	13
1111	257	14	13
1111	255	15	16
1110	253	16	17
1111	253	14	13
1112	253	13	12
1112	252	14	13
1113	253	14	12
1114	251	14	14
1114	250	15	12
1115	251	14	11
1116	250	14	12
1117	250	14	12
1117	250	15	11
1118	250	15	11
1118	250	15	11
1119	249	15	12
1120	250	15	11
1121	249	15	11
1121	249	15	11
1122	249	15	10
1123	249	15	10
1123	249	15	10
1124	248	16	11
1125	247	15	12
1126	248	15	11
1127	248	14	10
1127	248	15	9
1128	248	14	10
1128	247	15	11
1130	247	14	11
1130	247	15	10
1130	247	15	11
1130	246	16	11
1131	246	17	11
