439	629	556	392
472	634	545	384
510	626	516	352
533	624	492	332
561	607	472	326
592	602	454	319
610	594	445	302
624	587	448	305
634	567	443	313
660	578	429	277
674	567	414	272
697	553	405	274
720	548	387	264
732	547	381	260
743	532	381	258
765	528	366	258
777	527	362	238
792	521	353	231
811	506	347	239
831	500	336	224
840	491	330	216
851	479	326	216
867	470	315	212
883	463	308	209
898	456	293	203
912	451	287	196
918	441	286	189
932	430	275	187
937	420	274	187
960	413	256	176
961	408	260	168
972	399	254	171
986	390	245	165
985	386	253	158
999	375	240	161
1002	372	248	153
1011	365	247	149
1023	373	235	132
1030	355	224	140
1038	346	233	140
1036	345	234	137
1048	343	231	134
1065	340	218	130
1067	335	222	127
1073	330	221	130
1088	333	206	121
1092	329	208	122
1102	329	203	121
1102	327	207	119
1113	329	197	115
1122	323	190	119
1130	327	186	113
1137	322	183	113
1142	323	185	113
1151	317	175	117
1156	316	179	114
1162	317	171	112
1168	313	171	109
1170	314	169	109
1178	312	164	109
1196	312	154	106
1188	311	165	105
1193	310	161	107
1202	311	160	103
1204	310	160	102
1208	308	158	103
1209	306	155	105
1207	308	149	101
1203	303	146	102
1197	299	140	102
1180	299	140	101
1164	297	134	100
1146	298	135	100
1123	304	118	87
1098	298	132	92
1065	295	122	95
1039	295	120	91
1017	295	121	88
998	294	118	89
985	293	120	85
971	292	116	86
964	293	117	85
958	291	117	88
953	290	116	86
953	291	112	85
954	290	111	82
953	291	111	83
955	288	108	84
955	287	110	84
955	285	109	83
955	285	109	84
957	284	106	83
957	278	101	89
954	278	104	87
950	280	103	83
947	281	103	83
945	280	99	79
941	284	99	76
940	281	101	79
937	279	101	80
938	281	97	79
938	281	99	77
938	279	99	76
939	279	96	77
940	282	96	72
942	276	95	78
946	275	91	78
949	275	92	76
952	278	88	71
954	281	90	67
956	283	91	64
960	286	87	60
962	282	86	64
961	285	90	59
961	284	89	61
960	282	85	64
956	285	86	59
943	276	83	68
925	273	84	70
909	274	84	66
883	273	80	67
857	273	82	68
822	277	82	63
784	273	83	66
748	273	87	66
706	270	88	68
662	274	87	64
619	274	89	64
569	275	89	63
526	285	90	54
471	277	92	63
426	275	93	65
391	275	92	66
355	276	98	65
332	274	96	67
308	272	95	70
289	273	97	69
282	277	93	63
273	271	94	69
266	271	98	69
260	271	100	71
260	269	96	72
262	275	95	66
259	270	97	72
261	269	94	74
263	272	97	72
264	272	93	77
266	273	94	76
268	272	94	78
269	273	93	78
274	275	91	80
271	280	94	77
267	277	100	83
266	283	103	80
272	287	98	75
277	289	93	74
278	291	90	76
281	293	93	72
281	296	90	73
281	297	91	71
280	298	95	71
279	299	93	70
275	298	100	72
277	298	98	72
280	300	92	70
280	298	94	72
279	299	95	69
281	300	91	69
283	299	91	69
280	300	93	69
279	299	93	70
281	297	93	73
281	298	91	73
282	299	94	71
289	301	90	72
295	303	88	70
302	304	87	68
311	310	91	63
334	309	82	67
348	309	85	64
365	311	84	63
379	310	82	65
388	312	83	65
400	311	84	65
406	312	83	63
414	313	80	64
420	310	81	64
425	313	80	61
428	312	80	61
428	311	80	62
427	312	83	61
427	311	80	62
428	310	79	62
431	306	79	64
438	305	77	64
446	307	78	62
462	304	75	62
493	305	77	62
516	304	76	65
543	303	76	65
564	303	73	63
584	302	75	64
604	302	69	65
617	303	70	62
627	304	70	58
632	303	73	61
639	303	73	59
642	300	72	63
647	300	70	62
650	301	69	59
650	301	66	60
651	302	68	57
652	302	66	57
653	302	67	57
652	302	71	57
658	298	69	61
664	299	70	60
677	298	67	60
691	298	67	60
707	294	66	63
724	298	69	58
741	301	68	53
763	299	65	54
779	301	65	53
793	300	66	54
805	299	68	55
810	299	69	55
819	298	65	57
829	300	62	52
830	301	66	52
834	298	63	56
834	298	67	56
835	299	63	52
838	298	63	57
840	299	62	55
844	299	63	54
847	300	65	53
852	301	66	56
867	301	63	55
880	302	64	54
897	302	63	53
921	302	61	53
941	304	63	49
960	304	65	52
983	303	62	52
997	304	60	50
1012	304	66	50
1022	304	65	50
1030	302	66	55
1037	302	65	54
1042	302	66	53
1049	302	65	55
1050	302	66	55
1052	301	67	57
1053	302	65	55
1053	302	65	55
1052	301	68	55
1053	301	66	53
1054	301	64	53
1054	299	64	54
1052	298	66	55
1051	299	66	55
1054	299	65	55
1054	297	64	56
1055	297	62	58
1053	295	64	63
1054	293	63	63
1056	294	60	64
1056	299	61	64
1056	300	62	58
1055	303	64	56
1053	306	67	57
1055	307	66	53
1056	306	66	53
1055	304	66	55
1054	303	67	55
1056	305	67	52
1056	304	65	53
1056	301	67	55
1054	304	68	54
1054	305	65	52
1054	305	70	52
1053	304	69	51
1043	302	80	55
1043	304	79	52
1047	305	74	50
1055	301	65	52
1052	300	65	51
1056	304	66	49
1054	307	68	46
1056	303	66	49
1057	307	66	46
1056	304	66	47
1054	303	66	48
1053	301	67	45
1054	298	66	48
1055	300	61	41
1056	297	64	45
1056	294	63	48
1054	292	69	49
1055	294	67	47
1056	295	65	43
1057	293	62	45
1060	290	58	44
1058	284	63	48
1059	282	60	49
1061	280	59	50
1059	281	60	47
1059	279	60	45
1060	282	57	40
1060	282	57	40
1058	278	59	41
1061	271	55	48
1060	275	56	43
1058	266	58	48
1059	268	57	45
1060	268	56	45
1059	272	56	37
1059	271	56	40
1061	269	52	38
1060	263	54	46
1059	260	58	49
1058	260	63	50
1058	261	75	52
1060	255	76	60
1061	256	88	59
1056	255	79	59
1063	250	80	65
1064	242	87	75
1063	246	78	68
1066	244	81	74
1062	246	70	73
1068	250	72	68
1066	247	84	71
1069	248	82	70
1059	254	81	66
1068	254	80	63
1058	257	81	62
1067	253	88	65
1062	255	81	64
1069	255	83	66
1068	248	93	72
1067	248	93	72
1067	249	88	72
1067	249	89	70
1068	252	82	69
1068	249	86	72
1069	253	82	67
1069	251	83	72
1070	252	74	71
1070	254	73	66
1071	253	76	69
1069	254	84	69
1070	255	77	68
1072	256	76	64
1071	257	74	67
1070	256	77	69
1070	256	81	65
1069	256	80	67
1070	259	73	63
1069	261	71	62
1069	265	72	58
1070	264	68	58
1069	265	70	55
1069	273	68	45
1070	279	60	39
1071	279	52	38
1070	282	49	37
1069	279	54	38
1070	280	50	39
1070	277	50	42
1071	279	49	43
1071	278	49	43
1069	278	52	42
1070	278	51	42
1070	278	51	40
1071	277	50	43
1071	277	51	42
1070	276	53	43
1071	276	54	43
1072	275	50	45
1071	276	52	44
1070	278	57	39
1071	279	52	41
1071	278	53	48
1069	275	63	57
1070	267	66	58
1071	263	66	62
1068	263	72	63
1070	261	75	58
1071	260	69	63
1071	262	70	54
1071	261	68	62
1071	264	70	52
1071	264	72	53
1072	261	64	60
1070	261	64	62
1072	263	67	55
1072	262	65	59
1069	259	69	60
1070	260	68	60
1071	261	68	53
1071	262	68	55
1073	260	67	53
1071	260	66	51
1073	260	62	52
1070	259	66	55
1071	259	66	54
1070	259	66	52
1073	256	64	50
1072	257	67	52
1072	256	68	51
1072	256	65	45
1072	256	63	49
1074	256	64	49
1073	256	66	49
1074	256	65	49
1075	257	60	48
1074	255	59	47
1074	252	57	48
1073	255	55	45
1072	253	57	50
1075	253	55	50
1074	254	52	47
1076	255	51	48
1074	251	55	46
1075	252	51	46
1075	250	52	41
1074	248	54	44
1075	248	50	42
