1530	806	380	198
1515	802	359	203
1486	798	363	192
1456	789	367	181
1444	784	349	178
1412	784	355	170
1395	772	344	177
1371	769	332	175
1360	766	320	171
1333	762	313	167
1313	751	314	167
1302	752	298	156
1271	747	303	155
1258	740	294	159
1247	738	286	154
1218	732	290	157
1203	730	281	141
1187	723	279	155
1169	716	277	157
1152	712	270	157
1135	705	269	160
1121	698	260	156
1104	692	251	154
1088	689	253	156
1068	682	250	149
1064	675	233	149
1045	667	244	147
1026	666	237	134
1020	659	226	140
1007	651	220	136
993	644	221	138
988	640	206	134
973	634	209	136
961	632	201	126
945	625	207	126
936	621	199	125
924	617	195	124
917	614	190	121
904	609	188	116
903	607	174	112
887	602	179	112
877	600	175	113
866	596	174	108
855	594	174	105
846	588	174	112
841	588	161	99
831	584	165	93
822	584	164	90
810	582	164	95
806	577	162	88
796	576	163	95
785	577	155	94
780	572	155	94
769	571	158	90
763	569	152	87
755	565	151	100
749	566	146	95
741	560	143	94
725	557	152	95
718	555	153	94
717	552	146	97
717	549	135	103
715	548	126	100
715	543	120	93
715	540	113	94
717	539	103	95
717	533	97	99
678	531	123	80
666	530	132	82
663	527	130	81
659	525	129	84
654	522	128	88
648	521	125	87
646	521	124	93
643	520	119	84
638	517	112	88
632	516	117	83
629	515	112	79
626	511	104	80
620	510	114	73
613	509	116	72
612	506	108	67
609	506	104	60
601	504	107	73
596	504	108	68
590	502	110	67
590	498	101	68
583	496	106	66
582	494	98	62
574	492	102	68
573	493	97	62
566	490	101	67
563	489	97	63
558	487	97	61
554	485	97	67
550	484	98	65
546	482	96	67
543	480	94	62
538	479	96	65
536	479	92	58
535	478	88	58
528	478	94	61
526	475	92	61
522	476	92	55
519	473	89	65
516	473	87	60
514	472	85	62
511	472	85	54
507	469	87	58
504	466	82	60
500	466	86	57
497	465	86	55
495	463	84	58
493	463	83	56
489	464	84	56
486	464	84	55
485	464	82	54
479	462	85	56
481	465	82	52
480	466	80	44
476	466	82	52
475	464	83	57
475	463	81	50
477	459	80	52
484	457	77	51
489	456	77	51
500	454	74	53
508	452	76	55
517	451	76	50
529	449	75	47
542	446	74	48
558	445	73	43
575	442	70	48
586	439	71	49
606	437	69	46
622	435	69	47
637	434	67	42
655	433	65	43
670	432	65	40
686	429	65	45
705	428	63	42
719	427	61	42
736	425	63	42
751	426	63	41
768	424	63	43
787	421	59	46
802	421	60	43
817	417	58	47
830	417	55	46
837	416	56	46
845	416	56	40
848	414	55	44
852	415	55	43
854	414	58	44
857	413	56	42
858	412	55	40
859	411	55	39
859	411	53	39
861	413	50	34
857	406	53	40
856	405	52	41
856	401	51	35
855	401	52	37
856	402	48	35
854	400	51	34
851	399	53	36
853	398	47	38
853	398	46	39
855	398	42	36
858	397	39	34
851	396	43	35
851	395	43	33
851	395	41	31
852	394	39	31
851	394	39	33
851	393	38	32
840	392	47	33
844	392	44	31
845	390	42	32
847	389	38	32
837	389	45	34
835	387	49	33
835	386	49	34
832	386	51	32
833	386	51	31
834	387	48	31
831	388	51	28
832	386	49	32
834	384	43	31
837	383	39	32
839	385	37	28
839	389	37	25
838	389	34	25
838	387	32	27
839	388	33	24
832	386	39	28
834	382	39	31
835	381	37	31
836	381	39	30
830	377	42	34
828	376	46	38
831	376	38	34
832	378	38	32
830	377	36	34
828	376	39	34
830	376	33	34
831	377	33	30
830	377	34	31
830	377	36	30
827	377	34	28
828	377	32	30
827	377	32	28
827	376	33	28
827	376	33	29
827	376	35	27
826	378	30	24
826	376	29	27
827	375	29	27
827	375	29	27
829	374	32	26
829	374	28	27
831	374	29	28
830	374	26	28
831	374	24	29
830	374	29	27
829	371	29	30
