10	583	192	120
72	577	188	111
144	564	178	105
219	559	158	93
290	553	138	83
353	543	130	79
385	531	142	87
446	523	127	77
484	519	133	74
520	511	130	77
555	503	121	81
577	504	117	71
593	501	116	67
604	495	116	75
611	491	117	76
611	486	119	76
620	482	111	73
621	480	108	65
620	479	109	65
616	473	114	70
616	476	108	60
611	471	111	62
603	470	117	62
607	467	108	62
602	463	107	66
597	459	110	67
593	457	109	68
592	457	108	64
582	453	116	68
585	449	108	69
582	451	108	60
583	449	102	62
579	448	103	59
577	448	100	56
573	446	100	58
571	446	101	58
566	445	103	60
563	442	100	63
561	443	100	60
554	443	102	61
551	445	105	60
554	446	99	58
552	445	99	62
550	447	95	58
550	448	91	58
548	449	91	59
541	449	95	60
542	450	90	57
537	449	93	57
536	449	93	59
532	449	94	61
532	449	90	59
532	450	89	61
529	449	88	58
530	447	85	60
530	448	82	56
533	449	77	55
528	447	78	59
525	445	79	58
524	446	76	55
521	445	80	57
526	445	72	55
522	443	74	59
521	445	75	55
519	444	75	57
517	443	76	56
518	441	72	57
516	441	70	57
513	441	72	54
509	440	76	52
507	439	75	52
505	439	76	52
499	435	77	56
498	435	79	55
490	435	83	51
488	434	84	52
484	434	87	52
476	432	96	51
474	430	95	54
470	430	99	54
468	429	98	55
468	428	97	52
469	426	96	55
477	426	92	53
486	423	89	53
496	423	91	48
515	419	89	55
530	413	94	59
553	414	93	56
587	413	86	49
614	412	87	50
647	412	88	48
688	409	83	48
722	410	84	45
774	409	70	43
803	406	76	45
841	402	77	49
881	407	69	42
906	404	67	43
929	401	69	48
947	401	72	47
951	397	82	51
968	398	75	48
977	395	74	50
989	398	66	44
988	397	73	42
986	396	76	43
988	395	76	44
987	392	79	48
987	392	79	47
986	393	78	42
992	392	72	44
990	390	71	43
993	389	69	44
988	386	72	46
991	384	70	47
984	382	76	48
987	383	72	45
987	382	71	44
984	382	71	42
985	380	71	44
983	380	69	43
986	380	66	37
989	379	63	38
989	380	61	37
982	378	67	39
984	376	63	40
981	372	62	46
980	373	63	43
982	373	61	40
980	374	63	39
982	374	60	38
979	374	60	40
977	374	61	38
972	373	66	40
973	371	63	40
971	371	64	38
975	369	61	39
974	371	59	37
973	370	60	42
970	368	61	40
969	368	63	42
971	369	59	39
972	370	57	37
967	369	60	35
968	368	58	36
966	367	60	37
967	367	57	36
966	367	58	34
967	365	55	35
970	364	52	36
970	364	50	34
969	363	48	36
964	361	52	37
962	361	55	37
962	360	54	35
960	358	55	38
960	358	54	36
961	357	51	36
961	357	50	36
962	357	49	33
956	357	54	34
959	356	50	33
957	356	52	33
958	353	49	36
957	354	49	35
955	352	51	36
953	351	50	35
955	352	48	35
958	351	45	35
958	352	44	32
954	350	47	35
951	349	48	34
952	349	47	34
951	348	47	33
948	348	49	32
945	348	52	32
940	345	57	37
940	344	56	35
938	344	57	35
935	345	61	33
932	343	63	36
933	343	60	35
934	344	58	34
939	344	51	33
941	342	50	34
940	343	52	31
939	345	54	30
939	342	54	37
937	338	58	44
933	334	62	57
929	330	67	61
927	331	69	62
925	334	73	59
924	331	73	61
926	332	71	61
929	335	68	53
928	341	69	45
928	339	66	46
928	336	65	48
928	334	63	47
929	337	64	39
931	338	59	38
926	335	64	41
925	333	66	45
923	334	67	43
924	335	66	43
925	333	61	45
925	334	59	38
926	336	59	34
924	336	61	35
922	335	66	36
922	332	64	38
924	333	58	38
925	330	57	43
924	329	58	43
923	331	61	39
923	330	60	38
920	329	62	38
920	328	61	38
921	328	61	37
921	326	60	40
921	327	60	36
921	328	59	36
921	331	60	31
921	329	60	33
922	328	59	35
922	329	57	34
922	326	57	39
922	329	59	35
922	326	59	40
922	324	57	43
921	329	57	34
922	327	55	36
923	326	54	37
922	328	55	33
920	327	57	35
920	326	57	37
919	325	57	37
917	325	59	38
917	324	58	37
918	323	56	38
918	321	57	38
919	323	56	35
919	321	56	38
919	323	55	34
919	323	54	34
920	322	53	36
920	320	53	40
918	320	57	38
919	319	53	39
919	317	53	42
919	320	54	38
919	319	54	41
917	318	56	42
915	316	58	45
917	318	55	42
919	317	53	42
918	314	55	49
919	314	52	46
918	317	55	42
918	320	53	35
917	318	54	38
918	318	53	36
919	318	52	36
919	320	51	34
919	318	51	35
918	316	50	38
919	318	50	35
921	317	46	37
919	315	48	40
919	316	49	39
918	317	49	36
916	318	52	33
916	317	51	35
917	318	51	33
919	316	48	35
919	316	46	36
919	315	47	37
919	313	47	39
918	313	50	41
918	316	48	34
917	316	50	35
920	313	47	39
919	312	47	39
917	310	48	40
918	310	48	42
918	313	49	38
919	313	46	37
919	312	48	39
920	314	44	35
920	315	45	35
918	315	48	34
917	311	48	39
916	312	51	38
917	314	49	34
915	314	52	35
916	313	51	35
917	312	49	38
918	311	47	37
917	309	47	41
917	310	46	38
918	312	48	35
917	313	49	35
920	311	47	37
924	310	49	38
932	310	46	38
941	309	46	37
951	313	46	33
966	313	46	32
982	309	48	39
997	307	53	44
1018	304	50	46
1039	309	50	39
1067	308	47	41
1091	310	51	38
1113	305	53	43
1145	305	51	44
1170	302	54	52
1200	305	53	47
1233	302	52	52
1260	301	52	53
1293	304	55	51
1324	306	57	48
1349	299	55	54
1373	307	62	49
1400	307	54	47
1419	307	53	48
1436	305	51	51
1446	305	52	51
1455	305	51	48
1461	303	54	52
1466	302	53	54
1468	302	54	54
1471	304	52	51
1468	308	57	45
1472	310	55	41
1473	305	53	49
1471	311	56	39
1476	306	51	45
1477	305	50	49
1475	305	50	48
1475	305	50	47
1472	307	53	46
1472	307	54	46
1471	307	57	46
1474	309	53	43
1473	309	51	43
1473	313	52	35
1474	312	51	38
1476	311	49	38
1476	307	48	43
1474	307	50	45
1473	307	52	46
1473	311	52	39
1473	311	51	39
1473	310	50	41
1474	307	50	45
1474	304	49	51
1478	305	46	46
1477	311	47	37
1475	308	49	43
1475	305	49	45
1472	308	52	43
1475	313	49	35
1473	312	51	37
1470	311	54	39
1475	307	50	45
1476	305	49	48
1470	308	55	43
1475	312	51	35
1478	316	47	28
1476	316	48	28
1480	313	44	31
1478	310	48	36
1477	309	48	38
1478	307	48	43
1476	310	52	38
1476	310	52	39
1480	312	46	35
1481	314	44	33
1480	314	46	32
1480	315	47	31
1478	311	47	37
1478	311	48	35
1478	311	48	37
1481	312	45	36
1478	313	49	34
1472	310	56	39
1478	309	49	42
1483	310	43	40
1480	308	48	44
1481	304	45	49
1476	309	51	42
1482	311	45	37
1483	314	43	34
1482	312	44	37
1483	314	45	36
1484	316	44	33
1485	317	44	33
1484	314	44	37
1481	319	51	32
1482	318	49	34
1487	318	45	38
1486	318	47	35
1484	314	50	45
1485	314	50	44
1486	318	47	38
1487	312	46	45
1490	309	43	54
1491	313	42	45
1492	316	40	42
1491	315	43	45
1488	314	47	49
1482	313	54	51
1485	312	50	54
1490	313	44	49
1491	312	44	48
1491	312	43	48
1491	312	42	47
1490	310	43	52
1487	312	47	49
1486	312	48	49
1486	311	46	52
1487	313	46	49
1485	317	46	47
1485	314	48	48
1484	314	46	49
1479	310	51	52
1481	311	44	50
1482	317	42	39
1485	315	37	40
1481	312	40	43
1479	313	41	43
1477	313	43	43
1470	309	48	47
1464	306	55	54
1468	304	50	56
1468	303	49	56
1465	300	52	64
1467	300	50	65
1464	301	54	58
1467	304	51	56
1467	301	51	57
1467	304	49	54
1468	304	51	50
1470	301	47	53
1471	306	47	46
1464	302	54	52
1470	304	49	48
1471	304	47	48
1471	302	46	51
1470	302	46	51
1465	299	51	56
1464	300	52	55
1457	298	63	60
1460	295	62	67
1468	298	52	58
1462	299	57	56
1462	300	57	52
1468	299	50	53
1465	298	54	57
1465	296	54	60
1465	297	56	58
1468	298	56	58
1472	301	52	52
1474	301	50	50
1478	300	48	52
1481	301	42	50
1484	301	40	48
1481	300	44	50
1475	300	52	51
1474	300	55	50
1481	299	46	54
1480	298	50	54
1482	298	49	51
1488	299	44	53
1491	301	42	50
1491	298	45	57
1494	302	43	51
1493	298	48	55
1493	301	50	56
1490	303	56	54
1495	304	53	52
1498	304	50	53
1500	306	47	50
1503	303	47	52
1506	305	43	53
1507	307	43	49
1504	309	46	45
1504	309	46	45
1502	308	46	46
1502	303	47	55
1498	302	50	55
1499	306	47	48
1499	301	48	52
1494	300	53	53
1497	301	49	51
1495	302	49	49
1499	302	45	45
1495	302	49	47
1494	304	52	44
1496	305	48	41
1494	304	49	44
1496	303	48	52
1495	304	49	47
1501	309	42	38
1502	309	41	38
1501	307	41	42
1501	306	40	45
1507	307	35	42
1502	306	40	44
1503	310	41	37
1501	308	43	42
1505	305	39	47
1505	307	40	44
1501	306	46	43
1501	309	45	37
1503	305	41	44
1500	304	48	50
1499	305	45	49
1498	308	47	40
1498	307	48	41
1502	306	44	44
1500	306	46	45
1497	307	51	44
1503	306	46	49
1502	309	46	41
1505	309	44	38
