938	908	142	165
944	907	132	163
946	909	134	160
947	904	128	166
944	906	137	160
945	902	132	162
945	904	132	159
950	898	130	168
946	896	132	160
951	895	127	161
952	898	130	153
950	896	127	153
952	891	130	156
950	884	130	161
950	889	129	152
955	888	128	147
956	885	126	153
952	882	132	145
953	872	130	157
953	878	125	150
956	876	128	142
956	873	122	146
959	871	119	144
961	863	121	150
957	863	123	146
959	861	121	148
961	858	115	146
965	856	106	144
965	855	113	148
964	854	111	140
966	849	109	141
968	852	113	134
966	850	112	132
969	847	109	129
969	846	111	129
971	838	107	134
971	839	105	132
971	840	106	124
975	836	105	127
972	828	107	133
972	824	105	133
974	829	102	125
975	820	101	125
974	824	109	119
976	817	102	126
977	815	101	122
976	812	103	123
975	809	105	124
978	800	103	128
976	805	101	117
980	797	99	127
979	793	103	125
978	793	102	122
979	788	103	121
979	792	101	115
983	796	97	109
982	781	95	120
980	781	101	115
984	787	96	107
983	781	96	110
981	782	99	106
983	776	98	112
983	773	96	112
982	769	98	109
983	761	100	117
982	763	98	112
981	758	98	109
982	746	97	123
982	735	93	129
987	736	90	124
987	729	94	126
987	751	89	102
986	753	90	97
987	746	91	101
984	748	96	93
983	740	99	100
983	737	96	104
980	742	100	96
982	744	97	93
983	738	98	95
982	732	99	102
983	733	97	99
984	736	94	97
986	737	93	92
985	741	93	88
988	744	92	89
991	740	84	93
989	731	88	101
989	729	91	102
990	723	92	111
989	726	92	104
990	734	90	100
990	724	90	105
987	721	101	111
987	723	96	106
988	728	97	103
989	728	90	97
989	729	95	99
987	732	99	94
988	732	103	96
988	723	96	108
989	725	93	104
989	730	95	97
990	731	90	94
990	726	92	102
990	729	85	98
991	716	85	112
989	717	95	110
989	727	91	98
990	726	86	101
988	726	90	95
990	717	87	108
992	710	82	116
992	722	82	103
992	725	85	98
992	722	83	106
990	732	89	97
990	722	91	107
988	726	92	109
988	728	97	102
988	732	92	95
990	731	93	96
990	727	87	104
989	718	90	107
988	721	98	106
986	723	94	103
987	724	95	99
990	724	87	97
991	719	87	102
991	720	84	96
992	721	85	98
994	724	83	94
992	719	85	97
992	716	87	102
992	713	88	102
991	717	88	100
990	718	92	97
992	718	90	95
989	721	95	93
990	722	91	92
991	721	89	91
991	720	90	92
989	719	94	95
991	719	88	90
991	718	88	95
992	714	87	93
991	715	92	92
992	715	86	91
994	716	86	87
993	715	89	90
993	715	89	91
994	717	84	87
992	716	94	87
992	713	92	91
992	712	94	90
992	712	90	90
994	712	84	91
992	711	90	89
992	712	88	90
991	712	94	89
993	710	91	92
991	713	92	86
994	712	88	89
994	712	86	88
992	709	89	93
992	711	92	90
993	709	87	95
994	708	86	91
995	709	84	91
995	708	87	91
994	710	86	89
994	710	85	90
994	710	88	86
994	708	85	92
995	708	87	91
994	710	88	91
995	707	91	93
993	707	91	94
994	708	85	89
993	707	91	92
995	707	86	91
993	707	91	90
995	707	83	87
995	707	87	89
994	708	86	88
995	705	90	90
995	706	87	87
999	706	80	88
998	708	83	85
999	703	79	96
998	702	89	91
997	702	84	89
996	700	87	91
999	700	80	90
997	702	82	86
998	699	84	90
998	696	78	93
998	696	82	92
997	696	84	90
995	695	87	94
996	695	86	90
997	694	82	91
996	693	86	89
998	696	84	86
996	689	89	90
998	692	82	87
998	691	84	87
994	689	91	87
997	685	85	92
1000	685	83	92
998	687	84	87
999	685	85	88
998	683	92	91
998	682	89	92
1000	682	91	93
999	680	87	91
1000	677	83	91
998	679	88	90
1000	682	87	85
999	675	84	91
998	675	86	91
999	677	87	89
998	676	88	89
997	674	90	92
998	673	87	93
998	672	90	93
998	675	88	89
1001	676	85	89
1000	672	93	94
1000	672	90	97
1002	673	86	94
1001	677	82	87
1000	678	87	87
998	675	89	90
1001	677	90	89
1000	674	91	92
1002	671	88	95
1000	676	95	89
998	679	94	88
1002	678	88	90
998	676	92	92
1000	675	92	93
1000	674	90	95
1003	675	86	95
999	676	94	93
1000	672	91	98
997	673	95	98
1004	675	91	97
1002	677	90	95
1003	677	92	96
1004	680	92	92
1003	679	93	91
1004	677	89	97
1004	681	96	93
1001	680	100	96
1002	679	94	99
1003	678	92	98
1000	682	98	95
1004	678	94	99
1001	682	99	97
1003	683	94	97
1002	684	93	98
1006	687	90	94
1005	684	91	98
1005	684	94	99
1003	681	96	105
1006	676	92	109
1004	690	92	94
1003	687	97	99
1007	690	92	95
1005	687	94	103
1006	689	93	102
1004	690	97	100
1005	691	98	101
1007	694	93	98
1009	688	94	108
1004	690	97	105
1008	693	94	102
1011	687	90	110
1008	697	96	101
1007	698	93	103
1004	695	99	107
1003	698	100	103
1001	703	102	100
1006	704	98	102
1006	700	97	104
999	702	104	107
1005	700	101	112
1006	704	98	106
1005	702	100	111
1005	705	103	109
1006	705	99	112
1007	704	97	115
1008	704	99	118
1007	707	96	115
1010	710	94	112
1005	711	102	112
1006	710	100	114
1008	707	98	120
1010	711	98	115
1009	718	98	110
1006	715	101	115
1008	715	97	115
1008	719	100	114
1006	719	103	119
1003	724	110	112
1009	723	102	113
1013	725	97	116
1019	721	93	121
1014	716	100	128
1016	722	98	128
1015	721	101	131
1015	730	99	124
1014	730	100	123
1014	735	101	119
1011	739	103	115
1010	738	103	117
1009	738	106	117
1001	740	113	115
997	741	121	112
989	741	127	117
986	739	133	113
979	739	143	117
979	736	142	118
979	737	143	116
979	732	140	122
977	729	137	124
987	722	129	127
978	729	136	118
973	732	143	112
973	735	139	110
972	728	139	114
968	728	142	111
970	733	138	106
971	724	136	112
968	722	141	116
968	723	141	113
966	720	139	115
964	721	142	114
964	718	139	118
960	721	141	114
959	720	142	115
959	722	141	109
960	717	139	117
955	718	147	114
957	713	139	113
953	721	148	107
949	718	147	115
951	718	143	109
950	720	146	100
948	719	147	107
950	718	142	109
947	717	144	113
944	713	148	119
945	719	143	110
944	717	144	111
943	714	147	113
941	719	147	110
938	716	147	111
936	718	150	107
935	719	150	106
934	719	150	108
934	719	149	108
932	715	151	114
934	718	144	111
930	715	152	112
925	720	156	108
924	719	153	108
924	719	153	108
922	720	153	110
918	719	158	114
916	721	160	111
916	721	158	113
913	723	159	109
912	726	159	106
910	726	157	106
914	725	150	105
906	725	162	111
907	728	155	106
905	727	159	109
905	726	159	116
903	728	160	113
901	730	160	111
901	731	160	106
899	730	161	110
895	732	162	105
891	732	166	104
890	734	164	103
890	732	162	113
886	733	167	116
886	733	164	113
884	731	165	115
881	734	169	115
881	731	168	120
881	735	167	116
878	736	171	115
874	742	172	103
871	743	173	108
871	739	175	114
871	742	173	113
870	744	171	108
867	743	175	116
866	743	175	114
861	744	179	116
858	744	181	122
858	744	180	119
858	745	180	122
854	749	185	117
857	746	179	123
853	748	183	120
855	750	178	113
851	753	181	108
847	755	186	108
846	752	183	119
846	753	182	118
846	757	182	111
837	757	193	118
840	760	188	122
834	760	193	120
833	760	194	122
828	760	197	118
828	760	197	126
832	759	190	128
831	760	192	128
824	760	192	132
824	762	195	131
823	764	194	123
821	764	192	139
815	769	197	123
808	769	204	131
810	769	202	136
811	772	201	125
807	775	202	132
809	774	199	127
808	778	200	127
812	776	194	134
807	776	201	136
808	780	200	138
808	775	201	139
804	774	208	148
803	782	207	137
810	780	198	147
818	780	191	149
813	779	194	148
789	781	220	154
782	794	221	138
785	791	218	136
787	790	217	146
783	788	220	151
785	795	213	141
786	797	214	147
790	794	208	156
776	794	225	155
792	795	209	149
797	788	200	140
791	788	203	145
792	788	200	149
796	792	196	144
792	796	199	139
758	807	233	146
733	805	258	157
713	815	278	146
718	817	266	151
697	815	284	150
684	821	298	142
683	819	298	154
679	812	302	156
697	802	282	163
692	808	281	160
695	800	279	167
687	809	282	158
671	816	295	150
687	814	279	154
680	802	280	164
692	810	266	155
688	811	269	151
685	815	272	148
672	818	280	146
664	806	286	159
670	808	280	156
661	801	284	165
672	807	268	155
668	805	269	155
651	813	284	152
658	810	277	153
661	813	274	146
647	816	284	145
646	808	284	156
641	812	284	149
631	808	298	152
629	808	295	152
629	805	294	153
621	802	300	156
651	798	268	158
659	798	252	159
666	796	244	159
661	792	247	163
653	802	255	155
656	803	250	153
654	795	251	155
659	795	242	160
673	791	226	157
690	795	205	154
665	801	231	147
645	805	248	145
652	793	237	161
661	789	226	163
656	795	232	155
644	796	244	150
650	792	232	154
644	789	236	161
647	796	232	147
648	799	230	145
660	785	210	157
660	781	210	160
657	780	205	167
660	780	202	165
659	777	201	166
661	786	197	159
654	786	198	159
665	782	179	172
664	785	185	166
651	793	196	160
645	794	208	155
652	792	194	164
669	790	172	170
667	793	173	165
668	797	170	154
670	796	167	159
665	794	175	164
660	802	173	161
643	815	183	147
657	800	169	163
648	819	171	139
663	784	167	172
672	793	149	164
667	792	147	170
662	791	153	172
651	812	162	149
662	805	145	159
632	827	156	140
656	802	147	162
659	793	138	178
672	798	124	171
665	794	140	172
661	793	139	172
656	794	143	176
661	790	131	181
673	796	120	173
647	799	137	172
666	794	116	173
671	800	110	170
636	802	144	171
666	807	120	159
629	804	149	169
636	805	148	163
648	796	136	169
617	788	153	184
642	806	133	164
653	807	121	159
622	771	128	184
648	791	124	180
661	785	111	188
680	790	99	177
690	797	96	167
670	772	94	193
680	739	104	206
696	756	109	201
693	781	125	181
700	784	124	174
713	790	123	169
729	800	121	149
742	801	120	151
762	805	108	147
771	812	104	143
779	794	112	155
794	795	121	157
792	806	123	142
818	810	111	135
815	819	125	126
822	810	133	139
845	817	120	128
845	812	138	130
851	804	147	139
867	792	153	149
875	786	141	157
885	786	147	160
912	784	133	160
935	791	129	148
958	799	116	143
970	805	114	138
981	802	114	137
997	797	104	147
998	801	107	144
996	798	117	146
1000	796	136	143
1011	801	118	140
1020	800	105	141
1029	797	93	147
1022	801	102	140
1032	798	87	145
1036	799	86	142
1035	799	95	141
1010	805	118	137
1013	798	116	145
1019	797	113	150
1015	799	116	141
1009	795	116	149
1018	798	111	143
1018	802	107	143
1022	800	110	142
1019	797	108	147
1027	795	97	151
1027	800	96	143
1028	797	100	148
1030	797	100	147
1030	800	100	146
1026	798	114	146
1026	801	119	143
1035	802	110	140
1026	797	118	151
1029	797	115	150
1032	796	125	149
1044	794	109	150
1061	799	87	145
1049	800	105	146
1056	799	98	149
1054	799	105	148
1058	802	99	144
1057	803	99	142
1053	809	110	136
1055	803	108	141
1056	805	103	143
1050	802	114	143
1051	800	114	145
1049	805	127	138
1050	800	118	144
1059	803	100	142
1057	804	100	141
1060	807	97	136
1052	808	107	138
1049	804	111	140
1048	802	110	142
1052	797	109	152
1067	800	92	147
1064	802	94	143
1073	800	90	145
1070	802	95	142
1071	801	106	144
1086	797	86	150
1079	802	100	148
1078	802	115	145
1089	800	108	150
1102	803	95	148
1106	809	103	142
1113	808	99	143
1113	812	108	139
1119	811	111	138
1119	809	120	141
1124	814	128	134
1144	812	115	136
1146	812	122	139
1157	810	112	143
1177	813	102	144
1186	815	99	140
1180	819	112	137
1190	814	125	142
1206	814	107	142
1207	815	116	146
1222	819	100	138
1231	819	104	142
1238	819	109	141
1247	819	109	140
1253	822	108	142
1255	821	114	140
1268	819	100	143
1268	818	103	146
1277	818	100	148
1276	822	104	143
1278	823	101	146
1273	825	113	141
1271	825	128	139
1267	818	148	147
1262	825	147	139
1281	826	122	136
1277	820	129	141
1275	819	130	144
1280	818	120	144
1271	819	120	144
1277	818	122	145
1290	823	101	141
1283	822	131	142
1286	820	143	144
1298	825	132	140
1308	827	124	140
1319	829	115	139
1328	828	123	146
1339	832	118	141
1355	836	114	139
1356	842	123	138
1371	836	127	147
1387	838	126	146
1394	842	137	140
1410	847	141	141
1420	845	141	149
1429	853	150	143
1452	856	164	141
1452	860	160	141
1478	853	150	151
1493	861	137	147
1501	861	140	147
1513	858	132	149
1515	859	146	155
1514	860	151	156
1514	864	162	149
1521	867	151	143
1515	862	160	153
1513	866	147	147
1514	863	152	149
1512	863	163	149
1521	867	144	141
1521	864	152	142
1526	862	147	146
1524	863	141	147
1524	864	133	148
1520	868	141	144
1524	861	131	150
1523	863	147	149
1518	859	162	155
1493	859	174	159
1508	860	166	149
1522	860	175	137
1530	859	200	144
1503	858	212	135
1517	859	199	134
1526	865	164	129
1514	852	185	113
1508	870	187	110
1506	862	226	84
1490	890	221	91
1445	881	228	92
1503	867	248	82
1469	905	259	100
1509	927	253	109
1487	933	248	145
1491	872	248	181
1468	857	250	218
1480	858	218	215
1460	871	217	200
1472	875	187	193
1461	867	189	195
1435	869	204	205
1504	867	186	192
1505	865	182	200
1526	869	148	153
1527	873	146	150
1525	871	135	158
1521	874	135	153
1522	884	130	148
1522	876	129	157
1516	889	140	145
1516	887	155	146
1513	888	153	151
1535	887	121	149
1532	885	124	156
1529	888	138	153
1529	895	133	155
1532	893	129	154
1532	899	134	157
1542	899	122	158
1541	902	132	162
1542	908	118	151
1543	916	120	151
1543	912	123	160
1585	912	126	162
1583	910	133	169
1566	918	129	157
1562	920	150	156
1541	924	168	155
1542	926	161	154
1573	922	163	152
1570	946	160	125
1584	964	134	106
1576	956	138	123
1564	959	145	119
1563	957	138	122
1602	957	125	119
1615	952	110	123
1614	953	108	124
1612	956	101	127
1613	957	98	122
1610	962	93	119
1614	961	97	119
1614	970	121	111
1610	969	142	106
1584	959	139	119
1582	959	144	119
1584	931	146	148
1581	925	174	149
1600	934	181	139
1573	948	155	131
1589	963	137	114
1599	969	124	108
1614	963	119	112
1614	960	116	114
1615	960	110	122
1581	926	116	152
1576	938	130	144
1591	930	114	148
1626	937	135	140
1598	923	109	160
1598	932	117	149
1607	942	114	137
1622	948	99	131
1608	940	109	141
1600	953	128	127
1617	967	120	110
1621	970	110	107
1610	974	106	104
1624	973	92	103
1625	974	93	108
1615	977	107	101
1656	977	95	99
1619	979	103	103
1660	990	93	88
1631	977	103	99
1627	973	112	104
1627	989	114	92
1719	945	102	105
1673	987	95	89
1646	987	106	91
1651	994	119	85
1649	991	121	88
1654	1004	123	76
1682	1009	95	70
1748	983	87	78
1766	979	89	103
1656	1000	94	100
1766	967	85	111
1734	965	72	108
1734	965	72	108
1734	965	72	108
1749	982	61	95
1789	995	63	85
1789	995	63	85
1835	999	81	80
1835	999	81	80
1835	999	81	80
1725	950	89	80
1725	950	89	80
1725	950	89	80
1720	968	97	89
1720	968	97	89
1720	968	97	89
1720	968	97	89
1776	1000	105	79
1776	1000	105	79
1776	1000	105	79
1776	1000	105	79
1776	1000	105	79
1776	1000	105	79
1776	1000	105	79
1776	1000	105	79
1776	1000	105	79
1776	1000	105	79
1776	1000	105	79
1776	1000	105	79
1776	1000	105	79
1776	1000	105	79
1776	1000	105	79
1776	1000	105	79
1776	1000	105	79
1776	1000	105	79
1776	1000	105	79
1776	1000	105	79
1776	1000	105	79
1776	1000	105	79
1776	1000	105	79
1776	1000	105	79
1776	1000	105	79
1776	1000	105	79
1776	1000	105	79
1776	1000	105	79
1776	1000	105	79
1776	1000	105	79
1776	1000	105	79
1776	1000	105	79
1776	1000	105	79
1776	1000	105	79
1776	1000	105	79
1776	1000	105	79
1776	1000	105	79
1776	1000	105	79
1776	1000	105	79
1776	1000	105	79
1776	1000	105	79
1776	1000	105	79
1776	1000	105	79
1776	1000	105	79
1776	1000	105	79
1776	1000	105	79
1776	1000	105	79
1776	1000	105	79
1776	1000	105	79
1776	1000	105	79
1776	1000	105	79
1776	1000	105	79
1776	1000	105	79
1776	1000	105	79
1776	1000	105	79
1776	1000	105	79
1776	1000	105	79
1776	1000	105	79
1776	1000	105	79
1776	1000	105	79
1776	1000	105	79
1776	1000	105	79
1776	1000	105	79
1776	1000	105	79
1776	1000	105	79
1776	1000	105	79
1776	1000	105	79
1776	1000	105	79
1776	1000	105	79
1776	1000	105	79
1776	1000	105	79
1776	1000	105	79
1776	1000	105	79
1776	1000	105	79
1776	1000	105	79
1776	1000	105	79
1776	1000	105	79
1776	1000	105	79
1776	1000	105	79
1776	1000	105	79
1776	1000	105	79
1776	1000	105	79
1776	1000	105	79
1776	1000	105	79
1776	1000	105	79
1776	1000	105	79
1776	1000	105	79
1776	1000	105	79
1776	1000	105	79
1776	1000	105	79
1776	1000	105	79
1776	1000	105	79
1776	1000	105	79
1776	1000	105	79
1776	1000	105	79
1776	1000	105	79
1776	1000	105	79
1776	1000	105	79
1776	1000	105	79
1776	1000	105	79
1776	1000	105	79
1776	1000	105	79
1776	1000	105	79
1776	1000	105	79
1776	1000	105	79
1776	1000	105	79
1776	1000	105	79
1776	1000	105	79
1776	1000	105	79
1776	1000	105	79
1776	1000	105	79
1776	1000	105	79
1776	1000	105	79
1776	1000	105	79
1776	1000	105	79
1776	1000	105	79
1776	1000	105	79
1776	1000	105	79
1776	1000	105	79
1776	1000	105	79
1776	1000	105	79
1776	1000	105	79
1776	1000	105	79
1776	1000	105	79
1776	1000	105	79
1776	1000	105	79
1776	1000	105	79
1776	1000	105	79
1776	1000	105	79
1776	1000	105	79
1776	1000	105	79
1776	1000	105	79
1776	1000	105	79
1776	1000	105	79
1776	1000	105	79
1776	1000	105	79
1776	1000	105	79
1776	1000	105	79
1776	1000	105	79
1776	1000	105	79
1776	1000	105	79
1776	1000	105	79
1776	1000	105	79
1776	1000	105	79
1776	1000	105	79
1776	1000	105	79
1776	1000	105	79
1776	1000	105	79
1776	1000	105	79
1776	1000	105	79
1776	1000	105	79
1776	1000	105	79
1776	1000	105	79
1776	1000	105	79
1776	1000	105	79
1776	1000	105	79
1776	1000	105	79
1776	1000	105	79
1776	1000	105	79
1776	1000	105	79
1776	1000	105	79
1776	1000	105	79
1776	1000	105	79
1776	1000	105	79
1776	1000	105	79
1776	1000	105	79
1776	1000	105	79
1776	1000	105	79
1776	1000	105	79
1776	1000	105	79
1776	1000	105	79
1776	1000	105	79
1776	1000	105	79
1776	1000	105	79
1776	1000	105	79
1776	1000	105	79
1776	1000	105	79
1776	1000	105	79
1776	1000	105	79
1776	1000	105	79
1776	1000	105	79
1776	1000	105	79
1776	1000	105	79
1776	1000	105	79
1776	1000	105	79
1776	1000	105	79
1776	1000	105	79
1776	1000	105	79
1776	1000	105	79
1776	1000	105	79
1776	1000	105	79
1776	1000	105	79
1776	1000	105	79
1776	1000	105	79
1776	1000	105	79
1776	1000	105	79
1776	1000	105	79
1776	1000	105	79
1776	1000	105	79
1776	1000	105	79
1776	1000	105	79
1776	1000	105	79
1776	1000	105	79
1776	1000	105	79
1776	1000	105	79
1776	1000	105	79
1776	1000	105	79
1776	1000	105	79
1776	1000	105	79
1776	1000	105	79
1776	1000	105	79
1776	1000	105	79
1776	1000	105	79
1776	1000	105	79
1776	1000	105	79
1776	1000	105	79
1776	1000	105	79
1776	1000	105	79
1776	1000	105	79
1776	1000	105	79
1776	1000	105	79
1776	1000	105	79
1776	1000	105	79
1776	1000	105	79
1776	1000	105	79
1776	1000	105	79
1776	1000	105	79
1776	1000	105	79
1776	1000	105	79
1776	1000	105	79
1776	1000	105	79
1776	1000	105	79
1776	1000	105	79
1776	1000	105	79
1776	1000	105	79
1776	1000	105	79
1776	1000	105	79
1776	1000	105	79
1776	1000	105	79
1776	1000	105	79
1776	1000	105	79
1776	1000	105	79
1776	1000	105	79
1776	1000	105	79
1776	1000	105	79
1776	1000	105	79
1776	1000	105	79
1776	1000	105	79
1776	1000	105	79
1776	1000	105	79
1776	1000	105	79
1776	1000	105	79
1776	1000	105	79
1776	1000	105	79
1776	1000	105	79
1776	1000	105	79
1776	1000	105	79
1776	1000	105	79
1776	1000	105	79
1776	1000	105	79
1776	1000	105	79
1776	1000	105	79
1776	1000	105	79
1776	1000	105	79
1776	1000	105	79
1776	1000	105	79
1776	1000	105	79
1776	1000	105	79
1776	1000	105	79
1776	1000	105	79
1776	1000	105	79
1776	1000	105	79
1776	1000	105	79
1776	1000	105	79
1776	1000	105	79
1776	1000	105	79
1776	1000	105	79
1776	1000	105	79
1776	1000	105	79
1776	1000	105	79
1776	1000	105	79
1776	1000	105	79
1776	1000	105	79
1776	1000	105	79
1776	1000	105	79
1776	1000	105	79
1776	1000	105	79
1776	1000	105	79
1776	1000	105	79
1776	1000	105	79
1776	1000	105	79
1776	1000	105	79
1776	1000	105	79
1776	1000	105	79
1776	1000	105	79
1776	1000	105	79
1776	1000	105	79
1776	1000	105	79
1776	1000	105	79
1776	1000	105	79
1776	1000	105	79
1776	1000	105	79
1776	1000	105	79
1776	1000	105	79
1776	1000	105	79
1776	1000	105	79
1776	1000	105	79
1776	1000	105	79
1776	1000	105	79
1776	1000	105	79
1776	1000	105	79
1776	1000	105	79
1776	1000	105	79
1776	1000	105	79
1776	1000	105	79
1776	1000	105	79
1776	1000	105	79
1776	1000	105	79
1776	1000	105	79
1776	1000	105	79
1776	1000	105	79
1776	1000	105	79
1776	1000	105	79
1776	1000	105	79
1776	1000	105	79
1776	1000	105	79
1776	1000	105	79
1776	1000	105	79
1776	1000	105	79
1776	1000	105	79
1776	1000	105	79
1776	1000	105	79
1776	1000	105	79
1776	1000	105	79
1776	1000	105	79
1776	1000	105	79
1776	1000	105	79
1776	1000	105	79
1776	1000	105	79
1776	1000	105	79
1776	1000	105	79
1776	1000	105	79
1776	1000	105	79
1776	1000	105	79
1776	1000	105	79
1776	1000	105	79
1776	1000	105	79
1776	1000	105	79
1776	1000	105	79
1776	1000	105	79
1776	1000	105	79
1776	1000	105	79
1776	1000	105	79
1776	1000	105	79
1776	1000	105	79
1776	1000	105	79
1776	1000	105	79
1776	1000	105	79
1776	1000	105	79
1776	1000	105	79
1776	1000	105	79
1776	1000	105	79
1776	1000	105	79
1776	1000	105	79
1776	1000	105	79
1776	1000	105	79
1776	1000	105	79
1776	1000	105	79
1776	1000	105	79
1776	1000	105	79
1776	1000	105	79
1776	1000	105	79
1776	1000	105	79
1776	1000	105	79
1776	1000	105	79
1776	1000	105	79
1776	1000	105	79
1776	1000	105	79
1776	1000	105	79
1776	1000	105	79
1776	1000	105	79
1776	1000	105	79
1776	1000	105	79
1776	1000	105	79
1776	1000	105	79
1776	1000	105	79
1776	1000	105	79
1776	1000	105	79
1776	1000	105	79
1776	1000	105	79
1776	1000	105	79
1776	1000	105	79
1776	1000	105	79
1776	1000	105	79
1776	1000	105	79
1776	1000	105	79
1776	1000	105	79
1776	1000	105	79
1776	1000	105	79
1776	1000	105	79
1776	1000	105	79
1776	1000	105	79
1776	1000	105	79
1776	1000	105	79
1776	1000	105	79
1776	1000	105	79
1776	1000	105	79
1776	1000	105	79
1776	1000	105	79
1776	1000	105	79
1776	1000	105	79
1776	1000	105	79
1776	1000	105	79
1776	1000	105	79
1776	1000	105	79
1776	1000	105	79
1776	1000	105	79
1776	1000	105	79
1776	1000	105	79
1776	1000	105	79
1776	1000	105	79
1776	1000	105	79
1776	1000	105	79
1776	1000	105	79
1776	1000	105	79
1776	1000	105	79
1776	1000	105	79
1776	1000	105	79
1776	1000	105	79
1776	1000	105	79
1776	1000	105	79
1776	1000	105	79
1776	1000	105	79
1776	1000	105	79
1776	1000	105	79
1776	1000	105	79
1776	1000	105	79
1776	1000	105	79
1776	1000	105	79
1776	1000	105	79
1776	1000	105	79
1776	1000	105	79
1776	1000	105	79
1776	1000	105	79
1776	1000	105	79
1776	1000	105	79
1776	1000	105	79
1776	1000	105	79
1776	1000	105	79
1776	1000	105	79
1776	1000	105	79
1776	1000	105	79
1776	1000	105	79
1776	1000	105	79
1776	1000	105	79
1776	1000	105	79
1776	1000	105	79
1776	1000	105	79
1776	1000	105	79
1776	1000	105	79
1776	1000	105	79
1776	1000	105	79
1776	1000	105	79
1776	1000	105	79
1776	1000	105	79
1776	1000	105	79
1776	1000	105	79
1776	1000	105	79
1776	1000	105	79
1776	1000	105	79
1776	1000	105	79
1776	1000	105	79
1776	1000	105	79
1776	1000	105	79
1776	1000	105	79
1776	1000	105	79
1776	1000	105	79
1776	1000	105	79
1776	1000	105	79
1776	1000	105	79
1776	1000	105	79
1776	1000	105	79
1776	1000	105	79
1776	1000	105	79
1776	1000	105	79
1776	1000	105	79
1776	1000	105	79
1776	1000	105	79
1776	1000	105	79
1776	1000	105	79
1776	1000	105	79
1776	1000	105	79
1776	1000	105	79
1776	1000	105	79
1776	1000	105	79
1776	1000	105	79
1776	1000	105	79
1776	1000	105	79
1776	1000	105	79
1776	1000	105	79
1776	1000	105	79
1776	1000	105	79
1776	1000	105	79
1776	1000	105	79
1776	1000	105	79
1776	1000	105	79
1776	1000	105	79
1776	1000	105	79
1776	1000	105	79
1776	1000	105	79
1776	1000	105	79
1776	1000	105	79
1776	1000	105	79
1776	1000	105	79
1776	1000	105	79
1776	1000	105	79
1776	1000	105	79
1776	1000	105	79
1776	1000	105	79
1776	1000	105	79
1776	1000	105	79
1776	1000	105	79
1776	1000	105	79
1776	1000	105	79
1776	1000	105	79
1776	1000	105	79
1776	1000	105	79
1776	1000	105	79
1776	1000	105	79
1776	1000	105	79
1776	1000	105	79
1776	1000	105	79
1776	1000	105	79
1776	1000	105	79
1776	1000	105	79
1776	1000	105	79
1776	1000	105	79
1776	1000	105	79
1776	1000	105	79
1776	1000	105	79
1776	1000	105	79
1776	1000	105	79
1776	1000	105	79
1776	1000	105	79
1776	1000	105	79
1776	1000	105	79
1776	1000	105	79
1776	1000	105	79
1776	1000	105	79
1776	1000	105	79
1776	1000	105	79
1776	1000	105	79
1776	1000	105	79
1776	1000	105	79
1776	1000	105	79
1776	1000	105	79
1776	1000	105	79
1776	1000	105	79
1776	1000	105	79
1776	1000	105	79
1776	1000	105	79
1776	1000	105	79
1776	1000	105	79
1776	1000	105	79
1776	1000	105	79
1776	1000	105	79
1776	1000	105	79
1776	1000	105	79
1776	1000	105	79
1776	1000	105	79
1776	1000	105	79
1776	1000	105	79
1776	1000	105	79
1776	1000	105	79
1776	1000	105	79
1776	1000	105	79
1776	1000	105	79
1776	1000	105	79
1776	1000	105	79
1776	1000	105	79
1776	1000	105	79
1776	1000	105	79
1776	1000	105	79
1776	1000	105	79
1776	1000	105	79
1776	1000	105	79
1776	1000	105	79
1776	1000	105	79
1776	1000	105	79
1776	1000	105	79
1776	1000	105	79
1776	1000	105	79
1776	1000	105	79
1776	1000	105	79
1776	1000	105	79
1776	1000	105	79
1776	1000	105	79
1776	1000	105	79
1776	1000	105	79
1776	1000	105	79
1776	1000	105	79
1776	1000	105	79
1776	1000	105	79
1643	890	96	93
1643	890	96	93
1643	890	96	93
1643	890	96	93
1643	890	96	93
1643	890	96	93
1643	890	96	93
1433	705	104	99
1433	705	104	99
1442	651	98	113
1438	717	95	105
1438	717	95	105
1438	717	95	105
1438	717	95	105
1438	717	95	105
1438	717	95	105
1438	717	95	105
1442	668	118	85
1442	668	118	85
1442	668	118	85
1442	668	118	85
1442	668	118	85
1453	695	132	76
1455	673	130	88
1477	693	121	104
1456	682	145	110
1479	706	125	142
1481	687	126	145
1478	696	132	159
1477	691	140	165
1480	692	136	181
1460	692	160	200
1481	634	144	227
1481	597	146	258
1442	644	178	262
1474	649	163	261
1446	571	176	291
1476	569	156	317
1472	560	162	336
1463	549	170	346
1452	553	187	346
1460	545	176	343
1465	547	174	344
1471	545	166	343
1460	537	179	353
1460	529	176	353
1460	529	181	352
1466	537	169	327
1465	533	168	345
1457	523	179	357
1461	530	172	351
1460	534	173	339
1471	529	157	355
1466	523	162	357
1463	527	166	357
1468	535	161	349
1474	537	158	351
1462	534	171	349
1470	540	167	350
1467	539	169	342
1467	537	167	357
1465	529	172	367
1465	543	176	351
1460	542	189	351
1471	549	176	355
1466	555	186	335
1468	564	182	342
1471	561	181	334
1478	563	177	347
1482	557	172	361
1489	563	162	356
1487	572	168	339
1474	565	176	354
1479	561	175	356
1470	564	190	348
1481	564	174	356
1489	569	168	339
1481	567	176	346
1475	571	191	323
1479	573	181	345
1478	566	181	352
1478	577	182	347
1479	563	181	343
1475	565	183	350
1474	567	184	343
1478	570	178	353
1476	567	182	361
1479	566	181	355
1484	574	176	347
1477	580	188	330
1473	572	183	347
1475	567	185	348
1490	582	163	336
1481	575	178	344
1485	581	174	315
1487	588	175	309
1478	572	177	346
1475	570	181	355
1476	566	180	331
1471	570	188	337
1474	570	181	344
1472	573	185	338
1475	574	182	353
1473	570	187	358
1473	575	181	339
1482	582	174	320
1483	575	174	332
1488	582	164	332
1473	577	186	354
1471	581	186	339
1480	586	178	323
1482	577	184	342
1487	587	176	327
1490	578	163	348
1486	583	177	346
1474	574	191	342
1474	585	190	347
1476	586	192	332
1481	590	188	328
1480	581	185	357
1478	586	195	361
1477	579	198	342
1466	584	205	347
1484	590	194	328
1488	596	188	332
1485	600	191	346
1497	603	183	339
1499	608	187	330
1505	610	189	314
1511	614	177	297
1506	622	187	338
1499	601	194	352
1504	617	199	318
1507	623	199	309
1511	622	195	311
1521	625	195	300
1527	628	184	289
1523	629	187	284
1542	654	183	271
1542	645	181	285
1551	642	178	276
1540	660	208	286
1523	642	209	311
1523	640	230	305
1536	627	196	325
1519	639	227	349
1523	645	228	326
1537	645	212	335
1533	649	226	345
1539	652	224	324
1545	653	217	324
1550	659	216	319
1564	670	195	271
1560	679	212	281
1557	683	243	325
1548	683	248	351
1537	678	277	360
1541	665	290	410
1533	681	331	390
1499	681	307	379
1542	695	262	384
1530	653	279	399
1513	682	307	380
1542	674	283	404
1570	709	248	363
1571	702	253	371
1559	710	300	362
1559	737	308	334
1552	709	357	372
1558	725	333	349
1561	725	313	335
1569	768	340	312
1585	761	306	316
1581	758	332	320
1578	745	329	325
1562	737	354	332
1567	765	353	308
1473	718	372	353
1464	728	464	333
1456	721	472	337
1463	735	462	310
1466	745	453	318
1468	726	448	331
1487	737	432	315
1485	766	426	289
1488	761	420	296
1497	762	423	301
1499	753	420	316
1532	778	390	290
1534	797	384	276
1523	794	397	277
1532	809	388	260
1513	802	408	269
1552	814	369	261
1545	838	382	239
1550	826	375	238
1547	851	375	225
1602	837	318	234
1609	841	316	237
1610	859	313	216
1596	871	328	206
1614	886	312	187
1603	886	323	191
1620	873	309	208
1602	842	323	238
1562	832	357	247
1469	780	346	293
1482	753	297	322
1524	784	233	292
1560	845	211	230
1580	884	190	196
1580	884	190	196
1580	884	190	196
1580	884	190	196
1580	884	190	196
1580	884	190	196
1580	884	190	196
1580	884	190	196
1580	884	190	196
1580	884	190	196
1580	884	190	196
1580	884	190	196
1500	883	220	206
1500	883	220	206
1500	883	220	206
1500	883	220	206
1500	883	220	206
1500	883	220	206
1500	883	220	206
1500	883	220	206
1500	883	220	206
1500	883	220	206
1500	883	220	206
1500	883	220	206
1500	883	220	206
1500	883	220	206
1500	883	220	206
1500	883	220	206
1500	883	220	206
1500	883	220	206
1500	883	220	206
1500	883	220	206
1500	883	220	206
1500	883	220	206
1500	883	220	206
1500	883	220	206
1500	883	220	206
1500	883	220	206
1500	883	220	206
1500	883	220	206
1500	883	220	206
1500	883	220	206
1500	883	220	206
1500	883	220	206
1500	883	220	206
1500	883	220	206
1500	883	220	206
1500	883	220	206
1500	883	220	206
1500	883	220	206
1500	883	220	206
1500	883	220	206
1500	883	220	206
1500	883	220	206
1500	883	220	206
1500	883	220	206
1500	883	220	206
1500	883	220	206
1500	883	220	206
1500	883	220	206
1500	883	220	206
1500	883	220	206
1500	883	220	206
1500	883	220	206
1500	883	220	206
1500	883	220	206
1500	883	220	206
1500	883	220	206
1500	883	220	206
1500	883	220	206
1500	883	220	206
1500	883	220	206
1500	883	220	206
1500	883	220	206
1500	883	220	206
1500	883	220	206
1500	883	220	206
1500	883	220	206
1500	883	220	206
1500	883	220	206
1500	883	220	206
1500	883	220	206
1500	883	220	206
1500	883	220	206
1500	883	220	206
1500	883	220	206
1500	883	220	206
1500	883	220	206
1500	883	220	206
1500	883	220	206
1500	883	220	206
1500	883	220	206
1500	883	220	206
1500	883	220	206
1500	883	220	206
1500	883	220	206
1500	883	220	206
1500	883	220	206
1500	883	220	206
1500	883	220	206
1500	883	220	206
1500	883	220	206
1500	883	220	206
1500	883	220	206
1500	883	220	206
1500	883	220	206
1500	883	220	206
1500	883	220	206
1500	883	220	206
1500	883	220	206
1500	883	220	206
1500	883	220	206
1500	883	220	206
1500	883	220	206
1500	883	220	206
1500	883	220	206
1500	883	220	206
1500	883	220	206
1500	883	220	206
1500	883	220	206
1500	883	220	206
1500	883	220	206
1500	883	220	206
1500	883	220	206
1500	883	220	206
1500	883	220	206
1500	883	220	206
1500	883	220	206
1500	883	220	206
1500	883	220	206
1500	883	220	206
1500	883	220	206
1500	883	220	206
1500	883	220	206
1500	883	220	206
1500	883	220	206
1500	883	220	206
1500	883	220	206
1500	883	220	206
1500	883	220	206
1500	883	220	206
1500	883	220	206
1500	883	220	206
1500	883	220	206
1500	883	220	206
1500	883	220	206
1500	883	220	206
1500	883	220	206
1500	883	220	206
1500	883	220	206
1500	883	220	206
1500	883	220	206
1500	883	220	206
1500	883	220	206
1500	883	220	206
1500	883	220	206
1500	883	220	206
1500	883	220	206
1500	883	220	206
1500	883	220	206
1500	883	220	206
1500	883	220	206
1500	883	220	206
1500	883	220	206
1500	883	220	206
1500	883	220	206
1500	883	220	206
1500	883	220	206
1500	883	220	206
1500	883	220	206
1500	883	220	206
1500	883	220	206
1500	883	220	206
1500	883	220	206
1500	883	220	206
1500	883	220	206
1500	883	220	206
1500	883	220	206
1500	883	220	206
1500	883	220	206
1500	883	220	206
1500	883	220	206
1500	883	220	206
1500	883	220	206
1500	883	220	206
1500	883	220	206
1500	883	220	206
1500	883	220	206
1500	883	220	206
1500	883	220	206
1500	883	220	206
1036	474	236	207
919	504	208	176
919	504	208	176
923	490	199	192
928	491	194	190
934	512	186	167
978	556	184	131
968	546	155	134
978	536	140	146
976	527	143	155
950	576	168	115
990	552	146	132
989	532	127	151
978	558	141	130
1016	549	112	131
1017	546	99	135
1027	569	88	111
1038	566	75	112
1040	593	73	89
1043	607	70	75
1047	610	68	70
1048	609	66	72
1050	609	62	71
1051	609	62	72
1051	610	63	68
1048	610	67	70
1052	610	62	69
1053	610	64	68
1053	608	61	71
1053	610	63	69
1053	609	61	70
1055	610	61	68
1056	609	61	69
1054	609	62	70
1056	609	61	68
1055	609	61	70
1055	609	64	68
1055	608	65	69
1055	608	64	68
1056	608	64	69
1057	608	64	70
1057	608	63	69
1056	608	65	69
1058	608	63	68
1057	609	65	67
1060	609	61	67
1060	608	62	67
1060	607	62	67
1060	608	61	67
1060	607	62	66
1061	607	62	68
1061	606	62	68
1063	608	62	67
1061	607	64	66
1062	607	64	66
1062	606	66	65
1063	606	64	67
1064	605	63	67
1065	603	62	68
1065	603	61	66
1063	605	66	66
1066	604	61	68
1068	602	60	68
1065	604	67	66
1065	602	66	68
1067	601	64	68
1066	603	65	66
1068	602	65	67
1067	600	65	67
1069	602	64	65
1069	601	64	68
1071	601	63	67
1070	600	64	68
1070	601	64	67
1070	601	66	68
1072	601	62	67
1072	599	62	68
1073	601	61	67
1073	600	64	66
1073	601	64	66
1072	599	64	68
1072	599	67	67
1075	598	63	69
1074	602	63	66
1073	602	64	65
1074	601	65	66
1074	601	66	66
1075	604	66	64
1076	601	65	66
1077	603	63	65
1076	601	67	66
1075	602	68	66
1076	604	66	66
1078	602	65	65
1077	604	67	64
1079	601	65	67
1080	604	64	63
1081	603	63	64
1081	604	63	63
1081	603	64	64
1082	603	61	65
1083	605	61	62
1082	603	65	64
1081	604	66	63
1082	605	65	62
1084	603	63	64
1083	604	66	63
1084	606	63	60
1083	603	67	62
1084	606	66	61
1086	606	64	59
1086	604	64	61
1088	606	60	60
1087	605	65	60
1085	605	67	60
1086	607	66	59
1089	604	62	63
1090	606	62	59
1088	607	63	58
1088	604	67	60
1087	606	66	61
1089	602	64	63
1088	603	66	63
1087	603	67	64
1089	601	68	66
1088	604	68	61
1089	601	68	65
1090	601	68	66
1090	603	68	64
1090	601	66	65
1089	601	68	66
1091	603	66	65
1091	602	68	65
1091	601	69	65
1091	604	69	59
1093	604	68	62
1090	606	69	58
1091	605	69	60
1092	603	66	63
1094	603	63	62
1094	603	68	62
1094	604	66	61
1092	605	67	61
1095	603	65	61
1095	605	69	60
1095	601	65	64
1097	602	63	63
1096	603	65	62
1096	604	68	61
1098	605	63	60
1099	605	66	59
1097	603	66	61
1097	604	68	58
1099	604	64	59
1099	603	65	61
1099	604	65	58
1100	605	64	59
1101	604	64	59
1101	604	64	57
1101	604	63	58
1100	604	66	57
1101	604	64	57
1099	603	67	56
1099	605	68	55
1101	604	67	57
1100	602	68	58
1099	605	69	54
1101	604	65	55
1101	604	68	56
1103	602	65	57
1102	601	65	58
1101	603	68	56
1102	602	67	57
1102	604	67	56
1103	603	66	55
1101	603	71	54
1103	604	68	54
1101	604	69	53
1103	602	67	55
1102	601	67	55
1104	603	67	53
1105	601	65	56
1105	600	64	57
1103	602	68	53
1105	602	65	54
1108	599	62	57
1106	600	63	56
1106	599	64	56
1109	600	62	55
1108	600	62	55
1109	599	60	56
1111	598	59	55
1110	600	62	56
1109	597	64	59
1110	596	61	60
1108	597	63	56
1111	598	60	55
1113	597	58	58
1108	598	64	56
1106	597	66	57
1108	596	64	57
1106	598	65	56
1110	598	62	54
1112	597	59	54
1112	596	60	55
1110	597	60	53
1110	596	60	55
1111	596	60	55
1110	596	62	52
1112	594	59	56
1112	597	62	59
1113	595	62	56
1114	598	61	52
1114	598	62	53
1113	598	63	57
1111	599	66	55
1113	598	64	55
1114	598	63	55
1114	597	63	54
1113	595	63	53
1113	593	64	55
1111	593	68	54
1112	591	65	55
1115	589	58	57
1111	588	59	56
1110	588	61	54
1111	589	58	52
1110	589	59	52
1109	587	58	51
1107	586	60	52
1105	586	62	52
1106	585	60	52
1104	583	65	54
1105	584	61	53
1106	582	57	54
1106	582	60	53
1104	583	60	52
1105	581	59	51
1104	580	58	53
1103	580	61	52
1102	580	63	50
1103	578	61	51
1103	578	60	49
1102	578	60	49
1101	577	63	50
1101	576	59	50
1100	577	60	48
1101	577	59	48
1100	576	60	48
1100	574	59	49
1100	573	60	50
1101	574	58	50
1101	573	58	48
1100	573	56	48
1103	572	52	49
1101	572	55	50
1102	571	56	50
1104	570	52	50
1102	571	54	48
1102	570	55	46
1103	569	54	48
1105	569	52	48
1103	569	54	47
1100	569	58	47
1099	567	59	48
1100	567	57	48
1098	567	58	48
1100	566	56	48
1102	565	51	48
1100	565	54	48
1101	566	53	47
1100	566	55	47
1100	565	55	47
1101	565	52	47
1102	564	52	48
1100	564	53	48
1101	564	52	47
1101	565	53	46
1102	563	51	47
1102	563	51	47
1101	563	52	46
1102	562	50	46
1103	562	49	46
1101	562	53	47
1104	559	49	50
1102	559	52	46
1104	558	49	55
1103	558	53	47
1103	562	54	45
1103	563	53	44
1102	565	56	41
1103	565	54	43
1103	564	52	43
1103	564	53	44
1104	562	52	46
1104	557	52	51
1105	560	50	45
1104	560	52	43
1103	558	52	45
1102	557	53	47
1102	557	52	46
1102	554	50	50
1100	554	53	47
1099	553	53	47
1099	551	52	48
1101	556	49	42
1101	549	48	49
1098	551	53	46
1099	552	49	43
1095	550	52	45
1094	548	54	44
1092	547	55	45
1092	549	55	42
1095	547	52	44
1096	546	51	45
1096	548	49	44
1097	550	48	41
1095	550	51	40
1095	550	50	40
1096	548	49	42
1095	547	49	43
1096	550	48	39
1094	552	50	37
1096	551	49	38
1092	544	52	42
1094	548	47	39
1094	549	49	38
1092	546	49	39
1091	548	51	37
1093	549	48	36
1091	544	51	39
1090	541	51	43
1090	543	51	41
1091	541	51	42
1090	542	52	41
1088	531	55	49
1090	526	51	54
1091	524	52	56
1091	527	49	55
1091	527	50	52
1091	528	49	52
1089	523	51	57
1089	525	51	52
1089	527	50	53
1089	525	51	54
1087	523	53	57
1087	524	51	55
1087	522	51	54
1089	526	49	53
1086	527	51	51
1087	529	52	49
1086	531	53	48
1087	528	50	51
1086	529	51	51
1087	527	50	53
1086	527	52	51
1088	529	49	50
1086	527	52	51
1087	526	50	52
1087	527	51	50
1086	523	50	54
1085	521	52	55
1085	522	53	54
1083	525	51	51
1078	525	55	51
1078	525	51	52
1071	521	52	53
1064	513	53	58
1057	517	53	56
1046	509	53	60
1040	512	49	59
1028	508	50	60
1015	510	48	59
1005	512	48	56
989	508	45	59
969	506	47	59
957	521	46	49
941	510	46	55
925	514	47	52
906	511	47	59
883	510	51	64
866	514	54	61
845	514	53	63
828	518	54	59
810	525	49	50
790	531	48	46
770	527	51	49
750	528	52	48
733	526	51	50
720	522	52	52
707	522	51	51
697	524	51	51
686	525	52	47
682	522	48	48
674	520	50	51
672	527	46	49
670	523	47	50
666	523	48	49
665	522	49	48
664	523	49	46
664	524	48	46
664	523	48	47
666	523	48	47
668	523	48	46
671	526	48	41
677	522	45	46
684	521	47	45
689	519	51	47
699	520	49	46
710	517	48	46
719	519	48	44
730	520	49	42
738	518	49	45
748	517	51	45
755	517	49	42
761	516	49	44
766	513	49	45
769	515	49	43
772	515	49	41
773	515	50	41
775	514	46	42
774	515	48	43
775	515	46	42
774	514	46	42
775	515	45	40
771	513	47	43
771	515	45	40
770	515	45	41
767	515	47	42
766	514	47	45
766	515	44	44
764	514	44	43
764	515	44	42
762	515	47	40
761	513	44	45
759	513	45	49
756	513	46	44
755	512	45	45
753	513	46	46
749	513	49	48
750	513	46	47
747	512	48	43
748	512	43	47
742	511	48	45
742	513	47	40
740	511	46	41
741	511	45	41
737	509	46	43
737	508	45	46
733	508	48	42
728	505	50	45
724	503	51	50
721	504	50	47
719	502	48	47
718	501	47	50
716	503	47	47
713	502	50	45
711	501	49	47
713	501	47	47
711	500	48	49
712	500	47	50
711	501	47	49
713	500	46	52
713	500	46	50
713	502	47	48
715	502	45	48
714	504	47	45
715	503	46	47
716	505	46	44
716	505	48	45
717	504	45	47
718	505	46	46
719	505	45	47
718	505	44	47
717	503	45	50
717	505	45	46
715	505	47	47
716	504	45	45
715	503	46	47
716	504	44	48
715	504	44	46
713	503	45	47
714	502	44	47
712	502	45	47
711	502	45	48
710	502	44	45
709	501	45	44
707	500	48	45
707	501	46	43
704	500	47	45
702	498	48	45
700	498	49	44
697	496	51	45
695	497	51	44
695	496	48	44
694	496	47	46
696	495	44	45
692	494	47	48
694	494	43	45
693	494	43	47
693	494	44	45
691	494	46	47
690	494	48	46
692	493	47	43
691	493	48	45
692	494	47	45
694	492	47	48
694	494	47	45
696	492	48	45
701	491	45	45
704	493	46	43
707	492	47	43
711	492	49	45
721	492	44	43
725	492	48	44
735	490	44	43
742	489	46	44
749	490	45	43
758	487	47	44
768	486	44	44
775	487	46	44
787	487	45	42
797	485	43	42
807	487	41	41
815	487	41	40
820	486	41	42
826	485	41	42
830	485	41	41
833	483	42	44
834	485	43	41
837	485	42	40
837	485	44	42
840	485	42	41
839	484	42	43
842	484	39	41
840	485	41	41
840	484	42	40
839	484	42	40
840	484	42	39
840	484	40	41
839	483	42	41
838	483	42	41
839	483	42	41
838	483	42	40
836	482	43	41
838	482	42	41
836	483	44	40
836	481	45	42
837	484	43	39
835	484	45	39
836	482	44	39
836	481	44	40
836	482	44	39
835	481	46	39
837	480	43	41
835	479	44	42
837	483	43	38
837	481	42	39
837	482	43	39
836	481	43	39
836	481	45	38
835	480	45	41
833	481	47	38
837	480	42	41
836	480	42	40
836	479	45	42
836	482	43	38
837	480	43	40
836	481	43	39
837	481	42	39
836	482	43	39
834	482	46	39
836	482	45	38
836	482	45	39
836	481	42	38
836	481	43	39
834	480	46	41
834	481	46	40
834	481	46	40
834	482	45	39
833	481	46	39
834	483	46	37
832	482	48	38
833	480	45	40
833	481	45	38
832	480	48	40
835	483	45	37
834	483	46	36
832	483	46	37
834	483	46	37
832	484	48	36
835	482	43	37
836	481	45	41
834	480	45	40
834	483	46	36
835	481	44	37
834	483	46	39
833	483	47	37
835	483	44	37
836	480	44	40
834	483	45	39
834	481	42	40
836	481	42	40
834	482	42	39
834	481	45	40
832	482	46	39
831	483	48	38
832	483	46	36
832	484	47	37
833	483	45	39
830	482	48	41
833	483	46	40
833	484	45	39
832	483	46	39
834	483	45	40
831	483	48	40
832	484	46	39
832	483	46	39
831	483	47	39
833	485	45	38
833	482	47	40
833	487	52	38
837	490	46	38
836	478	48	45
834	481	49	48
836	472	47	56
836	467	48	61
835	466	53	62
835	467	50	60
835	468	51	59
833	486	50	44
832	489	48	40
836	488	49	36
837	486	47	37
836	482	51	41
836	473	48	49
837	468	50	53
837	462	47	59
835	468	46	53
836	465	46	55
835	460	47	58
835	457	45	62
837	461	41	55
834	460	44	57
834	457	47	58
831	455	48	60
830	457	47	56
833	455	43	58
833	456	45	57
832	472	42	44
830	477	45	38
829	478	47	37
827	479	49	34
827	476	48	37
826	476	49	38
827	478	48	34
829	479	45	34
832	478	42	37
831	479	43	37
829	478	46	37
829	479	46	37
829	480	45	35
828	480	47	35
827	479	48	36
826	481	47	32
826	481	48	34
825	481	48	34
825	481	48	35
823	481	51	36
825	482	46	33
822	480	51	36
826	483	47	33
826	482	47	35
825	482	48	37
824	482	47	37
823	482	49	38
820	484	53	37
822	485	49	37
819	484	55	36
821	486	51	35
819	486	53	36
814	486	59	36
818	486	55	36
816	487	56	36
823	487	50	33
822	488	50	35
821	488	50	35
819	488	53	35
820	487	52	35
814	488	58	35
815	487	56	36
813	487	56	35
817	486	52	39
817	488	51	34
815	487	53	35
815	486	53	37
815	489	52	34
815	487	51	35
815	489	51	35
814	488	51	33
815	487	47	37
816	487	46	35
814	488	47	34
814	488	46	35
814	487	46	35
811	488	48	35
809	487	49	37
809	486	48	38
808	486	49	38
806	488	50	35
807	488	48	37
806	486	49	37
806	485	45	37
805	486	46	38
803	487	48	37
802	487	48	37
800	486	50	38
799	485	50	39
798	487	49	37
798	486	48	37
797	487	48	36
796	486	47	37
795	486	46	36
794	486	49	35
794	487	49	34
794	487	47	35
794	486	48	36
793	485	51	37
793	485	51	37
797	485	48	36
801	485	48	35
803	485	49	35
801	485	52	36
809	486	47	35
814	485	45	34
816	486	47	35
818	485	49	37
823	485	48	37
824	484	50	36
827	484	52	36
833	484	50	36
840	484	47	35
846	485	45	32
851	484	45	35
858	484	45	33
861	484	48	34
867	484	47	34
874	484	47	33
882	484	44	32
889	484	46	33
896	484	48	32
903	484	49	33
912	483	47	33
918	484	48	33
927	484	46	32
934	484	46	32
941	483	44	33
943	483	48	35
950	483	46	34
954	484	46	32
956	483	44	34
959	484	43	32
958	484	44	33
957	484	47	35
956	483	47	35
955	484	49	34
954	483	50	35
953	484	50	35
955	484	48	34
955	485	47	33
955	485	47	33
954	484	47	34
954	483	45	37
951	483	48	35
949	484	50	34
951	483	47	36
951	484	47	34
950	484	46	34
948	483	48	34
946	484	49	34
946	484	48	35
946	483	47	37
948	485	47	35
947	483	47	38
947	484	46	35
948	484	43	34
946	484	46	35
944	484	48	35
944	483	48	37
944	484	48	33
945	484	47	35
944	483	46	35
943	483	48	37
942	482	49	36
941	484	49	34
942	483	48	35
940	482	49	37
943	483	48	36
941	482	49	37
945	482	44	36
943	483	45	36
944	482	44	38
944	482	44	37
945	481	43	37
943	482	46	35
943	482	47	35
943	483	46	34
942	481	46	37
944	481	43	35
942	482	46	35
942	482	46	35
940	482	48	35
941	482	47	34
943	482	44	35
942	482	46	34
943	482	46	36
943	481	47	36
944	481	47	37
949	483	43	34
949	481	44	36
948	481	48	37
952	480	47	38
953	481	48	36
955	481	47	36
954	482	50	36
959	482	46	35
958	482	48	36
960	481	46	37
961	483	48	34
962	484	46	34
962	483	46	35
960	482	49	35
961	483	48	34
963	483	46	34
964	483	44	35
964	483	43	36
962	483	46	37
962	483	47	37
961	483	47	37
960	483	49	37
960	483	50	37
959	483	51	37
963	484	47	37
962	485	50	35
962	484	48	37
962	484	49	36
965	484	47	37
963	485	49	36
965	485	46	34
964	485	48	36
964	486	49	35
967	485	46	36
966	485	47	37
964	486	48	36
967	486	46	36
965	486	50	36
966	486	50	37
965	486	50	37
967	487	48	36
970	487	45	38
969	486	48	39
969	488	49	36
971	488	48	37
969	487	49	38
971	488	47	37
972	487	47	39
973	488	47	38
972	488	46	39
973	490	48	36
972	490	49	36
973	491	48	36
971	491	51	36
975	490	47	38
974	492	48	35
975	490	48	37
975	491	49	36
976	492	49	35
975	492	50	37
975	494	52	35
976	494	51	36
979	494	47	36
979	495	48	34
980	494	48	35
980	495	49	36
981	495	49	37
979	496	51	35
978	496	52	36
979	496	51	36
983	495	48	37
986	496	47	37
989	496	42	37
990	498	44	38
991	497	43	38
990	499	45	35
990	501	47	33
990	500	47	34
991	498	47	38
993	497	47	41
992	499	49	38
993	501	47	36
993	500	47	37
993	500	48	38
995	502	46	39
994	501	49	40
995	503	48	39
997	504	48	39
996	503	52	40
997	506	50	37
1001	505	49	38
1000	505	49	43
1002	505	49	39
1002	509	50	40
1006	511	48	36
1006	510	48	37
1004	511	52	40
1006	510	49	42
1007	510	48	42
1010	513	45	40
1007	512	49	41
1009	511	48	43
1010	512	49	42
1010	512	49	43
1013	512	47	42
1011	513	48	43
1010	512	50	43
1013	516	49	37
1014	514	50	42
1016	514	47	44
1017	513	46	48
1015	514	48	44
1015	518	48	39
1014	517	48	40
1012	519	46	40
1010	518	47	39
1006	517	45	41
1001	517	47	43
996	515	47	43
992	515	46	42
983	514	50	42
980	512	46	44
975	512	47	43
967	512	46	42
960	510	48	43
953	506	47	46
945	509	46	44
938	508	47	46
930	504	48	50
923	502	48	47
916	504	50	48
910	500	48	58
906	501	48	54
903	502	47	46
899	501	46	47
898	501	45	46
896	500	44	45
895	500	47	46
892	499	46	48
894	499	44	48
891	499	46	51
892	501	45	44
891	500	46	44
891	500	47	46
892	500	44	44
891	500	45	45
890	498	46	48
892	499	45	46
892	499	43	45
891	501	45	44
891	499	44	45
890	498	47	45
891	500	45	44
892	500	43	44
891	500	45	45
890	500	46	45
889	499	48	46
889	498	47	47
887	499	48	47
887	499	49	49
885	498	50	54
886	498	47	51
886	498	46	47
885	499	48	46
883	499	48	47
884	498	47	49
883	499	49	51
883	497	47	55
879	498	51	54
880	497	51	57
878	498	52	55
876	498	53	51
875	498	54	55
876	498	51	54
873	498	54	55
873	498	53	55
873	498	54	54
870	498	56	53
872	498	52	55
867	498	56	51
866	499	55	53
863	499	58	52
866	497	52	53
862	496	56	56
857	496	60	56
856	494	61	58
857	496	58	54
852	497	63	51
854	496	59	53
849	497	63	50
847	498	67	49
847	496	62	52
844	498	64	49
843	497	66	52
845	494	65	55
840	497	68	53
840	495	67	54
836	497	70	52
835	497	72	53
833	498	72	52
833	498	70	51
833	497	70	50
832	498	71	51
828	498	75	52
828	498	73	51
826	497	78	52
823	498	79	54
825	499	73	48
825	497	73	51
820	498	78	51
818	499	80	49
816	499	81	50
817	499	78	50
817	499	77	50
817	499	77	49
815	500	77	49
814	500	79	49
811	499	82	51
809	500	83	49
810	501	81	47
808	500	82	48
809	501	80	47
806	501	82	49
806	501	81	49
805	503	83	47
802	501	84	51
804	502	82	49
803	503	84	49
802	504	85	47
803	505	84	46
803	504	85	47
805	505	86	47
803	505	90	47
805	505	90	45
808	505	90	47
809	505	89	48
812	505	91	47
814	507	91	44
815	506	93	47
818	507	94	46
819	507	95	47
823	504	93	50
821	505	95	49
823	505	96	50
827	506	93	47
828	506	90	48
825	507	97	47
826	508	96	47
825	508	96	46
823	508	99	47
825	508	97	45
824	509	98	45
823	509	100	46
821	509	104	46
820	506	104	49
822	506	98	51
821	508	99	48
822	509	98	47
819	509	103	47
818	509	102	47
818	508	99	48
817	509	102	47
816	511	102	45
811	508	108	49
815	510	102	48
814	509	105	47
812	508	106	47
814	509	103	48
813	509	103	48
810	511	106	46
808	513	108	44
808	512	108	44
808	510	107	47
807	511	108	48
807	511	107	46
806	513	109	45
806	510	108	48
802	512	112	46
800	510	113	49
801	512	112	45
802	512	109	45
799	512	112	46
800	511	111	47
799	512	111	46
802	512	109	46
795	511	115	47
794	511	117	47
795	510	115	48
792	511	118	47
793	509	115	49
790	511	120	47
789	511	119	48
791	511	118	48
794	512	113	46
789	509	120	49
791	511	115	47
792	510	114	49
791	512	116	47
789	509	117	51
789	508	117	51
788	510	118	49
788	511	116	47
787	509	117	50
786	508	119	52
786	509	118	51
785	512	118	48
787	510	117	49
783	510	120	49
784	510	119	51
780	509	125	52
781	511	121	50
782	506	120	54
780	508	122	54
778	507	124	55
779	506	122	55
782	508	119	55
781	511	119	52
780	510	118	54
779	512	121	51
779	513	121	50
777	512	120	52
777	511	121	52
774	511	125	54
774	512	123	54
777	510	121	55
783	511	113	55
781	511	116	56
780	511	115	57
785	513	112	54
783	513	115	55
780	512	117	58
776	513	122	57
779	514	117	58
777	514	119	56
780	516	119	57
772	515	122	57
777	514	120	60
781	515	116	56
776	516	119	59
772	515	125	60
774	517	122	58
770	520	127	56
778	519	117	57
780	519	115	59
780	522	116	57
783	522	110	59
783	517	110	64
782	521	110	60
785	524	109	59
782	527	110	56
789	527	104	58
794	530	98	53
792	530	100	56
793	522	99	64
790	518	101	67
786	525	106	63
793	528	101	61
790	533	102	59
784	533	110	60
792	537	103	56
798	533	94	62
792	536	101	59
788	532	106	64
789	535	104	63
788	537	105	61
790	538	103	62
786	542	109	60
789	539	107	62
791	544	103	60
789	540	106	66
793	545	104	61
797	538	101	67
797	545	103	64
802	547	100	63
805	545	99	66
810	549	98	63
806	554	106	61
809	551	107	63
811	555	110	60
819	548	105	68
823	554	109	65
835	547	99	71
830	552	110	69
830	554	119	69
844	558	112	68
848	550	118	74
857	554	121	70
883	560	103	67
878	567	123	63
897	560	113	69
920	565	104	66
926	566	113	70
949	556	102	76
945	559	122	76
949	560	132	79
959	563	140	76
977	567	139	71
1009	572	121	71
1018	578	130	69
1037	575	127	73
1052	575	130	74
1071	581	129	70
1092	586	124	68
1115	579	118	75
1133	584	122	74
1155	585	112	75
1164	591	118	74
1191	585	106	78
1201	577	104	89
1203	588	115	81
