1044	518	47	41
1044	519	50	39
1046	519	47	39
1046	518	48	39
1046	518	47	40
1049	515	46	42
1048	519	47	38
1049	518	46	39
1049	518	48	38
1050	518	47	37
1051	517	48	39
1051	515	47	40
1052	515	46	39
1053	514	47	40
1052	514	50	40
1052	515	48	39
1055	513	47	41
1054	512	48	42
1054	513	49	41
1056	511	48	43
1055	512	49	42
1055	512	49	41
1057	516	47	37
1057	516	46	36
1057	513	46	41
1057	513	47	41
1057	512	49	40
1060	512	48	40
1059	511	51	43
1058	512	51	40
1061	512	48	41
1062	514	46	39
1061	515	48	37
1062	515	49	37
1062	512	50	40
1062	513	50	39
1064	516	48	35
1064	514	49	38
1064	513	49	40
1065	513	48	39
1066	516	47	36
1065	514	47	39
1064	514	46	38
1061	513	47	39
1058	510	49	44
1056	512	46	42
1052	514	48	41
1046	512	48	41
1042	513	47	40
1038	517	47	37
1035	516	48	38
1033	516	46	39
1030	516	48	39
1028	515	49	40
1026	518	47	37
1026	516	47	38
1025	517	48	38
1025	518	48	38
1025	517	48	39
1026	516	48	40
1026	518	46	37
1025	517	47	38
1025	517	49	39
1025	518	51	37
1027	517	49	38
1026	516	48	40
1027	516	48	40
1027	517	48	39
1029	517	47	39
1029	517	46	40
1030	517	46	39
1030	517	47	40
1031	517	47	39
1031	517	46	39
1031	517	48	41
1032	518	47	38
1032	519	46	38
1032	520	50	37
1033	521	48	36
1033	519	48	37
1033	518	46	39
1033	517	49	40
1034	518	46	40
1035	517	44	41
1036	518	46	42
1037	519	46	41
1038	518	45	41
1038	519	46	40
1036	519	50	40
1039	519	48	39
1040	519	46	39
1040	521	48	39
1040	520	47	39
1041	525	46	35
1042	526	45	34
1043	526	47	33
1043	523	46	37
1044	522	45	39
1042	521	49	40
1044	521	49	40
1043	520	49	41
1044	520	48	42
1045	518	48	42
1045	520	48	40
1046	520	49	39
1046	520	49	41
1046	519	49	41
1047	520	48	40
1047	519	49	41
1047	519	47	43
1048	520	45	41
1048	520	46	41
1049	520	46	39
1048	519	48	40
1047	518	47	41
1046	519	48	41
1045	519	49	41
1043	519	47	41
1040	519	50	40
1037	517	49	42
1030	518	49	40
1025	519	48	40
1016	518	50	41
1008	518	50	41
998	518	50	41
989	517	47	42
976	517	50	41
963	519	48	41
953	518	48	41
938	519	48	39
929	518	48	41
919	518	48	42
911	518	48	41
903	518	48	41
898	518	46	41
894	517	49	42
891	518	48	41
888	518	46	42
886	518	47	41
884	518	48	41
884	520	47	39
884	520	47	39
882	518	48	41
884	519	46	39
882	518	48	42
884	518	47	40
882	520	51	40
881	519	49	39
883	519	48	40
883	519	47	41
881	519	49	40
883	520	48	39
883	520	47	39
881	519	49	40
883	519	47	41
883	520	47	40
882	519	50	41
882	519	48	42
881	519	50	41
881	519	49	42
882	519	46	41
881	520	48	40
881	520	50	40
881	520	48	41
881	519	49	40
881	520	48	40
881	520	47	41
881	519	49	42
881	520	49	41
880	521	50	39
881	520	48	42
880	520	49	42
880	521	50	39
881	521	49	40
880	521	48	41
881	521	47	42
881	521	48	41
880	523	48	39
881	523	48	38
881	523	45	38
880	522	48	41
881	522	50	41
881	522	48	40
880	523	49	40
880	523	48	39
881	523	47	39
879	524	50	40
880	523	47	43
881	523	49	41
881	524	47	40
880	523	50	41
880	525	49	39
880	525	48	40
880	526	48	39
880	524	51	42
879	525	50	40
879	525	50	40
880	525	49	40
879	524	49	41
879	526	50	42
879	526	50	41
878	526	49	41
878	526	50	40
877	526	51	40
879	526	50	41
878	526	49	40
878	527	50	39
879	527	46	41
877	526	51	41
878	526	49	42
878	526	49	42
878	527	47	41
880	527	47	41
878	527	50	40
878	529	49	39
877	528	50	40
878	528	50	41
877	527	51	40
877	527	51	41
877	527	52	41
876	528	52	42
877	528	50	41
877	528	50	41
877	529	50	41
877	527	50	42
877	528	50	43
877	529	49	41
877	529	51	41
878	529	50	41
877	529	51	41
877	529	51	42
876	530	52	41
876	530	52	41
875	530	51	41
877	530	52	42
875	530	54	42
877	531	50	41
876	531	51	42
875	531	53	41
875	530	53	43
876	532	49	41
875	532	53	39
878	532	48	41
876	533	47	40
875	533	49	40
876	532	49	41
875	532	49	41
874	532	49	40
874	532	49	41
875	532	49	41
875	534	50	39
874	533	49	41
874	532	50	40
875	533	48	40
873	532	50	41
873	533	50	39
873	533	49	39
873	533	48	40
874	532	50	41
874	532	49	41
874	531	50	42
872	533	52	40
873	532	50	40
873	532	48	40
872	531	51	42
873	533	50	40
872	531	52	41
873	532	50	40
873	531	49	43
873	532	49	39
871	531	51	40
871	531	51	42
872	531	50	42
871	532	50	40
871	531	52	42
870	531	52	39
871	531	49	42
870	531	50	41
869	531	52	42
871	531	49	40
870	531	52	41
871	532	49	41
870	531	50	41
870	532	49	40
870	531	51	41
871	530	49	41
870	532	50	39
871	531	50	40
870	532	49	40
870	532	49	40
869	531	50	40
869	531	49	41
869	533	50	40
867	532	51	41
868	531	51	42
868	531	50	41
868	532	50	41
867	531	52	43
868	531	51	41
868	532	51	41
867	532	49	41
868	532	50	41
867	533	50	40
868	534	48	39
868	535	47	39
868	534	50	40
868	533	49	41
868	533	49	42
868	532	49	42
868	534	48	40
867	534	51	41
866	534	50	42
865	533	52	42
866	534	49	42
866	534	50	42
866	534	48	42
865	533	51	43
866	534	50	43
866	534	49	43
866	534	49	42
866	533	51	44
865	535	49	43
866	535	47	43
866	535	49	42
865	535	52	41
866	536	48	41
865	536	52	41
865	536	50	40
865	536	49	41
866	536	47	41
865	537	49	40
865	537	49	41
866	537	49	41
864	537	51	41
866	537	48	40
866	537	47	40
865	537	49	41
865	536	46	42
864	536	50	41
863	537	54	41
864	537	51	42
865	536	49	43
865	536	49	43
865	537	49	43
865	538	47	41
864	537	48	42
864	539	48	39
865	538	49	40
864	538	49	39
864	538	48	41
864	539	48	41
864	538	48	41
863	537	52	42
863	539	50	41
863	537	49	43
862	536	50	42
861	537	51	42
861	537	50	42
860	538	50	41
861	537	50	41
861	537	49	41
861	537	49	41
861	535	49	43
860	536	51	42
861	536	48	43
860	536	50	42
862	536	48	44
862	538	47	41
861	538	48	40
861	536	49	42
860	536	49	43
861	537	49	42
859	537	52	42
861	538	49	40
860	537	48	42
859	536	48	43
860	535	49	42
860	535	48	45
859	536	49	44
859	537	49	40
860	536	49	43
858	536	50	42
859	537	49	43
859	536	50	42
860	535	48	44
858	535	51	44
858	536	50	41
858	536	50	43
857	536	52	42
858	536	49	43
858	536	49	44
858	536	51	44
858	536	50	45
857	537	49	43
858	537	48	42
858	536	48	42
858	535	48	44
858	536	49	43
857	536	50	44
858	536	48	43
858	536	47	42
857	536	50	43
858	536	48	43
858	536	48	43
857	536	49	44
858	536	49	43
857	537	50	41
856	537	52	41
856	536	51	41
856	537	50	40
855	536	50	42
854	535	52	42
855	535	51	45
855	536	51	40
855	536	50	42
855	536	50	42
855	537	50	42
855	536	50	45
854	536	50	42
855	537	47	43
854	537	48	42
854	537	50	42
853	536	51	42
853	536	50	42
854	536	48	42
854	537	48	43
853	538	51	40
854	536	49	43
854	537	49	42
854	538	47	42
854	538	47	41
853	538	46	43
853	538	49	45
854	538	47	42
852	538	49	43
853	538	47	41
853	538	46	43
852	538	49	41
852	537	48	45
852	538	49	42
853	539	48	42
851	539	51	41
852	539	49	41
852	539	49	43
852	539	49	42
852	539	50	42
851	539	50	44
852	538	47	44
852	539	48	43
852	539	49	44
851	539	48	42
851	540	47	39
851	540	47	42
850	540	50	42
851	540	48	43
850	540	49	41
850	540	48	41
850	539	47	42
851	540	48	42
851	540	47	41
852	539	49	41
854	538	49	44
858	541	49	40
862	540	47	41
867	540	48	40
870	540	51	40
876	543	47	39
880	544	48	36
882	539	49	41
884	538	48	42
887	538	50	42
889	538	48	43
890	538	46	42
891	539	48	40
892	540	46	40
893	542	45	39
892	538	48	43
893	539	46	41
893	537	48	43
893	539	47	40
893	539	47	41
892	539	47	41
892	539	46	40
893	539	47	40
892	539	48	40
893	539	46	40
892	537	45	41
893	537	45	42
892	538	47	42
892	539	48	41
892	540	47	39
892	538	47	41
892	538	45	41
891	538	46	40
891	537	46	40
891	536	46	43
890	534	47	44
890	536	49	42
890	537	46	40
891	536	45	42
891	537	45	38
890	535	45	42
890	532	46	43
890	533	45	42
889	532	47	42
889	532	46	42
889	532	46	41
889	531	46	42
888	531	48	41
889	529	46	42
888	530	47	44
888	530	48	42
888	530	46	41
889	530	45	41
889	531	44	41
889	530	44	40
888	530	46	40
888	530	47	41
888	530	46	39
886	531	47	38
887	530	48	40
888	530	45	39
887	530	46	39
887	529	44	40
887	530	44	38
886	529	47	40
887	529	46	40
886	528	48	41
888	528	45	40
888	528	44	39
888	525	45	42
888	526	43	40
887	527	45	39
887	527	46	39
887	526	45	40
886	526	45	40
887	526	45	40
886	525	45	41
887	527	44	38
887	529	44	38
886	526	46	39
886	526	46	40
886	524	45	41
886	523	46	41
886	524	46	40
886	524	46	40
885	524	46	40
885	524	47	40
886	524	46	39
886	524	45	39
884	524	46	40
886	524	45	38
886	525	44	38
884	523	48	41
885	522	46	43
885	524	46	39
886	526	45	37
884	525	45	38
885	522	45	40
885	524	45	39
885	523	46	40
884	523	46	39
885	522	45	42
885	522	46	41
886	522	45	41
885	523	45	41
885	523	45	42
885	523	43	42
886	523	42	41
885	523	45	40
885	523	45	38
885	523	45	39
885	523	46	41
885	523	44	41
885	522	46	41
884	523	45	41
884	521	47	43
885	522	44	42
885	522	45	41
885	521	45	42
885	523	43	41
885	522	43	41
884	522	44	42
884	521	44	41
885	522	44	42
884	522	44	42
884	522	44	43
884	522	45	42
883	521	47	43
883	522	45	41
884	522	45	42
884	522	45	42
883	522	45	41
884	524	44	39
884	523	45	40
884	523	44	40
884	521	45	42
884	522	44	43
884	523	45	40
884	523	43	39
883	522	45	42
884	522	44	41
883	521	45	41
883	520	44	41
882	520	45	42
881	521	46	42
884	521	43	42
883	522	46	40
882	522	45	40
883	523	44	38
882	518	46	44
883	520	45	40
883	520	44	41
883	520	43	41
882	520	43	41
882	521	45	41
882	519	45	41
882	520	44	42
883	521	43	39
881	520	46	40
881	520	44	41
882	519	45	43
879	519	46	42
880	519	46	41
879	520	47	40
879	518	47	42
879	519	47	40
880	519	45	41
879	519	45	42
879	519	46	43
878	519	46	42
879	519	47	42
879	519	45	43
878	520	46	41
878	519	48	43
878	520	44	42
879	522	45	39
879	520	44	40
879	521	45	41
878	520	46	42
878	521	47	41
877	522	48	40
879	522	45	40
878	521	44	41
878	522	44	41
878	523	45	40
878	522	45	43
877	522	46	41
877	522	46	41
877	523	45	43
876	523	46	42
875	525	45	38
876	524	45	42
877	525	44	41
877	524	43	41
876	525	46	41
876	526	46	40
875	526	47	41
875	526	46	42
875	526	46	41
875	526	46	42
875	526	46	43
874	526	45	42
876	527	43	43
874	527	44	43
875	528	45	43
874	528	46	45
874	529	45	43
874	529	47	45
874	530	46	43
874	531	46	42
873	531	46	42
874	532	45	42
873	530	46	45
873	532	47	42
873	532	46	43
873	534	46	41
873	534	44	41
872	533	45	43
872	532	45	45
872	534	47	43
871	535	46	41
872	535	46	42
871	535	46	43
872	535	45	43
871	535	45	44
871	537	45	42
870	535	46	45
870	536	46	43
870	537	46	43
870	537	45	43
870	537	46	45
870	537	45	44
870	538	46	44
871	539	45	44
869	539	46	44
870	541	46	42
869	543	48	40
869	542	46	42
869	542	46	41
870	541	46	43
869	541	45	44
870	543	44	42
868	543	48	43
868	542	47	44
868	543	48	43
869	544	46	43
868	543	47	44
869	543	47	45
868	543	49	45
868	543	49	45
867	544	48	45
867	543	48	45
867	543	48	46
866	545	48	45
867	543	49	46
866	543	48	46
867	545	47	45
866	547	47	43
865	544	48	46
865	543	49	49
865	546	49	44
866	546	47	45
866	548	46	43
866	547	48	45
866	547	50	45
867	548	47	43
867	548	49	44
867	548	50	45
868	550	49	41
868	547	49	45
869	548	48	44
870	548	50	45
870	549	50	43
870	551	48	41
870	549	51	43
872	552	46	40
872	552	47	40
874	552	46	38
873	553	50	39
874	549	50	43
874	550	49	42
876	551	51	40
876	551	51	41
877	551	48	42
877	547	50	45
878	549	52	42
878	550	50	41
880	549	49	43
881	546	50	45
881	549	50	42
883	549	48	41
882	548	51	42
883	547	50	42
884	546	52	45
886	547	49	43
887	547	49	41
889	548	46	42
889	547	47	42
889	546	50	43
892	545	48	44
892	543	51	45
894	544	49	44
895	543	48	46
896	546	48	42
897	544	50	43
899	544	48	44
899	544	50	41
900	544	50	42
902	543	49	44
903	542	51	45
904	543	50	43
905	542	48	45
908	543	48	42
909	541	48	45
909	540	49	44
910	541	51	43
912	540	50	44
913	539	50	46
915	540	48	44
915	539	49	44
916	538	51	45
918	539	49	44
920	539	49	44
920	539	50	43
922	540	50	42
923	541	49	42
923	540	51	43
925	540	50	41
926	540	50	43
927	540	49	43
929	541	49	42
930	540	50	43
931	541	50	43
932	541	48	41
932	539	50	45
934	539	52	42
932	538	52	44
935	540	51	42
935	539	54	43
936	540	53	42
940	540	50	44
940	540	49	43
942	539	50	43
941	539	51	44
943	539	52	45
944	539	50	43
945	539	52	43
946	539	52	44
946	540	52	43
948	540	52	43
949	538	51	45
951	539	51	44
950	540	51	44
953	540	51	43
952	539	53	45
952	539	53	46
955	540	53	42
955	539	51	44
957	540	51	43
957	541	51	43
959	541	50	43
959	540	51	44
960	540	52	44
960	541	52	44
962	541	53	44
960	539	53	45
963	539	53	45
964	539	51	45
963	539	55	46
963	539	56	44
966	539	53	46
967	541	53	44
968	539	53	45
968	540	53	45
966	540	57	45
969	540	57	45
970	540	53	45
972	540	53	45
973	541	53	44
974	542	52	43
973	542	53	45
976	543	53	43
976	543	53	44
977	544	51	43
976	543	54	43
979	542	53	45
980	543	53	44
979	543	54	44
980	543	54	44
981	544	53	42
983	544	51	44
982	545	55	42
984	546	53	43
982	545	56	44
983	544	56	45
985	545	55	43
985	544	54	45
988	545	52	45
988	545	53	43
988	545	53	45
988	550	57	40
990	551	53	39
991	551	53	39
992	553	52	37
992	554	54	38
993	552	54	39
993	553	56	38
992	553	56	39
993	553	55	38
995	554	54	38
995	552	54	41
996	555	54	37
997	553	54	39
997	552	53	41
999	553	53	39
999	555	53	38
999	556	54	37
1000	556	53	38
1002	558	55	36
1003	560	53	33
999	553	57	41
1002	553	54	42
1004	554	52	41
1006	557	51	39
1006	558	53	39
1004	557	55	40
1005	559	55	38
1007	559	54	38
1009	561	51	36
1010	564	50	34
1010	559	52	38
1010	561	53	37
1010	564	54	35
1010	559	54	39
1011	561	54	39
1011	563	54	37
1012	564	53	37
1014	564	52	38
1014	566	54	35
1014	564	55	38
1015	567	52	36
1015	565	53	37
1014	566	54	37
1017	568	51	36
1017	567	52	37
1018	568	52	36
1018	571	53	35
1017	565	53	41
1016	566	56	40
1015	567	57	40
1017	569	56	39
1019	568	54	40
1021	571	53	38
1021	575	52	35
1020	574	53	35
1021	568	54	42
1022	573	52	39
1023	575	51	35
1024	575	50	37
1022	573	53	40
1023	576	53	38
1024	571	54	45
1023	573	54	43
1024	574	54	42
1022	572	56	44
1023	575	56	43
1025	577	53	42
1025	578	55	40
1026	580	54	38
1025	576	55	43
1024	580	55	39
1025	582	55	38
1026	580	54	40
1026	583	55	38
1026	585	55	35
1026	588	55	32
1025	585	57	37
1026	586	55	36
1026	586	54	36
1025	586	56	37
1025	585	55	39
1025	580	55	43
1024	585	55	39
1024	587	55	38
1024	581	55	43
1023	586	55	38
1022	583	58	41
1021	581	56	45
1019	581	58	45
1020	578	58	48
1019	579	59	47
1017	580	60	47
1017	581	59	47
1018	582	57	45
1016	584	59	44
1017	583	57	44
1017	589	55	37
1017	590	55	38
1015	585	56	42
1011	580	59	47
1013	584	56	41
1012	588	56	37
1012	589	57	37
1012	588	54	37
1011	590	54	35
1009	590	56	35
1009	591	55	34
1008	592	56	33
1007	588	55	36
1007	587	54	38
1005	589	56	37
1004	583	56	42
1003	586	55	40
1003	593	55	33
1000	592	57	33
1001	591	56	34
1001	595	54	28
998	595	54	30
998	595	52	29
997	593	56	32
996	592	55	34
995	588	56	39
993	582	58	44
992	579	59	47
992	579	57	47
992	578	57	48
992	581	56	44
990	583	57	43
989	577	61	49
991	579	55	47
990	585	56	42
988	580	59	46
987	582	60	44
988	585	57	41
989	588	56	36
988	583	57	43
986	588	58	37
986	586	59	40
984	580	59	47
986	585	55	43
986	589	56	38
986	589	57	40
985	590	56	42
986	592	57	41
985	593	56	40
985	597	59	35
985	593	58	37
985	595	57	35
982	592	59	40
983	599	58	31
984	600	57	31
983	596	56	34
984	595	57	33
984	591	56	38
983	591	56	37
983	587	56	37
982	589	56	37
981	588	55	37
980	587	56	36
979	586	55	35
979	585	55	33
978	582	58	37
979	578	56	40
979	576	56	43
976	571	59	49
975	572	60	47
976	571	59	49
976	574	58	46
976	575	58	45
976	577	59	43
976	580	58	39
976	583	57	37
976	585	56	34
976	588	55	31
977	587	55	34
978	589	54	34
977	589	55	33
978	590	55	31
978	588	54	36
978	589	55	34
976	591	58	34
976	589	56	35
977	589	56	36
976	591	55	33
977	590	56	35
977	590	56	36
976	588	56	37
977	593	56	32
976	591	55	34
976	595	56	30
976	597	54	29
974	592	55	35
976	588	55	38
974	593	56	34
974	595	56	32
973	591	58	34
974	593	55	32
973	592	55	35
972	591	56	34
972	594	55	31
971	593	57	33
971	596	55	30
969	593	57	34
971	595	55	31
970	593	54	34
969	593	57	35
968	590	56	38
967	588	56	39
965	592	58	34
966	590	55	36
966	591	56	38
966	592	54	35
966	593	53	33
965	592	55	36
965	591	55	36
964	591	55	35
963	591	54	36
963	593	54	34
962	591	55	36
963	589	54	38
963	595	55	33
962	592	53	35
962	595	54	34
962	597	53	30
960	595	55	33
960	593	54	36
961	598	53	33
960	600	54	30
960	599	55	31
960	600	55	30
959	597	55	35
961	601	55	31
961	602	53	31
960	602	54	29
959	601	54	34
959	600	55	33
959	601	55	33
960	603	53	32
958	604	54	30
959	604	53	29
957	604	53	32
958	603	54	34
957	603	55	32
958	603	53	34
957	605	53	32
957	604	54	34
957	604	54	34
956	604	55	35
957	604	55	35
957	606	55	32
955	605	57	35
956	605	55	34
956	608	54	32
954	604	56	37
955	600	56	41
954	606	58	35
954	606	57	36
954	603	57	40
954	604	56	37
954	601	57	41
955	609	56	34
955	608	55	35
954	607	55	34
954	608	54	35
955	608	55	35
953	605	57	39
954	607	55	39
953	604	58	41
950	597	62	49
951	601	58	46
953	606	57	42
952	603	58	45
952	605	56	41
952	603	57	45
951	604	58	45
949	604	59	45
947	602	65	47
946	603	64	46
949	602	59	49
952	605	58	46
951	608	58	44
950	603	60	48
950	606	57	46
945	604	63	46
945	605	64	47
943	603	65	50
946	606	62	47
945	604	63	49
940	604	69	49
948	602	61	50
944	603	65	50
951	612	55	43
953	617	52	37
952	619	54	33
952	619	52	34
951	620	54	35
952	624	52	30
950	624	53	31
951	624	54	30
950	625	53	29
949	624	54	31
950	624	53	33
949	625	55	31
950	626	53	30
951	624	49	33
950	625	51	33
949	624	52	33
950	628	50	31
948	628	52	30
948	628	51	32
948	628	50	32
948	629	49	34
947	627	53	37
946	628	55	37
947	630	54	35
948	632	52	32
947	631	51	33
945	634	53	29
946	632	51	31
947	632	49	33
947	632	51	35
946	631	51	37
945	633	51	35
946	634	50	34
946	635	49	34
945	635	49	32
944	634	49	31
944	636	49	30
944	634	48	32
943	633	49	32
943	632	48	33
942	631	48	32
942	632	46	32
941	629	47	33
940	627	48	35
939	627	46	32
939	626	47	33
938	626	46	33
938	626	42	30
936	624	44	32
936	624	42	31
933	623	44	33
933	623	46	32
934	622	44	31
932	622	44	31
933	622	41	31
932	621	43	33
931	621	44	31
930	622	42	31
930	618	42	34
930	620	42	33
929	621	43	32
929	618	43	36
928	619	42	32
929	619	41	31
928	620	39	28
928	618	41	32
927	618	40	30
927	617	41	33
925	617	42	33
925	616	40	33
924	615	40	33
924	616	38	34
924	616	40	34
923	615	39	33
924	617	38	31
922	616	40	32
923	615	37	36
923	615	38	33
922	615	38	32
922	616	37	31
920	615	38	31
921	614	38	32
920	615	38	33
919	615	36	33
918	615	37	33
917	615	36	32
916	614	38	29
916	614	35	31
915	613	36	32
915	613	37	32
915	614	35	32
915	616	34	29
914	615	34	30
914	614	32	32
913	615	33	32
913	616	32	32
911	614	36	35
911	613	35	36
910	614	34	35
910	616	35	34
911	616	35	32
911	617	33	31
910	618	34	31
910	617	36	29
910	617	35	30
911	616	34	33
911	618	34	31
911	618	35	31
911	619	34	29
910	618	35	31
911	618	35	31
911	620	35	30
911	620	33	28
911	619	32	30
910	619	34	31
910	619	33	32
907	619	35	32
907	618	36	32
906	618	37	33
905	617	36	33
903	616	37	35
905	617	35	33
902	617	38	34
902	616	36	33
901	618	35	31
899	618	35	31
900	619	34	29
899	619	34	28
897	619	35	29
896	619	35	31
896	614	33	36
894	618	36	31
893	617	34	31
892	616	34	34
889	617	36	32
887	617	36	32
886	618	36	31
885	616	36	33
884	617	36	32
882	615	36	34
881	617	36	32
879	617	37	34
877	616	38	32
874	615	38	33
869	614	41	33
865	614	42	34
864	612	39	35
862	612	38	32
861	613	36	30
859	611	36	36
859	612	37	32
859	614	35	34
859	613	36	35
858	611	35	37
860	611	36	38
859	613	36	37
857	611	38	38
859	612	35	38
859	612	36	37
859	612	37	37
859	614	37	36
858	615	39	34
859	614	38	36
861	614	37	39
861	613	37	39
861	615	37	37
861	615	35	36
860	616	36	36
861	615	36	36
859	616	36	38
860	614	37	36
859	613	37	36
858	612	36	38
858	614	36	36
857	616	34	32
856	614	38	36
856	612	38	36
853	613	38	36
852	611	39	37
851	612	38	35
849	612	38	34
848	612	37	34
847	610	37	36
845	609	37	37
843	608	38	37
845	608	36	37
842	608	39	35
842	608	38	36
842	608	37	35
843	609	37	36
841	609	39	35
842	609	37	34
842	609	37	35
842	608	37	36
841	609	36	35
843	608	36	37
843	609	35	35
844	608	36	37
843	609	37	36
844	610	35	36
844	610	37	37
844	612	35	35
844	611	37	36
842	613	39	34
844	612	37	37
845	615	36	34
844	615	36	35
845	615	37	36
845	615	36	39
845	615	36	40
847	617	35	36
847	620	33	35
847	622	36	34
847	623	33	32
848	622	33	34
847	623	35	34
848	624	35	34
848	626	35	33
848	624	35	36
847	625	35	36
847	626	37	35
847	624	36	37
847	626	36	35
848	626	36	35
848	625	35	36
847	625	36	36
847	625	37	38
847	627	37	35
849	625	34	36
849	629	34	32
846	627	38	36
847	627	39	35
848	629	36	35
850	630	34	34
850	629	35	34
850	630	35	33
849	630	35	34
850	630	36	34
850	630	36	33
851	631	34	33
851	631	33	33
851	631	35	33
851	631	35	36
850	632	37	34
851	632	35	32
852	632	33	33
852	633	34	30
853	633	33	30
854	632	34	30
854	633	32	30
854	631	34	33
854	632	35	32
856	632	33	31
856	630	33	35
855	631	34	32
856	631	33	33
857	631	32	33
856	632	33	32
858	632	32	32
858	633	34	31
857	632	33	30
859	633	33	30
859	633	32	30
859	633	33	29
859	632	32	31
860	633	31	28
860	633	31	28
860	634	31	26
861	634	32	25
860	632	31	29
860	632	32	30
861	631	31	29
862	632	31	27
862	632	32	29
863	632	32	27
864	635	30	27
864	631	31	32
864	631	31	31
864	631	31	31
865	631	30	29
866	630	29	30
865	631	31	29
866	632	29	28
866	629	31	31
867	631	30	27
868	631	29	28
868	631	28	28
869	631	29	30
868	632	31	28
871	631	27	28
872	631	26	26
873	630	26	28
873	633	26	24
873	633	25	24
872	632	26	26
875	631	25	27
875	630	25	29
875	628	27	29
874	629	28	29
876	630	28	28
877	631	27	27
879	631	25	29
880	630	27	29
879	629	28	31
882	631	24	28
882	632	26	27
882	632	27	28
882	630	27	30
883	630	27	31
883	631	27	27
884	631	27	27
883	630	28	28
885	631	26	30
884	631	27	29
883	632	28	28
885	631	26	30
885	632	27	28
886	632	26	28
886	631	26	30
885	632	26	28
884	632	26	27
881	635	26	22
884	638	24	20
883	639	21	18
882	639	19	16
884	639	19	16
882	639	20	16
879	639	23	18
879	637	20	19
881	639	17	16
882	640	17	15
883	640	15	15
884	640	15	15
884	640	14	14
884	640	15	14
884	640	14	15
884	642	14	14
886	640	16	15
886	640	16	16
887	640	16	15
888	640	16	15
889	640	15	15
890	641	16	15
891	640	16	15
891	641	15	14
892	640	15	15
893	642	15	13
894	642	14	13
895	642	15	14
895	643	14	13
896	643	15	13
898	641	14	13
903	642	11	12
899	642	13	13
900	641	12	13
899	641	13	14
897	641	14	14
897	639	15	16
896	639	15	14
897	637	14	13
895	637	13	12
895	637	12	12
895	639	13	14
895	639	13	14
895	639	13	14
895	639	13	14
895	639	13	14
895	639	13	14
895	639	13	14
895	639	13	14
895	639	13	14
895	639	13	14
896	640	15	12
896	640	15	12
896	640	15	12
896	640	15	12
896	640	15	12
896	640	15	12
896	640	15	12
896	640	15	12
896	640	15	12
896	640	15	12
896	640	15	12
896	640	15	12
896	640	15	12
896	640	15	12
896	640	15	12
896	640	15	12
896	640	15	12
896	640	15	12
896	640	15	12
896	640	15	12
896	640	15	12
896	640	15	12
896	640	15	12
896	640	15	12
912	641	13	13
911	640	13	13
911	640	15	15
909	640	13	15
909	639	15	15
908	639	14	16
908	639	14	17
907	638	14	17
907	639	15	15
905	640	14	15
906	640	14	14
905	640	15	15
903	639	13	15
903	639	13	15
903	639	14	16
903	639	13	14
901	640	11	12
900	639	11	13
899	639	13	11
897	639	14	11
902	635	12	12
902	635	12	12
902	635	12	12
902	635	12	12
902	635	12	12
902	635	12	12
902	635	12	12
902	635	12	12
902	635	12	12
902	635	12	12
902	635	12	12
902	635	12	12
902	635	12	12
902	635	12	12
902	635	12	12
902	635	12	12
902	635	12	12
902	635	12	12
902	635	12	12
902	635	12	12
902	635	12	12
902	635	12	12
902	635	12	12
902	635	12	12
902	635	12	12
902	635	12	12
902	635	12	12
902	635	12	12
902	635	12	12
902	635	12	12
902	635	12	12
902	635	12	12
902	635	12	12
902	635	12	12
902	635	12	12
902	635	12	12
902	635	12	12
902	635	12	12
902	635	12	12
902	635	12	12
902	635	12	12
902	635	12	12
902	635	12	12
902	635	12	12
902	635	12	12
902	635	12	12
902	635	12	12
902	635	12	12
902	635	12	12
902	635	12	12
902	635	12	12
902	635	12	12
902	635	12	12
902	635	12	12
902	635	12	12
902	635	12	12
902	635	12	12
902	635	12	12
902	635	12	12
902	635	12	12
902	635	12	12
902	635	12	12
902	635	12	12
902	635	12	12
902	635	12	12
902	635	12	12
902	635	12	12
902	635	12	12
902	635	12	12
902	635	12	12
902	635	12	12
902	635	12	12
902	635	12	12
902	635	12	12
902	635	12	12
902	635	12	12
902	635	12	12
902	635	12	12
902	635	12	12
902	635	12	12
902	635	12	12
902	635	12	12
902	635	12	12
902	635	12	12
902	635	12	12
902	635	12	12
902	635	12	12
902	635	12	12
902	635	12	12
902	635	12	12
902	635	12	12
902	635	12	12
902	635	12	12
902	635	12	12
902	635	12	12
902	635	12	12
902	635	12	12
902	635	12	12
902	635	12	12
902	635	12	12
902	635	12	12
902	635	12	12
902	635	12	12
902	635	12	12
902	635	12	12
902	635	12	12
902	635	12	12
902	635	12	12
902	635	12	12
902	635	12	12
902	635	12	12
902	635	12	12
902	635	12	12
902	635	12	12
902	635	12	12
902	635	12	12
902	635	12	12
902	635	12	12
902	635	12	12
902	635	12	12
902	635	12	12
902	635	12	12
902	635	12	12
902	635	12	12
902	635	12	12
902	635	12	12
902	635	12	12
902	635	12	12
902	635	12	12
902	635	12	12
902	635	12	12
902	635	12	12
902	635	12	12
902	635	12	12
902	635	12	12
902	635	12	12
902	635	12	12
902	635	12	12
902	635	12	12
902	635	12	12
902	635	12	12
902	635	12	12
902	635	12	12
902	635	12	12
902	635	12	12
902	635	12	12
902	635	12	12
902	635	12	12
902	635	12	12
902	635	12	12
902	635	12	12
902	635	12	12
902	635	12	12
902	635	12	12
902	635	12	12
902	635	12	12
902	635	12	12
878	627	13	12
878	627	13	12
880	626	12	12
882	623	13	9
882	623	13	9
882	623	13	9
883	625	12	12
884	626	12	13
887	624	14	15
888	624	14	17
888	623	15	16
889	624	13	16
892	623	12	13
892	623	12	13
892	623	12	13
896	625	14	15
897	625	13	15
899	626	13	14
901	627	11	12
903	627	11	13
904	627	10	13
906	628	11	13
907	628	11	13
908	628	11	15
910	628	12	14
911	627	14	17
913	628	13	15
915	629	14	16
918	631	15	15
921	632	14	15
925	634	14	16
927	635	15	16
929	634	14	16
930	637	13	17
928	638	15	16
933	638	13	16
934	639	12	15
931	638	15	17
935	639	13	16
935	639	14	16
936	640	13	15
935	639	13	16
934	638	14	16
934	639	14	14
932	639	14	14
931	639	14	14
929	638	14	13
928	638	13	14
927	638	14	14
927	637	12	13
926	639	11	12
924	638	11	14
924	638	11	13
923	639	12	13
922	639	12	14
922	639	12	14
921	640	13	15
921	640	12	14
920	642	13	14
920	642	13	14
919	644	13	12
918	644	12	12
918	644	11	12
919	645	10	11
918	645	10	10
917	646	10	9
917	647	10	10
915	647	12	10
914	646	13	12
914	645	13	14
913	646	13	14
912	646	14	14
913	646	13	16
911	646	14	16
911	647	12	17
911	644	11	20
911	642	10	22
910	642	11	21
910	643	10	20
909	645	11	17
907	645	13	16
906	646	14	14
905	645	13	15
905	645	12	13
905	648	15	14
905	647	15	16
903	649	17	16
902	648	16	16
903	648	13	16
903	650	11	14
902	650	13	14
902	654	11	12
902	655	11	12
901	655	11	15
902	656	10	12
903	657	10	11
900	659	11	12
901	658	11	13
899	659	13	13
898	661	14	12
899	662	14	11
898	662	11	11
898	663	10	12
897	664	10	14
895	664	11	13
896	664	10	14
897	667	11	12
897	664	14	14
896	669	14	12
895	669	15	11
896	670	12	11
895	670	10	10
897	671	11	9
895	671	10	9
895	671	10	10
895	671	11	11
895	671	8	9
895	672	8	9
895	671	9	10
895	671	8	9
895	671	10	10
895	670	11	12
894	669	10	12
895	670	12	11
895	669	9	11
895	671	8	11
895	669	9	13
894	668	9	13
894	666	10	15
894	667	9	15
894	668	9	14
893	667	10	13
893	667	10	13
892	665	11	14
892	665	11	14
892	662	14	15
893	663	13	14
894	665	10	15
894	663	9	16
894	664	11	14
894	664	11	14
894	661	11	13
893	662	11	11
892	661	10	12
893	662	10	12
893	660	9	11
893	659	11	9
893	660	10	11
893	658	10	13
894	655	9	16
893	653	10	15
893	653	10	15
889	650	10	15
889	650	10	15
894	651	11	15
894	651	11	15
894	651	11	15
894	651	11	15
888	648	13	13
888	648	13	13
888	648	13	13
894	645	10	13
894	642	11	14
894	640	11	17
895	642	10	15
895	642	10	15
895	642	10	15
895	642	10	15
896	635	8	15
896	635	8	15
896	635	8	15
896	635	8	15
896	635	8	15
903	659	9	12
903	659	9	12
918	655	9	10
915	654	11	10
915	654	11	10
915	654	11	10
898	677	12	12
890	678	15	14
890	675	15	13
890	674	16	15
890	672	15	15
890	669	16	16
890	669	16	14
890	666	16	14
890	665	16	14
891	664	16	13
892	663	15	14
891	661	16	15
892	659	16	15
892	659	17	14
893	658	16	14
894	657	15	14
894	657	15	18
893	650	16	21
893	647	15	25
894	646	14	28
893	646	15	26
893	646	15	24
893	647	15	22
893	647	15	19
894	646	15	19
894	648	14	16
894	649	15	16
894	649	16	16
894	649	15	16
894	649	16	18
895	650	15	18
896	653	15	17
896	652	16	18
897	653	15	19
898	655	15	20
898	655	16	23
899	656	16	23
900	658	16	22
900	658	16	23
902	661	16	22
901	661	19	23
902	664	17	21
903	667	16	18
903	667	15	17
903	669	16	15
904	669	16	14
904	670	17	13
904	669	17	15
905	670	16	14
905	670	16	14
905	669	16	16
904	669	17	15
905	669	16	15
905	669	17	16
905	668	17	15
906	668	16	14
906	667	16	16
906	667	16	15
906	667	17	14
907	666	16	14
908	666	16	13
907	665	16	15
907	664	17	15
908	664	17	14
908	663	16	15
908	662	17	15
908	662	16	15
908	661	16	15
909	662	15	13
909	661	16	14
909	660	16	14
909	660	17	13
910	658	16	15
909	657	17	15
910	657	16	14
909	655	16	14
910	653	16	15
910	653	16	15
911	653	15	14
912	652	16	15
911	651	17	16
911	649	17	15
911	647	17	16
912	647	16	15
912	646	17	15
913	645	17	15
913	643	16	16
913	642	17	16
914	641	15	14
914	640	16	14
914	639	16	13
915	638	16	13
916	637	16	14
916	636	16	14
917	634	16	15
918	633	16	15
919	632	16	15
919	629	16	16
918	626	16	19
919	623	16	23
918	616	16	27
918	614	16	33
919	611	15	34
917	607	18	31
919	609	23	27
918	606	25	28
918	606	29	31
917	605	31	36
917	606	30	33
916	602	33	39
917	598	33	45
917	598	32	44
916	596	32	48
919	597	32	42
919	597	33	46
920	597	31	48
920	594	32	50
920	597	32	47
922	596	33	47
922	598	32	42
921	599	32	42
921	598	33	43
922	596	33	47
923	595	32	48
923	593	32	50
922	596	34	44
923	594	36	48
926	591	33	52
926	588	32	54
928	588	32	55
928	586	35	58
929	582	32	62
929	585	33	60
928	587	35	55
928	586	35	58
932	577	30	65
933	574	29	66
935	573	26	69
934	570	30	72
936	570	26	70
940	571	24	67
937	572	27	68
933	571	33	68
935	571	31	66
935	569	32	69
934	571	33	67
934	575	33	63
939	572	29	65
937	572	31	65
936	568	33	68
937	570	32	66
937	574	32	61
937	573	34	61
938	572	34	62
938	575	34	60
936	575	37	58
936	575	37	57
938	574	35	58
937	576	37	52
937	577	39	48
937	576	39	51
938	567	37	57
940	568	35	57
940	568	35	57
939	569	38	54
939	569	37	55
940	567	36	58
942	557	34	68
942	561	35	63
943	561	36	64
944	562	35	62
945	555	35	69
945	555	35	70
946	554	34	72
945	555	36	70
947	551	34	74
948	555	35	70
947	558	36	68
952	548	32	78
952	548	31	80
951	553	34	75
960	547	24	81
961	549	24	80
963	550	21	80
965	552	21	80
965	551	22	82
962	555	26	77
966	553	21	82
968	556	22	79
968	558	22	80
968	558	24	81
962	560	31	79
958	570	37	71
957	569	40	74
960	567	37	77
959	572	39	72
960	574	39	72
960	576	40	73
962	575	39	73
964	578	37	73
963	575	40	78
961	579	42	74
963	581	40	74
963	580	41	74
964	583	40	73
961	584	44	73
961	583	45	75
960	583	45	77
960	584	46	78
962	588	41	77
963	585	41	81
963	579	41	87
962	583	42	84
960	581	43	87
961	587	42	83
958	585	44	85
959	586	41	86
956	593	44	82
955	591	45	84
954	594	45	83
951	596	49	83
950	593	46	85
949	594	47	87
945	599	49	84
943	599	49	84
942	600	49	84
938	599	49	87
937	602	47	86
935	603	50	86
932	605	51	84
933	605	47	87
935	602	44	91
929	606	49	90
931	608	47	90
928	609	50	92
927	609	49	91
928	609	49	96
928	607	48	97
928	607	48	100
928	615	49	94
926	615	50	95
925	612	53	101
926	616	50	99
927	620	49	94
926	622	52	96
927	622	49	99
926	622	52	101
924	624	52	101
925	622	53	106
923	622	55	107
924	621	54	109
924	625	54	109
924	626	53	108
924	630	53	107
923	634	52	105
922	635	53	106
924	629	52	116
925	629	52	117
923	634	55	115
922	636	55	114
921	641	56	111
923	636	55	117
921	634	56	121
919	640	58	117
920	641	58	118
921	642	57	118
922	640	56	121
924	632	54	133
923	638	56	125
922	637	58	127
920	647	61	121
922	646	59	123
922	646	59	124
922	645	58	125
921	651	62	121
926	648	55	126
921	649	62	124
921	650	62	125
922	648	61	130
919	656	65	124
923	649	60	130
924	650	60	132
925	643	59	141
922	649	65	137
921	650	66	135
921	651	64	137
923	655	64	134
922	661	64	129
923	663	63	128
924	661	62	133
925	660	63	135
925	660	65	136
926	655	64	139
926	654	65	142
927	656	65	142
927	661	65	138
927	662	65	139
930	651	65	150
931	656	62	147
934	653	60	150
933	656	59	147
933	668	62	137
933	677	62	130
933	679	62	129
932	678	64	130
934	681	63	128
936	678	62	133
937	684	63	125
942	659	58	140
939	670	62	142
937	684	64	130
940	666	62	144
941	670	62	142
939	679	65	138
941	683	61	132
940	663	66	153
942	669	64	149
944	677	62	141
940	683	68	136
952	661	57	148
947	676	64	139
944	684	68	126
949	662	61	134
950	675	61	131
948	680	63	125
952	661	60	141
952	676	63	130
950	676	67	127
952	656	67	145
952	668	65	136
957	654	60	143
957	666	61	135
959	653	58	142
960	637	55	149
959	646	61	149
959	634	61	137
962	649	59	122
962	656	59	132
962	642	60	132
963	631	65	128
966	642	64	125
971	625	57	126
969	634	58	123
968	643	61	126
969	632	62	120
970	639	71	126
972	634	71	117
974	637	70	114
975	623	66	118
973	631	77	128
984	608	65	138
988	619	61	139
982	631	74	125
991	606	61	142
987	610	70	152
990	610	69	153
986	622	78	144
984	623	89	138
981	626	104	123
985	625	97	115
986	622	103	114
988	620	88	120
991	622	77	123
992	622	72	135
997	605	66	128
996	606	67	122
997	612	70	132
998	586	73	138
1000	599	75	128
999	607	76	120
1001	608	72	104
1003	608	67	88
1000	606	68	85
999	606	67	69
1004	607	59	54
1006	606	60	51
1006	604	60	54
1007	598	60	59
1004	593	66	63
1009	594	57	60
1003	591	64	58
1000	585	63	60
1011	591	66	51
1014	591	57	51
1012	585	59	52
1009	580	61	54
1018	582	51	54
1016	580	55	54
1015	581	54	47
1022	579	49	45
1022	579	50	39
1022	575	49	41
1022	573	50	39
1023	571	49	36
1026	572	45	31
1027	570	38	26
1027	569	36	23
1030	567	31	21
1031	566	26	21
1031	563	27	19
1033	562	26	18
1032	557	26	20
1032	554	30	21
1033	552	27	20
1035	551	26	19
1037	550	26	17
1038	546	27	18
1038	542	26	19
1038	540	27	18
1038	535	28	22
1039	528	26	28
1039	525	26	30
1041	520	26	31
1041	515	31	34
1040	516	30	28
1042	512	26	30
1043	509	25	28
1043	511	26	24
1044	513	26	22
1046	513	26	21
1047	514	26	20
1048	515	26	21
1049	514	26	22
1050	514	29	24
1052	517	26	22
1052	517	27	21
1053	519	27	21
1053	521	29	18
1054	520	29	19
1054	521	30	22
1054	520	32	23
1054	520	32	25
1054	520	30	24
1055	521	28	22
1053	521	31	22
1053	522	29	19
1053	523	29	19
1052	523	28	18
1050	522	29	22
1050	524	28	18
1048	525	28	18
1048	524	28	19
1045	526	28	18
1044	526	29	20
1042	527	31	19
1040	526	31	21
1038	527	30	20
1036	529	29	18
1034	530	28	18
1031	529	30	19
1028	529	29	19
1025	531	31	19
1022	531	30	20
1020	531	29	21
1018	533	29	22
1014	534	29	20
1011	536	29	20
1006	536	31	18
1002	537	30	18
996	538	32	18
990	538	32	20
986	539	32	18
981	540	33	17
978	540	33	19
974	541	32	18
971	541	31	20
969	542	31	20
966	543	33	22
966	544	31	22
964	545	32	23
964	548	32	21
962	548	32	23
962	550	33	24
963	553	33	23
963	554	33	24
963	557	33	22
964	560	33	22
963	561	33	23
962	563	34	22
962	565	35	22
962	566	34	22
962	568	35	20
962	568	34	22
961	570	35	20
962	570	33	22
961	571	34	22
961	573	33	20
961	574	33	21
961	575	32	21
960	573	34	26
960	575	33	26
959	571	36	31
959	572	35	29
960	574	34	26
959	576	34	25
958	576	34	24
958	577	34	23
958	579	34	23
958	581	35	23
958	583	34	21
959	583	34	22
959	583	33	24
959	585	34	22
958	584	35	24
958	584	34	24
957	584	35	24
957	584	36	24
957	584	36	23
957	583	35	26
956	583	36	24
956	584	35	22
956	583	35	23
955	581	36	25
955	582	36	22
954	581	36	24
955	580	37	24
955	579	36	25
954	577	38	25
954	577	37	25
954	575	39	24
953	573	38	23
953	570	38	25
953	569	40	24
953	567	39	25
954	564	38	24
954	563	38	25
953	561	39	25
953	558	39	25
953	558	40	23
953	556	40	24
953	554	40	25
953	552	41	24
954	550	39	25
954	548	39	25
954	546	39	24
954	543	39	25
955	542	39	25
955	539	40	26
955	537	41	25
954	534	42	27
955	532	42	26
955	530	41	25
956	526	41	25
956	524	41	25
956	522	42	25
956	519	42	26
957	515	42	29
957	513	43	26
958	510	42	26
959	509	44	26
960	509	44	26
961	509	44	27
962	509	44	27
963	511	44	27
963	511	45	28
963	512	46	29
963	514	47	26
964	516	45	25
963	516	47	27
963	517	47	27
965	518	47	27
965	519	47	28
966	520	47	30
967	523	46	29
966	524	48	28
966	525	49	29
967	527	48	29
967	527	48	30
966	529	49	32
967	530	49	31
969	534	47	30
969	533	48	33
968	536	49	32
968	540	49	33
967	539	51	36
969	542	51	34
970	546	50	30
969	545	51	34
970	549	53	31
971	552	50	31
972	553	51	30
971	554	52	34
972	555	52	34
972	556	53	35
975	559	53	33
974	561	55	34
976	563	55	33
977	564	57	33
979	563	54	38
978	565	57	38
979	567	58	35
982	568	55	35
984	569	55	36
986	571	58	36
987	571	56	37
992	574	55	36
992	574	56	38
996	574	54	39
1000	576	53	35
1001	579	55	37
1004	579	54	38
1005	579	56	36
1008	579	55	38
1010	581	56	38
1015	581	55	38
1017	583	54	37
1018	583	59	37
1022	582	56	40
1025	584	56	38
1028	585	57	36
1032	587	55	33
1032	586	57	38
1038	583	55	39
1039	582	55	43
1044	582	55	42
1047	584	56	39
1052	584	53	38
1056	583	55	38
1059	582	54	38
1062	581	53	39
1066	582	52	37
1070	581	54	38
1075	581	52	38
1077	579	53	42
1080	580	53	39
1086	577	51	35
1089	579	53	35
1093	577	51	39
1099	576	49	39
1102	574	50	36
1105	574	51	35
1110	573	49	38
1113	573	51	36
1116	573	50	36
1122	573	51	37
1125	571	49	36
1128	568	50	38
1133	567	49	39
1135	566	51	39
1139	564	52	37
1143	561	50	39
1148	561	48	38
1150	560	49	36
1157	559	48	37
1160	558	48	34
1164	556	47	35
1168	554	46	34
1171	552	47	35
1176	551	44	33
1178	549	46	34
1182	548	45	33
1184	546	47	33
1189	545	45	34
1194	544	43	32
