1003	865	156	212
1006	870	161	209
1000	865	172	209
999	865	167	213
1000	863	161	213
1004	860	156	211
998	857	163	213
1001	857	162	210
1004	860	156	211
999	863	164	210
1006	859	156	204
1004	856	154	213
1000	857	167	208
1007	853	153	206
1004	858	155	207
1000	849	162	207
1002	856	158	201
996	854	163	199
1005	849	148	199
1006	846	145	202
1007	843	145	201
1006	841	145	198
999	842	153	196
1000	839	150	194
1007	836	146	187
1005	840	147	189
1008	839	143	190
1004	836	142	183
1008	839	137	181
1010	841	131	173
1006	839	141	169
1008	835	133	171
1007	840	138	174
1008	834	133	169
1006	836	137	170
1007	836	135	166
1005	837	133	162
1012	833	131	166
1008	831	129	166
1010	829	135	168
1006	833	135	161
1004	830	135	163
1007	833	134	159
1007	835	127	158
1011	835	126	153
1011	826	122	158
1009	834	126	149
1013	848	120	132
1010	850	122	124
1009	855	123	118
1008	856	127	114
1006	857	131	108
1006	862	129	103
1003	845	132	119
1006	851	128	107
1006	857	126	99
1007	842	126	114
1008	856	122	96
1004	860	130	86
1004	869	131	76
1004	847	132	99
1003	862	129	81
1005	872	127	66
1004	872	127	65
1006	871	123	64
1003	854	127	81
1008	863	119	71
1005	851	123	83
1002	865	128	65
1004	849	121	81
1005	856	120	71
1008	848	114	79
1005	840	121	86
1003	853	123	71
1005	836	118	85
1003	842	121	78
1002	847	123	72
1000	826	125	92
1001	837	123	75
1000	801	126	111
1002	791	120	122
998	770	127	144
1001	764	120	150
999	758	122	155
1002	773	121	138
998	765	125	146
1001	754	119	157
1000	759	122	154
997	757	122	156
1000	757	120	153
996	759	125	152
995	762	126	149
997	763	123	143
998	756	122	153
999	753	119	157
995	751	127	158
998	758	122	154
998	753	118	153
997	760	121	144
993	757	125	147
996	754	119	148
993	753	126	149
992	754	125	146
992	753	126	144
989	755	129	142
996	745	123	151
994	749	123	150
992	745	121	152
993	740	121	157
992	739	122	159
992	740	119	155
993	739	121	154
993	743	115	150
993	738	118	155
992	735	120	160
992	735	119	154
988	737	127	155
984	735	128	161
989	739	119	146
987	739	120	154
986	735	127	154
984	741	127	146
981	732	138	158
985	734	126	156
986	733	128	153
981	738	133	143
987	731	121	149
983	732	128	148
983	724	126	158
984	734	129	147
982	733	132	145
981	736	129	144
980	730	134	147
982	737	128	139
980	735	137	143
983	738	130	137
984	734	122	142
982	739	127	140
978	743	133	132
980	740	128	137
976	743	135	132
975	743	137	135
978	744	129	131
980	735	124	141
979	736	120	139
981	739	122	140
979	738	129	140
977	743	126	136
976	734	130	147
979	733	119	144
979	744	123	131
981	738	118	137
978	740	127	139
977	745	123	128
979	739	122	140
974	743	130	132
977	740	125	132
972	742	130	136
974	741	127	135
977	741	125	133
972	742	127	130
977	738	121	134
972	739	129	137
973	740	129	135
977	739	122	136
974	739	125	134
973	740	125	134
974	738	125	135
977	736	124	138
973	739	127	137
974	735	126	139
975	737	125	137
972	736	130	138
973	739	128	136
974	737	125	135
975	738	127	137
974	734	124	142
976	733	118	143
974	735	122	144
972	734	121	138
973	738	123	136
975	736	119	137
973	733	119	142
971	731	119	144
973	732	115	141
975	731	112	144
971	731	114	143
976	735	114	142
974	731	115	145
976	732	108	140
975	735	113	143
974	736	111	144
972	737	117	143
971	739	122	143
975	741	114	141
975	740	108	144
973	742	113	145
973	742	114	148
971	742	118	153
973	749	119	146
973	749	118	153
973	751	122	150
974	752	121	155
973	756	119	158
970	761	123	152
972	766	121	150
973	765	121	155
970	768	126	153
973	769	120	154
971	774	125	157
970	776	125	155
975	779	119	156
971	780	128	158
974	785	117	158
974	787	119	158
973	789	120	160
975	790	116	163
973	792	118	161
971	795	126	162
973	797	124	163
971	797	125	166
976	799	117	165
976	799	117	167
977	800	112	165
975	801	123	165
976	800	124	166
978	803	119	165
980	801	114	164
977	802	119	168
977	802	119	169
979	804	117	170
977	807	117	161
978	807	112	164
977	808	119	165
980	808	116	166
980	809	116	166
979	809	116	168
980	811	118	167
982	813	113	164
984	813	111	166
983	814	116	165
983	817	112	161
985	819	113	161
984	824	116	160
986	823	113	161
987	824	113	161
990	828	109	160
987	830	116	157
993	828	109	159
988	830	117	161
994	831	110	156
994	830	108	158
991	834	115	155
996	833	109	159
990	836	121	160
994	837	116	159
999	837	110	156
998	838	107	156
998	841	111	157
999	838	109	162
996	836	117	166
1000	836	108	165
1001	837	108	165
1003	836	110	167
1002	839	111	167
1002	843	111	166
1000	850	114	160
1002	846	112	166
1004	847	110	164
1004	850	110	166
1004	851	110	164
1006	850	113	169
1005	851	114	166
1004	852	114	167
1006	853	115	167
1007	849	113	175
1008	848	114	179
1003	849	123	178
1006	848	120	181
1007	849	120	181
1005	852	120	181
1006	850	122	187
1008	854	124	180
1009	852	123	184
1010	853	123	185
1010	853	121	188
1011	855	123	188
1009	854	128	191
1009	854	126	191
1006	851	132	205
1013	851	123	210
1013	853	129	203
1011	855	131	209
1015	861	130	203
1016	865	128	197
1015	865	132	202
1012	868	134	200
1020	870	129	198
1017	874	132	192
1016	876	135	193
1019	873	130	193
1015	877	132	186
1022	874	131	190
1018	874	128	189
1016	872	139	190
1017	870	137	193
1020	871	133	186
1019	869	135	188
1020	866	136	189
1021	864	139	185
1023	861	132	190
1018	861	135	185
1020	855	134	190
1023	849	130	195
1020	852	133	186
1021	846	132	200
1021	838	129	197
1022	837	129	195
1021	838	129	186
1021	832	130	190
1024	832	123	186
1022	831	125	183
1020	828	132	185
1015	824	136	199
1020	823	127	196
1020	823	128	188
1022	821	124	193
1021	821	125	196
1020	820	125	187
1024	817	123	180
1015	815	133	179
1013	814	137	179
1020	814	124	185
1021	813	123	187
1023	814	121	180
1021	812	121	176
1018	811	129	184
1020	809	125	186
1018	808	124	182
1019	805	126	188
1017	807	127	181
1021	807	124	176
1016	809	125	171
1024	804	118	176
1021	807	118	175
1020	807	120	171
1020	807	119	171
1020	810	119	170
1017	805	125	171
1021	805	123	178
1021	809	122	172
1021	808	123	169
1015	814	131	166
1021	811	123	163
1022	807	119	167
1015	809	132	166
1018	808	123	161
1018	805	128	164
1020	804	120	162
1020	803	123	157
1016	800	128	160
1019	799	123	155
1013	797	128	154
1011	796	132	153
1016	787	124	159
1018	791	125	153
1016	786	125	154
1016	780	124	154
1016	780	123	152
1017	780	120	150
1019	776	117	146
1015	772	122	151
1018	772	116	146
1014	770	121	149
1015	767	120	143
1015	771	118	142
1016	767	119	141
1013	767	121	140
1015	766	118	139
1016	764	118	141
1017	765	116	137
1015	764	117	136
1015	762	116	136
1017	762	116	134
1017	760	116	135
1018	757	112	135
1013	758	121	136
1015	759	118	129
1015	757	116	133
1015	758	117	130
1011	758	121	128
1017	755	115	132
1014	757	117	130
1015	754	115	132
1013	755	115	130
1012	757	119	127
1018	757	112	128
1017	755	110	127
1018	756	110	126
1016	756	112	126
1014	756	113	126
1014	757	115	126
1016	756	111	126
1017	757	110	126
1013	755	113	125
1012	755	114	129
1013	755	115	128
1012	756	116	131
1009	755	119	131
1013	755	113	133
1010	757	114	130
1008	757	118	130
1012	756	114	134
1011	759	114	129
1012	757	111	130
1010	757	114	130
1012	756	112	132
1011	758	114	130
1011	759	112	131
1013	758	111	129
1012	759	112	128
1014	759	109	129
1014	759	110	129
1011	758	114	129
1012	757	116	130
1014	760	108	129
1012	761	113	125
1010	758	114	130
1008	759	118	129
1007	756	119	134
1009	759	118	130
1010	759	116	131
1011	763	115	127
1017	762	106	127
1011	759	114	130
1011	760	113	131
1014	760	109	130
1015	763	109	130
1016	763	107	128
1013	764	110	127
1008	764	117	127
1006	765	118	126
1011	761	110	129
1008	765	116	129
1013	766	110	127
1011	766	111	132
1014	763	110	128
1010	764	115	132
1011	767	110	129
1009	768	116	127
1014	765	107	131
1005	766	119	133
1007	765	118	131
1021	766	104	139
1022	775	100	133
1015	770	111	130
1018	771	108	141
1013	774	111	136
1011	777	115	133
1011	773	115	137
1014	777	108	133
1005	776	121	130
1008	777	118	134
1010	775	115	134
1006	777	117	129
1008	774	113	129
1008	775	112	127
1009	773	109	129
1013	771	105	129
1014	774	106	125
1015	771	105	125
1012	765	107	128
1014	771	108	122
1019	763	101	127
1018	760	100	123
1012	759	106	127
1015	758	105	126
1015	758	101	119
1015	760	103	118
1016	757	101	118
1018	754	97	119
1018	753	100	119
1019	752	100	117
1017	751	99	119
1017	751	102	118
1019	751	99	117
1018	750	100	116
1016	748	100	119
1020	751	98	112
1021	749	97	114
1020	749	97	116
1019	752	101	109
1020	750	96	110
1020	746	101	113
1021	747	97	114
1021	742	97	117
1019	745	99	115
1019	743	100	117
1017	741	100	119
1018	741	102	118
1019	743	100	114
1018	743	102	115
1018	743	103	114
1023	737	97	119
1019	744	103	115
1020	742	101	113
1020	741	101	114
1021	740	98	117
1020	740	100	115
1021	740	99	117
1020	737	99	117
1019	737	104	117
1021	732	102	122
1019	735	101	123
1019	734	105	122
1016	737	104	118
1021	739	101	114
1019	740	98	113
1019	740	103	113
1023	738	98	115
1022	737	96	117
1022	738	103	112
1022	736	98	117
1024	740	102	111
1023	741	97	113
1024	740	100	113
1025	741	99	111
1022	741	101	111
1027	738	97	116
1025	740	97	115
1026	736	93	118
1026	739	93	112
1027	739	96	113
1027	742	94	111
1024	741	99	113
1024	743	97	109
1024	741	100	112
1025	743	97	109
1027	744	96	109
1025	746	95	107
1024	742	99	110
1022	742	102	112
1025	745	101	108
1027	739	97	117
1025	743	101	111
1025	743	99	110
1023	743	101	110
1025	742	101	114
1026	747	100	114
1027	747	100	110
1029	746	98	109
1025	743	105	115
1027	748	101	108
1027	743	101	115
1026	743	102	112
1024	745	102	111
1026	742	100	113
1025	745	101	108
1026	745	101	108
1027	749	101	104
1027	740	101	109
1027	741	100	110
1026	737	103	114
1028	738	101	112
1028	738	97	113
1030	735	97	114
1028	738	99	113
1028	738	100	112
1028	738	101	111
1028	736	99	112
1028	741	100	107
1028	736	101	114
1030	736	97	114
1029	734	100	116
1030	736	99	111
1030	733	101	112
1030	737	101	108
1031	730	98	116
1031	733	99	113
1033	730	96	114
1030	733	100	113
1031	742	98	103
1029	733	102	108
1028	740	104	104
1029	738	100	105
1029	740	101	104
1028	735	104	106
1027	736	104	105
1027	744	103	99
1028	737	102	106
1029	730	101	111
1031	731	100	111
1030	732	101	111
1027	726	106	117
1029	729	102	115
1027	736	106	107
1030	730	100	112
1029	730	103	112
1029	732	102	111
1026	729	106	115
1027	732	105	113
1026	728	105	118
1029	729	101	117
1028	731	102	116
1025	727	107	123
1026	728	106	122
1025	726	106	128
1024	731	108	122
1026	733	104	118
1027	733	103	119
1029	731	98	125
1025	730	103	127
1026	737	102	120
1023	738	105	116
1024	738	105	121
1026	735	104	122
1026	739	104	122
1024	738	104	125
1026	735	102	125
1020	735	108	129
1023	739	105	129
1024	740	106	125
1023	743	107	123
1024	755	104	117
1024	763	106	105
1023	778	108	90
1022	783	106	82
1021	789	105	78
1022	798	102	68
1024	802	101	65
1027	812	97	54
1024	800	102	66
1027	808	97	60
1025	809	100	60
1024	808	100	63
1021	805	105	67
1023	802	102	71
1025	799	99	75
1022	798	102	78
1023	798	101	81
1019	807	107	79
1020	815	105	76
1023	791	101	100
1019	797	106	96
1019	802	105	89
1019	813	106	74
1018	809	110	82
1021	805	104	89
1022	813	100	82
1021	817	102	75
1025	799	97	90
1020	794	103	96
1022	808	100	78
1021	803	102	84
1021	798	101	94
1018	792	105	105
1023	786	99	114
1024	783	100	115
1024	788	100	106
1021	793	104	101
1023	794	101	101
1023	795	102	98
1022	782	101	111
1019	776	102	115
1019	785	104	107
1019	768	105	122
1020	765	102	122
1020	763	101	123
1018	772	107	112
1018	773	106	111
1020	778	102	104
1023	788	97	90
1025	804	91	77
1021	808	101	65
1023	804	99	69
1023	805	98	63
1024	795	97	71
1024	799	97	62
1023	795	96	65
1023	797	97	63
1026	797	93	56
1022	793	95	59
1026	783	91	66
1023	786	95	62
1022	781	97	64
1024	779	94	64
1022	773	96	66
1025	766	92	70
1022	764	95	70
1021	764	96	68
1022	768	95	63
1020	769	99	62
1021	772	95	58
1022	770	95	58
1020	769	97	60
1020	767	98	59
1019	768	98	54
1023	766	92	56
1020	762	94	60
1020	758	94	61
1023	749	89	68
1021	744	94	74
1019	734	96	82
1011	720	109	96
1012	713	104	103
1012	714	102	99
1013	713	102	99
1015	711	100	99
1012	708	105	101
1014	708	104	97
1014	707	101	98
1017	703	97	100
1017	703	96	100
1013	700	101	101
1014	701	101	104
1013	701	102	100
1015	698	98	105
1017	696	93	107
1020	700	90	99
1015	698	95	100
1014	698	99	101
1014	699	95	98
1012	697	99	101
1011	697	102	99
1015	697	92	98
1013	695	95	97
1012	695	95	99
1013	695	92	96
1010	693	95	101
1011	693	93	97
1008	693	96	102
1009	690	100	98
1010	690	96	105
1014	689	94	101
1010	689	97	99
1012	690	94	92
1011	687	99	95
1011	687	100	91
1014	685	91	95
1012	684	94	93
1015	683	89	99
1012	679	95	98
1011	678	93	98
1013	677	91	96
1012	676	93	92
1009	674	96	102
1012	674	92	101
1011	674	92	95
1011	673	91	96
1010	673	93	96
1011	671	91	98
1010	670	94	98
1011	670	94	98
1010	668	94	97
1010	669	93	93
1008	668	95	96
1009	666	94	96
1011	665	91	98
1009	664	95	96
1008	663	95	98
1009	663	93	95
1010	661	92	97
1009	661	93	97
1010	661	92	94
1008	661	94	94
1008	659	94	95
1008	659	94	94
1010	658	91	93
1010	657	92	94
1013	657	86	92
1009	655	91	94
1009	655	91	91
1012	652	87	93
1011	653	88	93
1012	650	88	93
1010	651	89	91
1009	649	90	91
1010	648	89	89
1011	646	87	92
1010	646	89	91
1012	643	84	91
1011	643	86	90
1010	642	88	91
1010	641	88	89
1011	639	89	92
1009	637	87	89
1012	638	85	89
1012	636	86	90
1011	637	85	86
1011	635	86	88
1011	633	86	87
1010	633	87	86
1009	633	86	85
1013	631	83	84
1015	630	80	84
1013	630	82	87
1018	627	79	85
1019	626	76	86
1017	629	79	84
1018	627	78	83
1014	628	83	81
1012	627	85	82
1015	626	81	81
1012	626	85	81
1016	625	79	79
1015	625	80	78
1017	622	77	80
1013	620	82	81
1017	618	78	79
1013	617	81	79
1018	616	76	79
1015	615	77	77
1016	614	77	77
1016	610	77	78
1018	611	75	76
1028	603	63	84
1024	601	68	81
1019	603	73	80
1023	597	67	78
1019	595	70	76
1015	596	72	75
1017	592	70	74
1013	593	74	73
1012	593	74	73
1016	591	70	73
1015	590	71	73
1015	590	72	72
1014	590	72	73
1013	591	74	71
1014	589	73	72
1016	590	71	71
1015	589	73	71
1017	588	69	72
1018	589	70	70
1018	588	68	70
1019	587	68	70
1015	588	71	69
1016	587	71	70
1016	586	70	71
1019	587	67	69
1018	586	68	69
1016	585	70	69
1019	584	69	71
1015	584	71	70
1018	584	68	69
1016	582	69	70
1019	581	68	68
1022	579	64	74
1021	577	65	69
1020	576	64	68
1020	577	65	67
1019	573	64	68
1018	574	65	65
1019	575	66	65
1020	575	64	65
1017	572	64	66
1018	572	65	66
1020	571	61	65
1019	572	63	65
1020	570	61	66
1018	570	64	65
1015	571	67	63
1014	570	68	64
1019	572	65	65
1018	570	65	65
1018	572	65	64
1017	570	65	64
1017	571	65	62
1018	571	62	63
1016	570	66	62
1017	569	65	63
1018	569	64	62
1019	568	61	61
1020	570	61	61
1017	568	62	62
1016	567	65	64
1017	566	63	63
1017	567	62	63
1021	567	60	62
1020	566	58	63
1018	567	62	62
1019	567	62	61
1020	568	59	62
1017	568	62	61
1021	567	58	62
1019	568	61	63
1017	568	62	61
1017	567	64	63
1017	568	64	61
1017	569	65	61
1020	568	60	61
1018	568	62	61
1019	568	61	61
1019	568	62	63
1018	568	64	61
1019	569	61	61
1019	569	63	61
1018	569	63	63
1019	569	62	62
1017	570	65	62
1017	572	64	60
1019	571	63	60
1020	571	63	62
1017	571	65	62
1017	572	65	61
1016	573	68	61
1015	573	67	61
1016	573	68	63
1013	572	72	64
1014	572	70	63
1017	572	68	63
1017	573	68	63
1017	573	67	61
1019	575	66	60
1018	574	67	63
1024	575	63	61
1023	575	63	61
1023	573	60	64
1025	574	60	63
1023	575	60	63
1022	575	63	62
1024	577	63	61
1024	578	64	60
1023	578	66	61
1020	577	67	62
1020	579	68	60
1023	580	66	60
1021	579	69	63
1021	578	68	71
1023	579	67	68
1025	588	67	67
1028	597	64	58
1029	605	63	48
1028	593	67	58
1031	592	63	65
1031	591	65	65
1030	592	67	61
1031	592	66	64
1031	592	64	63
1032	591	66	65
1032	593	66	62
1032	591	67	64
1032	592	68	61
1033	589	64	65
1028	590	71	64
1025	589	74	64
1026	590	72	62
1028	591	69	62
1028	589	69	63
1026	588	73	62
1027	585	69	67
1025	589	72	64
1028	597	69	55
1028	595	70	51
1028	598	69	46
1028	594	70	46
1031	593	63	49
1029	582	68	60
1028	577	68	62
1029	575	65	64
1029	578	67	62
1029	577	67	61
1028	576	70	62
1027	577	69	61
1025	578	70	60
1026	578	70	60
1024	578	71	60
1024	579	72	59
1022	579	73	60
1022	579	75	60
1021	580	75	60
1022	579	74	60
1023	580	72	60
1023	580	73	62
1026	580	69	61
1024	580	71	62
1026	581	68	61
1026	582	66	60
1027	582	68	60
1026	582	69	62
1027	583	67	61
1026	583	69	59
1026	583	69	61
1024	583	71	61
1026	585	69	60
1022	585	75	59
1022	583	74	62
1024	586	71	58
1021	585	74	62
1020	585	75	61
1020	585	76	62
1020	586	79	60
1023	588	73	58
1022	588	75	59
1026	587	70	60
1025	588	72	61
1026	588	71	61
1025	587	72	63
1025	589	73	61
1024	588	75	63
1025	587	73	64
1024	589	76	62
1025	590	75	64
1023	589	76	64
1020	589	80	62
1022	591	78	59
1022	590	80	63
1021	590	80	63
1018	590	85	63
1019	593	82	61
1020	592	81	61
1023	592	79	61
1023	594	77	61
1021	594	80	61
1024	595	79	60
1025	593	76	63
1026	593	75	64
1026	595	76	65
1026	595	76	65
1026	597	76	63
1024	597	79	64
1027	600	74	60
1026	600	78	62
1022	601	80	62
1021	601	82	66
1023	601	78	64
1021	604	83	65
1019	604	84	64
1020	606	82	62
1020	607	83	63
1019	608	84	63
1016	609	86	66
1019	610	83	62
1019	607	83	68
1023	610	77	67
1025	612	75	65
1025	610	76	67
1023	609	82	71
1022	614	81	70
1022	617	80	65
1021	616	81	68
1020	618	80	66
1022	617	78	69
1020	617	81	70
1019	617	80	73
1015	622	84	69
1016	624	83	66
1016	624	85	67
1015	623	85	70
1019	626	79	68
1013	623	87	73
1015	627	84	70
1015	627	82	72
1019	626	82	75
1019	626	82	77
1020	629	82	73
1020	632	79	73
1018	633	81	73
1016	633	82	75
1018	635	77	73
1019	640	76	68
1016	640	82	71
1013	637	83	76
1009	638	88	77
1009	641	85	75
1006	639	89	78
1000	643	95	77
1004	644	95	77
1002	646	94	76
999	645	96	79
999	645	96	81
998	652	95	73
998	652	97	74
1004	654	90	74
1003	652	90	80
1005	654	85	78
1005	657	85	77
1004	659	87	77
1003	660	87	76
1002	664	88	77
1005	659	87	85
1004	664	87	83
1002	674	88	77
1006	690	80	65
1007	695	80	64
1010	699	76	61
1008	705	79	55
1007	709	80	50
1006	712	81	46
1007	715	80	45
1004	716	81	45
1005	717	83	45
1003	718	85	44
1006	718	81	46
1006	719	81	46
1007	720	78	46
1006	722	80	42
1003	723	84	41
1004	721	83	44
1005	721	79	45
1005	722	81	45
1001	721	85	45
1001	723	86	43
1004	723	84	45
1003	722	80	44
1001	723	81	42
1003	721	77	44
1002	719	78	43
1003	719	79	43
998	719	82	41
999	715	82	47
999	713	80	48
998	710	84	51
995	707	85	51
991	705	86	52
994	701	84	55
993	702	84	53
993	698	84	56
991	700	87	51
993	700	83	46
992	698	85	48
989	697	86	48
990	696	84	49
990	697	81	46
993	696	79	45
995	695	77	43
992	696	80	41
995	695	76	44
996	695	74	47
995	696	76	42
993	692	79	45
990	692	81	44
988	689	85	48
987	688	84	50
991	690	81	46
991	690	80	46
989	689	83	48
991	687	80	52
991	688	81	49
993	689	79	48
990	689	83	46
992	688	80	48
996	691	75	46
995	690	80	50
1000	692	78	44
1004	691	80	45
1010	691	80	46
1022	692	78	44
1034	693	75	44
1042	695	80	36
1056	693	78	41
1067	692	79	45
1085	693	78	44
1096	694	79	42
1113	693	79	45
1129	695	78	42
1141	696	77	41
1151	696	80	44
1163	696	80	44
1167	696	83	45
1175	696	81	45
1181	697	80	44
1187	697	79	46
1188	696	80	47
1191	699	79	37
1194	698	78	40
1196	696	75	44
1196	695	75	43
1198	692	73	47
1194	693	76	44
1193	691	77	46
1193	690	76	47
1191	688	75	51
1191	686	72	49
1186	688	80	42
1187	687	78	46
1187	683	77	50
1187	685	76	47
1184	685	80	47
1185	685	78	45
1183	684	78	50
1184	686	77	42
1182	684	77	47
1182	685	77	47
1185	687	74	39
1185	685	73	41
1187	685	73	41
1188	684	70	42
1189	683	69	42
1187	684	72	42
1186	683	74	44
1188	683	71	44
1190	684	70	43
1186	683	73	42
1184	682	75	45
1180	681	79	46
1187	679	73	49
1189	677	72	54
1188	675	74	59
1189	677	74	58
1191	680	73	54
1192	684	70	50
1189	689	73	44
1188	688	73	45
1191	688	70	46
1189	689	72	45
1193	688	67	41
1193	688	66	43
1193	684	63	49
1192	683	63	46
1191	684	64	42
1192	683	63	45
1189	676	69	49
1189	677	71	48
1189	678	73	47
1187	678	76	46
1192	669	72	54
1191	670	78	52
1200	665	70	56
1205	669	70	54
1201	672	76	48
1202	673	74	44
1204	672	71	47
1210	673	64	43
1212	670	64	48
1208	671	71	46
1205	666	71	54
1207	670	68	46
1212	669	65	47
1209	663	66	53
1209	667	64	43
1209	665	62	44
1209	666	58	42
1209	665	57	45
1206	665	62	44
1207	665	60	43
1202	658	65	52
1205	660	64	46
1203	662	65	43
1206	659	61	46
1202	661	64	43
1204	661	61	44
1203	659	60	45
1201	661	60	43
1200	663	60	40
1199	662	60	43
1196	660	63	47
1200	658	59	44
1199	658	57	42
1199	659	54	46
1199	658	54	43
1196	655	58	44
1194	656	57	43
1194	654	57	44
1192	653	56	46
1192	653	57	46
1189	655	57	43
1190	651	55	46
1189	650	56	42
1188	649	56	46
1188	647	55	44
1187	646	55	46
1187	645	53	47
1185	645	54	48
1187	646	50	47
1185	645	51	48
1184	645	51	50
1185	644	51	48
1184	645	49	48
1179	644	55	54
1180	644	53	48
1181	644	50	47
1180	644	49	46
1180	645	49	45
1178	646	51	45
1179	646	49	44
1176	644	51	47
1173	645	54	45
1172	646	56	44
1172	644	55	48
1173	648	53	41
1169	646	55	51
1171	647	52	44
1170	648	50	43
1169	646	50	48
1170	648	49	44
1168	648	50	46
1168	646	50	46
1167	650	48	42
1168	649	49	45
1166	646	49	52
1163	646	51	49
1163	646	51	45
1157	648	55	45
1159	649	52	44
1155	648	56	47
1156	648	54	44
1156	651	54	41
1156	650	52	43
1153	651	55	44
1156	654	49	41
1157	651	47	42
1156	653	46	44
1153	653	50	48
1155	653	46	46
1153	653	47	44
1151	652	48	45
1150	654	49	48
1150	654	49	49
1149	654	49	46
1149	655	48	44
1146	656	49	45
1143	657	52	43
1142	655	52	46
1143	658	51	45
1142	659	51	44
1137	659	55	46
1140	658	52	46
1142	661	48	44
1140	660	50	45
1139	661	49	46
1141	661	46	45
1141	664	45	45
1138	659	47	51
1135	660	50	50
1139	662	45	47
1136	665	46	47
1137	666	45	47
1137	666	43	46
1133	668	45	46
1130	668	47	46
1126	663	51	54
1132	669	45	45
1131	671	44	46
1128	672	46	47
1126	672	48	47
1126	673	47	46
1124	674	48	47
1121	673	50	51
1121	676	50	48
1124	677	45	49
1122	678	45	46
1122	680	44	46
1122	679	44	50
1123	682	41	49
1121	686	41	44
1120	686	42	45
1118	685	43	49
1114	683	47	55
1116	686	44	51
1112	686	48	51
1110	688	48	51
1111	691	45	49
1112	690	44	53
1116	688	37	56
1114	689	38	55
1117	690	36	59
1115	703	34	54
1116	703	36	55
1113	705	34	58
1109	702	41	56
1111	705	41	56
1106	706	42	55
1113	716	35	60
1113	716	35	60
1105	719	36	52
1099	721	41	49
1094	728	45	43
1099	731	36	32
1100	726	32	31
1097	730	31	27
1094	727	36	33
1094	725	38	37
1095	730	36	31
1099	730	32	27
1102	735	26	26
1103	736	25	26
1103	736	25	26
1103	736	25	26
1103	736	25	26
1103	736	25	26
1103	736	25	26
1104	704	17	30
1104	704	17	30
1104	704	17	30
1086	716	13	28
1086	718	14	23
1080	718	13	20
1080	719	15	19
1080	719	15	19
1080	719	15	19
1080	719	15	19
1077	717	17	18
1077	717	17	18
1077	713	16	21
1077	713	16	21
1077	713	16	21
1062	719	15	20
1065	719	15	20
1065	722	17	20
1058	728	14	17
1057	730	16	21
1056	728	16	24
1062	724	17	27
1062	720	17	32
1054	729	22	30
1053	729	22	32
1053	730	25	32
1054	734	29	29
1046	791	27	32
1046	802	26	38
1037	805	29	37
1038	808	24	36
1038	813	22	31
1037	816	22	25
1036	815	22	24
1035	815	22	24
1035	816	21	22
1036	817	19	22
1037	816	20	22
1036	813	24	24
1042	811	23	23
1040	814	26	21
1035	797	30	21
1035	797	35	22
1042	797	32	21
1047	798	34	18
1049	797	38	22
1052	796	34	21
1063	796	29	22
1063	797	35	21
1069	796	32	21
1069	796	32	21
1069	796	32	21
1069	796	32	21
1069	796	32	21
1069	796	32	21
1069	796	32	21
1069	796	32	21
1069	796	32	21
1083	796	29	20
1083	794	26	22
1085	794	20	18
1085	795	20	18
1086	796	19	17
1087	795	20	18
1087	795	20	18
1085	796	20	19
1087	797	21	19
1087	798	21	18
1087	798	21	18
1087	798	21	18
1087	798	21	18
1087	798	21	18
1087	798	21	18
1087	798	21	18
1087	798	21	18
1087	798	21	18
1087	798	21	18
1087	798	21	18
1087	798	21	18
1087	798	21	18
1087	798	21	18
1087	798	21	18
1087	798	21	18
1087	798	21	18
1087	798	21	18
1087	798	21	18
1087	798	21	18
1087	798	21	18
1087	798	21	18
1087	798	21	18
1087	798	21	18
1087	798	21	18
1055	787	17	17
1054	791	16	17
1054	791	17	17
1055	789	16	19
1054	796	18	16
1054	796	18	16
1054	796	18	16
1054	796	18	16
1054	796	18	16
1054	796	18	16
1054	796	18	16
1054	796	18	16
1054	796	18	16
1054	796	18	16
1054	796	18	16
1054	796	18	16
1054	796	18	16
1054	796	18	16
1054	796	18	16
1054	796	18	16
1054	796	18	16
1054	796	18	16
1054	796	18	16
1054	796	18	16
1054	796	18	16
1054	796	18	16
1054	796	18	16
1054	796	18	16
1054	796	18	16
1054	796	18	16
1054	796	18	16
1054	796	18	16
1054	796	18	16
1054	796	18	16
1068	796	19	17
1069	798	16	15
1069	798	16	15
1069	798	16	15
1069	798	16	15
1069	798	16	15
1069	798	16	15
1069	798	16	15
1069	798	16	15
1069	798	16	15
1069	798	16	15
1069	798	16	15
1069	798	16	15
1069	798	16	15
1069	798	16	15
1069	798	16	15
1069	798	16	15
1069	798	16	15
1079	818	16	18
1080	826	14	23
1080	826	14	23
1080	826	14	23
1080	826	14	23
1080	826	14	23
1080	826	14	23
1080	826	14	23
1080	826	14	23
1080	826	14	23
1080	826	14	23
1080	826	14	23
1080	826	14	23
1080	826	14	23
1080	826	14	23
1080	826	14	23
1080	826	14	23
1080	826	14	23
1080	826	14	23
1080	826	14	23
1080	826	14	23
1080	826	14	23
1080	826	14	23
1080	826	14	23
1080	826	14	23
1080	826	14	23
1080	826	14	23
1080	826	14	23
1079	839	13	20
1081	838	15	20
1079	840	15	17
1078	839	17	20
1078	847	16	16
1079	848	17	15
1078	847	18	17
1079	846	16	20
1079	846	16	20
1079	846	16	20
1087	842	16	20
1087	847	16	22
1084	849	16	25
1085	850	15	28
1086	853	15	31
1086	854	15	35
1092	857	12	38
1091	864	12	40
1091	872	11	39
1092	874	12	38
1091	879	11	34
1090	878	13	34
1089	883	15	35
1086	881	18	33
1085	862	20	40
1085	862	20	40
1085	859	19	38
1084	858	17	43
1083	856	16	42
1084	853	14	41
1086	857	13	38
1086	854	12	36
1087	849	12	34
1087	853	12	31
1086	857	13	27
1085	855	16	25
1086	857	14	21
1089	885	16	23
1086	880	17	24
1086	880	18	24
1087	872	18	28
1087	870	22	30
1092	870	22	33
1096	866	26	39
1104	860	23	46
1114	860	22	45
1129	861	21	45
1150	862	19	44
1165	864	22	44
1192	869	22	43
1218	870	22	46
1243	873	22	45
1275	879	23	45
1304	881	22	44
1335	887	24	45
1373	893	24	43
1403	900	23	43
1440	907	26	47
1472	914	25	49
1510	919	22	51
1542	926	23	51
1569	934	20	48
1591	943	23	51
1611	946	20	54
1625	948	17	47
1638	957	16	52
1643	953	20	51
1648	956	22	52
1651	957	22	56
1653	956	22	52
1655	958	22	51
1658	957	21	51
1658	958	21	49
1657	960	21	52
1658	957	21	50
1656	957	22	51
1656	956	20	50
1657	956	20	49
1656	958	20	49
1653	958	22	50
1652	958	26	53
1653	957	21	52
1653	957	21	51
1652	958	20	52
1652	956	21	54
1651	954	21	53
1650	955	21	52
1648	954	23	55
1648	954	22	53
1648	954	21	52
1647	953	23	49
1647	952	23	53
1647	952	22	51
1646	952	23	49
1646	952	23	46
1645	953	23	46
1646	956	23	41
1647	955	24	42
1647	956	24	43
1648	959	24	38
1649	959	24	42
1652	954	23	33
1654	958	23	29
1653	963	25	24
1655	971	24	19
1656	973	24	15
1658	976	23	16
1662	977	21	15
1663	981	21	18
1664	984	18	18
1670	987	14	14
1673	988	14	14
1674	990	14	16
1677	993	13	17
1679	998	14	18
1681	1002	15	18
1685	1006	16	19
1686	1014	16	16
1691	1019	14	15
1690	992	16	18
1689	999	19	18
1691	1011	21	17
1696	1008	23	18
1700	1010	22	21
1702	1011	25	26
1706	1013	26	27
1717	1014	20	29
1711	1036	22	32
1722	1051	17	28
1728	1059	14	22
1728	1059	14	22
1728	1059	14	22
1728	1059	14	22
1728	1059	14	22
1728	1059	14	22
1728	1059	14	22
1728	1059	14	22
1728	1059	14	22
1728	1059	14	22
1728	1059	14	22
1728	1059	14	22
1728	1059	14	22
1728	1059	14	22
1728	1059	14	22
1728	1059	14	22
1728	1059	14	22
1728	1059	14	22
1728	1059	14	22
1728	1059	14	22
1728	1059	14	22
1728	1059	14	22
1728	1059	14	22
1728	1059	14	22
1728	1059	14	22
1728	1059	14	22
1728	1059	14	22
1728	1059	14	22
1728	1059	14	22
1728	1059	14	22
1728	1059	14	22
1728	1059	14	22
1728	1059	14	22
1728	1059	14	22
1728	1059	14	22
1728	1059	14	22
1728	1059	14	22
1728	1059	14	22
1728	1059	14	22
1728	1059	14	22
1728	1059	14	22
1728	1059	14	22
1728	1059	14	22
1728	1059	14	22
1728	1059	14	22
1728	1059	14	22
1728	1059	14	22
1728	1059	14	22
1728	1059	14	22
1728	1059	14	22
1728	1059	14	22
1728	1059	14	22
1728	1059	14	22
1728	1059	14	22
1728	1059	14	22
1728	1059	14	22
1728	1059	14	22
1728	1059	14	22
1728	1059	14	22
1728	1059	14	22
1728	1059	14	22
1728	1059	14	22
1728	1059	14	22
1728	1059	14	22
1728	1059	14	22
1728	1059	14	22
1728	1059	14	22
1728	1059	14	22
1728	1059	14	22
1728	1059	14	22
1728	1059	14	22
1728	1059	14	22
1728	1059	14	22
1728	1059	14	22
1728	1059	14	22
1728	1059	14	22
1728	1059	14	22
1728	1059	14	22
1728	1059	14	22
1728	1059	14	22
1728	1059	14	22
1728	1059	14	22
1728	1059	14	22
1728	1059	14	22
1728	1059	14	22
1728	1059	14	22
1728	1059	14	22
1728	1059	14	22
1728	1059	14	22
1728	1059	14	22
1728	1059	14	22
1728	1059	14	22
1751	1054	13	23
1751	1054	13	23
1751	1054	13	23
1751	1054	13	23
1751	1054	13	23
1751	1054	13	23
1751	1054	13	23
1751	1054	13	23
1751	1054	13	23
1751	1054	13	23
1751	1054	13	23
1751	1054	13	23
1751	1054	13	23
1751	1054	13	23
1751	1054	13	23
1765	1054	13	26
1765	1054	13	26
1765	1054	13	26
1765	1054	13	26
1765	1054	13	26
1765	1054	13	26
1765	1054	13	26
1765	1054	13	26
1765	1054	13	26
1765	1054	13	26
1765	1054	13	26
1765	1054	13	26
1765	1054	13	26
1765	1054	13	26
1765	1054	13	26
1765	1054	13	26
1765	1054	13	26
1765	1054	13	26
1765	1054	13	26
1765	1054	13	26
1765	1054	13	26
1765	1054	13	26
1765	1054	13	26
1765	1054	13	26
1765	1054	13	26
1765	1054	13	26
1765	1054	13	26
1765	1054	13	26
1765	1054	13	26
1765	1054	13	26
1765	1054	13	26
1765	1054	13	26
1765	1054	13	26
1765	1054	13	26
1765	1054	13	26
1765	1054	13	26
1765	1054	13	26
1765	1054	13	26
1765	1054	13	26
1765	1054	13	26
1765	1054	13	26
1765	1054	13	26
1765	1054	13	26
1724	1032	17	28
1724	1032	17	28
1724	1032	17	28
1724	1032	17	28
1724	1032	17	28
1710	1008	21	32
1710	1008	21	32
1710	1008	21	32
1710	1008	21	32
1710	1008	21	32
1710	1008	21	32
1710	1008	21	32
1710	1008	21	32
1710	1008	21	32
1710	1008	21	32
1710	1008	21	32
1710	1008	21	32
1710	1008	21	32
1710	1008	21	32
1710	1008	21	32
1710	1008	21	32
1710	1008	21	32
1710	1008	21	32
1710	1008	21	32
1710	1008	21	32
1710	1008	21	32
1710	1008	21	32
1710	1008	21	32
1710	1008	21	32
1710	1008	21	32
1710	1008	21	32
1710	1008	21	32
1710	1008	21	32
1710	1008	21	32
1710	1008	21	32
1710	1008	21	32
1710	1008	21	32
1710	1008	21	32
1710	1008	21	32
1710	1008	21	32
1710	1008	21	32
1710	1008	21	32
1710	1008	21	32
1710	1008	21	32
1710	1008	21	32
1710	1008	21	32
1710	1008	21	32
1710	1008	21	32
1710	1008	21	32
1710	1008	21	32
1710	1008	21	32
1710	1008	21	32
1710	1008	21	32
1710	1008	21	32
1710	1008	21	32
1710	1008	21	32
1710	1008	21	32
1710	1008	21	32
1710	1008	21	32
1710	1008	21	32
1710	1008	21	32
1710	1008	21	32
1710	1008	21	32
1710	1008	21	32
1710	1008	21	32
1710	1008	21	32
1710	1008	21	32
1710	1008	21	32
1710	1008	21	32
1710	1008	21	32
1710	1008	21	32
1710	1008	21	32
1710	1008	21	32
1710	1008	21	32
1710	1008	21	32
1710	1008	21	32
1710	1008	21	32
1710	1008	21	32
1710	1008	21	32
1710	1008	21	32
1710	1008	21	32
1710	1008	21	32
1710	1008	21	32
1710	1008	21	32
1710	1008	21	32
1710	1008	21	32
1710	1008	21	32
1710	1008	21	32
1710	1008	21	32
1710	1008	21	32
1710	1008	21	32
1710	1008	21	32
1710	1008	21	32
1710	1008	21	32
1710	1008	21	32
1710	1008	21	32
1710	1008	21	32
1710	1008	21	32
1710	1008	21	32
1723	972	19	30
1723	972	19	30
1723	972	19	30
1725	975	16	29
1725	975	16	29
1726	980	17	28
1726	980	17	28
1726	980	17	28
1726	980	17	28
1726	980	17	28
1726	980	17	28
1726	980	17	28
1726	980	17	28
1726	980	17	28
1726	980	17	28
1726	980	17	28
1726	980	17	28
1726	980	17	28
1726	980	17	28
1726	980	17	28
1726	980	17	28
1726	980	17	28
1726	980	17	28
1726	980	17	28
1726	980	17	28
1727	986	16	24
1727	986	16	24
1727	986	16	24
1727	986	16	24
1727	986	16	24
1727	986	16	24
1727	986	16	24
1727	986	16	24
1727	986	16	24
1727	986	16	24
1727	986	16	24
1727	986	16	24
1727	986	16	24
1727	986	16	24
1727	986	16	24
1709	973	15	24
1709	973	15	24
1709	973	15	24
1709	973	15	24
1709	973	15	24
1709	973	15	24
1709	973	15	24
1709	973	15	24
1709	973	15	24
1709	973	15	24
1678	978	19	25
1678	978	19	25
1678	978	19	25
1678	978	19	25
1678	978	19	25
1678	978	19	25
1678	978	19	25
1678	978	19	25
1678	978	19	25
1678	978	19	25
1678	978	19	25
1678	978	19	25
1678	978	19	25
1678	978	19	25
1678	978	19	25
1678	978	19	25
1678	978	19	25
1678	978	19	25
1678	978	19	25
1678	978	19	25
1647	979	20	22
1647	979	20	22
1647	979	20	22
1647	979	20	22
1647	979	20	22
1647	979	20	22
1647	979	20	22
1647	979	20	22
1647	979	20	22
1647	979	20	22
1647	979	20	22
1647	979	20	22
1647	979	20	22
1647	979	20	22
1647	979	20	22
1614	1003	16	18
1614	1003	16	18
1614	1003	16	18
1614	1003	16	18
1614	1003	16	18
1614	1003	16	18
1614	1003	16	18
1614	1003	16	18
1614	1003	16	18
1614	1003	16	18
1614	1003	16	18
1614	1003	16	18
1614	1003	16	18
1614	1003	16	18
1614	1003	16	18
1614	1003	16	18
1614	1003	16	18
1614	1003	16	18
1614	1003	16	18
1614	1003	16	18
1614	1003	16	18
1597	1010	19	21
1597	1010	19	21
1597	1010	19	21
1603	991	17	25
1603	991	17	25
1603	991	17	25
1603	991	17	25
1603	991	17	25
1603	991	17	25
1603	991	17	25
1603	991	17	25
1603	991	17	25
1603	991	17	25
1603	991	17	25
1603	991	17	25
1603	991	17	25
1603	991	17	25
1603	991	17	25
1603	991	17	25
1603	991	17	25
1603	991	17	25
1603	991	17	25
1603	991	17	25
1603	991	17	25
1603	991	17	25
1603	991	17	25
1603	991	17	25
1603	991	17	25
1603	991	17	25
1603	991	17	25
1603	991	17	25
1603	991	17	25
1603	991	17	25
1603	991	17	25
1603	991	17	25
1603	991	17	25
1603	991	17	25
1603	991	17	25
1603	991	17	25
1603	991	17	25
1603	991	17	25
1603	991	17	25
1603	991	17	25
1603	991	17	25
1603	991	17	25
1603	991	17	25
1603	991	17	25
1603	991	17	25
1603	991	17	25
1603	991	17	25
1603	991	17	25
1603	991	17	25
1603	991	17	25
1603	991	17	25
1603	991	17	25
1603	991	17	25
1603	991	17	25
1603	991	17	25
1603	991	17	25
1603	991	17	25
1603	991	17	25
1603	991	17	25
1603	991	17	25
1603	991	17	25
1603	991	17	25
1603	991	17	25
1603	991	17	25
1603	991	17	25
1603	991	17	25
1603	991	17	25
1603	991	17	25
1603	991	17	25
1603	991	17	25
1603	991	17	25
1603	991	17	25
1603	991	17	25
1603	991	17	25
1603	991	17	25
1603	991	17	25
1603	991	17	25
1603	991	17	25
1603	991	17	25
1603	991	17	25
1603	991	17	25
1603	991	17	25
1603	991	17	25
1603	991	17	25
1603	991	17	25
1603	991	17	25
1603	991	17	25
1603	991	17	25
1603	991	17	25
1603	991	17	25
1603	991	17	25
1603	991	17	25
1603	991	17	25
1603	991	17	25
1603	991	17	25
1603	991	17	25
1603	991	17	25
1603	991	17	25
1603	991	17	25
1603	991	17	25
1603	991	17	25
1603	991	17	25
1603	991	17	25
1603	991	17	25
1603	991	17	25
1603	991	17	25
1603	991	17	25
1603	991	17	25
1603	991	17	25
1603	991	17	25
1603	991	17	25
1603	991	17	25
1603	991	17	25
1603	991	17	25
1603	991	17	25
1603	991	17	25
1603	991	17	25
1603	991	17	25
1603	991	17	25
1603	991	17	25
1603	991	17	25
1603	991	17	25
1603	991	17	25
1603	991	17	25
1603	991	17	25
1603	991	17	25
1603	991	17	25
1603	991	17	25
1603	991	17	25
1603	991	17	25
1603	991	17	25
1603	991	17	25
1603	991	17	25
1603	991	17	25
1603	991	17	25
1603	991	17	25
1603	991	17	25
1603	991	17	25
1603	991	17	25
1603	991	17	25
1603	991	17	25
1603	991	17	25
1603	991	17	25
1603	991	17	25
1603	991	17	25
1603	991	17	25
1603	991	17	25
1603	991	17	25
1603	991	17	25
1603	991	17	25
1603	991	17	25
1603	991	17	25
1603	991	17	25
1603	991	17	25
1603	991	17	25
1603	991	17	25
1603	991	17	25
1603	991	17	25
1603	991	17	25
1603	991	17	25
1603	991	17	25
1603	991	17	25
1603	991	17	25
1603	991	17	25
1603	991	17	25
1603	991	17	25
1603	991	17	25
1603	991	17	25
1603	991	17	25
1603	991	17	25
1603	991	17	25
1603	991	17	25
1603	991	17	25
1603	991	17	25
1603	991	17	25
1603	991	17	25
1603	991	17	25
1603	991	17	25
1603	991	17	25
1603	991	17	25
1603	991	17	25
1603	991	17	25
1603	991	17	25
1603	991	17	25
1603	991	17	25
1603	991	17	25
1603	991	17	25
1603	991	17	25
1603	991	17	25
1603	991	17	25
1603	991	17	25
1603	991	17	25
1603	991	17	25
1603	991	17	25
1603	991	17	25
1603	991	17	25
1603	991	17	25
1603	991	17	25
1603	991	17	25
1603	991	17	25
1603	991	17	25
1603	991	17	25
1603	991	17	25
1603	991	17	25
1603	991	17	25
1603	991	17	25
1603	991	17	25
