1062	914	400	163
1063	904	390	173
1066	905	376	173
1061	902	376	175
1064	898	363	174
1055	890	368	183
1061	886	372	185
1056	882	359	180
1051	884	375	180
1048	877	371	195
1048	869	380	201
1051	868	363	200
1048	863	363	200
1046	860	364	205
1057	857	357	215
1050	846	359	206
1055	838	340	224
1052	833	362	228
1055	826	354	213
1043	832	366	211
1050	821	356	222
1042	820	368	221
1044	816	357	208
1040	817	353	215
1047	812	341	219
1048	807	342	218
1042	810	347	212
1039	807	336	201
1043	805	334	213
1039	800	340	211
1037	800	342	211
1038	803	353	206
1035	797	343	206
1038	798	328	202
1039	797	336	209
1035	795	337	201
1033	794	332	194
1029	798	339	199
1039	794	328	209
1027	798	344	202
1027	796	349	199
1033	794	327	202
1023	793	338	193
1028	794	332	201
1026	792	341	207
1022	792	353	202
1016	793	349	205
1019	794	333	192
1016	790	347	204
1021	790	335	209
1021	786	338	208
1018	788	331	201
1008	794	344	203
1017	783	332	211
1017	788	320	206
1009	784	335	211
1008	783	340	200
1010	784	323	211
1012	782	325	214
1007	784	331	210
1007	788	338	208
997	787	344	205
1005	783	330	204
991	785	341	194
997	781	342	211
994	783	350	199
998	784	338	210
1003	778	320	217
996	783	335	209
998	783	335	213
995	782	339	215
991	784	348	208
987	787	344	206
987	781	338	215
986	779	344	224
984	775	340	217
986	778	344	219
994	777	323	214
977	788	351	204
980	785	346	212
979	778	335	217
981	781	335	218
975	789	359	207
974	786	339	211
975	783	338	216
980	783	343	218
966	789	354	211
971	786	339	215
983	788	336	219
970	782	338	218
968	786	338	219
963	786	356	224
972	783	336	223
978	783	320	219
961	786	348	224
965	783	337	223
966	785	337	225
959	785	354	220
958	782	344	226
962	781	336	230
958	787	343	224
961	783	341	228
957	789	345	225
953	786	336	223
954	784	332	225
958	788	338	224
943	791	366	218
947	785	351	225
943	790	361	224
948	789	363	223
941	790	360	224
936	789	371	220
945	785	338	225
936	788	351	226
939	792	342	234
932	787	352	233
936	787	349	235
935	791	351	231
931	793	362	226
931	789	378	233
924	788	424	227
917	796	417	218
922	787	384	229
926	789	368	234
922	793	370	231
915	800	397	228
916	792	372	233
920	797	377	229
905	798	370	234
920	798	353	228
908	799	379	235
916	796	350	235
905	801	366	227
914	793	340	240
912	799	343	234
906	796	352	245
902	797	379	244
904	800	378	238
897	797	371	247
895	803	379	248
904	803	372	251
902	798	377	255
891	810	399	237
881	808	404	238
882	809	401	239
883	811	396	240
885	814	392	242
877	808	415	248
876	809	407	247
870	811	407	243
874	815	397	242
868	818	403	240
869	816	389	240
870	817	392	240
861	820	407	245
866	818	402	240
872	810	387	254
863	810	400	258
858	810	403	255
860	808	397	259
865	812	384	259
849	818	405	252
849	815	399	252
852	818	390	249
846	824	405	247
838	824	411	246
847	819	391	250
851	817	386	259
852	819	388	259
844	823	402	253
839	826	401	251
844	830	391	249
836	824	394	253
827	829	408	253
827	834	412	240
822	829	411	245
825	830	408	247
832	831	392	242
812	832	411	244
826	831	395	251
818	829	409	252
818	830	401	248
809	840	414	231
814	839	400	242
808	836	401	243
818	834	390	249
809	833	408	243
809	830	400	247
814	838	390	241
807	836	394	245
807	835	394	256
817	839	382	243
819	841	376	243
804	843	408	237
795	842	416	241
801	843	408	237
794	845	400	239
800	841	393	238
792	848	421	236
801	847	396	236
789	846	403	237
799	847	394	227
792	849	395	234
784	853	396	228
794	849	378	232
791	844	383	231
788	848	400	232
778	847	418	233
780	850	402	228
782	850	383	229
784	846	379	231
781	852	379	235
778	853	378	230
777	858	375	226
768	854	381	229
762	850	383	236
768	856	380	235
765	853	382	235
768	856	381	238
756	853	396	241
759	849	394	230
764	855	381	236
752	858	388	237
756	860	386	232
751	856	391	237
757	853	375	242
763	859	371	231
753	859	386	231
756	863	379	228
758	861	370	230
753	858	363	222
752	865	364	228
740	858	391	230
747	864	378	230
745	861	371	231
743	866	367	229
747	867	358	228
742	866	366	225
738	871	378	216
729	871	383	223
734	870	381	219
732	870	371	222
726	875	379	219
740	874	352	217
731	870	370	222
743	875	352	217
729	872	363	219
724	875	369	213
727	872	360	216
722	879	363	213
742	873	333	215
746	870	331	216
719	868	359	219
718	875	365	217
715	874	372	215
714	872	363	221
713	869	366	222
718	872	353	221
708	866	367	215
716	873	353	213
715	868	357	215
721	864	344	224
713	870	360	217
706	870	368	225
701	868	373	222
709	862	355	222
706	859	361	229
703	854	356	239
704	853	363	234
705	854	359	237
708	850	348	234
699	843	358	241
703	846	354	251
703	843	344	244
699	838	352	250
704	832	350	247
698	835	352	252
695	838	348	251
697	832	344	254
700	829	340	253
696	838	362	247
702	823	334	265
701	818	333	268
703	821	339	257
706	811	322	261
703	812	319	268
700	804	339	273
698	803	329	268
699	806	322	266
699	799	330	267
700	793	315	274
701	795	321	275
705	788	323	286
700	791	316	279
699	785	319	294
708	776	311	295
715	774	299	296
704	767	311	299
710	771	296	286
707	764	315	283
709	763	306	278
713	760	294	278
719	755	292	277
712	751	299	278
714	755	288	262
712	748	300	264
717	744	287	275
719	738	290	268
716	744	292	250
714	727	292	257
719	727	279	259
711	726	292	248
724	714	274	247
717	713	278	248
724	714	273	238
718	714	276	229
714	712	280	232
721	705	279	232
721	703	275	232
718	699	276	235
721	702	274	235
720	697	269	235
720	696	269	233
720	702	263	225
721	699	265	224
719	698	267	226
720	700	268	217
725	697	262	224
723	699	266	219
727	706	259	217
727	702	267	213
728	701	259	216
727	700	264	223
724	704	265	210
727	702	266	212
728	704	277	212
727	703	268	217
732	699	259	222
735	699	252	221
732	701	264	221
732	703	262	217
733	701	260	216
736	703	252	216
731	703	268	221
733	704	260	218
730	701	263	223
730	703	267	220
732	700	260	227
732	703	271	215
731	699	258	215
731	702	257	213
729	703	274	211
732	702	263	221
733	700	258	231
731	699	278	226
733	699	268	229
727	699	264	230
727	701	274	222
731	703	267	216
734	699	264	219
734	703	264	214
735	701	253	216
734	698	260	222
733	702	266	221
732	704	260	214
735	704	256	216
734	702	266	210
734	702	259	213
734	699	267	220
738	702	255	213
737	701	248	214
733	704	260	213
733	706	264	208
734	702	267	217
731	697	276	222
736	702	259	215
737	704	254	216
741	704	249	216
740	701	253	222
739	704	254	215
739	705	255	211
737	706	251	215
738	709	254	211
736	703	265	220
738	704	259	223
739	706	252	221
740	706	258	220
738	704	258	214
743	704	256	217
740	700	251	222
741	697	251	221
738	703	255	214
743	700	247	216
742	704	252	210
742	702	259	213
741	701	252	214
745	705	249	211
745	706	242	210
749	702	246	217
744	703	248	222
750	704	252	220
748	707	244	212
753	701	243	219
755	705	239	209
754	704	240	208
755	706	239	214
755	706	235	205
761	703	229	216
753	703	244	213
762	707	232	210
760	706	233	211
763	708	232	209
764	708	227	207
761	712	234	204
767	712	228	201
766	710	231	206
766	710	228	201
766	705	232	205
769	707	229	209
772	710	221	203
775	714	218	198
774	714	217	201
779	707	215	206
774	713	221	199
777	716	220	195
777	717	221	197
780	711	217	204
781	714	214	206
782	716	218	201
785	715	206	203
785	716	216	199
782	719	216	190
783	714	221	203
789	710	215	200
789	716	209	203
788	711	208	206
793	718	209	195
794	710	207	203
793	716	206	200
793	718	208	192
794	721	203	194
797	718	203	194
793	720	207	193
798	718	205	196
797	721	207	191
800	723	204	190
799	719	200	195
799	724	206	186
798	722	196	190
801	718	202	193
799	719	204	191
802	721	197	188
803	721	205	187
802	716	208	195
805	716	206	194
804	722	203	192
804	719	194	192
808	723	205	187
806	724	203	184
807	725	203	184
806	722	201	187
810	722	198	182
810	723	201	187
808	722	208	188
811	724	203	183
813	723	198	187
813	723	197	186
810	719	201	190
812	719	199	188
812	722	200	187
812	720	203	185
814	715	201	193
815	720	195	187
812	721	207	182
815	720	198	183
816	721	199	180
820	724	198	179
818	721	199	175
817	720	200	175
818	719	196	181
818	718	201	180
819	720	203	178
821	721	196	174
818	722	201	175
828	718	194	172
824	721	193	170
823	719	202	172
822	719	201	174
822	718	197	170
825	724	204	162
827	719	196	168
823	721	202	165
825	719	203	174
831	719	192	168
827	719	197	174
830	730	194	165
830	723	201	170
830	723	197	172
830	724	197	168
827	725	206	168
827	720	202	170
832	721	195	168
833	722	189	165
831	720	197	166
825	717	203	166
827	716	202	170
829	723	191	157
829	708	194	169
823	708	201	170
826	711	198	160
832	705	190	157
827	702	195	165
828	700	191	161
826	698	197	156
829	701	191	154
825	699	198	154
828	696	191	154
830	691	186	158
823	692	196	158
828	691	191	152
824	697	192	148
828	696	192	144
824	692	192	147
827	689	191	149
828	687	184	150
832	690	186	142
828	688	183	148
828	684	186	150
829	684	187	147
829	683	183	148
832	689	183	139
831	693	178	137
835	685	182	136
832	684	177	145
833	684	185	137
828	685	184	142
834	687	184	136
832	681	170	140
835	683	180	137
831	679	183	140
833	680	185	137
828	686	180	133
833	682	187	131
832	678	173	139
836	677	180	134
836	684	172	130
834	676	179	138
834	682	177	129
831	683	175	129
835	675	178	132
836	676	171	132
830	674	176	136
838	674	173	133
835	677	171	128
833	675	181	128
832	680	171	125
834	678	173	123
834	672	172	131
835	673	170	127
836	672	171	130
837	676	170	122
838	671	170	128
831	669	170	129
839	669	170	128
834	678	167	120
837	672	171	122
837	672	166	122
836	673	163	124
838	665	161	129
841	667	163	124
836	678	166	115
841	669	162	120
840	669	160	126
839	663	163	129
836	669	167	123
840	664	165	125
841	669	169	116
836	665	167	124
838	665	164	122
837	666	167	119
840	666	153	121
839	662	164	121
837	661	161	124
840	664	165	116
841	659	158	127
839	659	161	120
842	662	159	115
841	658	155	123
843	657	162	121
840	661	166	118
841	657	159	118
836	660	160	116
844	657	161	116
841	668	158	105
844	661	153	114
843	651	155	123
844	653	156	118
841	654	155	119
844	653	156	116
844	652	151	120
843	652	158	117
844	652	154	113
844	650	153	120
845	650	153	113
845	653	149	108
845	651	153	113
848	650	153	111
846	649	152	114
841	646	152	116
844	645	156	115
842	644	152	118
845	643	153	116
847	646	151	111
843	647	150	110
846	644	148	112
845	643	146	113
844	639	147	115
845	636	152	114
844	637	151	114
843	639	150	112
846	636	148	111
843	639	148	109
845	637	148	111
845	637	149	107
846	634	150	112
845	638	147	104
845	632	148	112
843	631	145	110
844	630	149	111
846	631	145	107
848	628	142	110
845	631	142	109
844	626	148	113
846	623	139	112
845	626	143	112
847	627	139	109
848	623	144	110
848	625	143	109
847	625	143	107
848	623	138	108
847	620	142	109
850	622	141	105
846	620	141	108
846	618	140	111
847	616	136	109
847	612	128	114
846	612	141	112
846	615	135	110
848	612	116	107
850	612	96	108
850	615	113	107
848	614	100	104
856	618	107	102
850	614	96	103
853	609	110	112
849	604	99	114
859	608	103	115
851	608	96	106
850	617	116	98
849	612	98	100
850	607	96	105
851	603	93	107
849	604	96	106
849	602	95	107
850	602	96	107
852	598	92	112
850	603	95	106
851	600	93	108
850	599	95	107
849	603	95	101
847	598	101	106
849	603	93	102
849	601	92	102
847	599	95	104
849	598	93	104
846	601	97	100
846	601	98	100
848	595	94	104
849	592	90	107
848	596	92	103
849	594	93	104
849	599	89	98
846	595	96	102
847	592	94	106
848	592	93	107
846	590	96	107
846	601	96	97
849	595	89	100
849	596	90	99
847	598	94	97
848	595	94	99
848	599	95	95
847	596	91	99
846	587	96	107
848	591	90	100
846	590	94	102
847	591	91	99
847	592	92	98
845	592	93	98
846	595	94	95
846	590	92	102
846	588	93	102
847	592	91	99
847	593	89	96
845	588	94	103
848	582	92	110
846	588	95	103
847	582	92	109
847	578	91	113
848	572	90	121
847	583	89	109
846	580	93	111
846	582	89	109
846	579	89	110
849	581	87	109
848	578	88	110
847	576	91	113
849	580	87	111
848	580	87	112
849	580	86	112
848	582	88	109
848	581	90	110
849	586	87	106
847	592	90	102
846	592	92	100
846	590	94	103
845	589	101	104
846	586	90	108
849	586	89	108
848	583	91	110
847	584	93	114
846	583	92	114
845	582	96	116
845	579	93	112
845	587	94	109
845	587	90	107
844	584	91	109
844	588	92	107
844	585	88	112
845	583	86	111
844	586	91	112
843	590	91	111
847	589	91	106
849	589	94	113
857	586	90	111
868	588	89	111
883	588	92	109
903	586	88	110
925	588	89	109
950	585	91	109
979	591	93	108
1013	589	90	114
1040	592	94	105
1071	597	94	98
1098	593	92	103
1117	597	92	99
1134	594	92	106
1145	598	99	104
1158	593	90	107
1168	596	86	104
1170	593	92	107
1172	598	98	99
1173	597	101	104
1176	592	88	109
1176	593	92	107
1176	593	91	107
1174	594	95	110
1174	595	92	110
1172	597	98	105
1171	598	108	108
1167	601	98	105
1169	593	89	105
1167	592	100	110
1166	596	104	104
1161	594	103	105
1164	594	99	104
1164	595	90	106
1158	598	105	111
1156	601	118	108
1153	601	123	105
1149	602	131	105
1148	611	137	94
1149	614	124	95
1144	626	131	78
1145	604	118	86
1144	604	101	94
1147	600	85	97
1143	611	96	85
1138	632	96	66
1138	623	90	57
1135	630	88	58
1133	628	88	62
1131	617	86	70
1128	626	86	67
1126	619	88	68
1133	596	87	84
1127	597	100	89
1125	591	114	109
1128	591	115	109
1125	589	119	106
1123	587	118	108
1124	586	116	110
1127	587	113	108
1128	588	108	101
1126	585	117	108
1125	584	122	110
1130	582	147	110
1120	576	143	123
1128	574	150	118
1129	574	158	119
1128	590	157	98
1115	598	147	100
1131	580	164	91
1127	576	159	112
1131	581	152	103
1119	576	149	114
1132	574	149	102
1116	578	154	103
1135	578	142	102
1136	575	155	103
1128	573	155	107
1134	579	161	92
1137	575	161	96
1135	585	155	90
1138	585	141	88
1142	582	154	91
1117	586	153	87
1141	585	150	90
1121	587	143	83
1143	587	141	81
1145	585	132	83
1147	588	129	78
1147	589	132	80
1148	586	149	76
1133	587	136	72
1151	590	127	79
1153	581	130	83
1151	587	142	79
1143	589	122	77
1152	586	112	78
1155	587	92	79
1157	585	87	81
1158	584	84	79
1162	582	80	79
1163	586	83	75
1166	584	79	78
1167	586	84	79
1172	586	82	79
1171	584	84	81
1170	583	78	79
1185	591	82	74
1181	592	87	72
1178	589	88	71
1174	588	81	68
1185	594	93	66
1187	601	94	60
1186	581	88	76
1185	592	83	68
1186	595	84	67
1196	600	86	59
1197	585	78	71
1192	586	73	72
1199	587	85	73
1197	597	87	64
1196	593	79	67
1200	595	72	65
1204	595	71	67
1203	591	77	70
1204	587	74	74
1208	591	72	69
1213	588	70	75
1216	588	79	74
1211	597	79	64
1217	604	76	59
1221	608	77	55
1226	616	72	46
1222	601	61	60
1226	615	59	50
1230	609	54	50
1228	598	54	57
1230	603	53	61
1241	615	42	51
1243	617	47	49
1239	602	46	55
1235	598	48	60
1243	600	53	67
1252	606	59	62
1272	612	60	57
1251	609	64	62
1246	606	69	66
1260	606	81	74
1261	621	79	62
1264	626	71	56
1264	626	71	56
1288	633	65	57
1288	638	62	57
1292	641	58	60
1292	641	58	60
1292	641	58	60
1292	641	58	60
1292	641	58	60
1292	641	58	60
1292	641	58	60
1292	641	58	60
1292	641	58	60
1292	641	58	60
1292	641	58	60
1292	641	58	60
1292	641	58	60
1292	641	58	60
1292	641	58	60
1292	641	58	60
1292	641	58	60
1292	641	58	60
1292	641	58	60
1292	641	58	60
1292	641	58	60
1292	641	58	60
1368	716	48	51
1373	720	39	49
1376	723	36	43
1377	724	42	48
1377	724	42	48
1380	731	40	41
1380	731	40	41
1380	731	40	41
1380	731	40	41
1380	731	40	41
1380	731	40	41
1380	731	40	41
1380	731	40	41
1380	731	40	41
1380	731	40	41
1380	731	40	41
1380	731	40	41
1420	755	35	42
1420	755	35	42
1420	755	35	42
1420	755	35	42
1420	755	35	42
1420	755	35	42
1420	755	35	42
1420	755	35	42
1420	755	35	42
1392	775	31	45
1338	753	38	46
1308	749	33	39
1271	749	30	34
1231	748	32	36
1217	758	29	32
1217	758	29	32
1217	758	29	32
1217	758	29	32
1217	758	29	32
1217	758	29	32
1217	758	29	32
1217	758	29	32
1217	758	29	32
1217	758	29	32
1217	758	29	32
1217	758	29	32
1217	758	29	32
1217	758	29	32
1217	758	29	32
1217	758	29	32
1217	758	29	32
1217	758	29	32
1217	758	29	32
1217	758	29	32
1217	758	29	32
1217	758	29	32
1217	758	29	32
1217	758	29	32
1217	758	29	32
1217	758	29	32
1217	758	29	32
1217	758	29	32
1217	758	29	32
1217	758	29	32
1217	758	29	32
1217	758	29	32
1217	758	29	32
1217	758	29	32
1217	758	29	32
1217	758	29	32
1217	758	29	32
1217	758	29	32
1217	758	29	32
1217	758	29	32
1217	758	29	32
1217	758	29	32
1217	758	29	32
1217	758	29	32
1217	758	29	32
1217	758	29	32
1217	758	29	32
1217	758	29	32
1217	758	29	32
1217	758	29	32
1217	758	29	32
1217	758	29	32
1217	758	29	32
1217	758	29	32
1217	758	29	32
1217	758	29	32
1217	758	29	32
1217	758	29	32
1217	758	29	32
1217	758	29	32
1217	758	29	32
1217	758	29	32
1217	758	29	32
1217	758	29	32
1217	758	29	32
1217	758	29	32
1217	758	29	32
1217	758	29	32
1217	758	29	32
1217	758	29	32
1217	758	29	32
1217	758	29	32
1217	758	29	32
1217	758	29	32
1217	758	29	32
1217	758	29	32
1217	758	29	32
1217	758	29	32
1217	758	29	32
1217	758	29	32
1217	758	29	32
1217	758	29	32
1217	758	29	32
1217	758	29	32
1217	758	29	32
1217	758	29	32
1217	758	29	32
1217	758	29	32
1217	758	29	32
1217	758	29	32
1217	758	29	32
1217	758	29	32
1217	758	29	32
1217	758	29	32
1217	758	29	32
1217	758	29	32
1217	758	29	32
1217	758	29	32
1217	758	29	32
1217	758	29	32
1217	758	29	32
1217	758	29	32
1217	758	29	32
1217	758	29	32
1217	758	29	32
1217	758	29	32
1217	758	29	32
1217	758	29	32
1217	758	29	32
1217	758	29	32
1217	758	29	32
1217	758	29	32
1217	758	29	32
1217	758	29	32
1217	758	29	32
1217	758	29	32
1217	758	29	32
1217	758	29	32
1217	758	29	32
1217	758	29	32
1217	758	29	32
1217	758	29	32
1217	758	29	32
1217	758	29	32
1217	758	29	32
1217	758	29	32
1217	758	29	32
1217	758	29	32
1217	758	29	32
1217	758	29	32
1217	758	29	32
1217	758	29	32
1217	758	29	32
1217	758	29	32
1217	758	29	32
1217	758	29	32
1217	758	29	32
1217	758	29	32
1217	758	29	32
1217	758	29	32
1217	758	29	32
1217	758	29	32
1217	758	29	32
1217	758	29	32
1217	758	29	32
1217	758	29	32
1217	758	29	32
1217	758	29	32
1217	758	29	32
1217	758	29	32
1217	758	29	32
1217	758	29	32
1217	758	29	32
1217	758	29	32
1217	758	29	32
1217	758	29	32
1217	758	29	32
1217	758	29	32
1217	758	29	32
1217	758	29	32
1217	758	29	32
1217	758	29	32
1217	758	29	32
1217	758	29	32
1217	758	29	32
1217	758	29	32
1217	758	29	32
1217	758	29	32
1217	758	29	32
1217	758	29	32
1217	758	29	32
1217	758	29	32
1217	758	29	32
1217	758	29	32
1217	758	29	32
1217	758	29	32
1217	758	29	32
1217	758	29	32
1217	758	29	32
1217	758	29	32
1217	758	29	32
1217	758	29	32
1217	758	29	32
1217	758	29	32
1217	758	29	32
1217	758	29	32
1217	758	29	32
1217	758	29	32
1217	758	29	32
1217	758	29	32
1217	758	29	32
1217	758	29	32
1217	758	29	32
1217	758	29	32
1217	758	29	32
1217	758	29	32
1217	758	29	32
1217	758	29	32
1217	758	29	32
1217	758	29	32
1217	758	29	32
1217	758	29	32
1217	758	29	32
1217	758	29	32
1217	758	29	32
1217	758	29	32
1217	758	29	32
1217	758	29	32
1217	758	29	32
1217	758	29	32
1217	758	29	32
1217	758	29	32
1217	758	29	32
1217	758	29	32
1217	758	29	32
1217	758	29	32
1217	758	29	32
1217	758	29	32
1217	758	29	32
1217	758	29	32
1217	758	29	32
1217	758	29	32
1217	758	29	32
1217	758	29	32
1217	758	29	32
1217	758	29	32
1217	758	29	32
1217	758	29	32
1217	758	29	32
1217	758	29	32
1217	758	29	32
1217	758	29	32
1217	758	29	32
1217	758	29	32
1217	758	29	32
1217	758	29	32
1217	758	29	32
1217	758	29	32
1217	758	29	32
1217	758	29	32
1217	758	29	32
1217	758	29	32
1217	758	29	32
1217	758	29	32
1217	758	29	32
1217	758	29	32
1217	758	29	32
1217	758	29	32
1217	758	29	32
1217	758	29	32
1217	758	29	32
1217	758	29	32
1217	758	29	32
1217	758	29	32
1217	758	29	32
1217	758	29	32
1217	758	29	32
1217	758	29	32
1217	758	29	32
1217	758	29	32
1217	758	29	32
1217	758	29	32
1217	758	29	32
1217	758	29	32
1217	758	29	32
1217	758	29	32
1217	758	29	32
1217	758	29	32
1217	758	29	32
1217	758	29	32
1217	758	29	32
1217	758	29	32
1217	758	29	32
1217	758	29	32
1217	758	29	32
1217	758	29	32
1217	758	29	32
1217	758	29	32
1217	758	29	32
1217	758	29	32
1217	758	29	32
1217	758	29	32
1217	758	29	32
1217	758	29	32
1217	758	29	32
1217	758	29	32
1217	758	29	32
1217	758	29	32
1217	758	29	32
1217	758	29	32
1217	758	29	32
1217	758	29	32
1217	758	29	32
1217	758	29	32
1217	758	29	32
1217	758	29	32
1217	758	29	32
1217	758	29	32
1217	758	29	32
1217	758	29	32
1217	758	29	32
1217	758	29	32
1217	758	29	32
1217	758	29	32
1217	758	29	32
1217	758	29	32
1217	758	29	32
1217	758	29	32
1217	758	29	32
1217	758	29	32
1217	758	29	32
1217	758	29	32
1217	758	29	32
1217	758	29	32
1217	758	29	32
1217	758	29	32
1217	758	29	32
1217	758	29	32
1217	758	29	32
1217	758	29	32
1217	758	29	32
1217	758	29	32
1217	758	29	32
1217	758	29	32
1217	758	29	32
1217	758	29	32
1217	758	29	32
1217	758	29	32
1217	758	29	32
1217	758	29	32
1217	758	29	32
1217	758	29	32
1217	758	29	32
1217	758	29	32
1217	758	29	32
1217	758	29	32
1217	758	29	32
1217	758	29	32
1194	708	26	31
1191	708	26	31
1191	708	26	31
1191	708	26	31
1191	708	26	31
1209	708	24	31
1209	708	24	31
1209	708	24	31
1209	708	24	31
1209	708	24	31
1226	703	25	30
1226	703	25	30
1228	703	23	31
1228	703	23	31
1239	697	18	29
1245	699	16	26
1248	699	15	28
1250	697	16	24
1256	698	14	23
1261	695	13	23
1264	695	10	21
1267	696	12	23
1270	694	11	23
1272	695	9	22
1276	693	12	20
1278	694	10	19
1281	695	12	16
1285	695	10	18
1285	695	10	18
1291	695	12	17
1291	695	12	17
1296	692	14	16
1297	694	15	16
1303	694	12	14
1306	694	11	15
1309	694	11	16
1312	693	10	18
1315	692	12	16
1317	693	13	18
1320	692	11	19
1323	692	11	18
1327	692	9	20
1331	689	11	20
1331	691	12	22
1336	690	11	21
1337	690	14	23
1341	690	11	23
1344	688	13	22
1343	689	15	23
1348	687	16	19
1352	687	12	21
1353	687	12	24
1358	687	13	26
1358	684	14	28
1361	686	15	27
1365	684	14	30
1372	682	16	31
1370	682	20	33
1315	674	24	31
1255	702	28	28
1256	699	30	32
1257	697	33	36
1257	697	34	32
1256	696	36	32
1250	694	37	34
1219	695	33	38
1228	689	30	34
1210	688	27	30
1190	685	32	32
1166	683	33	32
1138	679	33	34
1113	678	34	32
1082	675	37	34
1058	674	35	32
1034	673	32	29
1014	672	34	30
999	671	33	31
984	669	30	31
975	668	27	30
970	666	31	33
965	667	30	31
964	664	23	36
964	664	20	34
966	663	23	35
964	662	29	35
965	663	28	30
968	663	27	31
972	662	30	28
974	659	31	29
976	659	31	30
979	656	27	32
983	656	23	32
984	656	23	33
987	653	21	29
989	653	18	30
978	662	18	27
979	663	18	25
982	662	19	23
985	661	19	20
976	640	17	20
978	639	18	20
982	639	17	19
1016	623	15	19
1016	623	15	19
1016	623	16	21
1016	623	17	18
1037	647	18	20
1016	622	17	21
1040	646	15	24
1049	608	17	26
1043	644	23	30
1045	640	19	29
1045	639	19	28
1044	638	20	29
1053	638	20	28
1053	637	23	27
1051	635	20	27
1054	634	21	29
1056	633	27	27
1057	630	32	31
1059	627	30	33
1062	625	31	38
1066	623	29	45
1069	622	27	47
1070	622	33	48
1073	623	26	46
1075	619	28	47
1080	618	22	47
1081	615	21	44
1069	616	18	47
1073	617	23	47
1074	619	17	41
1100	615	17	43
1105	610	14	47
1104	612	17	44
1122	581	22	40
1105	611	24	36
1107	610	28	40
1107	608	28	43
1106	603	30	47
1124	581	39	43
1122	579	46	43
1107	609	43	40
1113	607	40	42
1118	608	33	42
1120	608	34	41
1123	608	30	41
1123	608	31	41
1121	610	34	38
1126	612	31	37
1129	613	32	38
1133	608	30	38
1134	613	29	38
1141	615	25	35
1143	614	24	36
1146	615	22	36
1147	615	22	36
1149	616	26	36
1152	615	25	37
1153	617	26	36
1153	618	25	34
1156	619	24	35
1151	618	23	38
1144	620	28	36
1152	619	31	38
1149	622	32	35
1172	620	30	36
1173	619	23	39
1173	619	27	36
1175	621	23	35
1177	621	23	40
1177	627	20	37
1177	629	21	32
1187	623	18	33
1191	623	21	34
1192	623	18	34
1191	622	22	36
1193	623	29	35
1192	625	28	34
1192	625	30	35
1193	626	27	36
1195	626	23	36
1198	625	25	35
1197	626	29	34
1193	627	37	34
1191	630	35	39
1191	630	35	39
1191	630	35	39
1191	630	35	39
1191	630	35	39
1191	630	35	39
1191	630	35	39
1207	619	40	42
1220	619	36	39
1223	622	37	35
1220	622	30	33
1222	620	29	33
1225	621	25	33
1226	622	23	32
1225	621	23	30
1228	620	28	32
1226	620	30	32
1229	617	29	33
1233	616	26	34
1234	617	22	30
1238	618	18	26
1243	617	19	30
1239	615	24	30
1238	614	25	28
1240	614	25	29
1242	613	28	30
1245	613	25	31
1244	611	28	30
1243	611	29	31
1246	612	26	26
1247	611	26	28
1246	610	31	31
1249	610	26	25
1253	607	26	31
1254	608	28	32
1255	607	25	33
1244	611	28	33
1244	610	34	30
1245	612	36	28
1253	607	35	31
1244	608	41	30
1246	612	40	28
1246	611	36	29
1246	611	36	29
1265	603	35	31
1277	601	34	30
1274	600	32	30
1277	600	29	30
1281	599	22	36
1278	599	22	31
1280	599	20	26
1280	599	20	26
1285	604	20	27
1285	604	20	27
1285	604	20	27
1276	601	23	25
1276	601	23	25
1276	601	23	25
1276	602	19	22
1278	602	21	20
1278	602	21	20
1278	602	21	20
1278	602	21	20
1278	602	21	20
1278	602	21	20
1309	590	18	24
1304	588	21	27
1304	588	21	27
1304	588	21	27
1304	588	21	27
1304	588	21	27
1304	588	21	27
1304	588	21	27
1304	588	21	27
1304	588	21	27
1304	588	21	27
1304	588	21	27
1304	588	21	27
1324	581	21	26
1321	579	25	23
1324	578	28	26
1324	576	25	27
1326	576	20	25
1326	575	21	25
1327	575	22	26
1329	574	26	28
1337	573	24	29
1337	574	23	27
1339	573	18	29
1341	574	19	32
1342	574	20	29
1343	573	18	32
1340	570	20	29
1340	570	18	26
1341	571	23	25
1344	569	17	28
1346	568	21	30
1349	566	25	34
1350	566	20	30
1351	566	19	29
1350	566	23	31
1352	564	23	34
1352	565	25	33
1351	566	27	33
1349	564	32	37
1351	565	27	41
1353	561	29	44
1351	562	32	47
1351	562	32	47
1351	562	32	47
1351	562	32	47
1353	559	26	42
1353	559	26	42
1354	558	28	51
1353	558	26	51
1351	563	29	45
1351	563	29	45
1365	553	23	41
1363	553	29	39
1363	552	31	42
1367	551	25	38
1368	553	26	34
1370	552	27	33
1348	546	27	35
1346	549	26	34
1376	552	21	31
1375	552	20	25
1375	552	20	23
1375	551	17	26
1357	547	18	28
1379	551	19	27
1383	551	24	27
1382	550	27	32
1385	550	22	29
1386	551	21	26
1387	551	18	27
1389	550	17	27
1392	551	17	25
1394	550	18	26
1394	550	22	28
1394	549	22	30
1395	549	18	30
1373	546	16	26
1399	551	17	24
1400	551	13	22
1403	551	14	21
1402	550	16	19
1404	550	18	18
1408	551	18	20
1407	550	20	20
1411	551	17	23
1411	551	19	27
1414	550	17	23
1416	549	17	23
1417	548	14	23
1419	549	14	24
1419	549	14	24
1419	549	14	24
1419	549	14	24
1427	549	12	24
1428	547	13	25
1428	546	13	24
1430	547	14	22
1431	547	16	20
1433	544	16	24
1434	542	16	27
1436	539	17	31
1438	537	17	35
1440	539	21	37
1442	543	20	36
1444	545	20	37
1444	546	24	36
1445	549	23	33
1446	548	21	31
1446	548	22	25
1447	548	23	22
1448	546	23	25
1448	544	21	26
1448	543	23	27
1449	541	23	31
1449	540	21	35
1449	540	21	35
1449	540	21	35
1449	540	21	35
1449	540	21	35
1449	540	21	35
1449	540	21	35
1449	540	21	35
1449	540	21	35
1449	540	21	35
1449	540	21	35
1449	540	21	35
1449	540	21	35
1449	540	21	35
1435	602	23	31
1435	602	23	31
1435	602	23	31
1435	602	23	31
1435	602	23	31
1435	602	23	31
1435	602	23	31
1435	602	23	31
1435	602	23	31
1435	602	23	31
1435	602	23	31
1435	602	23	31
1435	602	23	31
1440	592	28	36
1440	592	28	36
1440	592	28	36
1440	592	28	36
1440	592	28	36
1478	518	32	43
1482	518	30	47
1485	516	28	47
1488	518	24	38
1488	521	30	33
1488	522	28	34
1488	520	29	33
1488	521	29	33
1488	521	30	31
1490	521	34	30
1493	519	32	31
1493	520	34	29
1495	519	37	30
1494	519	35	30
1495	518	30	31
1498	518	23	34
1499	516	21	34
1498	518	25	29
1497	518	31	30
1499	515	30	32
1501	511	31	35
1504	505	32	40
1500	503	40	43
1498	504	43	50
1490	502	53	44
1489	505	58	40
1490	502	56	41
1489	504	56	43
1489	501	60	42
1492	506	61	43
1487	503	64	38
1489	502	67	37
1489	502	66	40
1490	505	64	45
1491	501	62	37
1492	498	63	40
1502	504	67	47
1498	503	65	37
1495	499	64	39
1497	501	60	37
1502	501	54	37
1509	507	51	30
1508	505	48	32
1509	504	48	35
1509	505	52	33
1507	505	53	32
1505	502	56	37
1495	499	63	38
1495	499	63	38
1495	499	63	38
1501	498	59	38
1501	500	61	36
1501	499	61	37
1502	498	61	38
1503	499	59	36
1503	499	61	37
1504	499	60	36
1504	495	60	42
1504	494	65	44
1506	497	65	39
1506	496	63	39
1505	497	61	39
1505	496	65	39
1505	495	64	39
1508	493	62	40
1507	494	62	42
1507	494	69	41
1509	494	69	40
1510	494	65	39
1510	494	59	36
1511	492	57	40
1513	492	61	38
1510	492	64	37
1513	492	67	36
1513	493	71	40
1517	492	76	41
1524	491	70	43
1529	490	54	40
1533	489	43	37
1536	490	43	37
1538	489	39	35
1536	488	40	37
1540	487	41	39
1539	487	39	36
1536	487	45	37
1535	486	47	38
1542	486	38	33
1540	485	37	32
1536	494	40	33
1542	484	39	35
1541	484	39	31
1541	492	38	28
1540	486	46	33
1540	483	43	32
1542	483	44	32
1547	483	38	32
1546	483	41	34
1551	483	34	33
1550	483	37	33
1548	483	36	31
1546	482	41	33
1543	481	46	32
1548	481	42	33
1550	480	36	33
1548	480	41	35
1544	481	48	34
1545	480	47	37
1548	479	45	40
1548	479	45	38
1549	480	46	37
1541	479	51	39
1551	478	44	42
1546	478	46	36
1543	478	49	36
1544	477	51	35
1544	477	53	37
1545	478	52	36
1545	477	53	40
1548	476	52	37
1548	476	53	36
1548	477	53	36
1548	476	52	37
1547	477	56	33
1544	477	55	33
1546	475	52	36
1547	476	53	38
1548	475	52	34
1548	474	54	36
1549	472	48	34
1549	472	53	33
1551	474	51	31
1552	472	49	35
1551	471	52	39
1554	471	49	35
1553	470	54	40
1553	470	55	38
1553	470	55	40
1554	469	56	36
1556	469	54	34
1557	469	53	37
1554	468	55	37
1555	469	59	38
1554	467	57	41
1556	467	57	38
1559	467	55	38
1560	466	53	40
1560	467	53	38
1560	467	56	37
1562	467	51	38
1562	467	53	37
1563	467	49	37
1564	467	51	40
1564	466	52	40
1563	465	54	40
1566	467	53	37
1566	465	51	44
1566	465	50	40
1567	465	52	39
1568	466	52	39
1570	464	50	41
1570	463	50	43
1570	464	49	40
1569	466	53	35
1569	466	52	36
1572	465	49	38
1570	465	50	37
1571	463	52	40
1571	465	51	33
1572	464	50	35
1572	463	49	34
1571	461	54	37
1573	462	49	35
1573	461	47	38
1573	460	51	37
1574	460	49	33
1574	460	50	36
1575	460	50	34
1574	461	52	35
1575	460	53	35
1576	459	50	34
1577	459	50	35
1577	459	50	35
1577	460	52	34
1578	459	51	33
1581	459	51	34
1582	461	50	33
1582	461	50	31
1583	460	48	31
1584	461	49	33
1585	458	48	34
1586	460	50	31
1587	461	51	31
1587	460	49	31
1588	461	53	30
1591	460	49	33
1591	460	49	34
1592	460	55	32
1592	461	54	31
1593	461	55	33
1595	460	53	32
1596	461	49	31
1597	460	51	31
1598	461	53	32
1600	460	51	31
1601	460	48	30
1602	461	52	33
1603	461	50	32
1605	461	47	30
1606	461	47	31
1607	461	52	32
1608	460	48	30
1610	460	50	31
1612	459	51	32
1613	459	48	32
1614	459	48	33
1616	460	47	30
1617	459	46	30
1618	460	50	31
1618	460	50	29
1620	460	48	29
1622	460	53	31
1623	460	55	31
1626	459	50	31
1627	458	47	32
1628	459	50	31
1629	458	53	33
1631	457	44	30
1633	457	45	28
1635	457	44	30
1635	458	47	33
1638	457	41	29
1639	457	44	31
1641	456	45	30
1643	457	44	28
1644	456	45	31
1647	456	43	29
1648	456	41	27
1648	456	46	31
1650	456	47	30
1653	456	45	32
1653	456	47	29
1655	455	46	30
1658	456	44	28
1659	455	45	30
1662	455	44	30
1663	457	44	29
1664	456	43	29
1666	455	43	28
1669	456	42	29
1670	457	44	27
1672	457	40	24
1674	457	44	28
1675	457	45	27
1678	457	46	26
1680	456	43	27
1681	457	45	30
1683	457	45	28
1683	457	44	26
1678	456	44	29
1669	455	45	28
1651	453	44	29
1628	452	45	29
1596	450	44	28
1557	449	45	27
1518	446	46	27
1473	443	45	26
1422	441	42	27
1378	440	39	25
1326	436	42	28
1280	434	43	28
1227	433	43	26
1174	431	42	26
1131	431	38	27
1085	432	35	23
1044	430	35	25
1012	429	32	25
983	430	36	26
964	427	31	27
946	430	30	26
932	429	34	29
923	429	29	29
916	428	32	30
912	428	32	30
911	429	31	24
910	428	29	27
910	426	27	30
911	426	24	29
914	427	24	27
916	428	25	26
914	427	25	26
917	428	25	24
919	427	23	27
920	426	23	27
922	425	24	27
917	428	28	25
921	430	24	21
922	430	26	24
923	428	26	27
921	427	29	29
923	427	31	30
925	428	27	28
926	427	28	26
927	429	30	25
929	428	31	27
929	426	29	32
931	425	32	33
934	426	29	28
936	425	27	27
939	426	26	25
940	427	27	23
944	427	24	22
944	427	27	23
945	424	24	28
942	427	29	27
934	427	29	28
919	425	34	32
899	426	33	32
877	427	31	31
843	427	27	25
811	428	27	23
770	430	28	23
722	430	31	26
680	432	35	23
628	433	36	26
588	435	32	26
533	438	30	24
482	445	30	23
431	447	29	26
383	449	33	28
327	452	37	27
306	453	30	31
258	454	28	32
239	454	33	28
217	455	31	29
204	455	37	28
192	454	41	30
187	455	39	31
182	452	39	37
179	454	43	34
177	453	48	35
178	454	46	33
178	453	49	38
182	452	47	33
184	452	44	34
187	449	41	40
189	448	35	45
195	446	35	49
196	444	37	57
196	449	35	58
201	452	36	58
199	457	46	57
200	459	48	46
200	460	53	45
202	457	48	53
202	455	48	56
202	459	57	55
201	458	56	50
205	458	55	54
204	457	56	57
206	456	54	55
207	456	51	54
206	454	57	57
208	455	61	66
208	452	63	79
209	451	59	67
210	450	59	67
212	450	56	77
213	449	58	70
211	446	61	84
214	445	59	83
214	444	58	77
214	447	60	78
212	446	64	72
213	445	64	70
212	444	64	70
214	443	68	78
215	443	61	82
212	442	60	78
214	442	62	74
211	440	70	88
212	440	70	85
212	437	68	83
212	437	68	87
214	438	67	91
212	439	71	86
212	439	67	77
211	439	66	76
214	439	65	86
213	439	66	94
214	439	65	95
215	440	67	94
215	441	65	92
216	444	61	89
218	442	60	87
216	444	67	87
213	443	67	90
215	443	68	98
216	443	66	102
215	446	69	98
218	447	63	97
217	447	64	89
216	448	66	91
217	447	59	100
215	446	66	102
218	447	63	99
217	447	62	99
223	447	49	107
221	448	53	102
222	447	45	96
220	441	53	100
220	450	61	94
219	451	64	95
223	449	55	99
220	447	60	97
217	449	68	104
218	449	64	110
221	446	59	108
224	447	47	115
223	442	46	112
220	452	58	103
216	450	71	97
218	448	63	116
215	447	71	109
221	446	58	112
215	449	74	106
216	449	67	112
220	448	60	118
221	445	57	103
219	449	62	106
225	448	46	125
228	445	43	117
230	438	46	112
227	447	50	124
227	442	49	125
230	433	48	124
221	446	51	121
219	445	55	121
213	442	73	130
212	442	70	133
222	442	53	133
220	442	59	136
218	440	61	141
217	441	63	135
220	441	52	130
223	442	49	131
225	441	47	137
221	434	57	136
223	443	50	133
225	443	46	134
225	440	49	126
225	442	43	138
226	439	43	138
229	435	43	131
218	438	59	138
216	434	72	152
214	440	71	145
224	435	56	154
217	439	67	150
222	432	57	166
221	436	59	166
215	436	69	169
217	431	74	176
217	428	72	186
216	428	79	176
217	433	72	173
220	431	78	180
214	428	98	187
216	430	89	189
217	426	87	197
219	427	82	196
219	428	79	185
217	429	76	173
219	431	67	165
225	432	44	161
223	432	48	152
220	434	60	156
223	434	55	146
226	429	49	157
224	432	53	156
222	433	61	157
222	430	52	158
224	434	50	144
223	434	53	153
224	427	50	159
222	427	55	168
226	430	49	155
224	424	52	155
223	429	57	162
219	424	61	175
221	424	61	170
221	425	60	155
219	422	66	162
228	416	50	173
223	421	58	180
230	421	54	197
227	420	52	195
230	420	48	193
224	419	57	206
228	417	53	212
231	414	55	215
231	419	55	212
228	416	49	199
237	421	39	201
234	418	42	193
234	418	43	193
234	410	41	200
237	415	36	192
235	420	38	178
238	424	37	170
239	419	33	161
239	417	33	161
236	422	32	172
237	420	36	164
235	424	34	168
236	421	32	162
235	419	35	155
232	421	33	163
234	425	30	162
230	423	35	156
232	423	32	158
229	419	33	150
229	421	31	155
247	417	34	148
229	424	33	153
246	405	38	161
228	424	37	160
228	423	37	164
226	419	47	176
228	416	45	172
227	418	50	169
233	418	54	159
226	421	71	148
227	422	76	167
223	419	84	146
192	429	77	167
225	420	77	164
198	416	81	155
201	431	77	175
203	410	100	198
214	415	87	199
220	409	81	216
219	412	78	235
220	421	81	257
212	418	86	285
221	406	73	304
219	397	74	311
213	422	77	304
199	416	90	301
212	409	74	303
211	401	74	316
211	382	68	335
212	411	65	330
202	409	79	319
207	397	66	349
194	374	83	356
189	419	84	344
196	393	78	379
185	380	97	381
192	422	89	368
200	409	79	390
211	410	72	388
212	408	77	403
207	395	80	412
212	363	72	420
210	404	75	410
195	399	89	416
204	401	78	421
202	395	83	429
205	403	77	431
202	380	83	438
204	418	76	432
193	412	96	448
194	412	84	457
194	409	83	461
193	402	85	481
165	397	120	492
165	397	120	492
165	397	120	492
165	397	120	492
165	397	120	492
165	397	120	492
165	397	120	492
165	397	120	492
165	397	120	492
165	397	120	492
165	397	120	492
165	397	120	492
165	397	120	492
165	397	120	492
165	397	120	492
363	279	148	482
363	279	148	482
363	279	148	482
363	279	148	482
363	279	148	482
363	279	148	482
363	279	148	482
363	279	148	482
363	279	148	482
363	279	148	482
363	279	148	482
363	279	148	482
363	279	148	482
363	279	148	482
363	279	148	482
363	279	148	482
363	279	148	482
363	279	148	482
363	279	148	482
363	279	148	482
363	279	148	482
363	279	148	482
363	279	148	482
363	279	148	482
363	279	148	482
363	279	148	482
338	293	190	460
181	421	164	509
188	426	115	539
184	421	140	526
198	428	141	508
91	440	163	529
186	432	117	557
188	410	141	602
187	404	153	647
187	404	153	647
166	408	178	662
166	408	178	662
171	425	158	656
196	415	146	661
89	408	162	651
89	408	162	651
178	426	189	619
178	426	189	619
178	426	189	619
179	422	162	640
183	416	167	668
162	423	230	665
162	433	167	649
185	406	139	674
185	414	153	656
190	413	158	653
190	414	145	679
177	407	173	680
175	423	136	645
180	403	136	692
192	408	139	667
184	413	159	669
173	433	120	656
183	418	125	652
194	395	128	693
183	415	136	671
186	411	135	665
176	398	137	687
177	387	150	715
174	417	162	668
175	416	137	676
180	401	153	685
154	425	167	658
180	405	143	681
175	413	154	682
168	406	174	681
154	426	147	669
171	427	123	658
175	408	133	655
186	413	119	669
165	411	159	663
136	418	204	669
145	423	213	661
172	409	194	684
163	416	198	665
191	414	176	663
182	426	141	658
189	421	132	666
176	411	148	668
174	417	130	659
181	396	132	691
179	408	139	689
193	396	138	680
177	408	134	669
164	419	145	656
174	408	127	677
173	398	156	683
181	402	163	683
169	407	170	678
170	405	152	685
178	401	145	679
180	407	163	683
168	403	188	686
156	418	180	661
182	410	144	646
169	411	107	599
166	397	127	619
177	410	120	654
162	400	160	654
148	417	184	660
155	408	187	684
140	423	179	656
162	415	133	675
149	392	161	699
162	424	135	654
181	412	108	623
175	410	131	605
194	418	103	578
194	395	116	541
187	406	103	504
189	420	108	493
206	418	107	490
204	409	100	495
196	416	111	471
200	417	102	454
207	406	93	474
210	408	97	480
211	416	93	472
202	424	104	462
213	423	81	434
217	426	77	438
219	423	80	430
209	424	86	436
218	430	87	427
225	422	82	424
235	427	79	423
239	423	75	405
240	421	77	387
240	438	87	410
247	425	76	404
245	426	80	390
251	427	77	397
249	417	89	419
251	415	86	431
251	418	91	438
247	421	93	434
250	420	95	446
248	421	100	441
256	420	97	432
266	425	92	406
276	433	86	415
286	435	81	393
280	435	79	389
274	433	77	402
272	425	75	404
265	423	84	429
270	425	82	424
262	422	87	432
245	426	108	439
244	432	110	452
270	427	97	424
283	429	77	390
294	437	73	381
300	423	72	351
306	427	64	341
309	427	66	327
312	433	70	316
319	433	61	317
321	431	63	320
285	429	63	335
331	442	59	318
333	444	72	336
341	453	66	338
287	424	88	315
281	429	93	313
344	444	63	294
292	429	77	316
345	430	62	305
297	426	70	308
348	435	64	318
352	433	64	313
359	434	56	321
364	442	57	326
310	420	75	323
357	427	90	337
370	446	81	341
313	428	97	365
374	435	89	394
378	435	108	394
306	426	136	408
398	435	104	411
367	429	93	431
382	435	77	404
395	427	76	405
333	409	105	373
415	437	128	377
347	421	154	405
365	405	196	415
416	452	164	457
337	423	212	474
301	419	274	498
253	490	309	518
253	490	309	518
188	549	310	534
188	549	310	534
188	549	310	534
188	549	310	534
188	549	310	534
188	549	310	534
188	549	310	534
188	549	310	534
188	549	310	534
188	549	310	534
188	549	310	534
188	549	310	534
188	549	310	534
188	549	310	534
188	549	310	534
188	549	310	534
188	549	310	534
188	549	310	534
188	549	310	534
188	549	310	534
188	549	310	534
188	549	310	534
188	549	310	534
188	549	310	534
188	549	310	534
188	549	310	534
188	549	310	534
188	549	310	534
188	549	310	534
188	549	310	534
188	549	310	534
188	549	310	534
188	549	310	534
188	549	310	534
188	549	310	534
188	549	310	534
188	549	310	534
188	549	310	534
188	549	310	534
188	549	310	534
188	549	310	534
188	549	310	534
188	549	310	534
188	549	310	534
188	549	310	534
188	549	310	534
188	549	310	534
188	549	310	534
188	549	310	534
188	549	310	534
188	549	310	534
188	549	310	534
188	549	310	534
188	549	310	534
188	549	310	534
188	549	310	534
188	549	310	534
188	549	310	534
270	473	382	588
270	473	382	588
270	473	382	588
270	473	382	588
270	473	382	588
270	473	382	588
270	473	382	588
270	473	382	588
270	473	382	588
270	473	382	588
270	473	382	588
270	473	382	588
270	473	382	588
270	473	382	588
270	473	382	588
270	473	382	588
270	473	382	588
270	473	382	588
270	473	382	588
270	473	382	588
270	473	382	588
270	473	382	588
270	473	382	588
270	473	382	588
270	473	382	588
270	473	382	588
270	473	382	588
270	473	382	588
270	473	382	588
270	473	382	588
270	473	382	588
270	473	382	588
270	473	382	588
270	473	382	588
270	473	382	588
270	473	382	588
270	473	382	588
270	473	382	588
270	473	382	588
270	473	382	588
270	473	382	588
270	473	382	588
270	473	382	588
270	473	382	588
270	473	382	588
270	473	382	588
270	473	382	588
270	473	382	588
270	473	382	588
270	473	382	588
270	473	382	588
270	473	382	588
270	473	382	588
270	473	382	588
270	473	382	588
270	473	382	588
270	473	382	588
270	473	382	588
270	473	382	588
270	473	382	588
270	473	382	588
270	473	382	588
270	473	382	588
270	473	382	588
270	473	382	588
270	473	382	588
270	473	382	588
270	473	382	588
270	473	382	588
270	473	382	588
270	473	382	588
270	473	382	588
270	473	382	588
270	473	382	588
233	570	448	523
233	570	448	523
222	472	384	518
302	564	420	546
302	564	420	546
302	564	420	546
302	564	420	546
302	564	420	546
302	564	420	546
302	564	420	546
302	564	420	546
302	564	420	546
302	564	420	546
302	564	420	546
302	564	420	546
302	564	420	546
302	564	420	546
302	564	420	546
302	564	420	546
302	564	420	546
302	564	420	546
302	564	420	546
302	564	420	546
302	564	420	546
302	564	420	546
302	564	420	546
302	564	420	546
302	564	420	546
302	564	420	546
302	564	420	546
302	564	420	546
302	564	420	546
302	564	420	546
302	564	420	546
233	478	461	562
233	478	461	562
216	531	435	571
226	483	316	553
263	563	394	535
216	487	443	555
192	559	475	577
192	559	475	577
192	559	475	577
192	559	475	577
192	559	475	577
213	477	435	541
189	505	473	521
189	505	473	521
189	505	473	521
189	505	473	521
189	505	473	521
303	598	527	531
191	475	521	549
191	475	521	549
191	475	521	549
191	475	521	549
191	475	521	549
191	475	521	549
191	475	521	549
191	475	521	549
191	475	521	549
191	475	521	549
191	475	521	549
191	475	521	549
191	475	521	549
191	475	521	549
191	475	521	549
190	551	514	504
152	598	555	519
152	598	555	519
152	598	555	519
152	598	555	519
152	598	555	519
152	598	555	519
152	598	555	519
152	598	555	519
152	598	555	519
84	511	611	545
84	511	611	545
84	511	611	545
174	583	705	650
174	583	705	650
174	583	705	650
174	583	705	650
174	583	705	650
174	583	705	650
174	583	705	650
174	583	705	650
174	583	705	650
174	583	705	650
174	583	705	650
174	583	705	650
174	583	705	650
174	583	705	650
174	583	705	650
174	583	705	650
174	583	705	650
174	583	705	650
174	583	705	650
174	583	705	650
174	583	705	650
174	583	705	650
174	583	705	650
174	583	705	650
174	583	705	650
174	583	705	650
174	583	705	650
174	583	705	650
174	583	705	650
174	583	705	650
174	583	705	650
174	583	705	650
174	583	705	650
174	583	705	650
174	583	705	650
174	583	705	650
174	583	705	650
589	449	657	537
589	449	657	537
616	457	666	534
616	457	666	534
616	457	666	534
616	457	666	534
616	457	666	534
616	457	666	534
616	457	666	534
616	457	666	534
616	457	666	534
616	457	666	534
616	457	666	534
616	457	666	534
616	457	666	534
616	457	666	534
616	457	666	534
616	457	666	534
616	457	666	534
616	457	666	534
616	457	666	534
616	457	666	534
616	457	666	534
616	457	666	534
616	457	666	534
616	457	666	534
616	457	666	534
616	457	666	534
616	457	666	534
616	457	666	534
616	457	666	534
616	457	666	534
616	457	666	534
616	457	666	534
616	457	666	534
616	457	666	534
616	457	666	534
616	457	666	534
616	457	666	534
616	457	666	534
616	457	666	534
616	457	666	534
616	457	666	534
616	457	666	534
557	461	623	578
557	461	623	578
557	461	623	578
557	461	623	578
557	461	623	578
557	461	623	578
557	461	623	578
557	461	623	578
573	470	607	582
573	470	607	582
562	504	567	523
562	504	567	523
562	509	628	535
562	509	628	535
562	509	628	535
562	509	628	535
562	509	628	535
562	509	628	535
562	509	628	535
543	517	493	519
565	594	432	440
741	544	479	453
741	544	479	453
941	631	399	455
805	501	432	510
660	534	421	508
897	637	470	484
669	536	458	508
920	596	472	590
920	596	472	590
920	596	472	590
920	596	472	590
920	596	472	590
710	488	523	585
709	516	461	537
707	545	444	528
894	492	361	567
900	484	476	567
710	519	470	546
699	581	458	481
878	509	469	528
697	538	478	532
688	547	472	524
883	501	506	543
767	517	448	559
738	507	446	569
688	598	478	481
856	497	559	565
674	564	514	518
866	488	575	584
676	539	506	534
678	578	494	503
836	516	565	553
663	554	533	508
882	503	553	539
686	532	643	513
688	580	586	484
929	508	533	530
776	561	584	487
710	561	570	509
933	508	603	534
792	563	523	488
1012	513	512	510
894	585	476	447
1093	556	416	434
1077	549	348	463
1129	580	285	428
1148	591	271	429
1160	619	270	411
1179	626	267	399
1184	619	267	426
1175	633	286	397
1180	633	278	402
1179	624	278	417
1180	643	284	387
1183	636	290	410
1188	641	269	408
1184	643	289	396
1189	646	279	400
1190	643	281	408
1199	641	280	414
1209	625	273	435
1222	626	281	438
1239	631	280	426
1252	654	300	404
1267	649	312	417
1276	642	318	431
1306	642	297	429
1309	650	321	417
1312	656	331	412
1329	652	320	426
1349	649	312	428
1343	656	328	415
1347	664	323	414
1348	666	335	408
1330	683	353	394
1352	696	335	368
1344	693	342	380
1352	685	334	388
1345	689	340	390
1368	681	309	387
1346	685	342	393
1351	684	337	387
1333	690	356	388
1344	692	339	378
1348	702	336	374
1320	708	367	363
1332	707	349	358
1370	674	310	400
1362	691	325	382
1381	694	303	384
1376	684	307	385
1357	697	328	380
1352	708	335	374
1338	700	352	373
1309	703	381	373
1363	689	327	385
1369	687	319	389
1377	700	305	377
1379	683	309	396
1369	688	319	396
1368	700	312	382
1370	709	308	377
1358	708	324	369
1373	711	300	369
1361	715	315	371
1365	728	312	349
1379	711	297	371
1373	710	307	377
1367	701	320	383
1374	717	308	359
1369	712	315	371
1369	713	320	371
1370	701	322	371
1378	706	314	373
1375	715	320	362
1383	708	316	370
1393	712	296	371
1391	725	297	357
1388	728	306	353
1392	717	305	355
1398	708	299	371
1403	706	303	372
1390	711	319	373
1405	714	299	364
1414	724	287	358
1410	731	304	349
1411	728	303	351
1409	734	292	350
1419	714	287	370
1421	722	287	364
1409	718	304	364
1408	719	308	359
1405	696	311	391
1413	721	303	357
1416	733	283	341
1421	742	277	335
1410	749	298	332
1414	732	295	352
1416	736	291	347
1411	728	302	354
1410	732	305	346
1407	742	300	347
1406	747	298	330
1411	742	293	329
1415	737	294	343
1403	722	315	365
1408	734	311	342
1395	739	310	343
1400	711	318	367
1405	714	302	366
1407	708	312	377
1392	694	332	387
1407	704	306	375
1398	740	313	346
1397	730	323	340
1403	718	314	361
1408	735	305	344
1406	737	312	342
1408	744	305	328
1406	728	318	351
1410	738	304	331
1411	735	299	349
1411	749	307	318
1402	724	310	357
1396	753	326	323
1402	738	315	338
1405	723	312	350
1411	703	309	383
1401	703	327	374
1399	708	319	371
1387	680	340	400
1406	691	308	395
1392	708	328	372
1389	674	335	413
1389	661	328	423
1397	687	318	396
1387	678	339	415
1397	692	332	386
1387	676	336	417
1399	665	325	418
1391	664	330	421
1386	689	339	401
1400	672	328	406
1396	667	315	421
1394	668	334	419
1391	667	337	420
1385	682	336	397
1368	676	360	409
1402	673	330	405
1392	675	336	415
1389	675	334	409
1386	671	337	413
1385	691	346	405
1389	674	331	405
1383	690	351	400
1376	673	352	405
1379	686	350	403
1366	670	368	413
1366	686	367	394
1351	689	386	392
1388	678	340	397
1370	688	352	399
1376	674	349	412
1370	673	356	409
1361	688	368	398
1358	681	373	393
1356	679	375	409
1379	683	355	399
1373	692	354	396
1376	688	353	396
1371	682	358	398
1370	692	367	392
1361	691	362	394
1375	697	357	381
1356	689	367	389
1385	690	340	394
1369	700	362	372
1364	684	368	401
1376	701	347	384
1354	687	377	391
1360	695	375	387
1349	697	380	385
1374	695	347	385
1355	706	369	381
1371	701	355	379
1369	700	364	376
1366	701	364	377
1340	701	393	381
1360	699	373	386
1345	695	382	384
1340	701	396	378
1372	702	359	381
1358	712	364	368
1354	708	368	369
1354	700	369	376
1361	707	364	366
1345	709	386	370
1364	716	365	364
1347	708	377	370
1347	712	375	364
1340	713	381	369
1327	713	392	368
1330	712	383	365
1313	715	399	361
1314	720	401	363
1336	730	380	348
1306	727	405	348
1318	720	396	359
1306	718	399	347
1305	719	408	354
1332	722	377	356
1315	725	385	345
1296	721	402	356
1328	714	349	359
1305	713	404	363
1331	715	364	362
1329	723	372	345
1350	728	341	342
1311	732	390	335
1350	730	343	343
1318	728	372	338
1287	703	394	368
1305	708	375	372
1337	719	330	355
1302	716	395	353
1333	725	343	347
1321	711	353	362
1333	710	332	365
1346	737	317	330
1329	707	326	366
1327	700	322	375
1327	684	291	385
1339	686	247	305
1380	699	271	357
1352	724	309	355
1322	725	353	351
1332	703	328	374
1341	696	316	387
1343	688	295	388
1358	678	240	370
1338	661	242	392
1340	665	225	334
1345	672	213	309
1329	668	238	282
1326	671	244	275
1347	671	223	268
1330	668	234	277
1321	667	244	265
1340	660	220	275
1339	659	223	285
1321	664	236	267
1324	658	232	267
1320	657	229	273
1313	650	236	275
1312	656	230	262
1305	652	238	268
1308	655	236	263
1317	649	211	264
1308	645	228	272
1304	647	238	262
1297	655	238	248
1308	649	227	241
1302	650	231	240
1305	641	209	258
1311	631	157	280
1339	627	177	291
1319	637	206	252
1317	632	188	265
1303	635	195	244
1308	627	149	251
1350	626	146	259
1335	629	178	268
1316	634	186	270
1287	639	230	233
1295	628	209	261
1322	625	180	256
1333	623	148	274
1337	624	150	256
1340	623	161	280
1342	625	148	261
1337	621	159	265
1345	618	139	265
1347	618	128	269
1355	609	107	284
1349	615	132	265
1355	611	116	267
1353	606	131	277
1354	617	119	266
1356	604	101	289
1354	606	120	293
1351	605	116	281
1348	607	116	265
1339	607	124	271
1351	597	107	270
1341	598	117	284
1348	602	100	294
1351	593	91	293
1356	598	85	295
1350	586	105	277
1344	596	107	263
1344	596	106	254
1343	600	103	258
1349	594	96	258
1343	598	98	262
1351	588	92	268
1349	583	96	275
1349	583	89	276
1347	587	87	270
1348	570	91	285
1341	582	98	266
1341	579	95	270
1342	582	92	263
1342	586	89	252
1339	580	90	260
1336	581	94	256
1337	587	92	243
1337	583	86	248
1337	578	91	250
1333	565	91	270
1332	567	88	270
1330	565	88	269
1332	568	77	265
1331	559	91	282
1329	558	87	275
1329	551	91	270
1325	556	96	265
1320	561	99	258
1326	564	91	248
1327	557	85	258
1323	555	92	262
1321	559	95	271
1323	567	93	253
1316	569	94	251
1318	570	93	251
1315	565	100	261
1316	568	95	256
1313	573	106	259
1313	571	98	258
1316	567	95	265
1317	570	90	262
1316	572	96	268
1313	572	97	267
1315	565	95	276
1314	574	96	264
1313	576	99	267
1313	576	93	263
1315	573	93	264
1319	567	91	281
1312	570	101	285
1312	571	96	286
1309	577	104	278
1304	544	121	309
1308	572	101	291
1306	552	99	306
1307	572	105	302
1318	572	93	304
1314	570	92	295
1301	570	121	308
1311	576	93	300
1310	570	93	314
1313	570	91	305
1322	570	83	317
1320	554	85	322
1319	567	85	313
1309	546	99	306
1309	564	96	318
1301	572	105	314
1305	572	113	317
1296	578	117	310
1302	576	100	319
1311	578	103	319
1324	553	78	342
1316	528	83	356
1317	563	90	334
1318	570	94	326
1322	535	87	318
1308	536	112	303
1325	570	87	326
1323	543	90	333
1316	561	91	342
1301	522	123	345
1308	556	111	348
1328	561	75	342
1329	539	76	332
1330	550	79	357
1323	524	92	362
1323	551	88	355
1312	512	108	321
1322	558	85	359
1317	523	94	335
1325	538	87	317
1322	548	89	353
1327	498	85	334
1265	690	108	337
1340	540	102	305
1364	548	73	241
1309	729	93	246
1325	741	117	236
1346	749	132	229
1373	781	150	189
1408	815	137	162
1450	832	143	156
1489	844	148	158
1539	856	155	157
1588	868	162	164
1639	886	176	167
1708	912	183	164
