1524	592	49	128
1523	592	54	122
1525	593	51	121
1525	598	47	116
1524	600	46	112
1524	602	46	112
1524	600	49	111
1524	598	48	117
1524	599	45	113
1524	599	45	114
1523	600	44	113
1521	597	44	118
1520	597	45	117
1521	597	44	117
1525	593	40	119
1523	592	39	117
1522	596	41	116
1523	600	39	112
1523	596	38	111
1522	596	37	109
1517	598	44	107
1515	598	47	110
1514	596	46	115
1514	593	46	119
1512	593	48	116
1513	591	48	117
1512	591	49	118
1511	597	50	111
1510	595	52	112
1512	597	49	111
1513	592	48	118
1515	595	47	117
1517	592	43	121
1519	592	42	118
1520	590	41	119
1518	592	44	118
1518	594	42	118
1520	594	42	122
1518	595	44	119
1517	598	48	119
1518	598	44	118
1521	602	43	114
1520	604	43	112
1521	606	43	110
1513	602	53	121
1513	600	53	123
1522	603	40	130
1523	604	49	117
1523	604	42	126
1526	604	44	122
1524	606	43	118
1524	608	39	116
1526	608	36	118
1526	609	34	119
1525	611	34	117
1524	609	35	112
1524	609	35	117
1525	608	35	114
1522	608	37	109
1522	609	36	112
1521	609	34	109
1518	609	37	111
1514	610	41	106
1515	611	37	109
1516	607	35	114
1513	612	36	115
1511	610	36	119
1510	609	35	118
1509	609	35	118
1507	609	36	119
1506	608	37	122
1504	609	40	119
1504	609	39	115
1503	611	41	115
1501	608	41	121
1498	609	46	120
1491	609	59	117
1496	612	60	118
1508	612	53	117
1528	611	43	121
1530	613	46	120
1545	616	41	117
1555	615	47	120
1562	619	49	119
1575	620	51	122
1591	622	51	125
1601	625	55	130
1624	626	53	130
1633	628	60	121
1649	632	60	120
1662	633	62	125
1668	638	70	127
1684	641	63	123
1694	643	58	129
1699	644	57	126
1708	643	53	136
1712	645	52	127
1711	648	54	129
1714	646	50	132
1713	648	48	132
1713	644	53	138
1711	646	51	133
1710	644	52	133
1708	646	53	131
1708	648	49	128
1704	646	50	127
1703	646	51	132
1698	648	55	131
1700	646	54	136
1695	646	58	136
1692	649	58	136
1691	645	60	138
1691	647	56	134
1688	648	60	132
1684	647	68	133
1683	648	66	128
1681	650	72	131
1681	650	66	134
1684	651	60	125
1685	651	56	129
1685	646	52	141
1687	645	47	140
1689	647	42	138
1688	647	40	130
1684	647	45	131
1672	653	58	132
1664	652	66	131
1670	649	61	144
1668	650	60	148
1671	649	56	145
1666	650	62	144
1660	653	70	142
1662	654	66	148
1660	656	70	141
1662	659	71	134
1664	663	72	136
1677	668	61	126
1682	666	62	135
1687	669	60	132
1697	672	50	125
1702	672	49	126
1710	669	44	129
1713	672	41	133
1713	671	40	140
1712	672	41	131
1711	672	40	138
1708	674	43	132
1705	673	45	139
1705	675	47	136
1701	674	49	132
1699	670	46	141
1696	672	44	139
1693	673	42	132
1690	675	42	131
1688	675	42	130
1682	673	40	133
1674	674	46	127
1670	673	44	131
1662	674	47	134
1655	675	52	131
1654	678	47	126
1646	677	53	133
1640	680	55	129
1635	680	54	133
1632	678	55	137
1625	677	62	140
1623	680	58	129
1622	678	59	131
1619	678	56	130
1616	678	60	128
1610	678	59	130
1607	679	61	129
1601	679	63	122
1599	679	62	121
1593	679	68	128
1589	678	68	127
1587	676	68	134
1581	678	72	126
1579	678	71	131
1578	676	67	132
1575	678	66	136
1573	679	64	129
1573	679	62	133
1572	684	63	127
1570	678	63	136
1571	680	60	133
1568	680	58	133
1571	680	53	139
1577	682	45	132
1577	684	44	131
1576	681	43	134
1573	682	42	143
1572	682	42	131
1569	682	42	134
1569	682	43	132
1567	681	47	141
1567	682	47	132
1571	680	49	137
1570	680	56	132
1574	683	57	127
1579	684	54	127
1585	681	54	131
1587	681	57	136
1584	685	60	139
1585	682	61	143
1586	682	57	143
1586	684	56	139
1585	685	57	144
1586	685	57	148
1588	683	51	147
1592	684	42	144
1590	685	42	147
1591	683	40	145
1587	685	42	141
1584	681	41	137
1582	681	41	139
1576	681	42	147
1573	681	43	145
1572	683	43	143
1565	683	48	143
1565	680	46	148
1563	683	46	151
1567	681	41	149
1565	681	43	157
1565	682	42	152
1564	676	43	160
1561	676	44	163
1555	677	46	159
1552	683	49	151
1546	683	53	154
1543	681	51	157
1533	688	60	144
1534	691	54	131
1527	692	56	136
1524	693	57	131
1520	691	55	129
1516	692	54	131
1512	686	58	135
1506	685	61	139
1501	685	58	138
1497	686	56	139
1492	686	50	132
1488	685	50	132
1483	685	49	130
1480	681	45	138
1474	682	46	134
1468	682	45	137
1464	682	44	141
1459	682	42	139
1453	682	43	136
1447	680	41	136
1436	681	50	132
1431	681	46	138
1424	680	49	135
1425	678	45	137
1418	679	46	135
1415	678	46	133
1412	678	45	130
1406	678	47	132
1401	678	48	129
1396	677	50	128
1390	677	55	126
1382	677	57	128
1378	678	62	122
1378	678	58	122
1367	677	70	125
1372	674	64	127
1370	676	66	125
1374	675	62	129
1374	676	66	127
1379	676	62	127
1381	674	63	135
1385	676	62	134
1389	678	62	131
1393	678	58	132
1393	678	59	141
1393	679	59	143
1391	683	62	132
1392	681	59	143
1393	678	56	143
1393	680	52	144
1393	682	48	134
1399	679	44	136
1399	679	41	134
1398	681	42	133
1393	680	44	137
1389	680	44	142
1387	679	42	135
1382	679	45	131
1377	682	48	133
1373	680	58	139
1371	681	57	133
1369	680	60	133
1369	680	61	136
1373	679	60	138
1373	677	62	140
1377	677	60	145
1376	680	61	144
1377	681	61	144
1381	674	59	154
1384	677	55	148
1384	676	54	154
1383	674	56	162
1384	672	50	159
1382	674	48	163
1380	675	49	171
1379	673	48	176
1374	676	51	176
1373	677	49	172
1370	676	49	167
1365	678	51	160
1363	681	49	167
1359	680	52	168
1360	680	48	163
1361	679	46	175
1360	680	47	172
1362	679	46	174
1365	684	46	163
1369	680	47	170
1372	683	47	170
1380	686	46	163
1385	684	48	169
1390	685	53	169
1400	696	57	159
1407	701	65	161
1415	705	69	164
1428	710	68	157
1439	714	66	153
1447	717	61	145
1454	718	53	141
1459	721	44	137
1474	731	66	130
1457	725	86	136
1455	723	79	143
1452	726	73	136
1448	725	68	137
1437	722	64	141
1433	722	59	142
1425	722	59	143
1413	725	65	143
1403	724	66	144
1394	724	67	146
1382	725	71	148
1371	732	76	142
1358	730	87	153
1346	734	88	145
1336	737	95	143
1323	738	104	142
1313	734	110	152
1308	733	111	160
1296	734	123	158
1287	735	132	167
1284	733	130	166
1276	735	143	166
1289	742	141	154
1257	745	161	160
1297	742	133	159
1342	737	97	159
1343	733	72	162
1359	728	53	158
1358	731	53	146
1351	730	59	157
1342	730	69	165
1344	729	62	158
1343	727	59	165
1339	726	56	167
1335	731	57	161
1332	732	57	156
1330	730	55	158
1324	729	58	160
1320	734	59	156
1316	729	60	161
1323	722	50	168
1320	728	44	160
1323	724	39	162
1324	722	41	159
1326	730	39	166
1328	726	41	168
1332	740	45	169
1335	740	47	162
1340	745	50	156
1345	745	58	161
1352	745	60	164
1360	749	69	162
1370	751	74	163
1379	756	76	162
1390	760	84	164
1396	768	88	152
1408	769	87	160
1423	774	86	159
1439	774	77	161
1447	777	80	170
1456	779	81	183
1457	785	90	187
1464	787	91	184
1471	790	85	193
1485	790	74	210
1489	784	69	228
1487	787	67	226
1486	792	68	224
1481	791	73	234
1477	789	75	230
1469	792	77	215
1463	791	79	212
1446	796	96	188
1453	794	81	190
1462	794	61	195
1454	794	62	215
1448	794	62	231
1438	794	65	221
1433	798	66	219
1423	797	67	219
1415	799	67	217
1407	796	59	226
1405	789	53	235
1401	797	47	247
1399	807	47	266
1399	807	47	266
1399	807	47	266
1399	807	47	266
1399	807	47	266
1399	807	47	266
1497	583	53	253
1497	605	47	242
1492	620	53	227
1490	638	51	206
1486	618	53	196
1482	641	52	182
1479	644	52	170
1475	650	49	167
1472	650	48	164
1467	651	51	159
1463	650	52	158
1465	651	49	156
1463	652	51	156
1465	653	51	166
1468	657	49	152
1472	656	52	164
1476	657	53	174
1482	661	51	173
1489	663	54	174
1497	665	55	177
1505	668	54	181
1518	670	54	181
1528	674	54	181
1537	677	57	185
1554	684	53	173
1562	687	54	181
1578	690	54	184
1585	695	60	179
1595	696	57	194
1605	701	56	201
1608	704	60	198
1613	706	58	196
1613	709	59	204
1611	714	62	190
1612	712	63	187
1608	717	60	193
1603	723	59	192
1602	722	61	194
1598	722	60	196
1593	727	58	189
1591	728	58	193
1588	730	58	187
1584	733	57	178
1579	732	58	193
1572	733	65	206
1572	731	63	222
1569	732	63	223
1569	731	64	223
1568	733	59	216
1563	735	65	213
1561	731	66	214
1563	731	64	223
1559	734	64	216
1562	733	64	202
1560	735	64	196
1562	736	62	194
1563	735	60	194
