1166	551	19	33
1163	552	21	31
1162	552	20	30
1159	551	19	33
1156	551	18	33
1153	553	19	32
1152	553	17	32
1149	552	17	31
1146	552	18	31
1142	553	18	31
1139	552	20	31
1138	552	17	31
1134	551	18	33
1133	552	16	32
1129	551	18	30
1125	551	18	33
1120	551	19	35
1118	550	17	36
1115	553	17	35
1112	550	18	37
1105	553	22	32
1103	554	22	33
1098	554	22	35
1095	555	24	33
1092	556	22	34
1089	555	20	35
1087	553	18	36
1085	554	17	34
1081	553	20	32
1080	553	18	31
1077	553	19	32
1075	552	18	33
1073	553	18	33
1071	553	18	31
1069	554	19	30
1069	554	18	31
1066	552	18	31
1064	552	18	33
1063	551	18	32
1062	551	19	33
1061	550	19	32
1061	550	19	33
1060	548	19	32
1058	547	21	34
1058	547	21	35
1057	545	22	35
1058	544	20	36
1060	543	17	38
1058	543	19	34
1058	543	17	34
1055	542	21	35
1056	537	18	35
1056	540	19	34
1056	538	18	35
1055	537	18	34
1056	538	18	35
1055	535	19	37
1055	535	18	34
1055	536	18	34
1055	534	17	34
1055	535	17	34
1055	534	19	33
1056	534	16	34
1056	534	16	32
1055	534	16	31
1056	534	16	33
1055	534	17	32
1055	534	16	32
1055	534	17	33
1054	534	18	32
1055	536	18	30
1055	537	17	28
1055	535	18	32
1054	536	18	32
1055	537	18	32
1055	537	18	32
1054	538	18	30
1055	537	19	32
1056	537	18	32
1057	538	17	31
1058	540	16	30
1058	540	17	32
1058	539	18	33
1057	540	17	31
1058	540	17	33
1058	540	17	34
1057	540	17	35
1057	542	18	32
1057	543	17	30
1058	544	17	32
1057	544	16	32
1057	544	16	33
1057	544	16	35
1057	546	17	33
1055	548	19	31
1056	550	17	29
1056	549	17	31
1055	551	18	33
1057	549	18	35
1056	549	18	34
1057	552	17	30
1056	553	17	28
1056	554	17	31
1057	555	17	30
1056	556	18	29
1056	557	17	32
1056	558	17	30
1056	559	18	32
1056	560	19	33
1055	560	20	33
1055	561	21	32
1057	561	17	33
1057	562	18	32
1056	563	19	33
1056	564	20	31
1057	565	18	32
1056	566	19	34
1056	567	19	33
1056	567	18	33
1055	571	18	32
1056	572	17	33
1055	572	18	35
1053	574	18	33
1054	576	17	32
1054	577	18	32
1054	578	17	33
1053	579	19	32
1051	579	20	35
1052	580	18	36
1052	580	18	37
1050	583	18	33
1050	583	17	32
1050	585	17	31
1049	587	18	31
1046	587	20	32
1045	587	20	31
1045	590	19	30
1044	591	19	29
1044	591	18	33
1043	592	17	32
1040	594	20	34
1039	594	21	35
1039	595	20	36
1038	597	20	33
1037	596	18	36
1037	597	17	35
1035	598	18	34
1034	599	18	33
1033	600	18	34
1029	599	21	36
1030	602	19	34
1028	604	20	36
1027	605	19	34
1026	604	18	35
1025	605	18	34
1023	607	18	33
1021	607	19	34
1021	608	19	34
1020	609	18	36
1018	610	19	35
1016	611	19	33
1015	612	20	34
1014	612	19	34
1014	612	18	35
1014	614	17	34
1011	614	19	35
1011	615	19	34
1009	615	18	35
1008	617	19	33
1007	617	19	32
1005	618	20	33
1004	619	20	33
1004	620	21	34
1002	622	22	35
1003	621	21	36
1003	622	21	38
1003	624	21	42
1001	622	20	41
1003	620	19	43
1003	629	20	43
1002	628	21	38
1002	630	21	36
1003	630	19	37
1003	632	20	35
1002	634	21	35
1001	626	20	38
1001	629	19	39
1001	629	22	40
999	628	21	39
1000	629	21	40
1001	629	21	41
1001	631	21	38
999	631	22	37
1000	629	21	40
999	633	23	40
997	634	27	37
1002	631	23	39
1005	633	20	38
1005	632	21	38
1004	631	22	38
1006	632	22	37
1005	633	23	36
1006	632	22	36
1007	632	21	37
1007	631	22	39
1008	630	22	40
1009	628	21	40
1009	628	22	39
1009	627	23	39
1010	626	22	39
1011	629	22	37
1011	621	23	43
1011	622	23	42
1013	622	23	38
1014	619	22	37
1014	617	22	38
1015	618	23	38
1015	613	21	37
1017	614	20	40
1018	613	19	39
1016	612	21	39
1016	611	22	38
1020	609	19	40
1019	610	20	36
1018	610	22	36
1018	608	22	39
1019	608	19	40
1018	608	22	37
1019	607	21	38
1020	607	19	39
1020	607	20	40
1022	608	20	38
1022	608	20	36
1022	608	20	35
1022	608	20	34
1022	608	20	33
1022	609	20	32
1022	607	19	35
1022	605	19	37
1022	605	20	39
1022	607	21	36
1022	608	21	34
1022	607	22	35
1021	607	22	35
1022	608	21	35
1023	607	21	37
1023	606	21	37
1022	608	21	35
1023	607	20	37
1021	607	23	35
1022	607	21	36
1023	606	20	36
1025	606	19	35
1024	606	21	34
1025	605	20	36
1025	605	19	37
1023	606	22	36
1024	604	21	39
1026	605	19	36
1026	605	19	37
1027	604	19	38
1027	608	19	34
1027	607	19	37
1026	606	20	37
1026	605	21	39
1026	606	19	38
1027	603	19	40
1027	604	19	40
1026	603	20	42
1025	604	22	37
1027	604	19	37
1027	605	20	36
1028	604	19	35
1027	604	20	35
1028	604	19	35
1027	602	20	38
1027	603	19	37
1027	604	19	37
1027	604	20	35
1028	602	19	38
1027	603	21	37
1028	602	20	38
1029	601	19	38
1028	602	19	36
1027	601	22	33
1027	603	22	33
1028	603	20	33
1025	602	25	30
1025	601	24	34
1026	601	23	34
1027	600	21	37
1029	599	23	35
1029	600	20	35
1029	601	20	33
1029	601	20	33
1029	599	21	34
1030	598	20	37
1030	598	21	38
1031	597	20	38
1030	595	22	41
1031	596	21	40
1031	596	21	36
1029	597	21	35
1028	596	24	36
1026	595	25	37
1030	595	21	38
1031	595	20	37
1032	596	21	35
1032	596	19	31
1033	595	18	35
1031	595	21	33
1031	594	20	36
1032	594	19	35
1032	592	19	38
1033	592	19	36
1034	592	18	36
1034	591	18	38
1035	592	17	36
1035	590	18	35
1034	590	19	35
1035	591	16	33
1037	591	17	34
1037	587	17	37
1036	588	17	38
1037	587	16	37
1037	587	17	35
1036	586	18	36
1035	586	19	38
1034	585	21	41
1034	585	21	41
1034	585	21	39
1035	585	21	37
1035	584	21	37
1036	584	18	39
1037	581	17	40
1036	582	19	39
1035	582	20	37
1035	582	19	39
1037	584	17	36
1037	581	18	40
1037	579	18	41
1038	580	18	39
1038	580	19	40
1039	578	17	42
1038	578	17	41
1039	580	16	38
1038	578	20	40
1037	579	19	38
1039	579	17	35
1039	579	17	36
1040	580	16	34
1041	580	16	32
1042	578	16	35
1042	579	16	32
1041	579	18	32
1041	577	20	34
1043	579	17	35
1043	577	19	35
1043	576	19	36
1044	577	17	37
1044	578	18	36
1044	577	17	33
1045	577	18	33
1048	577	17	33
1053	577	19	32
1072	579	16	30
1091	575	14	33
1117	577	17	33
1142	576	22	33
1159	577	22	31
1180	577	19	32
1195	576	19	34
1211	577	20	32
1211	577	20	32
1222	579	22	30
1230	580	19	31
1233	580	19	34
1237	578	22	35
1240	580	21	36
1244	580	18	33
1243	581	19	31
1245	580	18	33
1244	581	18	32
1245	579	18	35
1246	578	17	36
1246	578	18	37
1251	578	19	35
1248	576	18	36
1249	575	22	38
1255	578	17	35
1263	579	17	30
1279	582	18	28
1279	582	18	28
1318	585	19	30
1341	585	16	31
1356	587	16	32
1372	590	19	33
1384	589	21	32
1384	589	21	32
1406	592	16	32
1408	590	20	35
1411	590	20	37
1419	588	14	40
1418	590	16	36
1422	588	15	38
1424	588	15	40
1425	588	16	39
1425	588	19	38
1425	591	19	40
1424	587	22	41
1425	588	21	39
1428	589	20	38
1427	588	19	37
1426	590	21	37
1425	590	20	36
1426	591	21	39
1424	590	22	37
1423	590	23	36
1424	592	21	32
1426	590	18	34
1429	587	16	36
1427	587	19	37
1429	588	22	32
1428	587	21	32
1429	588	19	36
1429	590	19	37
1430	587	19	36
1431	586	17	34
1433	586	16	39
1430	586	19	38
1430	587	18	36
1429	588	21	33
1429	584	21	36
1430	585	19	36
1430	585	20	40
1431	582	19	40
1433	582	15	41
1433	581	18	41
1430	580	19	42
1434	580	18	38
1433	582	17	42
1433	582	15	37
1429	581	20	37
1433	582	19	36
1433	582	17	36
1430	582	20	38
1431	579	20	42
1435	579	19	37
1436	580	16	36
1435	584	16	34
1435	580	15	37
1435	581	15	36
1437	580	14	36
1435	581	16	31
1434	581	18	32
1437	581	14	32
1436	579	16	32
1437	579	14	34
1438	578	14	33
1438	575	16	35
1437	575	17	37
1437	575	16	41
1439	579	15	40
1438	577	17	36
1435	576	18	43
1437	575	17	45
1438	576	15	43
1439	575	16	42
1438	577	16	38
1436	577	18	36
1438	573	16	37
1437	579	17	33
1438	580	16	32
1438	578	18	35
1437	571	18	37
1439	570	16	40
1438	572	17	35
1438	577	17	31
1438	577	17	31
1439	576	15	34
1439	575	15	36
1439	573	18	36
1439	576	16	33
1440	573	11	37
1440	573	11	37
1440	573	11	37
1445	568	12	38
1443	565	16	43
1443	567	21	40
1441	565	20	40
1442	568	17	45
1440	565	16	49
1438	566	17	45
1438	566	17	45
1430	565	22	49
1430	565	22	49
1430	565	22	49
1430	565	22	49
1430	565	22	49
1430	565	22	49
1430	565	22	49
1430	565	22	49
1430	565	22	49
1430	565	22	49
1430	565	22	49
1430	565	22	49
1430	565	22	49
1485	568	27	46
1455	564	25	44
1447	559	22	48
1429	556	19	48
1420	577	24	42
1377	540	27	37
1368	543	25	36
1359	548	24	33
1349	546	27	31
1399	527	27	32
1445	493	31	32
1444	490	30	39
1442	489	32	41
1442	489	32	41
1517	547	34	40
1518	546	33	38
1519	545	31	37
1536	509	40	41
1540	507	37	46
1539	507	38	45
1535	507	42	43
1535	507	42	43
1536	506	41	43
1540	504	39	46
1536	502	43	46
1537	503	42	45
1538	503	41	46
1538	505	40	44
1537	503	41	48
1533	503	45	47
1535	504	44	43
1534	502	46	47
1537	502	44	49
1539	498	43	53
1541	500	38	50
1539	499	40	49
1590	539	33	48
1549	498	32	47
1546	500	36	44
1540	500	41	44
1540	499	40	47
1540	499	41	48
1537	498	46	48
1539	498	42	48
1538	498	45	50
1539	496	42	50
1538	497	43	47
1542	496	42	50
1541	497	43	48
1538	497	47	49
1540	495	43	54
1539	496	44	52
1540	496	43	52
1537	496	47	49
1541	493	46	50
1538	495	46	50
1538	493	46	50
1538	493	46	52
1539	495	44	47
1539	496	47	48
1539	493	46	52
1539	495	47	47
1543	495	41	49
1544	494	40	53
1546	495	39	49
1545	493	39	51
1545	494	38	49
1540	494	43	48
1544	493	41	51
1544	492	40	55
1546	491	39	53
1545	493	39	53
1547	493	37	49
1544	493	41	48
1545	493	40	47
1547	492	38	52
1547	492	38	49
1545	494	38	49
1544	492	39	49
1546	492	37	48
1548	491	36	52
1544	493	39	49
1541	494	43	48
1542	495	40	48
1545	494	38	51
1544	495	40	48
1544	494	38	49
1544	494	39	51
1541	493	41	51
1540	494	43	51
1539	494	44	49
1539	494	44	53
1540	492	43	53
1540	494	43	52
1540	493	43	52
1539	495	43	51
1541	495	41	48
1540	496	42	46
1540	496	42	48
1539	496	44	47
1539	496	43	49
1541	496	41	51
1543	494	39	53
1542	497	40	51
1543	497	39	50
1542	496	40	48
1540	496	41	53
1540	496	42	56
1542	496	39	56
1542	496	41	55
1541	496	42	58
1542	496	42	58
1544	496	40	61
1545	497	39	54
1541	496	43	52
1544	497	41	51
1542	498	42	49
1544	496	40	47
1547	497	37	52
1545	497	39	49
1546	496	37	49
1545	497	39	48
1546	497	38	51
1545	497	39	51
1544	495	39	49
1544	496	41	51
1543	495	42	50
1541	497	44	45
1541	497	43	46
1543	497	41	49
1543	496	42	53
1544	494	41	55
1543	495	42	53
1547	493	39	58
1545	494	39	51
1545	495	38	52
1549	494	35	52
1549	494	35	53
1548	494	35	53
1550	493	34	52
1548	493	36	58
1547	493	37	57
1547	494	37	49
1546	494	38	49
1545	492	41	51
1542	492	43	54
1547	492	37	51
1545	492	39	52
1547	494	38	48
1546	493	40	50
1547	493	39	49
1544	493	40	48
1543	492	42	50
1543	492	41	47
1548	492	37	48
1546	493	41	47
1545	493	39	49
1547	491	38	48
1550	492	37	50
1550	492	36	51
1550	490	35	57
1552	492	33	55
1550	491	36	55
1549	492	37	54
1550	493	35	52
1548	494	37	50
1548	494	37	51
1548	492	38	49
1549	495	36	49
1548	491	37	52
1550	491	35	52
1547	493	39	51
1547	491	39	51
1545	491	41	48
1544	494	44	50
1549	492	38	52
1545	493	42	51
1546	493	39	49
1545	494	42	50
1549	494	38	47
1549	496	39	47
1550	495	37	46
1549	496	38	48
1549	498	40	45
1553	498	36	50
1552	498	37	52
1551	498	41	54
1550	498	43	54
1550	498	42	51
1553	501	40	50
1556	501	38	50
1555	499	40	53
1552	499	45	53
1554	504	46	51
1551	504	49	49
1554	506	47	46
1555	504	48	48
1563	506	39	46
1564	506	42	48
1569	507	37	52
1567	506	43	54
1567	507	46	55
1568	507	45	58
1571	509	44	55
1574	508	46	55
1576	509	43	55
1578	510	45	58
1581	510	44	55
1579	510	49	52
1582	512	49	49
1585	513	47	53
1585	512	52	51
1590	513	48	62
1595	513	47	57
1600	514	44	58
1598	516	48	54
1595	517	54	53
1598	518	56	55
1605	517	51	57
1610	518	50	54
1612	520	52	53
1612	520	55	53
1612	521	59	54
1620	522	57	53
1623	522	58	56
1624	522	60	54
1632	521	55	55
1632	522	61	56
1638	524	58	56
1646	523	54	57
1651	526	55	53
1658	524	53	57
1659	528	55	55
1658	528	61	58
1656	530	70	57
1656	533	74	59
1666	534	67	60
1674	533	67	63
1675	533	71	63
1682	536	67	60
1691	537	68	58
1701	538	60	60
1711	540	58	59
1713	537	62	70
1720	542	59	62
1728	542	59	58
1732	544	59	55
1738	546	58	61
1733	547	70	65
1731	550	80	63
1737	551	78	69
1757	553	66	68
1754	554	72	70
1753	556	77	68
1765	557	74	70
1762	559	79	73
1764	560	81	72
1778	564	74	61
1775	566	83	69
1780	568	85	69
1784	568	85	68
1789	570	84	78
1791	573	89	79
1797	577	88	76
1797	581	93	70
1797	582	100	77
1803	585	101	75
1807	587	105	72
1819	587	96	84
1834	591	84	87
1826	595	91	86
1829	598	92	83
1841	601	82	84
1841	605	80	79
1847	609	75	74
1845	619	74	75
1845	619	74	75
1698	575	60	82
1705	579	54	79
1806	633	53	70
1714	578	52	71
1721	586	44	79
1722	588	47	75
1723	590	49	78
1721	597	57	90
1729	601	51	79
1736	603	47	81
1844	662	54	80
1847	672	60	73
1746	615	60	80
1758	617	53	89
1760	620	54	94
1772	624	51	97
1769	630	62	89
1772	636	69	71
1794	639	55	70
1796	645	62	68
1810	649	57	66
1823	655	52	61
1825	658	58	49
1842	663	58	57
1853	668	61	59
1862	669	57	66
1834	707	65	58
1834	707	65	58
1834	707	65	58
1871	729	49	55
1871	729	49	55
1871	729	49	55
1862	761	55	55
1862	761	55	55
1862	761	55	55
1862	761	55	55
1862	761	55	55
1862	761	55	55
1862	761	55	55
1862	761	55	55
1862	761	55	55
1862	761	55	55
1862	761	55	55
1862	761	55	55
1862	761	55	55
1862	761	55	55
1862	761	55	55
1862	761	55	55
1862	761	55	55
1862	761	55	55
1862	761	55	55
1862	761	55	55
1862	761	55	55
1862	761	55	55
1862	761	55	55
1862	761	55	55
1862	761	55	55
1862	761	55	55
1862	761	55	55
1862	761	55	55
1862	761	55	55
1862	761	55	55
1862	761	55	55
1862	761	55	55
1862	761	55	55
1862	761	55	55
1862	761	55	55
1862	761	55	55
1862	761	55	55
1862	761	55	55
1862	761	55	55
1862	761	55	55
1862	761	55	55
1862	761	55	55
1862	761	55	55
1862	761	55	55
1862	761	55	55
1862	761	55	55
1862	761	55	55
1862	761	55	55
1862	761	55	55
1862	761	55	55
1862	761	55	55
1862	761	55	55
1862	761	55	55
1862	761	55	55
1862	761	55	55
1862	761	55	55
1862	761	55	55
1862	761	55	55
1862	761	55	55
1862	761	55	55
1862	761	55	55
1862	761	55	55
1862	761	55	55
1862	761	55	55
1862	761	55	55
1862	761	55	55
1862	761	55	55
1862	761	55	55
1862	761	55	55
1862	761	55	55
1862	761	55	55
1862	761	55	55
1862	761	55	55
1862	761	55	55
1862	761	55	55
1862	761	55	55
1862	761	55	55
1862	761	55	55
1862	761	55	55
1862	761	55	55
1862	761	55	55
1862	761	55	55
1862	761	55	55
1862	761	55	55
1862	761	55	55
1862	761	55	55
1862	761	55	55
1862	761	55	55
1862	761	55	55
1862	761	55	55
1862	761	55	55
1862	761	55	55
1862	761	55	55
1862	761	55	55
1862	761	55	55
1862	761	55	55
1862	761	55	55
1862	761	55	55
1862	761	55	55
1862	761	55	55
1862	761	55	55
1862	761	55	55
1862	761	55	55
1862	761	55	55
1862	761	55	55
1862	761	55	55
1862	761	55	55
1862	761	55	55
1862	761	55	55
1833	808	44	49
1833	808	44	49
1836	808	32	52
1836	808	32	52
1836	808	32	52
1836	808	32	52
1836	808	32	52
1836	808	32	52
1836	808	32	52
1836	808	32	52
1837	803	30	47
1837	803	30	47
1837	803	30	47
1837	803	30	47
1837	803	30	47
1837	803	30	47
1837	803	30	47
1837	803	30	47
1837	803	30	47
1837	803	30	47
1837	803	30	47
1832	790	33	49
1832	790	33	49
1832	790	33	49
1832	790	33	49
1832	790	33	49
1832	790	33	49
1832	790	33	49
1846	815	25	55
1847	809	26	48
1847	809	26	48
1847	809	26	48
1847	809	26	48
1847	809	26	48
1847	809	26	48
1847	809	26	48
1847	809	26	48
1847	809	26	48
1847	809	26	48
1847	809	26	48
1847	809	26	48
1847	809	26	48
1883	736	32	50
1883	736	32	50
1883	736	32	50
1883	736	32	50
1883	736	32	50
1883	736	32	50
1883	736	32	50
1883	736	32	50
1883	736	32	50
1883	736	32	50
1883	736	32	50
1883	736	32	50
1883	736	32	50
1883	736	32	50
1883	736	32	50
1883	736	32	50
1883	736	32	50
1883	736	32	50
1883	736	32	50
1883	736	32	50
1883	736	32	50
1883	736	32	50
1883	736	32	50
1883	736	32	50
1883	736	32	50
1883	736	32	50
1883	736	32	50
1883	736	32	50
1883	736	32	50
1883	736	32	50
1883	736	32	50
1883	736	32	50
1883	736	32	50
1883	736	32	50
1883	736	32	50
1883	736	32	50
1883	736	32	50
1883	736	32	50
1883	736	32	50
1883	736	32	50
1883	736	32	50
1883	736	32	50
1883	736	32	50
1883	736	32	50
1883	736	32	50
1883	736	32	50
1883	736	32	50
1883	736	32	50
1883	736	32	50
1883	736	32	50
1883	736	32	50
1883	736	32	50
1883	736	32	50
1883	736	32	50
1883	736	32	50
1883	736	32	50
1883	736	32	50
1883	736	32	50
1883	736	32	50
1883	736	32	50
1883	736	32	50
1883	736	32	50
1883	736	32	50
1883	736	32	50
1883	736	32	50
1883	736	32	50
1883	736	32	50
1883	736	32	50
1883	736	32	50
1883	736	32	50
1883	736	32	50
1883	736	32	50
1883	736	32	50
1883	736	32	50
1883	736	32	50
1883	736	32	50
1883	736	32	50
1883	736	32	50
1883	736	32	50
1883	736	32	50
1883	736	32	50
1883	736	32	50
1883	736	32	50
1883	736	32	50
1883	736	32	50
1883	736	32	50
1883	736	32	50
1883	736	32	50
1883	736	32	50
1883	736	32	50
1883	736	32	50
1883	736	32	50
1883	736	32	50
1883	736	32	50
1883	736	32	50
1883	736	32	50
1883	736	32	50
1883	736	32	50
1883	736	32	50
1883	736	32	50
1883	736	32	50
1883	736	32	50
1883	736	32	50
1883	736	32	50
1883	736	32	50
1883	736	32	50
1883	736	32	50
1883	736	32	50
1883	736	32	50
1883	736	32	50
1883	736	32	50
1883	736	32	50
1883	736	32	50
1883	736	32	50
1883	736	32	50
1883	736	32	50
1883	736	32	50
1883	736	32	50
1883	736	32	50
1883	736	32	50
1883	736	32	50
1883	736	32	50
1883	736	32	50
1883	736	32	50
1883	736	32	50
1883	736	32	50
1883	736	32	50
1883	736	32	50
1883	736	32	50
1883	736	32	50
1883	736	32	50
1883	736	32	50
1883	736	32	50
1883	736	32	50
1883	736	32	50
1883	736	32	50
1883	736	32	50
1883	736	32	50
1883	736	32	50
1883	736	32	50
1883	736	32	50
1883	736	32	50
1883	736	32	50
1883	736	32	50
1883	736	32	50
1883	736	32	50
1883	736	32	50
1883	736	32	50
1883	736	32	50
1883	736	32	50
1883	736	32	50
1883	736	32	50
1883	736	32	50
1883	736	32	50
1883	736	32	50
1883	736	32	50
1883	736	32	50
1883	736	32	50
1883	736	32	50
1883	736	32	50
1883	736	32	50
1883	736	32	50
1883	736	32	50
1883	736	32	50
1883	736	32	50
1883	736	32	50
1883	736	32	50
1883	736	32	50
1883	736	32	50
1883	736	32	50
1883	736	32	50
1883	736	32	50
1883	736	32	50
1883	736	32	50
1883	736	32	50
1883	736	32	50
1883	736	32	50
1883	736	32	50
1883	736	32	50
1883	736	32	50
1883	736	32	50
1883	736	32	50
1883	736	32	50
1883	736	32	50
1883	736	32	50
1883	736	32	50
1883	736	32	50
1883	736	32	50
1883	736	32	50
1883	736	32	50
1883	736	32	50
1883	736	32	50
1883	736	32	50
1883	736	32	50
1883	736	32	50
1883	736	32	50
1883	736	32	50
1883	736	32	50
1883	736	32	50
1883	736	32	50
1883	736	32	50
1883	736	32	50
1883	736	32	50
1883	736	32	50
1883	736	32	50
1883	736	32	50
1883	736	32	50
1883	736	32	50
1883	736	32	50
1883	736	32	50
1883	736	32	50
1883	736	32	50
1883	736	32	50
1883	736	32	50
1883	736	32	50
1883	736	32	50
1883	736	32	50
1883	736	32	50
1883	736	32	50
1883	736	32	50
1883	736	32	50
1883	736	32	50
1883	736	32	50
1883	736	32	50
1883	736	32	50
1883	736	32	50
1883	736	32	50
1883	736	32	50
1883	736	32	50
1883	736	32	50
1883	736	32	50
1883	736	32	50
1883	736	32	50
1883	736	32	50
1883	736	32	50
1883	736	32	50
1883	736	32	50
1883	736	32	50
1883	736	32	50
1883	736	32	50
1883	736	32	50
1883	736	32	50
1883	736	32	50
1883	736	32	50
1883	736	32	50
1883	736	32	50
1883	736	32	50
1883	736	32	50
1883	736	32	50
1883	736	32	50
1883	736	32	50
1883	736	32	50
1883	736	32	50
1883	736	32	50
1883	736	32	50
1883	736	32	50
1883	736	32	50
1883	736	32	50
1883	736	32	50
1883	736	32	50
1883	736	32	50
1883	736	32	50
1883	736	32	50
1883	736	32	50
1883	736	32	50
1883	736	32	50
1883	736	32	50
1883	736	32	50
1883	736	32	50
1883	736	32	50
1883	736	32	50
1883	736	32	50
1883	736	32	50
1863	831	26	43
1859	834	30	34
1862	830	29	30
1867	831	25	23
1862	833	29	24
1876	824	24	22
1877	819	22	25
1872	820	25	26
1872	820	25	26
1872	820	25	26
1872	820	25	26
1872	820	25	26
1890	793	24	27
1890	793	24	27
1890	793	24	27
1891	783	20	27
1891	783	20	27
1892	781	22	27
1861	769	19	29
1859	773	20	30
1859	773	20	30
1863	766	24	32
1879	750	20	29
1853	702	18	24
1852	704	21	22
1852	704	21	22
1848	702	19	21
1848	701	15	21
1843	700	15	20
1843	700	15	20
1843	700	15	20
1843	700	15	20
1843	700	15	20
1819	679	15	22
1819	679	15	22
1819	679	15	22
1819	679	15	22
1820	684	12	24
1839	663	16	23
1837	669	19	20
1837	669	19	20
1812	634	22	21
1812	634	22	21
1812	634	22	21
1788	605	21	21
1771	640	20	24
1773	638	19	21
1773	638	19	21
1773	638	19	21
1785	606	15	19
1802	595	13	21
1802	595	13	21
1802	595	13	21
1802	595	13	21
1802	595	13	21
1802	595	13	21
1802	595	13	21
1805	608	15	24
1805	608	15	24
1833	636	16	21
1833	636	16	21
1833	636	16	21
1833	636	16	21
1833	636	16	21
1833	636	16	21
1833	636	16	21
1833	636	16	21
1833	636	16	21
1833	636	16	21
1833	607	20	24
1828	605	18	22
1828	605	18	22
1828	605	18	22
1828	605	18	22
1828	605	18	22
1828	605	18	22
1828	605	18	22
1828	605	18	22
1828	605	18	22
1828	605	18	22
1857	567	15	22
1857	567	15	22
1857	567	15	22
1857	567	15	22
1857	567	15	22
1852	570	18	22
1852	570	18	22
1852	570	18	22
1852	570	18	22
1852	570	18	22
1852	570	18	22
1852	570	18	22
1852	570	18	22
1852	570	18	22
1852	570	18	22
1883	594	18	24
1885	592	18	22
1887	593	17	27
1887	593	17	27
1887	593	17	27
1887	593	17	27
1887	593	17	27
1887	593	17	27
1887	593	17	27
1890	556	18	22
1890	556	18	22
1890	556	18	22
1890	556	18	22
1890	556	18	22
1890	556	18	22
1890	556	18	22
1890	556	18	22
1890	556	18	22
1890	556	18	22
1890	556	18	22
1890	556	18	22
1890	556	18	22
1890	556	18	22
1890	556	18	22
1897	540	20	24
1900	528	16	25
1900	510	17	23
1899	526	19	26
1899	526	19	26
1899	520	13	23
1899	520	13	23
1899	520	13	23
1899	520	13	23
1899	520	13	23
1899	520	13	23
1901	503	16	25
1906	507	14	23
1906	507	14	23
1906	507	14	23
1906	507	14	23
1899	511	17	25
1901	492	19	31
1901	492	19	31
1897	450	16	28
1897	450	16	28
1897	450	16	28
1897	450	16	28
1902	461	14	30
1902	460	15	35
1899	462	15	35
1895	456	18	34
1895	456	18	34
1895	456	18	34
1895	456	18	34
1895	456	18	34
1895	456	18	34
1895	456	18	34
1895	456	18	34
1895	456	18	34
1895	456	18	34
1895	456	18	34
1897	407	20	36
1897	407	20	36
1886	350	21	34
1885	352	20	32
1885	352	20	32
1884	351	19	27
1883	352	20	22
1885	349	16	21
1886	349	15	24
1885	349	19	24
1884	350	14	25
1878	333	17	21
1876	333	13	22
1876	333	13	22
1876	333	13	22
1876	333	13	22
1876	333	13	22
1876	333	13	22
1876	333	13	22
1854	343	17	22
1850	345	19	20
1850	345	19	20
1821	358	18	18
1823	358	16	19
1823	358	16	19
1828	348	15	17
1839	358	18	18
1839	358	18	18
1839	358	18	18
1839	358	18	18
1839	358	18	18
1839	358	18	18
1839	358	18	18
1856	367	16	18
1856	367	16	18
1856	367	16	18
1856	367	16	18
1856	367	16	18
1862	366	16	18
1862	366	16	18
1862	366	16	18
1844	334	13	19
1844	334	13	19
1844	334	13	19
1844	334	13	19
1844	334	13	19
1851	319	14	19
1834	311	15	17
1834	311	15	17
1838	293	12	20
1838	293	12	20
1838	293	12	20
1812	291	9	19
1812	291	9	19
1814	277	10	19
1830	261	10	18
1830	261	10	18
1830	261	10	18
1845	282	11	17
1845	282	11	17
1835	293	12	16
1835	293	12	16
1835	293	12	16
1835	293	12	16
1835	293	12	16
1837	302	11	15
1837	302	11	15
1855	286	9	18
1855	286	9	18
1855	286	9	18
1855	286	9	18
1847	283	11	19
1829	302	11	19
1829	302	11	19
1829	302	11	19
1829	302	11	19
1836	308	11	20
1854	278	9	17
1854	271	9	20
1854	271	9	20
1854	271	9	20
1854	271	9	20
1854	271	9	20
1854	270	7	17
1854	269	6	16
1863	258	7	15
1859	252	8	13
1863	257	8	12
1863	270	7	11
1863	270	7	9
1863	270	7	9
1863	270	7	9
1854	254	9	9
1855	254	9	9
1855	254	9	9
1862	256	9	8
1862	256	9	8
1862	256	9	8
1862	256	9	8
1862	256	9	8
1855	247	8	7
1855	247	8	7
1855	247	8	7
1855	247	8	7
1840	254	8	9
1830	246	7	9
1814	246	6	9
1814	246	6	9
1807	239	7	9
1798	247	9	10
1806	228	8	11
1806	228	8	11
1806	228	8	11
1814	238	8	13
1804	215	10	15
1821	198	9	16
1847	197	11	16
1851	202	10	18
1852	203	9	20
1851	203	9	20
1850	203	11	19
1851	204	10	19
1851	205	10	20
1850	203	12	20
1849	201	14	24
1849	205	14	21
1849	206	13	18
1849	206	13	18
1851	206	11	17
1853	207	9	17
1852	206	10	18
1850	205	12	20
1851	204	13	21
1853	205	11	19
1853	206	11	19
1853	205	11	20
1852	204	12	19
1854	206	10	18
1854	207	10	18
1854	207	9	16
1854	206	9	18
1855	206	9	18
1854	205	9	19
1855	204	10	19
1855	205	10	17
1854	205	10	17
1854	205	11	18
1853	205	10	18
1852	204	12	18
1853	204	11	19
1854	204	10	17
1854	203	9	19
1853	202	11	19
1853	202	11	19
1855	201	9	20
1855	200	9	20
1855	201	9	19
1855	202	9	16
1854	201	9	18
1855	203	9	16
1855	203	9	14
1855	203	9	14
1856	203	8	16
1855	198	10	19
1855	196	11	21
1855	202	10	19
1857	201	10	18
1856	201	10	18
1855	200	10	21
1855	200	11	20
1855	202	10	19
1856	200	10	19
1854	200	13	19
1855	200	11	19
1857	200	9	19
1856	201	10	18
1855	201	12	17
1857	199	11	19
1856	199	11	19
1857	199	11	19
1856	200	12	19
1856	200	11	17
1858	200	10	18
1857	201	11	17
1857	199	11	18
1856	198	12	20
1858	199	12	20
1858	198	11	20
1858	199	11	19
1859	198	11	18
1859	198	11	20
1858	197	13	23
1857	198	14	21
1859	198	12	19
1860	197	12	21
1858	202	11	20
1860	203	10	19
1859	198	11	21
1859	189	13	22
1859	183	14	25
1857	188	15	28
1854	186	17	29
1854	186	18	30
1855	186	16	30
1853	184	19	32
1853	184	18	33
1854	186	19	31
1854	185	17	32
1853	188	19	31
1855	188	16	31
1853	187	20	31
1853	186	18	35
1853	185	19	39
1853	185	19	37
1853	187	19	37
1853	190	18	33
1853	191	17	31
1854	192	16	35
1854	191	16	34
1854	194	15	32
1855	194	16	30
1855	193	15	30
1854	198	15	27
1855	195	17	29
1854	195	17	30
1854	193	18	32
1854	194	16	31
1854	194	19	32
1854	192	20	33
1854	193	18	32
1855	193	16	32
1854	193	17	32
1854	193	17	31
1854	192	17	31
1854	193	17	31
1854	192	17	32
1854	192	18	32
1853	191	20	34
1853	188	19	35
1852	188	20	38
1853	184	19	43
1852	182	20	42
1852	181	22	44
1852	181	21	45
1852	181	19	41
1852	180	19	39
1853	181	18	38
1854	184	17	33
1854	185	17	32
1854	184	19	34
1854	185	19	32
1854	186	19	36
1853	185	20	35
1854	185	21	35
1854	186	19	36
1853	185	20	38
1853	184	19	40
1853	185	19	39
1853	184	20	40
1852	188	19	37
1853	188	19	38
1853	189	20	37
1853	190	18	35
1853	190	19	36
1854	191	19	35
1855	192	19	34
1854	193	20	33
1855	193	19	32
1855	193	18	33
1855	194	18	33
1856	193	17	32
1855	193	18	31
1854	192	19	34
1855	192	18	34
1855	192	17	33
1855	193	17	33
1856	191	20	33
1856	190	20	35
1855	191	20	35
1856	191	21	33
1856	190	21	34
1856	190	20	34
1855	190	20	33
1855	190	19	33
1855	191	20	33
1857	192	17	32
1856	190	21	32
1857	190	21	33
1857	189	21	35
1857	186	24	37
1858	187	24	36
1857	184	22	38
1857	182	24	39
1857	181	21	41
1855	178	26	45
1856	175	24	50
1856	173	23	50
1856	173	24	49
1856	174	24	48
1858	173	22	48
1857	177	22	42
1857	178	23	40
1856	180	22	38
1858	182	19	36
1858	183	19	35
1858	183	20	35
1857	183	20	35
1857	182	21	37
1857	181	22	38
1857	182	20	38
1857	183	21	39
1857	184	20	39
1857	186	21	37
1857	187	20	36
1858	187	20	37
1858	189	19	36
1857	190	21	35
1857	190	20	34
1858	190	22	35
1858	190	22	35
1858	191	22	34
1859	191	18	35
1859	192	19	33
1859	191	19	33
1858	192	19	32
1858	192	19	33
1859	191	17	33
1859	190	20	33
1860	190	21	35
1859	190	21	34
1860	190	20	34
1859	191	19	34
1859	191	20	35
1860	190	19	34
1861	190	20	35
