574	523	41	105
572	519	46	114
571	524	48	100
571	524	44	99
568	526	44	98
568	525	45	100
564	528	47	98
564	526	43	100
562	528	52	86
560	528	48	85
559	530	53	81
556	530	51	81
555	531	53	88
556	531	52	92
556	529	52	94
556	530	51	97
557	534	49	89
558	532	45	99
555	534	52	93
556	532	51	97
559	531	51	96
559	531	46	102
559	528	47	103
556	527	49	107
553	528	55	108
559	529	51	113
559	527	48	108
564	528	43	106
564	531	45	102
564	532	49	95
565	534	48	85
569	532	51	86
569	532	55	89
567	535	59	92
569	534	60	98
574	534	61	101
577	534	58	101
577	535	56	106
586	538	50	97
590	535	48	99
590	537	49	100
592	535	51	98
594	534	52	107
597	534	49	103
599	536	54	96
602	536	50	96
607	538	49	96
604	534	54	101
603	538	59	95
609	537	51	103
611	534	52	111
614	536	50	114
614	538	60	109
614	546	63	104
620	549	53	100
620	548	54	108
622	548	58	111
625	550	55	110
625	551	53	105
625	547	57	113
627	545	55	116
627	544	56	113
631	544	52	114
635	545	49	113
632	543	49	113
633	541	52	108
635	533	54	118
636	536	53	109
636	531	56	116
638	528	57	115
640	524	55	115
640	519	53	122
639	513	57	124
643	509	50	132
646	507	48	126
643	503	51	114
645	500	52	113
646	496	52	112
643	495	51	102
644	492	52	99
642	489	53	107
642	488	52	114
643	489	50	107
643	489	49	100
644	488	47	104
644	487	50	106
642	486	49	109
642	489	47	104
639	485	51	111
638	486	55	118
637	483	54	115
635	487	53	115
634	485	54	110
630	484	58	114
629	486	58	116
630	481	50	130
629	484	55	122
629	484	49	113
623	487	56	101
626	486	47	106
622	485	49	100
620	487	53	99
618	483	48	108
615	483	48	113
614	482	46	112
611	481	49	108
605	483	57	109
604	486	56	98
601	486	54	100
600	481	54	112
597	486	55	108
594	485	54	104
593	483	53	113
589	486	55	102
589	486	54	104
586	488	51	98
583	488	51	104
577	485	52	110
575	484	51	109
573	485	49	108
570	488	51	95
567	485	49	101
564	490	49	100
562	489	48	107
553	490	53	95
551	490	57	88
547	489	52	90
543	490	54	91
536	489	57	96
532	490	57	93
531	490	56	100
527	489	57	100
523	489	53	101
522	491	51	102
519	490	54	100
513	492	58	104
513	488	51	106
509	489	53	107
505	491	58	100
501	492	58	98
497	486	56	106
497	487	53	106
495	489	49	99
493	492	51	95
490	490	58	94
488	488	54	97
483	488	57	92
482	487	54	98
481	488	51	94
479	486	54	94
479	482	55	101
481	482	49	93
482	482	46	92
479	475	47	97
478	474	46	99
481	474	41	89
477	470	49	78
479	473	44	86
475	470	49	91
472	469	49	87
475	469	45	91
474	468	50	87
477	467	47	91
473	468	47	85
474	467	47	85
474	466	46	95
474	466	43	93
473	465	50	91
473	467	51	95
473	469	49	91
472	468	49	90
473	471	45	93
472	466	45	100
469	468	48	99
469	469	51	93
469	471	49	85
469	472	49	82
468	472	49	83
462	472	57	88
464	471	48	85
466	471	50	85
462	470	55	82
462	469	52	78
465	467	47	85
463	470	47	90
461	469	51	86
462	468	48	88
462	466	48	96
462	469	48	87
461	467	50	85
460	468	50	88
460	468	50	90
459	466	48	91
458	469	53	85
459	470	51	75
459	469	51	83
457	470	54	90
459	472	48	95
456	472	50	93
457	473	50	97
457	474	50	89
454	474	52	87
455	476	51	90
456	477	48	98
454	472	55	106
455	477	50	93
455	475	49	90
455	477	48	89
453	475	50	90
453	475	52	92
452	475	50	84
451	473	53	90
450	475	48	87
447	474	56	78
444	471	54	77
444	471	54	84
446	470	54	82
445	470	55	76
444	470	55	81
446	469	53	83
445	470	50	76
440	471	53	62
443	472	52	72
441	472	57	82
442	472	55	83
442	473	52	84
443	472	53	84
441	471	50	88
441	472	50	85
440	471	48	91
440	471	49	89
440	471	47	92
439	475	49	81
440	476	47	79
440	475	46	80
437	474	46	77
437	475	45	73
434	474	47	72
431	471	48	78
430	470	46	72
429	470	48	74
427	468	49	77
427	466	46	79
424	464	46	74
420	462	53	78
419	457	53	77
418	456	51	84
414	454	53	98
412	449	49	91
409	451	54	83
405	449	55	77
403	450	53	66
401	450	48	69
398	449	47	66
397	449	52	68
394	451	54	64
390	449	47	61
387	447	46	65
386	445	40	70
381	447	50	63
378	450	46	66
377	448	46	66
373	448	47	76
368	449	51	75
366	447	50	81
363	448	49	77
362	449	47	76
358	449	44	77
354	449	47	69
351	448	45	75
345	447	50	78
339	446	52	77
338	451	52	85
334	450	50	84
328	450	51	83
325	449	54	82
322	450	53	87
317	451	53	88
311	443	57	98
311	445	52	98
304	444	53	110
296	439	59	109
293	441	62	105
292	448	57	95
288	448	53	88
283	444	57	95
282	443	53	95
280	444	55	99
274	441	55	97
271	441	53	95
267	436	55	91
263	431	58	95
261	429	57	99
254	428	65	93
254	426	59	93
254	423	56	98
254	418	49	105
251	414	51	103
243	408	57	109
247	406	47	106
247	402	45	102
245	398	47	112
244	394	47	114
243	385	47	122
242	377	47	123
239	375	51	121
237	371	45	119
237	364	46	123
240	369	43	117
236	359	46	124
231	357	54	137
233	350	49	152
235	354	47	149
235	350	48	139
234	354	49	134
236	353	45	134
237	353	47	138
235	349	45	142
236	350	45	129
233	353	48	125
235	354	44	118
233	350	45	120
234	350	42	123
236	353	40	117
234	350	41	114
237	345	40	118
235	344	40	126
236	348	42	124
235	350	46	120
236	351	42	115
234	352	46	116
232	351	46	116
233	351	45	114
233	354	45	103
235	355	43	106
239	354	39	116
240	351	36	117
241	351	36	117
241	354	37	108
240	351	38	112
242	354	38	109
242	354	37	107
241	354	36	107
244	355	34	104
238	356	44	101
236	353	44	106
240	347	40	119
237	351	42	113
241	351	39	116
241	356	40	108
236	354	46	114
236	347	49	123
233	347	52	126
242	349	42	126
236	347	45	126
241	347	41	128
239	349	45	128
240	351	42	121
239	351	43	111
234	346	54	119
235	346	51	125
240	347	47	114
243	351	46	116
245	347	39	114
245	347	46	124
246	348	43	120
250	348	41	120
250	351	41	113
254	355	39	101
253	352	42	109
253	347	43	112
257	351	45	115
260	344	43	120
259	348	48	118
255	348	55	121
270	344	43	125
269	342	44	119
271	332	49	120
276	319	47	127
256	152	60	133
289	318	40	140
286	319	42	147
293	319	36	143
297	327	38	148
294	323	45	138
302	332	42	142
299	325	46	140
323	338	66	131
303	339	57	120
316	339	46	128
322	326	55	139
323	331	71	131
309	325	54	127
311	332	71	135
311	332	71	135
273	319	56	123
279	350	69	111
279	350	69	111
217	327	60	124
217	327	60	124
179	327	66	108
156	333	63	114
172	351	69	125
153	332	77	133
120	320	87	138
107	310	73	157
144	334	96	154
97	321	105	142
97	321	105	142
142	323	114	127
141	342	109	121
135	338	107	103
105	349	136	117
105	349	136	117
105	349	136	117
105	349	136	117
122	329	160	122
122	329	160	122
122	329	160	122
122	329	160	122
222	351	149	122
235	332	173	123
282	330	149	110
343	331	154	104
399	325	138	110
457	339	118	91
512	336	120	85
560	337	109	79
608	333	114	77
653	334	105	80
668	323	111	91
715	335	103	74
737	339	94	64
754	341	100	59
773	336	85	67
771	341	82	53
755	339	85	56
759	332	75	69
792	338	87	61
794	340	85	54
788	340	101	56
792	339	91	61
803	339	77	58
799	339	79	63
796	341	89	61
791	333	105	66
783	328	112	74
795	331	96	72
796	335	87	69
795	335	89	77
796	334	87	71
791	338	88	63
796	341	86	58
798	338	89	69
797	341	79	64
799	338	73	72
802	337	76	67
798	340	73	61
790	337	87	67
793	340	87	63
789	339	96	61
788	332	102	74
789	334	96	77
787	335	103	68
791	330	93	81
785	333	101	79
790	340	93	67
790	341	87	63
787	339	95	66
787	339	93	67
785	344	101	59
783	341	106	63
780	336	102	73
782	335	107	72
777	332	109	78
776	331	112	81
778	331	110	80
777	332	113	81
779	329	110	80
779	331	102	83
785	338	94	75
782	332	94	82
781	329	93	89
779	331	103	86
782	333	95	82
782	329	93	86
777	333	96	82
774	333	104	86
778	334	97	85
782	335	89	83
776	332	94	82
775	333	98	84
772	334	100	83
775	339	92	73
772	343	102	64
772	337	91	73
766	338	100	74
762	338	119	76
756	336	131	84
763	330	117	89
753	327	128	98
759	335	117	79
758	332	123	90
757	327	121	100
754	323	126	102
751	328	130	98
755	329	124	99
755	329	123	98
752	331	118	98
746	329	136	101
747	330	133	98
747	328	130	104
742	325	137	111
747	327	123	102
746	335	130	94
736	327	145	104
747	328	128	104
739	330	139	104
742	331	136	101
739	337	136	94
743	340	130	91
745	343	127	87
740	343	131	84
744	341	119	92
737	337	138	95
741	339	125	102
741	342	126	93
738	338	128	92
739	336	127	104
736	340	130	100
733	336	141	109
735	336	130	107
732	346	141	93
732	345	140	94
733	342	139	99
730	346	143	93
725	338	150	104
726	339	148	103
726	340	141	107
725	341	148	104
722	332	145	118
722	327	144	128
723	330	142	127
725	337	138	119
721	335	145	115
724	332	135	124
724	337	131	117
723	334	129	116
724	330	123	126
721	330	135	127
725	333	128	122
721	332	136	128
720	336	154	117
719	338	161	119
718	335	156	121
721	331	157	129
712	334	173	127
714	334	172	126
716	335	169	127
718	339	167	118
719	335	157	127
721	335	165	128
717	338	172	125
715	342	165	119
719	339	176	127
713	336	184	131
720	330	178	137
719	338	165	126
724	341	156	127
719	340	167	123
722	348	161	117
717	347	187	118
719	342	181	124
715	337	189	135
718	334	186	145
717	342	190	129
715	338	195	134
712	336	198	142
719	327	183	153
724	332	183	149
718	331	195	149
723	331	190	156
724	332	185	154
720	344	200	134
720	337	206	147
719	335	205	150
720	336	209	152
719	332	215	157
730	345	191	127
721	345	210	142
729	343	202	142
729	346	212	136
728	345	209	139
729	346	211	139
739	345	177	140
749	348	158	135
753	350	135	131
748	354	144	126
741	350	165	135
750	348	165	144
748	356	177	132
745	353	209	133
742	342	223	153
740	337	227	162
724	330	245	179
743	346	222	163
752	344	224	154
752	337	225	159
742	327	247	184
745	340	238	154
754	343	227	164
750	342	240	159
752	329	243	180
753	313	247	211
763	337	219	171
769	327	224	178
763	325	240	185
760	345	236	155
761	322	244	190
756	311	260	212
743	294	281	241
733	318	289	206
758	295	277	244
763	314	274	213
776	343	237	169
769	325	252	183
778	319	250	205
764	305	283	223
749	311	293	219
783	273	267	273
780	273	282	280
788	278	274	269
805	284	261	257
779	301	283	236
820	271	241	265
817	277	257	260
794	280	273	260
802	270	268	282
827	266	251	283
824	267	272	285
819	269	257	283
828	272	261	279
829	273	261	269
813	274	274	279
803	276	292	280
787	276	313	278
772	285	348	267
803	275	307	272
818	288	305	253
810	300	306	227
807	298	300	235
814	306	299	230
831	273	274	273
825	286	294	260
818	291	310	256
797	286	341	269
810	307	340	234
830	307	314	230
835	312	292	229
846	305	280	223
838	319	283	217
812	311	307	219
827	304	307	216
824	302	301	240
811	308	313	222
838	327	296	182
827	335	301	183
829	322	297	202
829	324	301	191
819	325	310	198
835	304	288	228
810	322	321	198
831	314	300	218
824	324	301	202
795	314	338	225
813	333	317	192
803	304	331	233
826	313	309	236
830	315	297	228
827	324	306	217
832	326	300	211
829	334	314	186
855	321	292	203
815	332	326	196
802	302	339	253
819	317	328	241
843	313	291	232
842	284	291	268
845	305	297	233
825	315	321	222
818	310	328	226
792	317	357	221
808	316	338	214
793	307	353	229
817	310	328	220
801	308	346	242
799	320	354	236
808	303	336	252
818	303	317	251
816	301	327	242
824	315	326	225
824	320	321	206
819	323	322	211
800	320	347	222
831	314	319	222
800	314	344	223
820	316	331	227
822	316	322	232
831	314	313	231
838	313	298	233
825	296	311	255
834	295	308	265
842	314	295	225
831	323	313	210
816	305	323	245
806	310	338	233
816	312	330	236
831	321	317	221
825	320	314	223
810	333	333	206
800	311	349	237
792	318	357	238
793	323	357	226
813	328	333	226
841	343	318	186
811	346	322	188
825	346	312	191
816	333	329	196
808	333	335	199
823	322	324	221
814	325	327	220
820	300	324	250
820	322	325	211
817	314	326	228
818	325	318	213
812	335	326	191
800	332	341	203
816	305	322	247
817	323	328	215
830	318	312	225
814	312	326	239
816	325	324	206
811	321	332	221
797	317	348	234
815	319	325	232
826	313	317	239
801	321	335	230
806	333	333	216
820	337	316	208
793	347	345	181
800	343	336	189
792	335	354	216
815	316	325	224
839	323	299	229
820	334	313	213
833	305	295	244
837	321	299	222
827	333	308	208
814	331	322	220
832	305	303	248
807	318	334	245
785	331	355	234
795	327	343	227
791	338	342	204
786	313	360	236
792	305	344	250
825	316	320	250
813	304	325	257
798	321	337	251
797	337	338	235
781	304	348	268
800	321	338	255
802	324	335	254
819	318	314	274
810	341	317	240
805	333	331	259
805	344	322	250
803	313	339	283
796	305	335	289
789	310	339	297
794	324	336	274
783	339	339	259
785	347	355	239
783	338	353	253
789	344	326	259
793	311	341	288
781	329	344	275
791	334	352	271
793	295	329	314
794	327	358	295
797	311	339	308
786	313	341	309
783	337	348	284
789	324	353	294
771	318	359	303
778	334	356	276
763	344	369	269
764	308	367	315
752	330	377	287
742	356	382	250
743	348	384	275
747	368	391	243
745	331	393	292
748	323	372	331
757	338	360	300
750	322	373	327
738	330	386	330
714	323	406	337
703	324	414	340
727	343	394	330
724	356	406	292
721	356	391	292
692	329	430	314
640	322	479	356
688	330	511	340
681	349	430	309
652	318	470	353
621	324	504	351
719	360	457	294
725	342	409	313
670	332	435	349
653	337	460	349
696	340	451	347
683	334	429	369
638	345	461	365
639	334	476	359
650	346	469	336
612	338	512	375
604	343	511	375
691	357	477	351
661	344	474	364
632	340	513	385
653	324	497	404
657	346	477	381
677	339	498	376
662	350	538	360
628	318	557	448
554	316	652	439
671	313	562	469
679	324	552	447
694	340	513	410
697	333	512	442
700	326	539	429
662	337	580	421
683	333	586	413
662	358	599	393
628	330	632	474
670	330	603	447
671	330	610	451
652	339	643	453
624	309	678	492
647	313	664	528
671	336	661	510
648	304	683	546
592	320	760	552
556	315	800	578
560	327	779	491
596	337	755	492
654	340	708	508
632	327	713	514
666	346	712	511
709	317	676	557
741	282	635	620
797	316	576	555
613	314	531	581
889	348	462	507
875	329	490	521
892	329	459	541
855	346	504	448
875	366	452	430
623	336	397	467
656	343	501	479
626	325	399	503
740	357	466	469
670	326	547	522
654	308	426	565
766	306	450	582
703	300	415	566
762	313	493	526
713	316	393	566
727	305	409	544
828	326	459	526
747	296	434	580
1027	328	355	577
803	209	424	529
772	308	355	565
761	301	402	570
1028	332	399	523
944	315	393	553
755	304	394	539
763	298	401	576
835	303	454	596
742	295	423	589
733	309	478	568
912	321	556	543
755	298	426	574
848	317	407	576
761	296	360	591
769	295	368	591
781	306	389	543
839	317	411	563
776	287	401	617
772	301	438	580
977	323	396	563
805	306	328	584
819	323	351	520
804	310	387	564
873	324	395	546
813	315	354	554
806	309	402	572
836	310	482	595
791	304	433	571
788	301	480	556
800	315	400	578
795	300	459	642
985	319	497	601
809	316	402	536
882	336	412	552
804	327	411	545
815	302	431	623
976	327	419	587
818	303	378	617
797	312	423	579
821	289	377	640
809	305	362	609
816	311	372	572
827	324	323	570
817	326	375	553
825	329	353	555
823	312	345	585
809	306	407	612
789	303	421	612
814	307	378	631
823	306	354	619
827	305	354	599
828	317	318	595
928	319	301	579
833	320	306	600
829	313	320	574
841	318	294	616
834	314	310	620
838	314	292	633
845	324	285	609
846	314	298	596
843	316	270	600
838	317	292	635
829	309	368	632
825	316	383	613
846	297	305	655
838	323	349	604
855	324	313	617
844	315	315	623
860	325	310	604
856	327	309	579
847	317	317	623
856	305	305	681
858	310	315	688
875	322	278	633
872	319	293	646
873	329	305	595
880	332	279	608
876	319	296	661
883	316	307	639
885	315	311	650
881	324	297	646
901	320	275	673
900	320	267	659
891	322	274	639
887	326	276	677
895	327	263	660
891	335	194	587
875	333	163	584
877	352	147	559
867	328	149	548
874	347	133	574
850	338	162	542
870	355	187	575
849	329	160	569
853	352	198	584
848	336	136	569
853	324	142	556
855	355	128	534
870	357	97	538
866	339	119	529
873	361	110	495
878	342	102	497
872	319	106	500
880	357	111	520
885	354	107	513
886	325	98	511
892	367	99	500
899	350	96	523
888	348	112	513
894	358	111	506
899	337	99	510
896	313	109	543
898	358	109	525
902	361	109	506
904	341	99	509
906	363	95	497
913	355	84	477
910	377	90	468
912	375	89	469
914	374	84	481
911	381	89	457
907	389	93	441
903	410	95	411
902	401	74	404
897	389	79	420
898	391	77	417
894	381	79	425
886	385	82	438
881	372	90	452
878	369	90	459
879	385	86	439
878	387	81	422
878	377	78	444
876	379	80	434
878	380	79	438
875	376	85	446
876	384	75	419
874	383	83	423
876	380	79	432
870	380	86	431
870	380	87	422
867	391	88	397
872	392	78	402
871	385	76	403
868	388	85	409
