651	377	46	117
657	383	46	108
665	383	42	101
676	378	34	104
686	389	38	105
699	385	27	95
710	384	27	95
715	388	30	97
730	397	27	93
738	398	35	94
751	402	32	93
761	408	36	88
774	406	32	88
787	414	33	84
801	410	30	91
813	416	36	92
827	421	31	93
836	422	41	94
854	423	35	96
870	419	35	97
882	429	37	85
895	433	40	90
918	428	30	89
932	438	34	94
946	443	38	97
960	442	39	102
982	446	33	98
1003	445	27	104
1021	451	25	105
1040	453	25	105
1055	456	27	104
1073	460	29	106
1094	462	29	104
1112	464	26	106
1129	470	29	105
1151	476	27	106
1167	479	29	102
1191	490	23	97
1203	492	30	97
1229	505	25	107
1245	511	32	97
1261	507	32	101
1286	501	27	101
1303	517	30	97
1323	514	33	100
1344	513	37	105
1361	517	38	103
1387	518	36	111
1407	528	38	106
1427	533	39	103
1447	542	38	100
1462	546	34	104
1478	547	34	102
1492	563	35	104
1505	553	32	105
1513	555	38	111
1515	565	49	105
1520	565	44	108
1523	572	42	109
1522	575	39	106
1518	577	40	103
1508	575	38	106
1498	572	43	109
1485	575	45	112
1470	578	39	104
1451	580	39	105
1433	587	32	99
1413	588	30	100
1388	587	32	101
1363	593	32	95
1336	597	35	91
1310	592	37	97
1284	589	39	96
1252	592	40	94
1228	590	44	100
1202	594	45	91
1176	597	50	97
1151	600	49	91
1122	600	47	92
1096	602	46	95
1074	602	44	106
1074	602	44	106
1074	602	44	106
1074	602	44	106
1074	602	44	106
1074	602	44	106
1074	602	44	106
997	608	39	95
994	600	33	90
993	606	23	99
993	599	26	101
991	599	31	98
993	602	34	94
999	606	32	94
1003	604	28	97
1008	607	26	91
1011	609	24	89
1016	611	23	89
1020	610	23	85
1024	619	24	85
1026	618	24	87
1029	617	32	92
1032	615	32	96
1037	622	28	91
1042	627	24	87
1049	628	23	90
1051	626	28	95
1053	630	30	94
1055	630	33	96
1057	633	37	96
1060	634	36	100
1062	642	38	93
1064	639	40	97
1067	643	40	95
1078	647	30	90
1085	653	27	93
1088	656	29	95
1090	660	31	90
1092	664	35	88
1095	665	34	90
1100	667	31	91
1103	670	31	92
1108	682	27	83
1114	685	26	80
1117	686	25	83
1119	690	31	80
1119	690	34	84
1119	689	38	89
1123	688	37	93
1129	690	34	93
1133	695	35	94
1137	699	31	91
1139	703	34	90
1143	707	27	87
1145	709	27	90
1146	712	31	88
1147	717	34	87
1150	720	31	88
1151	726	33	86
1154	723	33	94
1152	732	36	96
1157	733	34	91
1149	740	44	95
1147	739	55	105
1151	743	43	107
1160	745	39	105
1166	747	35	100
1171	748	29	104
1173	754	32	102
1180	761	27	97
1181	766	33	97
1184	771	33	102
1187	766	33	104
1190	768	28	106
1190	774	31	105
1191	781	33	101
1189	786	40	89
1191	793	46	95
1192	795	60	104
1197	800	59	103
1201	803	58	94
1208	806	59	94
1211	807	61	101
1214	810	59	101
1209	815	72	103
1213	816	72	103
1215	823	75	98
1221	825	72	95
1246	823	53	107
1250	831	46	95
1252	830	43	91
1255	831	49	94
1259	835	54	99
1257	837	64	100
1258	838	72	100
1260	842	78	109
1275	843	67	113
1282	846	54	109
1290	851	47	101
1295	851	42	105
1299	854	43	109
1296	858	48	94
1296	863	49	87
1299	863	56	99
1299	869	63	94
1303	874	69	98
1309	877	74	110
1321	880	55	109
1336	887	46	103
1341	887	37	98
1344	891	42	95
1343	899	48	90
1342	902	58	86
1349	905	45	81
1353	908	54	83
1363	911	55	84
1365	917	54	84
1372	918	46	88
1377	922	42	84
1381	930	38	78
1383	935	32	78
1384	936	38	80
1386	940	41	80
1384	945	55	78
1388	946	51	84
1386	948	60	85
1411	955	53	81
1416	962	41	78
1423	965	31	75
1428	967	29	70
1432	971	34	67
1433	977	40	68
1429	974	51	77
1434	975	55	82
1439	976	55	87
1453	979	46	86
1460	982	41	80
1467	983	38	84
1468	986	44	86
1472	988	45	86
1472	989	49	89
1476	995	48	80
1471	998	57	77
1472	997	63	79
1487	995	68	86
1486	1001	71	80
1490	1000	88	84
1495	1001	83	84
1511	1007	68	75
1516	1002	76	83
1519	1004	61	77
1529	1001	53	82
1526	1002	58	81
1538	1001	56	80
1539	999	60	83
1549	1005	55	78
1562	1003	46	78
1572	1005	34	74
1572	1006	38	75
1576	1006	42	73
1576	1007	45	75
1589	1006	39	74
1600	1005	37	75
1603	1009	41	69
1611	1011	35	65
1617	1012	33	65
1621	1013	35	61
1626	1014	35	64
1629	1012	40	63
1631	1013	51	67
1637	1014	44	68
1643	1015	46	65
1647	1014	44	66
1653	1013	46	65
1660	1017	46	61
1666	1019	46	59
1673	1023	43	56
1679	1023	42	56
1685	1026	39	54
1688	1025	41	58
1695	1024	42	58
1699	1024	45	58
1707	1026	39	54
1712	1031	44	54
1718	1032	40	48
1725	1037	41	48
1730	1037	43	46
1738	1036	43	46
1743	1036	43	46
1752	1036	42	46
1758	1033	43	48
1764	1035	47	47
1776	1038	43	44
1782	1037	45	44
1790	1036	43	51
1799	1040	39	44
1806	1041	41	44
1814	1042	40	42
1822	1044	43	40
1832	1041	41	39
1840	1042	44	39
1852	1040	43	42
1858	1044	50	39
1865	1047	48	35
1877	1048	43	34
