993	708	34	104
994	708	36	102
996	705	36	110
995	703	39	115
997	707	41	112
997	704	37	110
999	706	37	110
1000	707	37	110
998	711	41	104
999	708	38	109
999	708	43	110
1005	708	36	107
1006	698	35	114
1006	695	36	117
1005	696	38	122
1003	694	44	118
1007	693	40	112
1009	695	36	107
1012	691	34	104
1013	690	33	107
1015	691	35	100
1017	693	35	102
1019	688	35	102
1021	694	32	96
1020	692	32	100
1020	688	33	105
1021	688	36	102
1020	694	37	97
1020	690	35	92
1022	692	36	89
1028	687	33	95
1025	684	35	100
1028	684	35	98
1031	683	35	101
1032	686	34	93
1033	686	35	96
1033	680	35	102
1032	684	38	96
1034	688	38	91
1036	683	35	93
1039	682	32	99
1037	685	34	91
1035	681	39	94
1038	682	34	100
1039	682	33	101
1039	681	35	95
1040	676	36	102
1043	682	31	95
1043	678	33	90
1044	676	33	97
1044	674	34	99
1044	674	31	94
1049	680	29	85
1048	672	33	90
1045	674	35	85
1047	673	36	96
1047	674	35	90
1049	678	35	86
1048	676	39	89
1054	679	31	79
1050	678	37	74
1055	681	33	70
1053	672	33	72
1050	677	37	74
1051	675	39	81
1055	666	35	81
1062	675	30	78
1057	666	33	87
1060	665	34	94
1063	668	32	90
1065	670	30	88
1063	666	30	95
1062	665	33	93
1062	665	34	97
1066	668	32	90
1063	660	33	95
1064	659	33	96
1063	656	36	98
1063	657	38	95
1065	666	38	90
1067	663	32	94
1066	658	34	96
1065	659	35	94
1068	642	31	97
1071	663	31	90
1069	661	32	92
1073	659	30	93
1079	664	21	83
1078	665	25	81
1079	663	25	82
1080	663	24	82
1075	663	28	82
1077	666	29	85
1080	662	25	87
1075	661	31	94
1080	661	27	87
1082	667	27	82
1079	659	30	90
1082	664	28	78
1084	668	28	78
1086	667	26	78
1083	667	31	81
1085	667	28	79
1089	668	28	79
1088	665	29	81
1086	668	32	82
1086	665	31	86
1086	666	33	85
1084	662	37	89
1088	661	36	87
1086	659	34	94
1092	658	29	95
1090	662	31	96
1088	666	34	88
1092	666	31	89
1092	657	32	84
1095	661	32	78
1098	668	27	67
1098	668	27	67
1098	668	27	67
1097	668	30	75
1099	650	28	74
1102	663	22	84
1100	644	25	78
1100	660	26	70
1100	658	27	66
1099	670	33	70
1104	665	27	78
1103	664	29	81
1105	664	29	83
1105	664	29	83
1106	655	26	79
1106	655	26	79
1107	660	27	74
1107	660	27	74
1107	660	27	74
1112	667	24	72
1109	669	31	62
1111	669	30	61
1111	669	31	58
1108	674	36	53
1107	681	38	66
1107	672	34	79
1108	671	32	83
1113	668	31	82
1111	670	36	87
1115	670	34	93
1119	660	29	100
1114	665	32	98
1118	668	32	88
1121	665	30	99
1120	666	31	96
1120	666	30	89
1118	666	33	89
1125	669	32	89
1122	664	36	92
1123	665	35	94
1130	669	32	91
1134	665	27	89
1134	665	28	99
1132	669	35	99
1135	667	33	102
1134	669	34	92
1132	671	41	92
1136	668	39	98
1136	671	41	94
1138	667	46	92
1138	667	46	92
1149	667	41	95
1158	674	30	90
1156	665	31	97
1158	662	31	95
1155	662	33	99
1153	664	31	103
1153	664	31	103
1138	655	29	102
1130	666	22	95
1123	659	20	103
1123	659	20	103
1090	651	26	101
1074	657	28	88
1063	655	28	90
1050	657	29	90
1050	657	29	90
1036	656	29	96
1031	656	26	101
1029	656	32	100
1026	656	32	101
1026	653	31	97
1025	654	35	97
1028	657	35	92
1029	657	38	96
1036	647	33	84
1037	657	34	96
1040	659	34	93
1044	653	31	92
1042	654	29	99
1040	656	32	98
1034	653	39	96
1033	652	33	96
1035	661	28	90
1026	653	35	82
1026	660	33	84
1028	661	31	87
1026	658	38	80
1026	657	41	78
1035	661	36	86
1032	655	40	83
1035	658	40	74
1040	657	35	74
1040	658	36	77
1042	664	36	79
1046	658	37	82
1051	656	33	82
1052	653	33	89
1053	653	36	84
1053	652	38	90
1055	648	37	90
1060	649	33	89
1060	645	32	83
1060	647	30	78
1058	644	36	82
1060	643	33	87
1058	639	34	88
1059	639	35	91
1058	636	34	97
1059	636	35	94
1057	634	34	89
1057	637	34	78
1059	640	34	81
1055	637	37	87
1054	638	36	92
1057	637	35	97
1059	634	33	94
1058	632	35	96
1057	636	35	90
1057	634	40	91
1058	637	35	83
1057	639	34	74
1059	640	33	72
1058	638	32	78
1056	640	33	77
1058	639	32	80
1055	638	36	81
1056	638	36	68
1054	638	35	73
1058	641	34	66
1057	643	31	70
1054	643	32	70
1054	642	30	68
1054	638	29	67
1053	638	31	76
1051	639	32	73
1052	636	33	75
1052	636	33	75
1048	639	33	79
1051	632	30	85
1049	632	31	90
1049	634	30	93
1047	636	33	94
1047	636	32	99
1043	637	38	95
1045	635	36	97
1046	640	34	90
1045	641	32	79
1044	640	35	87
1041	637	39	86
1043	635	35	88
1043	636	34	82
1047	633	27	71
1048	638	28	66
1044	637	33	67
1043	639	32	66
1039	642	37	60
1044	640	30	57
1043	639	32	63
1044	638	31	61
1042	646	29	68
1041	636	31	69
1044	633	28	79
1037	635	36	76
1039	632	34	75
1039	629	32	74
1038	640	29	75
1039	638	30	82
1034	634	37	84
1036	625	33	90
1038	628	29	91
1037	624	30	97
1037	627	30	95
1034	625	29	91
1036	627	29	93
1036	624	28	91
1035	629	29	87
1036	625	29	88
1034	625	31	91
1034	623	33	90
1033	624	31	92
1033	626	31	85
1034	631	30	86
1033	626	32	81
1034	627	29	82
1034	625	30	88
1033	625	33	90
1032	622	33	92
1033	623	31	91
1035	625	29	83
1033	623	31	86
1032	624	33	87
1031	623	33	89
1033	628	29	84
1034	623	28	89
1033	621	29	89
1030	626	34	86
1034	628	26	78
1036	625	23	83
1033	623	29	84
1030	623	32	82
1030	618	30	85
1028	615	31	88
1027	615	31	72
1030	611	27	79
1027	612	30	86
1029	611	30	80
1028	614	28	76
1029	612	30	78
1030	613	27	76
1026	611	31	83
1026	608	32	87
1025	612	32	85
1025	613	32	84
1027	610	30	85
1025	616	30	78
1023	614	31	85
1025	612	31	81
1025	610	31	77
1022	613	31	74
1022	616	34	69
1024	612	33	74
1022	610	34	66
1026	610	30	76
1028	610	27	71
1025	611	29	72
1023	606	32	79
1025	610	30	76
1022	605	32	84
1021	606	33	86
1023	608	32	81
1025	606	28	83
1024	610	28	83
1024	613	27	76
1021	609	31	77
1019	607	35	80
1020	604	35	83
1017	607	37	79
1017	607	38	79
1018	607	35	82
1016	602	34	84
1017	604	33	80
1018	610	30	76
1020	611	32	77
1018	613	31	74
1017	607	28	76
1018	612	27	77
1020	611	27	76
1021	611	25	67
1018	613	27	71
1018	615	27	68
1016	610	31	74
1016	607	33	76
1017	608	29	79
1015	608	30	83
1015	607	30	83
1015	607	27	89
1017	608	26	82
1017	608	29	88
1016	609	29	88
1016	608	27	89
1014	610	28	82
1014	612	26	83
1014	614	29	81
1014	612	29	82
1013	610	27	86
1013	612	28	85
1012	608	29	91
1011	608	29	95
1011	609	30	103
1010	600	29	111
1009	606	29	106
1006	600	30	102
1007	606	29	102
1005	601	32	97
1007	607	29	86
1001	606	37	81
1002	609	33	79
1003	610	32	82
1004	604	31	86
1002	607	28	84
1004	606	29	87
1003	604	30	78
1000	610	31	75
1001	608	30	78
1001	609	29	81
1003	608	28	88
1004	608	25	86
1002	611	23	85
1000	609	29	92
1001	606	27	85
999	610	28	84
998	607	30	86
997	610	29	83
995	610	32	87
996	608	28	86
996	610	32	87
995	613	29	85
993	609	32	90
990	608	36	92
984	612	40	79
990	616	30	77
989	613	34	82
985	610	35	87
988	611	34	83
987	610	33	88
986	605	29	90
986	607	28	92
983	611	27	87
984	612	29	88
985	610	32	87
984	610	30	90
981	609	36	95
980	609	39	90
981	610	37	88
983	612	32	94
982	610	33	93
979	613	34	94
984	610	29	86
980	608	36	92
982	609	30	96
984	612	29	87
983	614	30	92
980	613	35	88
983	615	30	90
983	618	32	87
982	616	33	89
982	616	34	89
984	618	32	89
982	617	32	90
984	613	32	93
984	613	32	95
980	618	39	91
985	618	31	95
982	617	36	98
983	619	33	93
982	617	36	90
982	618	35	86
984	616	31	86
981	616	32	81
977	619	36	89
978	619	37	81
979	620	34	90
976	623	33	89
980	624	36	92
980	620	35	90
977	619	36	95
981	621	38	93
980	622	39	88
980	623	37	86
982	626	33	79
979	617	37	86
980	620	34	86
980	616	33	88
980	613	36	92
977	612	35	88
978	614	35	83
981	615	30	77
973	610	35	79
978	608	32	78
976	605	32	85
975	605	34	81
973	604	34	85
973	599	30	84
971	601	30	86
968	600	34	89
970	601	32	85
967	600	33	87
970	604	29	87
968	605	30	87
961	603	37	86
958	603	39	85
959	596	37	92
958	603	37	86
958	610	34	81
959	608	33	80
959	608	33	84
957	605	33	90
955	604	35	93
956	604	35	94
959	610	32	87
959	611	32	88
959	616	33	85
962	615	27	80
959	612	32	87
961	613	32	88
963	616	30	79
958	618	35	75
961	618	33	79
962	619	30	75
964	617	30	78
965	620	30	79
967	621	29	84
964	621	35	81
965	619	33	83
967	622	33	83
966	624	36	76
969	624	34	81
972	622	33	85
974	625	29	83
974	627	35	72
973	626	37	78
979	625	30	86
978	622	31	86
974	626	40	81
977	624	39	84
981	618	37	90
987	628	32	82
990	630	30	76
984	629	37	72
988	630	36	74
991	630	34	80
993	629	33	82
999	633	27	78
1000	632	26	73
1002	637	28	63
1003	634	28	68
998	634	37	66
1005	637	29	66
1003	635	35	72
1009	636	30	71
1006	634	34	73
1011	636	30	68
1013	636	30	72
1017	636	27	72
1017	635	27	77
1014	633	33	81
1013	632	32	80
1016	633	30	77
1019	634	29	80
1016	635	36	80
1017	629	35	84
1016	633	34	83
1017	634	37	77
1018	632	35	76
1023	634	31	77
1022	638	29	72
1023	638	29	72
1024	637	27	74
1025	638	29	73
1024	635	32	76
1024	636	33	80
1025	636	30	77
1022	634	35	87
1024	634	35	84
1023	636	37	79
1029	638	29	74
1031	640	29	71
1033	639	27	71
1030	640	32	69
1034	641	27	74
1037	642	25	77
1037	639	24	71
1036	641	27	77
1036	642	31	78
1032	642	32	75
1033	641	33	79
1031	644	38	72
1030	642	38	81
1033	641	33	86
1029	642	37	86
1031	643	37	86
1031	644	35	84
1033	648	34	82
1034	649	34	81
1031	646	33	79
1029	649	34	77
1025	646	38	87
1027	648	34	87
1023	648	40	85
1026	648	34	83
1023	646	35	85
1018	646	39	87
1022	649	36	84
1015	646	41	86
1014	648	40	85
1018	648	35	90
1023	654	26	80
1016	653	32	86
1016	654	30	88
1012	655	32	83
1010	658	33	76
1012	658	30	85
1008	658	31	85
1008	660	31	79
1005	660	32	81
1001	660	36	85
1001	660	36	86
997	661	37	87
999	663	34	87
998	663	34	85
993	664	38	88
990	663	41	90
989	665	40	94
990	664	39	94
984	664	43	91
986	669	39	94
984	667	40	96
984	671	40	91
982	673	42	92
980	674	42	92
979	674	44	96
980	672	41	99
972	673	50	95
976	674	41	107
975	670	38	110
972	675	45	111
970	672	45	105
970	671	44	110
972	678	40	105
973	681	38	104
973	684	38	107
974	691	37	96
968	691	42	96
970	694	40	85
970	693	40	91
966	692	43	100
969	691	39	102
964	695	43	96
962	695	44	92
965	696	40	90
960	694	45	97
962	692	41	99
957	692	46	90
956	689	44	92
957	687	41	104
949	686	50	98
952	679	48	104
952	685	47	97
948	684	47	92
945	686	49	96
946	683	46	97
943	680	47	106
939	678	53	99
932	675	61	100
928	675	64	101
939	676	54	96
939	676	49	92
941	670	49	96
941	668	47	91
941	670	47	91
942	670	45	93
945	669	42	100
944	670	40	95
940	669	44	89
935	669	52	99
934	670	49	93
935	672	48	85
940	672	42	91
935	670	49	93
939	669	43	95
938	669	44	93
936	670	49	85
934	668	51	87
939	669	44	88
935	672	48	80
936	663	42	94
935	662	45	96
931	664	48	83
940	663	38	91
937	664	41	85
937	666	40	92
938	665	37	94
936	664	39	98
935	665	39	96
935	671	39	91
934	665	38	96
934	665	39	97
929	668	43	92
931	670	40	93
930	671	43	95
923	663	45	102
928	665	41	100
919	666	50	100
928	669	41	93
926	668	42	94
921	671	46	90
919	668	46	100
925	672	40	94
927	674	37	92
926	674	35	92
924	675	34	97
922	672	36	97
925	678	37	90
922	677	39	82
924	682	35	76
920	680	37	82
922	683	36	84
919	684	39	82
916	684	43	83
915	685	46	87
914	686	44	82
909	679	49	87
909	677	47	87
912	680	45	97
913	679	42	105
912	685	42	93
910	688	41	89
908	681	42	96
911	691	39	89
911	690	37	92
912	693	35	95
908	693	43	88
905	691	41	85
902	692	44	85
904	694	40	81
901	692	39	92
906	693	36	89
906	692	34	90
900	692	40	90
892	694	47	96
892	693	45	90
893	697	45	91
899	698	39	93
893	696	42	94
892	696	42	98
893	698	43	98
890	697	44	100
897	698	39	106
896	696	38	102
900	698	35	102
896	697	40	104
897	698	40	107
895	702	38	101
893	701	42	100
898	708	37	97
897	707	36	95
894	706	39	105
891	703	43	107
896	709	38	107
897	710	36	108
893	706	41	112
895	707	41	120
893	713	41	117
897	714	38	118
897	718	41	117
894	713	42	127
892	707	45	134
893	715	45	130
887	711	50	125
897	732	40	116
898	726	41	106
900	730	38	107
901	729	36	110
897	728	38	115
897	734	40	109
896	737	42	113
901	741	37	102
905	740	34	105
905	742	31	107
905	744	32	112
897	734	40	102
895	735	42	96
891	728	43	98
893	740	43	97
892	743	43	92
895	740	42	84
896	745	42	73
891	742	44	82
887	741	50	92
894	740	43	106
894	740	44	106
891	735	45	108
895	738	39	99
896	739	41	101
895	735	40	107
895	734	43	112
892	735	47	106
892	732	48	119
895	733	46	112
896	731	44	116
894	730	47	113
886	729	58	112
888	726	55	117
896	732	50	106
897	733	49	98
897	730	50	105
902	730	45	107
905	727	44	110
909	734	43	102
909	731	45	104
915	734	42	101
919	733	43	96
925	730	40	96
916	731	51	93
919	732	52	81
925	733	48	82
932	733	41	89
929	732	44	95
923	731	50	83
924	732	46	89
924	731	42	83
909	727	53	74
898	731	60	91
894	731	47	98
874	730	52	100
860	732	50	94
843	733	44	97
821	732	51	97
795	732	59	93
777	738	54	91
741	738	61	72
719	741	51	79
689	747	47	85
664	741	50	92
634	745	56	86
614	746	54	91
598	745	51	104
590	750	43	99
572	748	55	103
570	747	51	106
573	751	45	102
570	750	44	101
568	750	43	94
572	748	46	84
579	740	41	88
579	740	41	88
579	740	41	88
590	743	47	86
589	751	56	88
586	746	64	97
607	746	46	99
608	742	48	114
603	742	59	101
603	740	61	102
609	738	60	101
615	739	55	97
623	735	47	98
626	735	47	92
621	729	54	101
631	729	44	106
631	729	44	102
633	726	43	100
635	724	45	101
640	724	41	95
638	727	45	82
634	722	50	98
634	717	51	99
636	717	49	101
640	716	47	92
637	711	49	98
637	710	50	102
639	710	48	97
640	707	49	101
641	706	45	91
643	707	46	97
641	703	50	102
637	700	52	112
643	699	44	118
639	699	53	107
645	703	48	102
642	702	52	92
647	700	51	76
648	706	50	73
654	705	40	71
654	701	42	70
653	696	42	73
655	698	39	67
650	696	47	69
653	698	43	65
653	698	45	65
654	695	43	68
653	699	45	74
659	697	37	81
659	697	39	79
660	695	38	88
654	694	45	86
659	695	41	85
658	694	42	84
659	693	40	80
657	694	41	81
657	690	45	90
653	689	46	85
658	684	43	95
648	683	51	100
654	686	46	89
660	686	38	93
655	678	42	85
658	682	42	84
658	682	45	90
663	683	37	92
659	683	39	90
663	683	37	90
663	676	36	94
665	679	36	82
657	677	42	78
652	679	48	74
648	679	51	71
651	682	50	61
651	681	52	71
654	680	50	62
655	679	47	59
657	677	42	60
660	679	36	64
662	676	35	63
661	677	35	62
661	673	38	67
657	675	38	70
660	675	39	76
661	675	35	83
659	674	40	76
658	672	39	78
660	670	37	81
657	667	38	69
655	668	40	64
661	670	32	59
657	666	38	54
656	667	40	58
661	665	31	60
659	664	32	68
657	663	33	81
656	661	37	82
654	661	38	81
655	661	35	84
657	663	34	84
656	661	32	91
657	659	32	90
656	660	34	84
656	660	33	75
658	662	30	65
655	664	35	59
660	663	28	53
660	663	26	52
653	665	28	57
652	665	29	67
651	664	32	67
644	660	39	73
639	662	47	62
640	662	42	59
638	663	43	57
637	667	42	57
637	663	37	60
633	665	42	57
636	667	37	65
633	668	39	58
631	672	37	70
625	666	43	79
624	665	44	82
625	664	39	87
624	663	37	90
624	664	36	86
623	663	35	86
619	661	35	93
620	664	28	89
615	662	33	90
614	663	32	93
612	669	33	95
609	662	30	104
603	663	37	92
606	667	34	85
603	669	39	77
598	672	41	73
592	672	42	76
587	671	44	75
588	673	39	64
586	676	40	59
593	677	34	63
585	676	37	57
580	676	40	55
578	676	41	59
575	683	40	68
571	679	45	76
569	677	44	67
567	680	43	78
568	681	39	69
562	683	46	60
563	688	42	63
561	684	44	64
560	687	42	63
555	688	47	65
557	690	41	61
557	691	38	59
554	689	42	63
551	694	41	68
551	694	39	63
550	694	39	64
549	699	37	78
546	696	41	85
543	701	44	82
541	704	46	78
544	706	42	81
542	706	44	92
541	704	44	97
543	708	45	89
538	710	48	89
531	711	57	79
540	713	46	83
533	714	56	79
534	716	52	84
529	717	58	74
533	721	55	66
532	725	56	58
530	728	60	69
540	726	55	76
543	728	48	78
544	731	48	83
540	733	57	91
547	733	49	99
549	735	49	98
547	738	50	88
549	739	51	102
549	742	49	95
551	743	47	109
545	745	53	111
544	749	49	101
534	749	54	105
523	752	58	106
509	755	61	108
489	759	61	108
468	765	57	102
422	776	63	103
386	785	66	109
336	791	72	101
288	808	77	88
255	825	74	81
199	842	64	79
151	858	68	82
