1205	375	80	229
1200	385	83	224
1204	384	83	229
1198	386	88	225
1208	390	81	221
1209	389	81	218
1211	395	79	213
1213	391	81	217
1210	386	84	222
1213	389	82	222
1215	395	81	215
1216	384	82	232
1220	387	83	220
1220	383	80	228
1224	385	78	226
1222	388	78	225
1221	385	80	230
1218	384	85	234
1224	389	80	222
1227	387	76	231
1226	388	73	224
1227	390	74	219
1230	389	71	225
1230	388	72	217
1230	387	72	208
1228	385	75	220
1226	384	79	212
1228	386	76	207
1228	380	77	206
1228	383	75	209
1226	384	80	202
1226	383	78	202
1226	388	77	197
1228	385	77	202
1227	386	79	202
1231	380	74	204
1233	384	72	208
1233	382	74	214
1237	378	71	213
1237	386	74	197
1236	382	74	201
1236	381	77	197
1233	381	83	195
1239	378	77	199
1234	374	82	202
1243	378	75	198
1243	380	74	192
1240	383	72	191
1239	381	67	197
1237	382	62	189
1219	383	64	189
1200	380	69	200
1178	372	71	206
1154	378	64	202
1133	378	62	195
1103	377	64	195
1079	376	69	189
1052	372	67	207
1033	374	65	192
1015	371	69	186
1000	372	67	182
996	373	61	180
986	369	62	185
980	368	62	189
979	368	59	189
974	373	60	182
970	372	67	182
970	376	65	181
969	373	63	177
970	375	63	176
966	376	66	169
963	377	65	176
961	377	66	171
950	373	63	169
938	375	66	164
928	374	64	166
918	377	61	164
912	374	58	172
902	370	59	177
896	368	56	176
891	375	60	166
888	372	53	172
885	372	52	173
882	370	53	173
880	372	56	171
873	376	61	169
876	377	55	169
873	376	57	171
871	376	61	173
874	380	55	169
873	382	59	173
873	386	61	167
871	391	55	162
869	392	59	164
871	396	58	159
872	397	56	171
869	408	57	163
865	407	63	172
865	418	62	168
867	421	63	174
867	432	65	168
865	437	67	165
867	448	64	161
868	451	61	165
870	454	62	165
868	455	63	168
873	458	57	175
872	464	57	176
871	465	59	178
869	476	61	172
868	476	62	176
863	484	69	172
871	492	59	164
871	496	60	161
866	497	67	158
868	503	63	150
867	502	65	150
870	507	61	149
872	505	58	151
874	507	52	151
875	509	52	154
871	517	57	147
871	517	61	147
872	520	54	148
875	523	51	142
872	523	50	144
871	520	52	150
869	522	53	142
868	517	55	153
868	520	58	151
867	521	57	148
863	519	58	150
865	521	56	150
865	521	55	148
864	520	54	146
866	519	53	148
864	522	56	141
866	520	53	147
866	521	52	142
867	523	54	134
864	522	56	138
867	524	52	141
864	523	57	142
867	523	48	130
866	528	49	134
864	526	43	136
856	523	42	137
849	523	38	140
839	521	39	139
829	528	40	138
820	530	39	137
813	527	38	136
805	526	36	138
800	526	36	139
795	530	39	142
789	529	40	132
789	530	40	129
786	530	45	131
783	531	47	130
780	528	50	126
780	527	54	127
778	525	54	138
777	530	54	131
779	523	48	136
780	524	49	140
778	530	49	130
780	523	49	136
778	521	46	136
780	528	44	133
780	526	44	134
780	527	40	128
777	527	46	134
779	527	38	132
779	527	43	133
778	525	43	135
775	519	44	142
774	522	45	143
776	528	42	140
778	529	41	137
776	525	41	135
774	527	46	131
773	524	45	134
775	524	38	139
776	526	37	134
773	530	38	129
774	530	41	129
772	530	40	133
772	531	42	123
772	530	41	129
773	532	41	132
772	531	40	137
774	527	37	131
775	528	40	134
771	524	39	138
774	526	39	137
775	529	38	135
774	525	39	133
776	527	39	138
773	527	41	138
777	529	39	143
777	529	37	136
775	533	41	131
776	535	40	130
776	537	41	129
779	535	39	125
777	535	41	124
778	540	41	126
777	537	42	128
776	540	42	130
779	538	39	130
776	540	41	129
777	539	41	129
778	534	41	134
778	535	39	134
777	537	39	134
778	540	42	129
776	537	43	134
775	541	44	133
778	535	44	141
775	542	43	133
776	544	45	134
777	542	44	133
778	542	43	134
777	546	44	138
774	541	46	143
777	540	42	134
778	539	42	135
779	542	42	130
779	538	45	138
777	542	49	133
777	540	50	132
775	539	49	139
778	544	48	138
778	541	47	135
783	545	40	124
781	546	44	128
783	544	44	130
782	547	46	130
781	545	51	131
779	544	54	133
780	543	54	130
781	543	55	128
781	542	54	135
782	544	57	128
786	543	55	128
780	546	65	121
785	545	62	122
787	546	58	125
787	542	62	126
790	542	61	132
792	541	59	129
793	544	59	120
796	544	59	124
799	544	55	117
801	541	53	122
807	541	51	128
809	541	53	117
811	537	51	123
814	536	48	117
817	538	48	127
816	537	53	121
817	538	54	120
819	538	57	115
824	538	54	117
822	536	56	123
826	538	57	121
824	534	61	129
823	535	63	124
829	539	58	120
832	534	58	126
833	535	60	118
838	532	57	124
844	527	53	125
845	528	55	122
850	529	50	123
852	525	51	128
853	524	50	128
856	524	49	123
861	525	43	123
861	522	47	124
862	518	47	129
867	518	41	131
868	517	44	131
865	520	47	125
866	517	51	121
866	518	53	119
867	518	54	118
871	513	53	124
871	511	57	126
874	512	56	131
881	515	49	133
885	510	46	133
886	513	45	118
884	508	52	128
887	507	51	123
889	509	48	119
895	507	47	122
892	504	53	119
890	504	60	125
891	501	62	121
894	503	58	117
897	504	55	116
900	503	53	121
902	504	50	118
900	502	55	120
903	499	59	122
905	498	60	118
912	498	51	117
911	499	56	110
912	497	53	112
913	497	53	121
917	499	51	116
918	496	54	119
920	494	49	124
923	493	50	130
925	495	49	128
927	494	48	124
929	494	44	123
931	493	42	124
928	493	48	127
927	498	52	124
933	489	50	126
934	493	49	117
931	497	53	116
934	493	50	122
937	494	47	129
938	492	45	119
943	496	45	106
945	496	43	106
947	495	45	109
945	497	49	106
945	495	49	107
944	496	54	115
945	496	53	129
948	497	48	122
951	495	45	127
948	495	55	129
950	497	47	119
950	497	53	126
949	497	53	122
950	498	54	125
952	495	56	130
955	499	54	126
956	507	51	119
958	502	50	124
960	502	55	127
960	498	54	130
960	504	57	126
964	506	53	122
967	507	53	126
971	517	47	113
972	509	47	124
970	508	50	130
974	503	46	135
972	503	49	131
975	503	49	135
978	500	45	141
978	502	47	141
980	497	41	140
983	504	42	139
980	500	49	146
983	511	40	131
985	516	36	136
982	511	52	131
986	511	47	135
987	520	47	129
993	512	42	137
994	510	44	148
992	512	47	142
994	520	48	135
993	523	50	126
993	524	51	127
995	519	52	130
995	517	50	131
997	514	50	141
999	517	47	132
998	522	52	134
992	521	60	137
998	528	49	130
997	528	53	137
1003	528	49	144
1005	537	47	139
1002	545	55	137
1004	545	57	137
1005	551	56	137
1003	557	58	127
1011	564	51	119
1003	562	62	132
1006	559	56	138
1015	568	48	126
1013	576	54	118
1016	576	51	119
1017	576	53	120
1019	582	54	111
1018	583	54	112
1022	584	50	112
1021	585	54	112
1021	585	57	107
1020	577	57	111
1022	582	53	110
1031	586	44	109
1034	587	44	108
1033	584	47	116
1033	569	49	129
1035	578	50	123
1032	578	54	126
1034	576	49	125
1038	578	49	121
1037	585	51	118
1037	584	51	116
1038	584	50	114
1039	584	49	112
1034	586	52	114
1030	585	51	117
1021	572	57	120
1016	584	55	111
1014	582	56	115
1015	589	51	109
1012	591	48	113
1011	581	46	114
1006	583	48	118
1002	588	51	113
998	581	60	119
1002	589	54	117
1000	589	51	115
1009	589	42	116
1012	587	41	114
1007	582	46	122
1006	584	48	127
1007	587	48	115
1008	583	39	121
1003	589	45	116
990	588	46	124
982	574	50	124
977	592	51	115
974	595	40	104
964	594	48	107
964	597	37	110
958	599	44	117
954	581	46	127
950	585	47	129
947	587	50	132
952	590	45	124
946	590	52	120
948	595	49	122
944	596	45	114
933	597	51	113
922	596	51	114
905	592	56	113
888	585	45	128
871	590	42	122
844	602	52	115
822	602	54	111
800	598	55	113
780	591	59	127
776	596	53	132
765	587	52	143
757	594	56	138
753	588	51	136
746	595	59	145
744	595	56	132
743	591	55	136
743	590	52	134
745	600	51	136
744	593	51	142
745	596	53	138
744	590	54	142
747	596	50	140
751	595	47	155
752	597	47	150
750	595	49	144
747	593	49	145
743	597	54	150
743	598	52	152
743	596	46	140
743	597	46	148
741	595	46	134
740	602	51	126
738	606	55	144
740	599	50	152
737	600	57	165
740	602	52	162
740	601	51	158
740	604	55	160
744	604	47	152
745	607	52	145
746	611	57	149
748	606	51	146
749	612	57	163
751	606	51	143
756	604	48	150
753	603	51	148
758	603	48	138
757	605	54	152
761	598	52	154
763	597	50	149
765	594	49	146
767	590	49	143
771	590	42	145
771	592	46	142
771	590	45	142
772	588	42	144
774	590	45	148
773	592	45	141
774	595	46	138
776	596	47	147
776	596	45	142
777	603	46	141
779	604	45	138
781	604	45	147
782	602	41	151
784	606	41	148
783	606	47	154
782	604	48	149
783	603	46	146
785	606	46	148
785	603	47	142
785	603	47	143
787	603	44	141
788	605	46	139
789	605	42	136
789	609	49	143
786	611	47	136
790	615	47	135
792	616	45	139
792	620	45	135
793	623	43	129
794	627	46	140
796	625	45	142
798	626	41	146
797	629	44	158
799	631	44	161
798	632	47	172
797	627	45	152
799	630	44	139
799	631	46	138
801	632	41	131
801	631	44	132
803	630	42	131
802	629	41	132
803	630	44	139
803	629	42	129
802	631	46	135
803	631	49	144
804	631	47	144
802	629	45	138
806	629	44	147
806	630	41	148
807	628	42	144
805	627	45	153
806	627	44	143
806	626	41	130
807	627	43	128
807	624	43	135
807	623	42	130
808	625	42	127
808	625	41	125
809	624	41	135
809	624	43	131
810	624	43	133
810	624	44	139
811	624	40	130
810	625	44	127
810	625	44	128
811	627	41	123
814	625	40	122
814	623	39	129
813	622	43	130
814	621	42	123
815	621	41	119
816	619	40	123
818	618	40	122
816	620	40	123
818	619	40	123
816	621	43	134
817	623	41	123
817	623	44	127
818	630	41	145
819	628	38	126
818	634	39	126
819	636	39	120
819	642	40	131
817	645	42	119
818	649	39	121
818	650	40	126
819	653	39	137
819	656	41	134
819	658	39	142
818	659	42	157
817	662	46	173
819	645	43	163
821	646	40	161
821	669	42	148
819	674	43	152
823	674	39	152
822	677	42	153
824	674	39	137
823	676	41	139
823	680	45	152
822	680	45	153
822	679	48	157
822	676	47	167
826	678	42	167
826	667	44	168
825	673	48	173
827	675	49	165
825	672	69	168
825	672	66	145
825	673	84	133
819	669	80	134
824	671	80	133
826	672	84	130
820	670	72	119
827	676	66	132
828	672	72	129
827	673	83	127
816	672	81	121
826	671	82	109
818	668	72	109
827	674	79	117
822	674	78	102
826	674	79	118
826	679	88	136
818	676	86	127
825	675	86	120
819	671	75	129
824	676	66	124
825	677	60	119
825	677	56	101
826	672	49	112
825	675	61	128
824	675	75	107
820	677	70	100
824	677	65	114
824	672	63	109
823	675	79	110
814	669	82	110
820	668	83	114
821	669	90	131
822	665	80	117
823	669	86	115
823	666	80	111
823	667	82	112
823	667	79	110
824	668	79	109
825	665	81	113
826	663	74	112
825	663	78	112
827	662	76	113
827	665	77	107
826	664	78	111
826	666	75	109
825	664	81	111
824	666	83	110
825	668	84	111
824	667	82	112
824	669	82	108
823	669	82	109
822	669	84	108
822	669	81	109
822	669	79	109
822	666	88	116
821	670	83	108
821	664	85	115
821	664	83	117
820	664	86	119
818	666	88	113
816	668	97	111
817	667	89	116
817	668	92	117
815	665	94	119
815	668	89	115
814	666	86	119
814	666	85	120
812	665	92	122
813	664	91	125
814	663	89	123
817	664	91	125
820	666	92	123
820	664	94	128
823	658	88	135
824	661	92	132
823	663	94	133
824	661	91	129
826	659	92	132
825	663	94	128
825	662	93	132
826	661	92	136
823	664	96	133
823	660	90	139
821	667	103	132
817	662	101	138
818	664	102	133
819	665	99	137
818	666	95	136
814	664	95	139
814	660	101	145
813	661	103	141
806	659	110	146
808	661	106	147
808	665	109	143
809	666	111	143
803	663	112	145
807	664	105	147
800	664	114	147
798	660	111	155
801	657	110	158
804	658	103	157
799	660	113	161
796	661	112	160
793	663	115	159
795	661	111	166
788	667	122	157
785	667	127	161
788	664	116	165
784	674	124	155
787	666	111	173
779	674	131	163
778	669	122	171
777	676	127	165
778	674	125	166
775	675	126	167
776	675	122	172
773	671	127	174
771	669	127	176
774	668	123	181
770	665	123	185
768	661	125	187
763	664	126	186
764	663	129	186
766	663	131	189
765	666	129	181
764	666	129	181
767	667	125	178
762	663	135	185
754	660	136	185
760	654	125	190
761	653	123	190
764	651	119	192
762	652	124	191
764	655	127	192
768	648	139	199
775	653	134	185
779	652	146	191
788	648	144	196
792	645	144	203
797	647	150	198
807	648	142	197
811	658	145	186
812	659	149	179
815	658	146	186
818	651	145	196
823	648	137	198
823	652	137	192
816	651	144	195
821	652	132	195
823	646	131	202
825	647	134	200
817	645	144	202
814	646	148	201
818	648	145	200
822	645	141	202
827	644	152	205
839	648	150	200
850	652	159	198
876	644	158	202
864	652	183	196
908	647	152	193
906	640	160	206
923	632	157	217
935	638	157	211
943	633	151	216
930	650	177	197
908	645	202	196
903	644	213	196
956	644	165	199
951	635	166	212
949	642	165	210
950	640	161	209
955	633	156	221
955	642	157	208
945	640	164	204
951	644	164	201
955	640	164	210
949	632	166	223
927	647	189	197
895	646	218	195
925	649	197	197
900	640	215	209
887	641	242	207
876	654	259	195
857	633	269	220
871	645	260	212
853	641	270	209
863	642	276	217
840	632	292	218
865	632	271	225
829	626	296	224
847	642	284	217
885	633	249	232
859	642	266	221
862	644	261	220
857	639	264	223
858	639	259	220
853	644	273	220
838	636	286	227
792	630	335	239
831	631	294	234
797	621	314	243
757	613	355	254
771	617	351	281
807	629	319	252
801	626	308	236
765	629	351	240
780	648	347	204
771	629	342	228
755	616	365	253
727	606	392	261
756	618	366	274
730	609	389	278
742	624	386	257
730	617	394	263
721	603	407	262
722	601	400	273
717	611	409	260
717	587	414	309
699	592	429	325
666	578	459	413
635	564	482	491
637	565	498	498
597	526	519	541
605	526	509	544
606	531	481	539
597	538	489	525
608	547	496	514
609	549	475	518
600	532	487	523
579	551	487	513
571	553	473	510
537	562	490	500
529	561	485	496
521	557	463	500
461	538	489	539
439	556	507	510
375	576	509	480
358	574	519	479
337	571	492	488
293	566	475	487
253	588	505	473
228	587	477	467
167	594	520	465
133	591	524	469
82	599	530	462
28	617	542	437
-11	622	567	447
-6	647	546	421
-29	645	566	419
-32	667	529	410
-23	667	494	397
-3	649	449	425
-8	672	433	402
-11	661	456	403
-13	665	458	406
-9	656	485	415
-18	641	532	420
-15	643	538	433
-10	626	565	444
23	623	555	444
100	621	558	433
140	610	537	449
169	585	544	486
232	565	512	509
257	569	537	489
365	553	485	509
350	568	536	500
453	579	503	483
488	562	494	497
496	564	521	497
527	560	507	492
564	549	503	511
594	543	481	531
645	550	469	517
635	560	501	504
640	561	501	504
635	553	506	504
655	546	484	521
671	553	483	515
676	541	487	516
686	545	464	515
673	567	485	500
653	536	506	527
666	547	490	518
643	551	506	503
656	535	478	533
672	558	468	506
662	561	496	495
662	559	495	502
671	552	474	496
669	565	483	501
625	518	500	545
615	547	508	504
651	540	458	522
642	561	484	478
636	564	486	482
604	558	514	482
618	551	498	503
632	541	473	517
610	553	508	495
638	545	499	492
654	547	468	508
630	552	493	513
643	562	486	493
650	549	469	492
616	563	496	489
619	552	490	504
607	548	506	498
599	539	500	509
614	559	486	484
626	557	506	495
597	533	516	516
608	535	444	524
597	558	492	492
613	550	482	497
610	554	449	493
614	567	461	474
617	567	474	484
591	569	512	476
601	555	498	498
626	564	485	472
644	553	458	504
641	549	466	499
636	554	494	497
626	558	490	501
624	559	485	490
635	551	474	493
647	556	476	499
635	548	480	508
646	548	467	501
642	554	477	509
636	552	491	496
634	565	483	483
655	554	460	507
627	561	492	470
636	566	479	473
613	569	512	468
648	556	479	485
632	535	485	512
618	532	490	526
591	550	509	492
599	547	494	489
594	553	482	500
601	547	491	491
585	549	504	498
594	552	514	491
618	549	482	510
626	554	462	494
614	562	498	499
609	549	493	496
613	549	485	515
626	560	424	484
616	550	413	509
597	544	381	509
635	541	414	523
621	527	337	543
680	561	378	494
622	530	342	529
616	537	283	524
646	536	243	538
652	544	253	518
677	563	227	494
690	546	242	514
724	562	250	479
787	587	303	462
753	599	385	433
717	548	371	505
717	535	282	520
751	520	277	546
778	543	267	504
812	562	270	483
839	559	241	511
853	573	236	470
880	556	212	503
924	581	171	479
946	595	164	455
976	583	163	473
907	602	186	439
920	591	196	459
948	575	187	467
879	574	214	487
906	574	208	475
930	556	201	501
870	564	231	505
918	548	180	519
938	562	251	498
869	545	252	519
889	547	277	524
849	548	266	520
901	545	264	513
870	553	250	517
889	546	275	503
852	523	282	544
868	538	269	524
876	528	253	540
865	526	274	527
845	551	295	511
843	527	289	518
847	527	293	529
843	534	294	516
853	530	282	521
854	543	277	497
834	541	307	518
825	539	311	489
820	534	315	521
822	534	307	508
839	535	278	507
841	515	278	538
832	541	298	513
843	533	286	509
835	535	299	504
821	536	320	520
836	533	295	517
837	539	300	513
834	545	295	485
826	540	302	515
805	539	327	506
817	539	309	519
812	535	320	515
817	530	304	519
838	522	281	530
838	538	275	520
826	540	300	512
842	537	288	519
842	546	276	496
817	536	310	517
816	532	300	516
825	527	287	516
820	518	299	542
826	536	298	521
829	538	297	513
828	526	287	533
816	519	310	547
822	530	304	524
831	507	284	548
820	522	306	547
791	495	345	566
808	511	314	551
813	506	302	564
817	512	294	553
807	498	306	557
821	520	294	540
825	505	286	560
825	533	285	505
818	545	296	507
819	532	289	520
837	546	264	508
839	531	268	537
828	526	284	532
829	523	286	525
819	527	296	536
803	532	315	531
801	503	320	553
805	503	310	564
818	518	303	554
825	527	279	539
808	515	294	551
807	529	306	519
821	535	288	518
818	541	281	511
800	545	306	520
801	534	308	526
803	522	308	534
806	529	309	531
804	537	316	517
824	531	280	531
815	537	288	527
816	534	286	518
804	538	301	516
817	545	282	515
800	534	314	526
802	520	301	541
814	523	297	529
819	522	274	541
814	540	291	529
818	554	298	500
814	556	300	499
808	561	297	495
815	543	286	515
819	543	274	519
821	565	279	493
816	571	294	483
814	571	287	476
821	550	276	506
815	561	286	490
813	567	288	475
830	568	255	496
823	555	290	507
819	551	275	512
816	547	279	519
830	560	261	490
833	564	257	500
829	558	271	505
822	548	273	506
815	563	283	489
819	563	275	496
822	549	272	510
819	548	270	519
824	529	273	527
824	548	267	503
827	545	275	519
825	528	271	533
819	535	298	528
821	551	280	505
826	542	268	505
824	536	277	526
821	542	284	523
814	548	300	505
811	557	307	487
817	552	293	492
836	527	247	533
829	540	261	524
820	533	263	531
818	533	287	529
835	537	258	523
831	544	269	518
831	533	283	521
834	560	274	488
835	547	266	508
823	564	277	496
827	534	282	531
828	526	273	539
838	538	257	528
841	529	250	541
842	536	247	530
833	536	253	531
831	522	274	544
837	535	260	526
837	555	263	511
839	538	261	529
829	546	267	515
824	522	277	538
823	556	288	510
817	555	297	500
823	548	275	515
817	541	300	524
831	534	277	526
845	548	253	523
838	543	260	529
832	544	269	527
832	541	274	533
837	568	256	486
836	553	265	505
841	568	259	500
841	563	249	511
838	561	260	495
839	574	246	491
845	568	238	497
850	565	239	497
827	569	274	495
841	567	251	487
842	571	253	497
845	578	233	495
836	579	260	488
842	570	261	494
830	565	278	502
832	558	265	500
831	565	261	506
843	585	257	460
838	583	256	478
841	583	253	477
839	572	253	496
833	565	266	495
826	581	265	467
840	580	244	470
831	584	273	470
834	588	270	458
820	582	282	470
826	572	267	484
837	573	246	484
835	584	243	480
834	580	260	476
834	592	239	472
828	584	260	468
823	584	269	482
827	582	256	469
827	595	243	459
827	572	269	492
817	583	280	474
816	591	275	470
815	598	276	464
811	608	282	446
820	585	256	483
819	583	268	477
804	577	277	484
808	583	281	484
806	598	278	454
793	600	293	458
800	618	274	441
806	608	281	455
795	609	282	454
783	605	296	458
783	590	313	478
779	591	303	476
772	592	317	482
753	590	331	479
765	609	316	461
744	592	335	476
766	593	290	478
750	592	317	468
748	599	318	466
725	587	351	475
740	594	324	480
728	619	326	442
723	619	339	453
717	611	339	463
723	610	329	465
697	602	374	460
698	608	365	463
691	600	366	465
673	622	394	446
682	615	358	450
675	616	378	453
678	612	378	461
672	619	377	462
673	615	382	459
678	639	365	431
683	647	371	429
681	639	387	440
686	633	398	441
710	613	385	443
799	605	336	480
738	620	379	456
737	614	394	470
738	617	393	457
734	615	414	453
734	619	407	455
735	620	410	451
740	630	392	449
723	653	420	413
725	649	403	413
826	621	336	455
822	674	295	409
815	663	313	407
843	660	268	413
815	657	305	413
867	623	254	452
857	638	264	430
854	647	282	424
873	641	281	429
873	637	300	431
896	646	294	424
909	653	304	412
903	681	316	393
917	668	309	400
940	630	299	446
953	603	290	464
953	596	285	468
965	584	277	476
997	588	245	480
975	579	262	491
986	600	240	464
975	581	261	478
978	576	245	484
986	580	234	486
972	588	254	476
965	585	249	479
942	574	265	492
951	571	262	487
947	572	248	493
922	590	275	482
925	572	263	494
930	585	263	474
907	582	265	479
915	584	264	486
905	572	270	494
889	583	283	486
895	575	273	483
914	584	252	475
921	585	246	485
901	585	259	479
901	577	254	473
883	588	279	476
895	563	266	506
888	562	276	505
907	584	265	456
915	576	251	480
912	570	248	497
904	580	253	481
912	588	250	486
888	598	263	465
877	591	273	475
882	589	260	465
884	600	275	465
911	577	250	485
880	594	281	483
892	593	261	467
910	578	248	477
904	572	248	493
884	569	271	494
882	591	266	466
905	571	259	481
891	583	269	482
905	575	249	492
893	580	259	490
899	588	260	475
915	572	244	509
903	556	250	503
913	572	241	495
921	563	235	503
906	569	243	493
919	563	243	501
905	590	242	476
903	581	246	481
906	581	255	489
910	564	240	507
896	569	270	505
896	574	251	482
898	577	248	491
893	564	262	503
