1230	624	38	120
1229	624	39	117
1230	622	38	118
1233	623	36	119
1233	620	35	121
1231	619	39	118
1231	620	37	117
1232	617	36	119
1232	615	35	119
1229	615	38	119
1231	609	36	119
1231	609	37	119
1232	608	35	119
1231	607	34	115
1233	609	36	113
1233	607	34	114
1230	609	38	113
1232	607	36	113
1231	609	39	111
1232	607	36	114
1233	610	35	112
1234	607	35	112
1232	607	36	108
1233	605	38	113
1234	599	35	118
1234	601	36	116
1232	600	38	113
1234	598	37	117
1235	595	36	117
1236	598	35	111
1237	597	35	108
1236	595	36	111
1238	597	34	108
1238	597	37	110
1239	600	35	110
1239	593	37	117
1241	597	35	113
1239	594	37	115
1240	595	35	114
1238	591	32	114
1237	591	35	115
1238	591	32	113
1240	592	32	114
1240	592	32	111
1240	592	33	108
1238	591	35	107
1238	590	34	109
1239	591	33	107
1238	591	36	107
1240	590	33	110
1241	590	32	109
1241	591	31	108
1241	589	35	110
1241	591	33	110
1240	590	34	108
1239	589	34	109
1240	589	34	109
1239	584	36	113
1240	584	35	115
1240	581	34	115
1242	584	35	112
1243	581	35	112
1240	580	37	114
1238	578	37	111
1237	580	39	105
1236	582	39	103
1236	579	40	105
1234	577	42	108
1235	577	37	107
1235	575	39	111
1235	576	36	110
1233	579	39	104
1233	572	37	110
1230	576	39	106
1229	572	41	108
1228	572	40	108
1229	573	39	106
1229	573	36	102
1229	573	38	109
1228	573	36	109
1227	570	38	109
1226	567	36	108
1225	566	38	108
1224	567	37	108
1225	569	33	108
1222	568	37	107
1221	570	36	103
1219	566	36	105
1217	566	37	109
1214	567	40	105
1217	570	36	104
1216	567	36	106
1213	567	37	107
1213	568	37	110
1215	566	32	113
1213	567	37	109
1213	568	33	109
1212	568	34	107
1210	568	35	107
1209	571	36	106
1209	570	33	109
1208	572	32	106
1204	573	36	107
1205	572	34	109
1203	573	32	110
1201	574	36	109
1199	575	34	106
1198	574	35	107
1194	574	36	105
1194	572	34	108
1192	574	35	108
1189	574	35	106
1187	574	36	109
1188	573	34	111
1186	573	34	114
1184	574	35	111
1181	574	36	111
1181	578	36	108
1177	580	40	108
1178	579	38	112
1175	580	38	116
1172	580	40	117
1169	582	46	116
1168	579	43	119
1168	583	40	117
1166	584	38	116
1165	586	37	114
1162	583	38	117
1157	585	48	115
1157	587	45	110
1151	586	49	111
1147	586	50	113
1143	587	54	113
1145	589	48	112
1143	591	51	111
1135	590	57	112
1133	587	58	118
1132	595	56	115
1130	591	55	120
1130	588	55	128
1129	590	52	126
1129	593	45	121
1127	589	42	127
1127	589	39	126
1128	591	37	125
1125	589	39	129
1120	597	45	119
1110	588	53	129
1096	585	68	143
1083	587	86	142
1076	602	93	129
1084	603	96	130
1075	602	108	132
1078	589	102	149
1075	597	109	140
1073	614	113	124
1072	624	112	121
1073	625	93	110
1074	621	89	120
1071	617	92	126
1069	610	97	132
1068	618	102	125
1072	603	75	142
1074	608	62	136
1068	621	63	121
1075	608	81	132
1066	604	97	139
1064	611	101	131
1062	621	99	119
1063	617	99	122
1064	609	98	129
1064	613	93	125
1064	626	93	115
1064	637	92	100
1065	641	90	94
1065	639	92	98
1064	628	91	105
1063	633	93	99
1062	635	95	98
1060	613	94	119
1059	617	95	111
1058	615	93	111
1057	619	95	107
1059	623	93	101
1058	617	91	108
1058	622	88	104
1058	616	86	110
1056	607	87	121
1056	608	87	119
1054	607	87	120
1053	621	90	106
1051	603	88	126
1051	621	88	110
1052	616	82	113
1051	618	94	110
1051	622	89	107
1050	621	70	105
1052	622	50	103
1060	624	46	104
1059	623	45	100
1061	626	44	98
1061	628	44	100
1062	626	42	102
1062	629	43	98
1063	626	40	101
1064	629	40	101
1063	629	40	102
1063	629	42	102
1065	628	39	105
1064	628	41	105
1065	631	42	102
1066	630	42	104
1068	631	43	101
1074	632	36	100
1075	633	36	101
1078	631	34	101
1080	634	33	96
1078	632	37	100
1081	634	34	99
1085	633	30	100
1088	633	31	103
1088	639	28	100
1090	640	30	98
1091	636	29	103
1091	637	32	102
1093	635	32	107
1093	635	30	106
1096	634	30	110
1096	632	31	112
1100	633	32	109
1098	632	34	112
1101	634	33	110
1105	636	32	108
1106	636	33	106
1108	636	30	106
1108	634	33	109
1108	634	35	110
1109	635	33	109
1109	638	36	108
1109	638	36	108
1109	645	37	103
1110	646	39	100
1108	649	43	101
1111	651	40	97
1113	651	41	100
1115	647	42	104
1116	656	43	97
1120	665	38	88
1122	659	40	92
1124	660	41	91
1129	654	34	98
1131	654	37	97
1135	660	32	96
1137	648	29	109
1139	654	30	102
1140	654	29	104
1141	649	30	111
1145	652	25	106
1145	646	28	114
1146	643	32	114
1145	643	36	118
1149	644	31	118
1151	644	30	120
1153	644	32	119
1154	644	32	115
1156	645	31	113
1157	647	31	115
1157	645	34	114
1159	646	32	111
1159	645	34	114
1158	647	35	115
1160	648	34	114
1160	649	35	114
1160	647	39	115
1162	646	37	118
1162	648	40	120
1163	649	40	115
1163	651	41	116
1168	651	36	116
1169	651	36	115
1170	651	35	113
1172	653	36	113
1174	653	34	113
1177	655	34	113
1179	656	32	112
1179	652	34	117
1179	655	34	117
1179	654	33	116
1181	654	34	118
1182	656	31	116
1184	655	30	121
1183	654	32	122
1185	653	30	123
1185	653	31	122
1186	649	31	126
1185	650	32	123
1186	655	33	115
1188	653	34	117
1189	653	30	116
1189	656	33	115
1191	655	30	117
1190	656	31	118
1190	655	32	118
1191	655	32	118
1191	658	33	116
1193	654	32	119
1194	655	34	119
1193	655	33	119
1194	659	34	120
1195	658	35	121
1197	659	36	116
1196	658	38	122
1199	660	35	122
1200	663	34	118
1203	661	30	121
1204	673	29	116
1203	666	33	125
1205	662	31	130
1207	660	32	132
1205	665	32	127
1210	668	30	127
1211	669	30	124
1211	668	32	125
1209	668	36	126
1212	666	33	125
1213	662	32	130
1215	661	33	134
1215	656	33	127
1217	657	31	115
1216	655	35	118
1218	652	31	123
1217	652	35	122
1218	651	35	120
1220	650	33	119
1222	651	32	117
1222	650	33	118
1223	649	34	120
1223	646	34	122
1226	646	34	122
1225	646	36	122
1227	647	35	119
1227	647	37	117
1228	645	36	115
1230	643	35	117
1231	645	36	115
1233	643	34	113
1235	645	33	113
1233	642	36	118
1235	643	35	117
1234	640	37	118
1236	639	36	118
1238	639	35	118
1239	637	36	119
1239	637	34	119
1239	637	37	118
1241	638	35	121
1244	635	33	124
1244	636	34	122
1245	635	34	120
1246	634	33	115
1246	637	35	111
1245	635	35	113
1247	633	33	115
1248	633	31	120
1249	631	32	118
1250	633	33	117
1250	632	34	117
1250	630	35	122
1252	631	33	117
1250	630	36	116
1252	629	36	115
1253	631	35	111
1253	631	37	118
1256	630	37	114
1256	627	35	116
1258	627	35	115
1260	627	35	114
1260	626	36	115
1261	624	37	117
1261	623	37	118
1264	623	34	119
1264	625	35	119
1265	622	35	120
1266	623	34	114
1267	620	33	123
1267	622	34	117
1268	621	34	118
1268	620	35	117
1269	620	35	120
1270	618	35	123
1271	617	36	119
1272	618	35	118
1272	617	36	115
1273	615	34	114
1273	611	35	116
1274	616	37	112
1274	612	38	117
1275	610	36	115
1277	611	36	117
1278	609	35	117
1279	609	35	117
1279	609	36	119
1280	611	35	116
1280	611	38	116
1282	608	38	116
1284	608	35	118
1282	609	40	117
1284	607	37	118
1283	607	43	121
1285	612	40	112
1285	609	41	115
1287	609	38	112
1285	609	43	113
1286	607	40	114
1289	606	38	114
1289	606	39	118
1290	606	39	116
1289	606	36	119
1292	605	33	119
1292	608	34	119
1294	609	34	117
1295	610	34	116
1293	610	37	115
1293	609	37	121
1294	608	35	122
1293	607	38	123
1294	607	38	123
1295	604	37	122
1296	605	36	120
1294	605	37	117
1296	605	37	117
1296	607	35	115
1297	607	36	117
1295	607	38	118
1296	607	37	119
1299	608	33	117
1298	608	33	120
1297	606	36	120
1296	609	34	118
1296	610	34	126
1294	612	33	119
1291	611	35	118
1288	611	35	114
1286	610	35	119
1282	610	38	116
1281	612	39	116
1282	612	35	114
1280	612	37	113
1281	613	35	115
1278	614	36	119
1278	615	36	119
1277	615	37	120
1277	617	39	118
1278	618	36	121
1278	616	38	121
1277	618	37	121
1278	619	36	121
1276	618	37	122
1275	620	40	122
1274	619	39	122
1277	620	38	122
1276	620	35	124
1277	624	36	120
1274	624	38	118
1274	624	39	119
1277	624	36	122
1275	628	36	114
1275	629	36	118
1274	629	36	120
1274	629	38	120
1274	633	38	120
1273	633	39	120
1275	632	39	123
1275	634	37	125
1277	636	36	124
1275	637	37	125
1274	639	39	119
1277	640	36	124
1274	642	38	123
1274	644	40	119
1273	642	40	120
1276	641	38	117
1276	646	35	117
1275	646	38	120
1274	645	37	127
1273	648	39	126
1271	646	40	135
1273	647	38	128
1274	651	39	123
1274	652	37	125
1273	656	37	121
1273	655	38	127
1273	652	38	130
1272	654	37	129
1272	653	38	133
1273	654	37	126
1272	654	36	133
1273	652	37	134
1273	657	35	128
1271	656	39	130
1272	657	36	130
1271	658	38	132
1272	659	38	133
1274	661	36	133
1272	661	37	137
1275	658	38	137
1275	660	37	134
1275	662	38	132
1275	662	41	130
1277	665	38	123
1277	664	41	127
1279	662	41	127
1280	661	40	130
1280	662	41	127
1281	665	40	126
1282	665	41	125
1282	661	41	132
1283	661	42	133
1284	660	42	138
1285	662	41	133
1285	660	42	138
1286	662	42	139
1286	665	42	132
1290	669	37	131
1288	669	41	133
1291	668	39	131
1293	667	37	130
1293	668	36	134
1293	668	39	136
1295	668	38	137
1293	667	38	139
1293	668	40	139
1292	669	42	139
1290	669	42	140
1289	670	40	140
1288	671	40	144
1286	673	39	142
1286	675	38	138
1281	673	41	144
1282	674	38	145
1280	677	41	145
1281	677	39	145
1280	678	41	141
1279	678	42	143
1281	679	41	142
1282	678	41	142
1284	675	41	145
1283	685	42	141
1284	685	42	144
1283	681	44	149
1283	690	45	145
1285	690	43	147
1286	695	40	143
1287	697	41	144
1285	699	43	146
1284	701	43	143
1284	699	43	146
1285	698	41	145
1285	698	41	149
1282	701	42	142
1283	701	41	140
1285	700	39	143
1282	697	41	146
1281	696	43	152
1281	696	43	143
1281	694	42	143
1280	695	42	146
1277	698	47	140
1276	692	46	149
1273	695	44	143
1268	693	44	146
1260	691	44	135
1245	692	47	134
1239	690	47	133
1225	689	45	136
1217	687	44	139
1211	686	43	137
1204	684	41	137
1200	683	40	138
1195	683	42	130
1191	681	43	131
1189	680	43	128
1188	680	42	132
1186	676	42	136
1187	676	41	133
1186	676	40	133
1186	675	39	132
1185	673	39	134
1182	674	38	133
1175	669	39	140
1165	672	37	128
1154	672	38	121
1140	670	36	122
1123	666	37	127
1111	665	39	126
1099	660	37	131
1086	650	41	138
1080	649	39	139
1073	647	40	138
1069	648	40	134
1065	645	39	140
1062	651	38	130
1058	651	44	131
1056	647	42	135
1055	647	43	130
1055	644	43	134
1055	644	41	136
1056	647	40	132
1055	648	39	129
1055	646	40	133
1055	645	41	133
1056	644	44	131
1057	642	40	129
1057	642	42	120
1056	644	42	116
1056	641	42	121
1057	640	40	117
1057	640	41	116
1056	639	42	120
1056	637	41	120
1054	638	45	118
1056	639	42	119
1057	636	41	120
1057	637	41	120
1059	637	38	117
1059	638	38	117
1058	637	39	118
1059	637	38	114
1059	636	38	115
1061	635	35	120
1061	633	35	120
1061	633	37	121
1060	632	39	121
1061	632	39	122
1064	631	36	121
1064	630	38	127
1066	628	35	122
1067	628	36	127
1068	629	34	127
1069	629	35	131
1070	627	37	133
1069	628	39	129
1070	629	36	125
1073	629	35	124
1072	631	35	118
1075	630	34	114
1074	630	35	113
1075	628	36	119
1076	629	35	112
1077	629	34	115
1078	628	35	114
1079	627	35	118
1079	627	37	121
1080	626	36	123
1083	625	34	125
1083	625	32	123
1084	627	33	123
1085	625	33	126
1084	626	33	126
1085	626	33	125
1084	624	33	126
1080	626	33	126
1078	626	33	125
1071	627	36	123
1065	626	38	121
1060	625	40	121
1056	625	40	125
1054	624	42	124
1052	626	42	123
1050	626	41	124
1048	627	45	126
1047	627	46	128
1047	628	46	127
1046	633	46	122
1048	630	44	127
1049	630	42	128
1049	630	42	127
1051	629	40	130
1051	630	42	130
1053	631	39	130
1054	630	39	130
1054	631	39	129
1057	631	37	130
1055	633	39	127
1057	635	38	123
1056	636	38	120
1054	635	42	122
1057	635	38	120
1057	637	35	116
1056	639	38	119
1055	639	39	120
1056	639	38	125
1051	641	43	123
1050	642	38	121
1044	643	42	121
1039	642	40	123
1035	642	40	120
1029	642	42	123
1026	642	42	125
1022	642	42	122
1018	643	43	125
1017	643	41	122
1015	642	42	125
1014	641	42	126
1013	642	41	128
1013	646	42	125
1010	645	47	126
1011	647	45	126
1011	648	43	126
1012	646	43	130
1013	648	43	126
1013	648	45	128
1015	646	41	130
1014	648	43	128
1013	649	45	126
1013	649	44	125
1012	648	46	127
1015	646	42	125
1013	649	45	123
1014	650	44	121
1012	648	46	121
1013	648	45	126
1012	654	45	121
1015	650	42	125
1014	653	42	127
1016	656	41	128
1015	658	42	127
1014	659	45	127
1015	661	44	124
1014	659	39	123
1015	656	41	132
1014	658	43	128
1012	660	42	126
1011	655	44	122
1012	653	41	125
1012	656	40	122
1010	654	41	121
1010	656	41	121
1010	657	42	120
1008	654	46	119
1008	651	44	127
1007	652	47	127
1009	655	44	120
1010	653	42	125
1012	653	39	122
1010	650	40	124
1011	649	41	128
1012	650	39	125
1011	646	39	126
1012	648	39	124
1010	650	44	116
1009	648	41	116
1013	648	36	120
1011	648	40	118
1013	650	39	119
1013	650	39	119
1012	655	41	113
1013	656	40	113
1013	656	38	113
1012	655	40	117
1013	654	40	117
1014	653	37	120
1012	653	38	117
1013	651	35	119
1015	652	34	117
1015	651	34	115
1014	652	38	114
1013	648	40	117
1013	647	38	119
1014	650	36	116
1014	651	36	115
1013	653	35	113
1014	651	33	117
1014	650	34	119
1013	647	35	122
1013	651	35	118
1014	652	33	117
1012	647	37	120
1011	650	38	118
1011	649	39	118
1011	647	37	120
1011	647	38	117
1009	648	40	114
1009	648	35	111
1008	647	37	111
1009	646	36	114
1009	647	35	112
1009	648	36	112
1006	650	36	111
1006	649	36	114
1005	649	36	117
1003	649	36	112
1003	650	34	115
1000	652	34	104
999	652	32	108
998	656	34	111
996	660	36	105
996	657	34	111
994	660	34	108
991	657	35	110
989	657	37	112
988	660	39	109
985	659	41	114
983	659	38	116
983	660	36	119
981	658	40	122
980	664	39	121
978	665	37	118
977	670	36	116
975	665	38	122
973	666	40	123
973	669	36	118
972	666	36	122
970	662	38	125
966	662	40	124
964	666	40	120
964	674	39	110
964	679	36	108
962	679	36	110
961	678	38	114
961	677	34	119
959	685	35	114
961	682	34	119
964	685	34	123
972	687	31	120
973	687	39	121
988	685	37	123
1000	690	39	118
1017	692	42	119
1035	694	44	120
1052	695	45	122
1071	695	52	124
1089	695	48	127
1096	690	55	139
1110	700	49	135
1113	701	52	137
1122	704	50	132
1132	713	40	134
1133	709	45	130
1134	711	50	128
1134	724	51	121
1134	721	51	130
1136	725	45	127
1137	726	43	130
1138	730	41	125
1138	725	43	129
1139	729	44	124
1143	731	43	122
1147	734	42	119
1152	725	37	129
1155	728	38	129
1160	732	36	126
1162	731	39	127
1165	732	38	131
1167	732	39	128
1169	726	39	134
1170	728	38	134
1171	727	38	130
1173	725	39	130
1173	726	37	131
1178	726	35	125
1176	727	35	121
1175	724	36	123
1176	724	35	121
1175	721	40	124
1177	720	39	127
1177	721	38	123
1176	725	41	120
1175	723	45	123
1177	720	39	128
1177	725	39	123
1176	725	43	123
1177	719	44	127
1178	723	45	125
1178	719	45	125
1178	717	45	128
1179	718	44	124
1179	719	44	121
1179	721	45	116
1180	721	44	113
1180	716	45	116
1183	717	42	115
1183	720	45	110
1183	715	45	117
1186	714	42	118
1187	716	42	119
1188	719	40	118
1187	720	44	119
1189	721	42	122
1188	725	42	117
1190	727	44	115
1191	726	42	118
1190	727	40	117
1193	728	40	112
1193	729	40	114
1195	729	43	113
1196	732	39	107
1195	735	44	103
1197	733	42	103
1198	736	44	104
1200	734	43	106
1200	736	42	105
1203	738	44	99
1204	739	43	103
1204	737	43	104
1206	737	45	104
1207	738	48	98
1210	734	50	104
1212	733	45	104
1214	734	43	101
1217	736	41	97
1216	731	46	102
1216	730	46	100
1222	727	40	101
1224	729	38	98
1226	727	40	103
1228	723	40	105
1229	724	38	104
1230	725	40	101
1231	721	39	108
1231	721	39	106
1232	722	39	105
1234	720	40	106
1235	723	39	104
1237	717	42	109
1238	718	52	105
1241	714	41	111
1245	718	35	102
1253	715	33	97
1253	715	33	97
1259	717	32	96
1259	717	32	96
1259	717	32	96
1259	717	32	96
1259	717	32	96
1259	717	32	96
1259	717	32	96
1259	717	32	96
1259	717	32	96
1259	717	32	96
1259	717	32	96
1259	717	32	96
1259	717	32	96
1259	717	32	96
1259	717	32	96
1259	717	32	96
1259	717	32	96
1259	717	32	96
1259	717	32	96
1259	717	32	96
1259	717	32	96
1165	691	36	101
1162	684	48	111
1162	684	48	111
1165	684	53	108
1165	685	40	110
1167	686	33	107
1167	686	33	107
1169	686	43	104
1170	683	43	106
1170	683	43	106
1170	675	55	115
1170	675	55	115
1170	675	55	115
1171	681	60	103
1171	681	60	103
1171	681	60	103
1173	677	69	104
1176	684	52	97
1173	685	65	96
1173	685	65	96
1173	685	65	96
1173	685	65	96
1173	685	65	96
1175	681	80	102
1175	681	80	102
1175	681	80	102
1175	681	80	102
1175	681	80	102
1175	681	80	102
1176	674	86	105
1178	678	85	97
1177	675	88	95
1175	674	91	93
1178	681	89	86
1179	672	84	98
1171	667	89	101
1171	667	89	101
1171	667	89	101
1177	668	90	99
1175	671	92	100
1181	663	85	110
1173	666	88	104
1178	664	85	103
1178	664	85	103
1178	664	85	103
1177	665	86	96
1177	665	86	96
1178	667	85	95
1180	657	76	107
1182	660	80	102
1181	661	83	100
1182	661	81	100
1182	659	74	104
1182	660	80	103
1179	667	78	97
1180	664	77	101
1181	661	72	100
1181	666	78	97
1179	663	79	102
1180	665	78	98
1179	662	75	104
1178	662	79	102
1177	664	80	95
1179	666	82	87
1178	667	79	90
1177	662	80	96
1179	666	77	92
1177	668	84	84
1178	665	79	92
1177	661	80	95
1175	662	84	102
1173	663	84	97
1174	666	81	97
1177	667	78	95
1183	670	75	97
1176	676	74	88
1176	671	77	93
1176	665	79	96
1177	664	79	102
1178	663	82	96
1176	667	84	90
1176	668	86	90
1179	661	78	98
1176	661	80	93
1178	666	86	86
1179	666	87	93
1179	675	81	75
1182	675	72	87
1181	667	71	93
1186	673	57	90
1184	679	64	80
1190	685	51	85
1180	667	64	90
1187	684	50	78
1234	694	51	85
1235	691	47	91
1236	701	47	84
1233	704	49	81
1230	700	52	87
