729	609	38	97
728	610	36	92
726	612	40	89
729	610	34	87
728	612	35	81
726	614	34	84
723	614	40	91
722	600	39	98
722	598	40	102
723	595	46	106
726	604	41	97
726	606	39	93
729	607	38	92
730	607	36	89
731	606	30	94
730	606	33	95
730	606	33	95
730	606	33	95
730	606	33	95
730	606	33	95
730	606	33	95
730	606	33	95
721	592	41	101
721	592	41	101
721	591	45	99
719	595	55	99
720	595	46	101
720	595	46	101
720	595	46	101
717	579	49	112
719	593	49	99
718	586	65	104
714	585	66	114
712	581	76	105
714	578	79	109
715	571	86	117
716	580	90	102
710	590	96	88
713	589	99	90
711	589	94	93
715	582	79	101
710	577	93	96
717	584	88	90
708	579	102	93
708	581	95	97
712	569	95	114
717	579	93	101
717	575	92	102
714	573	96	103
718	573	93	104
721	567	85	113
718	572	78	112
720	571	88	110
720	565	93	117
723	563	84	127
727	555	79	133
727	569	77	117
728	573	74	112
730	568	88	117
729	560	92	128
729	562	90	147
730	563	99	132
734	555	94	141
731	562	108	137
735	575	88	122
730	558	109	133
727	554	102	140
723	578	123	128
723	578	123	128
723	578	123	128
676	583	123	146
676	583	123	146
676	583	123	146
676	583	123	146
676	583	123	146
587	626	126	140
560	584	120	139
560	584	120	139
560	584	120	139
533	598	120	130
533	598	120	130
526	590	98	150
536	588	82	147
531	593	82	147
534	602	73	135
529	596	71	140
529	596	71	140
529	596	71	140
555	619	78	120
555	619	78	120
533	593	77	125
533	593	77	125
533	593	77	125
560	623	93	109
551	629	101	102
545	617	112	112
545	617	112	112
546	614	122	109
545	613	121	118
565	627	109	113
578	628	89	128
561	626	100	127
569	626	100	117
579	629	83	116
560	627	100	122
549	616	115	128
552	626	114	117
545	619	131	122
551	621	130	122
550	617	125	119
562	616	108	132
542	620	128	129
553	619	119	109
548	616	123	124
549	608	124	133
547	613	125	122
558	621	116	112
564	622	110	111
575	625	94	115
552	617	103	124
575	624	87	128
578	624	93	124
579	620	83	111
571	618	87	116
577	621	79	114
574	623	77	111
577	622	83	112
571	634	74	104
574	620	75	109
578	620	70	105
571	633	70	104
568	621	76	114
569	619	63	136
567	620	66	123
567	617	68	134
568	621	65	124
565	614	70	133
567	620	62	133
553	617	80	130
557	617	65	143
555	623	67	135
556	594	61	157
550	599	70	159
550	615	67	163
554	621	68	160
542	602	71	142
543	608	60	129
540	627	70	142
542	617	64	156
535	604	63	145
536	621	62	149
539	623	60	152
532	633	60	139
531	619	59	146
532	630	60	153
528	606	54	156
528	606	54	156
521	622	57	161
518	607	56	176
518	620	64	177
515	610	64	171
514	632	70	169
509	608	60	169
507	634	73	152
503	644	76	161
501	637	66	154
498	637	64	143
497	647	57	142
493	638	60	141
487	648	69	127
486	651	70	116
484	653	68	116
487	655	66	124
482	651	69	124
483	652	68	121
482	656	71	126
479	653	72	122
478	654	71	111
473	656	72	95
473	654	71	99
470	655	75	98
474	658	74	118
475	658	74	121
469	655	81	114
465	660	79	115
468	654	84	120
467	656	86	116
487	670	67	110
461	656	86	97
457	655	91	105
460	651	95	111
458	649	89	118
464	651	94	133
462	651	98	122
460	654	99	119
463	659	98	108
463	656	96	105
462	656	97	108
455	653	107	112
457	655	104	116
454	652	104	110
448	647	119	121
476	656	96	115
494	663	72	117
457	643	98	97
444	636	112	105
486	657	85	102
505	654	64	107
450	634	57	99
461	632	47	105
464	632	44	106
466	631	44	102
463	633	47	97
516	640	49	107
520	638	46	118
523	634	44	119
473	619	42	115
531	642	45	112
531	639	44	111
535	640	49	115
484	626	45	109
484	628	43	99
484	626	42	98
540	634	47	102
545	623	47	115
548	628	49	126
495	623	45	116
491	629	51	103
493	629	51	106
496	629	45	100
496	627	44	103
499	621	43	103
557	634	47	111
561	630	44	115
502	622	47	104
565	630	44	115
565	626	47	117
567	625	46	114
568	626	44	112
565	627	51	109
508	616	47	109
568	622	49	110
571	623	48	108
573	621	46	112
514	615	41	110
574	618	43	117
575	620	44	108
574	617	44	114
576	619	43	115
576	616	42	121
519	611	42	114
523	616	36	107
524	617	37	106
524	620	40	100
523	616	43	104
524	618	41	106
528	621	33	99
529	619	37	105
578	619	41	108
529	623	37	103
577	621	45	103
577	619	45	107
576	616	46	110
577	621	46	107
577	620	47	108
576	621	45	107
576	621	46	106
578	621	44	104
579	620	45	106
579	620	46	109
579	621	45	100
580	620	42	107
579	624	45	101
580	623	46	108
578	624	44	105
575	623	51	110
584	624	40	111
584	620	41	113
582	624	42	110
580	624	45	99
583	624	43	108
578	624	50	107
573	624	57	114
563	622	67	113
564	622	69	112
568	625	63	109
570	622	62	114
572	620	59	118
573	620	61	121
576	620	56	120
580	622	50	117
580	622	51	117
584	622	48	110
584	622	49	118
587	620	45	111
587	622	46	106
587	621	51	110
587	620	46	107
587	620	48	110
588	621	49	112
587	621	53	110
587	621	55	119
589	623	51	110
589	622	52	113
589	624	55	105
589	622	57	110
587	621	59	109
589	617	61	115
589	622	59	108
587	621	73	107
588	619	69	113
588	617	72	112
588	619	74	111
586	616	81	116
585	611	82	118
582	606	88	122
582	598	87	131
580	621	98	112
577	623	105	110
581	612	98	118
578	611	106	126
578	615	105	118
574	623	110	110
578	628	110	108
574	631	112	103
574	631	115	102
570	622	121	112
568	623	118	111
570	626	126	107
563	629	127	103
561	636	132	99
559	636	138	103
557	642	134	97
536	634	140	102
554	628	130	111
550	634	139	107
546	628	142	112
544	627	143	117
529	634	166	105
511	637	184	103
527	633	166	109
526	633	165	108
523	632	166	112
520	634	169	111
514	645	173	95
506	641	181	101
504	647	181	97
491	641	200	104
496	643	192	101
486	631	202	111
501	641	180	107
490	644	196	101
469	646	213	98
479	644	206	102
481	653	202	94
469	655	219	89
455	647	230	99
471	652	215	94
465	654	223	90
453	648	241	102
468	652	223	99
456	651	233	106
467	642	216	116
472	652	207	106
470	655	209	98
466	659	215	97
438	652	179	109
452	665	148	96
463	662	108	102
472	661	84	104
478	666	65	102
483	657	53	112
484	653	51	117
479	652	57	117
481	658	53	116
482	656	51	125
480	658	51	116
475	655	55	119
476	654	53	122
479	656	55	126
479	662	58	122
482	670	56	115
476	659	69	127
476	666	74	120
478	677	62	106
484	673	60	110
487	683	61	116
492	680	57	120
492	681	59	120
493	677	60	128
497	676	60	138
497	679	61	134
498	683	61	124
502	685	62	128
504	680	63	132
506	685	63	126
505	687	66	119
517	686	55	128
516	693	64	121
517	694	69	123
520	700	68	117
521	706	69	113
533	707	62	111
537	707	57	115
541	705	57	124
543	706	62	130
545	707	63	126
552	710	59	121
557	712	58	118
562	715	55	111
564	713	55	116
570	722	56	124
570	717	58	121
576	723	52	120
580	720	50	123
581	721	52	127
581	723	54	123
582	724	56	121
586	724	53	122
588	728	55	120
592	725	56	121
591	722	58	126
593	721	54	124
592	721	60	122
596	720	59	120
599	715	53	123
602	716	53	122
604	718	51	116
606	718	53	113
606	720	52	111
606	715	52	117
604	709	63	120
603	712	65	116
604	715	66	115
608	717	60	115
606	715	65	113
608	714	62	116
608	713	61	110
612	710	56	117
610	711	59	116
610	712	62	113
607	701	64	121
610	700	58	120
611	704	56	110
606	700	62	116
608	697	60	113
607	699	65	111
605	693	64	118
603	695	64	117
605	695	60	113
604	691	59	116
605	693	51	113
604	691	55	117
604	691	55	116
608	688	50	118
605	686	53	123
604	689	53	116
604	691	50	111
605	688	53	110
605	686	54	116
603	687	61	111
603	682	59	113
606	685	56	110
604	688	54	106
604	686	56	106
606	687	50	104
604	688	54	103
606	687	55	104
608	690	53	105
609	691	50	104
609	688	52	105
610	686	50	110
610	687	50	108
607	686	53	108
611	683	51	113
613	685	47	104
612	685	52	103
611	686	57	98
617	680	51	111
614	680	48	112
612	681	52	107
612	679	54	107
614	679	52	106
617	678	49	109
615	679	49	109
613	678	53	111
617	678	47	108
616	676	52	109
614	673	48	105
614	677	46	106
614	676	43	102
613	678	44	104
616	671	45	108
612	667	46	107
611	667	48	106
609	666	43	107
606	669	51	101
604	669	46	100
606	668	40	99
604	667	51	102
606	667	44	96
602	668	46	95
602	665	43	97
601	663	41	97
600	662	44	102
598	659	46	104
599	659	41	98
599	658	43	99
599	655	41	102
598	653	41	99
597	652	39	97
597	654	39	95
595	653	42	105
595	655	47	96
595	650	39	101
589	645	48	105
588	645	46	99
586	642	48	109
586	642	47	106
585	641	46	105
587	640	45	108
586	639	43	96
581	634	53	105
581	634	54	101
581	634	56	104
579	638	54	100
580	637	52	97
583	632	41	98
580	631	44	97
579	634	53	97
573	638	63	88
576	635	50	85
577	633	48	90
576	629	46	99
577	629	49	99
573	628	52	98
573	627	52	97
572	624	52	96
571	620	51	107
568	623	52	102
567	619	57	107
568	617	51	98
568	618	48	95
570	613	39	95
570	611	40	105
567	606	44	98
567	607	48	97
564	607	50	100
565	608	44	90
563	609	44	87
565	610	42	86
567	609	37	97
564	604	43	100
564	601	42	103
562	600	45	100
562	597	48	105
561	596	44	96
561	596	44	104
560	593	42	99
559	597	54	98
554	596	62	90
551	595	56	88
551	590	57	90
552	591	56	90
549	590	53	91
549	595	63	83
545	590	74	89
537	590	84	83
537	588	79	84
539	590	81	80
535	585	77	92
536	583	61	89
531	585	65	82
532	578	66	93
528	576	66	92
533	576	55	97
529	577	47	96
535	583	45	93
534	577	38	97
526	583	45	90
526	583	45	90
524	580	50	97
523	580	43	92
524	574	41	104
524	576	38	98
522	575	37	98
522	575	35	92
520	577	39	92
520	579	37	91
518	578	38	93
518	578	38	93
518	578	38	93
518	578	38	93
518	578	38	93
518	578	38	93
518	578	38	93
518	578	38	93
510	568	35	102
509	564	38	107
506	564	41	105
505	566	40	106
505	571	45	104
498	567	59	100
498	564	74	105
495	565	75	93
497	561	75	95
495	565	69	95
493	569	80	82
500	565	75	98
494	566	73	92
498	566	77	94
498	560	71	104
498	557	67	103
501	559	55	111
505	561	56	105
508	563	42	111
505	556	39	103
508	559	39	98
510	559	37	100
509	568	43	102
509	568	43	102
511	568	50	98
517	567	47	101
515	568	47	99
520	562	42	99
522	565	43	101
523	567	47	106
523	567	47	106
520	565	55	101
523	568	45	106
524	561	41	101
522	560	41	93
524	564	41	92
524	559	43	106
523	566	47	90
524	566	50	88
523	567	47	100
521	564	53	92
526	563	44	97
522	559	51	104
526	561	39	99
526	558	41	103
526	561	36	106
523	557	40	102
521	557	42	106
521	553	41	105
520	555	39	115
525	558	40	103
524	560	37	106
522	556	36	112
520	558	42	110
515	558	51	107
518	556	41	107
514	559	41	100
515	562	42	99
511	562	42	93
509	564	41	89
509	567	43	95
507	565	47	98
506	570	49	86
504	569	43	84
505	571	40	91
503	568	35	99
500	566	40	99
499	567	37	103
496	568	45	99
494	572	49	90
490	571	48	83
485	567	50	92
489	568	37	91
488	573	42	89
489	572	32	89
485	570	34	94
481	568	38	90
480	571	41	82
478	574	44	99
477	575	41	106
476	577	40	100
474	573	40	103
474	575	34	94
472	576	39	94
473	577	35	85
471	572	38	92
470	575	42	97
468	575	43	99
470	579	36	99
470	578	37	88
474	579	27	88
472	581	30	91
471	583	32	88
467	586	40	78
467	583	39	81
468	579	42	86
471	578	45	88
467	585	52	90
467	586	50	83
472	579	34	86
475	581	35	94
475	580	39	91
475	581	39	89
471	576	47	91
473	574	43	86
474	578	43	82
483	579	36	86
485	586	36	73
483	602	41	65
485	585	36	73
490	585	31	80
487	579	40	81
486	573	39	81
491	575	40	82
492	574	40	84
496	576	38	78
497	578	34	68
503	575	29	74
510	575	37	78
508	577	39	84
507	571	38	86
511	571	35	95
518	576	28	92
516	567	29	95
519	565	30	105
521	562	33	106
521	564	34	93
