796	590	76	236
799	593	79	230
795	591	76	234
794	593	75	231
796	596	74	226
797	592	75	231
797	591	72	229
796	600	73	222
799	595	70	223
799	598	72	219
800	594	69	226
802	592	67	228
801	593	69	222
804	596	62	218
803	590	63	226
806	588	60	230
804	589	62	227
807	585	61	233
807	591	62	222
810	589	61	225
809	585	63	232
813	586	61	226
813	587	63	225
813	582	64	229
814	584	64	220
817	578	61	228
819	582	62	227
816	575	64	239
819	574	61	238
820	573	61	233
820	576	63	229
822	575	62	225
824	574	60	226
822	572	62	230
825	572	62	231
826	570	58	227
826	570	63	229
824	572	68	226
825	571	70	224
825	566	68	228
826	571	71	221
827	569	72	219
827	567	72	223
826	571	75	217
826	569	77	219
827	571	78	213
829	564	72	219
830	567	73	214
832	569	73	208
834	566	73	211
834	563	73	214
835	565	76	209
837	562	72	214
837	562	73	212
839	560	73	214
838	558	75	214
839	559	75	209
839	559	75	213
840	558	76	214
840	557	77	212
838	555	78	214
840	550	76	222
838	553	75	223
836	554	77	221
837	554	77	219
834	550	77	222
834	550	77	221
833	554	78	218
834	549	74	218
833	557	75	207
834	550	73	216
833	553	73	213
830	552	74	215
829	552	74	205
829	560	72	203
828	563	73	198
826	555	74	207
824	553	73	210
826	556	71	206
823	561	76	201
823	558	72	210
823	566	75	199
822	566	75	197
823	564	72	206
822	566	70	209
825	569	68	201
824	563	69	208
823	569	70	206
824	558	69	215
821	570	75	194
822	566	74	200
824	560	71	209
823	564	73	203
821	562	75	199
822	563	73	198
822	565	69	196
822	566	72	192
820	563	74	198
819	561	73	203
816	562	76	201
817	565	76	197
818	566	74	200
814	564	78	202
812	563	80	209
810	556	81	216
810	555	83	218
814	549	78	221
809	560	82	205
809	565	83	201
807	563	85	207
811	561	80	200
812	561	80	193
813	563	78	186
810	560	80	197
811	561	75	193
811	559	78	196
813	554	78	199
812	553	77	204
815	554	76	200
814	556	76	202
817	552	72	207
818	552	71	209
816	555	75	207
821	560	70	200
818	560	74	205
822	558	71	205
824	553	71	209
823	557	72	195
826	553	74	205
826	558	74	203
826	556	73	204
826	554	79	208
826	559	79	202
827	558	77	208
826	560	78	206
828	561	77	206
831	558	75	208
829	557	77	217
830	561	75	211
827	564	79	211
831	558	74	220
830	561	76	219
828	570	80	209
829	569	76	208
828	565	76	216
829	568	76	207
828	568	75	204
826	568	79	203
828	572	76	194
828	570	77	198
829	567	74	205
826	573	77	194
827	570	74	207
827	564	75	211
827	565	75	209
826	559	77	222
827	560	77	220
826	562	75	217
825	567	73	215
826	569	75	210
823	567	80	219
826	557	74	230
828	549	73	242
827	553	70	241
829	551	75	240
826	560	77	227
828	563	72	226
829	570	73	224
828	577	73	211
828	583	73	212
828	573	72	223
829	575	72	226
825	574	74	226
823	584	78	220
823	581	76	230
820	589	75	224
818	590	79	225
819	596	79	222
818	594	78	222
818	592	78	230
816	598	81	221
818	600	78	216
817	593	76	228
813	582	82	242
815	583	78	244
814	589	80	233
809	594	83	228
813	598	81	221
812	602	82	221
808	601	84	218
808	609	88	213
808	598	91	230
807	597	87	232
807	600	89	233
805	601	89	237
806	597	82	242
806	606	89	240
807	606	81	237
808	611	81	242
808	616	81	236
810	619	83	231
811	616	82	241
814	613	82	250
813	616	79	241
815	613	81	241
813	617	83	236
816	609	81	245
816	610	82	240
815	613	81	236
816	613	81	227
814	611	80	233
816	603	80	242
818	599	77	246
816	597	80	253
815	598	78	248
818	594	77	249
816	595	81	248
819	595	77	242
820	596	77	238
822	593	77	238
820	592	79	240
820	596	79	234
825	593	77	230
823	591	78	219
827	594	79	211
827	590	77	211
823	588	81	209
827	580	77	217
826	580	78	221
826	578	76	220
830	577	73	220
832	580	72	222
831	582	77	213
832	578	75	215
836	577	72	219
838	578	68	215
839	577	69	215
841	579	67	208
844	579	66	213
843	582	68	204
845	581	68	205
848	575	69	212
849	570	69	215
850	576	72	209
851	577	73	202
851	575	71	207
851	574	74	207
853	573	76	209
855	572	71	217
854	576	75	214
854	576	74	213
856	574	74	214
857	577	71	210
858	575	71	212
859	576	71	207
860	573	73	217
863	571	68	222
862	573	68	217
866	568	62	218
865	570	68	209
865	572	68	210
866	571	70	203
866	572	66	208
865	569	71	204
866	567	68	210
866	574	69	206
869	572	67	204
869	574	69	203
869	573	71	209
870	574	68	204
872	573	68	206
873	575	67	206
873	574	68	218
879	576	66	210
880	572	62	212
879	572	68	207
883	573	67	204
884	580	68	198
886	579	68	200
884	577	73	199
885	581	73	198
888	581	70	195
888	585	69	200
889	583	68	205
890	586	70	204
890	585	69	204
891	585	68	209
892	583	67	210
892	586	69	204
892	588	68	206
892	588	69	203
892	589	67	197
893	592	66	193
892	591	67	199
889	597	70	189
891	596	74	188
890	585	71	203
891	586	71	198
892	581	67	205
891	584	72	200
891	583	71	201
894	580	71	207
892	576	74	211
894	574	72	214
895	574	74	210
900	573	67	211
900	573	70	216
901	571	71	216
902	572	73	218
903	569	72	223
902	568	77	224
904	570	78	216
906	573	75	208
908	571	76	206
908	576	76	202
911	575	76	197
913	571	72	209
912	573	70	200
915	576	65	205
917	577	68	201
920	568	65	207
916	558	70	220
915	559	69	217
918	561	69	215
915	562	69	211
917	568	70	197
917	565	67	204
914	556	71	215
917	553	73	216
915	546	71	222
913	549	72	219
913	550	79	216
915	550	73	217
916	545	74	221
915	542	77	223
914	546	81	224
914	549	84	217
916	548	82	219
911	535	89	237
914	539	90	231
917	543	84	225
919	542	86	239
919	540	88	242
922	540	84	242
924	538	82	243
926	527	86	252
929	537	82	232
931	531	83	240
934	523	81	239
937	514	82	247
940	512	83	242
944	509	82	242
945	502	83	250
952	502	80	246
952	499	83	247
958	493	80	255
962	494	78	248
968	501	79	240
968	500	78	239
970	496	81	246
970	494	80	246
967	487	80	252
965	491	78	250
956	491	77	243
949	482	77	262
946	480	75	261
928	472	75	264
913	482	79	248
902	490	82	233
881	494	87	233
873	496	82	225
850	496	88	228
835	486	90	233
824	490	85	229
801	488	94	234
792	489	88	230
779	489	89	233
765	483	90	239
763	486	80	234
753	488	84	225
747	487	84	223
744	488	86	222
748	488	80	223
751	489	79	220
751	491	76	215
754	485	80	216
759	490	77	211
762	486	82	213
766	488	81	213
774	487	79	212
779	485	77	211
786	483	79	210
789	484	79	215
796	486	79	211
800	481	78	218
804	494	79	203
808	491	79	202
813	486	74	215
818	486	76	208
823	479	77	221
828	487	73	210
831	482	74	212
836	477	75	216
840	481	74	208
844	479	73	210
850	481	70	209
852	488	70	199
857	483	70	208
861	486	67	203
868	486	63	202
869	493	64	193
873	495	65	192
875	491	65	195
880	491	61	190
881	490	65	199
884	496	65	187
890	497	61	185
889	500	65	177
894	498	62	180
893	494	64	177
897	489	61	181
899	489	65	180
902	492	61	177
903	485	62	185
905	481	61	187
907	480	61	187
905	483	63	181
907	483	62	183
906	482	65	184
906	479	65	187
907	479	60	187
910	470	58	192
909	473	53	188
910	470	53	183
910	468	50	192
909	478	51	169
907	485	49	163
906	482	49	166
905	486	48	158
904	485	50	156
903	482	49	156
902	473	50	164
901	470	50	167
901	467	51	170
897	470	53	166
896	470	56	164
894	471	54	165
892	475	57	159
890	471	55	157
889	468	56	162
887	463	56	164
884	474	57	150
885	470	56	147
884	467	53	154
888	453	49	164
887	460	47	155
887	458	44	159
880	465	48	149
879	460	48	148
880	461	47	145
878	460	48	147
877	459	49	148
877	460	49	147
878	458	47	150
878	456	45	153
876	463	45	145
878	455	41	152
876	457	43	145
879	457	39	141
878	455	41	149
879	454	43	146
882	453	39	145
883	454	43	138
886	452	41	135
890	445	39	143
893	445	39	143
895	439	41	148
898	429	43	159
898	424	48	160
900	424	49	163
906	426	46	159
910	427	48	156
913	425	51	158
918	433	51	148
925	432	49	150
931	441	46	135
936	434	47	145
943	429	43	151
948	420	43	158
952	414	45	163
955	417	48	161
956	416	53	158
962	416	51	159
965	418	54	156
967	414	57	156
972	416	56	155
977	412	52	158
979	412	53	157
983	414	54	153
985	410	54	156
990	417	53	148
992	415	53	155
993	419	56	146
996	414	57	154
998	417	55	149
1001	417	52	147
1002	417	55	147
1002	414	51	143
1008	412	50	144
1008	412	49	143
1010	414	49	135
1009	416	50	131
1010	413	47	135
1012	411	47	141
1011	409	49	144
1013	409	49	147
1015	408	49	142
1014	406	49	146
1018	406	44	149
1017	410	45	144
1017	406	46	149
1017	406	46	144
1016	408	47	144
1017	409	47	145
1018	406	44	146
1016	409	46	140
1016	409	47	143
1017	409	45	139
1016	407	46	142
1016	409	46	141
1014	411	47	138
1014	405	47	141
1011	408	49	135
1011	408	49	135
1009	406	50	139
1009	407	49	137
1007	411	49	127
1005	409	49	130
1001	407	50	133
1001	409	48	134
999	406	46	134
997	407	46	132
997	407	43	132
994	407	42	134
992	405	41	136
988	408	45	130
986	408	43	133
983	407	46	127
980	407	45	129
977	406	45	131
975	408	44	126
972	406	44	127
970	408	42	124
968	406	43	128
965	407	44	129
961	408	42	126
959	409	45	127
957	406	42	130
957	409	41	124
950	412	46	124
950	405	42	130
946	403	41	134
944	404	41	133
939	407	42	131
936	410	41	126
931	404	43	131
928	404	44	130
929	404	40	133
925	404	40	133
922	401	38	136
919	406	38	132
916	405	38	132
914	403	35	133
908	400	38	138
905	402	38	136
902	400	36	137
900	402	34	136
896	400	35	137
895	401	32	138
892	400	31	137
888	401	34	136
886	397	32	139
882	397	35	139
883	391	31	148
880	393	34	144
876	396	37	137
877	398	34	137
877	398	34	138
873	397	37	138
873	395	36	141
873	393	33	142
872	393	34	142
871	395	35	137
871	397	33	137
871	395	35	138
867	394	37	138
866	397	37	137
868	394	34	140
868	390	35	144
868	390	33	145
868	393	33	141
867	393	34	139
865	395	34	134
866	394	33	138
865	392	34	142
864	391	35	143
864	393	33	139
861	392	37	140
862	391	36	142
863	397	36	135
864	392	34	140
862	391	33	143
863	397	33	136
861	393	35	140
861	394	36	140
859	392	37	142
860	394	35	140
861	392	33	143
861	394	33	140
860	392	34	142
860	387	33	148
861	390	32	146
861	391	32	144
860	393	32	143
859	392	33	145
860	391	31	144
859	391	32	145
858	392	31	143
858	391	33	144
858	392	35	145
856	394	36	142
854	389	39	149
855	390	39	147
856	389	39	148
854	390	40	146
849	386	48	150
851	389	47	145
852	391	46	146
852	395	45	141
848	395	49	141
848	393	50	144
846	396	52	142
844	393	52	145
843	399	45	141
848	397	35	143
847	397	35	144
848	397	31	145
845	397	36	145
845	396	33	147
843	398	38	144
843	401	36	140
843	400	34	144
841	398	36	146
841	396	36	148
840	401	36	143
838	398	36	148
838	397	38	146
836	399	39	144
834	397	39	146
834	400	40	145
830	402	42	142
831	402	41	146
830	401	42	144
830	402	40	146
825	399	44	148
824	393	45	153
823	399	45	150
825	401	40	146
824	405	41	143
825	399	39	149
823	406	39	146
823	403	38	146
821	406	39	145
819	404	39	148
820	399	39	152
812	403	47	148
811	399	49	152
810	397	49	155
809	392	49	160
806	393	51	162
801	387	58	168
800	393	58	162
798	388	61	170
797	390	63	167
798	390	64	168
797	395	64	168
795	401	58	162
795	401	58	163
794	407	51	158
794	407	44	160
791	408	43	159
791	409	43	157
789	407	45	160
788	412	44	156
787	410	46	158
785	413	46	154
786	410	43	162
783	413	47	158
782	410	46	162
781	411	47	161
780	414	50	157
780	416	47	155
778	413	47	158
776	413	49	158
775	418	48	152
775	419	44	154
773	418	46	154
771	417	47	156
770	412	55	159
770	402	60	170
768	392	68	181
767	381	74	191
764	371	75	203
763	372	75	201
761	371	79	201
760	372	80	201
758	377	80	197
755	383	84	191
754	390	82	187
753	390	80	185
752	391	81	183
751	398	80	179
751	401	78	174
748	406	76	168
748	403	73	172
748	412	60	160
748	412	53	165
746	404	56	172
744	392	71	188
743	392	72	184
742	394	71	184
741	403	65	172
738	398	77	181
737	389	76	189
737	379	76	198
736	381	77	199
734	376	77	206
733	381	76	202
733	373	77	207
734	385	74	194
734	388	73	194
733	391	72	196
733	394	71	195
733	389	69	203
732	385	67	209
732	390	67	201
731	387	65	195
731	388	64	197
729	394	68	190
731	390	64	191
730	392	64	192
727	397	67	185
728	401	66	182
728	400	65	186
722	396	73	195
723	397	72	195
725	394	66	197
731	403	62	189
730	407	65	184
731	406	63	191
736	409	59	184
738	413	58	182
741	414	56	182
741	416	57	175
745	415	55	174
747	419	54	169
750	420	52	172
751	423	53	167
753	425	53	170
751	427	56	168
752	431	56	163
754	430	55	167
756	430	53	173
757	433	55	173
758	433	56	173
760	433	56	172
762	435	54	173
764	429	53	178
768	430	52	179
768	432	54	178
769	437	57	171
771	440	58	161
773	443	56	159
773	446	57	160
775	447	55	163
778	454	55	153
780	445	53	165
781	435	51	178
781	440	52	178
781	444	56	174
784	447	54	170
784	451	55	168
784	454	56	168
787	454	53	172
789	459	54	165
789	455	51	170
792	457	52	173
792	460	54	166
792	460	54	169
795	461	51	171
795	465	54	164
795	468	53	162
794	471	56	165
794	473	58	167
796	476	55	162
796	477	56	164
797	479	55	165
797	480	55	169
798	485	53	161
797	487	55	163
797	488	54	165
797	490	54	162
798	492	51	162
798	494	52	169
796	496	54	164
796	497	54	158
796	496	51	164
796	496	53	152
794	496	55	155
794	496	54	151
795	497	55	151
794	497	54	153
793	496	55	156
793	493	55	159
792	494	56	160
792	494	54	159
793	495	51	161
792	496	54	159
792	496	53	157
793	494	50	154
792	494	52	152
794	492	49	152
793	493	49	149
792	493	52	146
791	493	52	152
790	490	52	153
790	489	51	150
788	490	51	152
786	488	52	152
786	489	50	151
785	491	51	151
783	495	52	145
783	489	50	149
781	491	50	146
780	491	49	146
779	491	50	147
776	492	48	149
776	495	48	139
772	491	48	144
771	494	48	136
769	497	48	134
768	494	46	135
765	493	46	138
764	482	45	150
762	488	46	140
760	493	45	133
759	484	46	144
759	487	45	141
757	484	45	146
756	480	44	150
752	485	46	144
751	485	47	144
750	484	47	148
750	487	45	143
749	484	45	146
747	487	46	140
745	487	47	137
744	486	47	133
744	487	46	135
741	486	46	135
740	487	48	136
738	491	49	132
736	487	50	137
734	492	49	131
733	483	49	141
731	483	50	141
729	485	50	142
728	487	51	138
727	488	50	137
726	483	47	139
724	485	46	141
722	487	47	137
718	493	51	131
717	491	50	132
716	491	49	129
712	492	50	127
712	492	48	128
707	493	50	127
707	492	48	131
705	493	49	130
702	492	50	134
702	492	49	134
698	491	51	136
698	492	51	142
695	494	52	141
695	494	50	138
692	494	52	143
691	494	50	145
689	496	51	142
688	497	48	141
686	497	52	143
685	502	50	137
685	496	47	142
683	499	49	132
683	505	45	124
678	505	51	119
678	505	52	127
674	506	53	129
673	504	52	136
670	506	51	133
669	508	54	132
669	505	51	137
666	508	52	136
664	509	53	137
663	512	50	135
661	513	53	133
658	512	53	135
654	512	56	140
655	513	55	134
652	514	53	134
650	515	53	135
648	517	53	129
646	516	52	127
642	516	55	131
643	512	53	138
642	515	54	134
642	516	53	133
641	515	54	135
638	517	56	136
637	516	56	138
638	515	55	142
637	517	55	142
638	521	54	140
635	520	59	139
637	521	57	138
636	522	55	140
639	523	55	133
640	524	53	129
642	523	49	129
641	525	49	125
642	527	50	125
641	524	50	130
640	525	51	132
641	523	52	140
640	526	53	138
641	526	51	139
641	529	52	139
642	531	51	137
643	530	50	139
641	529	52	140
641	530	51	143
643	532	49	142
640	532	52	144
643	536	51	138
642	539	49	139
639	541	52	140
643	546	48	134
639	544	52	140
640	544	50	142
639	547	52	145
638	548	55	142
637	547	56	146
637	548	55	148
638	552	53	144
639	552	53	144
638	552	54	142
641	555	52	142
641	555	52	144
640	554	53	145
641	551	53	152
641	548	54	158
642	548	53	155
