1315	760	51	146
1316	761	53	135
1318	764	58	145
1318	763	60	153
1322	766	55	160
1322	763	54	162
1324	761	53	170
1325	763	58	177
1327	762	60	179
1328	761	57	187
1331	768	56	184
1332	765	57	174
1334	765	58	177
1337	771	55	178
1338	776	59	183
1341	781	62	182
1340	783	65	181
1341	781	62	177
1341	782	63	174
1344	793	64	150
1346	798	61	149
1347	796	63	153
1348	793	64	155
1351	793	63	164
1353	795	63	159
1350	799	65	159
1355	794	66	171
1355	797	68	171
1356	792	68	175
1355	793	73	164
1356	793	74	158
1359	789	71	170
1360	798	68	166
1356	799	73	171
1354	797	81	177
1354	798	80	180
1356	794	77	196
1356	798	79	193
1366	798	69	190
1364	802	71	185
1367	801	71	192
1363	798	78	209
1363	803	78	203
1368	804	76	199
1364	803	80	191
1370	808	71	191
1371	807	72	197
1372	809	77	196
1378	808	71	191
1377	813	71	195
1379	812	69	194
1381	811	67	191
1382	812	68	187
1381	813	68	194
1385	812	63	190
1384	817	65	183
1383	818	69	177
1385	815	65	182
1386	817	65	192
1388	816	66	200
1389	818	68	192
1391	818	66	211
1390	823	67	201
1390	824	69	200
1390	829	69	191
1392	832	69	201
1392	829	68	192
1392	829	69	188
1390	826	71	209
1390	827	71	198
1391	831	71	195
1389	835	74	200
1390	829	70	207
1387	836	74	206
1387	834	72	208
1387	834	72	214
1389	836	70	193
1386	843	69	191
1383	842	75	184
1380	839	78	182
1377	838	76	174
1375	837	82	182
1374	838	79	195
1371	830	75	203
1374	832	73	185
1371	832	72	196
1372	834	70	184
1370	831	70	190
1369	833	69	178
1366	830	69	182
1364	829	69	199
1361	828	71	188
1358	830	65	188
1357	830	66	188
1354	828	69	192
1352	832	67	176
1350	833	65	185
1350	830	64	200
1343	830	68	206
1342	827	67	201
1337	825	75	205
1338	827	66	201
1334	828	65	199
1332	826	63	188
1322	824	67	177
1318	823	69	163
1314	825	67	163
1308	824	68	164
1306	823	68	161
1304	818	62	161
1299	816	62	160
1293	812	62	164
1289	806	63	168
1287	813	59	151
1284	807	61	165
1275	807	63	178
1274	800	61	175
1271	793	58	179
1267	791	62	183
1248	784	79	196
1231	766	90	216
1233	755	89	239
1230	763	84	243
1229	768	93	231
1228	772	90	242
1229	766	85	261
1227	764	84	275
1229	772	83	253
1225	768	78	266
1225	773	76	274
1221	780	79	277
1223	773	77	278
1219	777	77	264
1218	771	83	270
1214	775	82	278
1214	775	83	292
1210	775	81	296
1208	777	82	279
1206	780	83	245
1203	780	85	249
1197	779	93	273
1199	773	92	267
1196	776	98	302
1194	778	99	298
1194	776	99	276
1193	779	100	268
1180	776	117	259
1181	773	117	242
1192	783	110	214
1159	786	141	219
1160	786	137	217
1158	785	151	219
1179	786	128	208
1167	790	139	228
1147	794	160	200
1138	791	161	216
1140	791	169	193
1136	792	167	208
1124	788	174	224
1122	794	170	198
1115	791	177	219
1109	792	180	207
1106	791	184	201
1101	790	183	204
1094	790	187	209
1086	792	191	205
1081	794	195	208
1074	792	199	208
1074	795	200	196
1065	792	203	199
1138	789	198	192
1060	792	203	206
1161	787	157	199
1136	786	140	206
1172	778	96	217
1177	777	77	217
1176	773	76	235
1178	778	67	213
1173	782	74	188
1167	783	78	186
1167	781	75	190
1165	781	76	188
1161	787	75	180
1162	786	69	185
1161	782	69	194
1158	775	72	208
1154	779	71	195
1153	785	69	180
1150	789	65	177
1146	784	67	183
1143	785	65	185
1137	782	68	177
1134	785	70	178
1131	787	67	180
1131	785	65	177
1127	782	66	188
1123	787	65	176
1123	788	65	177
1116	786	69	182
1116	789	67	180
1110	795	68	181
1107	793	71	178
1104	794	72	183
1103	801	65	178
1101	803	67	172
1099	806	69	181
1096	810	69	177
1090	810	74	179
1090	813	72	187
1085	813	71	186
1085	817	68	192
1081	817	69	191
1079	820	63	193
1079	821	62	183
1077	823	60	188
1072	824	61	183
1071	823	62	188
1068	821	61	197
1066	826	57	179
1065	829	56	175
1063	830	56	177
1058	835	57	174
1053	838	61	174
1049	838	65	181
1046	841	65	181
1043	845	63	180
1038	843	63	181
1034	845	61	181
1033	847	58	173
1028	846	60	177
1024	845	65	183
1020	849	60	173
1019	846	64	180
1015	847	65	187
1008	845	72	187
1006	851	67	184
997	847	75	201
992	849	80	197
989	853	79	196
991	853	74	201
984	852	80	209
976	859	90	199
968	861	94	200
963	861	93	195
961	863	96	199
955	863	96	199
960	862	90	199
953	859	90	201
954	863	82	194
950	865	80	193
953	857	75	206
952	858	67	207
950	859	67	199
944	860	66	195
942	860	67	188
937	862	68	185
933	861	69	193
932	861	67	191
928	861	67	192
924	862	67	190
918	863	66	185
917	865	64	178
912	860	64	176
908	858	63	180
904	861	61	170
901	861	56	172
898	861	54	170
894	850	51	175
891	850	50	175
887	845	52	189
883	840	55	190
878	842	55	185
874	845	56	182
869	837	59	191
861	833	62	191
857	832	63	190
857	826	61	188
847	833	68	177
842	830	71	177
839	827	72	173
837	824	72	168
833	820	71	172
830	815	69	176
827	816	70	170
824	811	72	167
825	809	61	169
825	805	55	165
823	804	49	160
820	798	46	162
817	795	46	164
814	792	46	160
810	795	49	150
808	789	46	158
805	784	48	149
801	780	51	158
795	779	55	153
792	779	55	152
785	779	60	150
779	774	65	155
779	774	61	151
774	778	63	141
772	777	61	131
776	770	48	121
771	770	52	119
767	764	60	133
765	768	53	119
758	766	54	120
754	761	51	126
746	753	49	132
743	754	43	121
729	751	49	119
715	753	51	116
699	752	58	126
682	750	63	140
666	755	61	131
647	761	63	127
627	762	69	130
602	763	76	137
583	766	69	138
565	764	70	142
532	774	85	135
518	775	73	133
501	773	74	141
481	774	80	144
472	775	73	142
461	774	72	153
454	780	70	154
444	778	69	148
440	784	65	144
437	779	61	147
433	779	59	152
430	781	61	157
427	782	62	159
424	781	58	166
422	786	55	157
418	785	57	160
419	784	54	165
414	790	59	153
412	793	56	154
412	799	54	151
407	796	56	159
402	791	55	164
401	791	57	169
397	790	58	171
395	796	58	158
390	795	59	163
386	794	63	167
385	795	61	167
381	794	62	160
376	793	66	164
375	793	65	168
368	795	70	162
363	798	73	164
360	797	72	167
354	797	78	162
353	800	74	162
347	801	80	162
343	798	80	169
341	796	77	167
339	801	77	161
333	800	78	158
330	802	76	162
325	804	78	160
320	807	79	155
317	808	77	142
311	805	76	134
310	804	69	134
310	806	67	134
312	804	69	141
316	800	66	149
322	800	68	138
333	795	66	152
344	794	63	147
360	794	62	136
376	791	63	140
393	790	58	132
412	784	54	126
427	783	55	123
447	776	53	126
466	770	51	124
484	771	51	120
505	764	50	125
520	759	50	120
539	757	52	114
557	751	53	114
571	748	55	113
586	740	56	116
599	739	53	119
607	739	54	113
615	739	55	117
619	737	56	115
622	736	55	110
625	735	53	114
623	736	55	110
620	735	55	103
618	731	56	104
615	732	54	104
613	729	53	101
609	733	53	96
605	727	50	99
602	725	49	107
599	723	48	104
595	724	49	100
594	721	48	102
595	720	45	97
599	720	46	100
602	720	48	96
609	717	48	96
619	712	48	102
629	712	43	95
639	713	44	93
648	712	41	88
655	709	43	88
663	704	42	89
668	701	40	87
672	700	41	100
674	690	40	108
675	687	40	102
673	686	42	93
674	685	39	85
669	684	43	78
667	682	41	91
664	681	42	94
661	675	41	88
657	678	40	92
653	677	43	100
650	679	44	108
649	676	40	114
644	671	43	119
642	670	42	121
639	668	43	120
635	672	49	109
632	671	49	107
628	670	47	109
625	669	49	106
623	669	50	105
621	666	45	101
620	666	45	102
617	672	46	110
617	670	43	109
617	666	42	104
613	670	42	113
615	666	40	119
613	665	38	121
612	664	38	124
609	665	40	120
607	668	41	117
604	667	43	116
603	664	42	119
600	666	44	113
599	664	44	116
598	665	44	119
597	663	44	115
595	663	45	109
592	664	47	105
592	663	46	107
531	643	55	98
586	664	53	95
590	673	49	82
587	678	53	78
528	652	48	73
525	650	50	74
525	650	50	74
525	650	50	74
525	650	50	74
525	650	50	74
571	678	59	73
567	678	62	68
570	676	60	66
501	655	66	54
498	655	69	50
499	657	75	57
562	699	62	56
500	657	51	50
505	656	45	52
504	655	45	55
565	635	36	62
565	635	36	62
565	634	35	54
565	634	35	54
563	634	38	55
563	634	38	55
563	634	38	55
563	634	38	55
563	634	38	55
560	631	43	52
560	631	43	52
554	644	49	49
554	644	49	49
554	644	49	49
554	644	49	49
554	644	49	49
554	644	49	49
554	644	49	49
554	644	49	49
554	644	49	49
554	644	49	49
554	644	49	49
554	644	49	49
554	644	49	49
554	644	49	49
554	644	49	49
554	644	49	49
554	644	49	49
554	644	49	49
525	729	44	58
523	731	41	53
518	733	50	49
518	739	50	47
518	739	50	47
518	739	50	47
518	739	50	47
518	739	50	47
518	739	50	47
518	739	50	47
518	739	50	47
518	739	50	47
518	739	50	47
518	739	50	47
518	739	50	47
518	739	50	47
518	739	50	47
518	739	50	47
518	739	50	47
518	739	50	47
518	739	50	47
518	739	50	47
466	704	45	52
466	704	45	52
466	704	45	52
466	704	45	52
466	704	45	52
466	704	45	52
466	704	45	52
466	704	45	52
466	704	45	52
466	704	45	52
444	723	42	63
443	733	47	67
442	724	44	75
442	724	44	75
442	724	44	75
442	724	44	75
442	724	44	75
442	724	44	75
442	724	44	75
442	724	44	75
442	724	44	75
442	724	44	75
442	724	44	75
442	724	44	75
442	724	44	75
390	706	51	86
399	720	53	94
387	708	57	106
387	708	57	106
387	708	57	106
387	708	57	106
384	707	60	111
386	724	65	116
382	745	74	119
383	737	79	140
381	732	83	160
383	734	84	177
385	729	74	189
385	729	75	202
383	729	77	198
384	727	75	204
383	728	75	208
382	733	79	205
381	731	78	208
386	732	77	205
389	724	78	219
385	737	93	207
392	731	92	213
400	738	99	212
413	732	95	215
435	727	82	184
444	733	91	181
454	739	101	154
477	734	89	180
497	732	85	196
514	725	88	175
531	724	93	156
551	731	87	149
571	739	85	126
598	734	75	133
614	732	74	147
632	732	78	143
653	735	71	147
668	732	69	147
689	732	67	147
707	732	65	132
726	730	62	133
741	736	59	121
749	737	59	130
757	741	63	121
766	738	59	135
770	740	64	131
775	740	66	134
775	742	66	135
777	743	68	144
781	741	63	157
781	741	63	174
780	743	64	170
779	746	68	168
782	747	66	175
781	747	62	172
782	749	61	170
782	750	57	153
780	753	61	149
780	757	63	135
779	759	59	141
784	758	55	150
780	759	59	150
780	760	60	159
781	763	61	163
779	761	63	151
777	766	66	138
777	766	68	138
776	769	67	142
775	772	65	132
773	771	64	134
773	772	67	133
775	776	63	128
776	783	65	119
774	785	64	121
774	781	64	130
772	785	64	119
772	786	58	121
775	790	59	117
773	791	63	127
770	789	64	117
764	792	71	105
757	804	80	116
746	800	93	141
744	796	93	156
733	796	106	170
727	797	117	180
727	797	119	201
727	802	122	208
730	796	113	217
729	801	119	215
731	802	118	217
731	802	117	223
728	808	128	213
728	809	130	200
738	810	124	191
735	815	138	208
748	813	131	229
752	816	134	232
757	813	132	251
762	812	134	255
768	816	130	255
772	821	128	244
777	816	128	255
774	817	137	252
778	817	130	240
778	823	136	232
801	826	114	209
823	832	85	185
829	838	80	174
834	839	72	182
836	844	75	162
836	846	75	158
836	853	78	153
841	854	72	145
841	859	72	152
839	860	74	149
841	860	73	167
843	860	73	171
842	863	73	156
843	864	75	153
845	869	73	139
848	874	74	132
846	871	77	130
849	877	76	115
847	876	79	136
846	871	83	153
849	869	80	146
850	869	78	154
853	869	78	169
851	871	81	177
855	868	77	189
857	870	75	181
857	875	77	173
862	872	72	177
864	874	74	166
866	874	72	169
865	876	76	169
871	874	70	155
871	877	73	146
877	875	67	146
871	870	77	158
874	869	74	164
876	869	75	172
878	869	77	198
880	867	77	197
880	866	79	196
882	866	80	203
883	863	83	212
882	867	83	205
880	865	84	205
886	861	81	208
885	863	79	213
886	863	81	213
889	858	78	222
883	856	82	222
885	863	84	210
887	865	82	206
886	866	81	208
891	857	71	215
890	848	74	226
884	849	84	228
887	854	85	219
890	848	79	226
892	854	79	203
894	850	75	213
897	850	68	212
896	844	74	208
897	841	71	202
899	843	73	186
906	842	72	185
906	833	67	198
908	834	66	195
909	830	66	187
916	833	60	176
917	829	63	187
921	824	61	180
922	821	64	186
925	819	61	185
931	817	57	177
926	818	64	180
929	815	62	177
929	812	63	181
929	811	68	176
931	811	67	169
933	808	65	177
933	803	68	178
932	801	71	188
934	802	70	181
936	799	72	178
937	802	71	165
941	800	67	171
940	798	71	187
941	799	73	172
943	797	68	179
944	798	73	191
946	792	72	188
947	788	73	194
952	787	71	181
952	787	74	179
956	783	68	162
959	780	68	155
960	773	72	158
961	774	71	155
966	768	68	168
967	768	71	178
969	762	69	180
971	761	66	180
971	757	68	189
970	760	72	180
972	764	75	170
978	757	72	179
980	758	72	184
982	756	74	180
988	751	71	175
989	742	75	182
994	742	74	190
997	740	75	195
1000	736	76	187
1007	723	71	194
1006	725	74	192
1009	721	75	196
1012	717	79	196
1016	705	74	197
1017	700	78	198
1023	703	77	195
1024	694	77	199
1025	692	82	197
1027	690	81	205
1031	684	79	206
1034	687	77	208
1037	682	80	203
1038	680	80	202
1040	679	81	211
1043	681	80	218
1048	671	76	219
1052	671	75	221
1052	666	78	235
1055	660	77	236
1057	661	75	230
1061	659	74	237
1062	659	79	238
1064	665	79	226
1067	656	80	236
1070	652	83	237
1074	648	77	249
1074	645	85	247
1080	642	81	235
1079	643	84	231
1081	637	86	249
1093	629	81	245
1102	627	78	226
1114	618	70	249
1116	614	70	252
1121	612	69	259
1121	608	75	253
1125	610	71	256
1125	600	76	268
1122	601	76	263
1122	597	85	273
1122	587	91	279
1122	575	96	300
1127	584	96	272
1127	588	98	270
1129	584	100	284
