880	847	112	232
884	846	106	240
885	848	105	230
885	845	107	234
887	845	104	236
888	843	102	239
886	841	106	246
885	840	109	243
883	840	111	243
887	836	107	246
889	835	104	246
892	832	100	249
892	826	101	254
893	818	99	263
899	818	93	262
895	823	101	252
893	817	103	256
894	806	107	270
895	796	101	282
900	802	97	272
905	790	94	287
906	797	94	280
905	797	97	281
905	801	101	260
903	802	104	260
905	794	100	270
907	790	99	262
906	787	107	257
907	789	106	250
909	782	107	251
909	776	108	248
912	768	106	253
914	766	107	252
914	774	105	240
918	769	102	246
918	766	97	251
917	762	102	253
918	764	107	251
916	766	106	249
923	763	102	254
927	764	99	254
921	759	104	255
920	761	110	245
915	758	109	244
925	756	99	244
928	748	91	254
924	749	96	238
929	750	94	223
930	749	87	223
929	741	88	232
933	748	85	225
930	742	86	234
929	741	84	236
931	740	83	236
935	740	83	235
932	737	85	240
932	738	87	234
932	738	85	232
932	738	85	229
933	736	85	227
935	733	82	230
936	731	82	232
935	730	83	233
936	728	85	237
935	727	87	227
939	727	81	223
937	726	83	216
937	727	87	214
938	726	86	211
938	726	82	209
938	722	82	214
941	720	77	215
936	720	85	214
935	721	89	220
943	717	77	225
938	716	77	225
937	715	81	228
940	714	78	223
934	712	76	222
939	712	78	222
939	710	75	221
936	712	78	210
939	709	75	212
939	710	75	205
936	708	78	206
936	709	77	205
937	707	77	211
934	707	77	207
933	707	83	210
934	708	80	207
935	706	80	212
933	706	83	215
935	709	79	209
935	706	79	210
936	707	79	210
937	710	76	209
939	708	74	210
939	707	75	205
941	707	74	204
943	706	71	209
937	707	81	203
938	710	76	194
941	710	75	192
939	711	75	189
941	708	72	195
939	710	74	199
939	708	76	198
934	712	78	189
937	713	76	195
934	709	77	205
936	712	77	199
935	713	75	204
931	710	84	208
925	714	89	199
929	714	82	194
931	713	81	198
930	713	77	196
933	711	77	199
931	708	76	202
931	710	75	195
931	712	77	192
930	712	76	194
929	709	79	202
931	710	73	202
929	709	73	202
931	709	74	203
929	708	76	200
928	710	79	205
927	707	80	208
929	710	74	204
932	710	72	202
929	709	76	200
926	706	79	207
929	708	80	200
930	709	81	190
930	709	76	194
932	705	74	197
931	707	75	192
927	707	78	190
928	708	75	189
926	707	78	188
927	706	74	190
925	702	76	200
924	705	74	196
923	701	76	204
922	703	78	204
918	700	75	209
915	698	85	221
917	699	80	211
916	694	76	226
916	689	79	232
917	696	71	211
913	700	77	210
910	702	79	204
910	704	76	204
907	708	79	194
905	705	78	199
905	705	81	204
900	704	80	204
901	705	82	209
899	707	82	204
897	712	84	201
897	710	82	209
895	712	82	218
892	710	85	223
892	712	86	223
892	715	81	218
892	716	78	217
893	718	79	219
889	721	77	214
886	723	86	222
885	725	81	213
884	733	87	200
885	738	79	193
890	741	78	191
882	743	83	190
882	743	81	190
882	748	80	187
882	748	79	193
877	752	84	194
882	755	77	193
877	758	84	192
874	761	83	191
876	767	82	188
875	772	81	186
879	772	79	189
873	778	83	181
873	779	83	182
875	781	80	181
871	792	84	164
874	785	78	174
874	794	79	165
877	804	76	153
877	808	74	155
876	811	77	156
877	814	78	157
876	819	77	156
876	824	81	154
877	821	77	161
878	828	78	155
878	833	77	150
881	831	76	158
879	838	78	154
880	842	79	144
880	847	84	140
882	848	79	140
888	847	77	132
890	850	77	134
896	856	75	122
902	860	65	117
903	867	66	114
904	871	68	105
911	878	63	101
915	881	59	105
921	886	53	96
926	891	53	89
931	896	49	94
931	901	58	109
933	910	57	98
933	910	57	98
933	910	57	98
933	910	57	98
933	910	57	98
933	910	57	98
933	910	57	98
933	910	57	98
933	910	57	98
933	910	57	98
933	910	57	98
933	910	57	98
933	910	57	98
933	910	57	98
933	910	57	98
933	910	57	98
933	910	57	98
933	910	57	98
933	910	57	98
933	910	57	98
933	910	57	98
933	910	57	98
933	910	57	98
933	910	57	98
933	910	57	98
933	910	57	98
933	910	57	98
933	910	57	98
933	910	57	98
933	910	57	98
933	910	57	98
933	910	57	98
933	910	57	98
933	910	57	98
933	910	57	98
933	910	57	98
933	910	57	98
933	910	57	98
933	910	57	98
933	910	57	98
933	910	57	98
933	910	57	98
933	910	57	98
933	910	57	98
933	910	57	98
933	910	57	98
933	910	57	98
933	910	57	98
933	910	57	98
933	910	57	98
933	910	57	98
933	910	57	98
933	910	57	98
933	910	57	98
933	910	57	98
933	910	57	98
933	910	57	98
933	910	57	98
933	910	57	98
933	910	57	98
