1067	531	50	152
1065	535	56	150
1068	530	52	154
1063	537	58	150
1068	528	46	155
1068	525	45	159
1066	527	47	157
1066	530	46	154
1067	527	43	162
1064	526	46	162
1062	529	49	161
1061	530	50	158
1061	531	52	160
1060	533	47	159
1059	532	45	162
1058	535	45	159
1055	535	46	161
1056	537	48	157
1054	536	47	163
1054	533	47	163
1052	536	47	160
1051	536	45	163
1051	530	42	165
1053	535	41	162
1052	535	40	159
1050	539	40	156
1052	541	37	156
1048	541	39	153
1053	540	43	157
1046	541	42	159
1056	544	48	158
1042	543	44	158
1043	542	50	159
1060	542	78	166
1035	544	51	163
1041	547	50	160
1037	547	48	160
1036	547	47	161
1035	548	46	156
1033	546	47	158
1033	548	45	162
1032	548	45	162
1029	553	46	159
1029	551	44	162
1030	551	42	170
1026	555	51	160
1022	558	52	169
1022	560	56	170
1019	565	52	169
1017	568	53	164
1018	574	52	164
1017	577	51	161
1017	577	48	164
1017	575	47	167
1017	575	43	171
1019	578	43	168
1020	577	41	167
1019	573	37	172
1018	573	39	167
1015	571	41	170
1015	576	43	157
1012	574	42	163
1010	584	43	154
1008	585	43	152
1008	578	45	158
1007	577	45	161
1006	581	46	159
1005	577	43	160
1003	585	44	152
1002	588	48	150
1001	585	49	152
1000	587	47	151
999	588	51	152
998	590	49	150
998	585	52	156
998	584	48	151
997	586	48	152
996	580	46	161
993	586	47	155
996	568	44	179
995	573	47	176
993	578	48	172
993	572	45	185
990	571	51	193
994	574	46	177
994	579	46	177
993	583	45	168
995	584	44	172
992	577	44	183
991	580	45	181
990	584	47	178
993	581	43	178
992	583	42	174
992	586	42	162
989	593	49	150
990	597	48	143
989	600	48	137
990	595	47	131
991	598	44	131
989	597	45	133
990	600	47	126
989	604	45	115
988	603	45	122
987	603	44	116
984	603	43	104
984	606	43	94
981	607	45	96
981	611	43	93
978	608	42	97
974	607	49	107
973	607	53	101
970	611	53	100
971	608	49	105
968	611	54	105
967	613	55	101
970	614	51	99
967	613	55	110
968	616	54	107
969	618	51	113
968	622	51	106
965	623	54	104
965	626	52	107
965	630	50	97
963	634	51	97
962	635	50	101
960	633	53	105
959	636	52	111
955	637	53	113
952	639	55	114
951	636	51	133
948	639	51	130
950	639	49	143
949	641	47	167
947	640	49	178
944	640	54	183
942	634	52	187
943	634	50	181
939	640	49	170
938	640	48	172
934	642	52	185
930	640	53	201
926	644	55	194
925	639	50	194
919	640	53	198
917	640	55	200
914	638	54	202
912	636	52	202
908	639	54	203
907	639	50	208
904	638	49	213
898	630	56	211
899	637	50	222
896	639	50	226
895	640	49	213
889	644	52	222
888	646	51	219
885	646	50	219
881	648	52	213
878	649	53	216
871	654	55	214
871	650	52	228
866	653	56	223
866	653	51	226
863	651	53	221
859	656	57	212
857	652	58	221
853	658	61	214
852	656	62	217
846	662	64	218
847	667	60	205
844	666	61	208
840	674	63	200
839	677	65	208
834	669	64	216
832	674	63	204
830	669	63	213
827	674	62	208
827	668	61	213
825	673	59	218
823	666	62	213
823	672	58	221
824	670	57	233
821	669	59	231
820	668	58	223
820	674	57	211
817	667	61	211
815	667	60	219
817	667	58	210
814	665	60	211
810	675	58	226
812	672	56	245
811	672	56	251
807	673	58	253
804	676	62	261
803	677	62	247
800	677	65	249
801	681	62	241
798	686	67	227
800	677	62	231
798	678	62	232
796	678	64	246
793	686	68	235
788	685	71	241
785	686	76	254
788	689	71	237
786	692	72	228
786	694	70	240
784	687	71	250
786	689	73	252
780	689	75	249
778	691	76	251
779	692	76	242
778	692	76	240
777	684	71	254
779	686	72	242
782	685	71	242
779	684	66	251
780	682	67	250
782	686	64	241
781	688	62	256
781	685	59	272
781	684	62	279
781	685	62	278
782	687	58	280
781	691	62	275
781	691	57	276
782	698	60	263
784	702	57	250
779	707	60	263
780	704	61	281
781	705	63	272
780	707	61	278
779	711	63	275
777	714	66	273
775	715	67	264
778	722	65	248
776	720	68	255
772	726	73	259
769	732	74	251
774	733	75	250
773	733	72	272
773	739	70	274
774	737	73	281
776	751	72	286
776	749	74	285
776	751	71	308
768	754	82	288
770	762	78	297
773	765	80	292
774	766	73	300
777	772	74	279
779	774	76	261
778	782	71	243
778	783	76	258
780	789	79	261
784	790	77	265
782	793	82	270
782	793	79	267
788	792	81	273
789	796	77	271
788	801	80	260
790	803	76	264
793	809	78	256
797	808	77	256
800	814	76	250
804	802	72	265
805	806	74	258
807	813	73	253
807	815	74	252
808	812	78	254
812	813	73	255
812	809	76	255
813	811	76	255
816	810	71	258
811	812	80	256
814	810	74	254
818	812	70	257
816	811	76	263
820	814	71	262
820	812	73	260
820	828	77	249
821	822	71	260
821	834	73	243
819	840	76	237
824	846	73	230
825	845	69	227
824	850	72	221
816	857	84	218
820	858	81	223
821	856	80	221
824	863	83	218
818	857	91	224
821	856	85	218
821	858	89	217
826	851	84	230
827	855	85	230
826	849	85	236
826	845	90	239
828	849	87	234
832	844	83	238
830	845	84	236
831	849	88	230
833	851	84	229
837	844	84	237
832	849	91	237
835	854	86	229
