916	692	70	183
920	692	68	182
922	694	69	181
919	692	71	182
924	695	67	180
925	697	64	176
925	697	65	173
929	698	63	175
929	699	66	175
931	705	65	173
934	704	62	177
936	704	63	181
935	708	66	184
937	709	65	188
936	713	70	183
937	716	69	185
939	715	68	189
942	713	66	193
943	716	65	191
943	716	67	191
945	719	65	188
946	720	66	186
949	720	63	190
950	719	64	191
953	718	60	189
954	720	60	186
955	721	63	187
955	724	65	182
955	726	70	188
956	728	73	191
956	732	73	187
960	730	70	198
958	728	72	201
959	733	77	204
959	734	77	201
962	731	78	212
963	736	79	203
962	741	86	205
967	741	77	201
971	744	75	196
973	749	72	186
972	747	74	191
974	751	74	186
976	749	72	189
978	751	70	188
980	750	71	193
981	751	70	197
983	749	66	201
984	752	66	202
985	753	64	200
984	750	65	203
986	752	63	201
986	751	62	200
988	751	59	202
985	748	61	204
985	748	60	203
983	746	64	200
982	746	63	195
981	744	65	191
981	741	64	191
980	740	63	189
976	740	67	183
975	736	67	189
974	737	68	189
972	734	71	194
972	736	72	193
968	734	79	191
969	732	76	187
969	733	77	186
969	727	75	195
969	730	73	187
970	724	72	192
970	726	74	187
969	725	75	181
972	721	71	184
971	724	74	175
972	725	72	166
974	724	67	164
974	721	66	166
976	717	63	170
975	717	64	168
975	714	66	171
977	709	60	179
976	709	63	176
976	707	61	179
976	708	61	177
974	709	63	177
972	707	62	181
971	705	61	183
969	701	64	185
968	706	64	173
968	703	63	177
968	701	61	175
966	702	62	171
965	700	60	172
964	703	61	164
961	700	61	172
961	702	62	170
960	703	62	167
959	702	63	170
957	704	65	168
957	703	65	167
957	701	67	172
956	701	64	171
955	702	66	171
956	703	65	173
957	701	61	174
957	703	61	172
956	701	62	173
956	700	62	173
956	700	60	170
955	702	62	166
956	702	60	159
955	702	61	158
957	697	58	159
956	699	59	158
956	699	60	163
957	700	58	158
958	699	55	162
958	698	52	164
957	700	52	161
957	702	51	164
955	699	53	168
956	699	54	170
955	700	52	172
955	700	50	173
950	703	55	166
948	705	57	163
947	704	55	164
947	703	55	162
946	701	56	162
945	699	55	161
943	701	55	158
940	704	59	155
940	701	61	159
936	705	65	153
936	703	63	158
936	703	66	160
935	706	67	154
934	704	69	160
933	705	69	158
933	704	67	162
932	705	69	163
932	705	67	164
932	704	64	167
931	705	66	163
930	706	66	155
929	706	66	157
930	703	64	158
930	706	61	154
931	703	56	155
932	706	55	148
932	707	57	146
930	704	55	150
929	702	59	153
930	702	53	150
931	701	50	156
928	705	53	153
927	701	54	157
926	701	52	160
924	704	53	157
925	702	51	159
922	705	54	157
920	707	53	156
916	701	57	161
916	699	56	159
916	698	53	160
914	697	54	162
910	698	57	158
909	699	58	152
909	696	58	157
906	695	60	161
905	693	61	165
905	691	60	169
903	691	62	166
903	693	61	168
903	692	60	172
900	692	63	174
901	691	60	173
899	691	62	180
900	690	59	183
897	689	62	184
898	689	62	179
899	693	59	172
898	692	62	176
898	692	58	171
900	687	56	172
899	688	54	168
899	685	54	166
900	682	50	165
900	684	50	159
900	684	50	159
902	681	46	157
901	680	49	160
900	677	49	164
901	677	47	162
901	672	47	166
900	673	47	161
897	673	50	159
897	670	51	161
897	668	49	158
894	667	50	163
895	665	50	161
893	665	51	155
893	665	51	151
891	666	51	148
889	663	54	147
890	660	51	153
889	657	52	156
888	660	55	149
887	657	55	155
888	658	54	156
887	655	57	156
886	657	57	157
886	655	60	157
886	656	57	158
887	656	57	158
886	653	55	164
886	654	55	163
888	650	53	165
888	651	54	157
889	653	52	151
889	652	50	155
892	652	48	149
890	652	50	146
891	652	49	148
892	651	47	149
892	651	46	144
892	651	45	146
894	649	42	149
893	651	42	147
895	651	40	150
891	654	43	145
893	652	40	149
890	652	44	149
889	653	43	150
885	653	49	153
881	653	50	151
882	651	49	155
880	655	49	151
878	659	50	144
879	660	49	142
877	661	48	143
874	658	54	154
875	660	52	150
875	665	53	144
873	666	54	144
873	671	55	141
871	672	59	141
873	671	53	142
870	672	57	144
865	674	61	145
862	674	66	150
868	675	58	150
864	677	60	151
864	679	59	153
862	678	61	153
861	679	60	146
857	678	64	146
863	680	53	146
862	679	52	146
863	680	49	138
858	682	55	141
862	682	49	140
859	681	52	145
861	683	47	146
860	685	47	142
863	688	44	143
862	688	43	143
861	687	44	145
854	689	50	150
850	692	56	154
838	690	72	155
823	684	87	165
840	692	70	155
826	692	84	152
810	698	100	147
818	688	98	158
808	691	105	151
818	697	93	144
810	694	93	145
804	696	101	145
818	699	91	143
811	695	98	148
804	695	110	150
802	699	108	148
801	701	108	148
798	698	111	153
794	701	114	153
802	701	107	151
797	702	110	150
790	701	114	150
810	703	94	146
825	704	73	143
827	702	64	141
827	699	57	139
826	696	58	142
826	693	52	146
825	693	53	142
822	695	56	139
820	692	57	143
821	692	55	143
821	693	51	140
820	689	52	146
818	689	51	145
817	690	52	145
817	692	52	142
814	691	54	141
813	690	54	142
811	690	55	143
808	683	56	151
807	680	52	156
807	679	50	162
805	677	51	161
801	679	54	159
800	680	56	152
797	680	58	150
794	681	62	144
796	677	58	151
796	678	60	149
797	680	64	142
798	680	65	140
800	676	65	146
805	677	66	149
815	676	61	151
820	675	62	154
829	674	60	147
833	676	64	146
839	673	65	152
848	674	61	144
852	673	57	151
854	668	60	148
858	666	57	144
858	669	57	139
859	670	61	137
859	669	58	140
860	670	59	142
860	674	63	132
861	667	63	145
861	664	65	150
865	662	60	153
862	665	61	148
862	660	62	155
862	665	61	158
861	658	66	164
858	665	68	157
860	655	64	169
860	659	58	162
859	659	53	161
858	656	52	166
857	657	53	162
856	651	56	169
855	652	52	163
853	652	55	167
853	651	53	172
851	652	58	172
850	650	63	177
850	651	54	178
849	655	60	175
850	654	57	182
848	651	60	179
849	658	60	174
849	654	58	181
850	653	55	184
849	654	61	185
850	655	55	181
848	657	59	173
848	656	60	167
852	653	50	171
851	657	54	167
851	655	55	169
850	659	51	161
851	660	56	161
850	659	56	166
848	661	55	167
849	658	53	172
849	659	52	172
847	659	56	169
848	657	50	179
848	657	54	185
847	660	51	179
845	663	51	168
842	663	54	177
842	663	49	178
840	663	53	166
838	664	53	169
835	663	58	173
834	663	55	178
833	665	55	179
831	666	56	183
828	670	60	177
828	673	62	184
828	671	56	190
823	677	62	180
823	679	64	186
822	683	60	191
821	688	62	179
822	692	57	175
822	694	55	176
820	696	57	180
820	698	59	191
822	700	56	184
819	702	58	179
821	705	55	181
820	706	55	187
820	712	56	176
819	716	54	176
815	721	60	173
810	733	78	165
811	734	71	171
811	735	67	180
811	741	63	169
809	742	62	181
809	745	59	184
808	753	62	177
808	751	59	184
805	755	67	183
804	759	65	175
804	757	64	186
804	757	62	189
800	761	64	172
800	763	63	169
800	767	66	161
801	766	62	168
800	765	62	174
800	766	62	180
798	772	70	170
797	777	71	167
797	780	70	170
797	782	70	173
799	780	66	186
799	783	71	178
801	785	67	185
802	786	68	184
805	788	69	188
806	788	68	191
807	797	67	174
811	794	65	172
811	800	68	169
817	797	60	168
817	796	63	178
819	802	64	170
818	798	70	173
820	801	70	172
819	800	69	173
820	799	71	176
824	793	65	177
827	796	64	175
828	791	61	176
830	790	58	158
830	790	57	139
831	793	59	135
830	788	59	132
833	785	55	134
833	785	55	131
832	788	58	127
831	783	61	134
832	781	62	138
832	777	62	156
833	771	63	158
836	767	58	168
834	766	62	179
836	768	62	161
836	765	61	166
838	763	59	173
838	763	60	183
842	759	61	196
843	757	60	206
839	760	66	227
843	757	65	213
849	752	56	202
849	746	57	183
853	749	53	167
856	748	52	155
857	747	51	150
859	748	51	156
857	748	54	153
859	745	53	158
860	742	51	153
859	741	53	163
859	743	53	158
862	742	55	158
862	739	55	168
864	736	51	176
863	732	52	184
864	731	50	172
864	734	52	164
863	734	55	162
865	731	52	164
865	731	53	165
865	729	53	164
864	727	55	171
865	727	53	172
866	730	52	158
865	729	54	144
865	728	55	154
867	725	54	157
866	724	56	157
865	725	60	152
865	727	60	152
866	727	57	152
867	724	57	154
869	724	54	157
870	722	53	166
870	724	53	155
872	726	50	151
872	723	51	149
873	725	52	142
875	726	52	136
873	724	54	138
875	719	51	145
876	722	50	145
875	718	54	152
875	718	51	151
874	719	52	156
875	718	53	153
874	718	53	159
872	717	55	154
874	717	52	155
874	717	51	156
873	715	53	155
873	716	50	156
872	713	49	158
870	717	53	155
869	717	53	150
869	717	49	145
869	716	48	142
868	717	48	143
868	716	48	142
866	715	50	144
865	715	49	145
864	717	52	143
862	717	52	147
860	717	54	149
860	715	53	154
859	717	53	151
859	720	52	152
856	719	53	150
857	720	51	149
857	721	53	146
858	721	48	142
858	720	51	135
856	719	49	136
856	715	50	139
856	719	51	132
854	718	52	138
854	717	50	141
853	720	51	139
855	720	49	137
852	720	49	137
853	720	50	143
855	718	47	144
855	718	48	148
854	718	47	149
852	720	50	147
852	719	51	149
854	718	46	152
852	718	47	152
853	720	47	142
852	719	49	143
849	719	50	132
849	719	50	133
848	716	51	138
849	718	51	133
847	720	56	133
847	719	54	133
848	720	54	134
849	715	56	141
848	718	57	143
847	717	58	143
849	720	56	142
851	717	54	148
851	716	54	149
853	718	52	144
852	721	54	146
855	727	54	138
857	729	52	136
857	727	54	139
859	731	53	135
859	727	56	138
862	732	49	132
862	731	52	136
864	732	54	146
865	734	51	145
866	733	52	152
869	735	49	143
869	738	50	147
869	741	50	142
874	742	46	148
875	745	47	158
876	745	48	156
875	750	49	144
879	749	45	148
880	749	48	155
882	747	47	147
881	751	48	141
882	754	51	150
882	753	54	156
881	754	54	139
883	758	54	136
886	754	54	140
891	751	49	152
890	749	55	147
891	750	58	146
890	753	59	152
894	753	56	153
894	757	56	146
895	754	56	154
895	756	56	154
897	750	55	158
899	751	54	152
901	747	55	154
903	747	51	156
907	747	49	152
907	745	52	152
908	744	50	148
909	747	51	145
911	750	48	138
911	748	50	136
909	748	52	140
911	746	49	143
912	742	45	153
909	746	49	147
911	748	47	154
908	749	49	152
906	749	51	156
909	750	49	150
907	749	48	150
907	751	47	139
906	754	46	139
903	750	48	140
903	749	47	136
901	750	48	134
901	748	44	134
896	741	49	145
893	739	50	147
892	739	48	156
892	738	48	156
890	739	48	153
886	740	50	152
885	736	51	154
883	740	51	155
881	740	49	153
878	741	48	161
877	738	50	165
876	735	49	166
873	738	52	161
870	738	55	154
870	737	50	160
865	738	54	152
864	738	56	151
864	737	51	149
861	741	54	143
858	736	53	154
856	736	54	146
854	737	50	148
853	738	49	146
852	738	48	141
848	744	55	141
846	740	52	154
845	739	51	157
845	742	48	152
841	736	48	162
839	735	51	165
838	737	50	161
837	741	47	153
834	739	49	148
831	737	50	159
829	738	53	160
830	738	49	151
827	741	48	139
824	742	51	141
823	741	49	146
821	741	49	148
820	744	51	142
820	742	48	148
819	741	50	152
818	742	48	146
816	742	50	154
817	741	49	157
815	743	50	152
815	742	50	153
817	743	48	149
816	742	47	150
817	743	46	150
817	743	45	151
817	746	44	146
817	743	45	156
816	742	47	163
818	747	44	153
817	751	45	144
815	750	48	151
816	750	50	154
815	750	54	144
817	752	48	142
817	753	48	151
816	750	47	161
819	749	47	154
817	754	52	153
818	753	51	150
817	754	53	149
818	756	55	143
820	754	52	144
821	758	51	134
819	762	54	132
821	759	57	142
822	761	54	134
822	766	58	132
824	760	59	152
826	762	58	150
827	764	58	144
830	762	57	154
830	764	59	156
829	768	64	153
830	771	65	149
831	771	65	147
836	768	58	154
835	772	63	137
837	775	60	132
838	774	62	136
842	773	55	141
843	773	57	144
843	776	60	142
846	775	56	137
846	775	58	141
847	777	55	140
847	778	58	141
845	780	61	144
844	783	63	136
850	787	60	133
847	787	64	140
847	787	65	144
847	791	65	137
846	790	67	142
850	789	62	149
852	791	58	149
852	794	59	142
855	794	58	141
855	795	57	144
854	797	61	136
854	800	61	136
856	802	61	140
856	804	58	138
854	804	63	150
852	802	65	153
856	805	63	152
854	810	65	150
854	813	65	148
855	812	70	154
857	812	66	150
860	812	65	150
861	811	60	155
861	814	60	151
864	815	59	149
863	814	62	154
863	817	62	148
870	816	54	147
869	817	56	147
872	819	53	144
871	822	57	148
873	822	55	145
872	824	55	143
873	826	53	143
871	828	56	142
868	829	65	157
870	830	63	153
870	832	61	156
871	833	61	155
871	834	60	151
872	836	58	157
873	833	59	160
875	832	57	168
877	835	56	160
875	842	60	156
876	839	60	152
874	834	62	170
877	837	59	166
877	841	58	158
877	841	59	157
872	844	65	158
877	846	61	161
883	853	53	159
880	852	54	152
876	855	61	149
877	855	58	151
879	854	57	157
875	855	61	160
878	855	60	158
880	857	56	160
879	855	60	165
884	855	58	169
884	862	58	155
882	864	65	142
887	861	61	144
891	863	55	144
892	858	56	158
891	862	59	159
