1025	612	80	151
1030	609	79	159
1040	606	67	153
1043	608	61	145
1047	607	59	151
1047	607	60	146
1048	606	59	149
1048	604	56	152
1045	603	57	148
1041	606	55	143
1038	602	55	152
1030	600	58	156
1024	600	58	150
1016	603	67	142
1011	601	69	154
1005	602	76	154
1003	603	74	149
999	603	77	146
998	602	81	162
998	600	80	169
999	600	78	171
1000	599	76	159
1001	600	75	157
1004	598	75	165
1007	598	74	163
1011	595	69	162
1013	597	68	154
1018	595	63	150
1020	597	61	139
1023	596	63	130
1024	596	62	146
1027	594	57	145
1030	590	55	145
1029	592	60	139
1033	594	58	147
1034	592	56	140
1036	593	56	136
1039	595	54	139
1040	594	60	155
1040	595	61	164
1043	593	62	167
1043	591	63	159
1045	594	66	170
1048	590	63	172
1048	587	62	160
1046	590	67	178
1044	590	66	167
1041	591	69	160
1040	592	66	141
1029	594	78	135
1027	586	72	139
1027	586	72	139
1008	590	77	157
1001	591	72	155
990	594	76	177
976	594	81	168
976	594	81	168
976	594	81	168
976	594	81	168
976	594	81	168
923	584	75	179
907	584	77	185
893	583	82	193
889	582	74	181
878	584	70	172
869	582	66	168
851	579	70	172
844	578	64	158
827	583	72	150
829	582	65	139
830	586	58	123
828	585	56	124
824	584	57	121
814	580	66	132
819	585	56	129
794	606	69	124
814	582	61	128
784	602	82	132
786	594	90	134
793	588	88	152
801	579	84	164
818	571	58	168
822	569	56	155
820	570	56	141
820	565	56	137
810	584	54	139
820	564	58	135
810	579	64	135
823	568	53	135
771	633	43	121
824	564	57	116
824	558	56	126
824	572	54	121
822	567	56	115
822	567	54	101
823	572	54	90
823	569	54	98
775	635	39	108
779	632	29	101
823	552	37	111
779	617	41	109
822	562	49	104
823	564	52	99
823	564	52	99
821	563	45	98
775	626	31	84
776	624	29	81
775	629	27	75
776	628	24	74
775	628	27	69
776	623	24	70
775	629	24	67
776	628	23	64
776	627	21	61
775	629	22	59
774	628	25	55
774	628	24	50
774	627	23	48
774	628	22	51
773	628	22	53
773	628	22	50
772	629	22	58
772	626	22	57
772	626	23	54
771	627	22	53
771	627	23	53
771	628	22	48
770	628	22	46
770	628	22	47
768	627	23	51
768	627	24	58
770	624	23	53
768	626	24	51
768	626	23	52
769	626	22	52
766	628	25	58
768	625	21	53
767	626	22	52
767	626	22	55
767	626	22	52
766	629	23	58
766	628	24	52
768	629	20	47
766	630	23	51
765	630	23	46
765	632	24	50
766	630	21	44
766	632	21	42
766	633	21	41
766	633	20	39
766	633	20	36
767	635	20	38
766	636	21	38
766	635	20	41
765	635	21	44
765	635	22	49
764	639	23	50
763	638	25	47
763	639	25	52
763	639	24	56
764	640	24	55
763	641	24	55
763	641	24	54
764	640	21	46
763	643	24	43
762	645	23	46
763	644	21	48
762	645	23	51
763	645	21	51
763	646	21	49
763	647	22	49
762	648	22	51
762	649	22	54
762	649	23	55
762	650	23	55
760	653	23	56
761	654	23	51
760	654	24	57
760	653	22	58
759	655	23	57
759	658	25	54
760	660	23	51
759	659	24	55
759	661	23	55
759	663	23	51
757	664	25	60
758	664	23	59
757	666	25	59
756	668	25	64
758	669	22	53
758	669	22	52
757	670	23	50
756	673	24	53
756	674	23	59
755	673	23	54
755	676	24	61
754	679	24	60
752	680	27	61
754	682	26	58
753	682	26	61
753	683	25	58
754	684	26	58
753	685	25	52
752	686	25	48
751	687	26	49
752	688	26	49
751	691	23	49
750	692	24	50
751	691	22	56
751	691	22	58
749	691	26	61
748	692	27	63
747	694	28	59
748	693	25	57
747	695	23	52
745	697	28	56
745	697	27	59
745	697	25	59
744	698	27	55
743	700	24	53
742	701	25	52
741	701	25	55
739	703	29	64
739	703	27	67
738	705	28	64
737	706	27	57
737	707	26	52
735	709	31	50
735	710	26	46
734	711	26	47
733	711	26	46
732	711	26	45
731	713	26	45
729	715	29	44
729	714	27	49
728	716	27	45
726	718	28	47
726	719	26	48
725	720	26	47
723	722	26	45
722	724	28	47
721	726	28	44
719	727	29	49
717	729	33	58
716	729	30	61
717	732	31	54
719	732	31	60
722	732	27	65
724	734	30	61
729	735	32	62
735	736	31	60
740	736	32	65
743	740	36	65
746	742	39	66
750	742	32	67
752	743	33	65
752	746	36	56
754	748	31	57
755	750	33	61
755	753	33	60
754	756	33	61
755	757	31	64
754	758	31	67
751	762	34	62
751	765	36	60
748	767	38	51
750	770	31	50
750	773	31	49
750	775	29	54
751	778	28	46
754	780	28	47
756	782	28	44
760	784	28	46
759	788	32	49
761	789	34	55
764	791	34	58
762	793	38	59
765	795	33	56
765	798	34	59
768	800	27	50
766	804	31	43
766	807	28	44
764	809	28	49
764	811	29	46
763	814	32	45
761	817	31	43
758	821	33	51
759	822	30	48
758	824	31	46
756	829	35	52
756	829	32	53
754	830	32	53
753	835	32	50
752	838	33	44
752	841	31	49
753	842	30	53
752	843	32	51
754	844	34	48
753	849	32	56
753	850	34	52
754	852	32	53
753	857	31	45
752	860	32	41
751	860	30	45
751	863	32	42
750	866	30	44
748	868	31	42
747	872	30	44
745	872	31	46
743	876	32	45
739	878	36	46
738	884	34	44
736	885	34	47
735	889	33	53
733	889	34	57
732	892	39	53
731	896	38	59
735	903	36	62
733	902	38	61
733	905	37	62
734	909	35	56
733	910	36	54
732	915	42	61
732	920	41	58
731	923	37	59
732	925	34	59
728	935	36	52
728	935	36	52
728	935	36	52
721	947	33	47
721	947	33	47
719	963	34	47
717	963	32	41
717	963	32	41
713	978	32	44
713	978	32	44
704	985	33	44
704	985	33	44
704	985	33	44
701	1004	37	46
701	1004	37	46
701	1004	37	46
701	1004	37	46
701	1004	37	46
701	1004	37	46
701	1004	37	46
701	1004	37	46
701	1004	37	46
701	1004	37	46
701	1004	37	46
701	1004	37	46
701	1004	37	46
701	1004	37	46
701	1004	37	46
701	1004	37	46
701	1004	37	46
701	1004	37	46
701	1004	37	46
701	1004	37	46
701	1004	37	46
701	1004	37	46
701	1004	37	46
701	1004	37	46
701	1004	37	46
701	1004	37	46
701	1004	37	46
701	1004	37	46
701	1004	37	46
701	1004	37	46
701	1004	37	46
701	1004	37	46
701	1004	37	46
701	1004	37	46
701	1004	37	46
701	1004	37	46
701	1004	37	46
701	1004	37	46
701	1004	37	46
701	1004	37	46
701	1004	37	46
701	1004	37	46
701	1004	37	46
701	1004	37	46
701	1004	37	46
701	1004	37	46
701	1004	37	46
701	1004	37	46
701	1004	37	46
701	1004	37	46
701	1004	37	46
701	1004	37	46
701	1004	37	46
701	1004	37	46
701	1004	37	46
701	1004	37	46
701	1004	37	46
701	1004	37	46
701	1004	37	46
701	1004	37	46
701	1004	37	46
701	1004	37	46
701	1004	37	46
701	1004	37	46
701	1004	37	46
701	1004	37	46
701	1004	37	46
701	1004	37	46
701	1004	37	46
701	1004	37	46
701	1004	37	46
701	1004	37	46
701	1004	37	46
701	1004	37	46
701	1004	37	46
701	1004	37	46
701	1004	37	46
701	1004	37	46
701	1004	37	46
701	1004	37	46
701	1004	37	46
701	1004	37	46
701	1004	37	46
701	1004	37	46
701	1004	37	46
701	1004	37	46
701	1004	37	46
701	1004	37	46
701	1004	37	46
701	1004	37	46
701	1004	37	46
701	1004	37	46
701	1004	37	46
701	1004	37	46
701	1004	37	46
701	1004	37	46
701	1004	37	46
701	1004	37	46
701	1004	37	46
701	1004	37	46
701	1004	37	46
701	1004	37	46
701	1004	37	46
701	1004	37	46
701	1004	37	46
701	1004	37	46
701	1004	37	46
701	1004	37	46
701	1004	37	46
701	1004	37	46
701	1004	37	46
701	1004	37	46
701	1004	37	46
701	1004	37	46
701	1004	37	46
701	1004	37	46
701	1004	37	46
701	1004	37	46
701	1004	37	46
701	1004	37	46
701	1004	37	46
701	1004	37	46
701	1004	37	46
701	1004	37	46
701	1004	37	46
701	1004	37	46
701	1004	37	46
701	1004	37	46
701	1004	37	46
701	1004	37	46
701	1004	37	46
701	1004	37	46
701	1004	37	46
701	1004	37	46
701	1004	37	46
701	1004	37	46
701	1004	37	46
701	1004	37	46
701	1004	37	46
701	1004	37	46
701	1004	37	46
701	1004	37	46
701	1004	37	46
701	1004	37	46
701	1004	37	46
701	1004	37	46
701	1004	37	46
701	1004	37	46
701	1004	37	46
701	1004	37	46
701	1004	37	46
701	1004	37	46
701	1004	37	46
701	1004	37	46
701	1004	37	46
701	1004	37	46
701	1004	37	46
701	1004	37	46
701	1004	37	46
701	1004	37	46
701	1004	37	46
701	1004	37	46
701	1004	37	46
701	1004	37	46
701	1004	37	46
701	1004	37	46
701	1004	37	46
701	1004	37	46
701	1004	37	46
701	1004	37	46
701	1004	37	46
701	1004	37	46
701	1004	37	46
701	1004	37	46
701	1004	37	46
701	1004	37	46
701	1004	37	46
701	1004	37	46
701	1004	37	46
701	1004	37	46
701	1004	37	46
701	1004	37	46
701	1004	37	46
701	1004	37	46
701	1004	37	46
701	1004	37	46
701	1004	37	46
701	1004	37	46
701	1004	37	46
701	1004	37	46
701	1004	37	46
701	1004	37	46
701	1004	37	46
701	1004	37	46
701	1004	37	46
701	1004	37	46
701	1004	37	46
701	1004	37	46
701	1004	37	46
701	1004	37	46
701	1004	37	46
701	1004	37	46
701	1004	37	46
701	1004	37	46
701	1004	37	46
701	1004	37	46
701	1004	37	46
701	1004	37	46
701	1004	37	46
701	1004	37	46
701	1004	37	46
701	1004	37	46
701	1004	37	46
701	1004	37	46
701	1004	37	46
701	1004	37	46
701	1004	37	46
701	1004	37	46
701	1004	37	46
701	1004	37	46
701	1004	37	46
701	1004	37	46
701	1004	37	46
701	1004	37	46
701	1004	37	46
701	1004	37	46
701	1004	37	46
701	1004	37	46
701	1004	37	46
701	1004	37	46
701	1004	37	46
701	1004	37	46
701	1004	37	46
701	1004	37	46
701	1004	37	46
701	1004	37	46
701	1004	37	46
701	1004	37	46
701	1004	37	46
701	1004	37	46
701	1004	37	46
701	1004	37	46
701	1004	37	46
701	1004	37	46
701	1004	37	46
701	1004	37	46
701	1004	37	46
701	1004	37	46
701	1004	37	46
701	1004	37	46
701	1004	37	46
701	1004	37	46
701	1004	37	46
701	1004	37	46
701	1004	37	46
701	1004	37	46
701	1004	37	46
701	1004	37	46
701	1004	37	46
701	1004	37	46
701	1004	37	46
701	1004	37	46
701	1004	37	46
701	1004	37	46
701	1004	37	46
701	1004	37	46
701	1004	37	46
701	1004	37	46
701	1004	37	46
701	1004	37	46
701	1004	37	46
701	1004	37	46
701	1004	37	46
701	1004	37	46
701	1004	37	46
701	1004	37	46
701	1004	37	46
701	1004	37	46
701	1004	37	46
701	1004	37	46
701	1004	37	46
701	1004	37	46
701	1004	37	46
701	1004	37	46
701	1004	37	46
701	1004	37	46
701	1004	37	46
701	1004	37	46
701	1004	37	46
701	1004	37	46
701	1004	37	46
701	1004	37	46
701	1004	37	46
701	1004	37	46
701	1004	37	46
701	1004	37	46
701	1004	37	46
701	1004	37	46
701	1004	37	46
701	1004	37	46
701	1004	37	46
701	1004	37	46
701	1004	37	46
701	1004	37	46
701	1004	37	46
701	1004	37	46
701	1004	37	46
701	1004	37	46
701	1004	37	46
701	1004	37	46
701	1004	37	46
701	1004	37	46
701	1004	37	46
701	1004	37	46
701	1004	37	46
701	1004	37	46
701	1004	37	46
701	1004	37	46
701	1004	37	46
701	1004	37	46
701	1004	37	46
701	1004	37	46
701	1004	37	46
701	1004	37	46
701	1004	37	46
701	1004	37	46
701	1004	37	46
701	1004	37	46
701	1004	37	46
701	1004	37	46
701	1004	37	46
701	1004	37	46
701	1004	37	46
701	1004	37	46
701	1004	37	46
701	1004	37	46
701	1004	37	46
701	1004	37	46
701	1004	37	46
701	1004	37	46
701	1004	37	46
701	1004	37	46
701	1004	37	46
701	1004	37	46
701	1004	37	46
701	1004	37	46
701	1004	37	46
701	1004	37	46
701	1004	37	46
701	1004	37	46
701	1004	37	46
701	1004	37	46
701	1004	37	46
701	1004	37	46
701	1004	37	46
701	1004	37	46
701	1004	37	46
701	1004	37	46
701	1004	37	46
701	1004	37	46
701	1004	37	46
701	1004	37	46
701	1004	37	46
701	1004	37	46
701	1004	37	46
701	1004	37	46
701	1004	37	46
701	1004	37	46
701	1004	37	46
701	1004	37	46
701	1004	37	46
701	1004	37	46
701	1004	37	46
701	1004	37	46
701	1004	37	46
701	1004	37	46
701	1004	37	46
701	1004	37	46
701	1004	37	46
701	1004	37	46
701	1004	37	46
701	1004	37	46
701	1004	37	46
701	1004	37	46
701	1004	37	46
701	1004	37	46
701	1004	37	46
701	1004	37	46
701	1004	37	46
701	1004	37	46
701	1004	37	46
701	1004	37	46
701	1004	37	46
701	1004	37	46
701	1004	37	46
701	1004	37	46
701	1004	37	46
701	1004	37	46
701	1004	37	46
701	1004	37	46
701	1004	37	46
701	1004	37	46
701	1004	37	46
701	1004	37	46
701	1004	37	46
701	1004	37	46
