1259	702	46	149
1259	699	52	158
1260	698	52	154
1261	695	51	160
1262	696	51	159
1264	694	53	160
1267	692	51	155
1270	691	50	158
1272	690	50	155
1272	689	51	157
1275	689	49	155
1274	689	51	157
1277	684	50	160
1280	683	47	153
1280	686	51	148
1281	684	51	152
1282	682	51	158
1283	683	51	148
1285	681	51	156
1285	679	51	161
1288	680	51	159
1288	680	52	160
1289	676	50	166
1291	677	50	160
1291	676	54	162
1292	673	52	168
1291	672	57	170
1293	670	56	168
1297	670	51	161
1297	670	53	161
1300	668	51	160
1301	668	51	159
1303	668	49	158
1303	667	47	158
1304	667	50	161
1305	666	51	160
1306	664	49	155
1305	665	48	151
1302	665	48	155
1299	665	48	158
1293	662	47	158
1284	661	49	160
1277	659	48	162
1261	657	49	161
1242	655	53	166
1230	653	50	163
1212	651	49	164
1195	646	50	168
1175	644	52	172
1154	645	52	159
1135	643	53	164
1115	642	51	166
1099	639	52	164
1078	640	52	159
1064	640	48	155
1051	641	50	151
1037	641	51	158
1027	642	51	160
1018	638	51	172
1013	637	48	164
1008	637	47	163
1004	638	47	155
1000	639	46	156
996	639	47	158
992	639	47	152
988	639	51	155
984	639	55	159
983	637	49	159
979	638	52	162
977	638	51	167
975	638	52	165
972	639	52	161
970	639	50	162
967	638	54	167
965	639	54	160
962	640	52	164
960	640	54	175
958	642	55	166
956	642	54	163
955	641	52	171
951	641	53	165
949	641	53	171
946	640	54	170
945	640	49	157
940	640	53	161
940	638	49	162
939	640	48	160
937	637	48	163
934	639	51	163
933	641	51	160
933	642	49	168
932	643	47	161
930	646	49	160
928	646	48	159
926	646	46	162
923	649	47	162
918	650	49	165
915	648	49	159
912	650	46	160
908	651	45	154
904	654	47	152
898	653	48	159
893	653	49	160
889	652	48	165
883	654	51	162
881	653	48	168
878	654	49	168
875	656	52	165
875	656	52	168
875	658	52	169
875	657	55	175
883	660	54	172
888	661	55	172
893	662	56	172
899	663	58	175
906	662	56	183
913	661	54	189
920	663	49	175
921	665	51	175
921	662	52	182
924	663	48	182
923	663	46	171
923	663	44	169
921	664	43	161
918	665	43	158
913	667	45	164
910	666	43	164
905	669	44	166
899	670	46	166
893	673	46	167
887	672	50	170
883	674	48	175
878	679	50	171
872	679	50	169
867	679	51	174
862	679	48	171
855	682	50	163
850	681	50	168
844	682	50	170
840	683	49	171
835	681	49	169
831	684	50	168
825	683	53	173
822	686	52	167
819	686	53	170
815	688	55	170
808	686	58	186
803	687	59	189
798	687	59	196
795	692	60	188
791	693	58	184
784	692	64	188
779	693	61	191
774	695	61	189
769	695	59	189
765	696	58	185
762	697	55	181
756	698	54	171
753	698	52	174
746	699	54	176
740	701	54	171
734	700	54	175
731	701	48	177
725	699	48	184
719	703	49	179
712	703	49	179
706	707	54	186
701	708	52	181
696	710	54	189
693	711	58	191
689	714	56	183
691	714	55	185
692	715	56	184
694	714	57	187
700	714	56	183
706	715	59	184
714	712	58	185
722	712	62	186
733	710	61	190
745	710	60	183
760	709	60	186
772	710	61	186
786	708	61	190
802	709	61	189
815	707	63	188
830	707	62	189
842	710	63	189
854	708	60	197
863	711	61	197
871	712	59	197
871	712	64	205
878	712	60	198
880	714	61	187
879	711	62	198
881	712	60	189
881	718	57	178
879	717	57	185
874	720	61	184
872	720	60	187
870	723	57	188
866	725	58	185
863	724	58	189
860	728	57	184
855	730	59	188
852	732	57	188
844	733	64	190
843	732	54	198
836	738	61	194
832	739	61	193
830	742	59	190
824	743	59	195
819	745	60	194
814	747	61	190
809	749	61	188
806	749	60	191
802	751	61	188
795	754	62	189
791	753	62	196
787	753	64	195
783	757	63	201
779	759	62	200
774	761	62	198
769	766	63	194
764	767	66	201
761	767	65	198
758	770	64	200
752	771	66	205
751	772	60	206
749	773	56	205
747	770	59	213
750	771	53	207
748	768	53	212
744	764	53	215
745	768	50	214
745	766	47	210
740	769	52	204
742	766	48	203
739	767	48	198
739	765	47	201
737	763	47	210
739	762	44	210
738	761	43	213
739	760	41	215
736	760	42	214
732	760	48	216
734	763	45	210
732	763	46	205
730	765	47	198
733	763	46	214
736	762	44	210
739	766	47	204
745	765	45	202
749	769	47	201
757	768	46	206
761	769	49	212
767	770	47	206
774	769	46	207
779	768	44	212
781	774	46	195
783	774	48	200
787	772	45	204
788	771	43	213
790	771	42	212
790	773	46	207
791	775	43	201
791	774	44	209
790	778	46	195
790	777	45	200
792	779	44	197
790	783	46	188
790	781	46	201
789	783	46	193
790	783	46	201
791	783	46	205
792	783	46	206
791	785	46	201
790	783	45	207
790	785	48	203
789	786	48	200
791	786	46	207
792	788	46	201
793	788	45	201
790	790	46	199
792	790	45	200
792	792	44	199
789	794	48	195
790	792	49	207
794	793	47	201
791	794	48	198
794	793	43	207
793	792	46	210
793	794	47	204
795	795	46	202
797	794	45	207
801	796	44	201
806	795	42	201
806	797	46	198
809	796	46	192
812	796	44	190
816	797	42	193
817	797	43	195
818	795	44	202
819	796	42	200
819	793	44	199
821	796	43	194
821	795	44	198
822	795	41	203
820	796	46	195
821	797	43	190
821	797	47	194
823	798	44	188
822	799	45	190
823	798	45	193
825	797	43	193
825	800	44	191
824	799	45	191
826	798	46	192
827	797	42	196
827	798	44	190
827	797	44	194
828	796	42	200
827	793	44	209
828	796	43	200
829	796	42	202
830	795	40	207
830	795	42	204
831	795	42	200
831	794	43	206
831	797	42	198
831	795	43	200
832	793	43	204
834	795	41	204
831	794	45	202
834	796	42	201
834	793	42	204
834	794	42	207
836	794	42	203
835	796	43	196
835	798	43	193
835	796	44	200
837	795	41	196
834	796	44	200
836	798	43	190
837	797	42	204
839	794	42	208
838	795	42	205
837	797	45	200
835	798	48	204
839	798	44	203
839	799	43	198
840	799	43	197
841	802	42	186
838	800	43	194
842	800	38	203
841	799	42	198
841	798	39	208
841	798	41	206
842	798	41	205
843	800	39	209
843	801	39	210
844	803	39	207
841	801	43	211
841	804	42	209
842	804	43	206
843	805	43	211
845	806	43	210
844	806	41	211
845	807	41	212
843	808	43	211
844	807	40	210
844	808	41	206
845	808	41	207
842	808	45	210
842	808	46	203
843	810	43	201
842	812	45	195
841	814	44	186
844	812	42	190
843	813	44	183
841	813	45	188
840	812	48	197
839	811	43	198
838	808	46	208
840	809	46	202
840	807	46	212
838	805	45	213
836	804	49	219
838	805	45	213
836	802	45	217
835	802	50	217
834	803	50	208
835	803	49	204
830	803	50	206
831	802	50	206
829	803	52	198
827	801	52	205
826	800	53	203
824	801	55	203
822	799	54	202
823	796	53	206
819	798	57	206
816	796	60	210
813	796	60	206
813	792	59	205
810	794	60	207
808	792	59	206
806	793	61	202
802	793	63	197
799	792	65	199
798	792	65	199
795	788	66	203
797	787	61	194
795	787	62	193
793	785	63	195
790	785	65	189
788	783	68	190
789	780	63	194
788	781	64	190
787	781	66	188
788	778	62	189
787	778	63	196
786	778	65	199
786	776	61	196
785	774	62	202
786	774	62	195
787	770	60	201
788	768	57	193
787	766	60	194
787	761	59	202
786	762	61	194
788	758	58	193
787	758	57	187
788	757	58	182
787	757	60	181
789	757	57	176
788	753	58	181
788	752	58	179
787	754	57	175
787	752	57	178
788	750	56	182
788	750	58	183
788	751	57	182
787	754	59	178
788	747	58	179
788	750	60	179
790	746	56	176
790	746	57	176
793	745	55	176
792	747	57	172
794	744	56	174
793	742	58	161
795	739	54	149
798	741	51	145
800	739	51	145
801	737	52	151
802	735	50	153
805	738	50	151
808	735	51	147
808	733	49	146
808	731	52	151
811	733	48	142
812	732	49	139
813	729	48	147
816	724	51	147
817	723	47	150
823	723	47	143
824	724	46	142
827	720	44	144
831	719	42	142
833	719	42	144
836	712	40	148
838	708	41	150
840	709	41	148
843	708	41	145
846	707	40	146
849	708	40	143
851	709	40	141
853	707	40	138
855	708	42	142
856	707	41	140
859	706	39	146
863	701	37	152
864	697	36	151
867	699	36	143
872	690	33	143
873	687	34	151
874	684	36	150
877	681	34	147
881	679	32	145
883	677	34	148
884	673	35	156
886	672	35	156
888	670	34	154
889	669	34	152
890	669	38	153
894	669	35	152
895	668	35	151
898	666	35	154
897	668	38	150
901	669	36	149
902	669	37	146
903	667	38	147
906	666	36	146
906	667	37	142
910	664	36	144
911	666	36	143
913	663	35	147
912	666	36	139
914	666	36	139
913	664	39	143
914	662	36	149
914	661	37	145
913	661	40	140
913	663	42	144
913	660	40	148
913	660	44	149
912	660	45	145
913	661	45	144
916	661	42	144
914	660	42	139
915	660	45	145
914	660	45	143
913	660	49	145
914	658	45	143
914	660	47	144
917	657	43	147
915	658	45	146
917	658	42	150
917	657	45	150
917	658	45	147
918	658	46	149
917	660	47	145
915	659	48	147
916	659	49	147
918	660	46	148
917	658	48	150
920	658	44	152
919	662	46	149
920	661	44	149
918	661	47	152
919	662	46	146
917	664	48	147
918	663	48	149
919	665	44	154
919	664	46	151
918	666	46	152
918	668	49	150
919	668	47	154
918	668	48	150
918	667	48	150
920	669	46	153
919	670	48	154
918	671	48	147
922	674	46	155
922	675	44	148
922	675	44	154
919	674	48	154
919	676	50	156
921	676	46	153
920	679	48	145
921	677	46	157
922	678	44	148
917	677	51	153
921	678	48	152
922	680	45	147
925	679	41	148
924	678	42	154
922	678	45	150
924	679	40	154
923	679	44	157
924	680	44	153
923	680	44	148
925	681	41	152
922	679	43	152
922	681	47	150
923	682	46	149
922	682	45	152
928	685	41	146
923	680	44	154
923	682	45	152
921	677	46	159
923	681	45	155
922	681	43	154
918	684	49	150
920	684	49	148
926	685	39	144
925	683	42	148
925	683	41	152
925	681	40	153
924	681	42	151
924	681	43	151
922	684	47	156
924	683	40	151
920	683	46	150
919	683	48	148
919	687	46	144
920	694	44	134
920	692	44	136
919	694	46	135
919	694	45	136
918	693	46	138
918	693	45	134
919	693	44	133
918	694	43	131
917	694	43	130
913	692	47	138
913	692	47	137
915	693	45	138
913	690	46	141
913	688	46	146
915	686	43	150
915	689	42	147
914	688	45	146
915	689	45	142
913	688	46	147
913	686	44	148
913	685	45	151
914	686	45	144
911	685	46	148
912	684	44	148
911	686	47	146
912	686	47	144
911	686	51	147
913	684	45	150
913	686	44	145
912	685	46	148
910	684	47	149
914	686	43	148
909	684	50	149
913	683	46	149
914	684	46	151
913	689	44	145
913	690	44	142
914	694	45	136
915	698	43	132
916	699	42	130
918	698	41	131
919	698	38	133
918	697	40	135
921	700	37	133
922	699	38	133
923	700	35	133
924	700	33	134
925	698	32	130
926	697	33	137
926	692	34	143
927	699	31	136
927	699	30	135
928	700	30	134
929	704	29	129
929	701	30	132
930	703	29	130
931	705	28	128
933	701	27	128
934	698	26	134
933	705	30	128
934	705	27	132
932	711	32	118
933	710	31	124
932	707	32	127
935	706	31	127
934	709	34	123
933	706	37	128
934	702	36	131
933	698	37	130
935	698	37	133
937	699	36	124
939	697	36	133
938	696	35	134
940	695	37	130
940	697	35	127
941	695	36	132
942	695	35	126
943	697	34	128
941	698	33	130
938	696	34	135
933	696	36	135
929	696	34	127
922	695	33	133
918	694	31	136
906	695	39	129
899	692	41	132
896	695	36	128
894	696	34	131
888	700	36	124
885	698	37	128
883	698	38	126
881	700	41	124
882	694	40	130
881	697	41	129
882	694	41	132
884	694	41	134
884	692	42	136
885	695	42	134
888	690	39	138
890	691	40	137
892	692	38	138
894	687	39	142
896	683	38	144
899	685	39	146
899	682	40	151
902	687	41	142
904	683	40	149
905	684	42	148
906	688	42	142
908	687	43	144
909	691	45	138
914	688	43	143
914	690	45	141
914	690	47	143
918	690	46	145
923	690	45	143
926	690	45	147
924	690	50	149
931	689	44	148
931	695	47	146
937	696	46	143
939	696	43	143
939	694	48	146
942	694	47	145
945	695	46	147
947	694	45	147
948	695	47	150
948	696	51	156
948	698	52	161
953	700	50	160
953	703	53	158
955	706	53	159
957	708	51	159
959	712	52	157
960	717	52	157
962	719	54	160
965	721	52	162
968	726	49	161
973	731	47	155
974	732	49	163
975	736	50	158
978	739	48	157
981	742	45	154
985	745	43	156
985	750	47	154
987	753	47	158
989	755	48	161
991	760	48	161
994	764	49	155
997	769	49	154
1001	770	48	160
1006	774	46	159
1007	777	48	165
1010	782	50	156
1009	785	51	159
1014	788	51	162
1017	791	51	162
1018	796	51	159
1021	799	50	159
1022	802	53	160
1024	806	53	159
1026	809	54	161
1026	811	53	169
1026	815	60	173
1029	819	61	173
1032	823	59	170
1032	825	60	176
1038	827	55	174
1039	827	57	182
1037	832	61	172
1040	831	61	175
1045	836	58	173
1048	836	56	176
1051	836	56	181
1052	837	58	179
1056	837	53	177
1057	840	53	172
1060	844	51	164
1063	847	53	167
1062	850	53	172
1067	849	54	174
1067	852	55	170
1070	854	54	171
1074	856	51	174
1074	858	56	179
1079	859	55	181
1083	861	53	180
1083	864	59	181
1087	863	55	179
1090	863	57	186
1094	864	57	185
1097	865	58	186
1098	866	60	184
1102	868	58	182
1106	868	54	182
1106	872	59	183
1108	872	60	183
1111	874	60	186
1112	875	61	191
1115	877	58	184
1119	880	61	191
1121	883	58	177
1124	885	57	186
1127	888	58	181
1129	890	60	179
1133	891	57	176
1134	894	59	180
1137	896	60	179
1140	897	57	172
1143	898	57	168
1145	900	59	168
1144	899	63	174
1147	904	63	173
1151	903	62	179
1153	903	63	180
