1763	354	137	335
1757	324	140	346
1743	318	128	350
1720	321	147	337
1709	338	140	334
1703	346	131	319
1694	338	128	317
1689	328	131	333
1680	341	133	320
1661	337	154	320
1673	343	136	318
1671	341	138	319
1657	346	156	318
1623	355	193	301
1643	344	172	320
1649	350	168	316
1642	349	173	303
1637	347	190	310
1635	351	195	300
1638	332	190	318
1662	334	174	322
1678	322	156	334
1680	332	153	329
1687	328	149	330
1655	347	186	315
1673	364	165	297
1666	370	167	290
1663	341	162	320
1657	339	168	325
1651	343	171	320
1641	345	178	311
1640	346	175	311
1642	325	171	332
1642	318	166	343
1648	308	161	359
1658	303	147	356
1641	344	156	315
1636	336	167	318
1628	332	167	327
1636	323	160	332
1646	307	156	344
1641	301	157	350
1647	303	152	347
1635	312	153	340
1644	300	146	344
1633	298	159	348
1629	300	167	342
1627	316	147	326
1613	295	174	349
1622	305	160	341
1617	295	163	347
1615	284	160	366
1603	299	164	340
1596	299	164	344
1578	293	179	348
1570	281	182	359
1564	276	170	362
1555	301	172	339
1542	296	152	334
1538	285	153	353
1528	273	130	359
1521	312	113	320
1508	323	93	288
1500	323	85	278
1487	329	88	267
1480	331	81	259
1463	333	86	259
1445	339	92	249
1434	334	90	250
1423	337	90	251
1405	348	101	227
1398	348	93	229
1391	341	87	240
1378	340	86	242
1371	333	75	242
1363	327	73	246
1350	333	75	236
1340	330	71	230
1329	328	71	235
1321	324	70	241
1311	323	69	238
1296	329	75	231
1289	323	69	238
1281	321	63	237
1265	324	78	229
1263	314	67	244
1246	322	73	234
1293	318	92	253
1243	315	121	259
1254	303	129	283
1218	297	159	268
1179	300	186	257
1191	297	175	271
1186	299	167	266
1162	299	178	260
1157	301	186	255
1164	293	161	265
1131	297	182	250
1136	304	169	246
1114	308	155	240
1128	300	164	248
1105	295	188	250
1080	294	205	254
1083	295	184	246
1079	289	180	261
1064	296	183	260
1067	290	181	253
1045	310	163	235
1052	282	188	268
1046	279	176	276
1040	283	180	264
1034	279	180	259
1032	286	186	259
1028	288	193	252
1027	285	185	252
1022	283	197	256
993	292	229	253
1024	291	196	249
1009	283	217	258
1018	281	208	253
1019	292	201	250
1023	289	202	253
1021	287	192	257
1011	284	209	261
1016	298	203	250
1015	282	215	260
1013	283	218	259
1018	274	210	268
1016	288	205	268
1016	285	198	251
1019	290	203	258
1020	287	204	255
1022	289	202	262
1017	299	203	246
1022	294	193	246
1019	298	198	249
1017	293	196	257
1019	285	198	267
1020	287	192	262
1024	285	195	266
1022	298	189	259
1029	303	186	248
1027	296	190	256
1026	291	194	269
1028	292	185	269
1022	303	192	254
1029	295	182	258
1028	287	184	275
1029	290	191	269
1025	301	188	250
1028	295	183	265
1020	292	192	264
1029	291	186	268
1029	296	182	262
1023	294	189	265
1034	301	179	262
1026	309	190	264
1024	296	194	280
1013	301	204	283
1016	303	199	277
1028	302	192	275
1026	306	191	273
1020	301	200	280
1032	314	189	258
1021	299	203	281
1026	284	201	298
1027	286	189	286
1029	284	194	289
1014	301	203	265
1016	302	202	270
1022	294	200	278
1024	303	189	264
1019	306	192	262
1023	294	189	272
1029	295	180	279
1029	295	174	278
1021	287	200	280
1016	281	193	285
1009	279	205	287
1008	280	200	278
1017	296	192	250
1018	297	188	250
1007	288	192	254
1006	298	188	241
1009	301	193	231
1004	300	192	228
1011	296	187	240
1010	293	180	243
1017	297	183	235
1008	302	182	232
1014	295	178	231
1009	296	183	230
1010	303	183	227
1014	288	180	247
1016	289	182	246
1010	294	181	232
1011	295	178	232
1004	307	180	217
1004	306	183	217
1020	305	168	218
1018	302	167	224
1011	301	172	223
1012	312	176	206
1014	297	170	225
1004	297	191	226
1006	303	181	215
1013	299	178	220
1006	295	182	223
1006	308	185	210
1008	308	189	212
1008	299	174	218
1005	315	187	202
1000	303	188	213
1008	292	181	226
1013	291	174	223
1007	309	183	214
1012	312	177	198
1004	305	181	209
1008	308	176	214
1006	309	178	205
998	317	191	199
1006	298	180	212
1004	301	186	218
1003	310	179	206
990	304	201	219
1006	324	182	201
998	309	189	207
1000	297	191	225
1000	296	189	230
1001	305	183	219
1003	323	183	199
1000	321	181	196
987	301	205	224
996	296	203	221
989	316	198	201
1005	333	182	176
1007	328	175	185
1004	330	180	184
1007	318	181	202
1001	291	212	235
1002	314	188	223
998	313	195	211
1003	329	179	202
1006	321	175	203
1002	324	180	203
1004	326	184	200
1008	334	171	196
1003	327	174	197
1007	331	175	186
1010	345	171	169
1012	342	168	172
1002	334	181	178
1001	337	176	184
1007	326	178	193
1001	352	186	162
1008	341	173	174
1007	341	173	179
1003	347	177	178
997	330	184	196
1007	335	176	187
1001	349	179	174
999	339	188	185
1016	321	170	201
1009	316	185	213
1007	316	179	212
1011	302	182	223
1007	299	198	225
1006	310	181	210
1017	308	174	215
1026	366	148	229
1045	336	131	193
1062	332	109	195
1029	338	147	193
1053	347	124	179
1034	362	140	168
1002	365	179	168
995	354	182	173
994	344	189	188
992	343	197	199
991	355	190	183
999	360	185	178
989	336	196	199
995	324	191	212
994	315	197	219
989	326	197	200
990	324	200	194
995	336	190	188
990	341	189	176
989	340	184	179
987	334	192	193
990	330	191	189
987	342	179	174
992	331	183	182
986	343	184	168
988	327	180	182
989	323	180	193
976	298	199	214
983	307	193	215
974	325	194	188
986	305	180	211
992	295	164	220
1008	300	149	211
1035	312	111	192
1001	294	143	209
1034	294	106	221
1008	296	127	212
964	298	106	208
1030	293	96	215
990	302	134	212
980	313	141	200
960	303	162	219
952	309	166	211
955	314	160	215
948	310	164	222
956	320	154	197
953	328	148	190
960	325	135	200
948	319	148	216
940	320	154	216
937	321	156	211
945	323	144	205
948	331	136	190
942	329	138	199
976	321	101	215
950	326	123	200
920	338	150	187
913	332	156	192
910	343	150	175
915	345	152	183
910	344	148	186
909	341	185	185
907	341	179	186
905	331	184	198
918	328	160	205
913	328	172	207
910	322	181	220
917	322	164	217
950	317	120	223
923	331	118	232
948	316	89	224
931	328	102	218
951	324	84	220
919	323	108	231
944	319	85	227
903	322	77	210
900	326	62	184
944	335	72	188
912	339	107	184
930	337	90	186
903	340	99	172
918	339	104	186
944	332	77	184
910	329	91	183
906	327	120	183
894	325	138	202
910	343	114	228
941	311	85	246
895	306	62	203
935	313	78	199
957	322	63	198
917	316	43	205
952	322	57	203
958	329	63	178
925	329	60	174
962	329	68	173
927	355	98	178
922	349	127	152
929	354	120	152
937	353	108	153
955	375	89	147
974	356	75	152
955	358	99	157
972	348	84	168
978	366	80	151
985	369	71	148
964	374	97	146
991	361	84	164
999	360	79	169
1011	376	64	161
1019	383	60	155
1019	384	67	167
1029	387	67	176
1035	382	66	178
1036	385	69	176
1040	382	70	180
1045	380	72	184
1047	398	72	168
1048	400	73	173
1050	396	77	175
1057	398	75	176
1059	398	75	179
1061	387	77	192
1063	388	78	193
1068	393	75	189
1068	395	76	187
1068	390	70	191
1068	384	73	194
1058	393	85	186
1070	379	75	201
1069	382	68	196
1069	382	72	196
1068	383	73	191
1067	383	76	190
1063	385	73	190
1063	376	76	201
1063	375	73	200
1061	378	71	194
1059	370	82	204
1056	372	80	202
1055	381	81	193
1058	376	70	199
1057	376	79	198
1056	381	75	193
1056	377	80	199
1056	385	71	188
1057	384	77	192
1060	379	77	196
1061	370	77	209
1061	368	80	210
1064	370	78	209
1067	372	75	207
1068	371	87	205
1069	376	84	203
1069	377	87	203
1071	388	87	195
1076	389	80	196
1078	383	80	201
1085	378	80	204
1088	371	82	212
1097	384	72	195
1099	392	73	186
1102	389	74	189
1109	388	74	191
1119	395	61	185
1123	396	63	182
1128	394	67	182
1133	394	65	183
1142	395	53	179
1148	400	57	176
1153	399	55	174
1156	403	62	169
1164	407	61	165
1172	406	61	164
1178	406	60	166
1187	408	56	165
1191	402	67	173
1205	393	56	185
1210	386	62	196
1216	378	69	204
1228	360	66	220
1234	383	66	200
1248	370	59	214
1251	360	65	225
1257	376	71	211
1264	376	73	207
1274	363	66	225
1282	367	67	224
1287	385	73	203
1294	376	78	211
1299	364	82	223
1314	391	68	204
1317	380	73	213
1325	368	76	223
1333	369	77	233
1348	381	66	211
1354	384	68	213
1359	391	66	208
1366	383	69	220
1374	387	73	219
1378	384	81	226
1388	381	76	220
1394	385	75	208
1397	385	78	227
1404	387	82	223
1411	390	83	229
1420	385	84	230
1424	395	87	226
1429	388	88	229
1433	395	93	237
1444	398	86	232
1450	394	88	240
1453	391	96	251
1467	398	85	238
1478	391	81	231
1494	394	72	192
1493	409	78	210
1506	399	73	181
1509	408	78	188
1509	424	85	175
1529	438	87	158
1528	459	78	165
1551	446	66	153
1544	465	84	143
1575	457	60	136
1587	475	47	128
1585	502	54	122
1578	499	69	133
1587	492	71	143
1593	494	77	130
1619	479	59	135
1627	497	57	125
1633	509	52	135
1648	490	54	129
1647	505	57	134
1659	500	57	130
1659	512	61	129
1671	510	60	121
1682	526	54	124
1691	521	60	131
1700	525	56	147
1706	525	66	136
1702	548	77	132
1721	552	72	112
1713	572	87	101
1737	566	82	115
1746	591	81	131
1757	561	96	141
1757	584	104	163
1785	586	120	180
1780	607	135	170
1798	599	121	177
1816	613	110	192
1834	631	90	167
1834	659	86	167
1834	659	86	167
1834	659	86	167
1834	659	86	167
1834	659	86	167
1834	659	86	167
1834	659	86	167
1834	659	86	167
1834	659	86	167
1834	659	86	167
1834	659	86	167
1834	659	86	167
1834	659	86	167
1834	659	86	167
1834	659	86	167
1834	659	86	167
1834	659	86	167
1834	659	86	167
1834	659	86	167
1834	659	86	167
1834	659	86	167
1834	659	86	167
1834	659	86	167
1834	659	86	167
1834	659	86	167
1834	659	86	167
1834	659	86	167
1834	659	86	167
1834	659	86	167
1834	659	86	167
1834	659	86	167
1834	659	86	167
1834	659	86	167
1834	659	86	167
1834	659	86	167
1834	659	86	167
1834	659	86	167
1834	659	86	167
1834	659	86	167
1834	659	86	167
1722	827	105	139
1722	827	105	139
1722	827	105	139
1722	827	105	139
1722	827	105	139
1722	827	105	139
1722	827	105	139
1722	827	105	139
1722	827	105	139
1722	827	105	139
1722	827	105	139
1722	827	105	139
1722	827	105	139
1722	827	105	139
1722	827	105	139
1722	827	105	139
1722	827	105	139
1722	827	105	139
1722	827	105	139
1722	827	105	139
1722	827	105	139
1722	827	105	139
1722	827	105	139
1722	827	105	139
1722	827	105	139
1722	827	105	139
1722	827	105	139
1722	827	105	139
1722	827	105	139
1722	827	105	139
1722	827	105	139
1722	827	105	139
1722	827	105	139
1722	827	105	139
1722	827	105	139
1722	827	105	139
1722	827	105	139
1722	827	105	139
1722	827	105	139
1722	827	105	139
1722	827	105	139
1722	827	105	139
1722	827	105	139
1722	827	105	139
1722	827	105	139
1722	827	105	139
1722	827	105	139
1722	827	105	139
1722	827	105	139
1722	827	105	139
1722	827	105	139
1722	827	105	139
1722	827	105	139
1722	827	105	139
1722	827	105	139
1722	827	105	139
1722	827	105	139
1722	827	105	139
1722	827	105	139
1722	827	105	139
1722	827	105	139
1722	827	105	139
1722	827	105	139
1722	827	105	139
1722	827	105	139
1722	827	105	139
1722	827	105	139
1722	827	105	139
1722	827	105	139
1722	827	105	139
1722	827	105	139
1722	827	105	139
1722	827	105	139
1722	827	105	139
1722	827	105	139
1722	827	105	139
1722	827	105	139
1722	827	105	139
1722	827	105	139
1722	827	105	139
1722	827	105	139
1722	827	105	139
1722	827	105	139
1722	827	105	139
1722	827	105	139
1722	827	105	139
1722	827	105	139
1722	827	105	139
1722	827	105	139
1722	827	105	139
1722	827	105	139
1722	827	105	139
1722	827	105	139
1722	827	105	139
1722	827	105	139
1722	827	105	139
1722	827	105	139
1722	827	105	139
1722	827	105	139
1722	827	105	139
1722	827	105	139
1722	827	105	139
1722	827	105	139
1722	827	105	139
1722	827	105	139
1722	827	105	139
1722	827	105	139
1722	827	105	139
1722	827	105	139
1722	827	105	139
1722	827	105	139
1722	827	105	139
1722	827	105	139
1722	827	105	139
1722	827	105	139
1722	827	105	139
1722	827	105	139
1722	827	105	139
1722	827	105	139
1722	827	105	139
1722	827	105	139
1722	827	105	139
1722	827	105	139
1722	827	105	139
1722	827	105	139
1722	827	105	139
1722	827	105	139
1722	827	105	139
1722	827	105	139
1722	827	105	139
1722	827	105	139
1722	827	105	139
1722	827	105	139
1722	827	105	139
1722	827	105	139
1722	827	105	139
1722	827	105	139
1722	827	105	139
1722	827	105	139
1722	827	105	139
1722	827	105	139
1722	827	105	139
1722	827	105	139
1722	827	105	139
1722	827	105	139
1722	827	105	139
1722	827	105	139
1722	827	105	139
1722	827	105	139
1722	827	105	139
1722	827	105	139
1722	827	105	139
1722	827	105	139
1722	827	105	139
1722	827	105	139
1722	827	105	139
1722	827	105	139
1709	594	107	136
1712	456	111	150
1712	456	111	150
1712	456	111	150
1712	456	111	150
1717	379	101	157
1779	205	140	150
1779	205	140	150
1779	205	140	150
1779	205	140	150
1779	205	140	150
1779	205	140	150
1779	205	140	150
1779	205	140	150
1779	205	140	150
1779	205	140	150
1779	205	140	150
1779	205	140	150
1779	205	140	150
1779	205	140	150
1779	205	140	150
1779	205	140	150
1779	205	140	150
1779	205	140	150
1779	205	140	150
1779	205	140	150
1779	205	140	150
1779	205	140	150
1779	205	140	150
1779	205	140	150
1779	205	140	150
1779	205	140	150
1779	205	140	150
1779	205	140	150
1779	205	140	150
1779	205	140	150
1779	205	140	150
1779	205	140	150
1779	205	140	150
1779	205	140	150
1779	205	140	150
1779	205	140	150
1779	205	140	150
1779	205	140	150
1798	397	118	179
1788	418	137	197
1797	355	127	233
1797	355	127	233
1797	355	127	233
1797	355	127	233
1797	355	127	233
1775	436	146	254
1775	436	146	254
1775	436	146	254
1826	525	102	300
1826	525	102	300
1826	525	102	300
1826	525	102	300
1826	525	102	300
1826	525	102	300
1826	525	102	300
1826	525	102	300
1826	525	102	300
1826	525	102	300
1437	256	120	328
1307	664	115	349
1297	668	154	316
1306	671	148	284
1314	680	140	258
1346	734	165	283
1345	738	177	342
1315	666	201	410
1269	676	248	404
1253	679	260	390
1228	680	302	395
1236	666	291	404
1232	681	303	404
1216	675	328	402
1234	684	301	395
1229	684	304	391
1237	682	298	401
1232	677	308	398
1245	696	296	382
1228	681	309	397
1238	686	299	395
1226	681	311	397
1252	699	285	376
1248	692	281	382
1221	692	319	384
1238	686	294	392
1234	691	306	385
1231	685	306	391
1227	696	303	378
1226	687	312	382
1228	692	306	385
1226	691	312	386
1229	694	299	383
1222	693	313	378
1218	691	319	380
1219	695	320	377
1224	687	309	381
1223	701	310	367
1228	709	306	362
1224	698	315	371
1212	691	328	377
1224	708	310	367
1223	704	312	367
1225	703	316	373
1226	716	308	361
1235	706	305	361
1221	699	314	377
1231	713	302	353
1219	720	318	357
1223	711	313	357
1230	715	300	366
1218	714	322	349
1230	717	302	352
1224	726	325	339
1217	717	328	356
1217	727	331	347
1236	741	307	329
1226	735	320	339
1241	733	311	337
1239	730	307	342
1230	748	321	334
1250	748	304	317
1237	748	311	331
1235	745	323	327
1225	742	345	330
1233	755	333	322
1244	763	324	313
1245	752	329	323
1238	761	335	317
1247	772	336	304
1252	776	329	303
1249	776	342	299
1245	782	349	286
1242	787	354	292
1244	779	358	300
1234	779	372	304
1248	799	355	294
1256	805	359	275
1255	824	366	261
1261	820	351	254
1269	830	343	257
1282	827	337	253
1282	830	334	252
1290	830	334	254
1277	840	345	248
1277	834	351	248
1299	855	331	228
1324	851	314	226
1294	866	349	215
1295	872	352	208
1289	880	359	197
1306	888	349	188
1320	898	335	184
1344	906	306	174
1346	929	318	150
1345	928	317	152
1374	941	287	139
1389	950	274	130
1415	959	240	123
1426	965	239	115
1436	983	229	97
1451	985	215	94
1457	988	209	91
1463	1011	215	64
1463	1011	215	64
1463	1011	215	64
1463	1011	215	64
1463	1011	215	64
1463	1011	215	64
1463	1011	215	64
1463	1011	215	64
1463	1011	215	64
1463	1011	215	64
1463	1011	215	64
1463	1011	215	64
1463	1011	215	64
1463	1011	215	64
1463	1011	215	64
1463	1011	215	64
1463	1011	215	64
1463	1011	215	64
1463	1011	215	64
1463	1011	215	64
1463	1011	215	64
1463	1011	215	64
1463	1011	215	64
1463	1011	215	64
1463	1011	215	64
1463	1011	215	64
1463	1011	215	64
1463	1011	215	64
1463	1011	215	64
1463	1011	215	64
1463	1011	215	64
1463	1011	215	64
1463	1011	215	64
1463	1011	215	64
1463	1011	215	64
1463	1011	215	64
1463	1011	215	64
1463	1011	215	64
1463	1011	215	64
1463	1011	215	64
1463	1011	215	64
1463	1011	215	64
1463	1011	215	64
1463	1011	215	64
1463	1011	215	64
1463	1011	215	64
1463	1011	215	64
1463	1011	215	64
1463	1011	215	64
1463	1011	215	64
1463	1011	215	64
1463	1011	215	64
1463	1011	215	64
1463	1011	215	64
1463	1011	215	64
1463	1011	215	64
1463	1011	215	64
1463	1011	215	64
1463	1011	215	64
1463	1011	215	64
1463	1011	215	64
1463	1011	215	64
1463	1011	215	64
1463	1011	215	64
1463	1011	215	64
1463	1011	215	64
1463	1011	215	64
1463	1011	215	64
1463	1011	215	64
1463	1011	215	64
1463	1011	215	64
1463	1011	215	64
1463	1011	215	64
1463	1011	215	64
1463	1011	215	64
1463	1011	215	64
1463	1011	215	64
1463	1011	215	64
1463	1011	215	64
1463	1011	215	64
1463	1011	215	64
1463	1011	215	64
1463	1011	215	64
1463	1011	215	64
1463	1011	215	64
1463	1011	215	64
1463	1011	215	64
1463	1011	215	64
1463	1011	215	64
1463	1011	215	64
1463	1011	215	64
1463	1011	215	64
1463	1011	215	64
1463	1011	215	64
1463	1011	215	64
1463	1011	215	64
1463	1011	215	64
1463	1011	215	64
1463	1011	215	64
1463	1011	215	64
1616	750	177	74
1622	743	166	84
1633	730	158	102
1635	728	156	106
1632	728	169	105
1632	728	169	105
1632	728	169	105
1632	728	169	105
1637	736	178	113
1645	732	165	114
1644	736	165	114
1644	734	170	116
1651	739	172	111
1655	743	168	110
1658	741	164	123
1658	744	175	122
1670	749	161	119
1670	746	164	127
1676	752	173	125
1680	752	167	126
1684	752	158	134
1681	756	169	139
1691	758	167	130
1686	758	172	140
1701	770	166	136
1700	769	172	139
1704	775	173	135
1709	771	211	151
1715	782	202	140
1723	778	190	153
1722	787	196	142
1732	789	185	145
1751	795	166	150
1758	797	166	151
1759	802	163	170
1764	807	154	158
1766	819	161	152
1774	824	151	153
1778	835	143	147
1797	844	128	157
1808	860	114	142
1812	874	112	133
1819	893	105	126
1829	897	94	126
1843	911	76	123
1852	909	68	135
1856	937	65	129
1847	927	69	147
1847	927	69	147
1847	927	69	147
1847	927	69	147
1847	927	69	147
1847	927	69	147
1847	927	69	147
1847	927	69	147
1847	927	69	147
1847	927	69	147
1847	927	69	147
1847	927	69	147
1847	927	69	147
1847	927	69	147
1847	927	69	147
1847	927	69	147
1847	927	69	147
1847	927	69	147
1847	927	69	147
1847	927	69	147
1847	927	69	147
1847	927	69	147
1847	927	69	147
1847	927	69	147
1847	927	69	147
1847	927	69	147
1847	927	69	147
1847	927	69	147
1847	927	69	147
1847	927	69	147
1847	927	69	147
1847	927	69	147
1847	927	69	147
1847	927	69	147
1847	927	69	147
1847	927	69	147
1847	927	69	147
1847	927	69	147
1847	927	69	147
1847	927	69	147
1847	927	69	147
1847	927	69	147
1847	927	69	147
1847	927	69	147
1673	783	89	154
1454	963	87	138
1486	934	118	143
1522	952	121	128
1551	937	142	138
1551	947	160	127
1702	823	163	146
1677	872	160	146
1657	936	136	139
1660	935	159	142
1701	906	176	167
1731	878	195	191
1752	893	171	181
1769	893	155	190
1773	904	154	176
1792	894	137	184
1779	908	147	170
1779	908	147	170
1650	750	158	136
1421	917	156	155
1471	896	139	180
1468	916	166	160
1687	760	186	163
1651	812	171	193
1504	922	187	158
1528	931	210	144
1692	831	210	129
1581	935	199	136
1684	847	235	153
1636	923	267	147
1670	875	253	184
1696	891	246	179
1719	906	208	166
1729	914	199	159
1729	914	199	159
1729	914	199	159
1729	914	199	159
1729	914	199	159
1729	914	199	159
1729	914	199	159
1729	914	199	159
1729	914	199	159
1729	914	199	159
1729	914	199	159
1729	914	199	159
1729	914	199	159
1729	914	199	159
1729	914	199	159
1729	914	199	159
1729	914	199	159
1729	914	199	159
1729	914	199	159
1729	914	199	159
1729	914	199	159
1729	914	199	159
1729	914	199	159
1729	914	199	159
1729	914	199	159
1729	914	199	159
1729	914	199	159
1729	914	199	159
1729	914	199	159
1729	914	199	159
1729	914	199	159
1729	914	199	159
1729	914	199	159
1729	914	199	159
1729	914	199	159
1729	914	199	159
1729	914	199	159
1729	914	199	159
1729	914	199	159
1729	914	199	159
1729	914	199	159
1729	914	199	159
1729	914	199	159
1729	914	199	159
1729	914	199	159
1729	914	199	159
1729	914	199	159
1729	914	199	159
1729	914	199	159
1729	914	199	159
1729	914	199	159
1729	914	199	159
1729	914	199	159
1729	914	199	159
1729	914	199	159
1729	914	199	159
1729	914	199	159
1729	914	199	159
1729	914	199	159
1729	914	199	159
1729	914	199	159
1729	914	199	159
1729	914	199	159
1729	914	199	159
1729	914	199	159
1729	914	199	159
1729	914	199	159
1729	914	199	159
1729	914	199	159
1729	914	199	159
1729	914	199	159
1729	914	199	159
1729	914	199	159
1729	914	199	159
1729	914	199	159
1729	914	199	159
1729	914	199	159
1729	914	199	159
1729	914	199	159
1729	914	199	159
1729	914	199	159
1729	914	199	159
1729	914	199	159
1729	914	199	159
1729	914	199	159
1729	914	199	159
1729	914	199	159
1729	914	199	159
1729	914	199	159
1729	914	199	159
1729	914	199	159
1729	914	199	159
1729	914	199	159
1729	914	199	159
1729	914	199	159
1729	914	199	159
1729	914	199	159
1729	914	199	159
1729	914	199	159
1729	914	199	159
1729	914	199	159
1729	914	199	159
1729	914	199	159
1729	914	199	159
1729	914	199	159
1729	914	199	159
1729	914	199	159
1696	504	232	181
1696	504	232	181
1708	500	214	187
1703	495	218	193
1694	495	223	197
1694	495	223	197
1682	498	234	182
1660	494	253	188
1659	490	255	185
1642	498	273	172
1642	498	273	172
1637	491	264	165
1618	494	286	164
1618	494	286	164
1607	495	293	150
1563	492	277	160
1599	486	290	180
1599	486	290	180
1648	488	266	152
1648	488	266	152
1566	480	259	179
1566	480	259	179
1566	480	259	179
1566	480	259	179
1566	480	259	179
1566	480	259	179
1566	480	259	179
1566	480	259	179
1566	480	259	179
1566	480	259	179
1696	86	223	221
1696	86	223	221
1567	467	249	185
1567	487	245	144
1575	489	239	147
1542	493	284	139
1552	481	263	163
1555	479	265	166
1598	493	278	122
1598	493	278	122
1598	493	278	122
1598	493	278	122
1598	493	278	122
1598	493	278	122
1598	493	278	122
1598	493	278	122
1598	493	278	122
1598	493	278	122
1557	484	269	141
1120	703	224	160
1079	677	246	191
1090	652	239	216
1109	682	237	190
1128	645	207	222
1135	661	190	222
1143	630	211	255
1175	641	161	242
1173	597	132	276
1203	640	153	257
1193	624	149	256
1200	622	143	280
1186	569	147	299
1226	622	154	287
1213	608	166	292
1199	554	185	338
1225	574	158	332
1207	508	162	370
1223	494	147	380
1236	478	130	410
1243	469	120	407
1273	528	144	357
1250	555	191	316
1252	573	204	282
1269	516	156	302
1269	504	110	329
1281	485	105	345
