17	920	268	129
15	901	272	132
18	887	255	129
11	875	252	121
13	857	242	120
13	846	239	113
14	824	248	117
17	810	240	113
25	791	235	110
11	771	243	124
10	759	256	124
16	740	261	141
11	727	273	141
14	711	286	151
11	705	287	153
5	708	288	139
6	701	309	141
15	700	332	133
21	693	336	123
15	688	334	125
5	674	300	121
6	659	252	127
6	649	242	133
2	635	231	131
15	630	231	137
2	628	240	133
2	605	242	168
7	598	236	173
9	589	227	171
7	588	232	167
10	578	241	173
19	566	229	183
23	553	236	188
33	554	231	199
38	543	242	196
388	74	269	166
392	101	290	123
389	112	300	120
380	106	299	124
15	522	281	143
73	517	243	135
84	505	237	142
99	500	228	138
106	495	216	137
111	485	221	148
116	476	236	175
126	470	227	172
127	469	233	181
136	458	215	182
146	446	229	197
141	441	217	187
143	434	210	181
145	426	226	199
150	419	222	199
152	418	193	164
157	413	196	166
159	407	186	168
168	409	181	159
164	405	188	150
170	397	186	158
181	391	173	162
190	389	158	168
194	385	164	170
200	384	159	172
209	381	152	176
214	372	157	191
224	368	157	200
236	360	157	199
233	350	165	201
239	346	169	201
242	351	155	180
244	360	153	152
247	343	165	157
246	342	165	150
247	335	162	148
248	323	168	151
253	310	156	150
255	303	157	159
253	298	159	164
255	295	162	170
254	288	157	176
260	284	157	180
265	283	151	154
270	283	140	123
269	282	135	113
275	275	121	111
276	269	132	117
273	263	149	127
282	252	139	148
281	240	140	155
286	233	132	156
288	236	132	162
288	231	133	162
287	225	138	168
291	216	150	172
294	204	150	185
296	207	141	172
297	198	149	185
314	190	129	187
320	187	137	192
326	183	141	187
317	177	143	155
327	182	131	152
330	171	134	159
328	153	128	171
348	165	112	145
341	162	118	154
345	142	122	177
344	138	128	182
347	138	135	180
358	140	118	171
374	152	116	154
380	153	104	158
386	155	99	156
393	154	104	147
402	151	81	151
416	149	78	146
408	145	104	137
635	182	86	120
433	148	76	132
408	139	94	135
402	132	109	144
385	112	128	161
407	122	130	167
405	110	136	173
417	125	115	158
432	131	114	155
452	144	99	148
465	142	78	151
473	148	82	151
473	143	86	153
476	148	77	149
453	116	86	161
469	130	77	150
474	140	81	157
467	118	89	176
478	132	84	165
474	135	96	163
475	134	100	161
478	131	106	170
475	130	114	167
480	130	113	170
481	133	127	172
486	141	141	172
481	136	160	177
488	144	155	172
490	137	154	181
486	135	151	177
496	126	141	185
496	131	143	183
499	128	143	185
505	129	154	178
491	134	158	174
511	135	184	191
506	136	205	176
505	144	212	170
506	147	214	174
508	138	208	182
495	148	226	182
490	149	233	178
487	159	237	160
497	147	231	175
496	149	234	165
480	154	260	163
482	159	249	160
473	159	261	172
481	159	247	158
472	172	254	151
477	166	249	156
480	161	255	165
477	173	256	168
472	173	255	164
475	174	254	162
482	172	239	165
483	168	237	173
478	180	240	162
475	179	248	170
465	179	260	173
471	183	253	168
470	175	257	190
467	180	258	176
461	191	260	171
468	190	257	180
471	200	256	154
463	202	259	163
464	206	254	156
470	204	250	162
464	216	258	146
464	207	258	149
462	219	260	145
455	227	271	131
461	217	265	138
461	226	262	128
455	223	271	126
457	219	264	135
461	218	260	135
455	221	265	140
453	217	293	153
458	212	268	144
461	213	255	145
463	219	252	140
456	216	266	143
466	219	256	141
457	225	269	128
459	219	263	138
454	228	265	130
453	226	268	132
453	230	266	129
453	232	259	130
466	228	247	129
455	236	257	122
452	242	267	116
449	230	274	133
453	238	268	125
452	238	264	128
448	240	275	128
447	235	266	137
447	236	278	138
449	233	268	142
448	239	268	138
448	243	268	137
452	240	263	139
448	250	261	128
442	252	267	129
442	248	276	136
440	251	274	134
447	256	256	140
439	258	273	128
438	267	280	127
443	271	270	127
438	274	273	120
440	271	282	125
439	274	261	128
439	272	259	120
438	280	272	122
432	277	280	120
435	273	273	143
444	275	269	123
442	274	281	133
445	279	275	123
443	276	278	122
449	276	264	139
448	281	262	130
448	285	269	124
450	284	267	132
448	284	276	136
464	293	256	119
462	294	252	121
462	298	258	117
463	299	261	121
464	297	260	123
462	300	277	123
466	302	266	118
468	305	264	123
472	306	258	112
474	306	258	120
475	303	260	131
489	307	244	125
487	309	241	129
492	307	244	128
495	303	240	134
499	304	234	142
502	307	244	142
501	297	237	151
505	307	230	142
503	316	229	125
508	316	233	134
505	313	234	137
515	315	232	145
515	317	225	142
524	318	221	144
516	317	229	134
524	323	222	138
526	312	228	158
525	309	242	165
529	317	237	163
529	317	219	163
552	329	198	140
532	341	221	131
536	347	218	130
542	351	210	127
538	355	218	126
552	359	200	123
563	359	192	122
571	362	186	129
553	369	207	118
545	371	212	127
552	374	211	125
552	376	213	124
558	380	213	123
558	384	208	125
550	393	215	116
556	393	207	110
556	399	216	114
559	397	209	115
554	401	218	121
560	397	209	124
559	397	209	132
566	388	202	152
560	391	210	131
561	397	207	121
565	403	201	116
562	403	200	116
566	409	196	121
565	416	199	113
561	413	204	103
561	416	202	100
560	417	206	118
559	419	207	117
562	422	200	119
564	417	195	120
560	420	199	102
554	417	210	114
561	414	205	142
561	418	196	123
556	419	203	105
568	417	198	110
581	411	180	128
594	411	170	139
588	412	179	124
587	410	168	135
588	411	164	131
592	413	162	124
587	406	171	138
592	409	160	124
581	411	166	129
579	414	173	119
574	415	181	125
569	416	187	119
560	409	198	114
