1423	584	184	494
1422	583	175	503
1418	572	178	514
1408	573	193	501
1399	560	180	514
1398	575	175	492
1397	570	179	496
1388	562	179	503
1385	549	175	518
1378	562	170	496
1383	557	160	498
1379	558	162	500
1380	559	157	496
1367	554	159	500
1358	557	162	502
1350	560	163	490
1356	540	151	511
1341	543	165	493
1345	531	149	497
1338	533	151	493
1338	530	147	473
1329	530	140	454
1327	511	138	467
1326	523	140	446
1315	527	153	429
1318	529	138	422
1308	531	152	421
1310	519	150	433
1305	520	149	431
1303	525	143	427
1299	520	149	427
1296	508	147	446
1295	512	151	438
1292	511	140	436
1296	520	140	420
1293	511	138	418
1288	504	135	420
1285	504	142	417
1281	520	138	378
1286	522	131	358
1281	498	125	382
1281	482	123	399
1280	459	118	416
1277	486	119	386
1273	502	117	368
1269	500	120	365
1268	495	118	370
1266	500	115	365
1262	506	119	359
1261	494	115	370
1258	499	109	366
1258	501	110	361
1254	495	116	363
1256	486	119	364
1250	470	119	376
1252	459	119	379
1247	457	122	373
1245	453	126	373
1241	446	129	375
1240	441	130	379
1241	438	133	383
1237	441	135	369
1238	426	136	389
1238	429	139	389
1231	425	144	399
1237	439	147	378
1239	443	137	374
1235	434	143	391
1236	432	136	387
1242	425	136	390
1243	427	137	381
1247	411	133	397
1245	417	140	390
1247	421	136	379
1250	432	133	361
1254	441	129	358
1259	424	127	370
1255	421	130	374
1260	416	121	378
1257	427	129	367
1258	431	126	361
1265	413	126	382
1260	416	119	381
1256	426	120	369
1256	421	120	370
1257	430	113	363
1258	433	103	349
1262	431	103	348
1258	424	108	348
1256	425	99	345
1249	419	110	342
1244	405	118	350
1242	397	120	350
1234	390	132	358
1234	388	131	352
1234	389	128	362
1217	384	150	355
1212	386	146	358
1202	380	158	363
1200	390	165	353
1196	385	170	355
1199	384	163	361
1199	380	161	362
1197	386	160	356
1190	379	170	356
1196	387	161	339
1199	376	152	342
1209	379	140	337
1201	378	141	333
1203	383	151	323
1208	383	135	325
1214	379	126	311
1215	383	122	310
1213	377	119	318
1211	368	113	327
1212	381	107	313
1211	376	111	322
1214	373	105	327
1206	375	107	318
1205	371	119	321
1202	380	116	305
1201	385	108	301
1196	381	116	300
1198	379	109	304
1192	375	115	294
1191	379	116	286
1188	378	118	290
1186	376	112	287
1189	368	109	291
1187	378	109	286
1191	372	100	285
1190	372	99	295
1187	366	99	299
1177	375	111	290
1181	375	109	285
1177	383	106	278
1180	382	104	276
1177	382	99	274
1179	378	98	272
1181	377	94	269
1181	376	94	265
1179	380	91	270
1176	378	94	263
1176	375	91	271
1175	378	87	261
1179	375	88	264
1174	371	92	267
1178	377	86	264
1176	372	88	266
1172	376	89	270
1170	378	87	272
1166	378	98	271
1167	382	91	259
1164	378	90	265
1163	382	84	252
1157	384	88	253
1156	379	91	258
1153	377	91	264
1153	378	91	256
1147	374	95	254
1151	378	94	251
1152	377	89	255
1146	379	94	253
1152	382	89	252
1151	376	86	253
1149	381	88	251
1147	384	91	248
1148	378	88	250
1148	383	85	249
1151	378	82	253
1149	378	85	250
1148	382	85	238
1150	379	86	239
1145	383	87	234
1146	381	86	234
1147	378	85	238
1149	379	81	228
1150	376	79	234
1145	375	86	232
1145	376	86	223
1143	377	87	228
1145	375	85	232
1148	376	77	223
1147	375	83	228
1146	372	80	234
1144	372	80	232
1142	370	83	232
1144	369	76	235
1144	370	76	230
1142	370	77	226
1140	372	78	222
1138	373	80	214
1140	377	76	210
1140	372	76	214
1140	373	80	211
1137	371	81	218
1136	371	81	213
1136	379	81	202
1139	373	77	208
1138	370	78	218
1137	373	76	212
1137	371	78	216
1137	376	79	210
1138	370	78	214
1137	369	80	214
1141	370	74	210
1138	369	75	209
1140	373	75	199
1138	373	76	202
1142	369	73	207
1142	368	73	208
1145	367	72	210
1141	368	73	209
1142	376	75	197
1142	373	73	200
1141	372	74	203
1142	375	72	203
1142	374	74	204
1142	376	71	198
1142	375	69	195
1141	373	70	196
1140	373	67	189
1140	372	69	196
1138	372	70	196
1137	377	74	185
1137	375	74	186
1137	374	72	190
1134	376	76	190
1135	377	73	188
1135	377	72	189
1134	380	74	185
1133	377	75	196
1133	380	76	189
1132	379	75	193
1132	381	76	189
1131	379	75	186
1131	384	74	172
1130	380	75	175
1130	388	76	165
1130	384	76	175
1131	385	74	176
1131	386	73	173
1130	383	77	175
1130	383	77	180
1128	386	78	177
1127	387	80	175
1127	386	79	180
1127	386	72	177
1125	383	73	188
1124	384	75	184
1123	390	77	179
1124	385	69	193
1121	380	73	187
1121	390	71	187
1120	394	74	182
1119	392	73	174
1117	395	74	174
1115	395	74	173
1117	394	71	179
1112	393	78	179
1114	391	73	182
1113	387	73	189
1111	387	77	187
1111	386	75	183
1111	389	75	176
1112	385	73	176
1111	383	74	178
1111	380	74	166
1110	378	74	171
1112	370	69	173
1109	365	73	179
1111	357	68	186
1110	359	71	181
1109	354	70	184
1109	356	66	179
1108	347	71	182
1105	348	72	185
1104	340	74	193
1103	339	76	191
1102	348	70	186
1103	341	72	189
1101	339	73	190
1097	325	78	205
1094	306	94	223
1091	309	88	217
1090	310	94	213
1092	319	78	204
1093	310	82	210
1089	314	82	205
1090	306	84	209
1091	315	83	198
1094	329	69	187
1095	334	67	178
1096	335	63	179
1094	344	69	169
1095	347	66	160
1094	346	66	164
1094	345	65	165
1093	345	67	169
1093	346	64	170
1092	349	65	160
1092	348	64	158
1093	343	63	160
1094	339	62	164
1092	342	65	158
1092	341	63	156
1093	345	61	157
1091	340	59	165
1091	345	62	163
1091	350	59	152
1093	347	55	154
1091	352	59	146
1090	352	56	149
1090	350	56	150
1090	351	57	150
1088	349	58	151
1088	348	56	150
1086	344	60	157
1085	344	61	155
1084	343	60	152
1083	343	61	154
1082	343	62	155
1082	335	63	159
1081	345	61	151
1083	344	57	154
1083	348	59	146
1082	349	59	144
1080	350	61	140
1081	350	60	136
1083	348	58	146
1082	346	57	145
1081	345	58	147
1083	344	57	146
1082	346	59	142
1081	342	59	145
1083	342	56	144
1081	340	58	147
1081	341	58	145
1081	338	57	149
1080	336	57	153
1081	340	55	151
1079	344	56	146
1078	346	56	143
1078	346	55	139
1079	349	53	137
1077	349	55	136
1078	348	54	138
1075	345	54	140
1075	342	55	145
1073	341	57	146
1072	339	56	143
1072	339	57	144
1070	336	58	145
1068	338	59	144
1068	337	57	146
1069	341	54	141
1068	341	55	145
1067	344	59	142
1066	341	58	146
1066	343	58	140
1067	344	58	139
1068	346	55	134
1069	343	55	141
1068	333	57	148
1067	331	57	150
1065	330	59	149
1064	329	60	149
1063	322	61	159
1062	323	58	156
1063	325	58	154
1064	325	54	156
1064	333	54	150
1062	338	58	143
1062	340	55	141
1060	340	55	140
1059	340	57	138
1057	336	59	140
1056	335	57	144
1057	336	58	144
1056	334	59	141
1054	333	59	143
1053	327	59	153
1052	322	61	155
1052	324	58	153
1051	326	60	148
1050	323	61	153
1049	325	61	153
1048	322	60	159
1049	330	60	148
1048	329	61	151
1047	327	60	154
1048	323	60	160
1048	327	60	153
1048	329	58	152
1046	328	60	153
1046	326	60	156
1046	326	59	155
1043	323	64	163
1044	319	64	162
1046	321	60	160
1044	319	62	163
1043	321	60	164
1041	321	66	163
1041	322	63	160
1040	328	60	158
1040	327	61	157
1040	326	58	160
1039	322	61	166
1037	320	62	165
1037	321	58	169
1035	322	61	166
1034	319	59	169
1032	318	64	168
1033	317	59	170
1031	315	63	166
1029	316	64	176
1028	320	63	166
1025	318	66	175
1027	322	63	180
1026	328	62	170
1026	330	60	165
1025	332	61	167
1025	333	59	168
1023	329	62	171
1023	325	63	173
1023	327	60	169
1021	321	65	169
1021	318	62	169
1020	316	60	174
1020	310	63	176
1019	310	60	171
1019	309	58	175
1019	308	59	172
1017	309	63	169
1016	309	59	170
1018	308	57	172
1017	310	61	170
1019	308	56	171
1019	307	57	174
1019	306	59	174
1019	309	59	170
1018	312	62	166
1020	307	60	167
1023	301	57	176
1022	304	59	170
1026	310	55	163
1026	308	59	166
1027	308	60	162
1028	311	61	159
1029	314	61	152
1034	315	60	152
1037	316	59	153
1036	314	63	153
1042	317	58	153
1048	316	55	154
1049	313	56	159
1050	310	59	158
1055	311	55	161
1058	314	54	156
1062	313	55	156
1062	310	60	158
1066	308	60	159
1069	310	60	156
1074	311	57	154
1077	308	60	156
1080	309	60	152
1085	303	57	161
1088	309	57	155
1093	309	51	156
1098	311	52	156
1101	311	57	157
1105	317	58	154
1109	315	50	157
1112	315	48	156
1115	316	51	154
1116	314	52	153
1118	311	58	157
1117	308	61	155
1116	312	61	150
1115	307	61	152
1116	302	61	156
1116	304	60	154
1117	302	61	156
1115	303	62	155
1117	302	62	155
1110	302	72	155
1115	308	65	147
1118	305	63	151
1117	304	63	153
1115	307	65	149
1117	300	65	158
1115	301	69	154
1115	300	71	155
1124	303	61	154
1124	303	61	154
1124	303	61	154
1124	303	61	154
1124	303	61	154
1124	303	61	154
1124	303	61	154
1124	303	61	154
1124	303	61	154
1124	303	61	154
1124	303	61	154
1209	497	47	144
1209	497	47	144
1209	497	47	144
1209	497	47	144
1209	497	47	144
1209	497	47	144
1209	497	47	144
1209	497	47	144
1209	497	47	144
1209	497	47	144
1209	497	47	144
1209	497	47	144
1209	497	47	144
1209	497	47	144
1209	497	47	144
1209	497	47	144
1209	497	47	144
1209	497	47	144
1209	497	47	144
1209	497	47	144
1209	497	47	144
1209	497	47	144
1209	497	47	144
1209	497	47	144
1209	497	47	144
1209	497	47	144
1209	497	47	144
1209	497	47	144
1209	497	47	144
1209	497	47	144
1219	598	46	146
1219	598	46	146
1219	598	46	146
1219	610	50	146
1219	610	50	146
1219	610	50	146
1219	610	50	146
1219	610	50	146
1219	610	50	146
1219	610	50	146
1219	610	50	146
1219	610	50	146
1219	610	50	146
1219	610	50	146
1219	610	50	146
1219	610	50	146
1219	610	50	146
1217	649	52	147
1218	664	53	140
1218	664	53	140
1218	664	53	140
1218	664	53	140
1218	664	53	140
1218	664	53	140
1218	664	53	140
1218	664	53	140
1218	664	53	140
1218	664	53	140
1218	664	53	140
1218	664	53	140
1218	664	53	140
1216	722	57	145
1216	722	57	145
1216	722	57	145
1216	722	57	145
1216	722	57	145
1216	722	57	145
1216	722	57	145
1216	722	57	145
1212	787	68	156
1212	787	68	156
1212	787	68	156
1209	798	73	173
1210	814	70	183
1208	803	72	192
1206	794	72	206
1209	814	72	221
1207	797	74	232
1206	797	76	227
1206	794	78	236
1204	788	79	246
1202	785	84	258
1201	791	89	274
1205	787	78	297
1203	786	83	297
1202	789	84	290
1203	791	84	288
1202	800	86	277
1204	805	80	274
1205	792	85	285
1207	802	79	275
1207	798	81	283
1212	756	86	285
1213	750	83	308
1217	764	86	315
1217	772	88	312
1221	776	85	305
1223	784	85	297
1224	767	86	309
1229	758	84	324
1227	753	87	323
1232	763	82	320
1232	769	83	314
1232	775	87	303
1231	790	86	290
1236	798	83	279
1235	805	83	271
1236	794	85	284
1235	796	85	285
1238	805	83	276
1237	794	83	288
1236	786	92	293
1237	778	87	303
1238	770	84	311
1242	753	82	333
1240	761	85	321
1241	771	88	310
1242	782	91	297
1241	782	87	298
1246	770	85	309
1248	762	86	320
1249	778	87	299
1252	789	84	291
1252	790	91	288
1253	780	88	299
1257	782	88	300
1258	793	90	289
1262	810	87	273
1265	799	83	281
1269	787	82	293
1271	794	86	284
1274	786	83	292
1274	789	83	289
1280	802	86	282
1280	788	93	292
1284	790	90	292
1288	792	90	287
1289	798	94	280
1292	783	92	295
1301	793	87	286
1299	805	96	268
1305	788	89	291
1306	782	96	295
1309	767	99	311
1314	777	105	298
1321	784	101	297
1323	771	101	309
1324	756	104	323
1324	752	112	325
1324	752	112	325
1336	751	113	328
1344	755	112	323
1347	760	111	319
1350	767	116	313
1350	767	116	313
1350	767	116	313
1350	767	116	313
1350	767	116	313
1381	795	100	283
1381	795	100	283
1381	795	100	283
1381	804	136	275
1381	804	136	275
1381	804	136	275
1381	804	136	275
1381	804	136	275
1381	804	136	275
1381	804	136	275
1381	804	136	275
1381	804	136	275
1381	804	136	275
1381	804	136	275
1381	804	136	275
1381	804	136	275
1381	804	136	275
1381	804	136	275
1381	804	136	275
1381	804	136	275
1381	804	136	275
1381	804	136	275
1381	804	136	275
1381	804	136	275
1381	804	136	275
1381	804	136	275
1381	804	136	275
1381	804	136	275
1381	804	136	275
1007	560	90	278
1026	590	66	250
1037	618	56	229
1042	631	57	221
1049	642	51	218
1049	642	51	218
1049	642	51	218
1054	658	54	221
1053	663	53	226
1057	669	55	228
1059	676	52	231
1061	686	52	232
1064	701	48	226
1065	690	51	245
1067	716	49	230
1061	709	57	248
1064	750	53	223
1065	761	57	223
1064	775	54	216
1061	781	58	226
1065	798	55	218
1062	803	59	225
1061	807	57	237
1062	813	55	241
1059	816	58	254
1060	796	55	238
1055	838	60	241
1049	815	63	243
1041	827	74	230
1045	835	62	230
1050	856	52	215
1047	862	57	217
1038	814	69	225
1037	860	64	217
1039	868	60	214
1035	881	58	200
1031	896	61	182
1028	863	72	197
1036	860	63	205
1037	843	65	216
1013	865	65	214
1009	857	68	217
1019	835	55	231
1013	836	63	240
1012	857	72	234
993	852	66	219
989	854	72	219
982	863	74	213
982	863	74	213
982	863	74	213
972	885	70	193
773	898	87	180
728	920	106	158
728	920	106	158
728	920	106	158
728	920	106	158
923	931	89	148
932	946	73	130
932	946	73	130
932	946	73	130
916	950	80	130
918	953	70	126
918	953	70	126
918	953	70	126
918	953	70	126
918	953	70	126
918	953	70	126
918	953	70	126
918	953	70	126
918	953	70	126
918	953	70	126
918	885	73	142
921	873	56	142
919	881	57	142
919	881	57	142
919	881	57	142
919	881	57	142
919	881	57	142
895	929	60	146
883	910	78	141
883	910	78	141
883	910	78	141
883	910	78	141
883	910	78	141
883	910	78	141
883	910	78	141
883	910	78	141
883	910	78	141
883	910	78	141
883	910	78	141
883	910	78	141
883	910	78	141
883	910	78	141
883	910	78	141
883	910	78	141
883	910	78	141
883	910	78	141
883	910	78	141
883	910	78	141
883	910	78	141
883	910	78	141
883	910	78	141
883	910	78	141
883	910	78	141
883	910	78	141
883	910	78	141
883	910	78	141
883	910	78	141
883	910	78	141
883	910	78	141
883	910	78	141
883	910	78	141
883	910	78	141
883	910	78	141
883	910	78	141
883	910	78	141
883	910	78	141
883	910	78	141
883	910	78	141
883	910	78	141
883	910	78	141
883	910	78	141
883	910	78	141
883	910	78	141
883	910	78	141
883	910	78	141
883	910	78	141
883	910	78	141
883	910	78	141
883	910	78	141
883	910	78	141
883	910	78	141
883	910	78	141
883	910	78	141
883	910	78	141
883	910	78	141
883	910	78	141
883	910	78	141
883	910	78	141
883	910	78	141
883	910	78	141
883	910	78	141
883	910	78	141
883	910	78	141
883	910	78	141
883	910	78	141
883	910	78	141
883	910	78	141
883	910	78	141
883	910	78	141
883	910	78	141
883	910	78	141
883	910	78	141
883	910	78	141
883	910	78	141
883	910	78	141
883	910	78	141
883	910	78	141
883	910	78	141
883	910	78	141
883	910	78	141
883	910	78	141
883	910	78	141
883	910	78	141
883	910	78	141
883	910	78	141
883	910	78	141
883	910	78	141
883	910	78	141
883	910	78	141
883	910	78	141
883	910	78	141
883	910	78	141
883	910	78	141
883	910	78	141
883	910	78	141
883	910	78	141
883	910	78	141
883	910	78	141
883	910	78	141
883	910	78	141
883	910	78	141
883	910	78	141
883	910	78	141
883	910	78	141
883	910	78	141
883	910	78	141
883	910	78	141
883	910	78	141
883	910	78	141
883	910	78	141
883	910	78	141
883	910	78	141
883	910	78	141
883	910	78	141
883	910	78	141
883	910	78	141
883	910	78	141
883	910	78	141
883	910	78	141
883	910	78	141
883	910	78	141
883	910	78	141
883	910	78	141
883	910	78	141
883	910	78	141
883	910	78	141
883	910	78	141
883	910	78	141
883	910	78	141
883	910	78	141
883	910	78	141
883	910	78	141
883	910	78	141
883	910	78	141
883	910	78	141
883	910	78	141
883	910	78	141
883	910	78	141
883	910	78	141
883	910	78	141
883	910	78	141
883	910	78	141
883	910	78	141
883	910	78	141
883	910	78	141
883	910	78	141
883	910	78	141
883	910	78	141
883	910	78	141
883	910	78	141
883	910	78	141
883	910	78	141
883	910	78	141
883	910	78	141
883	910	78	141
883	910	78	141
883	910	78	141
883	910	78	141
883	910	78	141
883	910	78	141
883	910	78	141
883	910	78	141
883	910	78	141
883	910	78	141
883	910	78	141
883	910	78	141
883	910	78	141
883	910	78	141
883	910	78	141
883	910	78	141
883	910	78	141
883	910	78	141
883	910	78	141
883	910	78	141
883	910	78	141
883	910	78	141
883	910	78	141
883	910	78	141
883	910	78	141
883	910	78	141
883	910	78	141
883	910	78	141
883	910	78	141
883	910	78	141
883	910	78	141
883	910	78	141
883	910	78	141
883	910	78	141
883	910	78	141
883	910	78	141
883	910	78	141
883	910	78	141
883	910	78	141
883	910	78	141
883	910	78	141
883	910	78	141
883	910	78	141
883	910	78	141
883	910	78	141
883	910	78	141
883	910	78	141
883	910	78	141
883	910	78	141
883	910	78	141
883	910	78	141
883	910	78	141
883	910	78	141
883	910	78	141
883	910	78	141
883	910	78	141
883	910	78	141
883	910	78	141
883	910	78	141
883	910	78	141
883	910	78	141
883	910	78	141
883	910	78	141
883	910	78	141
883	910	78	141
883	910	78	141
883	910	78	141
883	910	78	141
883	910	78	141
883	910	78	141
883	910	78	141
883	910	78	141
883	910	78	141
883	910	78	141
883	910	78	141
883	910	78	141
883	910	78	141
883	910	78	141
883	910	78	141
883	910	78	141
883	910	78	141
883	910	78	141
883	910	78	141
883	910	78	141
883	910	78	141
883	910	78	141
883	910	78	141
883	910	78	141
883	910	78	141
883	910	78	141
883	910	78	141
883	910	78	141
883	910	78	141
883	910	78	141
883	910	78	141
883	910	78	141
883	910	78	141
883	910	78	141
883	910	78	141
883	910	78	141
883	910	78	141
883	910	78	141
883	910	78	141
883	910	78	141
883	910	78	141
883	910	78	141
1082	757	86	147
1085	737	77	169
1078	756	83	170
1071	749	87	177
1075	755	71	191
1068	771	71	178
1067	764	67	189
1056	773	90	203
1041	763	107	214
1047	782	91	187
1043	795	101	198
1049	778	74	201
1054	800	69	193
1047	796	87	206
1042	781	96	234
1036	777	95	236
1038	783	71	202
1053	804	57	201
1045	824	73	202
1043	813	73	204
1054	813	54	201
1049	813	57	194
1046	806	56	190
1043	809	66	201
1040	798	68	208
1046	816	63	202
1043	806	66	205
1040	797	65	210
1034	786	74	227
1034	780	77	236
1030	779	81	235
1037	778	72	236
1040	807	68	219
1045	809	60	194
1047	830	61	195
1045	825	56	178
1048	841	59	179
1043	822	66	200
1041	814	63	212
1038	800	64	217
1032	788	68	236
1036	789	63	225
1029	805	83	236
1032	792	70	235
1036	792	60	235
1024	789	80	227
1023	788	78	231
1032	790	64	212
1030	790	61	214
1038	815	58	205
1038	810	63	220
1034	805	62	226
1022	793	79	229
1033	792	66	238
1026	795	69	222
1035	809	61	225
1025	799	75	228
1024	793	75	220
1016	791	78	220
1020	785	71	239
1031	790	56	235
1024	811	74	223
1019	801	83	224
1026	792	70	235
1014	798	88	217
1029	805	64	207
1024	808	71	208
1013	799	90	218
1024	791	68	227
1023	798	68	220
1023	799	70	220
1015	804	83	221
1029	807	62	222
1024	804	63	224
1024	803	64	224
1023	800	64	225
1014	797	80	233
1016	802	72	229
1012	806	76	209
997	814	103	194
1010	811	80	202
1003	812	87	197
1003	809	79	200
998	812	93	196
1006	816	69	190
1007	825	74	202
1011	826	63	192
1021	832	46	204
1011	835	60	208
1016	844	58	197
1011	853	61	180
1006	852	62	179
1003	847	60	181
1001	856	69	167
1003	860	56	166
1008	881	61	167
1006	884	63	150
1006	901	65	135
1004	901	68	142
1004	908	70	145
1003	908	67	151
1003	907	59	141
1001	917	62	136
991	919	73	131
982	911	89	146
965	896	105	130
941	684	91	146
941	684	91	146
941	684	91	146
941	684	91	146
941	684	91	146
941	684	91	146
941	684	91	146
949	760	72	127
954	791	71	133
970	839	56	134
964	814	64	140
964	832	64	149
959	831	67	162
963	829	61	173
965	831	57	177
966	836	53	178
965	829	52	196
961	828	57	201
960	839	56	191
959	851	56	179
957	853	57	189
955	833	55	189
954	833	51	200
951	827	52	215
947	826	54	218
947	823	52	218
944	813	52	220
941	799	52	226
938	800	54	217
935	786	53	222
934	810	53	221
931	806	54	212
935	807	49	204
928	804	53	209
923	807	54	207
923	803	51	210
921	833	55	198
915	831	59	208
911	815	60	216
909	810	57	219
908	804	53	238
901	802	61	238
902	800	57	251
896	762	59	266
901	759	49	263
890	799	61	244
880	757	69	259
891	763	51	246
874	790	70	254
880	746	57	262
881	772	55	258
870	776	63	252
873	762	56	256
857	784	76	272
864	723	62	288
867	753	57	306
865	756	58	320
860	771	62	307
849	715	72	317
852	718	63	302
843	743	73	318
849	711	62	292
848	742	57	293
838	734	67	304
837	733	66	314
843	726	61	336
846	687	55	313
831	732	68	290
831	723	64	318
814	725	79	318
828	671	68	330
834	661	58	325
820	701	69	326
823	686	65	339
820	670	66	348
808	710	73	373
812	709	67	374
810	670	69	382
808	677	70	379
803	683	71	397
795	666	82	410
791	646	84	427
789	663	82	408
784	659	83	416
782	637	82	433
773	613	94	450
1099	612	125	452
1191	138	113	441
1195	158	107	442
1187	201	120	387
1191	219	118	358
1202	233	110	330
1203	226	116	328
1202	225	119	345
1202	226	121	342
1209	235	119	310
1213	231	118	308
1214	227	118	317
1210	228	124	317
1217	227	120	330
1217	232	118	318
1220	224	117	341
1217	221	127	335
1222	214	117	353
1229	218	113	350
1227	215	111	353
1223	216	122	343
1229	223	112	330
1227	218	117	337
1220	216	120	333
1222	214	124	334
1224	221	118	334
1228	216	115	335
1224	215	120	327
1223	224	120	335
1214	222	132	323
1217	225	130	323
1220	226	128	341
1219	227	123	335
1217	226	126	330
1224	229	117	328
1224	221	122	337
1224	230	115	337
1228	223	109	342
1225	227	111	317
1224	230	117	328
1220	235	125	316
1220	242	125	311
1221	245	123	305
1220	243	121	313
1227	242	107	319
1225	241	116	315
1227	247	111	317
1227	255	114	308
1224	246	118	324
1226	250	116	311
1229	254	113	327
1226	255	117	315
1227	251	118	318
1233	257	110	336
1230	254	109	329
1234	259	113	340
1233	262	105	323
1237	258	109	332
1234	275	112	310
1228	259	128	325
1226	263	127	318
1236	269	118	312
1238	263	118	330
1238	254	124	340
1233	260	133	332
1242	267	123	338
1244	259	125	339
1244	271	124	324
1248	264	123	332
1246	263	130	332
1253	272	126	324
1254	267	121	337
1251	264	132	338
1254	267	133	335
1255	265	133	330
1257	268	134	332
1265	259	129	362
1263	270	138	340
1268	267	134	343
1266	267	140	354
1267	269	141	344
1271	262	141	368
1273	269	143	349
1274	260	144	355
1272	266	150	353
1279	265	149	377
1280	271	150	383
1287	262	143	424
1297	257	140	440
1290	263	150	444
1294	265	148	447
1297	263	150	420
1298	259	158	475
1298	256	157	490
1304	258	158	497
1300	265	167	506
1319	257	155	500
1323	261	157	507
1328	263	153	505
1331	261	159	504
1333	264	169	509
1330	259	182	519
1337	260	188	543
1346	253	180	553
1352	254	189	565
1359	263	191	568
1365	240	195	596
1359	243	218	602
1376	261	209	595
1377	247	222	634
1382	263	234	612
1391	248	239	629
1402	244	245	659
1407	244	254	687
1417	242	265	687
1426	242	265	708
1453	253	254	705
1442	237	295	748
1464	244	290	777
1461	234	323	803
1464	232	343	843
1514	250	324	809
1500	240	385	825
1557	227	347	859
1573	236	360	844
1563	264	363	823
1629	253	301	842
1607	210	310	893
1609	209	315	903
1619	355	309	755
1616	460	311	652
1647	576	282	535
1691	624	243	474
1691	624	243	474
1691	624	243	474
1691	624	243	474
1691	624	243	474
1691	624	243	474
1691	624	243	474
1691	624	243	474
1691	624	243	474
1691	624	243	474
1691	624	243	474
1691	624	243	474
1691	624	243	474
1691	624	243	474
1691	624	243	474
1691	624	243	474
1691	624	243	474
1691	624	243	474
1691	624	243	474
1691	624	243	474
1691	624	243	474
1691	624	243	474
1691	624	243	474
1691	624	243	474
1691	624	243	474
1691	624	243	474
1691	624	243	474
1691	624	243	474
1691	624	243	474
1691	624	243	474
1691	624	243	474
1691	624	243	474
1691	624	243	474
1691	624	243	474
1691	624	243	474
1691	624	243	474
1691	624	243	474
1691	624	243	474
1691	624	243	474
1691	624	243	474
1691	624	243	474
1691	624	243	474
1691	624	243	474
1691	624	243	474
1691	624	243	474
1691	624	243	474
1691	624	243	474
1691	624	243	474
1691	624	243	474
1691	624	243	474
1691	624	243	474
1691	624	243	474
1691	624	243	474
1691	624	243	474
1691	624	243	474
1691	624	243	474
1691	624	243	474
1691	624	243	474
1691	624	243	474
1691	624	243	474
1691	624	243	474
1691	624	243	474
1691	624	243	474
1691	624	243	474
1691	624	243	474
1691	624	243	474
1691	624	243	474
1691	624	243	474
1691	624	243	474
1691	624	243	474
1691	624	243	474
1691	624	243	474
1691	624	243	474
1691	624	243	474
1691	624	243	474
1691	624	243	474
1691	624	243	474
1691	624	243	474
1691	624	243	474
1691	624	243	474
1691	624	243	474
1691	624	243	474
1691	624	243	474
1691	624	243	474
1691	624	243	474
1691	624	243	474
1691	624	243	474
1691	624	243	474
1691	624	243	474
1691	624	243	474
1691	624	243	474
1691	624	243	474
1691	624	243	474
1691	624	243	474
1691	624	243	474
1691	624	243	474
1691	624	243	474
1691	624	243	474
1691	624	243	474
1691	624	243	474
1691	624	243	474
1691	624	243	474
1691	624	243	474
1691	624	243	474
1691	624	243	474
1691	624	243	474
1691	624	243	474
1691	624	243	474
1691	624	243	474
1691	624	243	474
1691	624	243	474
1691	624	243	474
1691	624	243	474
1691	624	243	474
1691	624	243	474
1691	624	243	474
1691	624	243	474
1691	624	243	474
1691	624	243	474
1691	624	243	474
1691	624	243	474
1691	624	243	474
1691	624	243	474
1691	624	243	474
1691	624	243	474
1691	624	243	474
1691	624	243	474
1691	624	243	474
1691	624	243	474
1691	624	243	474
1691	624	243	474
1691	624	243	474
1691	624	243	474
1691	624	243	474
1691	624	243	474
1691	624	243	474
1691	624	243	474
1691	624	243	474
1691	624	243	474
1691	624	243	474
1691	624	243	474
1691	624	243	474
1691	624	243	474
1691	624	243	474
1691	624	243	474
1691	624	243	474
1691	624	243	474
1691	624	243	474
1691	624	243	474
1691	624	243	474
1691	624	243	474
1691	624	243	474
1691	624	243	474
1691	624	243	474
1691	624	243	474
1691	624	243	474
1691	624	243	474
1691	624	243	474
1691	624	243	474
1691	624	243	474
1691	624	243	474
1691	624	243	474
1691	624	243	474
1691	624	243	474
1691	624	243	474
1691	624	243	474
1691	624	243	474
1691	624	243	474
1691	624	243	474
1691	624	243	474
1691	624	243	474
1691	624	243	474
1691	624	243	474
1691	624	243	474
901	-41	256	536
901	-41	256	536
901	-41	256	536
901	-41	256	536
901	-41	256	536
901	-41	256	536
901	-41	256	536
901	-41	256	536
901	-41	256	536
901	-41	256	536
895	22	246	513
895	22	246	513
895	22	246	513
895	22	246	513
895	22	246	513
895	22	246	513
895	22	246	513
895	22	246	513
895	22	246	513
895	22	246	513
895	22	246	513
895	22	246	513
895	22	246	513
895	22	246	513
895	22	246	513
895	22	246	513
895	22	246	513
895	22	246	513
895	22	246	513
895	22	246	513
895	22	246	513
895	22	246	513
895	22	246	513
895	22	246	513
895	22	246	513
895	22	246	513
895	22	246	513
895	22	246	513
895	22	246	513
895	22	246	513
895	22	246	513
895	22	246	513
895	22	246	513
895	22	246	513
895	22	246	513
760	217	227	458
760	217	227	458
760	217	227	458
760	217	227	458
760	217	227	458
760	217	227	458
760	217	227	458
760	217	227	458
760	217	227	458
760	217	227	458
760	217	227	458
760	217	227	458
733	296	212	461
757	281	204	443
769	229	202	493
742	348	182	454
778	238	161	483
766	306	186	446
757	334	193	426
758	366	180	393
758	390	170	368
763	347	151	375
763	383	139	369
769	357	135	310
783	380	95	259
783	384	98	222
