911	380	54	178
909	370	60	189
907	366	69	203
906	363	75	192
905	356	75	201
903	356	76	190
900	359	72	181
899	352	71	189
899	350	70	200
897	349	77	207
900	346	77	220
897	349	76	220
897	350	82	228
897	347	70	252
898	345	74	244
894	349	83	261
892	348	83	262
893	347	84	248
893	345	84	228
894	347	73	214
893	346	75	225
889	345	87	247
887	346	92	241
889	343	74	218
886	346	84	212
889	348	84	194
887	351	84	182
888	354	82	164
886	353	85	140
882	358	91	148
882	352	102	142
875	355	91	161
880	353	101	140
856	383	112	155
870	352	107	182
870	352	104	172
871	352	97	164
870	351	97	149
872	367	99	160
864	350	104	157
867	361	98	172
867	351	99	190
866	349	90	191
866	346	55	198
868	342	49	185
864	346	52	165
863	347	51	152
861	346	52	140
861	343	51	142
860	345	50	144
858	344	51	134
855	345	49	127
854	342	52	125
851	343	52	128
852	342	48	129
847	345	51	128
846	347	52	129
843	347	51	133
842	346	51	131
841	347	50	131
838	347	53	137
835	346	54	140
834	344	53	146
830	341	53	145
828	339	55	157
827	339	54	158
825	337	56	155
824	339	54	146
823	336	57	153
821	339	55	166
822	336	55	153
820	339	56	151
822	341	53	163
821	341	54	163
820	338	54	156
819	341	56	148
819	339	54	155
820	336	55	167
819	336	56	157
821	337	53	155
823	337	53	160
823	335	51	163
821	335	55	169
825	333	50	175
823	332	53	179
822	335	55	181
823	335	52	193
825	330	51	191
823	335	52	185
825	335	50	185
827	330	49	191
825	336	52	184
823	330	55	176
824	330	53	173
823	330	58	189
822	331	60	194
824	331	59	190
824	331	61	198
825	330	62	202
823	309	63	189
820	317	68	171
822	329	68	144
830	356	60	151
832	325	57	143
830	337	61	153
830	331	63	140
832	343	60	133
834	329	64	138
834	336	63	141
837	355	62	154
838	347	61	164
837	330	62	157
837	349	68	173
841	330	62	186
842	326	62	180
845	324	58	161
844	323	62	158
844	335	63	149
847	326	60	161
846	339	61	149
847	340	60	147
849	335	58	153
851	338	57	155
850	337	56	158
849	331	60	170
848	327	64	178
851	320	61	185
848	332	63	175
846	330	65	179
847	324	65	192
846	328	67	183
843	335	70	180
845	328	68	187
847	334	68	179
848	336	68	180
848	334	68	189
848	331	67	199
848	341	69	194
848	345	68	197
847	344	71	190
852	345	65	203
850	347	68	196
848	349	71	191
848	345	71	203
847	342	73	198
845	346	72	201
849	345	68	206
845	345	73	208
844	354	75	197
843	352	72	199
844	357	73	196
843	359	70	193
842	363	74	199
839	357	75	212
838	360	77	203
837	364	76	187
835	364	76	192
832	360	76	202
833	364	78	198
831	363	74	194
827	362	80	201
826	365	84	196
826	358	77	216
823	368	83	204
821	367	83	207
822	367	82	215
819	371	82	226
819	376	83	226
817	374	83	232
817	369	81	237
816	372	84	235
815	373	82	232
817	369	79	241
815	364	80	256
814	368	81	255
815	370	79	246
814	370	79	236
812	373	83	232
810	369	83	252
810	369	82	252
807	369	84	263
808	370	85	267
802	375	86	273
806	375	83	264
804	381	89	260
803	384	85	256
803	383	90	254
804	384	88	260
805	379	85	261
803	381	90	272
801	391	93	253
806	377	88	278
808	375	88	283
805	384	93	274
804	385	94	285
806	389	99	271
810	384	94	285
810	389	94	300
814	390	91	312
820	393	93	329
824	397	94	326
825	402	95	307
827	404	102	314
829	409	104	331
834	397	100	357
841	401	99	344
849	405	100	330
848	409	103	325
856	416	105	323
863	411	103	329
863	411	110	357
874	420	105	368
875	425	112	371
876	428	112	389
885	438	113	376
884	444	122	368
892	433	107	364
892	444	121	368
892	441	118	370
896	437	116	375
902	444	119	351
906	438	118	362
909	431	122	374
909	428	122	390
919	425	118	379
922	422	115	373
922	425	118	364
924	423	118	373
927	421	117	372
933	422	114	379
936	425	114	390
941	413	113	404
945	417	114	398
941	414	113	397
943	415	109	371
943	411	107	345
942	410	108	350
941	400	104	357
941	408	104	336
934	392	105	345
931	385	103	348
927	392	105	325
919	399	106	319
909	405	113	321
902	404	108	317
898	403	105	302
888	400	107	313
875	396	112	322
877	395	102	300
871	386	98	317
861	388	104	318
856	389	106	309
840	395	113	307
841	392	104	274
838	394	106	278
840	380	99	299
840	372	96	304
839	385	98	281
838	382	94	289
838	381	92	289
838	386	94	281
841	383	93	285
843	382	90	288
849	377	88	292
854	380	85	299
859	381	83	288
865	381	80	277
871	369	77	288
871	369	76	279
876	373	74	275
876	370	81	278
878	373	83	272
882	370	79	276
883	373	81	265
888	367	77	266
889	377	86	256
889	374	85	264
890	381	82	259
900	370	78	270
896	379	86	258
901	376	84	261
910	371	79	264
915	370	76	260
916	371	81	268
916	375	86	252
919	380	82	241
926	367	76	257
932	363	78	254
937	360	75	245
940	367	77	233
944	370	77	240
950	363	75	243
954	365	74	239
959	368	73	238
963	364	72	244
967	372	75	243
975	376	73	235
980	373	73	234
982	380	76	223
991	371	73	237
998	358	70	246
1001	361	71	236
1008	347	73	245
1010	352	75	238
1020	349	69	240
1021	348	74	238
1026	347	75	240
1030	348	74	241
1033	350	71	239
1040	350	68	242
1046	355	70	239
1048	352	67	241
1055	352	67	249
1061	348	68	259
1064	349	68	255
1070	353	68	248
1077	349	67	256
1084	353	62	241
1087	349	61	240
1093	348	63	239
1100	345	60	239
1106	347	57	237
1111	347	55	241
1112	347	61	245
1117	353	62	238
1125	351	58	241
1130	354	58	242
1135	352	57	253
1140	355	59	251
1146	355	59	254
1150	355	61	253
1156	355	60	245
1160	352	66	253
1168	355	62	246
1175	354	60	249
1181	356	58	246
1183	352	63	250
1185	352	68	253
1189	350	68	248
1191	360	76	235
1196	357	77	244
1200	361	79	246
1205	359	82	251
1217	361	72	244
1224	362	73	249
1236	360	62	252
1242	357	65	256
1250	356	66	266
1260	358	59	260
1265	361	64	262
1271	359	61	263
1277	359	64	262
1284	360	62	263
1291	357	60	266
1297	357	62	265
1304	359	67	267
1310	358	71	273
1321	361	69	275
1330	361	68	277
1333	363	79	273
1340	367	79	269
1349	368	79	271
1360	366	72	285
1368	366	75	278
1376	364	79	289
1388	366	80	289
1396	368	78	285
1406	359	80	295
1415	363	84	290
1413	366	103	286
1434	353	89	305
1434	359	109	294
1437	368	123	268
1451	363	137	281
1464	365	115	279
1470	373	135	270
1479	376	122	291
1491	368	113	320
1495	366	125	335
1512	360	112	339
1520	374	114	330
1535	371	104	336
1550	368	110	340
1560	363	112	348
1566	374	116	347
1581	371	113	352
1585	370	114	361
1594	380	125	356
1618	378	110	356
1621	368	118	381
1641	363	111	388
1648	420	125	348
1668	402	118	365
1678	406	125	359
1695	420	129	361
1707	415	134	370
1740	395	120	387
1745	401	123	373
