1079	889	79	188
1086	887	72	193
1088	886	73	194
1090	888	72	193
1092	884	74	193
1095	882	73	199
1098	880	73	202
1101	878	72	204
1103	876	74	202
1106	872	74	209
1112	870	73	210
1114	869	71	210
1114	869	75	207
1116	866	75	215
1119	862	78	217
1121	862	77	223
1126	860	71	221
1122	858	83	230
1127	855	79	226
1127	856	73	222
1125	853	69	236
1126	849	71	242
1122	850	72	241
1123	851	71	228
1122	846	69	235
1122	846	69	232
1120	843	72	231
1121	842	73	237
1120	840	74	238
1124	840	70	236
1126	840	66	228
1128	841	67	231
1128	841	71	232
1127	836	75	239
1132	838	72	239
1133	837	74	233
1133	836	80	220
1136	834	75	245
1137	834	79	232
1138	831	79	252
1140	828	78	251
1145	825	73	249
1146	824	74	251
1147	824	78	255
1151	824	78	242
1153	818	79	253
1158	821	76	242
1164	820	69	234
1168	816	66	225
1172	816	66	220
1170	815	68	219
1175	815	65	213
1174	814	64	207
1173	813	63	200
1169	811	65	216
1163	810	63	206
1154	809	64	200
1141	805	65	207
1130	802	59	201
1118	799	62	205
1109	797	61	207
1099	796	63	195
1093	792	60	192
1087	791	61	192
1083	790	62	202
1079	786	62	207
1078	786	63	194
1076	785	61	192
1077	784	61	179
1078	783	60	177
1078	782	62	176
1080	782	63	181
1080	781	63	171
1082	779	65	174
1083	780	65	178
1085	779	64	167
1087	776	65	171
1089	776	65	168
1091	775	64	170
1092	772	64	178
1094	770	60	168
1094	768	58	173
1090	767	58	164
1083	764	57	167
1074	760	58	181
1069	758	56	177
1062	757	58	167
1055	754	58	167
1052	755	55	158
1047	755	57	149
1044	752	56	165
1042	753	57	167
1040	751	56	161
1038	750	58	165
1039	747	55	175
1041	745	56	168
1042	743	56	158
1044	740	53	163
1044	738	55	172
1045	740	54	159
1046	738	55	162
1048	736	54	164
1048	735	54	164
1050	733	54	160
1052	732	51	150
1053	733	54	151
1054	733	54	150
1055	733	56	154
1055	732	58	153
1056	731	60	154
1058	731	58	153
1060	733	59	144
1062	730	57	147
1064	729	57	148
1066	727	55	154
1067	727	58	160
1070	725	55	158
1072	724	54	160
1074	722	54	169
1075	721	52	158
1076	718	52	158
1079	717	52	160
1080	715	52	157
1081	715	53	153
1083	715	52	146
1084	713	53	156
1084	714	53	158
1084	713	52	149
1087	711	52	153
1089	709	49	149
1090	707	50	148
1092	705	47	155
1091	702	51	151
1092	702	51	152
1093	700	50	147
1093	696	51	152
1095	695	49	153
1097	692	50	156
1096	691	53	158
1098	689	51	148
1099	688	52	147
1101	687	51	140
1101	686	52	146
1101	685	55	152
1103	684	53	145
1103	685	55	147
1105	682	54	141
1107	683	52	140
1109	682	54	152
1111	679	54	152
1113	677	52	154
1114	675	53	155
1116	671	54	160
1117	671	53	165
1118	667	54	157
1121	667	52	161
1122	665	51	152
1123	664	52	150
1125	665	50	141
1125	663	51	153
1126	662	53	143
1129	662	51	150
1129	662	50	145
1130	662	49	137
1131	662	50	134
1133	659	49	133
1132	659	50	130
1133	657	50	130
1133	655	50	128
1135	656	46	118
1135	656	49	124
1135	652	48	132
1134	651	49	135
1135	650	46	134
1135	650	48	138
1132	651	52	137
1134	650	49	136
1133	648	51	146
1134	648	50	146
1134	648	50	132
1134	649	50	131
1134	647	49	131
1132	649	51	128
1132	651	51	128
1131	649	50	133
1131	648	50	141
1133	648	49	131
1133	646	49	139
1132	645	46	145
1131	646	48	135
1131	644	46	140
1129	646	48	139
1128	643	47	137
1129	641	42	145
1127	643	44	138
1124	642	47	129
1123	641	44	131
1121	640	44	139
1119	641	44	132
1117	642	45	132
1115	644	45	130
1114	641	44	128
1112	641	43	122
1111	639	42	131
1109	640	43	131
1106	640	45	118
1104	638	45	118
1099	640	47	118
1097	638	46	123
1095	636	47	125
1092	637	45	133
1090	636	43	135
1088	636	44	124
1083	637	47	120
1081	634	48	121
1079	636	47	119
1077	637	47	116
1074	635	46	112
1073	636	47	113
1070	637	46	110
1067	638	48	107
1067	635	45	110
1066	635	43	107
1064	634	40	105
1063	631	40	110
1057	631	45	116
1054	630	46	125
1054	629	43	123
1050	628	42	121
1046	627	42	115
1044	625	41	112
1043	629	40	104
1038	627	41	96
1036	631	38	101
1033	625	37	110
1030	625	37	107
1027	625	38	115
1026	624	38	122
1025	623	37	127
1022	623	40	124
1021	623	41	127
1020	621	41	140
1021	618	40	143
1021	621	40	138
1021	617	39	138
1021	618	42	140
1023	615	37	134
1022	618	40	126
1022	618	41	118
1023	615	41	124
1024	617	42	122
1026	617	43	136
1026	616	44	151
1027	615	49	162
1026	618	50	158
1027	618	50	151
1028	619	51	152
1031	617	49	154
1033	616	45	146
1034	614	48	146
1037	616	46	146
1041	614	40	139
1043	614	39	128
1045	613	39	118
1044	612	40	112
1048	610	37	115
1048	610	40	115
1051	610	37	114
1053	610	36	106
1054	610	37	112
1053	609	40	106
1055	609	38	107
1056	609	38	115
1057	608	38	101
1057	609	38	100
1056	607	37	104
1053	606	35	110
1045	606	36	109
1036	607	40	100
1029	604	38	105
1019	604	41	107
1015	602	38	108
1009	602	40	118
1004	600	40	114
1001	601	41	115
1000	600	42	112
998	602	42	122
998	601	44	125
998	599	46	143
997	600	45	145
999	599	44	140
998	599	45	142
1001	597	42	138
1002	597	42	122
1004	597	39	110
1005	596	41	118
1006	593	40	122
1008	593	38	115
1011	592	38	119
1012	592	36	110
1010	590	38	110
1007	590	36	111
1001	589	37	106
988	589	38	99
970	589	38	102
954	587	33	101
930	588	35	93
905	590	35	92
885	587	35	98
866	587	33	103
849	587	34	107
833	587	35	101
823	585	36	110
816	584	33	113
807	584	35	107
803	583	35	112
799	583	38	102
798	581	37	103
796	580	39	110
794	579	41	108
795	578	37	116
797	578	39	110
796	578	40	106
797	576	38	108
797	576	42	113
798	574	40	120
800	573	40	118
799	573	41	114
802	571	37	110
804	571	36	104
805	568	37	112
806	567	37	107
807	565	37	102
807	563	38	103
808	561	38	107
810	561	38	100
811	560	36	97
812	559	37	103
813	558	37	103
814	558	35	108
814	558	36	106
814	557	36	113
815	557	35	107
815	557	37	109
816	556	35	107
817	554	35	106
817	555	36	99
817	556	37	97
819	553	35	96
819	552	35	97
820	552	35	103
820	553	35	95
820	551	35	99
819	552	38	99
819	549	40	100
822	552	35	94
821	550	39	100
821	551	37	103
821	554	39	102
821	553	40	104
822	552	39	106
824	553	36	97
825	556	36	98
825	553	38	102
826	551	36	112
827	553	35	106
826	551	37	97
829	554	35	95
829	554	35	101
829	550	35	103
830	556	35	99
830	554	35	95
831	556	34	95
830	557	37	97
831	559	36	96
832	558	36	89
831	560	35	88
834	561	34	90
833	561	35	90
834	561	36	95
834	557	36	91
836	559	33	92
837	554	32	101
836	555	34	99
838	556	33	100
836	552	39	95
838	552	36	95
839	554	36	94
839	550	36	96
841	549	35	101
842	548	36	105
842	546	35	103
843	544	36	106
843	548	39	102
844	550	38	108
845	549	38	103
846	546	37	104
848	548	36	95
849	549	37	94
851	549	35	93
852	546	35	97
854	547	33	95
853	548	37	97
856	547	35	91
857	544	35	100
857	543	35	96
859	545	34	92
859	545	34	93
858	545	38	99
861	544	33	100
861	541	33	99
863	542	33	102
863	545	34	100
863	545	36	98
864	544	35	94
866	544	33	99
866	545	33	97
867	545	32	91
867	546	33	93
867	547	34	93
868	546	34	93
870	547	32	95
870	547	32	93
869	547	36	95
872	547	33	97
873	547	34	100
874	547	36	98
878	546	35	102
879	547	38	107
883	545	35	105
886	550	37	98
888	551	37	93
891	552	36	95
893	551	38	100
897	550	37	105
898	550	36	104
902	550	35	106
902	551	37	107
904	551	35	100
905	551	36	104
906	550	35	103
910	550	31	98
911	551	32	96
912	552	32	95
911	552	34	99
912	551	33	101
913	551	33	101
913	551	34	99
915	551	34	99
915	553	34	96
916	555	33	92
916	553	34	95
918	555	32	99
918	555	32	98
919	556	35	104
919	554	34	99
918	555	33	98
920	554	34	96
920	556	33	93
920	556	36	92
921	558	35	97
921	556	32	99
921	557	33	94
922	559	35	99
923	558	34	94
923	557	33	98
924	558	33	100
923	559	37	102
924	558	35	98
925	559	35	104
924	560	35	99
926	560	33	101
926	560	34	96
926	563	35	97
927	562	33	94
928	562	32	92
928	560	32	98
928	561	33	98
930	559	31	99
928	560	33	105
927	561	34	99
928	561	33	98
930	561	31	92
929	561	32	94
928	561	33	93
928	562	34	96
928	564	32	97
927	563	33	102
926	563	35	109
927	564	31	103
925	564	34	104
924	565	33	103
924	567	32	100
922	568	34	95
921	569	34	97
920	567	33	105
919	567	34	100
917	568	33	99
916	570	34	97
915	569	34	95
915	571	33	101
913	571	33	98
911	571	34	99
910	572	35	100
908	572	36	99
907	573	36	100
906	573	35	100
905	575	36	101
902	575	37	100
902	576	36	102
901	576	33	102
901	576	35	104
899	577	34	104
899	578	32	103
898	576	32	99
895	576	32	104
893	576	34	106
891	577	34	99
890	577	35	100
888	576	31	100
884	577	34	103
884	579	34	101
881	579	34	100
879	580	34	100
878	579	35	105
877	579	32	106
875	579	34	108
873	579	36	104
872	578	34	105
869	580	38	104
869	581	35	100
868	581	34	98
866	580	34	104
864	580	34	106
863	580	35	103
861	580	36	106
861	579	34	108
858	579	36	107
857	578	36	105
856	579	37	104
856	580	38	102
857	579	34	105
857	580	35	103
860	580	37	107
862	581	38	104
867	580	38	107
872	582	37	110
876	581	39	110
881	582	37	103
885	581	33	98
889	581	33	104
891	581	33	99
892	580	34	103
894	579	34	104
894	580	34	106
895	580	34	102
896	580	36	104
896	580	36	100
898	579	34	100
900	579	36	107
903	580	37	109
912	581	39	105
925	581	37	106
940	580	35	106
959	581	39	102
976	579	35	106
992	581	36	103
1007	580	35	102
1022	578	32	101
1033	580	33	102
1041	579	34	102
1045	578	37	107
1052	578	34	107
1055	578	37	108
1058	577	36	110
1061	577	38	121
1063	579	37	114
1063	579	38	110
1066	579	36	116
1067	580	38	115
1068	581	40	109
1069	581	38	108
1072	581	35	112
1071	581	38	108
1073	580	35	110
1073	579	37	111
1075	577	35	112
1075	576	36	113
1076	573	38	114
1078	574	34	111
1079	572	34	109
1080	571	35	106
1081	569	35	100
1079	567	41	108
1081	565	37	106
1081	564	36	108
1082	563	36	105
1082	563	36	108
1083	563	37	109
1084	563	35	103
1083	562	36	107
1084	561	34	102
1084	562	35	107
1086	561	33	101
1085	561	32	108
1086	559	32	108
1086	559	33	108
1087	559	32	103
1087	559	30	102
1086	557	33	106
1086	558	34	105
1086	557	33	103
1085	557	35	104
1086	557	33	100
1086	558	33	103
1085	557	34	104
1085	557	35	100
1086	557	33	103
1086	558	34	103
1086	559	33	99
1087	558	34	100
1087	559	33	105
1087	560	32	101
1088	559	31	106
1088	560	31	101
1087	559	34	103
1089	558	32	104
1089	558	32	103
1089	559	33	100
1089	559	31	97
1089	559	32	101
1089	560	32	98
1088	558	33	103
1088	560	33	97
1087	561	34	102
1088	562	33	100
1088	562	32	98
1088	561	32	103
1086	562	33	99
1087	563	32	94
1086	563	34	101
1088	563	31	97
1087	562	33	96
1086	562	33	91
1086	562	33	94
1086	563	32	94
1086	560	31	95
1085	560	32	96
1085	560	32	96
1085	560	32	97
1085	560	32	96
1084	560	31	99
1083	561	33	95
1083	560	32	95
1084	560	31	93
1084	559	31	98
1083	560	32	96
1084	560	32	88
1085	561	29	84
1085	561	28	87
1084	561	31	89
1084	559	31	85
1085	558	29	90
1084	557	29	91
1083	557	30	96
1083	556	31	96
1082	556	31	94
1083	555	30	94
1082	555	31	95
1082	555	31	95
1080	554	33	93
1080	552	33	97
1079	554	33	94
1079	553	32	93
1078	554	34	92
1080	553	32	91
1079	553	32	96
1079	552	31	89
1078	551	33	95
1078	549	30	96
1078	549	30	93
1077	548	31	93
1076	546	32	96
1076	546	32	97
1075	546	32	96
1073	544	34	98
1074	544	33	103
1074	543	33	101
1073	544	33	92
1073	544	32	89
1074	542	32	92
1074	543	31	91
1074	543	31	90
1074	542	30	95
1074	542	30	91
1074	542	30	87
1074	542	28	89
1074	542	28	85
1074	542	30	82
1073	542	29	85
1073	540	29	83
1073	541	30	85
1072	539	31	88
1073	541	29	84
1072	539	28	85
1071	541	30	85
1071	542	30	83
1071	542	30	88
1070	543	29	87
1069	544	31	89
1069	546	30	85
1068	547	29	93
1066	550	30	93
1067	555	29	87
1065	557	30	89
1066	558	27	89
1065	561	30	83
1063	563	30	87
1062	564	30	91
1062	566	29	93
1062	569	30	87
1062	571	29	89
1061	571	31	93
1060	572	29	89
1060	575	29	86
1060	578	28	83
1059	580	29	84
1059	583	29	86
1058	583	29	85
1058	589	27	87
1057	589	29	85
1057	593	28	86
1057	596	28	86
1059	596	27	82
1058	599	27	77
1058	599	26	77
1057	601	26	77
1056	602	28	84
1057	602	25	83
1056	603	27	80
1056	604	28	77
1056	604	27	79
1055	603	28	80
1055	604	28	80
1054	604	29	80
1053	604	30	80
1054	603	28	79
1054	603	28	81
1053	604	28	84
1053	604	29	83
1052	605	28	78
1052	604	28	77
1052	604	27	81
1053	604	26	79
1051	604	27	80
1051	604	27	78
1050	604	27	81
1050	603	27	82
1049	603	27	80
1049	602	26	78
1049	603	27	77
1049	602	26	78
1049	601	26	78
1047	601	27	77
1048	601	27	82
1048	601	25	79
1047	601	27	81
1048	601	25	79
1048	600	25	81
1046	601	26	78
1047	599	27	82
1047	599	26	80
1046	598	25	81
1045	598	27	76
1045	598	26	77
1045	598	26	79
1045	597	26	79
1044	597	26	76
1043	598	28	75
1042	597	28	77
1043	597	27	73
1042	597	27	74
1042	597	26	78
1042	596	26	79
1041	598	28	77
1040	598	28	77
1041	596	26	80
1040	597	28	78
1039	598	28	74
1038	598	28	77
1038	596	26	76
1037	596	26	78
1037	595	26	78
1036	594	25	74
1035	594	26	75
1036	592	23	80
1034	593	28	77
1034	593	25	78
1034	593	25	74
1034	592	24	76
1033	592	25	77
1033	592	24	74
1032	592	25	76
1033	593	25	76
1032	592	23	74
1031	591	25	76
1031	591	25	77
1030	591	24	76
1030	590	24	76
1029	590	24	76
1029	589	23	72
1027	589	25	74
1026	588	25	74
1026	587	25	73
1027	587	25	73
1026	587	25	69
1025	588	25	73
1024	587	26	74
1023	588	25	71
1023	588	26	72
1021	587	25	72
1021	586	25	73
1020	585	26	73
1021	585	24	75
1019	586	26	76
1019	584	24	76
1018	585	24	73
1017	585	24	73
1016	584	25	72
1015	583	24	75
1014	583	25	69
1015	582	23	72
1013	582	25	73
1012	581	25	73
1012	579	24	75
1012	579	24	76
1011	579	26	74
1011	579	25	75
1012	578	23	74
1011	578	24	73
1010	579	23	70
1010	579	24	67
1009	579	22	69
1009	579	23	71
1009	578	24	70
1009	577	22	65
1010	576	21	67
1009	575	22	69
1008	575	23	68
1008	574	22	69
1007	573	23	69
1008	572	22	72
1007	573	22	69
1006	572	22	70
1006	573	23	70
1005	572	23	68
1005	572	22	69
1005	571	23	69
1004	569	23	71
1004	570	22	75
1004	570	22	72
1003	570	23	68
1002	570	23	65
1001	569	23	68
1002	568	21	68
1000	568	23	69
1002	565	20	70
1001	567	21	67
1000	565	22	69
999	564	23	69
998	564	24	71
997	564	23	71
997	563	23	67
997	562	24	72
995	562	26	70
994	563	25	68
996	561	22	68
997	561	22	70
996	560	23	71
996	561	22	65
996	560	21	68
997	559	20	67
996	559	20	63
996	558	22	67
994	558	24	67
995	556	21	66
994	557	22	67
995	556	21	67
994	556	22	68
994	556	21	66
992	557	23	66
991	556	22	65
992	556	21	66
991	555	22	67
990	555	22	64
991	555	21	64
989	555	23	64
990	554	22	66
990	555	21	67
990	554	21	68
990	554	20	67
989	553	20	66
989	552	20	68
989	552	19	66
988	550	19	68
987	551	20	67
987	551	21	66
985	550	23	68
986	548	20	69
986	550	20	67
985	551	20	66
986	548	19	70
985	551	21	69
983	551	23	69
984	551	22	69
982	551	23	67
978	552	26	69
976	552	29	69
980	551	24	66
982	550	22	69
983	550	20	67
978	551	27	69
978	547	26	76
981	549	23	72
975	550	30	73
970	550	34	75
978	548	26	78
968	553	34	71
966	557	37	69
965	556	38	69
968	554	35	73
970	554	31	71
974	552	28	72
971	554	30	71
971	551	30	74
967	551	32	74
969	553	30	72
970	554	30	72
972	551	27	75
967	554	33	72
966	555	35	70
968	549	31	79
968	550	31	76
969	550	30	78
971	550	28	77
971	550	28	74
972	549	28	78
972	548	28	80
973	549	28	77
973	551	27	76
974	549	28	78
974	553	28	76
975	551	29	77
975	547	30	82
974	548	32	79
976	548	33	77
978	547	33	78
977	548	34	78
976	546	37	78
979	545	34	80
979	546	35	77
979	545	36	79
981	545	34	78
980	543	37	80
981	544	37	81
979	544	42	81
978	545	41	79
978	544	41	79
977	545	44	79
976	541	44	79
975	545	45	79
975	542	45	80
973	542	49	81
972	542	50	81
970	542	52	84
976	542	47	83
974	543	48	84
967	540	55	86
966	539	56	99
968	542	55	104
966	546	56	114
962	540	58	119
954	533	64	114
966	540	63	123
960	527	63	138
945	538	78	154
942	549	87	174
940	558	93	175
940	553	93	178
937	545	96	188
939	553	92	180
938	555	98	177
941	554	93	180
945	550	89	185
941	541	94	193
940	548	96	185
942	550	99	182
945	561	93	172
942	553	98	180
946	555	97	179
947	552	96	178
945	545	99	188
946	545	99	186
949	544	96	187
951	543	97	191
951	550	96	180
954	556	96	175
959	552	91	176
957	549	97	181
962	555	92	176
960	551	95	179
964	549	94	182
968	561	91	172
967	559	96	173
972	560	94	170
974	560	94	173
978	557	94	174
977	556	93	175
984	559	87	169
981	553	92	173
985	559	90	172
985	557	93	171
990	561	86	170
987	557	92	173
991	556	89	173
990	565	91	165
993	564	88	164
992	559	89	169
996	564	87	164
990	561	93	169
991	560	93	171
992	564	90	167
991	562	93	167
987	562	97	172
991	564	93	168
993	563	91	165
991	568	93	164
990	563	92	169
990	565	93	164
990	563	93	168
990	565	93	169
990	559	93	171
992	562	92	170
990	565	94	163
989	570	97	161
994	569	88	159
989	564	93	167
991	566	91	166
991	562	91	170
990	561	92	170
989	559	96	172
991	564	93	170
991	568	95	163
990	563	93	167
990	564	91	169
991	562	92	170
989	567	96	161
989	564	96	167
992	566	90	164
992	565	91	166
990	566	94	169
992	562	91	172
992	567	91	166
989	564	94	169
991	568	95	165
991	565	94	168
992	568	94	165
990	564	95	168
991	568	94	165
993	569	91	163
994	564	92	169
992	566	94	165
992	568	94	162
991	565	95	168
996	564	89	172
993	567	94	166
994	564	90	169
994	566	90	166
992	569	97	161
994	570	91	162
989	569	99	163
992	573	93	158
996	571	90	159
991	564	92	163
991	571	97	158
989	570	99	164
990	570	97	161
992	569	94	159
991	566	94	167
990	566	93	166
987	567	98	163
988	568	94	164
988	565	93	164
989	563	93	170
988	568	92	165
983	565	101	167
983	567	95	162
986	564	90	167
980	560	95	171
975	566	104	164
979	562	94	168
981	568	91	159
977	566	93	162
971	566	100	164
971	568	97	160
971	567	94	161
967	566	99	160
969	570	96	155
971	570	93	156
968	566	100	160
976	564	99	162
984	566	98	162
995	567	98	157
1009	565	99	160
1034	566	95	159
1055	565	96	161
1077	560	100	166
1109	561	98	172
1139	564	98	165
1177	567	97	168
1206	567	103	168
1232	573	107	161
1258	577	106	165
1270	573	112	170
1286	578	113	164
1295	573	119	172
1307	571	110	177
1316	575	109	175
1314	574	113	177
1318	577	111	174
1318	581	112	169
1321	573	114	177
1323	577	111	172
1333	579	114	173
1339	579	120	176
1352	581	125	176
1382	581	120	183
1398	586	126	182
1427	587	119	181
1449	589	118	182
1465	590	123	187
1477	591	131	187
1490	593	128	190
1500	593	128	190
1503	595	131	190
1505	596	133	192
1505	594	134	194
1506	598	132	192
1504	599	132	195
1505	598	130	190
1499	597	128	193
1492	599	131	198
1488	600	134	189
1482	597	133	193
1479	596	129	194
1472	600	134	191
1469	597	130	193
1465	599	131	193
1457	599	136	192
1457	599	135	194
1458	599	128	195
1452	597	130	196
1449	593	132	201
1447	595	130	199
1449	595	128	196
1444	594	131	197
1441	596	132	196
1442	592	131	197
1435	597	138	195
1443	592	132	194
1442	593	131	199
1443	593	128	193
1442	596	131	190
1438	593	132	194
1440	591	132	192
1441	590	129	194
1437	588	134	198
1442	593	129	192
1440	592	133	193
1438	595	135	193
1436	589	134	197
1439	594	133	195
1443	596	130	190
1440	591	132	196
1443	591	127	193
1446	594	126	195
1440	591	132	196
1443	592	131	195
1443	592	130	191
1439	594	133	191
1438	594	136	191
1443	596	130	194
1441	598	135	190
1442	595	132	195
1448	594	128	194
1451	595	133	195
1461	601	132	188
1463	604	136	189
1474	601	134	193
1479	600	138	198
1486	602	135	192
1494	606	135	191
1499	605	135	187
1502	606	136	193
1503	607	138	193
1505	606	139	193
1508	603	137	195
1508	604	137	198
1508	602	138	195
1507	598	139	200
1510	601	138	197
1509	599	138	203
1511	602	140	198
1507	601	142	197
1510	600	138	194
1509	598	140	204
1509	600	140	198
1504	601	148	197
1506	599	143	206
1511	600	137	193
1507	602	140	197
1511	606	136	195
1508	600	136	205
1504	603	141	200
1510	598	134	207
1505	599	136	209
1505	602	138	197
1500	601	144	197
1496	601	148	202
1498	602	143	209
1499	602	139	202
1498	604	139	193
1500	605	135	193
1497	605	136	196
1495	602	137	205
1492	606	140	196
1492	605	136	206
1489	606	139	202
1483	608	143	204
1484	605	144	202
1484	607	138	199
1479	608	141	201
1475	606	144	201
1473	609	146	194
1476	610	137	192
1468	613	144	196
1471	612	140	198
1464	608	142	204
1463	611	143	199
1463	612	139	203
1460	612	140	200
1453	614	146	204
1454	615	142	198
1453	616	141	201
1446	617	142	201
1444	615	146	195
1440	614	145	206
1440	616	145	203
1432	617	145	204
1433	617	144	206
1428	620	145	207
1428	620	145	207
1424	618	144	210
1419	620	146	206
1418	621	144	204
1411	621	148	201
1410	620	146	203
1402	621	151	203
1411	620	139	205
1403	622	141	201
1397	623	145	202
1390	621	148	202
1389	620	146	209
1390	621	142	215
1379	625	149	202
1375	623	151	208
1371	621	152	213
1368	623	153	200
1360	622	160	208
1366	623	149	218
1358	626	151	221
1351	627	151	214
1352	628	152	215
1348	630	149	208
1345	632	148	210
1342	627	149	226
1340	627	150	235
1336	632	151	206
1336	628	150	221
1335	630	149	222
1330	631	150	216
1331	634	154	209
1332	629	151	223
1328	630	157	244
1321	631	165	251
1324	628	162	241
1329	625	154	249
1327	628	158	239
1326	624	157	281
1327	616	158	288
1323	620	160	308
1325	619	160	302
