146	229	58	108
142	226	59	110
150	225	49	106
153	222	50	115
154	222	48	117
154	223	54	115
158	226	53	112
165	229	51	108
169	229	47	106
172	231	47	108
153	214	68	120
160	221	76	115
153	228	93	108
160	229	91	104
148	234	102	102
153	243	100	92
161	239	100	98
147	234	114	104
161	232	95	108
160	240	101	98
157	240	105	99
174	245	88	97
180	251	81	97
169	229	95	116
181	221	79	129
172	217	86	134
187	225	73	128
196	241	62	119
198	253	61	105
203	253	56	106
206	262	59	97
205	263	61	97
209	262	57	99
210	262	56	98
215	264	57	94
221	265	51	93
219	261	58	101
219	261	58	101
219	261	58	101
141	248	53	103
229	256	59	100
230	255	64	100
141	247	54	106
130	243	66	110
232	258	73	97
139	259	63	90
235	255	64	102
238	259	64	95
240	257	60	97
237	258	78	100
245	255	64	104
124	242	77	109
115	236	82	113
225	253	88	101
118	247	79	101
119	237	78	116
114	242	84	113
248	259	69	103
258	257	53	111
259	261	52	103
260	259	50	105
261	262	49	103
258	265	56	93
261	267	52	88
262	265	54	99
256	266	72	100
257	263	78	108
254	256	85	111
252	261	91	110
252	261	91	110
107	233	79	125
126	232	64	125
122	222	55	137
119	226	59	129
121	237	54	119
118	228	53	131
116	229	58	129
284	245	74	136
117	229	66	132
278	242	73	143
274	238	73	142
276	234	77	148
93	228	88	134
98	225	65	138
102	235	70	135
96	231	76	134
97	223	75	143
105	228	62	137
92	250	80	119
263	245	87	126
269	242	80	134
269	246	83	123
260	246	104	140
247	238	127	157
239	231	137	165
231	233	146	166
230	235	145	161
229	236	141	167
220	229	139	172
48	234	164	138
6	236	206	140
14	245	207	128
14	241	200	129
14	241	200	129
193	241	202	156
191	230	205	166
200	217	187	181
7	221	192	157
280	250	175	144
259	270	192	125
244	262	203	134
262	265	197	133
282	226	183	164
268	263	173	142
286	260	148	137
271	273	153	126
280	273	160	126
270	272	148	128
287	272	127	131
286	267	139	134
255	267	151	134
260	265	152	138
275	266	146	140
258	267	148	140
266	267	158	142
241	273	158	135
266	278	133	130
268	277	139	133
247	276	139	134
258	277	128	132
271	281	127	128
244	275	136	140
247	280	137	133
245	278	143	137
239	270	155	147
235	262	156	154
235	260	152	154
235	266	148	151
226	241	160	176
226	236	152	188
228	220	149	204
221	216	158	208
217	217	155	210
205	206	172	222
201	214	180	219
202	215	172	215
202	217	179	206
195	231	181	198
205	222	165	198
214	215	142	195
174	245	171	190
206	225	149	193
158	281	180	163
179	260	177	165
178	233	170	188
134	284	193	173
137	289	203	146
156	281	211	140
180	297	186	109
187	297	165	113
190	297	152	112
201	296	133	114
205	300	113	120
243	263	82	148
243	274	62	142
245	280	53	137
238	277	59	140
223	275	74	146
214	272	89	150
208	266	94	156
206	247	97	175
197	243	107	187
198	236	111	184
193	253	107	173
200	246	93	176
189	260	103	165
191	254	101	167
184	278	106	144
177	293	109	130
206	304	85	126
211	308	73	121
210	306	63	124
203	305	66	125
201	313	66	120
198	306	66	122
194	310	69	124
192	305	71	122
192	311	72	125
194	314	70	120
192	315	81	119
197	318	75	121
204	311	71	124
212	313	64	121
220	313	59	119
221	310	70	122
231	309	64	125
247	315	65	115
247	309	65	122
269	316	57	118
263	308	66	127
266	309	69	123
261	310	83	124
257	308	90	125
265	307	84	127
268	303	80	131
279	306	70	128
275	319	77	118
287	319	63	117
294	315	57	121
290	306	57	131
282	307	65	133
276	308	72	132
279	306	67	133
269	306	75	137
265	312	80	129
257	303	89	139
258	309	86	133
260	308	81	137
259	307	84	136
254	306	92	141
249	307	98	137
253	304	93	144
257	311	90	139
260	310	85	143
263	315	78	135
265	314	76	141
261	312	83	139
262	318	88	133
273	318	76	136
273	316	80	136
276	315	76	134
283	319	76	145
288	317	71	140
290	319	73	131
288	318	80	149
284	314	83	154
281	320	87	146
283	325	88	152
282	329	91	145
294	332	78	137
298	338	76	134
291	334	85	135
286	331	92	148
282	330	95	150
289	337	82	148
289	324	83	154
287	326	74	160
286	328	79	160
284	336	84	156
281	349	90	147
277	351	102	150
287	345	88	155
291	351	87	149
287	353	94	147
295	357	80	148
293	355	96	147
295	361	100	148
298	355	96	151
302	359	100	147
302	363	101	146
320	355	80	152
316	358	83	155
317	359	81	160
321	365	80	151
326	355	71	163
321	355	80	167
319	359	86	167
321	363	86	166
321	371	95	162
324	378	90	156
330	392	85	148
332	387	83	150
331	377	77	164
332	371	77	170
331	392	78	154
331	387	69	167
332	395	83	158
329	410	86	150
329	416	82	142
335	422	64	144
334	431	69	136
334	436	74	134
342	440	69	131
336	441	75	135
339	443	73	136
340	444	78	141
340	445	86	142
343	441	89	142
348	442	88	145
349	445	87	144
353	450	88	138
354	452	89	139
352	456	99	134
361	460	87	133
364	460	82	132
368	460	81	134
348	467	99	139
351	474	101	133
358	458	85	150
364	477	84	131
337	453	99	126
330	464	109	99
362	487	98	116
370	480	84	123
373	489	77	113
378	499	71	104
362	483	73	119
369	483	74	123
366	482	80	120
370	477	69	126
369	482	73	123
371	478	67	121
377	480	63	123
378	480	68	121
380	482	72	118
385	479	61	122
384	480	67	118
385	476	70	120
386	477	74	121
389	472	68	120
395	477	71	111
399	474	73	114
400	476	71	120
397	474	80	118
402	476	73	118
399	475	87	116
401	474	85	121
401	476	87	119
402	479	87	114
406	475	84	118
408	477	86	118
410	478	96	111
417	475	90	115
422	471	85	117
427	467	73	122
427	469	67	115
419	464	78	122
421	465	75	115
424	459	67	122
426	460	56	128
430	466	55	118
431	471	50	116
432	469	52	116
434	468	51	116
437	468	47	117
439	469	48	115
441	472	46	114
440	467	51	118
442	469	53	114
443	470	53	112
446	467	53	111
451	468	48	113
453	471	52	109
458	473	50	102
456	473	54	107
461	470	42	113
455	453	43	130
461	456	39	126
464	452	31	128
461	446	31	129
465	442	25	139
464	441	24	145
462	434	28	153
461	434	30	151
461	449	30	136
459	453	29	129
460	449	26	133
460	455	25	128
461	454	24	126
458	457	31	125
454	462	32	122
452	470	32	118
450	470	31	112
449	472	37	110
446	476	43	106
443	480	46	104
445	479	48	102
443	478	49	102
444	477	48	106
443	475	49	107
443	476	50	109
447	478	41	107
448	474	41	105
447	478	43	107
450	477	53	107
451	469	46	117
450	480	43	108
448	475	38	118
446	479	39	114
444	485	46	108
435	486	60	106
434	492	72	104
432	492	80	103
435	500	89	99
426	479	81	115
435	490	85	107
426	490	86	103
438	494	82	104
420	491	78	102
433	498	81	97
420	498	98	100
426	503	96	93
413	499	109	99
405	502	108	97
414	507	109	92
403	511	102	91
406	517	111	88
411	530	113	71
402	516	118	88
389	516	119	91
398	505	133	101
400	515	159	94
399	522	144	86
399	522	144	86
395	512	133	95
412	516	129	93
403	515	124	96
401	518	118	93
397	526	119	84
391	533	125	82
384	527	134	88
396	527	119	87
385	527	126	92
391	531	119	85
387	533	120	90
384	527	121	97
390	540	113	81
386	544	116	79
387	545	108	79
392	546	104	79
380	526	110	101
388	533	110	96
380	540	117	89
386	553	107	74
363	534	128	72
376	548	124	83
383	551	115	81
375	560	114	72
351	545	129	95
349	548	145	96
351	548	145	99
360	548	138	93
358	554	138	92
362	557	138	85
369	556	131	90
367	558	131	86
364	554	137	99
361	557	149	95
360	556	171	97
353	563	171	92
345	556	163	105
349	564	160	98
354	563	148	94
352	569	159	92
332	566	172	99
341	562	166	108
341	561	166	110
344	567	163	106
339	566	166	109
345	573	165	101
348	568	152	108
347	566	157	112
348	564	153	117
353	563	141	115
362	562	126	114
369	563	122	112
364	577	129	98
362	570	121	108
368	572	124	104
364	583	131	99
355	581	136	106
356	579	141	108
346	582	139	111
348	581	144	115
345	579	157	120
340	586	163	118
330	582	177	128
326	576	175	139
324	580	182	137
319	585	201	135
319	590	205	136
315	581	193	142
309	582	187	146
306	584	191	147
299	571	194	164
282	579	213	161
285	583	203	161
277	586	216	164
280	595	227	156
278	597	233	150
275	600	243	151
280	614	254	127
261	607	253	137
274	614	249	137
267	614	232	132
272	616	230	129
255	601	224	148
277	614	205	135
260	610	205	138
262	607	204	147
224	616	231	146
249	618	214	135
249	607	213	154
241	631	214	135
218	625	220	144
154	648	245	138
145	644	280	147
154	658	269	130
140	681	293	108
181	630	295	145
167	634	295	173
147	623	315	189
134	646	319	163
129	657	308	155
116	667	348	145
70	678	334	142
67	694	363	139
55	703	349	136
121	636	333	177
123	647	343	163
132	641	346	212
38	645	399	208
18	647	461	208
121	648	433	265
139	624	394	293
124	600	400	336
124	619	370	320
130	620	342	319
124	641	343	298
121	652	308	300
118	566	348	365
97	552	392	408
75	579	460	373
56	557	532	408
16	528	605	435
16	526	648	410
45	570	553	360
13	572	575	389
30	570	606	367
15	537	614	396
28	533	582	425
24	514	623	413
23	546	620	398
37	546	564	385
38	562	516	398
38	560	551	398
41	530	552	414
27	567	575	367
21	546	588	425
31	526	604	405
31	546	568	414
26	529	603	386
17	524	631	433
33	546	545	388
31	543	531	401
19	574	552	355
25	587	530	378
51	478	568	408
15	508	616	444
16	520	627	414
15	536	591	439
8	561	562	425
11	562	567	407
7	580	527	416
-4	546	564	471
-7	562	555	422
-8	547	577	482
-5	538	558	474
-14	571	563	443
-9	582	533	441
-3	584	547	448
-14	574	575	462
-3	556	554	474
-9	587	503	432
106	515	520	311
-10	607	506	423
126	448	560	405
-18	605	580	437
144	484	532	366
26	593	500	403
0	581	535	401
-21	588	570	465
-24	563	626	496
-21	537	645	525
2	483	641	549
11	505	676	481
57	513	598	357
92	518	586	322
-4	596	582	365
-8	574	540	427
-18	591	577	363
0	590	543	351
3	589	548	345
7	591	562	348
4	589	573	352
18	598	562	337
-14	615	605	369
7	621	535	362
18	609	526	345
3	613	546	383
2	607	554	354
21	631	504	339
13	617	489	398
8	634	487	355
0	636	531	418
22	624	486	407
26	622	503	391
22	613	541	439
14	610	565	438
7	609	576	431
2	627	575	418
20	627	559	426
15	604	603	450
21	668	513	373
24	648	536	414
43	643	494	414
68	638	487	413
22	626	545	437
17	624	564	443
46	632	514	439
27	639	518	420
35	638	480	426
29	627	539	436
35	637	520	435
35	634	529	440
38	644	538	424
56	636	502	431
52	637	503	428
62	627	507	443
75	656	454	412
90	669	416	405
92	673	421	395
88	652	459	419
74	662	475	414
59	642	499	433
75	653	477	413
66	651	469	422
61	644	504	433
59	634	538	437
50	645	544	429
47	641	522	434
40	634	603	449
36	621	620	449
31	613	630	454
42	614	597	463
51	613	572	464
39	613	614	458
40	630	612	446
27	630	644	441
19	567	713	518
16	546	764	504
26	554	711	510
27	542	734	515
22	529	762	536
30	576	690	476
14	637	671	437
14	610	727	448
30	561	713	513
23	605	683	462
16	590	707	471
14	597	762	471
13	640	668	424
52	622	604	439
4	603	709	473
27	632	660	420
18	574	726	494
55	576	638	500
65	629	618	440
93	673	551	397
91	670	512	400
122	672	464	404
98	662	485	410
101	658	477	415
122	668	454	396
104	678	458	399
96	640	507	434
112	608	504	475
100	597	538	477
92	663	518	409
93	702	474	375
83	709	486	375
76	694	515	388
59	668	548	399
81	689	483	392
97	677	499	394
69	685	530	389
69	675	531	403
44	673	607	410
30	656	629	410
34	630	622	445
41	590	675	477
64	583	578	490
50	600	645	473
49	618	624	453
38	587	685	474
25	646	646	426
39	661	599	426
32	713	564	351
27	720	558	340
58	716	475	362
49	714	475	365
60	743	457	335
61	741	435	335
77	743	409	328
59	788	393	282
71	780	378	295
71	770	351	307
65	798	348	280
44	785	362	287
34	806	412	272
172	697	386	300
21	747	455	338
7	772	426	312
120	645	473	385
148	654	454	364
18	662	552	409
19	648	613	414
32	637	663	431
62	619	571	431
