1760	509	74	80
1759	513	77	74
1758	514	76	70
1757	515	81	70
1761	513	72	71
1762	511	69	74
1764	511	70	73
1759	506	82	83
1760	507	80	83
1759	507	76	81
1762	506	78	78
1756	506	81	78
1764	507	75	76
1758	509	78	73
1755	508	75	71
1744	505	80	72
1735	504	78	72
1720	503	87	72
1700	503	108	69
1679	502	88	67
1662	497	71	66
1644	495	60	67
1618	489	65	67
1583	491	69	61
1562	486	64	62
1530	481	65	64
1495	480	73	68
1470	479	64	65
1441	477	63	60
1414	473	64	64
1382	470	61	62
1354	466	61	65
1331	472	64	54
1310	466	56	61
1295	465	59	59
1279	469	68	56
1265	467	53	57
1262	468	51	56
1254	468	54	56
1250	467	51	54
1248	465	51	59
1246	464	53	59
1243	465	55	59
1243	469	49	56
1241	468	55	54
1242	465	51	59
1239	467	56	57
1241	466	53	61
1238	465	57	62
1240	466	57	61
1241	466	54	62
1238	464	57	67
1238	462	57	68
1241	465	57	63
1243	468	50	59
1241	468	57	59
1240	469	57	60
1241	465	54	65
1240	466	54	61
1233	465	57	64
1226	467	59	62
1218	469	60	56
1210	471	58	57
1195	468	59	57
1182	467	54	54
1169	469	51	52
1149	465	51	54
1130	465	48	55
1113	467	49	54
1088	467	53	54
1069	463	52	57
1053	462	51	57
1036	463	49	53
1022	460	50	56
1012	460	53	57
1002	460	52	60
996	462	49	55
989	462	54	55
984	463	56	52
977	463	60	55
979	460	55	55
977	462	60	52
976	462	56	53
979	463	47	48
977	461	49	50
978	459	50	54
978	456	54	57
979	456	47	55
978	454	51	56
977	456	52	54
979	455	52	55
978	454	54	57
979	453	51	55
978	449	54	61
979	449	55	59
980	448	51	63
981	448	50	57
979	448	50	56
981	447	48	57
979	448	51	57
982	443	48	59
975	444	58	61
980	442	54	61
978	442	52	60
980	443	52	57
978	441	58	65
980	439	54	64
979	441	52	58
979	439	53	57
980	441	52	56
981	438	50	59
983	442	47	53
980	441	54	55
978	441	54	57
979	437	56	60
978	440	56	58
979	439	54	61
980	438	56	60
979	440	49	57
979	436	54	59
978	440	53	59
980	439	52	57
983	440	46	60
980	442	51	56
980	440	51	58
982	443	49	57
983	445	47	53
981	442	52	57
978	443	55	58
978	442	57	58
980	445	57	55
980	444	56	60
983	444	54	58
984	445	52	60
982	445	51	62
982	447	53	61
984	444	51	63
986	446	52	62
982	445	55	65
984	446	53	63
985	445	50	66
987	449	49	61
988	449	50	64
987	452	52	60
987	450	52	64
987	451	52	64
986	453	55	63
986	451	55	69
987	452	54	68
988	454	54	71
988	455	54	68
988	457	53	66
987	462	54	63
987	466	56	60
988	466	56	60
990	465	56	59
991	464	52	65
992	466	52	64
989	465	54	67
991	471	52	63
992	473	50	60
991	470	53	62
990	470	55	67
990	470	54	67
991	470	51	68
990	473	51	64
988	473	52	65
988	475	48	63
985	477	50	64
984	477	49	66
982	475	49	69
977	476	57	70
974	478	58	68
971	480	59	67
971	481	54	65
967	478	58	71
962	482	62	69
959	484	58	68
958	485	61	67
953	486	63	67
951	490	60	63
949	490	55	66
945	490	57	66
939	492	56	61
939	494	52	61
932	494	58	64
929	495	60	65
930	495	58	64
927	496	65	66
932	498	61	66
937	496	66	71
945	496	71	72
968	502	62	67
986	503	55	68
1004	508	62	64
1025	505	60	69
1039	509	65	65
1052	511	63	68
1067	513	66	64
1075	516	63	63
1079	515	64	68
1081	517	64	68
1083	514	63	71
1075	515	72	73
1075	519	69	71
1070	517	71	75
1065	518	76	75
1060	519	76	74
1054	523	70	68
1046	521	71	74
1034	525	70	68
1028	524	65	71
1020	523	68	73
1007	521	77	77
996	522	90	77
989	528	76	72
985	527	70	75
978	531	63	73
967	532	68	73
960	534	74	69
953	537	72	66
947	533	70	72
940	535	68	69
935	532	71	71
929	533	73	72
926	534	69	72
923	528	70	76
919	530	71	72
913	532	74	69
914	527	72	76
909	525	74	77
909	527	68	76
909	523	69	77
908	527	69	75
905	525	74	69
903	525	77	74
904	524	71	74
904	524	73	70
899	522	80	73
902	522	73	72
903	522	68	72
903	521	70	71
900	521	74	73
904	520	72	72
908	520	71	71
914	522	72	69
924	521	70	73
942	520	68	69
961	524	63	60
976	522	72	64
994	521	77	66
1021	517	72	70
1049	513	71	75
1076	517	76	74
1105	517	69	69
1131	519	67	70
1150	521	69	66
1170	522	68	62
1185	521	68	68
1196	516	73	77
1203	518	75	74
1214	519	69	72
1220	524	69	67
1223	522	73	70
1221	522	80	69
1222	521	80	67
1228	522	79	66
1226	521	77	70
1231	519	72	74
1229	522	74	69
1230	521	74	71
1230	518	74	73
1230	521	72	69
1230	521	72	69
1228	517	75	74
1228	519	76	71
1230	515	73	78
1229	517	75	75
1228	517	75	72
1225	514	76	75
1226	516	76	72
1228	515	75	70
1227	513	74	76
1227	514	76	69
1227	513	77	74
1225	512	77	71
1225	510	79	77
1223	512	78	78
1222	517	79	67
1225	516	73	65
1223	516	75	67
1223	517	76	67
1223	514	73	68
1220	514	77	68
1217	517	77	66
1218	512	76	72
1217	513	73	71
1216	511	74	74
1211	512	78	73
1213	512	74	74
1211	510	74	74
1209	513	75	68
1207	513	74	70
1205	512	73	71
1204	512	79	69
1202	508	75	73
1198	511	77	69
1197	509	74	72
1192	511	79	71
1191	510	81	70
1194	512	69	70
1189	509	68	74
1187	507	76	79
1184	512	76	66
1183	511	73	70
1177	509	74	74
1177	512	75	70
1174	509	73	72
1172	512	73	71
1167	509	78	71
1163	513	76	68
1161	512	79	70
1161	513	74	72
1162	512	70	70
1163	513	75	70
1164	514	80	70
1171	511	76	73
1178	513	73	73
1194	515	73	69
1212	517	69	68
1225	516	70	69
1246	520	75	68
1269	521	82	70
1290	522	82	70
1315	526	73	67
1329	527	79	66
1348	526	84	73
1367	528	75	72
1375	532	77	67
1376	532	88	70
1388	528	78	73
1390	530	80	75
1390	531	81	74
1389	530	85	74
1387	530	83	73
1385	532	88	71
1384	529	82	77
1379	529	83	77
1373	532	86	76
1368	532	92	71
1369	533	80	73
1360	527	89	80
1357	530	85	76
1351	533	83	75
1345	536	85	73
1342	532	79	76
1333	536	84	72
1330	536	79	71
1324	535	82	70
1315	534	85	76
1315	532	82	78
1307	534	85	73
1302	534	86	75
1297	534	91	79
1293	536	78	75
1288	533	83	80
1282	538	85	74
1281	535	89	77
1281	536	75	77
1277	538	83	76
1281	542	72	72
1279	539	81	77
1279	539	87	77
1284	540	87	77
1287	544	87	74
1286	544	91	78
1291	543	94	81
1286	545	99	79
1293	546	92	79
1295	547	87	76
1292	547	85	78
1290	550	83	75
1287	548	87	78
1281	556	83	68
1280	551	82	76
1275	556	79	74
1271	552	79	78
1262	553	80	75
1256	556	84	72
1253	555	83	73
1245	556	86	76
1237	555	86	76
1233	555	87	75
1228	556	83	75
1224	559	77	70
1214	558	83	72
1208	561	80	68
1201	562	81	71
1197	559	76	76
1190	561	76	73
1183	560	81	74
1179	560	76	74
1173	560	75	76
1167	559	80	77
1162	559	83	76
1161	560	82	77
1160	564	79	74
1159	563	81	75
1161	563	85	77
1163	563	82	76
1167	565	84	76
1172	564	86	77
1186	565	77	79
1190	569	78	72
1188	567	82	76
1195	569	80	75
1195	571	85	77
1195	570	86	76
1191	570	87	79
1190	571	87	78
1188	568	84	79
1186	569	80	80
1180	567	85	80
1176	570	80	76
1168	568	88	78
1161	567	88	82
1156	564	86	86
1149	566	86	85
1143	565	86	80
1134	565	88	81
1127	565	89	79
1120	566	81	73
1113	563	85	77
1107	562	84	82
1101	563	86	78
1099	561	85	81
1099	559	82	85
1100	559	80	81
1100	558	83	81
1104	556	85	83
1106	556	85	85
1111	555	90	85
1121	557	85	82
1126	557	88	83
1131	557	89	82
1131	558	90	82
1135	558	87	81
1139	559	84	78
1134	559	89	75
1136	559	83	76
1134	559	81	77
1130	561	82	76
1130	562	80	73
1128	561	76	73
1132	565	62	65
1120	565	68	67
1112	566	66	63
1106	565	67	62
1104	568	63	64
1089	569	68	65
1093	569	62	60
1087	569	66	66
1085	568	59	65
1070	567	66	61
1061	565	72	67
1054	566	79	70
1052	566	75	73
1044	562	78	78
1037	562	84	80
1032	561	82	82
1030	564	76	78
1024	566	78	77
1020	563	76	85
1016	564	74	84
1009	567	73	76
1005	564	77	86
1000	570	77	80
994	570	83	80
991	569	75	84
985	570	78	83
981	574	77	78
978	576	75	79
973	573	75	84
966	577	77	81
963	576	75	82
958	577	76	85
954	579	75	84
948	581	80	84
945	583	78	81
936	582	82	87
934	585	83	89
930	585	83	94
926	588	84	94
920	590	84	99
915	592	84	101
911	599	85	95
906	601	88	94
904	605	87	90
903	608	83	88
900	615	81	80
895	620	75	76
892	620	72	77
890	614	73	87
887	617	76	83
884	615	76	91
884	610	74	89
882	613	74	84
875	615	81	80
874	613	78	81
875	610	78	85
872	607	78	89
873	610	78	85
869	607	77	84
866	605	80	86
867	605	79	84
866	603	79	86
864	601	77	90
865	604	81	80
866	605	81	83
866	601	80	89
865	597	79	89
867	599	81	86
867	595	79	90
869	601	81	85
870	601	82	85
874	601	80	82
876	599	79	84
877	598	78	89
879	599	78	84
881	601	77	85
885	598	77	85
892	604	75	82
891	602	79	87
893	600	87	91
898	601	88	95
898	602	93	94
905	601	91	92
907	598	95	96
907	599	100	94
916	602	90	93
918	602	95	96
925	602	94	95
930	602	91	98
936	604	92	97
946	604	87	96
948	606	87	91
947	607	91	93
950	606	86	92
946	608	95	92
947	608	96	95
948	606	94	97
948	609	96	96
949	612	92	92
951	613	100	91
957	614	97	92
960	608	99	96
965	613	98	89
970	613	102	90
979	611	98	98
983	611	98	99
989	615	102	90
1002	614	99	92
1005	615	105	90
999	618	117	87
999	616	125	91
1022	620	106	89
1027	617	105	92
1040	617	96	96
1045	619	97	93
1040	615	102	99
1046	616	101	100
1050	618	101	98
1058	623	92	93
1054	619	97	100
1046	620	109	99
1049	618	110	100
1056	619	99	99
1054	625	103	94
1053	623	103	97
1053	624	106	99
1052	623	104	101
1055	624	102	96
1057	626	97	97
1054	626	103	96
1054	625	104	97
1054	624	105	100
1054	625	105	97
1056	623	105	102
1055	625	104	103
1055	626	104	102
1056	625	98	103
1052	627	99	100
1045	625	103	100
1032	626	103	101
1019	629	101	94
1008	627	101	96
988	626	104	98
964	625	103	102
951	626	101	98
925	624	103	103
909	629	99	96
894	626	98	102
873	628	107	99
872	627	97	104
865	630	99	101
858	627	102	105
858	625	104	108
855	627	106	103
859	627	104	107
860	626	105	108
864	630	109	103
871	628	100	104
878	632	99	96
887	632	104	94
892	632	104	94
898	631	105	97
906	633	106	94
912	632	105	96
923	633	104	93
930	633	104	95
943	634	104	97
954	635	101	91
962	636	102	89
965	633	110	94
981	637	102	89
994	636	101	89
999	634	110	92
1011	637	104	87
1028	635	101	89
1039	637	96	91
1050	636	94	89
1058	639	99	86
1070	642	97	80
1078	638	99	85
1089	637	100	89
1104	637	89	91
1114	638	90	88
1125	637	96	89
1132	638	100	85
1143	639	95	82
1152	636	94	86
1160	635	95	92
1162	636	101	81
1159	634	102	88
1160	633	106	86
1162	632	103	88
1171	631	95	88
1176	628	92	90
1178	626	96	91
1186	624	94	89
1195	621	92	90
1199	624	96	87
1213	624	91	85
1224	619	93	85
1234	618	94	89
1245	618	94	84
1253	617	100	86
1265	616	100	84
1280	612	101	88
1292	612	98	86
1308	612	92	81
1319	612	96	81
1331	608	91	82
1346	605	90	82
1354	603	91	82
1362	604	92	79
1366	600	94	79
1368	598	92	81
1369	592	91	86
1369	587	93	86
1362	584	94	87
1359	583	90	83
1348	578	93	81
1333	571	96	85
1325	569	89	86
1314	566	87	80
1305	563	90	76
1293	559	83	75
1287	556	77	77
1281	552	83	79
1275	548	84	78
1279	547	85	78
1282	543	81	79
1286	541	82	78
1290	538	87	79
1297	532	85	89
1309	525	82	88
1317	526	85	87
1322	523	88	85
1336	523	83	79
1347	525	82	73
1354	524	89	72
1359	518	84	75
1371	517	77	72
1381	516	71	72
1390	515	79	73
1395	514	77	76
1403	511	73	72
1404	508	79	80
1408	508	84	73
1419	505	75	78
1416	498	81	85
1419	499	78	82
1421	502	77	76
1414	497	83	82
1408	499	87	79
1398	497	84	81
1383	499	80	75
1373	495	78	76
1349	492	77	76
1329	489	80	75
1308	485	75	79
1278	489	74	72
1255	490	70	68
1227	490	68	68
1193	486	73	74
1170	487	69	71
1137	484	66	73
1110	479	67	75
1077	477	63	78
1043	481	65	72
1017	480	68	71
985	479	66	75
956	481	70	70
930	484	65	66
900	486	65	66
884	483	61	69
863	481	64	67
850	485	65	68
841	487	63	66
832	484	63	69
827	482	62	73
823	482	59	70
819	484	66	69
821	482	62	72
818	483	67	73
816	483	70	72
817	485	67	70
815	482	66	75
818	486	64	75
817	484	68	73
818	481	65	77
818	483	66	74
819	482	66	78
821	485	62	73
821	486	64	71
823	485	62	74
823	488	64	69
825	486	66	74
822	485	72	76
822	489	69	74
825	488	64	72
826	489	66	73
824	489	64	73
827	491	64	70
828	490	65	73
828	489	63	73
828	490	65	71
826	491	66	76
824	489	68	75
829	493	64	72
826	492	66	74
825	492	71	77
825	493	73	75
827	493	69	76
830	492	67	76
830	493	62	76
832	494	60	75
831	499	65	71
833	497	64	73
831	496	65	73
832	500	65	76
829	497	71	81
832	499	69	77
834	503	71	73
837	499	65	77
838	498	64	80
838	501	71	79
840	502	68	79
844	505	66	71
845	504	65	74
850	507	60	72
851	510	62	69
852	508	65	71
854	510	61	71
853	508	65	74
855	508	64	76
857	509	66	78
861	510	66	76
863	515	62	71
864	514	65	71
866	515	71	74
868	515	69	78
870	516	67	70
874	515	67	74
870	515	76	82
876	518	70	76
882	521	66	72
888	520	60	71
892	519	60	74
895	519	61	71
894	521	60	68
894	521	65	74
892	521	63	74
887	522	64	70
882	519	63	74
862	519	82	76
852	522	71	74
834	522	59	69
811	523	64	72
789	523	60	70
764	525	62	68
732	527	68	70
710	528	64	68
693	522	60	71
679	527	59	68
663	532	62	62
654	531	54	65
650	524	53	73
643	524	56	78
640	527	61	72
642	525	60	77
642	527	60	74
644	529	61	71
646	527	60	70
644	527	65	72
650	526	65	74
652	525	70	77
661	523	65	75
663	522	70	81
672	520	63	79
677	523	63	75
682	523	61	74
691	527	57	68
695	520	62	78
700	517	60	78
703	521	61	74
713	520	56	73
718	521	58	71
720	521	63	73
724	520	60	71
729	518	56	74
735	519	54	71
737	518	55	72
736	518	64	73
742	518	57	73
745	515	59	76
745	516	58	76
746	512	58	79
749	513	57	80
751	515	56	75
752	516	59	77
751	514	56	78
751	516	57	74
753	515	57	74
755	512	53	76
755	513	54	77
756	511	54	79
755	511	56	78
756	510	54	79
757	510	54	80
758	510	53	80
759	509	52	82
758	512	54	77
759	510	53	80
761	511	50	77
762	511	52	73
760	513	53	72
759	513	53	72
760	511	55	75
759	510	58	77
760	513	57	74
761	512	56	73
763	511	53	72
763	509	53	73
760	510	56	73
761	506	58	78
764	507	54	76
763	507	55	77
765	508	54	77
765	506	53	77
762	507	57	75
763	505	57	77
763	507	59	73
763	504	58	77
762	505	59	76
764	506	55	73
765	507	55	72
764	506	57	75
765	505	55	76
768	505	54	75
763	506	60	74
767	505	57	73
769	503	55	77
770	505	54	75
771	504	55	79
769	502	62	78
770	504	61	75
770	503	64	77
770	502	65	80
776	505	59	73
780	501	55	77
778	501	58	77
780	502	58	74
783	501	57	75
779	497	63	82
787	496	61	81
785	498	66	78
791	496	62	78
797	500	57	73
801	497	53	76
802	496	56	79
802	496	59	76
803	497	63	76
807	495	60	77
811	497	62	75
817	497	55	73
819	498	54	69
820	496	60	73
826	498	54	70
828	496	55	69
832	497	57	68
836	499	52	69
837	497	55	71
839	497	52	72
836	495	54	72
833	493	51	75
822	492	53	76
814	493	55	78
801	493	52	73
785	492	58	78
772	490	52	83
755	497	53	73
742	498	57	74
730	498	57	75
723	497	55	75
714	498	58	76
713	502	54	69
712	498	50	75
714	498	48	75
709	500	50	73
709	501	51	73
707	498	54	79
709	499	54	79
710	503	53	75
714	504	53	74
717	503	50	75
718	503	48	73
718	504	48	73
716	501	53	77
717	501	55	79
719	499	53	79
720	498	51	79
723	493	49	81
722	492	50	80
726	491	46	76
725	487	50	79
728	486	48	77
726	486	50	73
730	487	47	74
731	486	45	73
731	484	49	75
731	484	51	72
731	481	50	74
732	479	51	72
729	477	54	79
732	475	50	82
733	478	49	75
733	479	48	76
731	479	54	79
732	479	55	76
733	475	51	82
735	476	51	79
735	475	52	81
738	476	47	80
735	477	54	73
737	478	51	70
737	477	50	71
740	474	48	76
741	473	48	77
741	472	51	75
743	472	49	76
743	472	50	78
744	470	49	75
745	471	47	72
744	469	53	74
745	469	54	75
749	465	51	79
749	465	52	74
749	464	51	76
751	463	52	76
752	461	50	75
755	462	49	70
757	458	46	74
760	456	44	73
762	457	41	73
763	456	43	72
762	454	45	73
764	455	46	72
767	453	43	77
769	451	43	72
770	448	44	69
771	448	43	68
772	448	43	69
774	446	43	68
774	443	45	66
779	442	42	66
782	439	39	67
784	435	40	69
785	436	40	65
787	433	41	67
789	430	40	66
790	431	40	66
792	431	39	59
793	427	41	63
793	421	42	73
796	419	39	72
797	420	40	63
797	419	41	62
796	414	45	66
797	413	46	65
799	413	47	68
799	412	50	69
803	411	49	65
799	407	54	70
803	407	51	65
804	409	48	63
800	409	52	60
803	412	52	59
805	412	48	58
807	411	48	55
809	411	49	57
812	409	47	58
817	409	40	61
816	412	45	61
817	411	42	61
817	415	42	57
819	415	42	56
819	411	42	60
823	413	38	62
820	414	41	61
820	415	42	59
823	414	40	63
826	413	36	65
828	415	35	61
828	414	36	65
828	415	37	62
828	416	36	62
829	415	36	66
827	416	38	63
828	414	40	66
829	414	40	65
830	415	38	61
832	415	35	59
834	413	34	61
832	411	36	63
832	411	36	59
833	410	40	58
832	406	40	62
834	406	39	60
833	402	40	58
834	399	39	62
837	396	35	62
836	393	37	60
836	392	37	60
834	388	40	63
837	385	37	61
837	383	37	61
838	383	37	54
839	380	36	56
840	373	37	59
839	371	36	62
839	370	37	63
840	363	37	64
