1308	419	41	50
1307	421	39	44
1304	424	41	43
1301	424	43	43
1303	427	38	41
1303	425	38	42
1299	427	39	42
1300	427	39	40
1299	427	40	40
1298	426	40	39
1299	426	40	41
1298	426	41	42
1299	426	40	40
1299	424	38	42
1298	426	39	40
1300	426	39	40
1301	427	39	40
1300	426	38	40
1300	426	39	42
1300	427	40	41
1301	428	40	38
1302	429	39	36
1303	428	38	38
1301	429	41	39
1303	428	39	39
1303	429	41	39
1303	428	41	40
1303	428	39	39
1304	428	41	39
1304	428	40	39
1304	428	41	38
1304	429	41	42
1304	428	41	42
1307	430	39	39
1308	429	37	38
1309	430	37	36
1310	428	36	39
1308	429	37	39
1308	428	37	40
1308	429	37	40
1309	429	37	39
1309	428	35	40
1304	430	39	38
1307	430	37	38
1304	428	41	40
1304	428	41	40
1303	427	39	43
1302	429	39	42
1303	426	37	45
1301	429	40	42
1300	428	40	43
1299	429	38	42
1300	429	37	40
1298	432	37	39
1298	431	39	40
1297	432	37	39
1298	431	38	39
1296	430	37	41
1297	430	37	39
1295	430	38	42
1296	429	37	45
1296	430	37	41
1295	431	38	38
1296	430	37	38
1295	430	39	40
1298	429	35	40
1296	428	37	39
1296	428	39	40
1295	428	41	39
1296	428	40	39
1295	428	41	41
1297	426	38	40
1296	426	39	41
1296	425	39	40
1299	424	37	41
1296	424	40	43
1295	428	41	39
1295	428	41	39
1294	427	43	41
1292	425	43	42
1296	427	37	40
1292	428	42	37
1291	426	40	40
1292	426	38	38
1289	427	40	41
1289	428	39	38
1291	427	37	38
1287	428	39	38
1288	427	37	39
1287	428	38	40
1287	427	37	38
1283	428	38	41
1281	428	40	39
1279	428	41	40
1279	427	37	42
1278	426	38	41
1274	427	40	41
1271	427	40	40
1271	428	39	40
1269	430	37	40
1264	428	39	41
1265	429	35	39
1263	429	36	38
1255	427	42	42
1256	428	40	40
1252	428	42	40
1248	429	42	39
1245	426	41	42
1243	427	40	41
1242	428	38	41
1239	428	39	40
1235	428	37	39
1232	427	35	44
1226	429	40	43
1226	429	39	45
1223	430	37	43
1219	431	38	42
1215	431	41	44
1215	432	38	40
1213	433	38	38
1213	433	38	40
1209	433	38	40
1209	431	39	42
1207	430	40	43
1208	432	39	41
1208	430	37	44
1207	431	39	44
1208	432	40	41
1205	431	41	42
1207	431	39	43
1208	430	37	42
1209	431	38	41
1208	431	37	42
1207	430	39	44
1207	430	38	45
1210	430	36	44
1209	430	36	42
1209	431	38	44
1209	430	37	43
1210	431	37	44
1211	431	36	43
1209	431	38	42
1209	429	39	47
1208	431	39	45
1209	431	40	44
1210	432	38	44
1210	433	40	43
1208	433	41	44
1210	431	39	46
1209	435	40	43
1210	433	39	43
1212	432	39	45
1211	436	38	41
1212	434	37	42
1210	434	39	41
1210	433	40	43
1212	434	39	44
1212	433	39	43
1212	434	39	42
1213	434	38	42
1214	435	37	43
1212	435	39	42
1212	436	40	42
1212	437	40	39
1215	436	37	41
1217	434	35	45
1214	433	39	46
1214	434	38	45
1215	434	39	43
1214	434	39	45
1216	435	38	43
1217	434	35	43
1218	434	35	44
1216	433	37	46
1217	434	38	44
1218	433	37	45
1216	433	38	44
1215	434	41	41
1215	433	42	43
1219	432	37	43
1218	432	36	43
1215	430	41	44
1215	432	41	42
1217	432	39	43
1217	431	37	45
1217	431	38	43
1217	432	37	39
1216	431	39	41
1215	430	40	43
1215	428	40	46
1216	427	38	46
1215	429	38	44
1213	431	40	42
1214	432	38	39
1214	431	39	43
1211	431	44	42
1211	431	40	42
1210	432	43	42
1211	429	38	47
1210	431	37	43
1209	430	37	43
1210	431	36	42
1207	430	38	44
1207	429	37	45
1207	428	35	45
1207	429	33	45
1206	431	35	40
1205	430	34	40
1203	428	35	44
1202	429	33	43
1203	429	31	44
1199	430	34	42
1200	428	31	47
1196	428	34	45
1193	429	35	43
1193	430	34	43
1192	429	32	43
1189	428	35	45
1189	428	35	45
1188	426	32	46
1187	425	29	48
1188	429	28	43
1184	427	31	46
1180	427	32	44
1180	431	30	42
1177	431	32	42
1175	432	34	41
1175	433	29	36
1174	435	28	36
1176	435	24	37
1168	431	26	40
1164	432	31	37
1163	430	34	39
1160	427	30	45
1163	428	25	43
1159	430	23	43
1156	433	25	42
1153	432	24	37
1152	434	23	36
1152	434	23	36
1152	434	23	36
1140	436	27	38
1143	439	23	32
1136	438	23	35
1136	436	23	37
1133	435	22	41
1132	435	19	40
1128	435	25	42
1124	436	29	42
1117	437	35	41
1114	437	38	43
1110	440	41	42
1108	443	42	40
1108	446	44	36
1108	446	44	36
1106	449	43	36
1106	449	44	39
1106	453	44	36
1107	455	45	33
1105	458	44	37
1106	456	43	40
1106	461	42	39
1108	463	42	37
1106	465	44	39
1106	466	44	39
1105	470	44	36
1105	471	43	37
1105	473	43	37
1105	476	43	38
1106	477	43	39
1109	478	41	38
1107	480	41	36
1106	479	44	38
1106	481	44	38
1107	482	42	37
1107	480	42	38
1107	481	44	38
1106	480	45	40
1107	479	46	41
1106	480	44	39
1106	483	43	37
1107	484	40	36
1107	483	42	35
1107	483	41	36
1107	481	42	42
1107	480	43	41
1107	481	42	42
1107	481	42	40
1106	482	43	41
1106	480	42	42
1106	482	41	41
1106	483	42	39
1106	485	43	38
1108	481	38	40
1105	482	44	41
1106	485	42	37
1107	486	41	37
1106	486	43	36
1105	485	44	38
1106	485	43	37
1106	487	42	36
1105	488	42	36
1106	486	42	41
1107	486	40	38
1106	488	42	36
1106	488	41	38
1105	488	43	38
1106	490	41	37
1105	489	42	37
1106	488	41	39
1106	490	41	37
1105	490	43	39
1105	491	41	35
1105	492	43	34
1105	491	44	35
1105	491	45	36
1106	493	43	34
1106	489	44	38
1106	490	43	37
1106	490	43	37
1107	491	41	36
1107	490	42	38
1107	489	42	38
1106	489	41	38
1106	490	43	37
1105	488	45	39
1106	488	44	38
1106	488	43	37
1106	488	41	38
1106	489	42	35
1106	488	44	37
1105	488	43	38
1106	488	43	36
1106	489	45	35
1107	487	42	38
1107	486	44	39
1107	484	43	43
1107	485	43	39
1108	485	41	39
1107	487	43	36
1106	486	44	37
1108	485	41	37
1109	486	43	36
1109	487	41	36
1109	483	43	37
1109	484	42	40
1109	486	41	35
1109	486	40	35
1109	484	41	36
1109	482	42	39
1110	482	43	39
1111	483	42	39
1111	482	42	39
1111	483	41	36
1111	483	41	38
1111	482	41	37
1112	481	40	38
1111	479	40	40
1111	482	40	37
1112	481	42	37
1112	481	42	37
1113	480	42	38
1112	480	44	38
1113	480	41	37
1113	480	41	37
1113	480	42	37
1113	483	43	33
1114	482	44	35
1114	482	42	34
1117	481	41	36
1118	480	42	36
1117	481	44	35
1118	483	45	33
1119	482	44	35
1118	486	45	29
1119	486	46	28
1121	481	49	35
1124	486	45	31
1128	487	39	30
1120	490	47	27
1125	485	46	32
1130	483	42	37
1133	483	37	35
1137	481	35	38
1138	480	34	40
1139	479	36	40
1143	479	34	41
1143	481	34	38
1146	480	33	38
1148	481	32	39
1151	480	32	40
1155	478	27	42
1154	475	28	46
1154	478	33	38
1155	478	34	38
1158	480	31	36
1160	479	32	40
1156	480	37	41
1165	481	32	37
1164	479	33	40
1165	480	34	41
1169	480	30	45
1170	479	32	39
1170	478	33	41
1173	476	36	43
1175	476	34	46
1175	476	35	45
1177	478	35	41
1177	477	37	41
1177	477	40	40
1182	479	39	39
1181	477	39	42
1185	478	39	41
1186	478	40	40
1186	478	41	40
1190	478	39	38
1192	478	39	39
1193	477	37	41
1193	477	36	40
1193	478	35	39
1184	479	39	39
1181	479	37	37
1174	477	39	42
1170	478	39	39
1167	477	37	40
1164	478	37	40
1165	477	33	41
1164	477	33	39
1163	478	35	38
1159	480	41	36
1160	479	40	36
1163	477	38	39
1164	477	40	38
1165	476	38	43
1164	477	43	41
1167	478	42	39
1172	476	39	41
1173	477	40	39
1176	477	40	38
1177	476	41	40
1180	476	41	40
1183	477	40	40
1184	478	39	39
1187	478	42	39
1188	477	44	40
1186	476	44	42
1188	476	41	41
1187	477	40	38
1182	475	39	38
1175	476	41	40
1172	474	40	40
1165	474	41	41
1161	474	42	41
1158	475	39	39
1156	475	37	39
1154	475	39	40
1155	474	37	39
1153	475	39	40
1155	476	37	37
1155	475	40	40
1158	476	39	36
1158	476	41	37
1160	475	41	39
1164	478	38	35
1165	477	39	38
1168	474	40	42
1171	476	40	42
1173	474	41	42
1177	472	37	42
1178	474	40	42
1180	475	41	42
1183	475	40	41
1182	474	39	42
1184	475	36	39
1177	474	40	40
1175	474	39	40
1169	474	40	42
1163	475	38	39
1157	475	41	37
1151	475	40	37
1146	476	39	37
1142	475	37	37
1139	474	35	40
1136	474	35	39
1134	475	35	38
1132	475	36	40
1133	476	36	40
1131	475	35	37
1129	477	40	38
1130	474	37	38
1129	476	36	37
1132	474	32	41
1131	475	33	39
1132	474	35	40
1129	474	37	39
1128	475	39	38
1129	474	37	38
1129	474	36	39
1130	473	36	38
1130	471	36	43
1129	472	36	39
1129	472	37	39
1129	471	36	41
1132	471	35	39
1131	471	35	40
1131	471	35	41
1132	473	35	39
1131	472	37	41
1131	471	36	41
1130	472	38	39
1132	469	36	41
1130	469	36	42
1132	468	37	41
1131	470	37	41
1131	469	37	40
1134	469	36	40
1134	467	36	43
1135	467	34	42
1135	467	36	43
1136	468	35	40
1135	468	36	41
1135	468	40	40
1137	468	38	41
1138	469	37	41
1140	469	36	38
1139	467	37	42
1141	466	37	42
1143	466	36	45
1142	466	37	44
1141	467	40	44
1141	466	38	42
1142	466	37	43
1142	466	38	42
1143	466	37	43
1143	467	38	39
1145	467	36	41
1145	466	38	43
1147	468	37	41
1147	466	37	42
1149	466	34	41
1149	468	35	39
1146	466	37	42
1140	465	37	42
1130	467	36	39
1117	465	37	40
1098	463	38	41
1070	463	37	42
1050	465	37	39
1018	462	36	41
988	462	36	41
952	463	33	39
916	463	33	40
879	463	37	40
836	464	33	40
802	464	35	41
765	465	35	41
729	466	34	40
705	467	36	41
680	468	39	44
660	470	41	41
652	470	37	38
641	469	40	42
636	472	38	40
634	471	36	42
631	471	38	43
631	471	38	42
632	473	37	40
635	470	35	43
637	473	34	41
638	473	38	38
641	472	37	39
646	471	35	41
647	470	38	42
651	471	37	43
656	470	35	45
659	469	38	46
662	473	38	40
666	471	38	42
670	472	36	40
675	471	35	43
678	471	34	43
680	472	35	39
682	471	38	42
686	472	34	41
688	472	35	39
690	472	34	40
694	470	31	41
695	472	34	41
696	473	34	39
696	472	34	40
697	470	35	43
697	472	36	41
699	471	35	42
700	473	34	41
700	473	35	41
702	474	32	40
701	473	33	42
701	474	36	41
700	476	35	41
701	476	34	40
702	478	34	38
701	478	35	38
704	480	33	35
702	478	35	38
702	479	35	38
701	479	35	37
701	479	36	37
702	478	35	39
703	476	34	41
703	478	33	40
703	477	34	40
702	479	35	38
703	478	33	37
703	479	34	37
703	479	33	38
703	479	35	38
703	478	35	40
703	478	34	39
704	478	35	36
705	478	33	37
705	478	33	37
705	477	33	39
705	476	35	40
706	476	33	40
707	477	34	36
707	477	33	39
708	477	34	37
708	475	33	41
708	475	35	40
708	477	35	39
710	477	33	38
710	476	33	39
711	476	34	39
712	474	33	40
710	474	35	43
711	476	33	41
710	476	34	41
711	475	35	42
713	475	33	42
714	476	33	40
715	477	32	39
715	478	32	39
716	479	31	37
714	479	35	38
715	479	34	37
715	479	33	36
715	478	33	38
716	480	32	36
715	480	33	37
715	479	35	38
715	479	34	38
716	480	33	38
717	480	32	38
714	479	36	40
717	481	33	37
717	481	33	39
717	480	32	37
716	481	33	36
717	481	33	35
716	481	33	37
716	481	34	37
717	480	34	37
717	481	33	37
717	480	34	38
717	479	34	40
715	478	36	43
717	477	35	44
716	477	36	42
718	479	32	39
718	477	32	42
718	478	32	40
718	478	34	39
717	478	33	41
716	476	35	44
717	476	35	43
717	478	35	42
718	478	36	42
718	478	36	45
717	477	35	43
718	478	34	40
718	478	34	40
718	479	32	40
718	478	34	41
718	479	34	40
716	479	35	41
717	478	33	42
716	477	33	42
714	479	35	40
715	479	34	40
714	478	34	41
715	478	34	40
714	477	35	43
714	478	34	41
714	477	35	40
714	478	36	40
714	477	35	41
713	477	36	42
714	478	37	40
715	478	35	39
712	477	38	41
712	476	36	43
712	476	35	41
706	475	37	44
700	477	38	43
692	477	40	45
686	478	39	44
680	480	40	44
674	479	38	42
670	480	39	42
665	480	40	44
664	481	38	44
661	480	38	44
661	481	38	46
659	481	38	44
658	484	38	45
660	483	37	43
660	484	38	42
659	485	39	42
658	482	39	44
661	484	38	42
661	483	36	44
662	484	37	44
662	485	37	45
661	486	37	45
662	484	38	47
661	485	38	47
658	487	40	44
655	488	40	45
652	487	39	47
646	488	40	48
643	490	41	46
640	492	38	44
637	493	39	46
635	491	37	49
636	494	36	46
633	495	38	45
632	495	41	46
634	496	38	44
632	496	39	46
631	496	40	49
631	498	41	47
633	499	41	47
635	498	40	49
636	499	38	48
637	502	38	43
636	502	41	46
637	503	40	44
637	505	40	44
638	503	39	48
637	506	39	45
633	507	41	47
630	507	41	49
621	509	41	47
613	509	41	50
603	512	41	46
590	514	40	46
577	516	40	45
561	517	43	47
545	518	46	49
536	520	48	50
526	520	46	52
518	521	44	53
513	521	43	54
508	524	47	50
506	526	47	51
505	524	45	55
505	527	43	53
506	526	43	59
505	526	46	57
508	526	42	56
508	536	47	53
508	533	45	53
511	537	46	50
514	538	44	51
513	539	47	50
518	540	42	49
519	539	41	50
518	539	45	48
520	539	44	52
521	537	44	50
521	535	45	54
524	536	43	50
526	532	41	51
527	531	40	53
527	530	39	50
527	528	41	49
527	525	42	51
529	522	41	53
529	521	43	50
530	517	43	54
530	514	43	53
531	512	44	52
528	510	47	51
531	507	42	51
530	503	45	52
531	501	43	52
530	497	43	52
531	494	45	53
531	489	45	56
530	486	47	56
531	482	45	57
531	481	46	56
531	481	44	51
531	479	44	52
528	476	47	51
529	478	47	50
528	474	47	53
529	474	46	52
528	475	48	51
528	475	45	51
528	476	46	49
528	475	45	49
526	474	48	54
527	474	47	54
528	475	47	53
529	474	45	53
530	473	45	52
531	474	44	52
532	475	45	50
533	474	45	51
534	473	43	52
533	472	45	55
535	472	45	53
538	472	42	53
537	473	45	53
538	474	46	54
540	476	45	51
540	476	46	51
542	477	46	50
545	476	45	50
546	477	46	51
548	477	46	50
550	475	46	52
551	477	44	51
555	477	44	53
558	477	44	51
558	477	44	51
562	476	44	52
565	477	44	52
566	477	44	51
567	477	46	52
571	476	43	51
573	475	46	53
575	474	46	55
578	476	46	51
581	475	45	52
584	474	43	52
588	475	44	52
590	474	44	53
592	473	43	55
592	474	43	52
591	473	45	57
587	476	43	52
582	475	42	55
576	474	44	53
566	476	45	54
557	479	46	49
548	477	46	50
541	479	46	50
536	477	46	54
532	479	45	53
529	479	48	53
530	479	47	54
531	479	46	51
532	480	44	50
536	480	42	52
539	479	43	53
541	481	42	50
547	480	41	52
549	480	44	53
553	479	43	53
558	479	43	52
561	478	44	53
565	476	46	55
572	479	44	51
575	477	45	53
579	476	46	53
586	477	43	51
588	477	47	52
594	477	46	51
599	475	43	52
603	475	43	51
607	476	43	49
609	476	43	50
612	475	41	49
612	473	39	53
612	473	42	53
613	473	39	51
614	472	40	53
616	470	38	55
618	471	38	53
620	471	39	54
623	470	41	51
626	470	39	51
631	470	40	51
636	471	40	48
638	469	43	50
646	466	40	54
650	468	41	51
655	465	42	53
660	465	43	53
668	464	39	54
673	465	40	53
678	466	41	48
684	466	39	50
688	467	42	47
694	467	42	48
698	465	44	51
705	465	43	49
713	463	38	51
718	465	36	48
719	464	37	50
721	464	35	50
721	464	34	51
720	462	35	52
715	464	34	50
706	464	35	49
701	463	34	51
690	463	34	51
680	463	36	52
670	464	37	49
661	462	38	53
659	463	35	51
655	463	36	51
654	463	35	51
655	463	35	50
655	462	35	51
658	462	36	50
663	463	35	48
669	462	32	49
673	461	32	49
676	462	36	48
683	459	35	51
688	458	36	49
695	457	37	50
703	457	33	50
709	457	34	47
717	458	32	47
723	454	31	49
729	456	30	46
733	455	30	47
733	455	31	47
734	456	30	46
734	455	29	45
729	455	32	45
720	454	35	48
712	452	36	52
703	453	32	47
692	453	32	46
678	454	30	48
660	455	31	48
644	455	29	49
624	457	30	45
606	458	30	46
583	457	27	47
557	460	32	48
534	457	35	49
507	458	36	54
480	461	34	56
456	461	33	51
425	462	31	50
397	465	33	52
369	468	31	51
336	465	37	58
316	466	36	58
294	468	36	58
277	471	38	57
266	471	36	55
257	470	34	56
251	470	33	57
244	470	33	59
239	472	34	57
240	471	30	55
238	474	32	51
237	472	33	53
236	472	35	53
236	471	33	55
237	471	32	55
238	470	32	55
238	470	32	58
237	473	38	52
238	472	36	53
237	473	36	54
239	473	33	50
239	473	35	51
239	473	34	53
241	473	32	54
240	474	33	52
241	471	34	54
242	472	32	54
242	472	34	53
242	473	33	51
243	473	32	50
243	473	32	51
245	473	31	50
244	472	32	54
245	471	33	53
246	472	31	52
248	474	30	50
245	472	35	54
244	472	37	53
243	472	37	55
244	472	37	54
244	471	37	55
247	472	36	53
248	471	35	54
248	472	35	54
248	473	34	51
249	472	33	52
251	474	34	50
252	475	33	50
250	472	36	54
252	472	32	55
252	471	33	55
253	472	31	53
254	473	30	51
253	470	33	56
253	472	33	52
256	475	30	46
253	475	34	50
253	471	33	54
253	473	33	52
253	474	33	52
252	474	35	54
254	474	32	53
254	475	33	51
254	473	35	52
256	473	34	57
257	474	34	53
257	475	33	52
259	476	31	52
260	476	31	53
260	477	32	51
261	477	32	51
260	474	35	55
262	475	34	53
261	474	35	55
259	476	39	54
263	476	33	53
266	477	35	51
267	474	34	56
268	476	35	56
270	478	35	54
272	477	35	54
274	477	33	53
277	478	33	53
278	478	35	54
279	477	35	55
283	477	32	54
286	476	31	54
286	477	33	55
285	476	38	56
290	479	33	52
294	480	32	52
298	480	30	53
300	482	32	53
301	482	34	53
303	484	34	52
308	483	31	53
308	484	35	51
311	484	34	54
313	483	34	56
317	483	32	54
323	483	29	55
325	484	29	56
330	484	29	57
331	484	32	55
334	487	32	49
339	487	30	49
340	485	31	57
340	482	34	56
338	483	41	56
344	484	36	55
349	485	31	52
350	485	32	57
348	486	35	54
352	486	32	53
356	486	30	50
355	487	31	53
355	485	31	52
354	485	33	53
355	485	34	51
358	488	30	49
358	486	30	51
359	484	29	52
360	486	27	49
358	485	29	51
359	486	29	51
362	486	26	48
360	486	28	50
360	484	28	53
358	485	31	51
360	484	29	54
360	483	29	55
360	485	29	50
361	484	28	50
362	484	26	50
361	483	28	53
362	484	26	51
361	483	28	53
361	482	28	53
361	484	27	50
362	483	28	49
363	482	25	49
362	481	27	50
363	481	27	50
363	482	26	50
361	483	30	52
362	483	26	53
360	483	29	52
362	481	25	51
360	481	27	50
359	482	29	52
356	482	31	52
359	481	27	49
358	482	27	49
358	479	29	50
359	479	27	50
359	478	26	51
356	479	29	52
355	479	30	54
356	478	28	55
355	477	28	53
355	477	29	52
355	477	26	52
352	476	29	55
351	475	32	56
351	474	30	55
350	474	30	56
351	476	28	52
349	476	30	50
349	474	29	55
346	475	32	53
346	475	30	54
344	475	33	54
343	474	32	54
344	476	31	51
341	473	33	56
342	474	29	54
342	473	29	56
340	475	28	50
339	476	28	52
337	475	29	54
336	475	29	52
334	475	31	54
333	474	31	55
333	474	28	56
331	473	29	55
329	474	31	56
327	474	33	57
327	475	33	54
323	477	35	54
323	476	32	56
321	473	33	57
321	476	30	58
319	477	32	54
318	477	32	55
317	477	31	55
315	477	33	59
315	477	30	55
310	479	36	55
308	476	36	59
309	477	33	59
308	476	33	58
305	475	36	58
305	476	35	57
304	478	34	56
300	478	38	57
303	478	35	56
301	477	33	57
301	480	34	54
302	478	35	58
299	479	35	58
299	479	37	57
298	479	38	60
298	479	36	60
298	478	35	60
299	478	31	61
297	480	34	61
298	482	33	58
298	480	32	59
299	482	30	59
298	483	31	59
298	483	32	59
297	485	35	58
299	485	32	60
299	485	33	62
299	487	34	60
299	487	33	60
300	488	34	59
300	487	36	60
300	489	36	59
300	489	34	61
299	487	36	63
303	489	33	61
302	491	36	59
303	492	36	61
302	493	38	61
307	492	36	65
308	492	36	66
311	495	35	64
313	497	33	58
315	497	33	58
314	496	36	62
317	497	37	60
319	501	35	61
319	500	37	62
322	500	34	62
322	501	39	60
325	500	38	66
329	500	37	68
329	504	39	63
330	503	40	63
332	503	40	64
336	506	41	64
340	508	42	62
344	509	40	65
347	508	40	67
351	511	40	63
358	514	35	60
362	515	35	62
364	514	37	62
367	517	39	62
367	515	45	66
376	520	41	62
384	522	34	61
388	521	36	65
392	521	37	67
397	522	38	67
406	524	36	64
413	527	34	64
418	527	35	68
424	531	35	62
428	532	35	61
436	529	34	66
442	533	35	61
446	528	37	67
457	531	33	71
466	534	30	64
472	536	31	63
481	537	30	64
482	540	36	63
494	541	32	65
507	540	26	70
514	540	28	70
523	545	27	65
532	544	29	67
540	544	30	71
550	546	29	71
558	548	27	68
566	550	29	65
577	553	30	70
587	553	25	68
595	555	24	67
601	556	26	66
603	555	30	68
613	558	26	71
620	557	23	67
622	558	25	64
630	559	24	65
633	560	23	64
631	558	28	66
637	559	25	67
641	556	24	68
641	558	28	65
641	559	27	68
644	559	26	72
650	562	23	73
647	561	26	64
648	562	24	65
650	563	24	62
651	563	22	65
650	562	23	69
650	564	25	67
651	560	22	69
652	562	22	66
653	563	20	64
651	563	22	64
651	565	22	64
653	565	21	64
652	566	22	63
653	563	23	64
652	563	22	64
651	562	24	68
652	562	22	67
653	561	21	65
653	563	21	63
651	562	24	66
653	562	22	65
651	564	23	65
652	565	22	64
652	563	22	65
653	563	22	62
652	562	24	64
651	560	24	68
653	563	23	63
654	561	21	66
654	560	22	65
653	560	23	64
650	557	27	66
653	559	24	65
653	557	24	65
654	555	22	70
654	559	22	61
658	556	19	62
656	554	21	64
656	553	22	70
655	553	22	69
654	552	23	70
654	553	26	70
653	551	25	72
655	551	22	72
655	551	23	76
657	551	21	73
657	550	20	72
655	551	22	69
654	550	23	71
653	551	24	70
654	552	24	71
652	550	26	69
654	550	24	72
654	550	23	71
653	549	23	74
654	552	25	68
653	551	25	72
652	551	27	71
652	551	25	70
655	549	22	75
654	551	24	72
656	550	22	70
654	550	24	67
656	550	21	64
655	548	22	71
655	550	22	70
657	549	23	67
655	550	24	64
655	550	25	64
654	550	25	64
655	550	24	65
655	550	24	66
655	551	23	64
655	552	21	62
655	551	22	61
653	550	24	65
656	550	21	63
656	547	21	64
655	548	23	64
657	548	20	60
656	550	20	60
654	546	24	67
655	547	22	65
653	545	27	69
653	545	25	67
653	544	26	70
653	544	26	70
653	544	25	72
654	543	23	70
653	544	25	68
652	544	25	70
651	543	25	68
649	544	27	66
648	545	25	67
650	546	21	64
648	545	24	67
648	542	22	68
647	543	22	70
646	542	24	68
645	544	24	67
645	547	23	65
641	547	25	69
640	545	26	67
639	545	25	70
637	547	24	66
636	547	24	67
634	546	25	66
634	549	26	61
633	551	24	63
632	550	24	63
630	547	23	67
628	546	26	68
626	546	25	71
627	550	25	68
624	547	28	72
626	548	26	71
627	548	25	70
626	549	26	69
626	551	27	70
629	556	23	62
628	556	26	63
629	554	23	70
629	555	24	65
628	554	25	71
628	553	24	66
628	555	24	66
627	556	26	71
628	553	23	73
628	554	23	71
627	557	23	69
627	557	23	69
626	558	25	70
625	557	25	74
624	558	25	71
624	559	25	68
626	560	24	67
622	559	25	74
624	559	23	70
620	563	28	67
620	561	29	71
622	561	27	68
624	561	26	71
627	562	27	66
634	563	26	62
637	562	31	64
647	561	28	66
650	562	32	73
650	561	36	70
664	561	25	68
665	562	28	63
660	561	36	65
666	560	32	72
662	561	38	71
665	565	34	64
668	561	31	69
671	565	26	65
672	567	26	69
671	568	24	65
668	566	23	67
667	567	25	65
665	568	23	63
661	566	25	69
659	566	27	69
656	570	29	66
655	569	25	61
653	570	27	62
646	569	31	65
649	569	28	63
649	569	27	60
649	569	26	62
648	566	31	67
649	564	30	74
651	564	26	69
651	565	27	65
652	567	25	64
650	565	28	65
648	566	27	64
646	565	26	63
645	563	26	65
642	563	28	64
641	565	27	62
637	565	24	59
634	563	26	64
630	563	28	64
627	564	27	62
622	564	33	62
621	561	30	66
617	563	31	69
613	564	31	62
609	564	32	64
605	561	30	65
602	562	29	66
601	562	27	63
594	562	32	69
588	562	36	67
587	561	32	69
584	562	32	67
580	561	31	70
575	559	31	69
572	560	30	69
569	557	29	71
564	559	31	70
559	558	33	68
554	560	31	67
551	559	30	69
547	562	31	68
541	559	33	73
540	559	31	71
535	561	31	65
528	558	35	71
523	559	33	70
518	565	36	64
513	562	35	67
511	563	33	65
509	561	32	70
507	562	32	70
504	561	38	74
507	559	38	72
512	560	37	72
520	560	42	68
542	562	37	68
554	561	43	67
587	556	32	69
608	556	35	68
635	554	39	64
669	552	38	65
699	551	38	67
729	547	38	71
757	546	36	68
784	548	35	63
803	546	36	63
818	544	36	65
831	543	35	66
839	539	39	72
844	544	36	64
846	542	37	66
850	542	32	63
849	541	32	64
847	539	35	63
844	541	34	62
842	541	33	64
836	542	35	62
831	540	36	64
824	541	39	64
818	541	41	62
816	540	37	67
812	539	35	66
804	538	42	65
804	538	39	65
798	540	42	64
797	538	37	66
795	537	37	65
795	538	36	62
795	538	35	62
796	538	36	64
796	536	39	63
800	537	37	60
806	536	37	60
812	538	37	57
820	537	40	60
829	535	39	60
839	533	41	63
853	534	37	60
859	533	38	60
863	532	41	59
866	531	41	62
871	532	42	58
870	530	42	61
871	529	40	61
871	528	38	61
868	527	38	62
865	527	38	59
860	526	42	64
854	524	43	64
851	525	43	63
845	525	43	63
841	525	42	60
836	523	40	62
829	522	43	63
823	524	42	60
818	520	43	63
811	521	44	67
807	521	42	63
802	519	44	61
795	520	43	61
788	519	46	64
785	518	44	60
778	517	44	63
773	516	44	66
768	516	44	64
764	514	46	64
761	513	44	64
761	512	43	64
763	512	42	63
764	511	46	59
769	508	44	60
775	507	45	63
783	507	45	61
792	503	46	63
805	505	44	60
817	504	46	60
828	502	47	60
840	500	46	61
848	500	47	59
856	498	46	61
860	499	46	59
863	497	43	60
863	497	44	60
863	498	46	59
861	497	46	59
858	494	46	62
855	493	46	62
852	493	45	59
847	493	45	61
840	492	45	62
836	491	46	65
831	491	43	61
823	492	47	63
819	491	47	61
812	493	48	57
808	490	44	62
804	492	45	61
798	492	44	58
792	491	49	61
791	490	49	59
789	492	50	60
790	491	47	57
793	490	49	57
795	489	51	58
802	489	48	59
813	485	45	63
820	486	49	58
833	484	48	63
840	484	50	60
851	481	47	61
858	482	48	59
860	480	52	62
863	480	52	61
864	479	51	64
864	479	52	63
863	477	49	62
860	478	49	60
856	477	50	62
851	476	53	62
849	477	50	61
846	476	49	60
842	476	52	61
841	476	53	61
838	476	50	60
835	474	52	65
834	473	50	65
833	475	52	60
831	474	50	62
828	477	51	59
829	474	49	62
828	476	49	62
827	476	51	62
826	476	52	62
825	480	54	58
827	478	49	62
826	478	51	61
826	480	51	60
826	479	49	60
826	480	50	60
826	479	50	59
825	479	51	59
826	481	50	59
825	482	51	58
826	482	51	57
826	481	48	59
826	479	48	61
827	478	47	60
825	480	49	58
825	480	50	58
825	478	50	60
825	479	49	59
826	477	49	59
827	479	48	57
828	478	48	58
827	476	48	59
828	477	47	57
830	476	46	57
831	476	50	55
834	475	49	55
840	473	49	58
849	475	48	54
862	471	45	58
872	470	45	55
885	469	45	55
893	469	45	53
903	468	45	53
911	467	46	54
915	465	49	56
921	463	47	55
926	465	46	53
930	462	46	52
933	460	44	52
935	459	46	53
937	458	46	52
938	458	43	50
941	457	43	51
941	454	42	53
941	453	45	53
942	452	44	54
942	448	42	52
943	446	42	55
943	448	43	51
945	440	41	54
945	440	41	49
945	440	41	51
948	439	37	52
947	437	39	51
946	439	40	49
946	436	41	52
946	435	43	52
946	435	43	50
946	438	48	49
946	438	43	48
948	432	41	53
948	435	43	54
948	435	41	50
949	434	39	48
948	433	42	52
948	432	41	50
948	435	41	46
948	433	41	50
947	433	41	49
947	432	41	49
947	433	40	47
945	432	41	47
945	431	41	50
945	432	41	48
944	431	42	51
942	433	43	46
942	433	40	47
943	432	40	50
941	431	39	50
940	431	42	49
938	432	40	49
937	431	41	47
936	430	40	48
936	431	39	48
931	430	44	48
932	431	41	45
930	430	40	49
929	430	41	49
927	429	43	52
927	429	39	52
924	430	40	48
924	429	39	50
923	429	39	49
921	430	39	47
918	430	39	48
916	429	38	48
915	430	38	48
913	430	40	48
911	430	39	45
910	431	38	47
907	430	39	44
905	430	39	45
903	429	38	46
901	428	38	46
898	429	40	47
897	429	38	46
892	429	39	47
891	429	38	46
889	428	38	47
888	427	39	47
885	429	38	48
881	427	39	47
879	428	41	46
878	428	37	44
874	428	38	45
871	430	39	43
868	429	41	45
865	427	39	45
862	428	38	43
859	427	39	46
855	428	40	45
853	427	42	49
849	428	42	45
847	429	39	43
845	428	40	44
846	429	38	43
847	430	38	41
850	428	37	42
851	426	40	47
859	427	40	47
867	427	39	46
877	425	40	47
888	427	39	45
895	427	43	44
905	427	41	43
915	426	40	45
920	427	41	45
925	428	41	42
926	430	41	40
930	428	38	42
929	428	40	42
927	425	40	48
925	425	38	49
922	428	40	45
918	429	42	42
913	428	44	45
911	425	40	50
908	429	40	43
907	429	36	45
901	429	39	44
897	426	41	50
896	427	43	47
896	426	41	50
900	430	40	44
903	430	41	45
910	429	44	48
919	428	42	50
926	428	49	51
945	426	49	50
959	425	47	54
979	425	43	54
995	428	47	52
1015	425	42	53
1028	425	41	56
1034	430	47	52
1043	427	46	55
1048	430	48	54
1046	432	49	50
1052	431	47	52
1055	435	42	48
1052	436	41	48
1049	439	44	45
1045	437	44	49
1042	438	41	48
1036	437	44	49
1036	440	41	46
1032	437	40	52
1030	443	37	45
1025	442	39	45
1020	442	45	48
1025	444	40	46
1029	445	40	52
1030	445	46	50
1035	444	47	53
1045	445	44	52
1049	448	46	50
1052	448	49	51
1055	447	48	51
1059	451	46	49
1057	451	44	48
1054	449	49	52
1052	451	47	48
1051	451	42	52
1044	452	44	52
1038	454	44	50
1032	454	46	53
1026	458	49	48
1018	458	49	50
1017	460	44	43
1012	458	45	49
1006	458	46	50
1000	459	48	51
997	459	48	49
993	459	47	49
989	458	46	50
984	459	51	49
980	459	52	49
981	458	49	51
978	458	51	49
976	459	49	49
977	457	47	51
977	457	44	49
974	457	47	50
973	457	47	49
970	458	51	46
971	459	47	46
969	457	48	48
971	458	47	44
973	457	44	46
972	457	44	47
972	455	43	49
970	454	44	50
969	456	46	48
968	456	47	50
970	455	44	51
969	456	46	49
970	457	45	47
968	455	46	53
969	454	43	53
969	457	45	49
971	455	42	49
968	457	44	48
969	458	41	46
968	458	43	47
971	456	39	48
968	458	41	47
965	459	46	45
969	456	40	47
970	455	38	50
966	456	45	52
966	457	42	49
966	459	43	46
967	461	43	46
969	459	39	49
964	459	46	48
965	459	43	48
967	461	42	45
965	460	44	47
966	457	39	51
966	460	44	47
962	462	47	45
963	460	43	47
965	461	41	48
964	462	42	47
964	462	42	48
963	462	43	45
966	462	40	47
961	465	45	47
964	459	41	54
965	460	40	53
961	464	43	50
965	463	40	49
965	465	40	49
964	467	40	45
962	464	43	50
964	468	43	47
964	465	41	50
963	468	41	48
962	469	42	47
961	469	45	47
961	469	45	48
961	471	45	46
962	470	45	47
962	469	45	49
963	470	42	48
965	469	41	46
962	470	45	47
963	467	43	50
967	467	41	51
964	471	46	47
964	469	45	49
964	469	45	48
964	470	46	47
964	469	44	50
965	470	44	47
965	470	44	47
964	470	44	49
964	469	47	50
967	469	41	49
964	468	44	51
964	468	45	50
964	470	46	47
966	469	45	51
965	471	45	47
966	469	45	48
967	470	44	48
969	468	43	51
969	467	44	51
970	466	44	48
974	467	43	54
972	466	46	53
974	467	46	50
975	468	48	47
974	467	52	49
978	466	50	48
980	466	50	47
984	467	49	46
986	465	49	50
986	466	53	48
992	463	49	51
992	461	53	53
995	463	52	51
1001	463	51	50
1004	464	51	48
1007	462	50	50
1009	460	52	53
1016	459	49	53
1019	463	52	49
1021	462	55	53
1024	462	56	49
1030	461	54	54
1037	463	52	50
1043	462	50	50
1050	458	49	54
1053	460	52	52
1057	459	52	57
1062	459	53	53
1068	458	51	53
1073	459	51	51
1082	460	51	50
1088	460	48	51
1094	459	49	53
1100	459	49	52
1104	458	49	52
1112	459	50	52
1121	460	48	50
1122	460	56	51
1132	461	52	49
1141	460	47	54
1148	461	48	54
1154	462	51	51
1162	462	49	52
1168	461	49	54
1177	464	48	51
1183	462	49	52
1190	464	47	50
1196	464	50	52
1203	462	48	53
1210	461	51	55
1217	464	48	52
1223	461	49	54
1230	461	47	55
1235	462	49	53
1242	461	48	54
1247	462	49	53
1255	459	47	55
1260	460	48	54
1265	462	49	50
1273	461	46	51
1278	459	48	52
1283	458	48	54
1289	455	48	55
1295	455	48	54
1299	457	49	50
1306	453	46	55
1310	451	50	55
1314	452	47	54
1321	449	46	54
1324	451	48	50
1329	452	50	48
1336	449	46	51
1341	447	47	52
1346	446	46	50
1350	444	46	50
1354	440	45	51
1359	439	46	50
1364	436	45	51
1367	435	47	50
1370	433	48	52
1375	432	46	50
1379	431	46	48
1382	431	48	49
1385	428	48	50
1391	426	44	47
1394	425	44	48
1396	422	46	46
1402	419	42	48
