886	233	31	33
888	233	30	31
887	232	31	32
888	232	29	31
889	231	29	32
890	230	29	33
892	229	28	33
891	229	30	34
890	228	29	31
890	227	28	35
891	227	28	33
893	225	27	35
891	229	29	30
890	232	30	25
891	230	30	27
891	229	31	29
891	229	31	29
891	227	30	31
892	232	29	26
893	233	24	28
893	233	24	28
893	233	24	28
893	233	24	28
893	233	24	28
893	233	24	28
893	233	24	28
893	233	24	28
893	233	24	28
893	235	28	29
893	235	28	29
893	235	28	29
894	236	27	31
896	238	25	32
895	238	25	33
893	245	28	31
896	241	25	34
896	242	25	32
897	244	26	30
897	244	26	30
897	244	26	30
897	244	26	30
897	244	26	30
897	244	26	30
897	244	26	30
897	244	26	30
897	244	26	30
897	244	26	30
898	247	28	32
898	246	29	36
898	246	29	36
898	246	29	36
897	250	30	34
897	250	30	34
900	252	30	32
899	253	28	31
899	255	27	29
899	254	26	30
899	253	27	33
899	253	27	33
899	253	27	33
899	253	27	33
899	253	27	33
899	253	27	33
899	253	27	33
899	253	27	33
899	253	27	33
899	253	27	33
899	253	27	33
899	253	27	33
899	253	27	33
901	257	28	36
898	254	31	36
898	254	31	36
899	259	30	32
899	259	30	32
900	261	29	31
900	261	29	31
900	261	29	31
900	261	29	31
900	261	29	31
904	261	26	30
905	260	24	29
901	261	28	28
901	260	27	30
902	260	27	29
899	262	30	27
900	262	28	27
901	262	28	27
903	261	24	26
903	261	24	26
903	261	24	26
903	261	24	26
903	261	24	26
903	261	24	26
903	253	27	33
904	253	26	35
906	255	25	30
906	255	25	30
906	255	25	30
906	255	25	30
906	255	25	30
906	255	25	30
906	255	25	30
906	255	25	30
903	249	29	30
905	247	25	31
903	245	26	33
905	246	25	32
905	246	25	31
907	245	24	29
904	244	28	32
901	242	31	33
902	241	29	32
902	244	31	28
904	241	28	31
902	242	30	31
902	242	30	31
902	242	30	31
903	240	29	33
906	241	23	30
906	241	23	30
906	241	23	30
901	239	29	28
901	237	28	33
900	237	27	34
899	236	30	33
900	235	31	35
900	234	32	34
902	236	32	39
899	236	36	31
898	236	36	29
901	232	33	33
899	232	32	34
901	232	29	35
899	231	33	35
899	231	33	34
899	231	33	35
899	231	33	35
898	229	36	33
898	229	36	33
899	223	35	38
899	228	35	37
898	230	36	33
899	227	32	38
899	230	34	36
902	229	31	33
898	231	35	29
898	233	33	28
900	232	31	29
901	230	30	31
900	231	30	30
897	228	35	31
898	227	30	35
898	232	32	34
902	236	31	27
898	236	30	27
898	233	30	27
899	231	27	30
897	231	30	29
894	240	29	26
895	237	31	25
893	234	35	28
893	233	35	30
894	232	33	31
892	231	34	33
892	230	35	32
892	230	35	35
894	230	30	34
893	229	32	36
892	228	24	38
893	231	22	40
894	227	25	43
892	225	21	42
892	225	24	41
892	234	30	32
892	235	27	32
891	236	28	33
892	239	29	27
887	239	27	28
888	236	28	31
891	239	29	29
889	237	31	29
891	238	28	28
887	237	31	33
885	238	33	31
889	242	32	27
890	238	26	31
893	237	22	35
894	238	22	34
890	236	25	34
889	233	29	39
885	233	34	39
888	239	28	35
893	241	26	31
891	242	29	29
890	240	26	34
887	243	32	30
887	237	27	34
885	240	34	33
887	246	38	28
889	237	34	35
888	235	34	43
891	238	34	42
891	243	32	34
893	246	29	30
893	252	32	26
894	253	32	24
893	250	32	29
892	244	34	34
895	248	33	30
893	250	28	29
896	249	27	28
894	245	29	31
892	243	37	36
897	249	34	29
895	248	36	30
895	250	37	29
895	249	36	31
895	249	33	33
893	242	37	38
895	239	31	44
896	235	28	49
907	237	21	49
900	236	24	47
897	236	30	49
897	239	30	45
903	238	24	46
899	234	30	50
898	236	31	47
900	240	32	50
903	248	30	44
907	241	30	46
908	242	31	44
898	236	39	48
897	238	40	46
899	238	38	49
896	244	42	40
898	241	35	44
903	242	32	43
904	242	37	39
905	247	34	36
907	241	29	37
908	239	29	41
905	241	33	35
908	243	31	35
908	244	30	32
904	242	33	31
905	247	34	31
908	248	32	31
910	247	30	30
910	240	30	35
911	237	27	39
907	241	31	33
909	243	33	31
908	242	34	33
911	243	35	33
905	242	41	33
909	239	37	36
908	236	36	38
906	233	36	43
906	234	37	41
905	238	43	38
909	237	39	39
908	243	39	32
914	241	32	34
918	243	29	28
911	238	29	32
913	235	30	38
912	239	36	36
913	237	34	39
913	234	38	38
915	240	35	32
915	238	34	33
908	235	34	34
911	235	38	35
914	232	39	37
917	236	35	34
909	236	42	32
909	236	43	33
908	236	45	31
911	237	44	33
910	238	46	30
912	240	39	28
915	239	37	29
912	237	35	32
912	231	38	36
912	235	42	35
915	237	37	33
906	233	36	35
916	238	40	29
912	239	45	28
909	240	49	28
913	237	40	33
920	239	34	28
914	236	40	30
923	234	36	32
920	233	37	30
911	230	37	34
909	227	41	37
911	222	43	42
915	233	47	36
924	235	40	38
912	231	50	42
919	234	43	38
921	230	41	41
922	236	40	34
924	232	39	40
924	232	37	40
924	233	37	40
925	233	39	40
924	233	40	41
923	231	41	43
924	234	40	38
924	233	40	38
925	230	39	42
925	230	40	43
926	231	38	40
925	232	39	40
926	231	40	41
925	229	40	41
925	228	40	42
925	228	41	40
925	226	42	43
926	226	39	42
926	227	41	39
928	226	38	42
927	223	39	44
928	221	38	43
927	221	40	43
929	221	35	47
928	221	35	44
925	221	40	41
928	224	37	33
924	224	39	31
924	221	43	36
927	225	37	32
924	223	37	34
926	221	39	34
922	219	44	34
910	224	53	36
919	219	47	38
924	219	40	39
929	221	35	33
924	221	40	34
927	218	38	37
931	218	41	37
920	219	48	39
922	222	46	31
922	221	50	34
919	223	49	33
919	222	46	35
922	221	45	37
924	217	44	39
913	227	50	31
910	229	57	28
907	227	60	30
909	230	58	29
907	225	63	34
906	236	65	22
910	233	59	28
913	231	57	29
917	229	51	34
918	230	48	35
923	233	45	30
921	230	50	35
922	233	54	31
911	232	60	35
913	231	65	38
921	234	56	33
917	237	51	30
918	235	52	33
917	233	47	36
919	238	46	32
922	237	45	35
923	240	45	32
920	240	43	30
921	241	42	31
921	239	47	33
921	239	46	38
923	237	50	37
931	232	45	44
928	234	48	38
919	237	57	35
925	234	53	40
924	237	57	32
923	235	52	39
926	233	56	43
926	235	56	38
927	237	50	33
933	233	42	41
918	228	37	43
930	234	28	39
934	231	27	43
936	226	22	51
938	233	22	44
940	228	20	48
939	230	24	45
937	235	32	41
928	235	43	37
933	240	37	30
932	232	39	37
930	232	40	40
928	235	46	37
926	236	58	34
922	234	63	36
925	235	60	35
921	229	62	44
925	231	58	49
924	233	60	39
922	237	59	32
922	233	61	39
919	240	63	36
921	238	61	36
923	234	54	40
927	233	45	42
928	233	51	40
928	233	47	41
927	231	44	44
927	231	44	43
927	230	43	43
926	232	43	40
927	230	44	43
927	232	44	40
927	230	45	41
926	232	46	39
929	228	42	44
927	231	43	40
925	232	43	38
924	230	49	41
925	229	45	41
924	232	47	36
924	228	45	39
926	230	46	40
926	232	42	36
925	227	49	41
930	225	42	42
928	227	43	41
928	228	35	42
927	230	41	38
931	231	38	36
926	230	40	38
924	231	43	40
924	232	46	39
921	228	46	43
925	227	50	42
926	228	44	42
923	231	45	39
923	230	40	41
922	227	39	43
920	225	43	47
922	230	46	41
921	225	49	47
923	233	38	40
922	234	45	37
922	229	52	42
921	232	57	39
923	234	54	37
920	233	59	39
922	231	55	41
922	234	45	39
926	237	49	35
925	237	51	37
923	240	51	35
925	239	44	37
922	238	51	42
919	239	53	41
922	241	52	40
927	242	45	44
924	244	46	46
925	243	47	46
925	248	45	44
927	250	40	42
928	252	40	46
927	251	41	48
926	253	40	49
926	257	42	48
930	253	40	58
927	258	41	56
929	263	38	51
927	271	43	45
928	278	41	39
927	280	42	39
928	284	42	37
927	287	41	38
928	288	42	41
927	292	42	39
927	294	43	41
927	299	44	40
928	300	41	40
928	300	42	43
927	304	40	40
927	304	40	40
926	306	41	41
926	308	41	40
927	309	40	39
927	311	40	39
926	312	40	41
924	312	41	40
925	314	42	39
926	312	41	42
926	312	41	42
926	312	39	41
925	315	41	41
925	316	42	41
926	318	40	38
927	315	39	40
926	315	38	44
925	316	40	42
924	315	40	43
925	317	40	42
924	318	42	41
922	319	44	41
925	321	41	38
924	320	40	39
924	321	40	39
924	319	40	41
924	321	40	39
924	322	41	41
925	319	41	44
924	322	40	42
923	322	40	44
924	323	43	42
924	324	41	39
922	323	42	43
923	324	42	41
923	324	41	43
923	324	41	41
923	325	40	40
923	325	41	42
924	326	39	42
923	327	41	41
923	329	41	38
923	329	41	40
923	328	40	40
923	327	41	40
923	329	40	40
923	329	41	40
922	329	44	42
923	332	42	38
923	331	40	39
922	331	42	39
923	330	42	40
921	332	42	38
922	332	44	39
924	331	40	41
924	333	40	37
923	333	40	38
923	333	42	40
923	331	42	42
923	331	42	40
923	331	41	40
924	331	41	40
924	332	41	40
924	331	40	41
924	330	40	44
924	330	40	44
924	331	40	40
925	331	40	39
925	331	39	40
926	331	40	40
926	331	42	39
926	332	40	38
926	333	41	37
928	331	41	38
928	330	42	39
928	328	41	40
928	328	41	41
928	328	42	41
930	329	39	37
931	328	40	40
930	327	42	40
929	329	44	39
931	328	42	40
932	328	41	38
931	328	41	36
932	326	39	40
931	328	41	37
933	326	38	44
932	326	41	41
932	325	42	42
930	323	44	45
931	324	42	44
933	324	41	40
932	325	41	39
933	324	41	41
933	323	44	42
934	323	42	42
933	323	41	39
933	322	43	42
934	321	43	42
932	321	44	42
934	321	45	44
936	320	40	42
936	321	42	41
937	321	40	40
937	322	42	39
937	321	44	38
938	319	44	41
939	318	45	43
939	317	43	46
940	318	42	44
940	318	44	44
942	318	41	44
943	320	42	39
942	317	43	43
944	316	42	44
944	317	42	42
946	317	41	43
947	314	39	47
948	314	40	46
947	316	44	44
949	315	41	44
950	315	40	44
948	314	43	45
950	315	42	43
951	316	42	42
952	315	44	43
953	316	42	43
955	314	40	45
956	314	43	43
956	312	44	48
958	316	41	39
958	312	42	44
959	311	43	45
960	310	44	48
962	308	41	49
961	307	46	52
960	308	55	56
963	308	54	56
961	308	56	53
961	308	57	53
962	308	49	50
960	311	55	46
961	316	49	44
964	315	45	44
965	314	44	45
966	314	43	42
966	318	38	37
961	318	41	37
954	314	42	41
944	313	48	44
930	317	46	39
908	317	48	41
886	318	48	41
866	318	42	41
848	317	40	39
825	315	44	42
812	316	41	39
797	316	40	40
785	316	45	40
778	317	42	39
770	317	42	37
765	317	41	37
762	316	42	40
758	316	44	39
757	316	44	38
755	316	45	36
754	317	43	34
753	315	43	37
754	314	42	39
754	313	42	41
755	313	41	40
753	313	43	40
753	313	42	40
753	312	41	39
753	311	41	41
753	311	42	39
753	310	42	42
753	311	41	39
753	311	41	40
752	309	42	41
751	309	43	40
753	310	40	38
752	309	41	38
751	308	42	39
752	308	41	40
751	307	42	39
751	306	42	40
749	305	44	41
751	306	43	40
751	304	42	42
752	305	40	40
752	305	40	40
751	302	42	43
752	304	40	39
751	304	42	38
751	304	42	38
751	302	42	41
751	303	40	39
751	303	45	40
753	304	41	38
757	303	40	38
761	303	41	40
770	302	42	40
784	302	42	38
799	302	44	38
819	302	52	40
841	300	51	42
868	302	54	38
908	302	45	40
935	301	47	39
964	298	43	44
988	301	45	41
1012	301	42	40
1028	301	43	39
1044	302	42	40
1053	300	45	43
1063	301	43	42
1069	301	41	40
1076	301	39	39
1078	300	41	40
1078	301	41	39
1080	302	43	40
1080	302	42	40
1080	302	43	41
1081	302	44	41
1081	302	45	41
1082	303	43	40
1081	302	43	40
1082	305	42	37
1082	305	41	38
1081	304	43	40
1081	304	43	39
1082	304	41	41
1082	303	40	41
1081	304	41	39
1081	304	41	41
1081	303	42	41
1081	305	43	40
1079	304	42	40
1074	303	42	43
1064	304	44	43
1051	304	41	40
1028	305	47	41
1003	304	41	42
967	307	47	41
926	304	49	41
889	305	51	44
849	304	46	41
812	307	40	40
756	305	45	41
705	303	44	45
654	304	46	44
598	305	48	44
547	307	50	43
492	306	51	45
441	309	53	43
404	309	55	44
367	309	52	48
337	310	51	46
314	311	52	47
296	310	52	48
283	311	52	45
274	313	50	43
265	312	53	45
260	312	54	44
257	312	53	46
255	312	53	46
253	313	52	45
254	313	50	45
253	313	50	46
254	314	50	45
255	314	51	45
253	315	52	44
255	316	52	45
253	315	54	47
255	314	53	49
254	315	53	47
255	316	52	46
256	318	53	46
257	317	51	45
257	319	51	46
257	319	53	46
261	319	53	46
268	320	52	45
283	319	53	46
300	319	53	47
325	317	56	49
360	320	55	45
385	319	62	46
429	318	58	48
468	318	54	46
510	318	59	47
554	315	63	53
597	315	60	48
650	318	56	42
689	315	59	50
738	317	56	44
784	318	55	45
821	318	47	42
860	320	44	39
887	318	44	42
907	320	43	41
923	318	43	42
937	320	42	41
946	321	44	40
956	323	41	38
959	323	44	38
964	322	41	38
966	323	42	39
967	325	44	36
969	325	41	36
969	324	43	39
968	324	42	38
968	324	43	41
968	324	45	44
967	324	44	43
970	326	42	38
966	324	46	40
970	325	44	41
969	326	42	39
969	329	42	38
968	326	43	41
968	325	41	39
968	325	42	39
965	328	46	37
968	327	44	36
967	328	44	38
968	325	45	41
967	327	45	40
968	326	42	40
969	327	43	40
968	327	43	39
967	329	44	38
966	328	46	40
965	327	47	39
967	328	48	39
968	329	43	39
970	325	41	43
968	326	46	44
969	325	44	44
966	328	48	41
970	328	44	41
969	325	44	44
968	326	47	43
967	323	49	47
968	324	46	45
968	325	47	42
970	325	44	41
968	321	46	47
970	324	46	45
973	326	43	42
971	324	42	42
968	328	43	39
971	327	42	42
972	324	43	43
971	323	44	43
973	320	45	46
970	323	45	44
971	323	45	42
970	321	47	46
970	322	49	46
966	325	51	44
962	324	57	46
967	325	52	46
965	324	53	47
967	320	50	51
964	320	55	51
969	320	52	49
971	324	49	42
971	326	49	40
972	326	45	39
970	324	48	44
972	322	46	43
971	321	49	47
971	322	49	45
968	323	51	44
971	322	49	43
971	321	49	43
963	319	55	50
970	325	52	44
971	324	52	48
970	321	51	51
969	319	52	53
961	318	61	57
961	311	62	64
963	311	57	67
966	305	59	72
966	306	57	74
969	324	57	61
966	326	57	51
972	328	51	45
973	328	49	44
973	327	49	48
973	326	49	50
972	326	50	46
973	327	49	46
974	326	48	45
974	325	48	45
974	323	49	51
973	322	52	52
974	323	49	47
973	323	50	47
973	320	51	47
971	321	52	46
973	319	52	46
972	318	52	47
972	319	50	46
975	316	48	46
973	316	52	49
974	316	51	46
975	316	49	45
976	316	48	45
974	316	53	46
975	320	50	41
977	326	46	34
975	323	47	35
975	317	47	40
974	315	48	41
975	312	48	46
975	310	46	48
974	304	48	52
973	298	52	59
976	300	50	58
977	304	50	51
972	308	49	47
975	304	47	48
977	304	46	47
975	308	46	42
977	304	46	46
979	298	40	52
979	300	45	48
978	300	48	49
978	297	48	46
973	294	51	54
978	299	43	49
975	294	52	53
974	292	51	53
973	296	52	46
976	294	51	47
979	292	43	49
976	291	50	49
975	292	52	46
975	291	48	44
974	289	49	46
970	289	57	51
973	291	50	45
972	290	53	48
971	290	54	48
972	289	51	47
972	289	51	46
971	288	55	48
972	290	51	45
973	287	52	48
974	285	50	49
972	284	50	52
971	284	52	52
971	287	49	49
970	285	50	50
973	286	50	51
969	283	50	51
973	287	46	52
970	283	47	53
973	285	43	49
970	289	45	50
969	289	46	49
966	290	49	47
967	289	46	49
966	289	48	50
965	286	53	54
965	287	51	54
964	292	55	53
962	291	55	53
964	291	47	54
963	291	47	53
961	294	51	49
958	292	63	57
955	290	67	56
956	291	65	57
952	296	65	53
952	300	72	50
950	300	65	52
948	299	69	58
946	302	68	51
945	307	60	45
945	308	47	46
943	310	47	45
943	309	47	46
941	312	49	44
936	309	57	47
935	313	52	48
932	316	52	46
930	317	50	50
926	317	52	47
926	317	50	50
924	318	49	49
921	318	50	48
920	319	49	47
919	320	49	48
919	320	49	47
917	318	50	49
918	318	48	48
916	319	50	50
915	319	51	47
914	320	51	45
914	318	51	48
913	317	51	50
913	319	51	48
912	317	50	49
912	318	51	48
914	317	49	49
911	318	51	48
913	319	49	47
912	319	51	50
911	318	52	49
912	318	51	47
912	318	49	51
912	319	50	49
911	319	50	49
912	320	51	50
913	321	50	47
914	321	53	46
925	322	48	46
935	320	50	48
952	322	49	46
969	321	48	48
988	321	45	48
1000	322	50	44
1014	321	49	48
1027	320	49	48
1037	319	47	49
1044	321	48	48
1050	323	46	49
1053	322	49	47
1056	323	49	45
1058	324	47	46
1059	323	50	47
1060	323	51	46
1063	323	46	47
1062	325	50	46
1062	327	50	43
1064	325	51	44
1063	324	50	47
1062	325	52	44
1062	325	51	46
1064	325	50	46
1063	325	49	46
1063	325	48	47
1062	325	48	47
1063	324	46	48
1061	323	48	50
1062	324	49	48
1062	326	47	47
1060	324	50	51
1060	325	50	51
1059	324	50	48
1058	325	50	50
1057	325	48	46
1056	326	49	48
1055	324	48	48
1054	324	50	48
1055	325	48	46
1053	326	49	46
1051	326	50	49
1051	325	49	50
1049	327	49	48
1047	326	50	47
1046	327	49	46
1044	328	50	46
1042	328	50	46
1042	327	49	47
1040	327	52	48
1039	328	51	47
1037	328	50	47
1039	328	47	48
1036	330	51	45
1034	329	50	46
1035	330	49	46
1034	330	50	45
1036	329	50	47
1037	330	50	47
1040	330	49	45
1040	331	50	46
1042	332	51	46
1041	332	53	46
1043	332	49	46
1044	331	50	47
1042	332	51	45
1042	333	48	46
1041	332	50	46
1039	332	54	50
1037	331	51	54
1037	332	52	50
1036	333	51	50
1035	333	50	47
1032	333	53	50
1030	333	53	50
1030	333	53	51
1030	334	51	49
1030	333	48	52
1029	332	49	52
1027	334	50	49
1027	332	52	53
1027	334	49	48
1026	333	51	50
1025	334	52	49
1026	334	51	51
1027	333	48	51
1026	334	49	51
1026	333	50	51
1025	334	52	50
1025	332	52	54
1026	334	51	52
1026	334	49	50
1026	335	51	49
1027	334	48	52
1026	335	49	50
1024	334	53	53
1025	334	51	51
1026	333	51	56
1027	334	50	53
1026	334	51	51
1027	334	50	51
1026	335	51	51
1027	335	50	53
1027	335	50	53
1026	335	52	52
1027	335	50	52
1028	336	49	49
1027	335	49	54
1027	334	49	53
1025	334	52	52
1026	334	51	54
1025	335	51	55
1026	334	52	52
1028	334	49	53
1028	333	49	51
1028	334	51	52
1028	335	50	51
1028	335	51	49
1029	333	48	57
1030	333	49	56
1028	334	50	53
1026	334	53	54
1026	333	51	53
1029	334	48	52
1029	334	49	53
1027	333	51	54
1029	334	47	50
1027	335	50	49
1027	334	49	51
1026	333	49	54
1025	333	53	54
1028	335	50	51
1027	334	51	52
1027	334	52	53
1025	334	54	51
1027	334	50	53
1026	332	52	56
1025	330	53	58
1026	330	51	58
1029	334	49	54
1027	335	52	53
1026	336	52	50
1025	336	52	51
1028	336	50	50
1026	336	51	50
1026	336	52	50
1025	335	54	50
1026	333	51	52
1025	334	54	51
1026	333	51	51
1026	332	52	50
1025	332	54	51
1026	333	52	50
1027	332	51	50
1028	331	50	51
1027	332	50	50
1028	329	49	51
1027	329	50	51
1027	329	51	52
1027	328	51	49
1027	327	50	53
1026	327	53	53
1027	326	52	53
1029	325	50	57
1033	325	45	52
1029	326	49	51
1027	325	51	56
1024	325	53	54
1027	325	51	51
1028	325	49	51
1028	324	50	51
1030	325	46	49
1029	324	47	49
1028	325	51	49
1026	325	51	51
1025	324	52	52
1026	326	51	49
1027	325	51	49
1026	326	52	51
1027	325	53	50
1027	325	52	52
1026	326	54	52
1024	325	55	55
1028	325	52	53
1028	327	51	48
1029	326	49	51
1027	327	51	53
1025	327	55	54
1026	327	53	56
1028	328	50	54
1027	328	51	56
1027	329	49	54
1028	330	50	51
1027	330	49	53
1026	331	50	53
1028	332	49	53
1025	332	51	53
1025	332	53	51
1023	334	56	49
1026	333	54	53
1024	333	54	55
1025	334	50	52
1023	335	53	52
1021	335	52	55
1022	336	50	51
1020	337	55	51
1019	335	55	55
1019	336	51	56
1020	336	52	55
1016	337	54	56
1015	336	56	57
1015	338	54	56
1011	339	57	56
1010	338	55	55
1007	335	59	59
1006	336	57	60
1006	339	54	56
1003	339	55	57
1003	342	52	51
1002	339	50	55
995	341	57	52
996	339	53	57
993	337	56	59
994	341	54	57
989	341	57	55
988	340	56	59
985	340	57	60
985	342	57	58
983	339	57	59
986	342	53	58
981	343	53	59
983	344	47	59
985	345	40	58
980	348	47	53
976	349	50	54
972	351	53	51
970	351	55	51
967	351	55	50
968	349	55	53
968	350	55	52
968	350	54	53
965	346	57	59
966	346	59	60
962	347	62	58
965	347	56	57
964	346	56	59
965	346	56	58
961	347	59	57
963	346	57	57
964	346	59	58
963	346	59	58
964	349	59	56
965	349	58	58
968	350	56	57
969	351	58	53
970	350	58	54
971	346	60	57
971	344	62	58
972	342	62	61
973	342	61	58
975	343	61	59
975	341	62	58
976	341	63	57
974	338	65	59
975	338	62	57
978	338	62	58
978	336	60	56
977	334	62	57
977	333	62	56
978	332	60	56
977	331	62	56
976	330	62	56
978	330	60	56
976	327	64	57
977	327	61	58
977	326	63	57
977	325	63	58
977	325	61	57
977	324	60	57
977	322	61	60
979	321	59	60
977	319	62	61
978	321	61	59
977	321	60	60
976	322	63	59
981	321	56	59
980	321	59	58
979	321	60	59
979	321	62	59
984	320	58	60
990	321	60	60
998	321	60	61
1008	322	59	62
1020	322	59	62
1033	323	61	59
1046	324	60	59
1061	324	59	62
1069	323	62	64
1078	325	62	62
1085	328	62	58
1093	327	62	59
1098	328	61	57
1104	326	58	62
1105	327	62	59
1105	326	65	63
1108	326	65	63
1110	325	61	64
1111	325	61	68
1111	327	61	64
1110	326	66	66
1110	326	64	65
1111	328	62	63
1112	329	63	62
1114	329	60	62
1114	329	60	61
1112	330	63	62
1113	330	63	63
1113	332	64	60
1113	331	63	62
1112	331	64	63
1111	332	65	61
1113	333	62	62
1114	334	63	61
1114	335	62	60
1109	335	62	60
1105	336	62	61
1094	337	63	61
1079	337	62	61
1059	337	61	60
1034	336	58	64
1001	338	62	64
966	339	62	63
925	340	59	62
889	339	59	62
844	341	61	58
807	340	59	61
779	339	60	64
750	341	60	63
726	342	60	61
711	345	61	59
697	343	65	62
689	343	62	63
679	342	66	65
673	344	66	64
670	344	66	62
667	343	66	64
665	344	66	62
665	345	64	62
664	345	67	63
665	345	65	62
664	346	66	62
665	346	64	61
667	346	62	60
666	347	63	58
665	346	64	62
665	345	65	62
665	346	66	62
666	346	64	61
666	344	65	65
666	346	64	62
667	346	65	63
667	347	65	61
667	347	64	62
667	347	66	63
668	347	64	63
666	349	66	60
666	347	65	63
666	347	66	62
665	347	69	62
667	348	66	62
666	348	67	61
669	350	62	60
668	349	64	61
668	350	65	61
669	350	63	60
669	350	63	62
667	351	64	60
669	349	64	63
669	349	62	63
668	349	63	62
668	350	65	62
668	349	65	62
669	349	64	63
669	349	65	62
670	351	63	58
668	350	66	61
669	348	65	62
670	349	64	60
670	347	64	64
672	348	63	61
672	349	63	61
670	348	65	61
672	347	62	61
673	347	63	62
673	348	61	60
674	346	63	61
674	346	64	62
675	347	62	60
674	346	63	60
674	345	65	61
677	346	62	58
676	345	63	60
678	345	62	58
677	343	64	61
678	341	64	61
680	341	64	60
680	343	64	57
681	341	64	59
681	341	64	56
683	340	63	58
684	340	63	57
685	340	60	55
684	339	64	57
685	337	65	59
686	337	64	61
687	336	63	59
688	336	63	59
689	337	63	58
690	337	62	58
693	337	62	59
694	335	59	60
696	336	61	59
694	336	62	59
695	336	63	60
697	335	60	59
701	332	57	62
701	333	59	60
701	334	59	59
703	334	58	59
705	333	58	59
706	334	57	57
708	335	57	53
706	333	59	57
708	334	57	54
707	334	60	53
709	333	57	56
709	333	56	53
709	334	56	51
709	334	57	53
710	335	56	51
709	334	57	52
709	336	57	50
709	334	56	52
709	335	55	52
707	335	55	51
707	334	56	52
708	334	53	53
706	335	54	52
705	335	53	53
702	334	56	54
702	336	53	53
699	336	55	52
696	338	55	50
694	336	57	52
691	337	57	51
689	337	58	51
688	338	55	50
687	339	54	47
683	338	57	50
680	339	60	50
677	338	59	50
677	340	54	48
674	340	57	49
670	339	54	49
667	340	52	50
664	340	52	49
660	339	53	51
658	342	51	49
654	340	54	51
651	341	51	50
647	341	53	50
642	342	53	48
639	345	57	45
635	345	57	45
631	347	54	44
631	347	54	44
623	344	44	49
623	348	45	43
623	348	45	43
623	348	45	43
623	348	45	43
623	348	45	43
623	348	45	43
623	348	45	43
623	348	45	43
623	348	45	43
623	348	45	43
623	348	45	43
623	348	45	43
623	348	45	43
623	348	45	43
623	348	45	43
623	348	45	43
623	348	45	43
623	348	45	43
623	348	45	43
623	348	45	43
623	348	45	43
623	348	45	43
623	348	45	43
623	348	45	43
623	348	45	43
623	348	45	43
