1172	328	31	50
1172	328	31	51
1169	328	34	50
1170	332	33	46
1168	336	34	43
1169	339	31	40
1168	336	32	41
1169	333	32	44
1168	334	34	44
1171	333	28	48
1170	331	29	49
1170	330	28	51
1170	331	30	50
1168	329	32	51
1168	330	32	50
1167	328	34	52
1171	323	32	57
1166	325	37	55
1167	320	35	61
1167	322	35	59
1168	322	33	57
1164	330	37	50
1166	328	34	54
1162	330	39	52
1168	325	32	58
1167	327	33	57
1166	326	33	57
1165	328	36	56
1163	329	40	53
1165	328	35	54
1167	329	33	54
1166	329	34	55
1167	330	33	54
1167	330	34	55
1166	329	34	56
1169	331	30	55
1167	332	33	54
1168	329	32	55
1168	328	33	55
1169	329	30	58
1168	329	34	56
1168	330	31	56
1167	332	32	56
1164	328	37	57
1163	327	38	56
1163	330	38	55
1164	328	38	57
1165	329	35	56
1167	331	32	51
1167	330	34	51
1167	331	32	54
1167	335	32	52
1169	336	28	51
1169	336	30	52
1166	333	33	53
1168	332	32	53
1168	331	31	54
1168	334	32	51
1167	331	32	56
1166	330	33	53
1167	328	34	52
1164	333	36	55
1166	333	33	55
1167	328	32	58
1167	331	31	55
1166	332	33	55
1166	330	33	53
1166	328	33	57
1165	333	33	56
1166	329	32	61
1167	330	31	57
1166	332	31	57
1166	332	30	57
1165	330	31	59
1166	329	33	59
1166	331	32	58
1166	330	34	53
1162	334	36	55
1163	334	33	55
1163	334	33	54
1161	337	33	52
1161	333	35	55
1162	333	32	54
1161	334	34	58
1159	333	35	56
1155	330	38	59
1158	332	34	56
1158	331	34	59
1154	330	40	60
1154	330	39	57
1154	328	39	58
1154	329	39	57
1152	326	41	60
1152	327	40	60
1154	327	38	58
1148	330	45	56
1146	326	48	61
1144	324	45	63
1149	323	42	64
1146	326	43	60
1146	331	39	55
1147	332	33	56
1143	332	37	54
1145	333	33	54
1143	332	32	57
1142	333	30	53
1143	333	29	54
1142	336	30	52
1141	332	29	55
1140	332	27	56
1140	331	28	56
1139	332	28	56
1139	332	28	56
1137	332	29	55
1136	334	30	56
1136	333	29	55
1135	332	31	53
1135	333	29	55
1136	331	28	54
1133	334	30	51
1131	346	34	40
1132	349	29	39
1133	348	24	43
1133	350	26	47
1133	349	26	51
1132	347	28	55
1132	346	27	58
1132	345	26	59
1133	348	27	56
1133	349	26	54
1133	350	26	54
1133	350	26	53
1131	348	30	57
1133	348	26	59
1132	347	26	63
1133	339	26	65
1132	341	29	63
1131	335	29	66
1133	342	26	63
1133	345	26	61
1130	346	27	61
1129	348	28	58
1130	347	27	57
1130	346	27	63
1129	346	27	61
1129	342	27	64
1128	346	29	61
1128	344	28	58
1126	345	27	60
1126	345	27	62
1126	344	26	63
1126	345	26	62
1125	346	27	62
1123	346	30	58
1123	343	28	59
1123	344	28	55
1121	343	29	56
1119	345	30	51
1117	345	31	55
1116	347	33	56
1113	346	33	56
1112	343	34	58
1113	344	34	57
1111	342	33	58
1109	341	36	57
1109	341	34	57
1106	343	36	57
1105	339	32	60
1104	340	32	56
1103	342	32	52
1102	340	32	58
1100	341	36	55
1100	342	31	54
1100	344	27	50
1098	346	28	49
1095	345	32	47
1094	346	31	49
1096	349	29	46
1096	348	29	47
1096	342	32	53
1100	343	30	55
1107	346	27	49
1117	346	27	49
1125	344	31	45
1142	344	28	46
1157	345	28	50
1171	343	33	47
1185	342	33	45
1199	343	31	45
1210	344	33	47
1219	344	33	49
1227	340	32	50
1232	342	33	43
1237	350	29	46
1240	350	31	46
1243	346	32	48
1243	344	33	54
1245	341	34	57
1244	339	34	57
1244	338	35	57
1244	335	34	63
1245	334	34	62
1246	334	33	64
1245	340	34	53
1246	343	32	53
1244	345	34	57
1244	345	34	56
1244	347	35	51
1244	347	35	51
1245	345	33	53
1245	348	33	46
1243	347	35	49
1242	347	34	53
1242	344	35	55
1244	344	34	54
1243	345	35	54
1241	347	36	51
1243	347	32	52
1243	348	33	53
1240	349	34	53
1242	350	33	52
1242	348	32	52
1240	346	35	56
1239	341	37	61
1239	342	34	57
1242	346	31	52
1241	344	32	56
1239	345	32	58
1239	347	32	56
1237	345	34	58
1236	346	33	57
1237	345	33	56
1237	345	31	54
1235	347	36	55
1235	347	36	54
1231	346	36	58
1231	347	36	56
1231	347	35	57
1232	348	37	57
1236	349	36	54
1244	349	36	54
1252	353	34	49
1264	356	32	48
1272	349	39	44
1293	351	33	50
1315	354	31	44
1330	352	31	45
1349	352	30	41
1361	350	31	42
1374	354	30	48
1383	354	34	52
1387	351	39	57
1394	350	38	58
1396	350	38	59
1400	353	37	56
1403	353	36	52
1402	355	37	54
1402	355	34	56
1403	351	34	59
1401	351	35	56
1398	348	39	57
1399	352	36	52
1396	352	37	47
1392	357	38	49
1392	352	37	51
1391	351	35	60
1389	350	35	64
1387	349	34	63
1385	350	33	64
1382	348	36	59
1380	349	34	60
1380	350	34	61
1380	352	33	60
1381	350	32	58
1383	349	35	63
1385	350	34	60
1387	350	35	58
1387	350	37	60
1387	351	39	58
1390	350	35	58
1388	347	39	61
1389	348	35	61
1388	350	36	63
1387	344	36	67
1384	343	38	70
1381	338	38	72
1379	341	39	70
1377	340	37	70
1374	337	38	69
1375	344	36	65
1376	344	35	62
1379	342	36	67
1385	343	40	61
1393	338	39	67
1407	340	38	65
1424	342	38	65
1443	342	37	63
1465	340	40	67
1484	338	41	68
1510	337	43	74
1534	338	41	74
1555	344	41	69
1572	342	46	72
1586	342	49	70
1594	339	51	72
1605	346	47	67
1613	347	47	65
1614	347	50	69
1619	344	46	70
1619	345	46	70
1619	346	46	68
1617	347	46	67
1615	349	45	67
1614	350	47	63
1612	348	45	70
1611	348	42	66
1607	345	45	70
1604	344	46	71
1603	343	44	75
1600	346	44	70
1600	346	43	71
1597	342	45	73
1596	347	44	72
1594	349	44	70
1590	347	47	66
1588	346	46	72
1587	347	47	68
1585	340	48	74
1583	343	51	76
1581	344	50	74
1580	343	48	72
1581	344	45	75
1581	346	46	69
1578	341	49	73
1577	343	49	66
1578	351	44	65
1577	346	44	71
1577	345	46	71
1573	343	47	74
1572	345	47	71
1570	341	48	77
1570	343	49	69
1568	342	49	65
1567	343	52	69
1566	341	52	67
1568	349	46	69
1566	350	46	70
1566	349	47	74
1563	346	49	74
1563	347	50	76
1563	347	48	74
1563	349	46	70
1564	349	45	70
1560	349	49	75
1559	351	52	70
1561	353	50	62
1556	352	50	60
1555	356	50	70
1551	352	54	68
1552	353	50	60
1550	360	55	59
1549	359	53	54
1551	362	50	52
1548	360	51	54
1545	362	52	51
1544	362	51	53
1543	360	53	56
1542	364	49	62
1540	363	51	57
1538	364	51	55
1532	367	54	58
1529	370	56	51
1526	372	57	48
1524	368	56	55
1524	368	52	55
1520	367	54	56
1515	371	57	52
1510	375	59	54
1504	373	63	56
1504	376	56	54
1501	376	58	54
1498	375	58	57
1496	375	52	56
1489	380	57	52
1489	375	52	63
1486	374	53	63
1479	377	55	60
1475	378	55	62
1473	377	53	60
1463	384	56	57
1461	377	55	67
1456	383	54	59
1449	385	56	60
1442	387	57	54
1437	384	56	57
1429	383	58	57
1422	390	59	62
1416	394	58	57
1412	395	58	56
1408	393	58	62
1401	394	60	65
1396	394	57	63
1388	392	61	62
1384	393	62	61
1379	394	65	55
1375	392	66	61
1371	396	65	61
1365	394	68	63
1363	395	67	59
1360	393	67	60
1356	392	75	67
1359	394	65	62
1362	393	63	68
1366	389	67	77
1376	388	66	74
1390	387	63	70
1400	387	64	69
1412	385	68	71
1424	378	68	77
1436	377	64	75
1443	380	66	69
1449	388	67	63
1454	386	69	69
1457	390	69	61
1461	391	68	63
1462	390	68	68
1466	389	67	69
1466	389	67	68
1466	392	69	59
1465	390	72	64
1468	390	67	62
1468	389	67	72
1468	390	69	68
1467	389	69	63
1466	391	70	58
1467	390	69	63
1466	391	68	59
1463	392	72	59
1465	389	70	68
1465	388	69	66
1467	387	67	67
1463	391	71	56
1465	390	70	59
1465	392	69	59
1467	393	70	56
1466	395	70	58
1464	393	73	55
1464	392	71	59
1468	391	68	68
1464	395	71	57
1465	395	73	56
1465	398	69	58
1469	395	69	62
1467	396	70	66
1470	397	68	62
1469	397	70	62
1467	396	71	66
1470	396	68	69
1468	399	70	66
1469	399	70	65
1471	399	67	67
1468	396	70	76
1471	400	67	72
1471	401	70	60
1472	401	68	70
1471	401	70	62
1469	399	72	66
1470	400	71	61
1469	401	71	59
1470	402	72	62
1472	401	68	68
1472	404	69	58
1470	403	71	65
1468	402	72	68
1471	400	70	75
1471	403	70	61
1472	400	69	60
1468	401	71	65
1467	403	73	64
1466	402	71	62
1464	403	76	65
1465	406	73	54
1465	404	70	55
1465	402	70	65
1465	404	73	63
1461	406	76	52
1463	408	73	50
1456	402	82	61
1455	403	82	60
1456	407	79	59
1457	410	80	51
1456	413	80	46
1452	415	76	48
1448	417	82	42
1451	414	82	42
1447	420	82	36
1444	419	79	41
1466	416	70	34
1473	414	62	37
1466	408	60	48
1466	408	60	48
1455	407	58	63
1452	406	59	62
1462	413	52	55
1462	413	52	55
1462	413	52	55
1462	413	52	55
1462	413	52	55
1462	413	52	55
1462	413	52	55
1462	413	52	55
1462	413	52	55
1462	413	52	55
1462	413	52	55
1462	413	52	55
1462	413	52	55
1462	413	52	55
1462	413	52	55
1462	413	52	55
1462	413	52	55
1462	413	52	55
1462	413	52	55
1462	413	52	55
1462	413	52	55
1462	413	52	55
1462	413	52	55
1462	413	52	55
1462	413	52	55
1462	413	52	55
1462	413	52	55
1462	413	52	55
1364	427	56	49
1351	425	65	55
1348	417	67	64
1340	429	67	80
1339	412	75	86
1335	417	72	75
1328	418	77	72
1323	422	79	70
1318	430	78	67
1314	431	73	67
1309	432	77	71
1302	447	84	63
1299	440	78	74
1293	438	80	87
1290	445	69	88
1290	445	69	88
1280	455	66	96
1276	463	75	82
1271	466	72	86
1264	467	72	83
1259	469	74	79
1254	471	70	78
1250	472	71	72
1245	477	72	68
1238	472	76	74
1234	472	80	76
1224	494	57	75
1220	471	50	76
1216	486	51	86
1212	482	51	97
1205	468	60	86
1202	479	55	101
1195	465	66	91
1190	468	65	89
1183	481	69	95
1177	484	72	73
1173	481	72	77
1169	480	78	78
1169	483	75	78
1171	486	75	77
1173	486	73	76
1175	489	76	73
1178	490	80	75
1178	486	85	81
1184	487	80	80
1182	486	80	84
1178	490	79	80
1177	496	78	76
1173	498	76	73
1167	496	81	72
1162	498	82	74
1157	496	80	77
1154	495	79	76
1146	506	83	69
1135	503	87	77
1132	500	83	80
1127	502	80	80
1119	501	83	93
1114	503	84	85
1112	502	80	82
1106	500	83	84
1104	503	84	80
1100	502	88	89
1097	505	89	81
1100	503	85	84
1103	503	82	76
1104	505	86	73
1108	509	86	71
1115	503	84	77
1118	505	86	78
1122	500	91	80
1129	503	88	76
1136	507	86	74
1139	507	87	73
1142	506	92	74
1145	503	90	76
1148	503	91	76
1146	503	95	75
1147	504	94	79
1149	503	92	79
1147	503	97	80
1149	505	90	76
1148	503	92	77
1151	501	91	78
1150	499	90	82
1144	494	95	86
1147	495	91	86
1147	493	97	89
1160	501	88	78
1167	503	87	76
1180	506	87	77
1194	504	88	78
1212	504	85	83
1228	505	88	85
1244	507	86	83
1252	513	95	72
1265	509	94	83
1275	513	92	82
1280	513	94	84
1286	514	94	82
1293	518	89	78
1294	518	95	78
1298	515	93	81
1297	515	99	81
1299	513	97	84
1300	515	96	85
1301	513	99	93
1301	515	96	86
1299	514	98	87
1301	515	94	87
1300	516	97	84
1299	514	96	87
1299	518	94	81
1301	517	92	85
1296	520	99	80
1296	518	97	82
1298	524	96	78
1295	522	98	82
1295	522	98	83
1292	522	103	82
1290	521	102	86
1294	524	96	80
1291	525	97	80
1287	525	100	79
1287	526	95	79
1286	523	97	84
1284	523	97	85
1284	525	95	82
1281	524	99	81
1278	524	98	80
1277	522	98	81
1276	525	95	76
1276	527	93	77
1272	528	95	77
1270	523	92	86
1267	519	91	92
1266	523	93	85
1262	527	95	85
1260	522	94	93
1257	523	94	90
1256	526	91	88
1253	526	94	86
1250	524	96	82
1246	519	94	87
1242	525	94	81
1240	528	96	79
1236	530	94	77
1233	527	95	81
1230	525	96	85
1226	527	99	84
1223	526	99	82
1219	523	98	89
1215	523	103	88
1211	523	103	88
1208	523	107	92
1201	524	106	94
1198	522	108	95
1191	528	119	93
1188	521	113	93
1184	525	114	88
1183	525	115	89
1181	526	119	88
1183	532	119	85
1186	531	122	82
1189	530	131	90
1195	534	112	80
1199	535	95	83
1203	535	93	88
1205	535	98	85
1203	535	93	90
1202	535	98	87
1200	539	99	82
1198	544	96	77
1193	542	102	82
1189	543	98	78
1183	540	97	87
1178	543	94	81
1174	537	93	84
1169	537	98	88
1159	536	104	88
1155	536	97	87
1148	538	97	88
1142	535	95	91
1135	538	100	87
1128	539	98	83
1119	543	99	80
1113	542	97	81
1107	540	95	82
1101	542	96	81
1097	545	92	79
1090	548	89	80
1082	544	97	79
1078	547	96	74
1073	544	94	74
1065	546	97	71
1061	544	97	75
1059	542	92	82
1053	542	88	85
1047	541	89	84
1045	540	88	86
1040	543	90	93
1034	538	87	102
1029	535	88	123
1026	532	89	132
1022	518	100	144
1023	530	85	140
1019	528	93	137
1018	530	87	140
1015	524	86	136
1011	512	89	149
1010	522	84	142
1011	498	82	159
1006	514	85	155
1003	508	91	147
1004	515	87	140
1002	510	88	133
1003	515	83	129
1000	510	81	129
999	508	82	130
999	509	84	131
994	498	87	137
994	505	83	128
992	500	86	130
991	504	80	129
990	496	83	134
989	498	80	128
987	502	76	123
985	497	76	127
981	491	80	127
977	498	75	116
975	500	76	108
973	496	77	111
970	497	78	108
965	499	75	105
962	498	73	102
959	496	71	105
955	491	75	108
952	494	72	102
947	494	73	104
942	489	72	104
939	487	70	108
935	484	76	108
930	483	75	111
928	478	70	120
919	481	76	113
915	477	72	112
910	478	71	113
906	478	70	115
901	478	69	113
894	475	71	110
888	474	73	104
883	473	70	108
879	472	67	111
874	474	67	109
867	472	68	109
862	473	65	106
854	472	70	110
851	473	67	103
843	472	66	98
838	471	65	103
833	470	65	105
825	464	66	101
819	466	63	100
812	466	65	86
806	467	62	71
799	467	63	72
792	466	62	72
784	465	63	69
778	467	62	65
772	467	63	66
767	468	60	69
760	466	61	67
755	467	59	66
747	464	62	66
743	464	59	67
738	466	60	63
732	466	59	65
728	465	59	65
723	464	60	63
718	465	59	60
714	465	59	61
710	463	59	61
706	462	59	60
704	461	58	60
700	460	59	60
698	456	56	61
692	456	58	63
691	454	57	60
687	453	58	59
683	451	58	61
680	450	58	62
677	451	57	60
673	449	57	61
670	443	56	65
666	446	57	63
663	449	58	57
659	450	57	57
658	448	54	58
653	448	55	58
648	445	57	59
644	444	57	59
641	444	58	59
638	448	55	56
633	449	54	56
628	445	53	58
623	446	55	58
618	445	54	57
613	443	56	59
609	443	54	59
605	440	54	65
602	440	50	63
596	443	53	58
591	442	52	59
587	439	51	61
580	436	54	64
574	439	54	60
570	438	52	61
563	434	53	67
559	434	50	64
555	432	50	72
551	432	50	73
553	433	49	77
554	434	51	68
561	438	51	57
571	440	49	52
590	439	44	53
601	436	47	54
624	434	43	55
651	432	41	58
670	433	42	53
670	433	42	53
670	433	42	53
718	427	46	50
718	427	46	50
718	427	46	50
718	427	46	50
718	427	46	50
718	427	46	50
718	427	46	50
718	427	46	50
718	427	46	50
718	427	46	50
718	427	46	50
718	427	46	50
718	427	46	50
718	427	46	50
619	507	51	46
619	507	51	46
619	507	51	46
619	507	51	46
619	507	51	46
619	507	51	46
619	507	51	46
619	507	51	46
619	507	51	46
619	507	51	46
619	507	51	46
619	507	51	46
619	507	51	46
619	507	51	46
619	507	51	46
619	507	51	46
619	507	51	46
619	507	51	46
619	507	51	46
619	507	51	46
619	507	51	46
619	507	51	46
619	507	51	46
619	507	51	46
619	507	51	46
619	507	51	46
619	507	51	46
619	507	51	46
619	507	51	46
619	507	51	46
619	507	51	46
619	507	51	46
619	507	51	46
619	507	51	46
619	507	51	46
619	507	51	46
619	507	51	46
619	507	51	46
619	507	51	46
619	507	51	46
619	507	51	46
619	507	51	46
619	507	51	46
619	507	51	46
619	507	51	46
619	507	51	46
667	400	45	46
666	394	51	51
670	389	44	60
668	389	43	59
667	379	42	68
667	379	42	68
667	379	42	68
667	379	42	68
666	372	49	58
670	376	39	62
670	376	39	62
670	378	34	63
670	378	34	63
670	378	34	63
670	370	26	69
670	370	26	69
670	370	26	69
670	370	26	69
670	370	26	69
670	370	26	69
670	370	26	69
670	370	26	69
670	370	26	69
670	370	26	69
670	370	26	69
670	370	26	69
670	370	26	69
670	370	26	69
670	370	26	69
670	370	26	69
670	370	26	69
670	370	26	69
670	370	26	69
670	370	26	69
670	370	26	69
670	370	26	69
670	370	26	69
670	370	26	69
670	370	26	69
670	370	26	69
670	370	26	69
670	370	26	69
670	370	26	69
670	370	26	69
670	370	26	69
670	370	26	69
670	370	26	69
670	370	26	69
670	370	26	69
670	370	26	69
670	370	26	69
670	370	26	69
670	370	26	69
670	370	26	69
670	370	26	69
670	370	26	69
670	370	26	69
670	370	26	69
670	370	26	69
670	370	26	69
670	370	26	69
670	370	26	69
670	370	26	69
670	370	26	69
670	370	26	69
670	370	26	69
670	370	26	69
670	370	26	69
670	370	26	69
670	370	26	69
670	370	26	69
670	370	26	69
670	370	26	69
670	370	26	69
670	370	26	69
670	370	26	69
670	370	26	69
670	370	26	69
670	370	26	69
670	370	26	69
670	370	26	69
670	370	26	69
670	370	26	69
670	370	26	69
670	370	26	69
670	370	26	69
670	370	26	69
670	370	26	69
670	370	26	69
670	370	26	69
670	370	26	69
670	370	26	69
670	370	26	69
670	370	26	69
670	370	26	69
670	370	26	69
651	334	33	65
651	334	33	65
651	334	33	65
651	334	33	65
651	334	33	65
651	334	33	65
651	336	32	56
651	337	33	46
651	345	32	37
652	348	31	35
652	360	32	27
652	362	30	22
652	363	30	21
652	363	30	21
652	363	30	21
652	363	30	21
652	363	30	21
652	363	30	21
652	363	27	20
652	363	27	22
652	362	29	24
650	364	30	21
652	365	27	19
650	367	29	18
650	361	30	22
651	363	30	20
650	361	30	22
651	362	30	22
652	361	30	21
652	360	30	22
651	363	30	22
652	363	30	21
652	362	28	21
651	362	28	22
650	363	29	21
650	364	28	20
649	365	31	19
650	364	30	20
649	362	32	22
651	362	29	22
651	362	29	23
650	362	29	20
647	361	28	23
643	361	29	24
634	360	29	24
618	360	27	26
599	363	29	24
569	365	30	22
541	363	29	24
509	367	27	23
477	370	30	21
451	372	32	19
426	373	34	18
411	370	33	21
391	373	32	19
380	372	32	21
371	372	31	21
363	371	31	24
355	368	36	26
354	365	34	29
350	363	35	31
348	369	34	26
347	373	36	22
346	373	36	22
344	371	37	24
344	370	36	26
343	368	37	27
344	364	37	31
344	370	32	27
341	372	34	25
341	371	33	25
338	369	35	28
336	371	36	28
333	371	36	27
330	372	35	26
326	374	38	25
325	371	35	27
324	367	36	32
319	362	40	35
321	367	37	32
318	365	40	34
318	360	38	38
317	361	38	40
316	355	42	42
314	358	43	40
313	360	42	39
313	359	42	39
313	361	40	39
311	355	43	45
311	362	40	36
314	369	37	32
313	363	37	37
312	373	35	30
311	376	37	27
311	375	36	28
311	374	35	27
309	374	38	27
307	374	36	27
306	374	37	27
307	374	35	27
306	372	36	30
306	370	36	32
303	368	37	33
303	376	35	28
303	376	35	27
302	377	34	28
301	376	35	29
299	377	37	28
298	378	39	27
299	375	36	30
296	379	36	26
296	378	36	26
295	378	37	28
293	378	39	28
291	381	37	26
291	380	38	25
290	379	37	29
289	379	37	27
288	378	38	28
285	374	41	33
284	371	38	36
280	369	41	38
278	365	43	42
280	372	38	36
275	367	41	41
276	370	38	39
270	365	43	42
270	371	41	37
267	371	45	38
262	370	45	39
261	366	44	43
257	366	44	41
258	373	44	37
256	367	43	40
256	371	41	39
250	368	44	42
250	369	43	40
247	367	44	41
249	375	40	36
248	370	39	39
248	366	38	43
247	368	40	41
247	367	38	44
244	367	42	43
245	363	42	47
244	365	43	45
241	363	46	48
240	361	47	51
236	367	53	45
241	363	44	50
242	366	46	47
241	363	45	50
241	366	48	47
240	369	49	44
241	371	46	44
242	365	50	51
242	363	50	52
245	362	50	52
245	366	49	49
248	366	46	49
247	365	49	51
251	362	47	53
252	365	46	52
257	366	44	49
258	368	45	48
257	365	50	53
262	370	47	46
265	366	48	51
267	364	48	52
270	368	46	49
272	372	48	47
276	370	50	48
280	376	48	43
283	371	45	49
284	370	50	50
284	368	50	53
290	369	50	50
295	371	50	50
298	374	51	48
299	372	51	50
300	368	54	56
306	369	51	55
312	371	46	52
319	373	42	51
326	376	40	50
329	377	41	47
333	378	38	47
335	378	37	49
340	379	37	48
345	378	37	49
349	377	36	49
353	376	37	53
356	375	36	51
359	376	37	51
362	380	38	49
367	377	38	55
371	379	38	51
371	379	38	51
378	377	37	53
382	381	39	52
386	383	38	48
388	383	37	49
391	384	38	48
391	382	39	49
389	383	37	48
383	383	38	50
373	385	35	48
357	383	42	50
338	383	45	51
313	386	43	50
285	390	41	50
250	394	33	46
207	393	33	46
168	405	37	39
116	396	29	43
64	397	30	51
26	400	39	51
26	400	39	51
26	400	39	51
26	400	39	51
26	400	39	51
26	400	39	51
26	400	39	51
26	400	39	51
26	400	39	51
26	400	39	51
26	400	39	51
26	400	39	51
26	400	39	51
26	400	39	51
26	400	39	51
26	400	39	51
26	400	39	51
26	400	39	51
26	400	39	51
26	400	39	51
26	400	39	51
26	400	39	51
26	400	39	51
26	400	39	51
26	400	39	51
26	400	39	51
26	400	39	51
26	400	39	51
26	400	39	51
26	400	39	51
26	400	39	51
26	400	39	51
26	400	39	51
26	400	39	51
26	400	39	51
26	400	39	51
26	400	39	51
26	400	39	51
26	400	39	51
26	400	39	51
26	400	39	51
26	400	39	51
26	400	39	51
26	400	39	51
26	400	39	51
26	400	39	51
26	400	39	51
26	400	39	51
26	400	39	51
26	400	39	51
26	400	39	51
26	400	39	51
26	400	39	51
26	400	39	51
26	400	39	51
26	400	39	51
26	400	39	51
26	400	39	51
26	400	39	51
26	400	39	51
26	400	39	51
26	400	39	51
26	400	39	51
26	400	39	51
26	400	39	51
26	400	39	51
26	400	39	51
26	400	39	51
26	400	39	51
26	400	39	51
26	400	39	51
26	400	39	51
26	400	39	51
26	400	39	51
26	400	39	51
