646	687	24	27
644	685	24	26
648	685	21	23
648	685	20	23
646	684	21	24
647	683	21	22
650	682	19	21
649	683	19	16
650	681	17	15
648	679	18	17
648	679	18	16
648	678	16	16
647	678	17	17
646	676	17	19
644	675	19	19
642	674	20	23
641	673	20	26
639	672	22	28
639	670	21	29
635	669	24	33
635	669	24	30
633	669	24	30
631	668	25	33
629	667	27	35
627	666	29	37
627	664	28	35
627	663	26	35
625	663	28	34
623	663	28	33
620	664	28	31
622	664	25	26
619	665	25	25
617	667	22	23
612	669	24	21
610	671	22	17
610	671	22	18
610	670	18	18
609	670	18	18
606	668	20	19
604	668	21	20
604	668	21	19
604	669	19	20
602	668	21	23
599	667	22	25
599	667	22	24
597	664	24	28
594	663	25	27
594	663	24	26
591	663	26	27
590	663	24	27
589	662	24	29
584	663	25	31
583	664	24	27
578	668	24	25
576	671	25	21
574	670	26	22
573	670	26	21
569	671	26	21
567	673	29	21
564	674	28	23
564	673	29	25
559	674	30	24
556	676	30	24
551	679	32	19
548	678	31	21
549	679	28	19
545	679	31	20
540	679	28	20
534	678	25	21
532	678	24	21
532	679	19	20
529	678	17	22
527	677	16	23
521	677	18	21
518	676	21	24
517	675	24	25
512	673	23	27
510	672	25	23
504	671	27	21
501	671	20	22
501	670	18	23
496	666	19	22
494	666	17	22
491	664	15	23
488	662	14	22
488	661	14	21
485	661	14	21
482	660	14	20
480	657	13	23
477	657	15	21
476	657	14	19
474	655	14	18
471	655	17	18
469	653	18	19
467	651	16	19
466	650	20	21
464	649	21	20
462	647	21	20
460	646	21	19
456	644	24	19
456	643	24	18
454	641	23	17
451	641	27	15
449	639	26	16
449	636	26	18
448	634	26	20
447	631	28	22
446	626	26	24
446	623	24	26
469	606	29	31
466	603	33	37
459	603	40	42
457	600	42	46
446	604	46	44
447	601	53	46
445	597	59	51
445	597	60	50
446	595	60	51
448	592	58	52
447	592	59	49
447	590	59	52
447	591	58	48
448	587	59	51
448	586	57	51
450	585	56	50
449	584	56	50
448	584	56	49
450	581	55	51
449	579	58	52
450	577	57	53
449	578	57	50
447	572	63	58
449	573	57	54
452	573	53	52
452	570	58	52
450	569	63	52
443	585	59	38
448	578	57	39
445	578	51	39
450	583	41	32
445	583	44	32
448	582	39	31
450	584	37	26
452	584	33	24
454	584	31	23
452	583	30	24
454	583	27	23
454	581	23	25
455	581	22	23
455	581	21	22
455	580	20	23
455	579	21	22
455	579	20	21
456	578	20	22
456	577	22	25
455	576	24	25
456	575	27	27
456	574	29	29
457	572	30	29
457	571	31	30
457	570	31	30
458	570	31	28
457	569	33	29
458	569	33	29
459	569	31	28
455	565	34	33
456	563	34	34
458	564	31	31
458	563	29	29
458	562	28	27
458	562	27	25
461	562	25	22
461	560	25	23
463	558	25	24
466	559	24	23
466	558	23	24
468	558	23	22
470	557	25	22
470	556	30	23
472	554	33	24
471	554	32	24
473	552	32	27
475	552	33	26
475	551	32	26
475	549	31	27
475	549	31	28
476	547	29	29
477	542	26	30
479	543	24	27
478	538	24	25
479	541	22	22
478	541	22	16
479	540	20	14
480	539	17	13
481	537	16	14
480	536	17	14
481	535	19	18
482	532	20	20
481	529	20	19
481	527	20	19
482	526	19	22
481	521	18	26
481	521	17	23
480	519	17	22
481	516	15	24
480	516	15	25
480	511	15	25
479	512	17	22
478	511	18	20
478	511	17	18
477	511	17	17
476	510	16	17
475	508	17	19
474	507	17	20
473	507	17	19
473	507	17	19
473	507	16	18
472	507	17	19
471	506	16	21
