1631	470	222	282
1592	470	221	255
1537	462	197	263
1487	456	187	251
1437	457	178	248
1394	454	167	231
1352	454	162	216
1316	449	163	226
1290	448	148	213
1269	446	157	216
1257	441	156	212
1245	438	148	220
1240	442	147	212
1234	438	149	214
1236	440	150	209
1235	437	159	214
1240	433	154	213
1245	431	156	206
1247	434	154	210
1254	431	153	216
1261	433	152	204
1263	435	152	203
1266	435	159	210
1271	436	167	210
1276	436	186	199
1287	439	166	188
1288	437	172	187
1296	430	165	199
1299	434	174	198
1308	434	156	203
1306	432	180	199
1315	438	151	204
1309	433	158	203
1301	438	162	202
1292	439	157	243
1284	440	146	248
1266	429	142	216
1240	426	146	246
1218	426	138	249
1187	406	135	244
1155	412	139	253
1126	418	134	247
1092	404	126	233
1076	418	127	221
1047	426	127	213
1022	421	132	208
1014	422	126	215
997	424	130	235
989	408	130	216
992	422	124	205
979	423	131	207
979	422	132	221
981	428	122	212
977	412	140	183
979	428	141	158
988	435	132	160
992	434	128	163
990	431	134	167
991	426	133	179
993	423	138	182
995	422	139	196
998	424	134	227
996	406	137	227
999	411	137	234
1003	413	134	250
999	403	137	223
1007	418	131	193
1011	417	127	216
1009	419	129	234
1010	425	131	240
1010	408	131	234
1009	412	133	251
1016	400	121	239
1012	413	128	244
1007	393	132	221
1008	416	131	216
1006	416	136	227
1005	377	136	237
1003	410	136	217
1003	418	135	207
1002	414	134	214
1002	414	135	218
1002	411	131	225
996	414	145	225
996	409	138	230
998	414	132	225
995	410	131	224
991	411	132	222
990	413	130	224
990	411	127	223
984	413	130	220
981	410	128	217
976	413	131	202
975	413	131	207
972	415	132	207
970	406	131	224
962	409	129	220
963	406	125	221
957	406	130	220
955	409	122	220
946	413	126	218
936	410	126	210
924	412	123	217
906	412	118	210
892	405	123	213
870	403	119	229
854	406	121	224
838	403	115	225
817	401	121	234
804	405	124	235
791	406	128	236
779	412	129	224
771	406	126	230
763	412	127	217
757	412	122	208
748	413	123	202
744	412	121	204
737	414	119	196
731	414	119	180
728	404	116	199
723	410	115	182
723	413	109	165
716	407	110	176
710	405	113	180
705	400	112	187
699	400	112	196
692	399	114	200
686	399	112	191
682	397	118	221
672	393	122	220
670	395	114	220
665	392	118	216
660	394	117	219
657	389	117	223
646	396	121	210
641	398	119	207
638	391	112	213
629	391	117	211
622	391	115	211
617	394	117	203
614	388	111	208
608	391	109	205
601	391	109	206
597	390	108	205
591	389	110	207
583	392	108	200
580	391	108	195
573	385	108	205
569	387	106	200
566	391	108	195
560	387	105	200
556	390	108	196
552	387	108	201
546	387	106	197
542	390	110	199
537	387	113	200
535	387	109	198
529	391	109	196
525	385	109	201
525	385	111	203
521	389	111	196
516	388	114	197
514	388	111	196
516	395	105	184
514	394	107	188
509	394	110	190
509	392	108	191
503	391	109	190
504	393	110	192
500	391	116	196
500	393	113	195
495	399	118	189
493	399	116	188
496	388	114	198
493	391	117	195
493	392	113	190
491	394	115	193
493	396	116	187
490	400	118	185
495	395	113	191
492	397	114	187
490	395	115	187
488	393	118	186
490	391	119	187
491	384	111	195
488	393	117	178
492	392	114	179
491	386	113	183
492	382	112	186
491	386	116	178
492	382	112	178
493	382	113	173
492	371	114	187
494	374	116	182
494	374	117	175
498	375	115	171
499	375	111	168
498	368	118	173
499	371	110	168
503	363	108	172
501	365	111	168
500	366	113	168
504	366	112	162
503	367	108	163
507	366	108	161
506	363	107	164
507	362	107	160
512	365	103	157
511	362	104	156
514	363	101	156
513	365	104	150
514	363	102	152
516	367	100	147
521	366	96	149
522	363	97	148
522	363	98	146
523	370	96	139
527	364	94	145
526	364	96	146
528	364	92	142
530	367	94	139
532	365	91	142
533	370	89	136
535	370	89	136
534	368	91	136
538	366	89	140
539	366	93	139
539	367	93	137
544	369	87	135
548	371	86	131
551	371	87	128
556	369	90	129
567	370	92	126
583	369	94	128
598	367	89	129
614	364	84	131
623	366	93	124
637	366	85	120
648	365	78	122
656	363	81	123
665	365	78	119
670	364	71	120
672	365	74	115
675	363	77	116
677	364	75	115
676	364	79	115
680	364	80	117
681	364	93	115
680	364	82	113
682	364	75	111
685	366	72	107
686	363	73	111
689	361	70	112
688	363	71	108
684	365	80	105
689	362	72	110
690	364	73	107
690	364	68	104
692	362	71	105
690	363	70	104
692	361	73	106
697	359	65	110
699	358	65	104
704	356	62	104
706	358	68	102
708	358	82	100
722	362	94	94
728	362	102	93
740	360	101	93
749	362	104	88
757	354	103	95
764	359	108	86
775	354	104	93
784	357	100	95
789	356	100	92
794	354	99	93
797	355	98	91
800	354	98	91
800	354	100	89
803	357	99	82
796	358	106	79
806	352	96	88
809	349	94	90
806	348	97	91
807	346	99	89
808	344	97	94
810	349	95	93
811	347	96	90
814	346	92	90
811	346	97	90
814	347	99	90
821	348	98	88
832	349	92	86
840	346	95	90
851	353	97	80
869	348	92	84
884	348	95	83
892	346	99	84
907	342	96	87
916	354	99	96
928	347	95	86
939	340	90	91
947	338	87	94
958	348	78	84
957	344	85	91
954	346	88	88
956	339	89	92
956	338	91	91
963	335	82	97
965	341	79	94
960	337	85	95
966	348	79	87
964	344	87	88
962	349	85	86
959	343	94	87
968	346	81	90
963	341	88	95
973	342	78	93
971	339	78	98
972	345	78	92
968	338	83	97
970	346	82	92
971	343	80	92
969	340	83	89
968	337	84	93
968	345	87	90
973	336	81	102
968	336	86	103
968	331	89	106
967	329	88	111
969	328	85	109
969	326	84	110
971	323	85	116
974	327	82	113
973	328	84	111
976	335	79	103
978	336	79	106
978	346	78	94
983	343	73	98
982	341	78	101
975	335	84	105
966	343	97	94
976	341	82	97
985	338	74	100
980	337	78	105
974	327	87	116
979	329	85	110
978	333	83	101
976	337	87	98
975	334	88	105
968	339	94	103
982	337	78	97
985	326	81	106
986	329	82	101
978	338	86	103
979	329	86	113
978	326	88	118
984	322	85	122
976	326	91	117
984	326	84	121
987	328	83	126
984	329	88	125
986	338	87	110
986	343	87	117
985	347	90	117
989	343	74	123
986	354	84	115
986	351	85	121
984	350	90	123
990	345	84	130
992	348	84	132
988	349	85	129
990	350	87	124
987	358	88	110
990	358	84	98
992	356	85	100
990	352	88	106
992	352	89	106
985	352	93	131
983	351	92	130
990	356	86	127
990	347	91	132
988	353	89	119
989	349	94	122
989	349	91	129
991	353	87	128
991	349	87	123
993	348	87	122
992	353	87	125
992	348	86	127
985	347	93	136
984	349	93	129
987	345	93	134
987	346	90	134
989	350	90	129
989	344	93	135
991	338	84	138
994	342	79	140
989	345	92	138
991	351	89	127
992	340	86	131
995	341	84	137
995	332	79	140
992	337	89	142
991	343	85	127
998	347	82	130
995	345	85	127
988	339	94	140
994	338	87	141
994	343	83	134
994	345	85	129
995	338	85	136
996	345	84	130
996	339	83	138
992	340	87	137
992	337	90	139
994	344	82	131
1001	337	61	141
1000	335	67	145
999	342	78	140
999	339	78	137
995	342	79	140
992	341	86	145
996	342	76	141
993	343	84	138
996	344	76	139
995	342	81	142
998	334	73	149
994	336	83	147
996	339	81	138
997	337	79	144
996	340	77	143
996	336	78	141
999	336	76	141
997	335	75	144
998	334	79	143
994	333	82	147
996	334	79	146
997	335	77	144
996	334	80	145
998	336	77	138
996	336	81	143
995	333	81	142
995	335	74	146
999	329	62	152
998	329	62	150
992	333	82	149
996	331	72	149
994	333	80	147
996	336	75	138
992	336	82	142
998	330	72	150
999	329	76	153
999	336	68	145
996	335	76	146
994	333	75	150
996	333	76	149
995	331	76	150
996	334	72	146
995	333	75	150
993	335	76	149
990	336	78	148
991	334	82	148
992	334	79	153
994	334	75	147
997	334	73	146
993	333	79	151
992	338	78	143
989	334	85	149
989	337	83	148
996	334	70	153
995	333	72	151
994	335	73	150
992	333	77	153
993	332	73	148
989	335	81	148
991	333	76	151
989	332	82	154
985	332	86	157
986	335	82	152
991	334	77	151
990	333	77	153
992	332	75	159
995	334	71	150
996	333	68	152
993	335	75	145
993	337	72	144
996	337	72	144
997	335	71	141
996	337	72	144
998	335	71	144
999	336	67	147
1000	333	65	152
996	332	73	156
996	327	70	161
999	332	67	152
997	332	72	155
996	328	69	159
996	332	70	152
999	329	63	156
1000	330	62	155
1000	330	65	151
999	331	66	152
997	332	66	152
1000	330	63	155
1000	329	62	156
997	333	68	149
998	334	67	151
1001	335	65	147
997	333	68	147
1000	330	60	155
1001	326	59	156
1001	324	61	155
1001	328	61	154
1002	326	57	147
1004	325	54	154
1003	324	55	156
1001	320	57	161
999	324	60	154
1001	320	57	158
1003	322	54	156
1005	321	52	159
1006	318	50	159
1005	321	52	154
1005	317	54	159
1005	315	53	160
1005	314	53	160
1004	312	54	165
1004	315	53	160
1004	317	54	154
1002	317	58	141
1007	316	52	134
1005	325	54	146
1006	318	54	140
1011	311	46	137
1008	325	51	141
1005	315	55	154
1007	318	53	141
1006	320	54	137
1007	316	53	138
1006	314	54	148
1008	317	52	148
1008	307	53	153
1007	313	54	147
1005	310	56	153
1005	310	57	152
1007	313	54	146
1010	312	50	140
1008	314	53	142
1010	311	52	145
1009	305	54	151
1010	308	50	148
1007	313	55	138
1011	313	49	142
1007	314	48	136
1002	313	46	139
988	318	48	133
968	317	51	132
944	317	55	130
926	317	44	130
881	342	62	109
835	323	68	121
801	316	57	129
764	315	55	128
722	314	46	131
679	315	46	133
621	314	51	134
564	310	53	142
519	344	58	121
470	319	51	132
418	316	60	133
386	316	57	138
350	312	66	148
329	307	62	149
296	308	79	144
286	310	69	140
283	310	65	144
276	302	65	156
269	307	69	148
266	307	69	144
269	309	68	140
269	303	66	146
271	308	61	136
271	313	69	123
262	311	80	122
272	304	77	137
269	308	83	130
271	300	79	135
251	293	97	144
240	296	117	144
238	308	126	130
247	311	122	126
243	304	122	126
243	302	119	131
253	303	114	127
249	314	122	120
264	310	110	127
285	314	96	116
287	313	89	122
279	305	96	130
292	323	84	116
313	325	70	113
289	309	56	128
291	301	52	134
290	313	52	127
289	308	51	129
295	308	38	127
293	314	50	127
309	315	69	126
289	309	57	128
291	313	50	123
323	337	60	114
293	314	57	125
292	308	55	128
293	300	51	135
319	323	68	131
287	311	70	126
291	310	52	119
329	335	55	107
308	329	76	107
283	318	88	116
281	314	108	119
275	308	108	122
261	303	121	132
264	313	124	125
241	302	141	130
235	306	149	126
203	293	175	137
226	290	162	150
209	290	167	135
243	291	151	132
215	290	165	135
204	273	171	151
226	319	170	147
183	279	192	141
190	277	183	141
193	285	181	136
195	286	176	135
208	286	165	135
182	285	197	139
212	280	165	147
181	280	190	141
167	263	210	160
143	245	236	181
165	234	213	197
172	218	204	210
170	195	203	228
158	260	213	181
169	245	208	180
176	233	198	193
179	203	196	224
160	252	217	206
158	239	217	225
161	204	211	229
158	273	210	198
161	260	210	191
170	253	199	181
167	219	206	208
173	201	201	226
159	252	221	193
167	239	205	192
165	220	209	202
162	218	215	192
152	263	217	183
160	258	217	175
169	275	205	163
161	276	209	158
156	274	224	147
168	255	213	172
174	259	220	166
186	228	218	202
213	214	211	214
235	176	203	249
241	228	223	245
278	239	218	211
325	238	201	171
378	210	180	198
387	209	204	198
446	220	185	187
497	190	163	228
484	210	191	192
534	239	209	162
557	246	222	152
586	248	228	140
638	240	215	143
669	245	218	140
714	261	201	110
747	254	206	120
780	256	191	122
825	252	164	142
830	263	169	140
845	278	165	130
855	250	167	128
867	261	160	122
876	270	144	120
878	278	141	122
881	281	145	122
875	280	152	126
878	284	141	118
874	280	153	125
871	282	154	120
876	279	150	128
880	280	129	128
880	280	111	121
882	279	120	122
880	281	133	124
874	280	137	126
876	282	117	111
876	281	130	117
875	281	129	122
