1430	363	400	228
1402	360	388	229
1374	367	384	216
1346	367	381	217
1329	372	380	207
1308	371	383	211
1292	376	366	207
1296	369	344	208
1286	376	347	206
1273	384	353	190
1268	380	355	198
1261	379	355	192
1262	376	342	200
1268	384	322	188
1265	383	325	186
1260	381	323	191
1259	376	320	194
1257	376	309	192
1247	376	321	193
1251	374	304	194
1237	371	319	200
1239	370	309	194
1233	369	305	187
1232	375	315	177
1229	375	302	177
1224	372	301	177
1221	371	295	180
1216	363	302	182
1214	366	292	179
1214	368	285	175
1213	360	282	177
1194	361	296	172
1198	363	290	168
1196	357	286	175
1192	354	265	169
1188	351	267	169
1183	351	270	164
1178	346	270	168
1175	345	264	166
1177	345	254	157
1170	348	255	146
1172	342	252	151
1174	340	238	154
1164	337	255	155
1158	339	250	147
1162	333	235	146
1153	329	255	151
1150	330	239	138
1143	331	238	135
1136	323	216	138
1138	323	203	135
1144	320	187	140
1139	315	184	144
1139	313	178	138
1135	310	178	142
1134	312	181	140
1131	309	180	140
1126	309	179	130
1124	311	176	129
1119	307	180	130
1118	310	172	130
1119	306	164	128
1114	307	168	128
1110	303	170	133
1112	306	165	127
1117	304	150	128
1110	303	151	132
1103	304	155	126
1107	296	143	132
1103	299	145	134
1099	300	145	135
1090	288	153	143
1083	300	162	124
1082	294	153	131
1076	296	159	126
1075	298	157	125
1077	294	156	129
1078	297	145	125
1073	297	157	124
1080	288	149	133
1087	291	137	133
1097	288	138	135
1106	291	134	132
1120	291	128	129
1142	290	117	130
1170	293	109	124
1190	294	113	123
1213	286	121	134
1234	285	127	135
1269	282	123	139
1277	290	134	125
1297	284	132	135
1315	284	126	140
1330	291	127	130
1347	286	116	132
1345	289	128	129
1347	283	129	138
1346	280	133	142
1353	284	125	136
1356	284	121	133
1352	278	128	143
1351	268	135	162
1355	269	126	157
1357	272	130	151
1360	278	120	141
1361	277	117	142
1361	266	116	157
1362	279	118	140
1371	273	114	150
1381	275	106	138
1379	265	119	153
1354	257	151	158
1364	258	160	164
1361	269	145	145
1372	274	145	136
1372	272	147	137
1387	279	147	127
1369	278	154	132
1377	280	175	128
1371	280	175	136
1366	275	186	133
1366	280	186	129
1365	278	197	133
1365	276	227	138
1359	274	276	138
1353	280	294	133
1365	273	282	144
1362	278	276	136
1359	278	288	136
1369	271	282	150
1374	274	269	149
1376	269	273	157
1384	260	261	167
1390	266	256	164
1393	265	258	177
1393	270	260	160
1399	274	255	158
1395	280	263	151
1383	284	270	147
1391	285	277	146
1390	285	283	145
1386	285	289	149
1390	284	277	144
1393	283	282	147
1388	283	282	145
1393	283	283	143
1381	286	293	134
1392	281	289	139
1363	280	319	145
1389	267	293	169
1385	277	276	156
1392	278	285	143
1358	278	275	142
1390	272	289	152
1380	276	295	146
1378	273	305	143
1375	273	313	137
1307	266	372	156
1320	276	370	137
1392	308	359	150
1333	268	362	150
1337	272	351	143
1365	267	316	146
1381	269	298	145
1372	266	311	146
1361	267	329	139
1388	269	289	143
1321	268	299	143
1399	265	276	153
1328	268	276	133
1319	269	322	142
1314	262	362	148
1310	265	368	148
1305	261	366	151
1302	260	370	160
1301	250	370	159
1287	248	389	170
1284	248	391	171
1255	263	422	149
1317	262	356	158
1294	264	371	152
1260	249	398	176
1288	261	375	153
1262	260	397	158
1293	265	390	153
1272	257	394	165
1274	250	392	173
1275	268	388	153
1260	263	392	160
1276	247	407	176
1270	235	412	187
1267	265	398	152
1287	254	392	165
1263	250	419	174
1240	264	431	160
1274	236	454	196
1271	253	407	170
1270	239	405	181
1286	254	386	171
1303	251	369	171
1299	257	367	169
1317	262	346	161
1319	263	351	165
1319	264	349	161
1342	268	328	157
1345	268	334	156
1359	256	318	185
1400	258	272	181
1320	274	319	154
1318	275	343	156
1319	270	347	166
1298	266	378	170
1298	273	375	160
1259	256	418	187
1249	271	442	173
1236	249	447	202
1184	277	471	168
1238	265	450	187
1238	274	424	179
1262	244	454	213
1234	242	483	219
1162	229	509	240
1235	205	531	270
1150	227	589	237
1112	198	588	272
1158	222	654	256
1097	233	722	245
1031	248	755	211
1103	227	725	247
1089	206	719	287
1080	207	734	271
1055	225	834	267
1016	214	864	283
1001	212	906	294
950	212	975	312
893	230	996	284
889	242	985	266
950	227	992	296
848	246	1066	269
784	245	1142	265
710	220	1225	289
706	244	1236	248
786	234	1159	272
720	239	1200	265
796	251	1155	262
779	227	1152	262
728	229	1207	265
759	247	1208	263
698	222	1250	286
764	232	1203	288
723	232	1235	293
717	216	1248	326
712	229	1250	294
705	233	1254	279
703	222	1242	289
727	228	1218	280
791	210	1196	367
690	220	1301	300
691	214	1289	314
693	239	1279	277
708	216	1247	296
700	216	1229	294
686	217	1163	283
793	231	1135	273
743	207	1181	293
750	209	1215	326
707	221	1202	299
693	224	1174	288
678	223	1041	250
807	213	1119	287
812	223	1124	310
799	249	1131	403
853	312	1125	431
714	185	1217	320
684	229	1190	252
802	232	1181	327
865	280	1098	480
874	304	1067	444
870	230	1057	489
922	326	988	392
1008	368	887	308
906	275	834	376
988	351	795	302
936	246	802	403
998	327	714	308
999	342	700	276
1108	355	589	261
1160	324	494	284
1180	349	449	248
1194	361	427	229
1240	326	430	186
1201	326	463	207
1200	343	443	190
1232	340	446	169
1212	333	455	157
1172	322	482	180
1229	315	452	178
1188	326	475	177
1195	315	515	193
1154	327	517	178
1183	326	516	171
1134	341	524	165
1188	335	506	147
1146	321	530	174
1121	350	537	149
1163	340	523	145
1202	313	550	183
1155	338	547	160
1132	333	529	153
1178	328	513	160
1129	343	531	160
1139	336	554	151
1181	317	593	189
1178	335	574	166
1122	328	557	174
1165	339	545	159
1126	331	542	159
1210	357	480	160
1203	361	484	141
1178	346	501	150
1257	341	454	165
1218	371	469	135
1195	374	490	127
1164	357	512	139
1192	368	493	135
1180	362	500	140
1152	350	539	152
1165	343	526	173
1142	337	560	164
1167	356	532	157
1159	348	540	153
1195	352	571	162
1154	355	551	141
1201	373	524	134
1165	362	536	140
1193	361	551	149
1161	370	543	128
1198	365	535	138
1140	352	581	159
1184	359	594	157
1143	360	569	140
1132	371	609	134
1155	371	602	127
1143	349	583	168
1121	364	607	146
1155	346	602	173
1139	366	601	144
1167	358	581	148
1174	358	595	164
1174	362	615	171
1196	353	592	156
1260	340	653	192
1169	356	645	159
1202	357	621	161
1283	349	632	187
1202	363	643	150
1263	345	633	193
1196	372	659	146
1200	348	692	164
1190	357	681	173
1174	352	710	166
1153	358	729	179
1179	341	711	185
1169	356	720	181
1143	360	763	161
1189	365	711	164
1165	332	747	220
1178	346	712	182
1156	356	740	175
1163	340	753	194
1136	351	781	188
1168	312	753	238
1200	228	718	312
1193	207	718	341
1217	213	695	313
1219	348	687	214
1193	338	723	200
1156	340	767	216
1176	307	734	263
1219	246	699	337
1200	217	712	348
1252	343	671	245
1223	340	692	214
1181	315	735	254
1189	283	733	294
1207	227	704	335
1215	191	700	364
1214	303	726	356
1247	227	667	375
1222	206	676	349
1217	334	718	269
1233	314	710	259
1256	253	645	325
1246	241	670	324
1222	217	700	340
1240	320	698	296
1277	288	641	296
1274	273	646	306
1293	229	627	352
1223	196	678	373
1234	300	713	321
1253	244	690	363
1241	179	668	410
1234	191	690	355
1236	252	709	354
1203	205	749	380
1215	192	724	359
1228	236	712	372
1247	200	674	387
1225	208	697	351
1321	320	620	300
1285	251	643	365
1228	194	708	414
1191	220	732	325
1294	333	650	284
1257	250	676	361
1264	223	668	367
1255	227	678	325
1347	297	677	332
1336	240	599	379
1260	206	667	388
1223	208	712	372
1259	219	672	326
1382	353	561	261
1391	331	534	287
1381	301	557	325
1360	255	574	374
1285	203	641	425
1290	206	641	376
1319	189	623	442
1340	190	593	436
1407	159	519	463
1424	149	503	479
1408	154	518	476
1436	143	487	483
1407	209	524	421
1424	160	507	467
1415	175	502	447
1399	194	514	426
1378	158	549	459
1356	181	574	441
1318	185	615	406
1347	178	583	434
1414	183	520	446
1439	142	480	481
1379	183	549	433
1415	151	523	473
1406	148	522	467
1434	157	490	460
1390	203	550	410
1422	184	508	432
1431	155	494	466
1424	135	494	485
1375	203	555	416
1337	187	602	418
1263	174	675	435
1299	184	631	395
1312	174	613	434
1298	161	632	438
1293	183	634	410
1306	184	634	396
1271	177	656	399
1262	198	670	373
1267	180	670	428
1264	195	661	384
1257	212	681	341
1261	197	679	412
1200	174	729	403
1189	185	759	358
1217	189	727	404
1275	184	655	401
1320	190	617	426
1256	189	676	405
1236	201	694	377
1287	210	649	381
1238	196	688	373
1252	208	692	396
1220	197	716	376
1221	209	712	378
1252	197	684	397
1302	209	639	401
1312	171	615	449
1380	153	543	446
1414	181	529	449
1431	159	487	472
1444	137	477	496
1418	178	494	455
1419	205	515	430
1427	171	479	459
1419	183	496	458
1394	171	532	466
1442	127	476	522
1409	155	517	480
1394	211	534	427
1421	187	509	450
1409	197	510	450
1443	146	460	496
1415	194	507	450
1441	143	469	502
1405	169	504	478
1411	175	511	474
1389	213	533	428
1371	242	566	399
1424	203	496	426
1413	156	499	485
1386	190	537	460
1307	198	619	445
1393	199	525	430
1418	234	508	410
1434	169	454	474
1402	241	527	404
1378	214	548	422
1339	199	595	444
1337	218	594	402
1365	241	575	396
1353	211	587	418
1367	173	565	473
1409	177	503	477
1385	174	538	464
1363	214	569	420
1286	227	652	396
1275	201	655	439
1251	201	675	415
1236	199	691	402
1241	199	684	400
1206	211	720	385
1311	207	640	402
1290	238	636	370
1332	204	595	427
1350	158	585	496
1333	203	580	435
1254	206	673	418
1321	214	607	401
1303	196	626	432
1364	221	558	433
1327	211	611	433
1259	181	670	443
1265	203	670	402
1227	221	694	345
1187	227	745	364
1208	239	733	287
1185	218	755	325
1257	222	678	411
1254	212	669	397
1247	205	676	410
1256	198	683	395
1274	217	655	418
1268	223	658	381
1212	226	707	327
1222	225	699	356
1300	221	640	418
1392	244	537	392
1424	208	493	438
1414	164	488	481
1382	231	554	418
1418	201	516	455
1413	203	505	443
