655	316	93	87
652	318	101	84
648	323	94	82
648	319	91	86
650	319	90	87
648	318	93	90
648	321	93	86
646	321	90	87
644	325	87	81
642	323	92	88
639	325	93	83
639	322	90	89
636	324	92	87
633	329	92	81
633	325	96	88
632	323	93	92
627	327	95	88
627	325	93	89
626	322	95	94
622	323	99	94
622	323	96	94
622	320	94	101
617	324	100	98
614	325	102	96
611	326	103	94
612	327	96	94
606	332	100	90
606	327	102	94
603	328	103	92
602	325	104	97
604	323	100	105
598	323	105	102
600	324	104	101
594	324	112	99
590	324	114	101
590	322	117	102
585	323	121	100
585	322	118	104
581	319	120	107
581	321	119	106
573	322	124	108
575	320	124	111
576	323	119	110
572	325	122	106
583	324	116	108
586	323	121	109
595	324	117	110
601	325	135	110
617	329	130	106
640	328	130	104
659	324	136	110
689	322	136	113
720	325	132	106
739	339	132	96
773	350	132	86
807	358	134	79
835	360	132	74
869	363	128	72
899	357	131	81
927	357	132	85
948	356	139	90
964	354	138	93
980	359	135	86
982	359	145	90
990	363	143	86
993	361	153	90
997	361	148	92
999	361	148	92
1000	363	149	93
995	359	153	98
995	360	147	96
994	357	136	109
986	359	156	99
985	357	158	109
981	356	157	109
978	357	162	106
975	356	162	114
975	353	159	116
971	357	160	111
966	361	161	107
965	358	158	110
963	363	156	107
958	357	152	114
956	363	158	112
951	362	159	113
946	369	158	108
943	372	166	105
939	360	168	122
930	366	177	112
927	370	173	112
923	368	164	116
920	372	167	114
917	372	161	118
915	356	163	134
911	362	166	130
905	363	191	126
903	359	195	132
906	348	188	152
903	352	199	149
904	353	202	152
904	348	206	158
909	343	207	168
909	338	221	177
909	334	230	181
913	346	221	170
922	331	217	190
923	335	219	188
917	337	226	191
918	335	231	197
910	335	230	201
912	341	239	197
908	341	237	186
905	336	241	188
898	332	239	210
890	325	245	206
879	335	265	195
873	344	255	201
873	336	263	201
845	346	280	199
845	333	284	220
828	365	289	176
830	363	292	182
820	384	270	165
815	373	265	182
806	358	279	197
800	366	296	188
794	359	296	215
785	365	303	202
767	333	311	240
764	358	316	214
761	343	308	237
755	354	324	217
757	355	324	216
766	363	313	218
758	362	323	230
752	345	346	252
763	362	357	232
776	329	348	276
786	334	370	272
804	349	382	254
810	336	389	273
831	340	405	258
858	347	393	241
858	342	425	266
880	326	429	299
892	336	459	273
906	347	448	265
917	336	473	291
943	355	480	269
972	350	473	281
992	351	478	280
998	350	509	295
1014	365	527	280
1037	347	528	315
1056	366	540	300
1060	353	577	308
1073	358	584	318
1089	346	591	333
1079	352	610	353
1090	370	585	330
1092	348	608	368
1101	395	533	326
1101	372	540	369
1086	415	515	322
1067	411	548	335
1057	382	585	367
1025	395	631	354
1019	388	634	371
1006	402	645	352
980	380	649	399
964	367	661	413
948	366	678	433
925	395	690	417
904	423	671	382
879	414	691	381
860	407	744	408
828	424	738	395
847	413	714	425
824	425	750	418
829	435	726	409
802	441	739	436
802	443	736	435
789	432	700	489
792	429	729	489
773	455	729	491
754	443	837	429
757	449	849	383
747	469	847	403
743	475	893	347
754	464	875	390
750	455	892	359
747	473	948	331
759	475	953	364
786	480	946	330
807	487	958	326
801	485	920	392
810	504	992	327
799	517	1053	301
834	524	1018	285
847	505	1041	327
837	512	1045	307
876	505	1045	328
879	505	1038	312
906	504	1027	353
930	496	1002	357
945	505	999	353
933	514	990	350
906	493	1031	369
908	488	1012	359
928	494	1020	370
930	487	1002	383
854	501	1076	326
848	481	1069	436
913	489	970	334
874	496	997	331
842	488	1007	327
801	481	996	327
836	480	927	338
868	472	865	368
909	462	783	415
865	467	790	409
889	433	739	549
860	458	755	473
823	460	760	410
883	456	673	487
882	449	669	474
884	448	653	519
870	448	650	464
859	433	664	523
813	446	717	432
756	444	774	443
759	450	785	403
738	464	809	381
785	453	767	383
778	468	809	313
808	470	792	307
823	462	780	313
843	451	740	391
859	467	764	315
871	458	771	342
893	452	772	367
907	460	803	371
952	445	783	355
1030	506	727	290
1014	471	767	312
1041	467	781	345
1057	481	782	334
1079	495	790	331
1118	457	758	378
1144	501	766	294
1118	486	795	327
1157	487	752	339
1157	485	750	338
1140	414	740	398
1129	482	776	327
1146	480	744	289
1134	472	735	315
1123	444	733	329
1116	454	741	314
1095	409	769	355
1081	412	776	352
1077	414	728	318
1080	416	685	320
1072	435	692	307
1057	413	727	325
1049	397	663	314
1048	406	579	296
1065	405	504	318
1066	413	470	294
1070	402	479	314
1086	403	475	299
1096	401	477	303
1123	401	445	298
1103	392	469	303
1115	398	460	297
1134	399	449	285
1152	400	419	277
1146	400	408	259
1148	399	405	252
1163	396	387	251
1149	396	380	255
1158	393	367	268
1149	397	388	246
1146	393	354	247
1126	388	382	261
1141	389	339	246
1129	387	337	236
1119	389	351	222
1128	387	331	236
1131	384	323	243
1131	380	333	247
1121	371	355	259
1124	379	365	242
1141	378	395	252
1148	376	416	245
1165	370	390	241
1172	379	398	240
1172	370	411	247
1187	377	396	225
1192	374	390	230
1197	370	374	235
1193	370	361	233
1197	371	385	226
1202	370	362	229
1202	375	358	228
1190	369	373	223
1199	373	366	219
1192	371	370	218
1178	374	373	211
1180	368	361	208
1180	369	349	221
1185	367	327	205
1175	360	337	226
1175	356	331	242
1172	350	327	255
1162	353	333	210
1167	354	315	214
1166	355	311	211
1151	353	318	218
1154	345	310	248
1149	345	316	258
1146	341	302	262
1165	336	280	294
1150	324	287	310
1140	334	276	292
1151	338	275	272
1144	335	288	277
1129	335	297	270
1120	337	304	268
1158	339	245	264
1139	339	260	252
1128	345	263	238
1126	345	269	232
1121	346	259	223
1118	346	259	208
1110	344	270	214
1106	336	272	224
1113	346	261	207
1115	347	257	211
1123	346	248	200
1122	345	258	206
1133	347	248	190
1154	350	235	186
1155	352	242	178
1147	354	258	177
1148	356	257	169
1151	351	260	173
1163	358	246	165
1163	358	248	161
1159	358	252	165
1163	357	249	156
1146	364	260	152
1145	360	250	149
1147	358	251	151
1145	361	249	151
1139	366	248	141
1133	363	250	138
1139	371	245	133
1138	369	239	136
1141	370	230	132
1130	374	238	126
1128	374	230	122
1133	388	224	104
1127	376	233	121
1118	369	232	122
1127	373	219	119
1126	367	220	121
1120	371	223	118
1119	386	214	104
1121	366	216	118
1115	383	214	102
1119	362	215	123
1115	365	213	118
1114	375	206	106
1110	376	210	105
1109	381	212	99
1114	366	208	114
1107	376	203	100
1106	370	207	107
1107	380	195	93
1104	375	199	98
1109	384	186	89
1107	399	183	73
1098	401	184	68
1097	401	187	65
1091	399	187	68
1098	389	190	77
1088	399	187	67
1096	393	183	71
1091	397	186	68
1087	397	186	68
1090	397	178	62
1094	398	179	65
1104	391	177	72
1104	384	192	77
1116	386	192	73
1135	393	189	66
1154	397	192	61
1151	395	190	62
1166	397	195	59
1180	390	204	69
1188	394	197	64
1193	389	199	70
1205	395	192	60
1206	392	179	64
1212	390	172	67
1213	391	177	67
1217	393	170	59
1217	393	167	60
1249	394	153	60
1248	394	162	59
1216	394	164	57
1240	393	167	57
1215	390	160	58
1240	398	158	51
1211	377	164	70
1209	359	174	90
1217	346	157	101
1207	332	171	117
1209	327	159	117
1206	328	163	118
1206	326	162	116
1201	333	171	107
1203	337	168	104
1200	328	163	111
1200	329	158	108
1203	329	158	107
1200	328	156	112
1201	333	152	101
1197	332	152	107
1197	333	152	101
1199	332	145	97
1195	328	151	114
1194	328	153	106
1192	328	154	103
1189	330	153	107
1189	327	153	104
1190	332	146	96
1189	331	143	94
1190	329	146	97
1190	328	143	100
1185	325	147	100
1187	327	148	97
1184	325	149	107
1183	326	146	99
1182	326	148	102
1182	328	146	95
1181	325	145	96
1181	323	137	99
1181	324	134	102
1178	326	136	98
1175	325	134	94
1166	324	137	96
1162	323	126	93
1147	326	130	87
1131	322	129	94
1109	324	131	89
1083	324	129	89
1055	323	129	86
1019	319	121	96
984	316	115	98
935	316	120	97
895	322	121	86
846	322	120	87
793	327	120	80
748	332	123	75
694	320	120	94
640	332	133	80
581	349	135	62
523	351	134	60
467	350	140	63
406	355	140	59
332	354	152	63
273	355	157	64
216	356	159	66
163	355	168	69
116	354	171	76
70	337	176	92
34	331	183	102
21	330	171	103
4	332	178	107
