1483	444	32	70
1465	446	35	68
1451	450	38	68
1446	447	36	69
1436	447	41	71
1435	442	40	74
1433	440	39	78
1433	439	37	77
1434	437	38	80
1434	435	37	84
1435	436	32	83
1428	430	39	90
1424	432	42	87
1429	431	37	83
1423	429	44	90
1423	428	44	95
1423	429	42	96
1424	428	42	97
1426	428	41	95
1427	427	44	92
1429	428	43	90
1433	425	40	94
1433	426	41	92
1433	426	41	94
1435	427	39	90
1436	428	39	89
1438	429	40	88
1439	429	39	88
1442	429	38	87
1444	426	36	89
1445	425	35	92
1446	425	36	93
1448	425	34	96
1451	430	35	89
1453	430	34	91
1454	432	35	92
1457	428	35	92
1458	430	34	96
1459	434	34	90
1460	431	34	96
1461	431	33	97
1463	431	30	98
1463	430	31	102
1463	430	31	101
1465	429	30	103
1466	428	30	96
1467	429	29	93
1468	426	29	96
1468	429	30	92
1467	428	30	94
1465	429	31	98
1466	429	31	97
1466	427	31	96
1465	426	33	97
1465	431	34	92
1465	431	34	89
1463	431	35	89
1463	435	35	84
1460	433	37	84
1461	430	36	87
1455	430	43	90
1454	432	43	89
1451	431	46	90
1445	433	51	89
1445	434	50	89
1446	429	46	93
1444	434	48	89
1444	431	53	91
1443	432	49	90
1444	432	42	87
1445	430	32	87
1445	434	33	85
1445	434	33	84
1446	432	31	84
1447	430	31	87
1448	432	32	86
1448	430	32	88
1449	434	33	84
1449	439	35	80
1452	436	32	83
1454	435	32	83
1456	432	32	87
1459	430	32	92
1460	434	33	86
1462	432	34	87
1468	430	28	92
1472	432	27	87
1474	431	28	87
1478	432	27	85
1479	431	25	87
1483	430	26	84
1487	432	25	83
1493	434	24	79
1496	433	25	83
1500	435	24	81
1503	435	24	82
1505	435	25	81
1506	436	27	81
1509	437	25	82
1510	437	25	84
1513	437	23	84
1516	439	23	76
1516	440	24	77
1517	439	24	79
1518	438	24	79
1519	439	24	80
1520	441	24	72
1521	439	24	78
1522	439	24	79
1522	436	26	88
1523	436	23	86
1524	434	24	90
1525	437	23	79
1524	439	27	77
1525	439	27	79
1525	440	28	78
1525	442	30	75
1527	440	29	78
1528	440	29	79
1529	439	29	78
1533	443	26	71
1535	442	26	72
1537	441	25	74
1537	442	28	74
1537	440	29	77
1537	441	32	79
1537	440	46	79
1531	440	53	83
1531	438	50	87
1531	440	51	82
1530	440	51	83
1528	443	55	83
1528	442	56	84
1525	442	61	84
1520	442	66	85
1517	443	69	84
1513	445	68	81
1513	443	66	83
1511	443	49	80
1513	446	45	72
1512	445	46	73
1514	440	44	78
1516	439	41	77
1516	437	39	78
1515	435	39	78
1517	434	36	78
1517	433	34	77
1517	430	32	76
1517	428	30	77
1516	425	31	79
1517	420	31	81
1516	418	30	82
1515	420	28	78
1515	421	28	76
1515	421	27	74
1515	424	25	73
1514	426	27	70
1514	428	27	71
1513	429	32	72
1510	432	43	76
1512	433	39	79
1515	432	39	84
1516	438	38	76
1518	438	39	71
1520	442	38	64
1521	444	38	61
1522	443	41	62
1524	443	40	60
1525	442	42	62
1527	440	39	62
1528	440	39	66
1529	440	39	65
1530	438	38	68
1531	434	38	69
1530	431	37	75
1528	430	39	79
1524	432	40	79
1519	429	41	91
1513	430	38	86
1501	434	39	85
1487	430	40	88
1477	435	34	77
1457	434	32	74
1438	427	31	74
1417	427	31	77
1389	430	31	74
1359	431	32	71
1332	431	34	69
1294	433	39	68
1263	428	39	73
1232	425	35	82
1198	433	35	76
1175	419	26	81
1140	422	23	71
1106	429	25	68
1069	432	22	69
1032	422	20	64
1004	426	20	61
976	421	19	65
950	420	19	67
932	419	21	71
918	420	20	73
906	420	22	75
897	424	23	71
890	420	23	75
888	417	22	81
884	418	22	79
882	419	22	77
881	420	22	77
880	418	22	82
880	420	23	81
879	420	23	79
881	422	22	77
881	422	22	81
881	422	22	83
881	421	23	86
881	423	23	81
880	422	24	79
881	422	24	79
881	423	24	79
881	424	24	76
879	422	25	78
879	422	24	80
879	420	24	85
879	421	23	79
878	422	25	77
877	421	23	82
876	422	24	81
876	422	24	83
876	424	25	79
875	424	25	79
875	423	25	81
876	424	25	79
875	423	25	81
874	422	27	87
874	423	27	82
874	424	25	81
874	424	25	81
874	424	23	83
873	424	23	85
873	424	22	87
874	423	20	83
873	424	20	83
874	425	19	86
873	425	19	89
873	426	18	83
873	425	17	81
873	426	18	78
873	424	18	82
872	425	17	77
871	425	19	78
871	425	20	80
870	425	20	85
869	426	21	82
868	427	23	86
867	426	23	87
865	427	23	90
867	426	23	84
865	428	23	83
866	427	23	84
865	428	24	83
865	427	24	83
864	427	25	84
865	427	24	82
865	428	25	79
865	427	25	83
865	427	26	84
867	428	25	83
871	426	24	85
877	426	24	83
887	427	25	80
899	426	26	83
914	427	28	83
933	427	27	77
957	425	26	87
982	424	26	93
1008	426	27	86
1039	425	27	89
1067	428	28	85
1102	427	30	94
1137	431	29	85
1172	437	29	73
1209	436	29	77
1246	441	35	75
1285	441	34	76
1325	442	34	77
1369	443	31	82
1412	442	34	86
1455	443	36	90
1491	444	37	95
1524	446	37	97
1555	448	36	99
1576	449	34	97
1593	452	38	98
1609	451	35	103
1618	452	36	100
1626	454	36	94
1632	451	35	95
1634	454	36	94
1636	454	36	95
1638	455	33	97
1638	454	35	101
1637	452	35	107
1637	454	36	107
1637	453	32	112
1637	455	34	106
1636	455	34	103
1637	454	33	101
1636	455	32	100
1637	456	33	100
1636	455	33	104
1634	457	36	99
1633	456	37	96
1632	459	37	95
1631	457	39	99
1631	458	37	97
1630	456	41	97
1628	458	41	96
1628	457	41	99
1627	458	39	103
1628	458	40	96
1627	459	42	90
1626	457	43	94
1625	458	42	96
1625	459	42	95
1624	459	41	99
1626	460	39	92
1626	460	38	93
1626	462	34	92
1625	464	35	92
1625	465	32	92
1624	466	31	95
1624	467	30	95
1623	470	28	93
1622	471	30	91
1621	475	29	85
1620	474	29	88
1620	477	28	88
1618	477	28	94
1617	478	28	96
1617	480	31	95
1617	479	30	96
1616	482	30	95
1616	483	30	95
1615	483	30	95
1612	483	33	99
1613	483	33	98
1610	485	35	97
1610	484	35	98
1610	483	35	98
1608	482	37	103
1607	482	36	103
1607	481	38	101
1606	481	37	103
1605	482	37	99
1604	482	37	97
1603	482	37	96
1602	482	35	95
1602	481	34	97
1601	483	34	95
1600	481	34	98
1598	482	36	98
1599	482	34	94
1599	482	33	95
1598	485	33	93
1599	482	35	95
1599	485	34	91
1598	483	35	97
1598	483	34	97
1598	483	36	98
1597	482	36	103
1598	484	36	99
1598	482	35	103
1598	482	35	103
1597	479	35	106
1597	481	36	104
1597	479	35	102
1596	480	38	101
1597	480	36	99
1597	479	34	102
1597	477	35	101
1598	477	34	105
1598	477	34	102
1597	477	35	99
1597	477	35	99
1597	477	35	94
1596	475	35	96
1596	476	35	90
1595	475	36	91
1591	474	37	99
1584	473	36	101
1578	470	35	106
1567	467	35	102
1550	471	35	95
1535	467	33	96
1515	468	32	92
1492	466	32	86
1465	460	30	94
1436	458	29	91
1407	456	30	90
1370	455	30	85
1334	456	29	79
1304	456	27	78
1261	458	26	74
1226	455	27	73
1187	450	26	80
1149	446	26	85
1119	446	25	81
1092	445	24	83
1070	442	26	89
1053	443	25	82
1038	446	24	80
1029	443	24	83
1021	444	23	78
1014	443	24	78
1011	442	22	81
1009	443	22	81
1007	441	22	87
1007	443	23	86
1006	446	23	79
1006	445	23	85
1007	445	23	84
1008	444	22	85
1007	444	24	85
1008	444	23	84
1008	445	24	82
1009	445	23	82
1010	444	23	83
1010	445	24	82
1010	447	24	78
1010	447	24	80
1010	447	24	78
1010	447	24	83
1009	447	24	85
1008	447	26	90
1009	446	26	90
1009	448	24	85
1009	446	21	91
1009	447	21	95
1010	446	20	93
1010	448	20	96
1010	452	19	93
1010	454	19	90
1010	454	19	89
1010	456	19	88
1009	454	19	89
1010	453	18	89
1010	455	18	86
1009	456	19	83
1008	456	19	82
1007	455	20	78
1005	454	22	81
1005	455	22	83
1005	453	22	86
1003	455	24	85
1002	454	25	86
1002	451	24	87
1001	450	24	87
1000	453	27	83
999	454	29	80
997	452	29	85
997	448	27	91
997	447	25	90
996	453	25	83
995	452	25	81
994	452	26	79
994	454	26	78
993	454	27	79
992	453	27	80
992	451	26	81
992	451	25	81
991	451	25	81
990	453	26	80
989	451	25	83
989	452	24	82
989	453	25	83
989	452	23	82
989	452	24	84
989	452	22	81
987	452	25	84
989	451	25	87
987	448	25	92
988	450	26	88
988	452	25	87
988	451	25	88
989	451	24	87
989	449	24	91
990	445	22	94
989	451	23	86
990	451	22	82
989	452	23	81
989	452	22	84
989	452	22	81
989	455	22	79
989	454	19	79
989	454	20	76
989	454	19	78
989	455	19	78
988	458	20	76
988	457	19	74
987	460	20	72
988	461	18	70
987	460	18	73
987	461	19	72
986	461	19	73
987	459	18	76
987	460	17	73
987	458	17	78
988	456	17	81
988	456	18	86
988	459	18	83
990	460	17	80
990	459	18	83
991	460	18	84
991	462	19	82
992	462	20	83
992	460	22	86
993	459	24	89
994	460	25	90
995	462	26	88
995	460	27	91
997	458	26	93
998	457	28	97
1000	458	27	94
1003	459	25	95
1006	461	24	93
1007	463	25	90
1010	465	23	86
1014	467	22	82
1017	468	20	82
1019	466	20	87
1020	466	22	89
1024	468	21	86
1027	469	20	86
1030	469	19	84
1033	470	20	83
1036	470	21	87
1038	471	23	95
1041	471	23	98
1045	473	25	92
1048	474	25	91
1050	475	26	87
1054	473	26	89
1057	474	27	92
1060	475	28	91
1064	477	28	89
1067	477	28	88
1071	476	27	94
1075	477	27	91
1081	475	24	93
1085	475	24	96
1089	477	24	94
1094	478	23	87
1099	480	22	86
1103	479	22	91
1109	478	20	93
1112	478	22	94
1118	480	21	92
1122	481	22	98
1127	481	24	95
1131	482	25	99
1136	483	25	101
1141	483	26	103
1146	484	27	103
1150	486	27	100
1155	486	27	103
1159	488	28	98
1164	489	27	101
1168	490	28	99
1173	490	27	101
1178	490	27	98
1185	490	25	101
1190	492	25	99
1195	492	25	99
1200	492	26	101
1203	495	28	98
1206	497	29	95
1212	495	29	101
1215	498	29	95
1220	495	28	101
1224	497	31	101
1229	498	30	100
1234	498	32	102
1239	501	29	96
1244	502	29	98
1248	502	31	102
1252	504	30	98
1254	507	32	101
1253	505	38	104
1253	494	44	119
1262	492	38	121
1269	492	36	119
1277	499	34	123
1279	496	39	129
1283	495	45	134
1286	504	52	122
1289	509	58	118
1293	507	41	119
1301	511	32	118
1304	512	31	116
1309	515	30	110
1312	517	30	108
1314	518	32	110
1317	522	33	106
1322	522	31	109
1325	523	32	108
1329	525	32	110
1333	523	31	111
1336	524	33	113
1340	524	32	117
1343	527	32	115
1346	528	32	114
1351	530	31	115
1353	532	31	113
1358	535	30	106
1362	534	29	113
1365	538	30	110
1369	539	30	114
1372	537	30	122
1376	536	28	119
1377	534	31	124
1382	538	31	119
1383	539	33	121
1386	540	34	118
1389	542	34	113
1390	541	34	122
1396	545	34	124
1398	548	35	126
1404	546	34	124
1407	552	34	127
1412	556	33	126
1414	559	35	120
1417	559	34	123
1421	564	34	122
1424	570	35	117
1426	570	35	118
1427	571	37	118
1426	572	37	114
1431	571	33	117
1429	570	36	120
1431	572	35	122
1431	572	34	120
1431	568	34	126
1431	570	34	119
1431	571	32	114
1429	566	33	117
1429	564	35	119
1426	563	35	122
1427	562	34	119
1423	565	39	116
1421	567	40	114
1419	569	42	109
1415	569	46	110
1418	567	43	110
1420	563	39	112
1417	560	44	117
1417	555	43	125
1416	554	42	124
1416	552	43	127
1414	552	45	130
1413	555	44	123
1413	555	45	125
1412	553	46	132
1411	552	46	135
1410	555	45	130
1407	553	47	136
1407	553	47	132
1406	550	46	140
1404	551	46	142
1402	550	49	147
1403	552	49	149
1403	549	49	161
1403	548	48	166
1405	548	46	173
1399	546	51	163
1407	550	43	151
1405	552	44	144
1406	552	43	139
1404	553	41	130
1403	553	43	130
1404	553	39	122
1400	554	40	126
1394	555	41	129
1389	551	38	133
1376	551	40	130
1365	550	42	131
1352	548	38	129
1331	547	37	128
1312	545	38	129
1290	548	37	124
1268	549	37	119
1242	542	35	118
1218	541	35	118
1201	538	35	119
1181	537	35	116
1167	537	34	112
1158	534	34	113
1148	533	35	114
1143	532	34	113
1138	531	33	112
1135	532	32	110
1133	528	33	114
1133	527	32	115
1132	528	33	113
1134	527	34	116
1132	528	34	113
1133	527	35	112
1132	526	35	116
1134	526	36	112
1133	526	38	114
1134	524	36	118
1135	523	38	122
1135	524	40	117
1137	522	38	125
1137	524	38	129
1139	521	39	137
1142	521	37	132
1143	519	37	136
1145	520	36	132
1148	521	34	126
1147	519	35	118
1151	519	34	112
1153	520	36	111
1159	521	35	107
1168	520	36	112
1183	519	37	113
1201	526	43	105
1223	530	45	100
1251	532	44	97
1288	535	45	95
1320	539	47	91
1362	542	48	89
1411	549	45	88
1461	553	44	81
1524	560	42	77
1575	563	40	82
1642	570	39	86
1708	579	42	83
1760	582	49	86
1832	589	49	94
1882	600	40	91
