1306	310	25	57
1305	308	22	59
1304	305	22	65
1303	305	22	67
1299	309	26	64
1298	309	25	64
1296	313	26	62
1295	310	24	64
1294	313	24	63
1294	314	22	63
1293	316	21	62
1290	317	21	62
1289	318	23	61
1286	321	24	58
1284	323	24	57
1283	323	23	57
1282	323	22	56
1279	325	25	56
1274	324	29	59
1269	323	36	59
1268	322	34	60
1266	323	35	61
1264	326	33	56
1265	323	29	60
1262	325	30	59
1264	326	24	58
1263	323	22	61
1260	323	24	61
1259	323	23	61
1258	325	23	60
1257	330	22	55
1254	325	24	61
1253	328	24	59
1252	324	25	62
1250	326	26	60
1248	327	28	62
1248	328	27	59
1248	328	26	59
1247	329	26	59
1247	331	23	54
1246	331	23	57
1245	329	24	58
1244	329	22	57
1244	327	21	58
1244	326	20	59
1243	324	21	63
1243	325	20	61
1242	324	19	64
1240	326	21	65
1240	327	21	62
1240	330	20	58
1239	332	20	55
1239	333	19	55
1238	333	20	57
1237	331	20	59
1237	331	19	59
1236	332	19	58
1235	333	20	59
1235	332	19	58
1234	332	19	59
1234	333	19	59
1233	335	20	57
1231	336	21	57
1231	337	22	54
1230	336	21	56
1228	337	22	55
1227	336	23	57
1226	336	23	56
1225	334	24	59
1224	334	24	59
1223	336	24	59
1223	335	24	60
1223	337	23	57
1222	337	23	56
1221	334	23	60
1222	334	22	60
1221	333	22	61
1221	336	21	59
1220	334	22	59
1220	335	21	61
1220	335	20	62
1220	332	20	65
1218	334	21	60
1219	333	21	65
1219	333	21	65
1219	333	20	66
1219	332	21	65
1219	333	21	65
1219	336	21	59
1219	336	21	59
1219	337	20	60
1219	336	20	61
1219	334	20	62
1219	334	20	64
1219	333	21	65
1219	334	21	65
1219	335	21	61
1218	336	22	62
1219	335	20	60
1218	333	20	64
1218	333	20	66
1218	333	20	65
1217	334	21	62
1217	334	21	67
1216	336	22	64
1217	334	20	62
1216	333	21	65
1216	335	21	62
1215	334	21	65
1216	336	21	63
1215	337	20	59
1215	337	21	60
1215	336	20	62
1214	337	21	60
1214	336	21	61
1214	336	21	62
1215	334	20	65
1214	333	21	70
1214	332	23	69
1215	332	20	71
1214	335	21	71
1215	334	22	70
1215	335	22	67
1214	341	20	62
1214	341	21	60
1215	339	20	64
1214	340	20	63
1215	341	20	62
1215	339	19	62
1215	340	20	63
1215	338	20	65
1214	340	20	62
1214	342	21	60
1213	342	21	58
1214	341	21	58
1214	338	20	61
1214	339	20	59
1215	338	19	61
1215	337	20	60
1216	337	19	62
1216	338	19	62
1217	337	19	62
1217	339	18	60
1216	340	20	58
1216	340	20	58
1216	339	19	60
1217	340	19	57
1217	340	18	58
1217	342	19	55
1217	341	18	57
1217	339	18	60
1217	339	18	60
1217	339	18	59
1216	338	20	61
1215	336	20	62
1215	340	20	57
1214	339	21	57
1214	335	17	62
1213	333	17	65
1212	332	17	65
1211	332	17	66
1210	333	17	62
1209	334	17	61
1208	333	16	63
1206	333	18	63
1206	334	17	63
1205	335	16	62
1204	338	17	60
1202	339	16	59
1201	341	16	56
1199	341	16	57
1198	340	16	58
1196	339	16	57
1195	337	17	61
1192	335	17	64
1191	335	17	63
1188	334	19	62
1185	334	21	59
1184	329	20	62
1182	330	20	61
1180	330	21	59
1177	330	23	59
1174	329	24	60
1171	331	24	58
1169	332	25	56
1166	334	25	56
1163	337	25	53
1158	337	27	54
1153	340	27	55
1148	341	31	54
1146	341	29	53
1140	341	32	54
1135	342	37	51
1132	340	38	53
1131	341	36	52
1129	341	38	51
1126	341	39	50
1125	339	39	52
1125	338	37	55
1126	333	32	58
1124	335	33	56
1124	331	32	64
1125	330	30	66
1126	330	28	66
1126	331	27	64
1126	328	26	65
1125	329	25	65
1125	327	25	67
1125	328	23	68
1125	329	22	69
1125	331	20	69
1124	329	21	69
1125	331	19	68
1124	330	18	69
1122	330	19	68
1122	329	20	68
1120	326	21	69
1119	327	22	66
1118	328	22	63
1115	328	25	66
1114	326	24	70
1112	327	27	66
1112	328	26	68
1111	330	24	65
1109	334	25	60
1109	333	21	60
1109	332	19	59
1108	330	18	61
1107	333	17	56
1106	333	17	55
1106	333	17	56
1105	334	18	55
1105	333	17	54
1102	331	19	57
1100	332	23	57
1099	335	21	53
1098	331	26	55
1099	335	19	53
1098	333	19	54
1098	330	19	56
1097	332	17	56
1096	329	18	57
1095	328	18	58
1094	329	19	58
1093	327	20	58
1091	326	20	62
1091	326	21	61
1090	327	20	62
1089	329	19	58
1088	330	19	58
1087	330	19	58
1087	329	18	58
1086	329	17	59
1085	328	17	59
1084	331	16	58
1082	329	17	59
1080	326	18	58
1079	328	18	56
1077	325	19	63
1076	325	20	64
1074	324	20	62
1072	324	25	63
1071	326	24	61
1070	324	23	62
1067	325	26	61
1066	324	25	61
1064	323	26	63
1063	324	25	61
1061	323	25	60
1060	321	26	63
1059	318	24	65
1059	317	27	64
1059	318	24	64
1059	319	24	63
1059	318	25	63
1059	317	25	62
1059	319	25	61
1059	320	25	62
1059	319	24	65
1061	318	24	66
1060	318	25	65
1059	318	26	71
1060	320	25	68
1060	321	23	63
1060	318	23	67
1060	315	23	69
1060	316	24	70
1059	313	24	74
1059	315	25	73
1059	303	25	82
1057	304	28	84
1056	304	28	82
1055	304	29	83
1057	303	28	86
1056	305	29	82
1054	306	31	79
1056	307	29	78
1058	308	27	76
1059	313	26	72
1061	316	24	67
1061	318	25	68
1062	319	24	64
1062	320	24	65
1062	320	24	65
1063	319	24	66
1065	320	23	64
1066	320	22	63
1066	318	23	66
1068	319	22	66
1066	320	25	65
1068	319	25	68
1069	319	24	68
1068	320	25	68
1070	319	24	69
1070	320	25	67
1069	318	24	71
1069	320	26	68
1069	319	26	70
1071	317	25	66
1071	320	22	69
1072	323	21	68
1073	326	21	73
1074	323	21	70
1075	324	24	68
1075	324	25	65
1077	327	26	65
1077	327	24	63
1075	326	27	64
1073	324	28	65
1070	324	29	64
1067	327	29	60
1065	325	27	61
1061	328	27	58
1053	326	32	61
1049	325	31	58
1042	326	31	57
1034	322	32	62
1024	318	35	66
1021	320	30	63
1014	319	28	63
1008	319	27	60
999	321	27	58
993	323	24	55
984	320	23	58
976	319	22	62
971	318	20	63
962	319	20	63
955	319	19	59
947	319	18	56
939	319	16	55
932	318	15	56
924	317	14	57
915	318	14	58
908	317	15	61
899	318	15	59
890	318	15	58
881	317	16	59
871	319	16	56
864	320	17	55
854	320	17	55
845	321	20	54
838	319	17	59
828	319	18	57
821	319	16	57
812	318	18	58
803	320	18	56
797	320	16	55
787	320	18	57
779	319	19	57
770	320	19	56
761	319	19	59
752	320	19	60
743	320	21	59
733	321	22	57
725	323	24	55
716	323	25	55
710	323	26	56
703	322	28	58
699	323	26	55
697	322	24	58
695	321	22	60
693	320	22	60
692	322	22	57
692	321	22	58
691	319	21	58
692	317	21	61
693	315	20	63
693	315	20	61
693	317	21	60
693	319	20	56
692	319	24	59
693	322	19	55
692	318	22	60
693	320	22	57
693	320	19	59
693	320	20	57
693	321	21	56
693	319	21	59
693	320	21	57
693	318	23	59
692	317	22	61
693	320	23	57
691	317	24	63
687	311	29	68
690	317	27	64
690	316	25	65
690	314	24	66
690	314	24	66
690	314	24	67
689	314	25	66
690	312	25	68
689	311	24	72
689	312	23	68
691	315	22	71
691	313	21	75
691	312	21	72
691	311	22	74
692	313	21	71
691	316	23	69
691	318	22	69
692	320	22	66
691	322	22	63
691	323	23	61
690	324	25	60
690	324	24	61
688	323	25	59
689	325	24	55
688	325	25	55
685	322	25	58
684	321	26	59
683	322	24	57
682	323	23	56
680	322	23	56
678	321	23	58
676	322	22	55
673	322	23	58
670	320	23	59
668	321	23	58
664	320	22	61
661	323	21	59
656	322	24	58
652	322	23	60
649	323	23	58
643	323	25	59
639	323	25	60
634	320	26	63
630	322	25	60
625	322	24	61
621	323	24	60
615	321	26	64
610	322	27	62
604	322	27	64
601	321	26	64
594	323	27	63
588	322	29	66
583	318	28	71
577	316	28	73
572	317	27	73
568	320	25	70
560	322	25	67
555	324	26	64
550	325	25	64
542	326	25	63
538	327	23	62
532	327	23	61
524	328	25	61
518	329	25	62
511	329	25	62
505	328	25	63
497	326	26	66
490	327	26	65
482	326	28	67
475	328	28	65
467	328	29	64
458	328	30	65
450	330	29	64
443	331	31	64
434	330	31	66
424	329	32	66
417	332	32	65
408	331	32	65
399	331	32	67
390	331	31	68
380	330	32	69
371	332	35	70
361	331	37	71
352	332	33	68
340	331	39	72
331	333	35	68
321	336	37	68
310	333	36	70
300	332	34	72
289	334	37	72
277	334	40	72
266	336	41	71
254	335	41	71
242	336	42	72
230	336	44	71
218	336	46	72
204	337	53	75
192	338	59	73
182	337	52	74
172	337	52	75
161	338	43	75
150	337	42	76
137	340	44	72
123	340	45	75
114	340	43	73
101	342	41	72
89	339	40	77
76	341	39	75
63	343	39	73
49	342	39	76
36	344	40	73
21	342	39	75
6	343	41	76
